# 2MASS - K-BAND (Cohen et al. 2003)
 2.399E+00   0.000E+00
 2.384E+00   2.416E-17
 2.375E+00   1.247E-16
 2.370E+00   1.781E-16
 2.363E+00   4.450E-17
 2.361E+00   4.062E-16
 2.352E+00   7.022E-16
 2.346E+00   1.840E-15
 2.344E+00   2.020E-15
 2.339E+00   2.562E-15
 2.335E+00   3.709E-15
 2.328E+00   5.476E-15
 2.325E+00   8.084E-15
 2.320E+00   9.667E-15
 2.316E+00   1.369E-14
 2.311E+00   2.070E-14
 2.306E+00   2.638E-14
 2.299E+00   3.334E-14
 2.297E+00   3.910E-14
 2.295E+00   4.207E-14
 2.293E+00   4.781E-14
 2.291E+00   4.997E-14
 2.286E+00   5.603E-14
 2.284E+00   5.302E-14
 2.281E+00   5.289E-14
 2.277E+00   5.839E-14
 2.276E+00   5.416E-14
 2.272E+00   5.755E-14
 2.270E+00   5.833E-14
 2.265E+00   5.726E-14
 2.263E+00   5.945E-14
 2.260E+00   5.822E-14
 2.256E+00   5.715E-14
 2.248E+00   5.847E-14
 2.237E+00   5.836E-14
 2.232E+00   5.735E-14
 2.218E+00   5.855E-14
 2.213E+00   5.874E-14
 2.208E+00   5.829E-14
 2.197E+00   5.623E-14
 2.185E+00   5.010E-14
 2.176E+00   5.486E-14
 2.169E+00   5.356E-14
 2.155E+00   5.509E-14
 2.145E+00   5.510E-14
 2.138E+00   5.463E-14
 2.124E+00   5.323E-14
 2.120E+00   5.083E-14
 2.113E+00   5.219E-14
 2.106E+00   5.133E-14
 2.099E+00   4.892E-14
 2.089E+00   4.864E-14
 2.082E+00   4.684E-14
 2.075E+00   4.099E-14
 2.072E+00   4.313E-14
 2.061E+00   3.716E-14
 2.045E+00   4.438E-14
 2.037E+00   4.548E-14
 2.028E+00   3.691E-14
 2.019E+00   2.001E-14
 2.014E+00   2.368E-14
 2.008E+00   1.751E-14
 1.998E+00   1.391E-14
 1.990E+00   1.131E-14
 1.989E+00   1.475E-14
 1.981E+00   9.082E-15
 1.976E+00   5.191E-15
 1.969E+00   2.507E-15
 1.962E+00   1.171E-15
 1.957E+00   7.053E-16
 1.948E+00   3.196E-16
 1.939E+00   2.943E-17
 1.934E+00   9.455E-18
 1.927E+00   9.572E-19
 1.915E+00   4.852E-19
 1.900   0.                                        
