#1828 F9 24.2
   2.89691E+01   2.30000E-03
   2.89631E+01   2.40000E-03
   2.89571E+01   2.40000E-03
   2.89511E+01   2.40000E-03
   2.89451E+01   2.40000E-03
   2.89391E+01   2.40000E-03
   2.89331E+01   2.40000E-03
   2.89271E+01   2.40000E-03
   2.89211E+01   2.40000E-03
   2.89151E+01   2.50000E-03
   2.89091E+01   2.50000E-03
   2.89031E+01   2.50000E-03
   2.88971E+01   2.50000E-03
   2.88911E+01   2.50000E-03
   2.88851E+01   2.50000E-03
   2.88791E+01   2.50000E-03
   2.88731E+01   2.50000E-03
   2.88671E+01   2.60000E-03
   2.88611E+01   2.60000E-03
   2.88551E+01   2.60000E-03
   2.88491E+01   2.60000E-03
   2.88431E+01   2.60000E-03
   2.88371E+01   2.60000E-03
   2.88311E+01   2.60000E-03
   2.88251E+01   2.60000E-03
   2.88191E+01   2.60000E-03
   2.88131E+01   2.60000E-03
   2.88071E+01   2.60000E-03
   2.88011E+01   2.70000E-03
   2.87951E+01   2.70000E-03
   2.87891E+01   2.70000E-03
   2.87831E+01   2.70000E-03
   2.87771E+01   2.70000E-03
   2.87711E+01   2.70000E-03
   2.87651E+01   2.70000E-03
   2.87591E+01   2.70000E-03
   2.87531E+01   2.70000E-03
   2.87471E+01   2.70000E-03
   2.87411E+01   2.70000E-03
   2.87351E+01   2.70000E-03
   2.87291E+01   2.70000E-03
   2.87231E+01   2.80000E-03
   2.87171E+01   2.80000E-03
   2.87111E+01   2.80000E-03
   2.87051E+01   2.80000E-03
   2.86991E+01   2.80000E-03
   2.86931E+01   2.80000E-03
   2.86871E+01   2.80000E-03
   2.86811E+01   2.80000E-03
   2.86751E+01   2.80000E-03
   2.86691E+01   2.80000E-03
   2.86631E+01   2.90000E-03
   2.86571E+01   2.90000E-03
   2.86511E+01   2.90000E-03
   2.86451E+01   2.90000E-03
   2.86391E+01   2.90000E-03
   2.86331E+01   2.90000E-03
   2.86271E+01   2.90000E-03
   2.86211E+01   3.00000E-03
   2.86151E+01   3.00000E-03
   2.86091E+01   3.00000E-03
   2.86031E+01   3.00000E-03
   2.85971E+01   3.00000E-03
   2.85911E+01   3.10000E-03
   2.85851E+01   3.10000E-03
   2.85791E+01   3.10000E-03
   2.85731E+01   3.10000E-03
   2.85671E+01   3.10000E-03
   2.85611E+01   3.20000E-03
   2.85551E+01   3.20000E-03
   2.85491E+01   3.20000E-03
   2.85431E+01   3.20000E-03
   2.85371E+01   3.30000E-03
   2.85311E+01   3.30000E-03
   2.85251E+01   3.30000E-03
   2.85191E+01   3.30000E-03
   2.85131E+01   3.30000E-03
   2.85071E+01   3.40000E-03
   2.85011E+01   3.40000E-03
   2.84951E+01   3.40000E-03
   2.84891E+01   3.40000E-03
   2.84831E+01   3.50000E-03
   2.84771E+01   3.50000E-03
   2.84711E+01   3.50000E-03
   2.84651E+01   3.50000E-03
   2.84591E+01   3.60000E-03
   2.84531E+01   3.60000E-03
   2.84471E+01   3.60000E-03
   2.84411E+01   3.70000E-03
   2.84351E+01   3.70000E-03
   2.84291E+01   3.70000E-03
   2.84231E+01   3.70000E-03
   2.84171E+01   3.80000E-03
   2.84111E+01   3.80000E-03
   2.84051E+01   3.80000E-03
   2.83991E+01   3.80000E-03
   2.83931E+01   3.90000E-03
   2.83871E+01   3.90000E-03
   2.83811E+01   3.90000E-03
   2.83751E+01   4.00000E-03
   2.83691E+01   4.00000E-03
   2.83631E+01   4.00000E-03
   2.83571E+01   4.10000E-03
   2.83511E+01   4.10000E-03
   2.83451E+01   4.10000E-03
   2.83391E+01   4.20000E-03
   2.83331E+01   4.20000E-03
   2.83271E+01   4.20000E-03
   2.83211E+01   4.30000E-03
   2.83151E+01   4.30000E-03
   2.83091E+01   4.30000E-03
   2.83031E+01   4.40000E-03
   2.82971E+01   4.40000E-03
   2.82911E+01   4.50000E-03
   2.82851E+01   4.50000E-03
   2.82791E+01   4.60000E-03
   2.82731E+01   4.60000E-03
   2.82671E+01   4.60000E-03
   2.82611E+01   4.70000E-03
   2.82551E+01   4.70000E-03
   2.82491E+01   4.80000E-03
   2.82431E+01   4.80000E-03
   2.82371E+01   4.90000E-03
   2.82311E+01   4.90000E-03
   2.82251E+01   4.90000E-03
   2.82191E+01   5.00000E-03
   2.82131E+01   5.00000E-03
   2.82071E+01   5.10000E-03
   2.82011E+01   5.10000E-03
   2.81951E+01   5.20000E-03
   2.81891E+01   5.20000E-03
   2.81831E+01   5.30000E-03
   2.81771E+01   5.30000E-03
   2.81711E+01   5.30000E-03
   2.81651E+01   5.40000E-03
   2.81591E+01   5.40000E-03
   2.81531E+01   5.50000E-03
   2.81471E+01   5.50000E-03
   2.81411E+01   5.50000E-03
   2.81351E+01   5.60000E-03
   2.81291E+01   5.60000E-03
   2.81231E+01   5.70000E-03
   2.81171E+01   5.70000E-03
   2.81111E+01   5.70000E-03
   2.81051E+01   5.80000E-03
   2.80991E+01   5.80000E-03
   2.80931E+01   5.90000E-03
   2.80871E+01   5.90000E-03
   2.80811E+01   5.90000E-03
   2.80751E+01   6.00000E-03
   2.80691E+01   6.00000E-03
   2.80631E+01   6.10000E-03
   2.80571E+01   6.10000E-03
   2.80511E+01   6.20000E-03
   2.80451E+01   6.20000E-03
   2.80391E+01   6.30000E-03
   2.80331E+01   6.30000E-03
   2.80271E+01   6.40000E-03
   2.80211E+01   6.40000E-03
   2.80151E+01   6.50000E-03
   2.80091E+01   6.50000E-03
   2.80031E+01   6.60000E-03
   2.79971E+01   6.60000E-03
   2.79911E+01   6.70000E-03
   2.79851E+01   6.80000E-03
   2.79791E+01   6.80000E-03
   2.79731E+01   6.90000E-03
   2.79671E+01   7.00000E-03
   2.79611E+01   7.00000E-03
   2.79551E+01   7.10000E-03
   2.79491E+01   7.20000E-03
   2.79431E+01   7.20000E-03
   2.79371E+01   7.30000E-03
   2.79311E+01   7.40000E-03
   2.79251E+01   7.40000E-03
   2.79191E+01   7.50000E-03
   2.79131E+01   7.60000E-03
   2.79071E+01   7.60000E-03
   2.79011E+01   7.70000E-03
   2.78951E+01   7.80000E-03
   2.78891E+01   7.90000E-03
   2.78831E+01   7.90000E-03
   2.78771E+01   8.00000E-03
   2.78711E+01   8.10000E-03
   2.78651E+01   8.10000E-03
   2.78591E+01   8.20000E-03
   2.78531E+01   8.30000E-03
   2.78471E+01   8.30000E-03
   2.78411E+01   8.40000E-03
   2.78351E+01   8.50000E-03
   2.78291E+01   8.60000E-03
   2.78231E+01   8.60000E-03
   2.78171E+01   8.70000E-03
   2.78111E+01   8.80000E-03
   2.78051E+01   8.80000E-03
   2.77991E+01   8.90000E-03
   2.77931E+01   9.00000E-03
   2.77871E+01   9.10000E-03
   2.77811E+01   9.10000E-03
   2.77751E+01   9.20000E-03
   2.77691E+01   9.30000E-03
   2.77631E+01   9.30000E-03
   2.77571E+01   9.40000E-03
   2.77511E+01   9.50000E-03
   2.77451E+01   9.60000E-03
   2.77391E+01   9.70000E-03
   2.77331E+01   9.70000E-03
   2.77271E+01   9.80000E-03
   2.77211E+01   9.90000E-03
   2.77151E+01   1.00000E-02
   2.77091E+01   1.01000E-02
   2.77031E+01   1.01000E-02
   2.76971E+01   1.02000E-02
   2.76911E+01   1.03000E-02
   2.76851E+01   1.04000E-02
   2.76791E+01   1.05000E-02
   2.76731E+01   1.06000E-02
   2.76671E+01   1.07000E-02
   2.76611E+01   1.08000E-02
   2.76551E+01   1.08000E-02
   2.76491E+01   1.09000E-02
   2.76431E+01   1.10000E-02
   2.76371E+01   1.11000E-02
   2.76311E+01   1.12000E-02
   2.76251E+01   1.13000E-02
   2.76191E+01   1.14000E-02
   2.76131E+01   1.15000E-02
   2.76071E+01   1.16000E-02
   2.76011E+01   1.17000E-02
   2.75951E+01   1.18000E-02
   2.75891E+01   1.19000E-02
   2.75831E+01   1.20000E-02
   2.75771E+01   1.21000E-02
   2.75711E+01   1.22000E-02
   2.75651E+01   1.23000E-02
   2.75591E+01   1.24000E-02
   2.75531E+01   1.25000E-02
   2.75471E+01   1.26000E-02
   2.75411E+01   1.27000E-02
   2.75351E+01   1.27000E-02
   2.75291E+01   1.28000E-02
   2.75231E+01   1.29000E-02
   2.75171E+01   1.30000E-02
   2.75111E+01   1.31000E-02
   2.75051E+01   1.32000E-02
   2.74991E+01   1.33000E-02
   2.74931E+01   1.34000E-02
   2.74871E+01   1.35000E-02
   2.74811E+01   1.37000E-02
   2.74751E+01   1.38000E-02
   2.74691E+01   1.39000E-02
   2.74631E+01   1.40000E-02
   2.74571E+01   1.41000E-02
   2.74511E+01   1.42000E-02
   2.74451E+01   1.43000E-02
   2.74391E+01   1.44000E-02
   2.74331E+01   1.45000E-02
   2.74271E+01   1.46000E-02
   2.74211E+01   1.47000E-02
   2.74151E+01   1.48000E-02
   2.74091E+01   1.49000E-02
   2.74031E+01   1.51000E-02
   2.73971E+01   1.52000E-02
   2.73911E+01   1.53000E-02
   2.73851E+01   1.54000E-02
   2.73791E+01   1.55000E-02
   2.73731E+01   1.56000E-02
   2.73671E+01   1.58000E-02
   2.73611E+01   1.59000E-02
   2.73551E+01   1.60000E-02
   2.73491E+01   1.61000E-02
   2.73431E+01   1.62000E-02
   2.73371E+01   1.63000E-02
   2.73311E+01   1.65000E-02
   2.73251E+01   1.66000E-02
   2.73191E+01   1.67000E-02
   2.73131E+01   1.68000E-02
   2.73071E+01   1.69000E-02
   2.73011E+01   1.70000E-02
   2.72951E+01   1.71000E-02
   2.72891E+01   1.72000E-02
   2.72831E+01   1.73000E-02
   2.72771E+01   1.75000E-02
   2.72711E+01   1.76000E-02
   2.72651E+01   1.77000E-02
   2.72591E+01   1.78000E-02
   2.72531E+01   1.79000E-02
   2.72471E+01   1.80000E-02
   2.72411E+01   1.81000E-02
   2.72351E+01   1.82000E-02
   2.72291E+01   1.83000E-02
   2.72231E+01   1.84000E-02
   2.72171E+01   1.85000E-02
   2.72111E+01   1.86000E-02
   2.72051E+01   1.87000E-02
   2.71991E+01   1.88000E-02
   2.71931E+01   1.89000E-02
   2.71871E+01   1.90000E-02
   2.71811E+01   1.91000E-02
   2.71751E+01   1.93000E-02
   2.71691E+01   1.94000E-02
   2.71631E+01   1.95000E-02
   2.71571E+01   1.96000E-02
   2.71511E+01   1.97000E-02
   2.71451E+01   1.98000E-02
   2.71391E+01   2.00000E-02
   2.71331E+01   2.01000E-02
   2.71271E+01   2.02000E-02
   2.71211E+01   2.04000E-02
   2.71151E+01   2.05000E-02
   2.71091E+01   2.06000E-02
   2.71031E+01   2.08000E-02
   2.70971E+01   2.09000E-02
   2.70911E+01   2.11000E-02
   2.70851E+01   2.12000E-02
   2.70791E+01   2.13000E-02
   2.70731E+01   2.15000E-02
   2.70671E+01   2.16000E-02
   2.70611E+01   2.18000E-02
   2.70551E+01   2.19000E-02
   2.70491E+01   2.21000E-02
   2.70431E+01   2.22000E-02
   2.70371E+01   2.24000E-02
   2.70311E+01   2.25000E-02
   2.70251E+01   2.27000E-02
   2.70191E+01   2.28000E-02
   2.70131E+01   2.30000E-02
   2.70071E+01   2.31000E-02
   2.70011E+01   2.33000E-02
   2.69951E+01   2.34000E-02
   2.69891E+01   2.35000E-02
   2.69831E+01   2.37000E-02
   2.69771E+01   2.38000E-02
   2.69711E+01   2.40000E-02
   2.69651E+01   2.41000E-02
   2.69591E+01   2.42000E-02
   2.69531E+01   2.44000E-02
   2.69471E+01   2.45000E-02
   2.69411E+01   2.47000E-02
   2.69351E+01   2.48000E-02
   2.69291E+01   2.49000E-02
   2.69231E+01   2.51000E-02
   2.69171E+01   2.52000E-02
   2.69111E+01   2.54000E-02
   2.69051E+01   2.55000E-02
   2.68991E+01   2.57000E-02
   2.68931E+01   2.58000E-02
   2.68871E+01   2.59000E-02
   2.68811E+01   2.61000E-02
   2.68751E+01   2.62000E-02
   2.68691E+01   2.64000E-02
   2.68631E+01   2.65000E-02
   2.68571E+01   2.67000E-02
   2.68511E+01   2.68000E-02
   2.68451E+01   2.70000E-02
   2.68391E+01   2.71000E-02
   2.68331E+01   2.73000E-02
   2.68271E+01   2.74000E-02
   2.68211E+01   2.76000E-02
   2.68151E+01   2.78000E-02
   2.68091E+01   2.79000E-02
   2.68031E+01   2.81000E-02
   2.67971E+01   2.83000E-02
   2.67911E+01   2.85000E-02
   2.67851E+01   2.86000E-02
   2.67791E+01   2.88000E-02
   2.67731E+01   2.90000E-02
   2.67671E+01   2.92000E-02
   2.67611E+01   2.94000E-02
   2.67551E+01   2.96000E-02
   2.67491E+01   2.99000E-02
   2.67431E+01   3.01000E-02
   2.67371E+01   3.03000E-02
   2.67311E+01   3.06000E-02
   2.67251E+01   3.08000E-02
   2.67191E+01   3.11000E-02
   2.67131E+01   3.13000E-02
   2.67071E+01   3.16000E-02
   2.67011E+01   3.19000E-02
   2.66951E+01   3.22000E-02
   2.66891E+01   3.25000E-02
   2.66831E+01   3.27000E-02
   2.66771E+01   3.31000E-02
   2.66711E+01   3.34000E-02
   2.66651E+01   3.37000E-02
   2.66591E+01   3.40000E-02
   2.66531E+01   3.43000E-02
   2.66471E+01   3.46000E-02
   2.66411E+01   3.49000E-02
   2.66351E+01   3.53000E-02
   2.66291E+01   3.56000E-02
   2.66231E+01   3.59000E-02
   2.66171E+01   3.62000E-02
   2.66111E+01   3.66000E-02
   2.66051E+01   3.69000E-02
   2.65991E+01   3.72000E-02
   2.65931E+01   3.75000E-02
   2.65871E+01   3.79000E-02
   2.65811E+01   3.82000E-02
   2.65751E+01   3.85000E-02
   2.65691E+01   3.88000E-02
   2.65631E+01   3.91000E-02
   2.65571E+01   3.94000E-02
   2.65511E+01   3.97000E-02
   2.65451E+01   4.00000E-02
   2.65391E+01   4.03000E-02
   2.65331E+01   4.06000E-02
   2.65271E+01   4.09000E-02
   2.65211E+01   4.12000E-02
   2.65151E+01   4.15000E-02
   2.65091E+01   4.18000E-02
   2.65031E+01   4.21000E-02
   2.64971E+01   4.24000E-02
   2.64911E+01   4.27000E-02
   2.64851E+01   4.30000E-02
   2.64791E+01   4.33000E-02
   2.64731E+01   4.36000E-02
   2.64671E+01   4.39000E-02
   2.64611E+01   4.42000E-02
   2.64551E+01   4.44000E-02
   2.64491E+01   4.47000E-02
   2.64431E+01   4.50000E-02
   2.64371E+01   4.53000E-02
   2.64311E+01   4.56000E-02
   2.64251E+01   4.58000E-02
   2.64191E+01   4.61000E-02
   2.64131E+01   4.64000E-02
   2.64071E+01   4.67000E-02
   2.64011E+01   4.70000E-02
   2.63951E+01   4.72000E-02
   2.63891E+01   4.75000E-02
   2.63831E+01   4.78000E-02
   2.63771E+01   4.81000E-02
   2.63711E+01   4.84000E-02
   2.63651E+01   4.87000E-02
   2.63591E+01   4.90000E-02
   2.63531E+01   4.93000E-02
   2.63471E+01   4.95000E-02
   2.63411E+01   4.98000E-02
   2.63351E+01   5.02000E-02
   2.63291E+01   5.05000E-02
   2.63231E+01   5.08000E-02
   2.63171E+01   5.11000E-02
   2.63111E+01   5.14000E-02
   2.63051E+01   5.17000E-02
   2.62991E+01   5.21000E-02
   2.62931E+01   5.24000E-02
   2.62871E+01   5.27000E-02
   2.62811E+01   5.31000E-02
   2.62751E+01   5.34000E-02
   2.62691E+01   5.37000E-02
   2.62631E+01   5.41000E-02
   2.62571E+01   5.44000E-02
   2.62511E+01   5.48000E-02
   2.62451E+01   5.51000E-02
   2.62391E+01   5.54000E-02
   2.62331E+01   5.58000E-02
   2.62271E+01   5.61000E-02
   2.62211E+01   5.64000E-02
   2.62151E+01   5.68000E-02
   2.62091E+01   5.71000E-02
   2.62031E+01   5.74000E-02
   2.61971E+01   5.77000E-02
   2.61911E+01   5.80000E-02
   2.61851E+01   5.84000E-02
   2.61791E+01   5.87000E-02
   2.61731E+01   5.89000E-02
   2.61671E+01   5.92000E-02
   2.61611E+01   5.95000E-02
   2.61551E+01   5.98000E-02
   2.61491E+01   6.01000E-02
   2.61431E+01   6.04000E-02
   2.61371E+01   6.07000E-02
   2.61311E+01   6.10000E-02
   2.61251E+01   6.13000E-02
   2.61191E+01   6.16000E-02
   2.61131E+01   6.19000E-02
   2.61071E+01   6.22000E-02
   2.61011E+01   6.25000E-02
   2.60951E+01   6.28000E-02
   2.60891E+01   6.31000E-02
   2.60831E+01   6.34000E-02
   2.60771E+01   6.38000E-02
   2.60711E+01   6.41000E-02
   2.60651E+01   6.45000E-02
   2.60591E+01   6.49000E-02
   2.60531E+01   6.53000E-02
   2.60471E+01   6.57000E-02
   2.60411E+01   6.61000E-02
   2.60351E+01   6.65000E-02
   2.60291E+01   6.69000E-02
   2.60231E+01   6.74000E-02
   2.60171E+01   6.78000E-02
   2.60111E+01   6.83000E-02
   2.60051E+01   6.88000E-02
   2.59991E+01   6.92000E-02
   2.59931E+01   6.97000E-02
   2.59871E+01   7.02000E-02
   2.59811E+01   7.07000E-02
   2.59751E+01   7.11000E-02
   2.59691E+01   7.16000E-02
   2.59631E+01   7.21000E-02
   2.59571E+01   7.26000E-02
   2.59511E+01   7.30000E-02
   2.59451E+01   7.35000E-02
   2.59391E+01   7.40000E-02
   2.59331E+01   7.44000E-02
   2.59271E+01   7.49000E-02
   2.59211E+01   7.53000E-02
   2.59151E+01   7.58000E-02
   2.59091E+01   7.62000E-02
   2.59031E+01   7.66000E-02
   2.58971E+01   7.70000E-02
   2.58911E+01   7.74000E-02
   2.58851E+01   7.78000E-02
   2.58791E+01   7.82000E-02
   2.58731E+01   7.86000E-02
   2.58671E+01   7.90000E-02
   2.58611E+01   7.94000E-02
   2.58551E+01   7.98000E-02
   2.58491E+01   8.02000E-02
   2.58431E+01   8.06000E-02
   2.58371E+01   8.10000E-02
   2.58311E+01   8.14000E-02
   2.58251E+01   8.18000E-02
   2.58191E+01   8.22000E-02
   2.58131E+01   8.26000E-02
   2.58071E+01   8.31000E-02
   2.58011E+01   8.35000E-02
   2.57951E+01   8.39000E-02
   2.57891E+01   8.43000E-02
   2.57831E+01   8.48000E-02
   2.57771E+01   8.52000E-02
   2.57711E+01   8.57000E-02
   2.57651E+01   8.61000E-02
   2.57591E+01   8.66000E-02
   2.57531E+01   8.71000E-02
   2.57471E+01   8.75000E-02
   2.57411E+01   8.80000E-02
   2.57351E+01   8.85000E-02
   2.57291E+01   8.90000E-02
   2.57231E+01   8.95000E-02
   2.57171E+01   9.00000E-02
   2.57111E+01   9.05000E-02
   2.57051E+01   9.10000E-02
   2.56991E+01   9.14000E-02
   2.56931E+01   9.19000E-02
   2.56871E+01   9.25000E-02
   2.56811E+01   9.30000E-02
   2.56751E+01   9.35000E-02
   2.56691E+01   9.40000E-02
   2.56631E+01   9.45000E-02
   2.56571E+01   9.50000E-02
   2.56511E+01   9.55000E-02
   2.56451E+01   9.60000E-02
   2.56391E+01   9.65000E-02
   2.56331E+01   9.70000E-02
   2.56271E+01   9.75000E-02
   2.56211E+01   9.80000E-02
   2.56151E+01   9.85000E-02
   2.56091E+01   9.90000E-02
   2.56031E+01   9.96000E-02
   2.55971E+01   1.00100E-01
   2.55911E+01   1.00600E-01
   2.55851E+01   1.01100E-01
   2.55791E+01   1.01700E-01
   2.55731E+01   1.02200E-01
   2.55671E+01   1.02700E-01
   2.55611E+01   1.03300E-01
   2.55551E+01   1.03800E-01
   2.55491E+01   1.04400E-01
   2.55431E+01   1.05000E-01
   2.55371E+01   1.05500E-01
   2.55311E+01   1.06100E-01
   2.55251E+01   1.06700E-01
   2.55191E+01   1.07300E-01
   2.55131E+01   1.07900E-01
   2.55071E+01   1.08500E-01
   2.55011E+01   1.09100E-01
   2.54951E+01   1.09700E-01
   2.54891E+01   1.10300E-01
   2.54831E+01   1.10900E-01
   2.54771E+01   1.11500E-01
   2.54711E+01   1.12100E-01
   2.54651E+01   1.12700E-01
   2.54591E+01   1.13300E-01
   2.54531E+01   1.13900E-01
   2.54471E+01   1.14500E-01
   2.54411E+01   1.15200E-01
   2.54351E+01   1.15800E-01
   2.54291E+01   1.16400E-01
   2.54231E+01   1.17000E-01
   2.54171E+01   1.17500E-01
   2.54111E+01   1.18100E-01
   2.54051E+01   1.18700E-01
   2.53991E+01   1.19300E-01
   2.53931E+01   1.19900E-01
   2.53871E+01   1.20500E-01
   2.53811E+01   1.21000E-01
   2.53751E+01   1.21600E-01
   2.53691E+01   1.22200E-01
   2.53631E+01   1.22800E-01
   2.53571E+01   1.23300E-01
   2.53511E+01   1.23900E-01
   2.53451E+01   1.24500E-01
   2.53391E+01   1.25100E-01
   2.53331E+01   1.25600E-01
   2.53271E+01   1.26200E-01
   2.53211E+01   1.26800E-01
   2.53151E+01   1.27400E-01
   2.53091E+01   1.28000E-01
   2.53031E+01   1.28600E-01
   2.52971E+01   1.29200E-01
   2.52911E+01   1.29900E-01
   2.52851E+01   1.30500E-01
   2.52791E+01   1.31100E-01
   2.52731E+01   1.31800E-01
   2.52671E+01   1.32400E-01
   2.52611E+01   1.33100E-01
   2.52551E+01   1.33700E-01
   2.52491E+01   1.34400E-01
   2.52431E+01   1.35100E-01
   2.52371E+01   1.35700E-01
   2.52311E+01   1.36400E-01
   2.52251E+01   1.37100E-01
   2.52191E+01   1.37800E-01
   2.52131E+01   1.38500E-01
   2.52071E+01   1.39200E-01
   2.52011E+01   1.39900E-01
   2.51951E+01   1.40600E-01
   2.51891E+01   1.41300E-01
   2.51831E+01   1.42000E-01
   2.51771E+01   1.42700E-01
   2.51711E+01   1.43400E-01
   2.51651E+01   1.44100E-01
   2.51591E+01   1.44800E-01
   2.51531E+01   1.45500E-01
   2.51471E+01   1.46200E-01
   2.51411E+01   1.46900E-01
   2.51351E+01   1.47600E-01
   2.51291E+01   1.48300E-01
   2.51231E+01   1.49000E-01
   2.51171E+01   1.49700E-01
   2.51111E+01   1.50400E-01
   2.51051E+01   1.51100E-01
   2.50991E+01   1.51800E-01
   2.50931E+01   1.52500E-01
   2.50871E+01   1.53200E-01
   2.50811E+01   1.53900E-01
   2.50751E+01   1.54600E-01
   2.50691E+01   1.55300E-01
   2.50631E+01   1.56000E-01
   2.50571E+01   1.56700E-01
   2.50511E+01   1.57400E-01
   2.50451E+01   1.58100E-01
   2.50391E+01   1.58800E-01
   2.50331E+01   1.59600E-01
   2.50271E+01   1.60300E-01
   2.50211E+01   1.61000E-01
   2.50151E+01   1.61700E-01
   2.50091E+01   1.62400E-01
   2.50031E+01   1.63100E-01
   2.49971E+01   1.63800E-01
   2.49911E+01   1.64500E-01
   2.49851E+01   1.65200E-01
   2.49791E+01   1.65800E-01
   2.49731E+01   1.66500E-01
   2.49671E+01   1.67200E-01
   2.49611E+01   1.67900E-01
   2.49551E+01   1.68600E-01
   2.49491E+01   1.69200E-01
   2.49431E+01   1.69900E-01
   2.49371E+01   1.70500E-01
   2.49311E+01   1.71200E-01
   2.49251E+01   1.71800E-01
   2.49191E+01   1.72400E-01
   2.49131E+01   1.73100E-01
   2.49071E+01   1.73700E-01
   2.49011E+01   1.74300E-01
   2.48951E+01   1.74900E-01
   2.48891E+01   1.75500E-01
   2.48831E+01   1.76100E-01
   2.48771E+01   1.76700E-01
   2.48711E+01   1.77300E-01
   2.48651E+01   1.77900E-01
   2.48591E+01   1.78500E-01
   2.48531E+01   1.79100E-01
   2.48471E+01   1.79700E-01
   2.48411E+01   1.80300E-01
   2.48351E+01   1.80900E-01
   2.48291E+01   1.81500E-01
   2.48231E+01   1.82200E-01
   2.48171E+01   1.82800E-01
   2.48111E+01   1.83400E-01
   2.48051E+01   1.84000E-01
   2.47991E+01   1.84700E-01
   2.47931E+01   1.85300E-01
   2.47871E+01   1.86000E-01
   2.47811E+01   1.86600E-01
   2.47751E+01   1.87300E-01
   2.47691E+01   1.88000E-01
   2.47631E+01   1.88700E-01
   2.47571E+01   1.89300E-01
   2.47511E+01   1.90000E-01
   2.47451E+01   1.90700E-01
   2.47391E+01   1.91400E-01
   2.47331E+01   1.92100E-01
   2.47271E+01   1.92800E-01
   2.47211E+01   1.93500E-01
   2.47151E+01   1.94200E-01
   2.47091E+01   1.94800E-01
   2.47031E+01   1.95500E-01
   2.46971E+01   1.96200E-01
   2.46911E+01   1.96900E-01
   2.46851E+01   1.97600E-01
   2.46791E+01   1.98300E-01
   2.46731E+01   1.98900E-01
   2.46671E+01   1.99600E-01
   2.46611E+01   2.00300E-01
   2.46551E+01   2.00900E-01
   2.46491E+01   2.01600E-01
   2.46431E+01   2.02200E-01
   2.46371E+01   2.02900E-01
   2.46311E+01   2.03600E-01
   2.46251E+01   2.04200E-01
   2.46191E+01   2.04900E-01
   2.46131E+01   2.05500E-01
   2.46071E+01   2.06200E-01
   2.46011E+01   2.06900E-01
   2.45951E+01   2.07500E-01
   2.45891E+01   2.08200E-01
   2.45831E+01   2.08800E-01
   2.45771E+01   2.09500E-01
   2.45711E+01   2.10200E-01
   2.45651E+01   2.10800E-01
   2.45591E+01   2.11500E-01
   2.45531E+01   2.12200E-01
   2.45471E+01   2.12900E-01
   2.45411E+01   2.13500E-01
   2.45351E+01   2.14200E-01
   2.45291E+01   2.14900E-01
   2.45231E+01   2.15500E-01
   2.45171E+01   2.16200E-01
   2.45111E+01   2.16900E-01
   2.45051E+01   2.17500E-01
   2.44991E+01   2.18100E-01
   2.44931E+01   2.18800E-01
   2.44871E+01   2.19400E-01
   2.44811E+01   2.20000E-01
   2.44751E+01   2.20600E-01
   2.44691E+01   2.21200E-01
   2.44631E+01   2.21800E-01
   2.44571E+01   2.22400E-01
   2.44511E+01   2.22900E-01
   2.44451E+01   2.23500E-01
   2.44391E+01   2.24000E-01
   2.44331E+01   2.24500E-01
   2.44271E+01   2.25000E-01
   2.44211E+01   2.25500E-01
   2.44151E+01   2.26000E-01
   2.44091E+01   2.26500E-01
   2.44031E+01   2.26900E-01
   2.43971E+01   2.27400E-01
   2.43911E+01   2.27800E-01
   2.43851E+01   2.28300E-01
   2.43791E+01   2.28700E-01
   2.43731E+01   2.29100E-01
   2.43671E+01   2.29500E-01
   2.43611E+01   2.30000E-01
   2.43551E+01   2.30400E-01
   2.43491E+01   2.30800E-01
   2.43431E+01   2.31200E-01
   2.43371E+01   2.31600E-01
   2.43311E+01   2.32000E-01
   2.43251E+01   2.32400E-01
   2.43191E+01   2.32800E-01
   2.43131E+01   2.33100E-01
   2.43071E+01   2.33500E-01
   2.43011E+01   2.33900E-01
   2.42951E+01   2.34200E-01
   2.42891E+01   2.34600E-01
   2.42831E+01   2.34900E-01
   2.42771E+01   2.35300E-01
   2.42711E+01   2.35600E-01
   2.42651E+01   2.35900E-01
   2.42591E+01   2.36200E-01
   2.42531E+01   2.36400E-01
   2.42471E+01   2.36700E-01
   2.42411E+01   2.36900E-01
   2.42351E+01   2.37100E-01
   2.42291E+01   2.37300E-01
   2.42231E+01   2.37500E-01
   2.42171E+01   2.37700E-01
   2.42111E+01   2.37800E-01
   2.42051E+01   2.37900E-01
   2.41991E+01   2.38000E-01
   2.41931E+01   2.38100E-01
   2.41871E+01   2.38200E-01
   2.41811E+01   2.38300E-01
   2.41751E+01   2.38300E-01
   2.41691E+01   2.38400E-01
   2.41631E+01   2.38400E-01
   2.41571E+01   2.38500E-01
   2.41511E+01   2.38500E-01
   2.41451E+01   2.38500E-01
   2.41391E+01   2.38500E-01
   2.41331E+01   2.38500E-01
   2.41271E+01   2.38500E-01
   2.41211E+01   2.38500E-01
   2.41151E+01   2.38500E-01
   2.41091E+01   2.38600E-01
   2.41031E+01   2.38600E-01
   2.40971E+01   2.38600E-01
   2.40911E+01   2.38600E-01
   2.40851E+01   2.38600E-01
   2.40791E+01   2.38600E-01
   2.40731E+01   2.38600E-01
   2.40671E+01   2.38600E-01
   2.40611E+01   2.38600E-01
   2.40551E+01   2.38500E-01
   2.40491E+01   2.38500E-01
   2.40431E+01   2.38500E-01
   2.40371E+01   2.38400E-01
   2.40311E+01   2.38300E-01
   2.40251E+01   2.38200E-01
   2.40191E+01   2.38100E-01
   2.40131E+01   2.38000E-01
   2.40071E+01   2.37800E-01
   2.40011E+01   2.37700E-01
   2.39951E+01   2.37500E-01
   2.39891E+01   2.37300E-01
   2.39831E+01   2.37000E-01
   2.39771E+01   2.36800E-01
   2.39711E+01   2.36500E-01
   2.39651E+01   2.36200E-01
   2.39591E+01   2.35900E-01
   2.39531E+01   2.35600E-01
   2.39471E+01   2.35200E-01
   2.39411E+01   2.34800E-01
   2.39351E+01   2.34400E-01
   2.39291E+01   2.34000E-01
   2.39231E+01   2.33600E-01
   2.39171E+01   2.33100E-01
   2.39111E+01   2.32600E-01
   2.39051E+01   2.32100E-01
   2.38991E+01   2.31600E-01
   2.38931E+01   2.31000E-01
   2.38871E+01   2.30500E-01
   2.38811E+01   2.29900E-01
   2.38751E+01   2.29300E-01
   2.38691E+01   2.28600E-01
   2.38631E+01   2.28000E-01
   2.38571E+01   2.27300E-01
   2.38511E+01   2.26700E-01
   2.38451E+01   2.26100E-01
   2.38391E+01   2.25400E-01
   2.38331E+01   2.24800E-01
   2.38271E+01   2.24100E-01
   2.38211E+01   2.23500E-01
   2.38151E+01   2.22900E-01
   2.38091E+01   2.22300E-01
   2.38031E+01   2.21800E-01
   2.37971E+01   2.21200E-01
   2.37911E+01   2.20700E-01
   2.37851E+01   2.20200E-01
   2.37791E+01   2.19800E-01
   2.37731E+01   2.19400E-01
   2.37671E+01   2.19000E-01
   2.37611E+01   2.18600E-01
   2.37551E+01   2.18300E-01
   2.37491E+01   2.17900E-01
   2.37431E+01   2.17600E-01
   2.37371E+01   2.17300E-01
   2.37311E+01   2.17100E-01
   2.37251E+01   2.16800E-01
   2.37191E+01   2.16500E-01
   2.37131E+01   2.16200E-01
   2.37071E+01   2.15900E-01
   2.37011E+01   2.15600E-01
   2.36951E+01   2.15300E-01
   2.36891E+01   2.15000E-01
   2.36831E+01   2.14700E-01
   2.36771E+01   2.14400E-01
   2.36711E+01   2.14000E-01
   2.36651E+01   2.13600E-01
   2.36591E+01   2.13300E-01
   2.36531E+01   2.12800E-01
   2.36471E+01   2.12400E-01
   2.36411E+01   2.12000E-01
   2.36351E+01   2.11500E-01
   2.36291E+01   2.11100E-01
   2.36231E+01   2.10600E-01
   2.36171E+01   2.10100E-01
   2.36111E+01   2.09600E-01
   2.36051E+01   2.09100E-01
   2.35991E+01   2.08600E-01
   2.35931E+01   2.08000E-01
   2.35871E+01   2.07500E-01
   2.35811E+01   2.07000E-01
   2.35751E+01   2.06400E-01
   2.35691E+01   2.05900E-01
   2.35631E+01   2.05400E-01
   2.35571E+01   2.04800E-01
   2.35511E+01   2.04300E-01
   2.35451E+01   2.03700E-01
   2.35391E+01   2.03100E-01
   2.35331E+01   2.02600E-01
   2.35271E+01   2.02000E-01
   2.35211E+01   2.01500E-01
   2.35151E+01   2.00900E-01
   2.35091E+01   2.00300E-01
   2.35031E+01   1.99800E-01
   2.34971E+01   1.99200E-01
   2.34911E+01   1.98700E-01
   2.34851E+01   1.98100E-01
   2.34791E+01   1.97500E-01
   2.34731E+01   1.97000E-01
   2.34671E+01   1.96400E-01
   2.34611E+01   1.95900E-01
   2.34551E+01   1.95300E-01
   2.34491E+01   1.94800E-01
   2.34431E+01   1.94200E-01
   2.34371E+01   1.93600E-01
   2.34311E+01   1.93100E-01
   2.34251E+01   1.92500E-01
   2.34191E+01   1.92000E-01
   2.34131E+01   1.91400E-01
   2.34071E+01   1.90900E-01
   2.34011E+01   1.90300E-01
   2.33951E+01   1.89800E-01
   2.33891E+01   1.89200E-01
   2.33831E+01   1.88600E-01
   2.33771E+01   1.88100E-01
   2.33711E+01   1.87500E-01
   2.33651E+01   1.86900E-01
   2.33591E+01   1.86300E-01
   2.33531E+01   1.85700E-01
   2.33471E+01   1.85100E-01
   2.33411E+01   1.84500E-01
   2.33351E+01   1.83900E-01
   2.33291E+01   1.83300E-01
   2.33231E+01   1.82700E-01
   2.33171E+01   1.82000E-01
   2.33111E+01   1.81400E-01
   2.33051E+01   1.80800E-01
   2.32991E+01   1.80100E-01
   2.32931E+01   1.79500E-01
   2.32871E+01   1.78800E-01
   2.32811E+01   1.78200E-01
   2.32751E+01   1.77500E-01
   2.32691E+01   1.76800E-01
   2.32631E+01   1.76200E-01
   2.32571E+01   1.75500E-01
   2.32511E+01   1.74800E-01
   2.32451E+01   1.74100E-01
   2.32391E+01   1.73400E-01
   2.32331E+01   1.72700E-01
   2.32271E+01   1.72000E-01
   2.32211E+01   1.71300E-01
   2.32151E+01   1.70600E-01
   2.32091E+01   1.69900E-01
   2.32031E+01   1.69200E-01
   2.31971E+01   1.68500E-01
   2.31911E+01   1.67800E-01
   2.31851E+01   1.67000E-01
   2.31791E+01   1.66300E-01
   2.31731E+01   1.65600E-01
   2.31671E+01   1.64900E-01
   2.31611E+01   1.64200E-01
   2.31551E+01   1.63500E-01
   2.31491E+01   1.62800E-01
   2.31431E+01   1.62100E-01
   2.31371E+01   1.61400E-01
   2.31311E+01   1.60800E-01
   2.31251E+01   1.60100E-01
   2.31191E+01   1.59400E-01
   2.31131E+01   1.58700E-01
   2.31071E+01   1.58000E-01
   2.31011E+01   1.57400E-01
   2.30951E+01   1.56700E-01
   2.30891E+01   1.56000E-01
   2.30831E+01   1.55300E-01
   2.30771E+01   1.54600E-01
   2.30711E+01   1.53900E-01
   2.30651E+01   1.53300E-01
   2.30591E+01   1.52600E-01
   2.30531E+01   1.51800E-01
   2.30471E+01   1.51100E-01
   2.30411E+01   1.50400E-01
   2.30351E+01   1.49700E-01
   2.30291E+01   1.48900E-01
   2.30231E+01   1.48200E-01
   2.30171E+01   1.47400E-01
   2.30111E+01   1.46700E-01
   2.30051E+01   1.45900E-01
   2.29991E+01   1.45100E-01
   2.29931E+01   1.44400E-01
   2.29871E+01   1.43600E-01
   2.29811E+01   1.42800E-01
   2.29751E+01   1.42100E-01
   2.29691E+01   1.41300E-01
   2.29631E+01   1.40500E-01
   2.29571E+01   1.39800E-01
   2.29511E+01   1.39000E-01
   2.29451E+01   1.38200E-01
   2.29391E+01   1.37500E-01
   2.29331E+01   1.36700E-01
   2.29271E+01   1.36000E-01
   2.29211E+01   1.35200E-01
   2.29151E+01   1.34500E-01
   2.29091E+01   1.33800E-01
   2.29031E+01   1.33000E-01
   2.28971E+01   1.32300E-01
   2.28911E+01   1.31600E-01
   2.28851E+01   1.30900E-01
   2.28791E+01   1.30200E-01
   2.28731E+01   1.29500E-01
   2.28671E+01   1.28800E-01
   2.28611E+01   1.28100E-01
   2.28551E+01   1.27400E-01
   2.28491E+01   1.26700E-01
   2.28431E+01   1.26000E-01
   2.28371E+01   1.25300E-01
   2.28311E+01   1.24700E-01
   2.28251E+01   1.24000E-01
   2.28191E+01   1.23400E-01
   2.28131E+01   1.22700E-01
   2.28071E+01   1.22000E-01
   2.28011E+01   1.21400E-01
   2.27951E+01   1.20700E-01
   2.27891E+01   1.20100E-01
   2.27831E+01   1.19400E-01
   2.27771E+01   1.18800E-01
   2.27711E+01   1.18100E-01
   2.27651E+01   1.17500E-01
   2.27591E+01   1.16800E-01
   2.27531E+01   1.16100E-01
   2.27471E+01   1.15500E-01
   2.27411E+01   1.14800E-01
   2.27351E+01   1.14100E-01
   2.27291E+01   1.13400E-01
   2.27231E+01   1.12700E-01
   2.27171E+01   1.12000E-01
   2.27111E+01   1.11300E-01
   2.27051E+01   1.10500E-01
   2.26991E+01   1.09800E-01
   2.26931E+01   1.09000E-01
   2.26871E+01   1.08200E-01
   2.26811E+01   1.07500E-01
   2.26751E+01   1.06700E-01
   2.26691E+01   1.05900E-01
   2.26631E+01   1.05000E-01
   2.26571E+01   1.04200E-01
   2.26511E+01   1.03400E-01
   2.26451E+01   1.02500E-01
   2.26391E+01   1.01700E-01
   2.26331E+01   1.00800E-01
   2.26271E+01   9.99000E-02
   2.26211E+01   9.90000E-02
   2.26151E+01   9.81000E-02
   2.26091E+01   9.73000E-02
   2.26031E+01   9.64000E-02
   2.25971E+01   9.55000E-02
   2.25911E+01   9.46000E-02
   2.25851E+01   9.38000E-02
   2.25791E+01   9.29000E-02
   2.25731E+01   9.21000E-02
   2.25671E+01   9.13000E-02
   2.25611E+01   9.05000E-02
   2.25551E+01   8.97000E-02
   2.25491E+01   8.89000E-02
   2.25431E+01   8.82000E-02
   2.25371E+01   8.75000E-02
   2.25311E+01   8.68000E-02
   2.25251E+01   8.61000E-02
   2.25191E+01   8.55000E-02
   2.25131E+01   8.49000E-02
   2.25071E+01   8.43000E-02
   2.25011E+01   8.36000E-02
   2.24951E+01   8.31000E-02
   2.24891E+01   8.25000E-02
   2.24831E+01   8.19000E-02
   2.24771E+01   8.13000E-02
   2.24711E+01   8.08000E-02
   2.24651E+01   8.02000E-02
   2.24591E+01   7.96000E-02
   2.24531E+01   7.91000E-02
   2.24471E+01   7.85000E-02
   2.24411E+01   7.79000E-02
   2.24351E+01   7.73000E-02
   2.24291E+01   7.67000E-02
   2.24231E+01   7.62000E-02
   2.24171E+01   7.56000E-02
   2.24111E+01   7.50000E-02
   2.24051E+01   7.44000E-02
   2.23991E+01   7.38000E-02
   2.23931E+01   7.32000E-02
   2.23871E+01   7.26000E-02
   2.23811E+01   7.20000E-02
   2.23751E+01   7.14000E-02
   2.23691E+01   7.08000E-02
   2.23631E+01   7.02000E-02
   2.23571E+01   6.96000E-02
   2.23511E+01   6.90000E-02
   2.23451E+01   6.84000E-02
   2.23391E+01   6.79000E-02
   2.23331E+01   6.73000E-02
   2.23271E+01   6.67000E-02
   2.23211E+01   6.61000E-02
   2.23151E+01   6.56000E-02
   2.23091E+01   6.50000E-02
   2.23031E+01   6.45000E-02
   2.22971E+01   6.39000E-02
   2.22911E+01   6.34000E-02
   2.22851E+01   6.28000E-02
   2.22791E+01   6.23000E-02
   2.22731E+01   6.17000E-02
   2.22671E+01   6.12000E-02
   2.22611E+01   6.06000E-02
   2.22551E+01   6.01000E-02
   2.22491E+01   5.95000E-02
   2.22431E+01   5.90000E-02
   2.22371E+01   5.84000E-02
   2.22311E+01   5.79000E-02
   2.22251E+01   5.74000E-02
   2.22191E+01   5.68000E-02
   2.22131E+01   5.63000E-02
   2.22071E+01   5.58000E-02
   2.22011E+01   5.52000E-02
   2.21951E+01   5.47000E-02
   2.21891E+01   5.41000E-02
   2.21831E+01   5.36000E-02
   2.21771E+01   5.31000E-02
   2.21711E+01   5.25000E-02
   2.21651E+01   5.20000E-02
   2.21591E+01   5.14000E-02
   2.21531E+01   5.09000E-02
   2.21471E+01   5.04000E-02
   2.21411E+01   4.98000E-02
   2.21351E+01   4.93000E-02
   2.21291E+01   4.87000E-02
   2.21231E+01   4.82000E-02
   2.21171E+01   4.76000E-02
   2.21111E+01   4.71000E-02
   2.21051E+01   4.66000E-02
   2.20991E+01   4.60000E-02
   2.20931E+01   4.55000E-02
   2.20871E+01   4.50000E-02
   2.20811E+01   4.45000E-02
   2.20751E+01   4.40000E-02
   2.20691E+01   4.35000E-02
   2.20631E+01   4.30000E-02
   2.20571E+01   4.25000E-02
   2.20511E+01   4.20000E-02
   2.20451E+01   4.16000E-02
   2.20391E+01   4.11000E-02
   2.20331E+01   4.07000E-02
   2.20271E+01   4.02000E-02
   2.20211E+01   3.98000E-02
   2.20151E+01   3.94000E-02
   2.20091E+01   3.89000E-02
   2.20031E+01   3.85000E-02
   2.19971E+01   3.81000E-02
   2.19911E+01   3.77000E-02
   2.19851E+01   3.73000E-02
   2.19791E+01   3.69000E-02
   2.19731E+01   3.66000E-02
   2.19671E+01   3.62000E-02
   2.19611E+01   3.58000E-02
   2.19551E+01   3.54000E-02
   2.19491E+01   3.51000E-02
   2.19431E+01   3.47000E-02
   2.19371E+01   3.44000E-02
   2.19311E+01   3.40000E-02
   2.19251E+01   3.37000E-02
   2.19191E+01   3.33000E-02
   2.19131E+01   3.30000E-02
   2.19071E+01   3.26000E-02
   2.19011E+01   3.23000E-02
   2.18951E+01   3.19000E-02
   2.18891E+01   3.16000E-02
   2.18831E+01   3.12000E-02
   2.18771E+01   3.08000E-02
   2.18711E+01   3.05000E-02
   2.18651E+01   3.01000E-02
   2.18591E+01   2.97000E-02
   2.18531E+01   2.93000E-02
   2.18471E+01   2.89000E-02
   2.18411E+01   2.85000E-02
   2.18351E+01   2.82000E-02
   2.18291E+01   2.78000E-02
   2.18231E+01   2.74000E-02
   2.18171E+01   2.71000E-02
   2.18111E+01   2.67000E-02
   2.18051E+01   2.64000E-02
   2.17991E+01   2.61000E-02
   2.17931E+01   2.58000E-02
   2.17871E+01   2.55000E-02
   2.17811E+01   2.52000E-02
   2.17751E+01   2.49000E-02
   2.17691E+01   2.47000E-02
   2.17631E+01   2.45000E-02
   2.17571E+01   2.42000E-02
   2.17511E+01   2.40000E-02
   2.17451E+01   2.38000E-02
   2.17391E+01   2.36000E-02
   2.17331E+01   2.34000E-02
   2.17271E+01   2.32000E-02
   2.17211E+01   2.30000E-02
   2.17151E+01   2.28000E-02
   2.17091E+01   2.26000E-02
   2.17031E+01   2.24000E-02
   2.16971E+01   2.22000E-02
   2.16911E+01   2.20000E-02
   2.16851E+01   2.17000E-02
   2.16791E+01   2.15000E-02
   2.16731E+01   2.13000E-02
   2.16671E+01   2.10000E-02
   2.16611E+01   2.08000E-02
   2.16551E+01   2.05000E-02
   2.16491E+01   2.03000E-02
   2.16431E+01   2.00000E-02
   2.16371E+01   1.98000E-02
   2.16311E+01   1.95000E-02
   2.16251E+01   1.93000E-02
   2.16191E+01   1.90000E-02
   2.16131E+01   1.88000E-02
   2.16071E+01   1.85000E-02
   2.16011E+01   1.83000E-02
   2.15951E+01   1.81000E-02
   2.15891E+01   1.79000E-02
   2.15831E+01   1.76000E-02
   2.15771E+01   1.74000E-02
   2.15711E+01   1.72000E-02
   2.15651E+01   1.70000E-02
   2.15591E+01   1.68000E-02
   2.15531E+01   1.66000E-02
   2.15471E+01   1.64000E-02
   2.15411E+01   1.62000E-02
   2.15351E+01   1.60000E-02
   2.15291E+01   1.58000E-02
   2.15231E+01   1.56000E-02
   2.15171E+01   1.54000E-02
   2.15111E+01   1.53000E-02
   2.15051E+01   1.51000E-02
   2.14991E+01   1.49000E-02
   2.14931E+01   1.47000E-02
   2.14871E+01   1.45000E-02
   2.14811E+01   1.43000E-02
   2.14751E+01   1.41000E-02
   2.14691E+01   1.39000E-02
   2.14631E+01   1.38000E-02
   2.14571E+01   1.36000E-02
   2.14511E+01   1.34000E-02
   2.14451E+01   1.32000E-02
   2.14391E+01   1.30000E-02
   2.14331E+01   1.29000E-02
   2.14271E+01   1.27000E-02
   2.14211E+01   1.25000E-02
   2.14151E+01   1.24000E-02
   2.14091E+01   1.22000E-02
   2.14031E+01   1.20000E-02
   2.13971E+01   1.19000E-02
   2.13911E+01   1.17000E-02
   2.13851E+01   1.16000E-02
   2.13791E+01   1.14000E-02
   2.13731E+01   1.13000E-02
   2.13671E+01   1.11000E-02
   2.13611E+01   1.10000E-02
   2.13551E+01   1.09000E-02
   2.13491E+01   1.07000E-02
   2.13431E+01   1.06000E-02
   2.13371E+01   1.04000E-02
   2.13311E+01   1.03000E-02
   2.13251E+01   1.02000E-02
   2.13191E+01   1.00000E-02
   2.13131E+01   9.90000E-03
   2.13071E+01   9.80000E-03
   2.13011E+01   9.70000E-03
   2.12951E+01   9.50000E-03
   2.12891E+01   9.40000E-03
   2.12831E+01   9.30000E-03
   2.12771E+01   9.20000E-03
   2.12711E+01   9.00000E-03
   2.12651E+01   8.90000E-03
   2.12591E+01   8.80000E-03
   2.12531E+01   8.70000E-03
   2.12471E+01   8.50000E-03
   2.12411E+01   8.40000E-03
   2.12351E+01   8.30000E-03
   2.12291E+01   8.20000E-03
   2.12231E+01   8.10000E-03
   2.12171E+01   7.90000E-03
   2.12111E+01   7.80000E-03
   2.12051E+01   7.70000E-03
   2.11991E+01   7.60000E-03
   2.11931E+01   7.50000E-03
   2.11871E+01   7.30000E-03
   2.11811E+01   7.20000E-03
   2.11751E+01   7.10000E-03
   2.11691E+01   7.00000E-03
   2.11631E+01   6.90000E-03
   2.11571E+01   6.70000E-03
   2.11511E+01   6.60000E-03
   2.11451E+01   6.50000E-03
   2.11391E+01   6.40000E-03
   2.11331E+01   6.20000E-03
   2.11271E+01   6.10000E-03
   2.11211E+01   6.00000E-03
   2.11151E+01   5.90000E-03
   2.11091E+01   5.80000E-03
   2.11031E+01   5.60000E-03
   2.10971E+01   5.50000E-03
   2.10911E+01   5.40000E-03
   2.10851E+01   5.30000E-03
   2.10791E+01   5.20000E-03
   2.10731E+01   5.10000E-03
   2.10671E+01   5.00000E-03
   2.10611E+01   5.00000E-03
   2.10551E+01   4.90000E-03
   2.10491E+01   4.80000E-03
   2.10431E+01   4.70000E-03
   2.10371E+01   4.70000E-03
   2.10311E+01   4.60000E-03
   2.10251E+01   4.50000E-03
   2.10191E+01   4.40000E-03
   2.10131E+01   4.40000E-03
   2.10071E+01   4.30000E-03
   2.10011E+01   4.20000E-03
   2.09951E+01   4.20000E-03
   2.09891E+01   4.10000E-03
   2.09831E+01   4.00000E-03
   2.09771E+01   4.00000E-03
   2.09711E+01   3.90000E-03
   2.09651E+01   3.80000E-03
   2.09591E+01   3.70000E-03
   2.09531E+01   3.70000E-03
   2.09471E+01   3.60000E-03
   2.09411E+01   3.50000E-03
   2.09351E+01   3.50000E-03
   2.09291E+01   3.40000E-03
   2.09231E+01   3.30000E-03
   2.09171E+01   3.30000E-03
   2.09111E+01   3.20000E-03
   2.09051E+01   3.20000E-03
   2.08991E+01   3.10000E-03
   2.08931E+01   3.10000E-03
   2.08871E+01   3.00000E-03
   2.08811E+01   3.00000E-03
   2.08751E+01   2.90000E-03
   2.08691E+01   2.90000E-03
   2.08631E+01   2.80000E-03
   2.08571E+01   2.80000E-03
   2.08511E+01   2.70000E-03
   2.08451E+01   2.70000E-03
   2.08391E+01   2.70000E-03
   2.08331E+01   2.60000E-03
   2.08271E+01   2.60000E-03
   2.08211E+01   2.50000E-03
   2.08151E+01   2.50000E-03
   2.08091E+01   2.50000E-03
   2.08031E+01   2.40000E-03
   2.07971E+01   2.40000E-03
   2.07911E+01   2.30000E-03
   2.07851E+01   2.30000E-03
   2.07791E+01   2.30000E-03
   2.07731E+01   2.20000E-03
   2.07671E+01   2.20000E-03
   2.07611E+01   2.20000E-03
   2.07551E+01   2.10000E-03
   2.07491E+01   2.10000E-03
   2.07431E+01   2.10000E-03
   2.07371E+01   2.00000E-03
   2.07311E+01   2.00000E-03
   2.07251E+01   2.00000E-03
   2.07191E+01   2.00000E-03
   2.07131E+01   1.90000E-03
   2.07071E+01   1.90000E-03
   2.07011E+01   1.90000E-03
   2.06951E+01   1.90000E-03
   2.06891E+01   1.90000E-03
   2.06831E+01   1.80000E-03
   2.06771E+01   1.80000E-03
   2.06711E+01   1.80000E-03
   2.06651E+01   1.80000E-03
   2.06591E+01   1.80000E-03
   2.06531E+01   1.70000E-03
   2.06471E+01   1.70000E-03
   2.06411E+01   1.70000E-03
   2.06351E+01   1.70000E-03
   2.06291E+01   1.60000E-03
   2.06231E+01   1.60000E-03
   2.06171E+01   1.60000E-03
   2.06111E+01   1.60000E-03
   2.06051E+01   1.60000E-03
   2.05991E+01   1.50000E-03
   2.05931E+01   1.50000E-03
   2.05871E+01   1.50000E-03
   2.05811E+01   1.50000E-03
   2.05751E+01   1.50000E-03
   2.05691E+01   1.40000E-03
   2.05631E+01   1.40000E-03
   2.05571E+01   1.40000E-03
   2.05511E+01   1.40000E-03
   2.05451E+01   1.40000E-03
   2.05391E+01   1.40000E-03
   2.05331E+01   1.40000E-03
   2.05271E+01   1.30000E-03
   2.05211E+01   1.30000E-03
   2.05151E+01   1.30000E-03
   2.05091E+01   1.30000E-03
   2.05031E+01   1.30000E-03
   2.04971E+01   1.30000E-03
   2.04911E+01   1.30000E-03
   2.04851E+01   1.20000E-03
   2.04791E+01   1.20000E-03
   2.04731E+01   1.20000E-03
   2.04671E+01   1.20000E-03
   2.04611E+01   1.20000E-03
   2.04551E+01   1.20000E-03
   2.04491E+01   1.10000E-03
   2.04431E+01   1.10000E-03
   2.04371E+01   1.10000E-03
   2.04311E+01   1.10000E-03
   2.04251E+01   1.10000E-03
   2.04191E+01   1.10000E-03
   2.04131E+01   1.10000E-03
   2.04071E+01   1.10000E-03
   2.04011E+01   1.00000E-03
   2.03951E+01   1.00000E-03
   2.03891E+01   1.00000E-03
   2.03831E+01   1.00000E-03
   2.03771E+01   1.00000E-03
   2.03711E+01   1.00000E-03
   2.03651E+01   1.00000E-03
   2.03591E+01   1.00000E-03
   2.03531E+01   1.00000E-03
   2.03471E+01   1.00000E-03
   2.03411E+01   1.00000E-03
   2.03351E+01   9.00000E-04
   2.03291E+01   9.00000E-04
   2.03231E+01   9.00000E-04
   2.03171E+01   9.00000E-04
   2.03111E+01   9.00000E-04
   2.03051E+01   9.00000E-04
   2.02991E+01   9.00000E-04
   2.02931E+01   8.00000E-04
   2.02871E+01   8.00000E-04
   2.02811E+01   8.00000E-04
   2.02751E+01   8.00000E-04
   2.02691E+01   8.00000E-04
   2.02631E+01   8.00000E-04
   2.02571E+01   8.00000E-04
   2.02511E+01   8.00000E-04
   2.02451E+01   8.00000E-04
   2.02391E+01   7.00000E-04
   2.02331E+01   7.00000E-04
   2.02271E+01   7.00000E-04
   2.02211E+01   7.00000E-04
   2.02151E+01   7.00000E-04
   2.02091E+01   7.00000E-04
   2.02031E+01   7.00000E-04
   2.01971E+01   7.00000E-04
   2.01911E+01   7.00000E-04
   2.01851E+01   7.00000E-04
   2.01791E+01   7.00000E-04
   2.01731E+01   7.00000E-04
   2.01671E+01   7.00000E-04
   2.01611E+01   7.00000E-04
   2.01551E+01   6.00000E-04
   2.01491E+01   6.00000E-04
   2.01431E+01   6.00000E-04
   2.01371E+01   6.00000E-04
   2.01311E+01   6.00000E-04
   2.01251E+01   6.00000E-04
   2.01191E+01   6.00000E-04
   2.01131E+01   6.00000E-04
   2.01071E+01   6.00000E-04
   2.01011E+01   6.00000E-04
   2.00951E+01   6.00000E-04
   2.00891E+01   5.00000E-04
   2.00831E+01   5.00000E-04
   2.00771E+01   5.00000E-04
   2.00711E+01   5.00000E-04
   2.00651E+01   5.00000E-04
   2.00591E+01   5.00000E-04
   2.00531E+01   5.00000E-04
   2.00471E+01   5.00000E-04
   2.00411E+01   5.00000E-04
   2.00351E+01   5.00000E-04
   2.00291E+01   5.00000E-04
   2.00231E+01   5.00000E-04
   2.00171E+01   5.00000E-04
   2.00111E+01   5.00000E-04
   2.00051E+01   5.00000E-04
   1.99991E+01   5.00000E-04
   1.99931E+01   5.00000E-04
   1.99871E+01   5.00000E-04
   1.99811E+01   5.00000E-04
   1.99751E+01   5.00000E-04
   1.99691E+01   5.00000E-04
   1.99631E+01   5.00000E-04
   1.99571E+01   5.00000E-04
   1.99511E+01   5.00000E-04
   1.99451E+01   5.00000E-04
   1.99391E+01   5.00000E-04
   1.99331E+01   5.00000E-04
   1.99271E+01   5.00000E-04
   1.99211E+01   5.00000E-04
   1.99151E+01   5.00000E-04
   1.99091E+01   5.00000E-04
   1.99031E+01   5.00000E-04
   1.98971E+01   5.00000E-04
   1.98911E+01   5.00000E-04
   1.98851E+01   5.00000E-04
   1.98791E+01   5.00000E-04
   1.98731E+01   5.00000E-04
   1.98671E+01   5.00000E-04
   1.98611E+01   5.00000E-04
   1.98551E+01   5.00000E-04
   1.98491E+01   5.00000E-04
   1.98431E+01   5.00000E-04
   1.98371E+01   5.00000E-04
   1.98311E+01   5.00000E-04
   1.98251E+01   5.00000E-04
   1.98191E+01   5.00000E-04
   1.98131E+01   5.00000E-04
   1.98071E+01   5.00000E-04
   1.98011E+01   5.00000E-04
   1.97951E+01   5.00000E-04
   1.97891E+01   5.00000E-04
   1.97831E+01   5.00000E-04
   1.97771E+01   5.00000E-04
   1.97711E+01   5.00000E-04
   1.97651E+01   5.00000E-04
   1.97591E+01   5.00000E-04
   1.97531E+01   5.00000E-04
   1.97471E+01   5.00000E-04
   1.97411E+01   5.00000E-04
   1.97351E+01   5.00000E-04
   1.97291E+01   5.00000E-04
   1.97231E+01   5.00000E-04
   1.97171E+01   5.00000E-04
   1.97111E+01   5.00000E-04
   1.97051E+01   5.00000E-04
   1.96991E+01   5.00000E-04
   1.96931E+01   5.00000E-04
   1.96871E+01   5.00000E-04
   1.96811E+01   5.00000E-04
   1.96751E+01   5.00000E-04
   1.96691E+01   5.00000E-04
   1.96631E+01   5.00000E-04
   1.96571E+01   5.00000E-04
   1.96511E+01   5.00000E-04
   1.96451E+01   5.00000E-04
   1.96391E+01   5.00000E-04
   1.96331E+01   5.00000E-04
   1.96271E+01   5.00000E-04
   1.96211E+01   5.00000E-04
   1.96151E+01   5.00000E-04
   1.96091E+01   5.00000E-04
   1.96031E+01   5.00000E-04
   1.95971E+01   5.00000E-04
   1.95911E+01   5.00000E-04
   1.95851E+01   5.00000E-04
   1.95791E+01   5.00000E-04
   1.95731E+01   5.00000E-04
   1.95671E+01   5.00000E-04
   1.95611E+01   5.00000E-04
   1.95551E+01   5.00000E-04
   1.95491E+01   5.00000E-04
   1.95431E+01   5.00000E-04
   1.95371E+01   5.00000E-04
   1.95311E+01   5.00000E-04
   1.95251E+01   5.00000E-04
   1.95191E+01   5.00000E-04
   1.95131E+01   5.00000E-04
   1.95071E+01   5.00000E-04
   1.95011E+01   5.00000E-04
   1.94951E+01   5.00000E-04
   1.94891E+01   5.00000E-04
   1.94831E+01   5.00000E-04
   1.94771E+01   5.00000E-04
   1.94711E+01   5.00000E-04
   1.94651E+01   6.00000E-04
   1.94591E+01   6.00000E-04
   1.94531E+01   6.00000E-04
   1.94471E+01   6.00000E-04
   1.94411E+01   6.00000E-04
   1.94351E+01   6.00000E-04
   1.94291E+01   6.00000E-04
   1.94231E+01   6.00000E-04
   1.94171E+01   6.00000E-04
   1.94111E+01   6.00000E-04
   1.94051E+01   6.00000E-04
   1.93991E+01   6.00000E-04
   1.93931E+01   6.00000E-04
   1.93871E+01   5.00000E-04
   1.93811E+01   5.00000E-04
   1.93751E+01   5.00000E-04
   1.93691E+01   5.00000E-04
   1.93631E+01   5.00000E-04
   1.93571E+01   5.00000E-04
   1.93511E+01   5.00000E-04
   1.93451E+01   5.00000E-04
   1.93391E+01   5.00000E-04
   1.93331E+01   5.00000E-04
   1.93271E+01   5.00000E-04
   1.93211E+01   5.00000E-04
   1.93151E+01   6.00000E-04
   1.93091E+01   6.00000E-04
   1.93031E+01   6.00000E-04
   1.92971E+01   6.00000E-04
   1.92911E+01   6.00000E-04
   1.92851E+01   6.00000E-04
   1.92791E+01   6.00000E-04
   1.92731E+01   6.00000E-04
   1.92671E+01   6.00000E-04
   1.92611E+01   6.00000E-04
   1.92551E+01   6.00000E-04
   1.92491E+01   6.00000E-04
   1.92431E+01   6.00000E-04
   1.92371E+01   6.00000E-04
   1.92311E+01   6.00000E-04
   1.92251E+01   7.00000E-04
   1.92191E+01   7.00000E-04
   1.92131E+01   7.00000E-04
   1.92071E+01   7.00000E-04
   1.92011E+01   7.00000E-04
   1.91951E+01   7.00000E-04
   1.91891E+01   7.00000E-04
   1.91831E+01   7.00000E-04
   1.91771E+01   7.00000E-04
   1.91711E+01   7.00000E-04
   1.91651E+01   7.00000E-04
   1.91591E+01   7.00000E-04
   1.91531E+01   7.00000E-04
   1.91471E+01   7.00000E-04
   1.91411E+01   7.00000E-04
   1.91351E+01   7.00000E-04
   1.91291E+01   7.00000E-04
   1.91231E+01   7.00000E-04
   1.91171E+01   7.00000E-04
   1.91111E+01   7.00000E-04
   1.91051E+01   7.00000E-04
   1.90991E+01   7.00000E-04
   1.90931E+01   8.00000E-04
   1.90871E+01   8.00000E-04
   1.90811E+01   8.00000E-04
   1.90751E+01   8.00000E-04
   1.90691E+01   8.00000E-04
   1.90631E+01   8.00000E-04
   1.90571E+01   8.00000E-04
   1.90511E+01   8.00000E-04
   1.90451E+01   8.00000E-04
   1.90391E+01   8.00000E-04
   1.90331E+01   8.00000E-04
   1.90271E+01   8.00000E-04
   1.90211E+01   8.00000E-04
   1.90151E+01   8.00000E-04
   1.90091E+01   8.00000E-04
   1.90031E+01   8.00000E-04
   1.89971E+01   8.00000E-04
   1.89911E+01   8.00000E-04
   1.89851E+01   8.00000E-04
   1.89791E+01   8.00000E-04
   1.89731E+01   8.00000E-04
   1.89671E+01   8.00000E-04
   1.89611E+01   8.00000E-04
   1.89551E+01   8.00000E-04
   1.89491E+01   8.00000E-04
   1.89431E+01   8.00000E-04
   1.89371E+01   8.00000E-04
   1.89311E+01   8.00000E-04
   1.89251E+01   8.00000E-04
   1.89191E+01   8.00000E-04
   1.89131E+01   8.00000E-04
   1.89071E+01   8.00000E-04
   1.89011E+01   8.00000E-04
   1.88951E+01   8.00000E-04
   1.88891E+01   8.00000E-04
   1.88831E+01   8.00000E-04
   1.88771E+01   8.00000E-04
   1.88711E+01   8.00000E-04
   1.88651E+01   8.00000E-04
   1.88591E+01   8.00000E-04
   1.88531E+01   8.00000E-04
   1.88471E+01   8.00000E-04
   1.88411E+01   8.00000E-04
   1.88351E+01   8.00000E-04
   1.88291E+01   8.00000E-04
   1.88231E+01   8.00000E-04
   1.88171E+01   8.00000E-04
   1.88111E+01   8.00000E-04
   1.88051E+01   8.00000E-04
   1.87991E+01   8.00000E-04
   1.87931E+01   8.00000E-04
   1.87871E+01   8.00000E-04
   1.87811E+01   8.00000E-04
   1.87751E+01   8.00000E-04
   1.87691E+01   8.00000E-04
   1.87631E+01   8.00000E-04
   1.87571E+01   8.00000E-04
   1.87511E+01   8.00000E-04
   1.87451E+01   8.00000E-04
   1.87391E+01   8.00000E-04
   1.87331E+01   8.00000E-04
   1.87271E+01   8.00000E-04
   1.87211E+01   8.00000E-04
   1.87151E+01   8.00000E-04
   1.87091E+01   8.00000E-04
   1.87031E+01   8.00000E-04
   1.86971E+01   8.00000E-04
   1.86911E+01   8.00000E-04
   1.86851E+01   8.00000E-04
   1.86791E+01   8.00000E-04
   1.86731E+01   8.00000E-04
   1.86671E+01   7.00000E-04
   1.86611E+01   7.00000E-04
   1.86551E+01   7.00000E-04
   1.86491E+01   7.00000E-04
   1.86431E+01   7.00000E-04
   1.86371E+01   7.00000E-04
   1.86311E+01   7.00000E-04
   1.86251E+01   7.00000E-04
   1.86191E+01   7.00000E-04
   1.86131E+01   7.00000E-04
   1.86071E+01   7.00000E-04
   1.86011E+01   7.00000E-04
   1.85951E+01   7.00000E-04
   1.85891E+01   7.00000E-04
   1.85831E+01   7.00000E-04
   1.85771E+01   7.00000E-04
   1.85711E+01   7.00000E-04
   1.85651E+01   7.00000E-04
   1.85591E+01   7.00000E-04
   1.85531E+01   7.00000E-04
   1.85471E+01   7.00000E-04
   1.85411E+01   7.00000E-04
   1.85351E+01   7.00000E-04
   1.85291E+01   6.00000E-04
   1.85231E+01   6.00000E-04
   1.85171E+01   6.00000E-04
   1.85111E+01   6.00000E-04
   1.85051E+01   6.00000E-04
   1.84991E+01   6.00000E-04
   1.84931E+01   6.00000E-04
   1.84871E+01   6.00000E-04
   1.84811E+01   6.00000E-04
   1.84751E+01   6.00000E-04
   1.84691E+01   6.00000E-04
   1.84631E+01   6.00000E-04
   1.84571E+01   6.00000E-04
   1.84511E+01   6.00000E-04
   1.84451E+01   6.00000E-04
   1.84391E+01   6.00000E-04
   1.84331E+01   6.00000E-04
   1.84271E+01   6.00000E-04
   1.84211E+01   6.00000E-04
   1.84151E+01   5.00000E-04
   1.84091E+01   5.00000E-04
   1.84031E+01   5.00000E-04
   1.83971E+01   5.00000E-04
   1.83911E+01   5.00000E-04
   1.83851E+01   5.00000E-04
   1.83791E+01   5.00000E-04
   1.83731E+01   5.00000E-04
   1.83671E+01   5.00000E-04
   1.83611E+01   5.00000E-04
   1.83551E+01   5.00000E-04
   1.83491E+01   5.00000E-04
   1.83431E+01   5.00000E-04
   1.83371E+01   5.00000E-04
   1.83311E+01   5.00000E-04
   1.83251E+01   5.00000E-04
   1.83191E+01   5.00000E-04
   1.83131E+01   5.00000E-04
   1.83071E+01   5.00000E-04
   1.83011E+01   5.00000E-04
   1.82951E+01   5.00000E-04
   1.82891E+01   5.00000E-04
   1.82831E+01   5.00000E-04
   1.82771E+01   5.00000E-04
   1.82711E+01   5.00000E-04
   1.82651E+01   5.00000E-04
   1.82591E+01   5.00000E-04
   1.82531E+01   5.00000E-04
   1.82471E+01   5.00000E-04
   1.82411E+01   5.00000E-04
   1.82351E+01   5.00000E-04
   1.82291E+01   5.00000E-04
   1.82231E+01   5.00000E-04
   1.82171E+01   5.00000E-04
   1.82111E+01   5.00000E-04
   1.82051E+01   5.00000E-04
   1.81991E+01   5.00000E-04
   1.81931E+01   5.00000E-04
   1.81871E+01   5.00000E-04
   1.81811E+01   4.00000E-04
   1.81751E+01   4.00000E-04
   1.81691E+01   4.00000E-04
   1.81631E+01   4.00000E-04
   1.81571E+01   4.00000E-04
   1.81511E+01   4.00000E-04
   1.81451E+01   4.00000E-04
   1.81391E+01   4.00000E-04
   1.81331E+01   4.00000E-04
   1.81271E+01   4.00000E-04
   1.81211E+01   4.00000E-04
   1.81151E+01   4.00000E-04
   1.81091E+01   4.00000E-04
   1.81031E+01   4.00000E-04
   1.80971E+01   4.00000E-04
   1.80911E+01   4.00000E-04
   1.80851E+01   4.00000E-04
   1.80791E+01   4.00000E-04
   1.80731E+01   4.00000E-04
   1.80671E+01   4.00000E-04
   1.80611E+01   4.00000E-04
   1.80551E+01   4.00000E-04
   1.80491E+01   4.00000E-04
   1.80431E+01   4.00000E-04
   1.80371E+01   4.00000E-04
   1.80311E+01   4.00000E-04
   1.80251E+01   4.00000E-04
   1.80191E+01   4.00000E-04
   1.80131E+01   4.00000E-04
   1.80071E+01   4.00000E-04
