#607 P3 160
219.47 0.0457
219.12 0.0474
218.78 0.0491
218.43 0.0508
218.08 0.0524
218.08 0.0541
217.74 0.0541
217.74 0.0558
217.39 0.0575
217.04 0.0592
216.7 0.0608
216.35 0.0625
216.01 0.0625
216.01 0.0642
216.01 0.0659
215.66 0.0676
215.31 0.0692
215.31 0.0709
214.97 0.0726
214.62 0.0743
214.62 0.0759
214.27 0.0776
214.27 0.0793
213.93 0.081
213.93 0.0827
213.58 0.0843
213.58 0.086
213.23 0.0877
213.23 0.0894
212.89 0.091
212.89 0.0927
212.54 0.0944
212.19 0.0961
212.19 0.0977
211.85 0.0994
211.85 0.1011
211.5 0.1028
211.5 0.1045
211.15 0.1062
211.15 0.1078
210.81 0.1095
210.81 0.1112
210.46 0.1129
210.46 0.1145
209.77 0.1196
209.77 0.1213
209.42 0.1213
209.42 0.1229
209.07 0.1246
209.07 0.1263
209.07 0.128
209.07 0.1297
208.73 0.1313
208.73 0.133
208.38 0.1347
208.03 0.1364
208.03 0.138
208.03 0.1397
208.03 0.1414
208.03 0.1431
207.69 0.1431
207.68 0.1448
207.34 0.1464
207.34 0.1481
207.34 0.1498
207.34 0.1515
206.99 0.1531
206.99 0.1548
206.99 0.1565
206.99 0.1582
206.99 0.1599
206.64 0.1615
206.64 0.1632
206.64 0.1649
206.3 0.1666
205.95 0.1683
205.95 0.1699
205.95 0.1716
205.95 0.1733
205.6 0.175
205.6 0.1766
205.6 0.1783
205.25 0.18
205.25 0.1817
204.91 0.1834
204.91 0.185
204.91 0.1867
204.91 0.1884
204.56 0.1884
204.56 0.1901
204.21 0.1917
204.21 0.1934
204.21 0.1951
204.21 0.1968
204.21 0.1985
203.87 0.2001
203.87 0.2018
203.86 0.2035
203.52 0.2052
203.52 0.2069
203.52 0.2085
203.17 0.2102
203.17 0.2119
203.17 0.2136
202.82 0.2152
202.82 0.2169
202.82 0.2186
202.48 0.2203
202.48 0.222
202.13 0.2236
202.13 0.2253
201.78 0.227
201.78 0.2287
201.78 0.2303
201.44 0.2303
201.44 0.232
201.09 0.2337
201.09 0.2354
201.09 0.2371
201.09 0.2387
201.09 0.2404
200.74 0.2421
200.74 0.2438
200.74 0.2455
200.74 0.2471
200.4 0.2471
200.39 0.2488
200.05 0.2505
200.05 0.2522
200.05 0.2538
199.7 0.2555
199.7 0.2572
199.7 0.2589
199.7 0.2606
199.35 0.2622
199.35 0.2639
199.01 0.2656
199.01 0.2673
198.66 0.269
198.31 0.269
198.31 0.2706
198.31 0.2723
198.31 0.274
197.97 0.2757
197.62 0.2772
197.62 0.279
197.62 0.2807
197.62 0.2824
197.27 0.2841
197.27 0.2857
196.93 0.2873
196.93 0.2891
196.58 0.2908
196.58 0.2924
196.23 0.2941
195.89 0.2941
195.89 0.2958
195.89 0.2974
195.54 0.2992
195.19 0.3008
195.19 0.3025
195.19 0.3042
195.19 0.3059
195.19 0.3075
194.85 0.3092
194.84 0.3109
194.84 0.3126
194.5 0.3143
194.5 0.3159
194.5 0.3176
194.5 0.3193
194.15 0.3193
193.8 0.321
193.8 0.3227
193.46 0.3243
193.11 0.326
192.77 0.3277
192.42 0.3294
192.07 0.331
191.73 0.3327
191.38 0.3344
191.38 0.3361
191.03 0.3361
190.69 0.3378
190.34 0.3378
190 0.3378
189.65 0.3394
189.3 0.3411
188.96 0.3428
188.61 0.3428
188.27 0.3428
187.92 0.3411
187.58 0.3411
187.23 0.3394
186.88 0.3394
186.54 0.3394
186.19 0.3394
185.85 0.3394
185.5 0.3394
185.16 0.3394
184.81 0.3394
184.46 0.3411
184.12 0.3411
183.77 0.3428
183.43 0.3428
183.08 0.3411
182.74 0.3411
182.39 0.3394
182.04 0.3394
181.7 0.3394
181.35 0.3394
181.01 0.3394
180.66 0.3394
180.32 0.3378
179.97 0.3378
179.63 0.3378
179.28 0.3378
179.28 0.3394
178.93 0.3394
178.59 0.3411
178.24 0.3428
177.89 0.3445
177.55 0.3445
177.2 0.3445
176.86 0.3445
176.51 0.3445
176.17 0.3462
175.82 0.3477
175.47 0.3477
175.13 0.3477
174.78 0.3477
174.44 0.3477
174.09 0.3495
173.74 0.3495
173.4 0.3512
173.05 0.3512
172.71 0.3495
172.36 0.3495
172.02 0.3495
172.02 0.3512
171.67 0.3512
171.67 0.3529
171.32 0.3529
170.98 0.3545
170.63 0.3562
170.28 0.3562
169.94 0.3562
169.59 0.3578
169.25 0.3596
168.9 0.3613
168.55 0.3629
168.55 0.3646
168.55 0.3663
168.55 0.3679
168.21 0.3697
167.86 0.3713
167.51 0.373
167.17 0.3747
166.82 0.3764
166.48 0.378
166.48 0.3797
166.47 0.3814
166.13 0.3831
166.13 0.3848
165.78 0.3864
165.78 0.3881
165.44 0.3898
165.43 0.3915
165.43 0.3931
165.09 0.3948
164.74 0.3965
164.4 0.3982
164.4 0.3999
164.39 0.4015
164.05 0.4032
164.05 0.4049
164.05 0.4066
164.05 0.4083
163.7 0.4099
163.35 0.4116
163.01 0.4133
162.66 0.415
162.66 0.4166
162.32 0.4183
162.31 0.42
161.97 0.42
161.97 0.4217
161.62 0.4217
161.28 0.4234
161.28 0.425
160.93 0.425
160.58 0.4267
160.24 0.4284
160.24 0.4301
160.24 0.4317
160.24 0.4334
160.24 0.4351
159.89 0.4351
159.89 0.4368
159.54 0.4385
159.54 0.4401
159.2 0.4401
158.85 0.4418
158.5 0.4435
158.5 0.4452
158.5 0.4469
158.5 0.4485
158.16 0.4485
158.16 0.4502
158.16 0.4519
157.81 0.4519
157.47 0.4519
157.46 0.4536
157.12 0.4536
156.77 0.4552
156.43 0.4552
156.43 0.4569
156.43 0.4586
156.08 0.4586
155.73 0.4586
155.39 0.4586
155.04 0.4586
154.7 0.4586
154.35 0.4586
154.01 0.4586
153.66 0.4569
153.32 0.4569
152.97 0.4569
152.62 0.4569
152.28 0.4569
151.93 0.4569
151.59 0.4552
151.24 0.4552
150.9 0.4552
150.55 0.4552
150.2 0.4536
149.86 0.4519
149.51 0.4502
149.17 0.4502
148.82 0.4485
148.48 0.4469
148.13 0.4452
148.13 0.4435
147.79 0.4418
147.44 0.4418
147.1 0.4401
146.75 0.4385
146.41 0.4351
146.06 0.4317
145.72 0.4317
145.37 0.4301
145.03 0.4301
144.68 0.4301
144.33 0.4301
143.99 0.4301
143.64 0.4301
143.3 0.4301
142.95 0.4301
142.61 0.4301
142.26 0.4301
141.91 0.4301
141.57 0.4284
141.22 0.4284
140.88 0.4284
140.53 0.4284
140.19 0.4284
139.84 0.4267
139.5 0.425
139.5 0.4234
139.15 0.4217
138.8 0.4217
138.46 0.42
138.11 0.4183
138.11 0.4166
137.77 0.4133
137.42 0.4116
137.43 0.4099
137.08 0.4066
137.08 0.4049
137.08 0.4032
136.74 0.3999
136.74 0.3982
136.74 0.3965
136.39 0.3931
136.05 0.3898
136.05 0.3881
136.05 0.3864
136.05 0.3848
135.7 0.3814
135.36 0.3814
135.01 0.3814
134.67 0.3814
134.32 0.3797
134.32 0.378
134.67 0.378
134.67 0.3764
135.01 0.3764
135.36 0.3764
135.36 0.378
135.01 0.378
135.36 0.378
135.71 0.3797
135.36 0.3797
135.01 0.3797
134.67 0.3797
134.32 0.3814
133.98 0.3831
133.63 0.3848
133.28 0.3831
132.94 0.3848
132.59 0.3864
132.94 0.3864
133.28 0.3864
132.94 0.3848
132.59 0.3831
132.25 0.3814
131.9 0.3797
131.56 0.3797
131.56 0.378
131.56 0.3764
131.56 0.3747
131.21 0.3713
131.21 0.3697
131.21 0.3679
131.21 0.3663
131.22 0.3646
130.87 0.3613
130.87 0.3596
130.87 0.3578
130.87 0.3562
130.87 0.3545
130.87 0.3529
130.53 0.3495
130.53 0.3477
130.53 0.3462
130.53 0.3445
130.18 0.3411
130.19 0.3394
130.19 0.3378
130.19 0.3361
130.19 0.3344
130.19 0.3327
130.19 0.331
130.19 0.3294
130.19 0.3277
130.19 0.326
130.19 0.3243
129.85 0.3042
129.5 0.3008
129.16 0.2974
129.16 0.2958
129.16 0.2941
129.16 0.2924
129.16 0.2908
129.16 0.2891
129.16 0.2873
128.82 0.2841
128.82 0.2824
128.82 0.2807
128.82 0.279
128.82 0.2772
128.82 0.2757
128.82 0.274
128.82 0.2723
128.48 0.269
128.48 0.2673
128.48 0.2656
128.48 0.2639
128.48 0.2622
128.48 0.2606
128.48 0.2589
128.48 0.2572
128.48 0.2555
128.48 0.2538
128.48 0.2522
128.14 0.2488
128.14 0.2471
128.14 0.2455
128.14 0.2438
128.14 0.2421
128.14 0.2404
128.14 0.2387
128.14 0.2371
127.8 0.2337
127.8 0.232
127.8 0.2303
127.8 0.2287
127.8 0.227
127.8 0.2253
127.8 0.2236
127.8 0.222
127.8 0.2203
127.45 0.2169
127.45 0.2152
127.46 0.2136
127.46 0.2119
127.46 0.2102
127.46 0.2085
127.46 0.2069
127.46 0.2052
127.11 0.2018
127.11 0.2001
127.11 0.1985
127.11 0.1968
127.12 0.1951
127.12 0.1934
127.12 0.1917
127.12 0.1901
127.12 0.1884
127.12 0.1867
126.77 0.1834
126.77 0.1817
126.77 0.18
126.77 0.1783
126.77 0.1766
126.78 0.175
126.78 0.1733
126.78 0.1716
126.43 0.1683
126.43 0.1666
126.43 0.1649
126.43 0.1632
126.43 0.1615
126.43 0.1599
126.43 0.1582
126.09 0.1548
126.09 0.1531
126.09 0.1515
126.09 0.1498
126.09 0.1481
126.09 0.1464
126.09 0.1448
126.09 0.1431
125.75 0.1397
125.75 0.138
125.75 0.1364
125.75 0.1347
125.75 0.133
125.75 0.1313
125.75 0.1297
125.75 0.128
125.41 0.1246
125.41 0.1229
125.41 0.1213
125.41 0.1196
125.41 0.1179
125.41 0.1162
125.41 0.1145
125.41 0.1129
125.41 0.1112
125.41 0.1095
125.41 0.1078
125.41 0.1062
124.73 0.086
124.38 0.0843
124.04 0.081
124.04 0.0793
124.04 0.0776
124.04 0.0759
124.04 0.0743
123.69 0.0709
123.69 0.0692
123.69 0.0676
123.35 0.0642
123.35 0.0625
123.35 0.0608
123.35 0.0592
123.01 0.0558
123.01 0.0541
122.66 0.0508
122.66 0.0491
122.32 0.0457
122.32 0.0441
122.32 0.0424
121.97 0.039
121.63 0.0357
121.63 0.034
121.63 0.0323
121.63 0.0306
121.63 0.029
121.63 0.0273
121.29 0.0239
120.94 0.0206
120.6 0.0189
120.25 0.0155
119.91 0.0138
119.56 0.0122
119.22 0.0105
118.87 0.0088112
118.53 0.0071329
118.18 0.0071329
117.83 0.0054545
117.49 0.0054545
117.14 0.0054545
116.8 0.0037762
116.45 0.0037762
116.11 0.0037762
115.76 0.0037762
115.42 0.0037762
115.07 0.0037762
114.72 0.0037762
114.38 0.0037762
114.03 0.0020979
113.69 0.0020979
113.34 0.0020979
113 0.0020979
112.65 0.0020979
