  4.934820e+03  1.763850e-03
  4.806990e+03  0.000000e+00
  4.682470e+03  0.000000e+00
  4.561180e+03  0.000000e+00
  4.443030e+03  0.000000e+00
  4.327940e+03  0.000000e+00
  4.215830e+03  0.000000e+00
  4.106630e+03  0.000000e+00
  4.000250e+03  0.000000e+00
  3.896630e+03  0.000000e+00
  3.795700e+03  0.000000e+00
  3.697380e+03  0.000000e+00
  3.601600e+03  1.175900e-03
  3.508310e+03  5.879500e-04
  3.417430e+03  5.879500e-04
  3.328910e+03  5.879500e-04
  3.242680e+03  1.175850e-03
  3.158680e+03  0.000000e+00
  3.076860e+03  0.000000e+00
  2.997160e+03  5.879500e-04
  2.919530e+03  1.175900e-03
  2.843900e+03  5.879500e-04
  2.770230e+03  1.763850e-03
  2.698480e+03  5.879500e-04
  2.628580e+03  1.763850e-03
  2.560490e+03  2.351800e-03
  2.494160e+03  0.000000e+00
  2.429550e+03  5.879500e-04
  2.366620e+03  1.763800e-03
  2.305320e+03  2.351800e-03
  2.245600e+03  1.763800e-03
  2.187430e+03  1.175900e-03
  2.130770e+03  2.939700e-03
  2.075580e+03  5.291350e-03
  2.021810e+03  5.291450e-03
  1.969440e+03  3.527700e-03
  1.918430e+03  1.763800e-03
  1.868730e+03  4.115600e-03
  1.820330e+03  5.291500e-03
  1.773170e+03  6.467350e-03
  1.727240e+03  5.879450e-03
  1.682500e+03  4.703550e-03
  1.638920e+03  7.643200e-03
  1.596470e+03  6.467350e-03
  1.555110e+03  1.058280e-02
  1.514830e+03  1.175870e-02
  1.475590e+03  9.995000e-03
  1.437370e+03  1.234670e-02
  1.400140e+03  1.293460e-02
  1.363870e+03  1.234670e-02
  1.328540e+03  1.058290e-02
  1.294120e+03  1.705015e-02
  1.260600e+03  1.998980e-02
  1.227950e+03  2.292935e-02
  1.196140e+03  2.469325e-02
  1.165160e+03  2.175355e-02
  1.134980e+03  2.528110e-02
  1.105580e+03  2.822080e-02
  1.076940e+03  2.822075e-02
  1.049040e+03  3.057270e-02
  1.021870e+03  4.233110e-02
  9.953980e+02  4.762260e-02
  9.696140e+02  4.821070e-02
  9.444970e+02  5.585350e-02
  9.200320e+02  6.467280e-02
  8.962000e+02  7.937150e-02
  8.729850e+02  8.701479e-02
  8.503720e+02  9.583395e-02
  8.283450e+02  9.936140e-02
  8.068880e+02  1.087690e-01
  7.859870e+02  1.305210e-01
  7.656270e+02  1.469835e-01
  7.457950e+02  1.793195e-01
  7.264760e+02  1.993100e-01
  7.076580e+02  2.228265e-01
  6.893270e+02  2.533985e-01
  6.714710e+02  2.710355e-01
  6.540780e+02  3.227750e-01
  6.371350e+02  3.339455e-01
  6.206310e+02  3.774525e-01
  6.045550e+02  4.756375e-01
  5.888950e+02  5.214970e-01
  5.736410e+02  5.479545e-01
  5.587810e+02  6.073350e-01
  5.443070e+02  7.037560e-01
  5.302080e+02  7.796000e-01
  5.164740e+02  8.507385e-01
  5.030950e+02  9.606830e-01
  4.900630e+02  1.139425e+00
  4.773690e+02  1.254650e+00
  4.650040e+02  1.383405e+00
  4.529580e+02  1.602705e+00
  4.412250e+02  1.767920e+00
  4.297960e+02  1.898425e+00
  4.186630e+02  2.106565e+00
  4.078180e+02  2.379965e+00
  3.972540e+02  2.756235e+00
  3.869640e+02  3.144270e+00
  3.769400e+02  3.438835e+00
  3.671770e+02  3.808050e+00
  3.576650e+02  4.270165e+00
  3.484010e+02  4.789300e+00
  3.393760e+02  5.224965e+00
  3.305850e+02  5.902270e+00
  3.220220e+02  6.593670e+00
  3.136800e+02  7.347400e+00
  3.055550e+02  8.142876e+00
  2.976400e+02  8.789010e+00
  2.899300e+02  9.941940e+00
  2.824200e+02  1.113260e+01
  2.751040e+02  1.219255e+01
  2.679780e+02  1.360770e+01
  2.610370e+02  1.502060e+01
  2.542750e+02  1.661440e+01
  2.476890e+02  1.830650e+01
  2.412730e+02  2.064705e+01
  2.350230e+02  2.288185e+01
  2.289350e+02  2.531700e+01
  2.230050e+02  2.790745e+01
  2.172280e+02  3.083185e+01
  2.116010e+02  3.371625e+01
  2.061200e+02  3.711805e+01
  2.007810e+02  4.086430e+01
  1.955800e+02  4.525315e+01
  1.905140e+02  4.951980e+01
  1.855790e+02  5.523705e+01
  1.807720e+02  6.068760e+01
  1.760890e+02  6.630650e+01
  1.715280e+02  7.258925e+01
  1.670850e+02  7.864545e+01
  1.627570e+02  8.548070e+01
  1.585410e+02  9.276770e+01
  1.544340e+02  9.996250e+01
  1.504340e+02  1.078870e+02
  1.465370e+02  1.160910e+02
  1.427410e+02  1.246550e+02
  1.390440e+02  1.335570e+02
  1.354420e+02  1.418275e+02
  1.319340e+02  1.511510e+02
  1.285160e+02  1.600070e+02
  1.251870e+02  1.697980e+02
  1.219440e+02  1.793385e+02
  1.187850e+02  1.892865e+02
  1.157090e+02  2.002415e+02
  1.127110e+02  2.100805e+02
  1.097920e+02  2.208945e+02
  1.069480e+02  2.302070e+02
  1.041770e+02  2.416655e+02
  1.014790e+02  2.515030e+02
  9.885030e+01  2.611870e+02
  9.628970e+01  2.711970e+02
  9.379550e+01  2.802440e+02
  9.136590e+01  2.901095e+02
  8.899920e+01  2.971395e+02
  8.669380e+01  3.031250e+02
  8.444820e+01  3.103015e+02
  8.226070e+01  3.144955e+02
  8.012980e+01  3.180935e+02
  7.805420e+01  3.200515e+02
  7.603240e+01  3.209440e+02
  7.406290e+01  3.196635e+02
  7.214440e+01  3.168655e+02
  7.027560e+01  3.127470e+02
  6.845520e+01  3.057055e+02
  6.668200e+01  2.966825e+02
  6.495470e+01  2.858125e+02
  6.327220e+01  2.741795e+02
  6.163320e+01  2.624550e+02
  6.003670e+01  2.496355e+02
  5.848160e+01  2.374620e+02
  5.696670e+01  2.234325e+02
  5.549110e+01  2.118620e+02
  5.405370e+01  1.955575e+02
  5.265350e+01  1.790270e+02
  5.128960e+01  1.624110e+02
  4.996100e+01  1.461085e+02
  4.866690e+01  1.284780e+02
  4.740620e+01  1.121530e+02
  4.617830e+01  9.619825e+01
  4.498210e+01  8.274395e+01
  4.381690e+01  7.390550e+01
  4.268190e+01  6.578040e+01
  4.157630e+01  5.866340e+01
  4.049930e+01  5.189910e+01
  3.945030e+01  4.641915e+01
  3.842840e+01  4.242470e+01
  3.743290e+01  3.791710e+01
  3.646330e+01  3.411660e+01
  3.551880e+01  3.061020e+01
  3.459870e+01  2.742050e+01
  3.370250e+01  2.378715e+01
  3.282950e+01  2.122955e+01
  3.197910e+01  1.831175e+01
  3.115070e+01  1.610290e+01
  3.034380e+01  1.380760e+01
  2.955780e+01  1.186270e+01
  2.879220e+01  1.013665e+01
  2.804640e+01  8.664375e+00
  2.731990e+01  7.227470e+00
  2.661220e+01  6.125675e+00
  2.592290e+01  5.113250e+00
  2.525140e+01  4.206665e+00
  2.459730e+01  3.565820e+00
  2.396010e+01  2.976120e+00
  2.333950e+01  2.471080e+00
  2.273490e+01  2.062470e+00
  2.214600e+01  1.700300e+00
  2.157230e+01  1.427505e+00
  2.101350e+01  1.227610e+00
  2.046920e+01  1.040060e+00
  1.993900e+01  8.572105e-01
  1.942250e+01  7.637250e-01
  1.891940e+01  6.678920e-01
  1.842930e+01  5.744100e-01
  1.795200e+01  5.379580e-01
  1.748690e+01  4.697580e-01
  1.703400e+01  3.880360e-01
  1.659270e+01  3.680470e-01
  1.616290e+01  3.504085e-01
  1.574430e+01  3.092535e-01
  1.533640e+01  2.686850e-01
  1.493920e+01  2.457550e-01
  1.455220e+01  2.245895e-01
  1.417520e+01  1.875520e-01
  1.380800e+01  1.534500e-01
  1.345040e+01  9.701015e-02
  1.310200e+01  7.878400e-02
  1.276260e+01  6.173335e-02
  1.243200e+01  4.291915e-02
  1.211000e+01  3.762770e-02
  1.179630e+01  3.939150e-02
  1.149070e+01  2.939670e-02
  1.119310e+01  1.940185e-02
  1.090310e+01  1.822600e-02
  1.062070e+01  1.646220e-02
  1.034560e+01  1.587425e-02
  1.007760e+01  1.117085e-02
  9.816600e+00  8.231150e-03
  9.562300e+00  1.234665e-02
  9.314600e+00  1.058280e-02
  9.073300e+00  7.055250e-03
  8.838300e+00  1.117075e-02
  8.609300e+00  1.117070e-02
  8.386300e+00  2.057770e-02
  8.169100e+00  2.351730e-02
  7.957500e+00  3.116050e-02
  7.751400e+00  4.409505e-02
  7.550600e+00  6.643645e-02
  7.355000e+00  6.761275e-02
  7.164500e+00  6.584875e-02
  6.978900e+00  5.820570e-02
  6.798100e+00  5.291405e-02
  6.622000e+00  6.643705e-02
  6.450500e+00  5.996920e-02
  6.283400e+00  4.115535e-02
  6.120600e+00  5.408985e-02
  5.962100e+00  5.115030e-02
  5.807600e+00  5.115020e-02
  5.657200e+00  5.291400e-02
  5.510700e+00  4.821060e-02
  5.367900e+00  4.703475e-02
  5.228900e+00  4.409515e-02
  5.093400e+00  3.997945e-02
  4.961500e+00  5.173810e-02
  4.833000e+00  5.291390e-02
  4.707800e+00  4.938650e-02
  4.585800e+00  3.997950e-02
  4.467100e+00  3.116045e-02
  4.351300e+00  3.410015e-02
  4.238600e+00  3.997960e-02
  4.128800e+00  4.585905e-02
  4.021900e+00  9.171860e-02
  3.917700e+00  4.821050e-02
  3.816200e+00  3.586385e-02
  3.717400e+00  3.527600e-02
  3.621100e+00  2.528110e-02
  3.527300e+00  3.645185e-02
  3.435900e+00  2.763295e-02
  3.346900e+00  2.528120e-02
  3.260200e+00  3.174845e-02
  3.175800e+00  2.645705e-02
  3.093500e+00  1.469840e-02
  3.013400e+00  1.763805e-02
  2.935300e+00  1.587440e-02
  2.859300e+00  2.116565e-02
  2.785200e+00  2.528115e-02
  2.713100e+00  2.645705e-02
  2.642800e+00  2.763300e-02
  2.574300e+00  4.115545e-02
  2.507600e+00  2.998465e-02
  2.442700e+00  2.939670e-02
  2.379400e+00  3.174835e-02
  2.317800e+00  3.821570e-02
  2.257700e+00  3.586395e-02
  2.199300e+00  4.938635e-02
  2.142300e+00  3.527600e-02
  2.086800e+00  4.233140e-02
  2.032700e+00  3.233640e-02
  1.980100e+00  4.997435e-02
  1.928800e+00  3.762770e-02
  1.878800e+00  3.762770e-02
  1.830200e+00  4.409500e-02
  1.782800e+00  1.128835e-01
  1.736600e+00  7.349145e-02
  1.691600e+00  5.173840e-02
  1.647800e+00  4.938650e-02
  1.605100e+00  4.644680e-02
  1.563500e+00  5.232595e-02
  1.523000e+00  5.644185e-02
  1.483600e+00  5.996935e-02
  1.445100e+00  5.056235e-02
  1.407700e+00  5.526575e-02
  1.371200e+00  6.761260e-02
  1.335700e+00  6.643660e-02
  1.301100e+00  6.761260e-02
  1.267400e+00  4.703465e-02
  1.234600e+00  7.172800e-02
  1.202600e+00  8.936700e-02
  1.171500e+00  7.290455e-02
  1.141100e+00  8.936656e-02
  1.111600e+00  8.054790e-02
  1.082800e+00  6.114495e-02
  1.054700e+00  1.052401e-01
  1.027400e+00  8.877815e-02
  1.000800e+00  7.055280e-02
  9.749000e-01  7.819560e-02
  9.496000e-01  9.113060e-02
  9.250000e-01  1.164115e-01
  9.010000e-01  1.187630e-01
  8.777000e-01  1.064164e-01
  8.550000e-01  1.264070e-01
  8.328000e-01  1.117075e-01
  8.113000e-01  1.358125e-01
  7.902000e-01  1.452190e-01
  7.698000e-01  1.399275e-01
  7.498000e-01  1.599170e-01
  7.304000e-01  1.622690e-01
  7.115000e-01  1.505115e-01
  6.931000e-01  1.752035e-01
  6.751000e-01  3.221865e-01
  6.576000e-01  4.962160e-01
  6.406000e-01  6.349675e-01
  6.240000e-01  1.981340e-01
  6.078000e-01  2.175350e-01
  5.921000e-01  2.110680e-01
  5.767000e-01  2.016600e-01
  5.618000e-01  1.951935e-01
  5.472000e-01  1.940185e-01
  5.331000e-01  2.874995e-01
  5.193000e-01  2.775050e-01
  5.058000e-01  2.680985e-01
  4.927000e-01  2.898515e-01
  4.799000e-01  2.869125e-01
  4.675000e-01  2.592800e-01
  4.554000e-01  2.486960e-01
  4.436000e-01  2.898500e-01
  4.321000e-01  2.557515e-01
  4.209000e-01  2.851470e-01
  4.100000e-01  2.728015e-01
  3.994000e-01  4.891615e-01
  3.891000e-01  3.868625e-01
  3.790000e-01  3.768645e-01
  3.692000e-01  3.274785e-01
  3.596000e-01  3.251270e-01
  3.503000e-01  3.280675e-01
  3.412000e-01  3.063130e-01
  3.324000e-01  3.180725e-01
  3.238000e-01  3.004335e-01
  3.154000e-01  3.239510e-01
  3.072000e-01  3.086650e-01
  2.992000e-01  4.280150e-01
  2.915000e-01  4.774025e-01
  2.839000e-01  5.126780e-01
  2.766000e-01  4.456535e-01
  2.694000e-01  4.868075e-01
  2.624000e-01  4.938640e-01
  2.556000e-01  4.303665e-01
  2.490000e-01  4.280160e-01
  2.426000e-01  4.097895e-01
  2.363000e-01  3.780420e-01
  2.302000e-01  3.380615e-01
  2.242000e-01  3.145450e-01
  2.184000e-01  3.157195e-01
  2.127000e-01  2.874995e-01
  2.072000e-01  2.957300e-01
  2.019000e-01  2.651570e-01
  1.966000e-01  2.322335e-01
  1.915000e-01  2.533995e-01
  1.866000e-01  2.228265e-01
  1.817000e-01  2.210615e-01
  1.770000e-01  2.069510e-01
  1.725000e-01  1.799085e-01
  1.680000e-01  1.699125e-01
  1.636000e-01  1.663855e-01
  1.594000e-01  1.422795e-01
  1.553000e-01  1.487465e-01
  1.512000e-01  1.305210e-01
  1.473000e-01  1.422800e-01
  1.435000e-01  1.305215e-01
  1.398000e-01  1.134715e-01
  1.362000e-01  1.046527e-01
  1.326000e-01  1.052407e-01
  1.292000e-01  9.289410e-02
  1.259000e-01  8.701425e-02
  1.226000e-01  8.936625e-02
  1.194000e-01  8.760265e-02
  1.163000e-01  8.995455e-02
  1.133000e-01  8.231035e-02
  1.104000e-01  8.525079e-02
  1.075000e-01  6.232115e-02
  1.047000e-01  6.878839e-02
  1.020000e-01  5.938130e-02
  9.940000e-02  6.584855e-02
  9.680000e-02  5.115030e-02
  9.430000e-02  5.232625e-02
  9.190000e-02  4.056745e-02
  8.950000e-02  3.997940e-02
  8.720000e-02  2.880880e-02
  8.490000e-02  2.469330e-02
  8.270000e-02  1.763805e-02
  8.060000e-02  1.940170e-02
  7.850000e-02  2.057760e-02
  7.640000e-02  1.469840e-02
  7.450000e-02  9.994850e-03
  7.250000e-02  8.231100e-03
  7.070000e-02  9.995000e-03
  6.880000e-02  4.115600e-03
  6.700000e-02  3.527700e-03
  6.530000e-02  2.939700e-03
  6.360000e-02  3.527650e-03
  6.200000e-02  4.115600e-03
  6.040000e-02  2.939750e-03
  5.880000e-02  1.175900e-03
  5.730000e-02  2.939750e-03
  5.580000e-02  5.879500e-04
  5.430000e-02  1.763800e-03
  5.290000e-02  1.175850e-03
  5.160000e-02  1.175900e-03
  5.020000e-02  5.879500e-04
  4.890000e-02  0.000000e+00
  4.770000e-02  5.879500e-04
  4.640000e-02  0.000000e+00
  4.520000e-02  5.879500e-04
  4.410000e-02  0.000000e+00
  4.290000e-02  1.175900e-03
  4.180000e-02  0.000000e+00
  4.070000e-02  0.000000e+00
  3.970000e-02  1.175900e-03
  3.860000e-02  0.000000e+00
  3.760000e-02  0.000000e+00
  3.670000e-02  5.879500e-04
  3.570000e-02  5.879500e-04
  3.480000e-02  1.763800e-03
  3.390000e-02  0.000000e+00
  3.300000e-02  5.879500e-04
  3.220000e-02  0.000000e+00
  3.130000e-02  0.000000e+00
  3.050000e-02  0.000000e+00
  2.970000e-02  0.000000e+00
  2.890000e-02  5.879500e-04
  2.820000e-02  1.175900e-03
  2.750000e-02  1.175900e-03
  2.680000e-02  0.000000e+00
  2.610000e-02  5.879500e-04
  2.540000e-02  0.000000e+00
  2.470000e-02  0.000000e+00
  2.410000e-02  5.879500e-04
  2.350000e-02  0.000000e+00
  2.290000e-02  0.000000e+00
  2.230000e-02  1.175900e-03
  2.170000e-02  0.000000e+00
  2.110000e-02  0.000000e+00
  2.060000e-02  1.175900e-03
  2.000000e-02  0.000000e+00
  1.950000e-02  0.000000e+00
  1.900000e-02  0.000000e+00
  1.850000e-02  0.000000e+00
  1.800000e-02  0.000000e+00
  1.760000e-02  0.000000e+00
  1.710000e-02  0.000000e+00
  1.670000e-02  1.175900e-03
  1.630000e-02  0.000000e+00
  1.580000e-02  0.000000e+00
  1.540000e-02  1.175900e-03
  1.500000e-02  0.000000e+00
  1.460000e-02  0.000000e+00
  1.430000e-02  0.000000e+00
  1.390000e-02  0.000000e+00
  1.350000e-02  0.000000e+00
  1.320000e-02  5.879500e-04
  1.280000e-02  0.000000e+00
  1.250000e-02  0.000000e+00
  1.220000e-02  0.000000e+00
  1.190000e-02  0.000000e+00
  1.160000e-02  0.000000e+00
  1.130000e-02  0.000000e+00
  1.100000e-02  5.879500e-04
  1.070000e-02  0.000000e+00
  1.040000e-02  0.000000e+00
  1.010000e-02  5.879500e-04
