  4.934820e+03  1.426400e-03
  4.806990e+03  0.000000e+00
  4.682470e+03  0.000000e+00
  4.561180e+03  0.000000e+00
  4.443030e+03  0.000000e+00
  4.327940e+03  0.000000e+00
  4.215830e+03  0.000000e+00
  4.106630e+03  0.000000e+00
  4.000250e+03  0.000000e+00
  3.896630e+03  0.000000e+00
  3.795700e+03  0.000000e+00
  3.697380e+03  0.000000e+00
  3.601600e+03  0.000000e+00
  3.508310e+03  0.000000e+00
  3.417430e+03  1.426400e-03
  3.328910e+03  0.000000e+00
  3.242680e+03  0.000000e+00
  3.158680e+03  0.000000e+00
  3.076860e+03  1.426400e-03
  2.997160e+03  1.426400e-03
  2.919530e+03  0.000000e+00
  2.843900e+03  0.000000e+00
  2.770230e+03  0.000000e+00
  2.698480e+03  0.000000e+00
  2.628580e+03  2.852800e-03
  2.560490e+03  1.426400e-03
  2.494160e+03  2.852800e-03
  2.429550e+03  0.000000e+00
  2.366620e+03  0.000000e+00
  2.305320e+03  0.000000e+00
  2.245600e+03  0.000000e+00
  2.187430e+03  4.279200e-03
  2.130770e+03  1.426400e-03
  2.075580e+03  2.852800e-03
  2.021810e+03  1.426400e-03
  1.969440e+03  0.000000e+00
  1.918430e+03  1.426400e-03
  1.868730e+03  1.426400e-03
  1.820330e+03  2.852800e-03
  1.773170e+03  0.000000e+00
  1.727240e+03  4.279200e-03
  1.682500e+03  5.705600e-03
  1.638920e+03  1.426400e-03
  1.596470e+03  2.852800e-03
  1.555110e+03  8.558400e-03
  1.514830e+03  2.852800e-03
  1.475590e+03  1.141120e-02
  1.437370e+03  7.132000e-03
  1.400140e+03  8.558350e-03
  1.363870e+03  7.132000e-03
  1.328540e+03  8.558400e-03
  1.294120e+03  5.705600e-03
  1.260600e+03  4.279200e-03
  1.227950e+03  8.558350e-03
  1.196140e+03  8.558300e-03
  1.165160e+03  7.132000e-03
  1.134980e+03  8.558350e-03
  1.105580e+03  1.283750e-02
  1.076940e+03  1.711670e-02
  1.049040e+03  4.279200e-03
  1.021870e+03  1.854310e-02
  9.953980e+02  1.711660e-02
  9.696140e+02  3.280685e-02
  9.444970e+02  2.424870e-02
  9.200320e+02  8.558400e-03
  8.962000e+02  3.138040e-02
  8.729850e+02  2.567500e-02
  8.503720e+02  3.138060e-02
  8.283450e+02  2.852770e-02
  8.068880e+02  4.136515e-02
  7.859870e+02  3.851235e-02
  7.656270e+02  5.990795e-02
  7.457950e+02  6.276080e-02
  7.264760e+02  8.700920e-02
  7.076580e+02  8.700935e-02
  6.893270e+02  7.417225e-02
  6.714710e+02  9.842055e-02
  6.540780e+02  1.055529e-01
  6.371350e+02  1.212435e-01
  6.206310e+02  1.554760e-01
  6.045550e+02  1.469175e-01
  5.888950e+02  1.497695e-01
  5.736410e+02  1.683130e-01
  5.587810e+02  1.911350e-01
  5.443070e+02  2.125300e-01
  5.302080e+02  2.481920e-01
  5.164740e+02  2.667330e-01
  5.030950e+02  3.337730e-01
  4.900630e+02  3.551690e-01
  4.773690e+02  3.951070e-01
  4.650040e+02  4.436045e-01
  4.529580e+02  4.764110e-01
  4.412250e+02  5.334660e-01
  4.297960e+02  6.475775e-01
  4.186630e+02  7.246015e-01
  4.078180e+02  7.231760e-01
  3.972540e+02  8.201695e-01
  3.869640e+02  9.998840e-01
  3.769400e+02  1.061225e+00
  3.671770e+02  1.155365e+00
  3.576650e+02  1.359335e+00
  3.484010e+02  1.506265e+00
  3.393760e+02  1.643190e+00
  3.305850e+02  1.821495e+00
  3.220220e+02  2.036870e+00
  3.136800e+02  2.347830e+00
  3.055550e+02  2.496170e+00
  2.976400e+02  2.742930e+00
  2.899300e+02  3.056735e+00
  2.824200e+02  3.346300e+00
  2.751040e+02  3.772775e+00
  2.679780e+02  4.186435e+00
  2.610370e+02  4.742735e+00
  2.542750e+02  5.229110e+00
  2.476890e+02  5.716945e+00
  2.412730e+02  6.502875e+00
  2.350230e+02  7.151875e+00
  2.289350e+02  7.756660e+00
  2.230050e+02  8.783655e+00
  2.172280e+02  9.626670e+00
  2.116010e+02  1.068070e+01
  2.061200e+02  1.195455e+01
  2.007810e+02  1.311415e+01
  1.955800e+02  1.441065e+01
  1.905140e+02  1.591690e+01
  1.855790e+02  1.786960e+01
  1.807720e+02  1.942150e+01
  1.760890e+02  2.157260e+01
  1.715280e+02  2.379205e+01
  1.670850e+02  2.582185e+01
  1.627570e+02  2.833790e+01
  1.585410e+02  3.134185e+01
  1.544340e+02  3.364260e+01
  1.504340e+02  3.627865e+01
  1.465370e+02  3.975750e+01
  1.427410e+02  4.303105e+01
  1.390440e+02  4.607350e+01
  1.354420e+02  4.946540e+01
  1.319340e+02  5.277045e+01
  1.285160e+02  5.694680e+01
  1.251870e+02  6.063400e+01
  1.219440e+02  6.500305e+01
  1.187850e+02  6.932355e+01
  1.157090e+02  7.349145e+01
  1.127110e+02  7.848095e+01
  1.097920e+02  8.363010e+01
  1.069480e+02  8.790070e+01
  1.041770e+02  9.380610e+01
  1.014790e+02  9.831600e+01
  9.885030e+01  1.031780e+02
  9.628970e+01  1.092745e+02
  9.379550e+01  1.140260e+02
  9.136590e+01  1.205045e+02
  8.899920e+01  1.241735e+02
  8.669380e+01  1.296610e+02
  8.444820e+01  1.343520e+02
  8.226070e+01  1.385980e+02
  8.012980e+01  1.437020e+02
  7.805420e+01  1.472710e+02
  7.603240e+01  1.505775e+02
  7.406290e+01  1.544625e+02
  7.214440e+01  1.561485e+02
  7.027560e+01  1.591950e+02
  6.845520e+01  1.598760e+02
  6.668200e+01  1.600830e+02
  6.495470e+01  1.589255e+02
  6.327220e+01  1.588225e+02
  6.163320e+01  1.564080e+02
  6.003670e+01  1.533790e+02
  5.848160e+01  1.517620e+02
  5.696670e+01  1.485375e+02
  5.549110e+01  1.452075e+02
  5.405370e+01  1.412935e+02
  5.265350e+01  1.356585e+02
  5.128960e+01  1.304700e+02
  4.996100e+01  1.253525e+02
  4.866690e+01  1.190580e+02
  4.740620e+01  1.135710e+02
  4.617830e+01  1.086455e+02
  4.498210e+01  1.017320e+02
  4.381690e+01  9.759460e+01
  4.268190e+01  9.276900e+01
  4.157630e+01  8.809904e+01
  4.049930e+01  8.322935e+01
  3.945030e+01  7.954080e+01
  3.842840e+01  7.615875e+01
  3.743290e+01  7.240305e+01
  3.646330e+01  6.872020e+01
  3.551880e+01  6.552650e+01
  3.459870e+01  6.244970e+01
  3.370250e+01  5.890805e+01
  3.282950e+01  5.607390e+01
  3.197910e+01  5.278615e+01
  3.115070e+01  5.011440e+01
  3.034380e+01  4.779940e+01
  2.955780e+01  4.570415e+01
  2.879220e+01  4.275720e+01
  2.804640e+01  4.032380e+01
  2.731990e+01  3.837810e+01
  2.661220e+01  3.631420e+01
  2.592290e+01  3.439580e+01
  2.525140e+01  3.297100e+01
  2.459730e+01  3.063570e+01
  2.396010e+01  2.937350e+01
  2.333950e+01  2.761325e+01
  2.273490e+01  2.608420e+01
  2.214600e+01  2.515140e+01
  2.157230e+01  2.392750e+01
  2.101350e+01  2.265800e+01
  2.046920e+01  2.149270e+01
  1.993900e+01  2.093085e+01
  1.942250e+01  1.977390e+01
  1.891940e+01  1.887235e+01
  1.842930e+01  1.774275e+01
  1.795200e+01  1.646185e+01
  1.748690e+01  1.528090e+01
  1.703400e+01  1.384885e+01
  1.659270e+01  1.261060e+01
  1.616290e+01  1.126845e+01
  1.574430e+01  1.038110e+01
  1.533640e+01  9.305735e+00
  1.493920e+01  8.606785e+00
  1.455220e+01  7.608325e+00
  1.417520e+01  6.616965e+00
  1.380800e+01  6.263250e+00
  1.345040e+01  5.668450e+00
  1.310200e+01  5.299000e+00
  1.276260e+01  4.915305e+00
  1.243200e+01  4.712755e+00
  1.211000e+01  4.440325e+00
  1.179630e+01  4.306255e+00
  1.149070e+01  3.965340e+00
  1.119310e+01  3.868350e+00
  1.090310e+01  3.772780e+00
  1.062070e+01  3.660095e+00
  1.034560e+01  3.571655e+00
  1.007760e+01  3.108080e+00
  9.816600e+00  2.955475e+00
  9.562300e+00  2.628805e+00
  9.314600e+00  2.170955e+00
  9.073300e+00  1.767295e+00
  8.838300e+00  1.524805e+00
  8.609300e+00  1.199585e+00
  8.386300e+00  1.058365e+00
  8.169100e+00  9.428370e-01
  7.957500e+00  8.486960e-01
  7.751400e+00  9.257210e-01
  7.550600e+00  9.428360e-01
  7.355000e+00  8.486990e-01
  7.164500e+00  8.330065e-01
  6.978900e+00  8.030540e-01
  6.798100e+00  8.843535e-01
  6.622000e+00  7.502795e-01
  6.450500e+00  7.474235e-01
  6.283400e+00  7.431450e-01
  6.120600e+00  7.288815e-01
  5.962100e+00  7.060575e-01
  5.807600e+00  7.303075e-01
  5.657200e+00  7.388640e-01
  5.510700e+00  8.558260e-01
  5.367900e+00  8.158895e-01
  5.228900e+00  8.272990e-01
  5.093400e+00  8.016270e-01
  4.961500e+00  8.087520e-01
  4.833000e+00  8.643845e-01
  4.707800e+00  1.048375e+00
  4.585800e+00  7.930625e-01
  4.467100e+00  8.016245e-01
  4.351300e+00  8.601105e-01
  4.238600e+00  9.357030e-01
  4.128800e+00  9.471185e-01
  4.021900e+00  2.232285e+00
  3.917700e+00  1.472025e+00
  3.816200e+00  9.185850e-01
  3.717400e+00  8.044780e-01
  3.621100e+00  8.586810e-01
  3.527300e+00  8.030525e-01
  3.435900e+00  7.845105e-01
  3.346900e+00  8.273005e-01
  3.260200e+00  8.272990e-01
  3.175800e+00  7.274550e-01
  3.093500e+00  6.390195e-01
  3.013400e+00  6.732525e-01
  2.935300e+00  6.233285e-01
  2.859300e+00  7.502780e-01
  2.785200e+00  8.201655e-01
  2.713100e+00  9.228670e-01
  2.642800e+00  9.100280e-01
  2.574300e+00  9.913369e-01
  2.507600e+00  1.021279e+00
  2.442700e+00  1.028419e+00
  2.379400e+00  1.123985e+00
  2.317800e+00  1.039835e+00
  2.257700e+00  1.019858e+00
  2.199300e+00  1.611810e+00
  2.142300e+00  1.112575e+00
  2.086800e+00  1.118275e+00
  2.032700e+00  1.216700e+00
  1.980100e+00  1.230970e+00
  1.928800e+00  1.139680e+00
  1.878800e+00  1.206710e+00
  1.830200e+00  1.272330e+00
  1.782800e+00  1.432075e+00
  1.736600e+00  1.510550e+00
  1.691600e+00  1.700255e+00
  1.647800e+00  1.707375e+00
  1.605100e+00  1.824345e+00
  1.563500e+00  1.734480e+00
  1.523000e+00  1.814355e+00
  1.483600e+00  2.105335e+00
  1.445100e+00  1.984095e+00
  1.407700e+00  2.108205e+00
  1.371200e+00  2.116750e+00
  1.335700e+00  2.265090e+00
  1.301100e+00  2.534680e+00
  1.267400e+00  2.414880e+00
  1.234600e+00  2.849910e+00
  1.202600e+00  3.045320e+00
  1.171500e+00  2.922665e+00
  1.141100e+00  3.267835e+00
  1.111600e+00  3.011095e+00
  1.082800e+00  3.506045e+00
  1.054700e+00  4.187845e+00
  1.027400e+00  3.938235e+00
  1.000800e+00  4.073755e+00
  9.749000e-01  4.256320e+00
  9.496000e-01  4.821160e+00
  9.250000e-01  5.514390e+00
  9.010000e-01  5.040825e+00
  8.777000e-01  5.918055e+00
  8.550000e-01  6.293200e+00
  8.328000e-01  5.722650e+00
  8.113000e-01  6.806690e+00
  7.902000e-01  7.057740e+00
  7.698000e-01  6.729670e+00
  7.498000e-01  8.545455e+00
  7.304000e-01  7.692465e+00
  7.115000e-01  7.424300e+00
  6.931000e-01  8.599655e+00
  6.751000e-01  1.010307e+01
  6.576000e-01  1.046390e+01
  6.406000e-01  9.934725e+00
  6.240000e-01  1.193735e+01
  6.078000e-01  1.847310e+01
  5.921000e-01  1.405845e+01
  5.767000e-01  8.307240e+00
  5.618000e-01  8.221661e+00
  5.472000e-01  8.257315e+00
  5.331000e-01  1.138540e+01
  5.193000e-01  1.758160e+01
  5.058000e-01  2.081795e+01
  4.927000e-01  9.619480e+00
  4.799000e-01  7.765220e+00
  4.675000e-01  7.237470e+00
  4.554000e-01  7.320175e+00
  4.436000e-01  8.437035e+00
  4.321000e-01  6.257535e+00
  4.209000e-01  6.330285e+00
  4.100000e-01  6.146280e+00
  3.994000e-01  8.559706e+00
  3.891000e-01  5.976535e+00
  3.790000e-01  5.873850e+00
  3.692000e-01  5.454485e+00
  3.596000e-01  4.898200e+00
  3.503000e-01  4.561570e+00
  3.412000e-01  4.203550e+00
  3.324000e-01  3.844090e+00
  3.238000e-01  3.436155e+00
  3.154000e-01  3.210785e+00
  3.072000e-01  2.872730e+00
  2.992000e-01  2.688725e+00
  2.915000e-01  2.481895e+00
  2.839000e-01  2.285080e+00
  2.766000e-01  2.032590e+00
  2.694000e-01  1.800075e+00
  2.624000e-01  1.656030e+00
  2.556000e-01  1.486290e+00
  2.490000e-01  1.218135e+00
  2.426000e-01  1.088330e+00
  2.363000e-01  9.342730e-01
  2.302000e-01  7.745230e-01
  2.242000e-01  6.818095e-01
  2.184000e-01  6.532830e-01
  2.127000e-01  4.806915e-01
  2.072000e-01  4.464565e-01
  2.019000e-01  3.337740e-01
  1.966000e-01  2.938335e-01
  1.915000e-01  2.553225e-01
  1.866000e-01  2.039725e-01
  1.817000e-01  1.725930e-01
  1.770000e-01  1.711665e-01
  1.725000e-01  1.226700e-01
  1.680000e-01  1.340805e-01
  1.636000e-01  9.271455e-02
  1.594000e-01  1.012737e-01
  1.553000e-01  8.273060e-02
  1.512000e-01  4.992345e-02
  1.473000e-01  6.276110e-02
  1.435000e-01  5.848160e-02
  1.398000e-01  6.418740e-02
  1.362000e-01  6.846650e-02
  1.326000e-01  5.420250e-02
  1.292000e-01  5.990800e-02
  1.259000e-01  5.134985e-02
  1.226000e-01  5.134985e-02
  1.194000e-01  4.992350e-02
  1.163000e-01  7.845090e-02
  1.133000e-01  5.705575e-02
  1.104000e-01  6.276070e-02
  1.075000e-01  8.130420e-02
  1.047000e-01  5.562900e-02
  1.020000e-01  5.848170e-02
  9.940000e-02  6.703975e-02
  9.680000e-02  9.556760e-02
  9.430000e-02  7.845105e-02
  9.190000e-02  7.131925e-02
  8.950000e-02  5.277655e-02
  8.720000e-02  4.992360e-02
  8.490000e-02  6.846660e-02
  8.270000e-02  8.130370e-02
  8.060000e-02  4.564435e-02
  7.850000e-02  6.703990e-02
  7.640000e-02  6.276095e-02
  7.450000e-02  5.562925e-02
  7.250000e-02  6.418710e-02
  7.070000e-02  5.848185e-02
  6.880000e-02  6.561365e-02
  6.700000e-02  4.421790e-02
  6.530000e-02  4.992345e-02
  6.360000e-02  7.702475e-02
  6.200000e-02  5.277630e-02
  6.040000e-02  6.276090e-02
  5.880000e-02  5.277615e-02
  5.730000e-02  5.562900e-02
  5.580000e-02  4.279145e-02
  5.430000e-02  5.562885e-02
  5.290000e-02  5.277610e-02
  5.160000e-02  4.421820e-02
  5.020000e-02  3.138055e-02
  4.890000e-02  3.993870e-02
  4.770000e-02  3.280695e-02
  4.640000e-02  3.993880e-02
  4.520000e-02  3.708605e-02
  4.410000e-02  3.423330e-02
  4.290000e-02  4.136515e-02
  4.180000e-02  4.564420e-02
  4.070000e-02  3.423320e-02
  3.970000e-02  2.995410e-02
  3.860000e-02  3.565955e-02
  3.760000e-02  1.711660e-02
  3.670000e-02  2.282225e-02
  3.570000e-02  2.852765e-02
  3.480000e-02  2.852770e-02
  3.390000e-02  2.710145e-02
  3.300000e-02  2.710140e-02
  3.220000e-02  1.854305e-02
  3.130000e-02  2.710140e-02
  3.050000e-02  1.711675e-02
  2.970000e-02  1.569025e-02
  2.890000e-02  1.569030e-02
  2.820000e-02  1.996940e-02
  2.750000e-02  8.558400e-03
  2.680000e-02  1.283755e-02
  2.610000e-02  1.283755e-02
  2.540000e-02  9.984750e-03
  2.470000e-02  7.131950e-03
  2.410000e-02  8.558400e-03
  2.350000e-02  9.984750e-03
  2.290000e-02  8.558400e-03
  2.230000e-02  5.705600e-03
  2.170000e-02  5.705550e-03
  2.110000e-02  1.426400e-03
  2.060000e-02  4.279200e-03
  2.000000e-02  1.426400e-03
  1.950000e-02  5.705600e-03
  1.900000e-02  1.426400e-03
  1.850000e-02  2.852800e-03
  1.800000e-02  2.852800e-03
  1.760000e-02  2.852800e-03
  1.710000e-02  0.000000e+00
  1.670000e-02  1.426400e-03
  1.630000e-02  0.000000e+00
  1.580000e-02  1.426400e-03
  1.540000e-02  0.000000e+00
  1.500000e-02  1.426400e-03
  1.460000e-02  0.000000e+00
  1.430000e-02  0.000000e+00
  1.390000e-02  0.000000e+00
  1.350000e-02  0.000000e+00
  1.320000e-02  0.000000e+00
  1.280000e-02  1.426400e-03
  1.250000e-02  0.000000e+00
  1.220000e-02  0.000000e+00
  1.190000e-02  0.000000e+00
  1.160000e-02  0.000000e+00
  1.130000e-02  0.000000e+00
  1.100000e-02  0.000000e+00
  1.070000e-02  0.000000e+00
  1.040000e-02  1.426400e-03
  1.010000e-02  0.000000e+00
