  4.934820e+03  1.266525e-03
  4.806990e+03  9.742500e-05
  4.682470e+03  2.922750e-04
  4.561180e+03  0.000000e+00
  4.443030e+03  1.948500e-04
  4.327940e+03  2.922750e-04
  4.215830e+03  0.000000e+00
  4.106630e+03  1.948500e-04
  4.000250e+03  1.948500e-04
  3.896630e+03  2.922750e-04
  3.795700e+03  3.897000e-04
  3.697380e+03  2.922750e-04
  3.601600e+03  1.948500e-04
  3.508310e+03  2.922750e-04
  3.417430e+03  1.948500e-04
  3.328910e+03  3.897000e-04
  3.242680e+03  4.871250e-04
  3.158680e+03  4.871250e-04
  3.076860e+03  5.845500e-04
  2.997160e+03  2.922750e-04
  2.919530e+03  6.819750e-04
  2.843900e+03  4.871250e-04
  2.770230e+03  4.871250e-04
  2.698480e+03  8.768250e-04
  2.628580e+03  2.922750e-04
  2.560490e+03  1.558800e-03
  2.494160e+03  9.742500e-04
  2.429550e+03  1.169100e-03
  2.366620e+03  7.794000e-04
  2.305320e+03  1.363950e-03
  2.245600e+03  1.071675e-03
  2.187430e+03  1.169100e-03
  2.130770e+03  1.363950e-03
  2.075580e+03  1.851075e-03
  2.021810e+03  2.143350e-03
  1.969440e+03  1.948500e-03
  1.918430e+03  2.922750e-03
  1.868730e+03  2.533050e-03
  1.820330e+03  1.656225e-03
  1.773170e+03  3.117575e-03
  1.727240e+03  3.020175e-03
  1.682500e+03  3.215025e-03
  1.638920e+03  3.702150e-03
  1.596470e+03  3.507300e-03
  1.555110e+03  3.994425e-03
  1.514830e+03  4.384125e-03
  1.475590e+03  4.578975e-03
  1.437370e+03  4.968650e-03
  1.400140e+03  4.676400e-03
  1.363870e+03  5.260925e-03
  1.328540e+03  7.404250e-03
  1.294120e+03  7.306875e-03
  1.260600e+03  7.599125e-03
  1.227950e+03  8.768151e-03
  1.196140e+03  8.378500e-03
  1.165160e+03  1.042442e-02
  1.134980e+03  1.042440e-02
  1.105580e+03  1.052187e-02
  1.076940e+03  1.286000e-02
  1.049040e+03  1.656210e-02
  1.021870e+03  1.617235e-02
  9.953980e+02  1.734145e-02
  9.696140e+02  1.743875e-02
  9.444970e+02  1.812080e-02
  9.200320e+02  2.055650e-02
  8.962000e+02  2.679170e-02
  8.729850e+02  2.688910e-02
  8.503720e+02  3.107830e-02
  8.283450e+02  3.331915e-02
  8.068880e+02  3.234485e-02
  7.859870e+02  4.062595e-02
  7.656270e+02  4.052855e-02
  7.457950e+02  4.481525e-02
  7.264760e+02  4.783540e-02
  7.076580e+02  5.514220e-02
  6.893270e+02  5.709085e-02
  6.714710e+02  6.605385e-02
  6.540780e+02  7.530930e-02
  6.371350e+02  8.164205e-02
  6.206310e+02  9.060490e-02
  6.045550e+02  1.043415e-01
  5.888950e+02  1.077520e-01
  5.736410e+02  1.177865e-01
  5.587810e+02  1.313295e-01
  5.443070e+02  1.415580e-01
  5.302080e+02  1.531510e-01
  5.164740e+02  1.778000e-01
  5.030950e+02  1.922195e-01
  4.900630e+02  2.059560e-01
  4.773690e+02  2.312860e-01
  4.650040e+02  2.505760e-01
  4.529580e+02  2.795105e-01
  4.412250e+02  3.058155e-01
  4.297960e+02  3.215005e-01
  4.186630e+02  3.432280e-01
  4.078180e+02  4.097685e-01
  3.972540e+02  4.393860e-01
  3.869640e+02  4.785500e-01
  3.769400e+02  5.199555e-01
  3.671770e+02  5.505475e-01
  3.576650e+02  6.180625e-01
  3.484010e+02  6.579085e-01
  3.393760e+02  7.435455e-01
  3.305850e+02  8.021945e-01
  3.220220e+02  8.732180e-01
  3.136800e+02  9.302125e-01
  3.055550e+02  1.004060e+00
  2.976400e+02  1.083070e+00
  2.899300e+02  1.192095e+00
  2.824200e+02  1.266910e+00
  2.751040e+02  1.369210e+00
  2.679780e+02  1.521370e+00
  2.610370e+02  1.616870e+00
  2.542750e+02  1.720630e+00
  2.476890e+02  1.862860e+00
  2.412730e+02  1.995260e+00
  2.350230e+02  2.144710e+00
  2.289350e+02  2.332755e+00
  2.230050e+02  2.496210e+00
  2.172280e+02  2.649955e+00
  2.116010e+02  2.846160e+00
  2.061200e+02  3.021330e+00
  2.007810e+02  3.220955e+00
  1.955800e+02  3.478270e+00
  1.905140e+02  3.702815e+00
  1.855790e+02  3.926305e+00
  1.807720e+02  4.197840e+00
  1.760890e+02  4.478415e+00
  1.715280e+02  4.736290e+00
  1.670850e+02  4.977915e+00
  1.627570e+02  5.267365e+00
  1.585410e+02  5.522905e+00
  1.544340e+02  5.790530e+00
  1.504340e+02  6.083585e+00
  1.465370e+02  6.276300e+00
  1.427410e+02  6.611825e+00
  1.390440e+02  6.879155e+00
  1.354420e+02  7.109365e+00
  1.319340e+02  7.388595e+00
  1.285160e+02  7.647640e+00
  1.251870e+02  7.859250e+00
  1.219440e+02  8.136325e+00
  1.187850e+02  8.391385e+00
  1.157090e+02  8.634560e+00
  1.127110e+02  8.911535e+00
  1.097920e+02  9.154989e+00
  1.069480e+02  9.404105e+00
  1.041770e+02  9.718690e+00
  1.014790e+02  9.996836e+00
  9.885030e+01  1.028710e+01
  9.628970e+01  1.059945e+01
  9.379550e+01  1.086125e+01
  9.136590e+01  1.108625e+01
  8.899920e+01  1.141420e+01
  8.669380e+01  1.176310e+01
  8.444820e+01  1.196325e+01
  8.226070e+01  1.227545e+01
  8.012980e+01  1.256435e+01
  7.805420e+01  1.281465e+01
  7.603240e+01  1.319730e+01
  7.406290e+01  1.348470e+01
  7.214440e+01  1.370570e+01
  7.027560e+01  1.398435e+01
  6.845520e+01  1.424510e+01
  6.668200e+01  1.447570e+01
  6.495470e+01  1.461795e+01
  6.327220e+01  1.468445e+01
  6.163320e+01  1.471630e+01
  6.003670e+01  1.458900e+01
  5.848160e+01  1.448155e+01
  5.696670e+01  1.430575e+01
  5.549110e+01  1.410530e+01
  5.405370e+01  1.406090e+01
  5.265350e+01  1.392415e+01
  5.128960e+01  1.377530e+01
  4.996100e+01  1.377985e+01
  4.866690e+01  1.361720e+01
  4.740620e+01  1.356765e+01
  4.617830e+01  1.341455e+01
  4.498210e+01  1.305290e+01
  4.381690e+01  1.261510e+01
  4.268190e+01  1.204970e+01
  4.157630e+01  1.164085e+01
  4.049930e+01  1.109665e+01
  3.945030e+01  1.057875e+01
  3.842840e+01  1.009060e+01
  3.743290e+01  9.637655e+00
  3.646330e+01  9.151690e+00
  3.551880e+01  8.755840e+00
  3.459870e+01  8.274860e+00
  3.370250e+01  7.902020e+00
  3.282950e+01  7.559960e+00
  3.197910e+01  7.195585e+00
  3.115070e+01  6.810470e+00
  3.034380e+01  6.538070e+00
  2.955780e+01  6.250480e+00
  2.879220e+01  5.878105e+00
  2.804640e+01  5.681610e+00
  2.731990e+01  5.376380e+00
  2.661220e+01  5.127255e+00
  2.592290e+01  4.886625e+00
  2.525140e+01  4.634785e+00
  2.459730e+01  4.409435e+00
  2.396010e+01  4.188570e+00
  2.333950e+01  3.964310e+00
  2.273490e+01  3.778610e+00
  2.214600e+01  3.608710e+00
  2.157230e+01  3.416295e+00
  2.101350e+01  3.229720e+00
  2.046920e+01  3.070045e+00
  1.993900e+01  2.858140e+00
  1.942250e+01  2.692140e+00
  1.891940e+01  2.575800e+00
  1.842930e+01  2.499045e+00
  1.795200e+01  2.443225e+00
  1.748690e+01  2.440675e+00
  1.703400e+01  2.424600e+00
  1.659270e+01  2.465330e+00
  1.616290e+01  2.529430e+00
  1.574430e+01  2.582625e+00
  1.533640e+01  2.649260e+00
  1.493920e+01  2.704895e+00
  1.455220e+01  2.687070e+00
  1.417520e+01  2.640695e+00
  1.380800e+01  2.502830e+00
  1.345040e+01  2.265310e+00
  1.310200e+01  2.014155e+00
  1.276260e+01  1.743425e+00
  1.243200e+01  1.485045e+00
  1.211000e+01  1.229400e+00
  1.179630e+01  1.034450e+00
  1.149070e+01  8.557780e-01
  1.119310e+01  7.614710e-01
  1.090310e+01  6.871360e-01
  1.062070e+01  6.168935e-01
  1.034560e+01  5.647705e-01
  1.007760e+01  4.872220e-01
  9.816600e+00  4.060660e-01
  9.562300e+00  3.593020e-01
  9.314600e+00  3.923300e-01
  9.073300e+00  5.312570e-01
  8.838300e+00  7.109085e-01
  8.609300e+00  9.627545e-01
  8.386300e+00  1.279580e+00
  8.169100e+00  1.628645e+00
  7.957500e+00  2.008990e+00
  7.751400e+00  2.233755e+00
  7.550600e+00  2.424615e+00
  7.355000e+00  2.436205e+00
  7.164500e+00  2.350470e+00
  6.978900e+00  2.260835e+00
  6.798100e+00  2.132035e+00
  6.622000e+00  2.031305e+00
  6.450500e+00  1.921515e+00
  6.283400e+00  1.799905e+00
  6.120600e+00  1.654655e+00
  5.962100e+00  1.584420e+00
  5.807600e+00  1.535505e+00
  5.657200e+00  1.503750e+00
  5.510700e+00  1.457465e+00
  5.367900e+00  1.423370e+00
  5.228900e+00  1.363265e+00
  5.093400e+00  1.237105e+00
  4.961500e+00  1.180100e+00
  4.833000e+00  1.200375e+00
  4.707800e+00  1.296440e+00
  4.585800e+00  9.957790e-01
  4.467100e+00  9.003020e-01
  4.351300e+00  9.146235e-01
  4.238600e+00  9.097525e-01
  4.128800e+00  9.089720e-01
  4.021900e+00  2.107395e+00
  3.917700e+00  1.313585e+00
  3.816200e+00  7.050630e-01
  3.717400e+00  6.259545e-01
  3.621100e+00  5.881530e-01
  3.527300e+00  5.699345e-01
  3.435900e+00  5.176170e-01
  3.346900e+00  4.743620e-01
  3.260200e+00  3.745980e-01
  3.175800e+00  2.917865e-01
  3.093500e+00  1.805280e-01
  3.013400e+00  1.528605e-01
  2.935300e+00  1.756565e-01
  2.859300e+00  2.186210e-01
  2.785200e+00  3.203330e-01
  2.713100e+00  3.933035e-01
  2.642800e+00  3.923275e-01
  2.574300e+00  4.098660e-01
  2.507600e+00  3.638805e-01
  2.442700e+00  3.576460e-01
  2.379400e+00  3.680700e-01
  2.317800e+00  3.239370e-01
  2.257700e+00  2.895470e-01
  2.199300e+00  3.715780e-01
  2.142300e+00  2.973390e-01
  2.086800e+00  2.675285e-01
  2.032700e+00  2.892535e-01
  1.980100e+00  3.143885e-01
  1.928800e+00  1.777035e-01
  1.878800e+00  1.510075e-01
  1.830200e+00  1.796505e-01
  1.782800e+00  3.254955e-01
  1.736600e+00  2.304100e-01
  1.691600e+00  1.777015e-01
  1.647800e+00  1.652325e-01
  1.605100e+00  1.584130e-01
  1.563500e+00  1.446765e-01
  1.523000e+00  1.307440e-01
  1.483600e+00  1.291855e-01
  1.445100e+00  1.109665e-01
  1.407700e+00  1.039520e-01
  1.371200e+00  9.323534e-02
  1.335700e+00  1.006407e-01
  1.301100e+00  8.018055e-02
  1.267400e+00  5.972125e-02
  1.234600e+00  7.365310e-02
  1.202600e+00  8.641565e-02
  1.171500e+00  6.585900e-02
  1.141100e+00  7.569905e-02
  1.111600e+00  6.040320e-02
  1.082800e+00  5.621400e-02
  1.054700e+00  6.147490e-02
  1.027400e+00  5.387570e-02
  1.000800e+00  4.910200e-02
  9.749000e-01  4.491265e-02
  9.496000e-01  4.764065e-02
  9.250000e-01  4.949160e-02
  9.010000e-01  4.247705e-02
  8.777000e-01  4.062590e-02
  8.550000e-01  4.803035e-02
  8.328000e-01  4.364620e-02
  8.113000e-01  4.520500e-02
  7.902000e-01  4.091820e-02
  7.698000e-01  3.965180e-02
  7.498000e-01  4.578965e-02
  7.304000e-01  3.819030e-02
  7.115000e-01  3.302685e-02
  6.931000e-01  3.965180e-02
  6.751000e-01  5.455775e-02
  6.576000e-01  6.946370e-02
  6.406000e-01  7.491960e-02
  6.240000e-01  3.487780e-02
  6.078000e-01  4.608180e-02
  5.921000e-01  3.536510e-02
  5.767000e-01  2.494055e-02
  5.618000e-01  2.386890e-02
  5.472000e-01  2.718130e-02
  5.331000e-01  3.273455e-02
  5.193000e-01  3.409850e-02
  5.058000e-01  3.741095e-02
  4.927000e-01  2.844780e-02
  4.799000e-01  2.260235e-02
  4.675000e-01  1.880280e-02
  4.554000e-01  1.773100e-02
  4.436000e-01  1.860795e-02
  4.321000e-01  1.422385e-02
  4.209000e-01  1.480840e-02
  4.100000e-01  1.529555e-02
  3.994000e-01  2.308950e-02
  3.891000e-01  1.646470e-02
  3.790000e-01  1.539285e-02
  3.692000e-01  1.344445e-02
  3.596000e-01  1.286010e-02
  3.503000e-01  1.139860e-02
  3.412000e-01  1.052190e-02
  3.324000e-01  1.217800e-02
  3.238000e-01  9.157825e-03
  3.154000e-01  9.060500e-03
  3.072000e-01  7.696525e-03
  2.992000e-01  7.014575e-03
  2.915000e-01  6.332625e-03
  2.839000e-01  7.599075e-03
  2.766000e-01  7.209425e-03
  2.694000e-01  7.112025e-03
  2.624000e-01  5.845500e-03
  2.556000e-01  4.189275e-03
  2.490000e-01  4.773825e-03
  2.426000e-01  4.189250e-03
  2.363000e-01  3.799575e-03
  2.302000e-01  2.143350e-03
  2.242000e-01  1.851075e-03
  2.184000e-01  2.045925e-03
  2.127000e-01  1.558800e-03
  2.072000e-01  1.071675e-03
  2.019000e-01  1.169100e-03
  1.966000e-01  3.897000e-04
  1.915000e-01  7.794000e-04
  1.866000e-01  8.768251e-04
  1.817000e-01  6.819750e-04
  1.770000e-01  1.948500e-04
  1.725000e-01  1.948500e-04
  1.680000e-01  1.948500e-04
  1.636000e-01  9.742500e-05
  1.594000e-01  4.871250e-04
  1.553000e-01  1.948500e-04
  1.512000e-01  9.742500e-05
  1.473000e-01  9.742500e-05
  1.435000e-01  9.742500e-05
  1.398000e-01  2.922750e-04
  1.362000e-01  9.742500e-05
  1.326000e-01  9.742500e-05
  1.292000e-01  9.742500e-05
  1.259000e-01  0.000000e+00
  1.226000e-01  1.948500e-04
  1.194000e-01  9.742500e-05
  1.163000e-01  0.000000e+00
  1.133000e-01  9.742500e-05
  1.104000e-01  0.000000e+00
  1.075000e-01  9.742500e-05
  1.047000e-01  2.922750e-04
  1.020000e-01  1.948500e-04
  9.940000e-02  9.742500e-05
  9.680000e-02  0.000000e+00
  9.430000e-02  1.948500e-04
  9.190000e-02  0.000000e+00
  8.950000e-02  9.742500e-05
  8.720000e-02  9.742500e-05
  8.490000e-02  0.000000e+00
  8.270000e-02  0.000000e+00
  8.060000e-02  0.000000e+00
  7.850000e-02  0.000000e+00
  7.640000e-02  9.742500e-05
  7.450000e-02  0.000000e+00
  7.250000e-02  0.000000e+00
  7.070000e-02  0.000000e+00
  6.880000e-02  9.742500e-05
  6.700000e-02  9.742500e-05
  6.530000e-02  9.742500e-05
  6.360000e-02  0.000000e+00
  6.200000e-02  9.742500e-05
  6.040000e-02  0.000000e+00
  5.880000e-02  1.948500e-04
  5.730000e-02  0.000000e+00
  5.580000e-02  0.000000e+00
  5.430000e-02  0.000000e+00
  5.290000e-02  9.742500e-05
  5.160000e-02  0.000000e+00
  5.020000e-02  0.000000e+00
  4.890000e-02  1.948500e-04
  4.770000e-02  0.000000e+00
  4.640000e-02  0.000000e+00
  4.520000e-02  0.000000e+00
  4.410000e-02  9.742500e-05
  4.290000e-02  0.000000e+00
  4.180000e-02  0.000000e+00
  4.070000e-02  0.000000e+00
  3.970000e-02  9.742500e-05
  3.860000e-02  0.000000e+00
  3.760000e-02  0.000000e+00
  3.670000e-02  0.000000e+00
  3.570000e-02  0.000000e+00
  3.480000e-02  0.000000e+00
  3.390000e-02  0.000000e+00
  3.300000e-02  0.000000e+00
  3.220000e-02  0.000000e+00
  3.130000e-02  1.948500e-04
  3.050000e-02  0.000000e+00
  2.970000e-02  0.000000e+00
  2.890000e-02  9.742500e-05
  2.820000e-02  0.000000e+00
  2.750000e-02  9.742500e-05
  2.680000e-02  9.742500e-05
  2.610000e-02  0.000000e+00
  2.540000e-02  0.000000e+00
  2.470000e-02  0.000000e+00
  2.410000e-02  0.000000e+00
  2.350000e-02  0.000000e+00
  2.290000e-02  0.000000e+00
  2.230000e-02  0.000000e+00
  2.170000e-02  0.000000e+00
  2.110000e-02  9.742500e-05
  2.060000e-02  0.000000e+00
  2.000000e-02  0.000000e+00
  1.950000e-02  0.000000e+00
  1.900000e-02  0.000000e+00
  1.850000e-02  0.000000e+00
  1.800000e-02  0.000000e+00
  1.760000e-02  0.000000e+00
  1.710000e-02  0.000000e+00
  1.670000e-02  0.000000e+00
  1.630000e-02  0.000000e+00
  1.580000e-02  0.000000e+00
  1.540000e-02  0.000000e+00
  1.500000e-02  0.000000e+00
  1.460000e-02  0.000000e+00
  1.430000e-02  0.000000e+00
  1.390000e-02  0.000000e+00
  1.350000e-02  0.000000e+00
  1.320000e-02  0.000000e+00
  1.280000e-02  0.000000e+00
  1.250000e-02  0.000000e+00
  1.220000e-02  0.000000e+00
  1.190000e-02  0.000000e+00
  1.160000e-02  0.000000e+00
  1.130000e-02  0.000000e+00
  1.100000e-02  0.000000e+00
  1.070000e-02  0.000000e+00
  1.040000e-02  0.000000e+00
  1.010000e-02  9.742500e-05
