  4.934820e+03  6.975700e-03
  4.806990e+03  0.000000e+00
  4.682470e+03  0.000000e+00
  4.561180e+03  0.000000e+00
  4.443030e+03  0.000000e+00
  4.327940e+03  0.000000e+00
  4.215830e+03  0.000000e+00
  4.106630e+03  1.743900e-03
  4.000250e+03  0.000000e+00
  3.896630e+03  8.719500e-04
  3.795700e+03  0.000000e+00
  3.697380e+03  3.487800e-03
  3.601600e+03  0.000000e+00
  3.508310e+03  8.719500e-04
  3.417430e+03  0.000000e+00
  3.328910e+03  1.743900e-03
  3.242680e+03  8.719500e-04
  3.158680e+03  1.743900e-03
  3.076860e+03  8.719500e-04
  2.997160e+03  1.743900e-03
  2.919530e+03  0.000000e+00
  2.843900e+03  1.743900e-03
  2.770230e+03  0.000000e+00
  2.698480e+03  4.359800e-03
  2.628580e+03  1.743900e-03
  2.560490e+03  1.743900e-03
  2.494160e+03  4.359800e-03
  2.429550e+03  2.615850e-03
  2.366620e+03  2.615850e-03
  2.305320e+03  1.743900e-03
  2.245600e+03  1.743900e-03
  2.187430e+03  8.719500e-04
  2.130770e+03  5.231700e-03
  2.075580e+03  2.615850e-03
  2.021810e+03  1.743900e-03
  1.969440e+03  4.359800e-03
  1.918430e+03  1.743900e-03
  1.868730e+03  4.359800e-03
  1.820330e+03  2.615850e-03
  1.773170e+03  3.487800e-03
  1.727240e+03  5.231750e-03
  1.682500e+03  6.975600e-03
  1.638920e+03  4.359750e-03
  1.596470e+03  2.615900e-03
  1.555110e+03  5.231700e-03
  1.514830e+03  7.847550e-03
  1.475590e+03  9.591600e-03
  1.437370e+03  5.231700e-03
  1.400140e+03  8.719550e-03
  1.363870e+03  1.656720e-02
  1.328540e+03  1.220750e-02
  1.294120e+03  1.307945e-02
  1.260600e+03  1.743930e-02
  1.227950e+03  1.307940e-02
  1.196140e+03  1.307935e-02
  1.165160e+03  1.743930e-02
  1.134980e+03  1.743935e-02
  1.105580e+03  2.092720e-02
  1.076940e+03  2.354300e-02
  1.049040e+03  1.918320e-02
  1.021870e+03  2.615900e-02
  9.953980e+02  2.877485e-02
  9.696140e+02  2.877485e-02
  9.444970e+02  2.964690e-02
  9.200320e+02  4.098240e-02
  8.962000e+02  5.231805e-02
  8.729850e+02  4.708615e-02
  8.503720e+02  4.272640e-02
  8.283450e+02  6.365395e-02
  8.068880e+02  4.970280e-02
  7.859870e+02  8.458140e-02
  7.656270e+02  8.109380e-02
  7.457950e+02  8.370920e-02
  7.264760e+02  6.627045e-02
  7.076580e+02  9.766125e-02
  6.893270e+02  1.124840e-01
  6.714710e+02  9.940525e-02
  6.540780e+02  1.246900e-01
  6.371350e+02  1.238190e-01
  6.206310e+02  1.525935e-01
  6.045550e+02  1.586965e-01
  5.888950e+02  1.717765e-01
  5.736410e+02  1.787510e-01
  5.587810e+02  2.014235e-01
  5.443070e+02  2.607175e-01
  5.302080e+02  2.380460e-01
  5.164740e+02  2.947255e-01
  5.030950e+02  2.999575e-01
  4.900630e+02  3.173975e-01
  4.773690e+02  3.758185e-01
  4.650040e+02  4.124410e-01
  4.529580e+02  4.839420e-01
  4.412250e+02  4.865575e-01
  4.297960e+02  5.789870e-01
  4.186630e+02  6.016570e-01
  4.078180e+02  6.644395e-01
  3.972540e+02  7.533805e-01
  3.869640e+02  8.519145e-01
  3.769400e+02  8.667385e-01
  3.671770e+02  9.896840e-01
  3.576650e+02  1.095190e+00
  3.484010e+02  1.200700e+00
  3.393760e+02  1.318420e+00
  3.305850e+02  1.428280e+00
  3.220220e+02  1.536405e+00
  3.136800e+02  1.620980e+00
  3.055550e+02  1.848570e+00
  2.976400e+02  2.016865e+00
  2.899300e+02  2.186025e+00
  2.824200e+02  2.491225e+00
  2.751040e+02  2.705710e+00
  2.679780e+02  3.035320e+00
  2.610370e+02  3.270755e+00
  2.542750e+02  3.509670e+00
  2.476890e+02  3.806140e+00
  2.412730e+02  4.247360e+00
  2.350230e+02  4.825475e+00
  2.289350e+02  5.282390e+00
  2.230050e+02  5.735815e+00
  2.172280e+02  6.119475e+00
  2.116010e+02  6.853670e+00
  2.061200e+02  7.340230e+00
  2.007810e+02  8.009025e+00
  1.955800e+02  8.877516e+00
  1.905140e+02  9.702394e+00
  1.855790e+02  1.076270e+01
  1.807720e+02  1.192940e+01
  1.760890e+02  1.300450e+01
  1.715280e+02  1.402465e+01
  1.670850e+02  1.560910e+01
  1.627570e+02  1.682290e+01
  1.585410e+02  1.774710e+01
  1.544340e+02  1.951030e+01
  1.504340e+02  2.112525e+01
  1.465370e+02  2.267635e+01
  1.427410e+02  2.430265e+01
  1.390440e+02  2.643910e+01
  1.354420e+02  2.810445e+01
  1.319340e+02  3.024515e+01
  1.285160e+02  3.193235e+01
  1.251870e+02  3.420655e+01
  1.219440e+02  3.624240e+01
  1.187850e+02  3.891070e+01
  1.157090e+02  4.126935e+01
  1.127110e+02  4.443820e+01
  1.097920e+02  4.719095e+01
  1.069480e+02  4.991685e+01
  1.041770e+02  5.263295e+01
  1.014790e+02  5.594550e+01
  9.885030e+01  5.889970e+01
  9.628970e+01  6.305215e+01
  9.379550e+01  6.642480e+01
  9.136590e+01  7.010535e+01
  8.899920e+01  7.356620e+01
  8.669380e+01  7.712735e+01
  8.444820e+01  8.135555e+01
  8.226070e+01  8.614795e+01
  8.012980e+01  9.032980e+01
  7.805420e+01  9.494955e+01
  7.603240e+01  9.966460e+01
  7.406290e+01  1.037840e+02
  7.214440e+01  1.088750e+02
  7.027560e+01  1.135385e+02
  6.845520e+01  1.179150e+02
  6.668200e+01  1.233435e+02
  6.495470e+01  1.276480e+02
  6.327220e+01  1.312710e+02
  6.163320e+01  1.351820e+02
  6.003670e+01  1.371935e+02
  5.848160e+01  1.399095e+02
  5.696670e+01  1.417220e+02
  5.549110e+01  1.448170e+02
  5.405370e+01  1.467960e+02
  5.265350e+01  1.505215e+02
  5.128960e+01  1.537035e+02
  4.996100e+01  1.563835e+02
  4.866690e+01  1.607135e+02
  4.740620e+01  1.646750e+02
  4.617830e+01  1.670725e+02
  4.498210e+01  1.688510e+02
  4.381690e+01  1.697715e+02
  4.268190e+01  1.685750e+02
  4.157630e+01  1.681020e+02
  4.049930e+01  1.676390e+02
  3.945030e+01  1.661470e+02
  3.842840e+01  1.635315e+02
  3.743290e+01  1.632695e+02
  3.646330e+01  1.616395e+02
  3.551880e+01  1.597515e+02
  3.459870e+01  1.590120e+02
  3.370250e+01  1.577240e+02
  3.282950e+01  1.566630e+02
  3.197910e+01  1.556655e+02
  3.115070e+01  1.546660e+02
  3.034380e+01  1.539330e+02
  2.955780e+01  1.529235e+02
  2.879220e+01  1.515700e+02
  2.804640e+01  1.510555e+02
  2.731990e+01  1.505490e+02
  2.661220e+01  1.498475e+02
  2.592290e+01  1.492125e+02
  2.525140e+01  1.487710e+02
  2.459730e+01  1.483180e+02
  2.396010e+01  1.485005e+02
  2.333950e+01  1.479455e+02
  2.273490e+01  1.479780e+02
  2.214600e+01  1.478160e+02
  2.157230e+01  1.478735e+02
  2.101350e+01  1.498640e+02
  2.046920e+01  1.499155e+02
  1.993900e+01  1.504230e+02
  1.942250e+01  1.507075e+02
  1.891940e+01  1.507135e+02
  1.842930e+01  1.501265e+02
  1.795200e+01  1.495130e+02
  1.748690e+01  1.478125e+02
  1.703400e+01  1.453890e+02
  1.659270e+01  1.435415e+02
  1.616290e+01  1.420370e+02
  1.574430e+01  1.400550e+02
  1.533640e+01  1.386810e+02
  1.493920e+01  1.373220e+02
  1.455220e+01  1.372935e+02
  1.417520e+01  1.383385e+02
  1.380800e+01  1.399415e+02
  1.345040e+01  1.425730e+02
  1.310200e+01  1.457750e+02
  1.276260e+01  1.491055e+02
  1.243200e+01  1.543670e+02
  1.211000e+01  1.591230e+02
  1.179630e+01  1.643560e+02
  1.149070e+01  1.707470e+02
  1.119310e+01  1.782105e+02
  1.090310e+01  1.845395e+02
  1.062070e+01  1.922545e+02
  1.034560e+01  1.997115e+02
  1.007760e+01  2.075160e+02
  9.816600e+00  2.133560e+02
  9.562300e+00  2.165130e+02
  9.314600e+00  2.152190e+02
  9.073300e+00  2.112180e+02
  8.838300e+00  2.065970e+02
  8.609300e+00  1.995595e+02
  8.386300e+00  1.947580e+02
  8.169100e+00  1.900145e+02
  7.957500e+00  1.850310e+02
  7.751400e+00  1.793420e+02
  7.550600e+00  1.805970e+02
  7.355000e+00  1.871185e+02
  7.164500e+00  1.874050e+02
  6.978900e+00  1.840325e+02
  6.798100e+00  1.832140e+02
  6.622000e+00  1.824350e+02
  6.450500e+00  1.887410e+02
  6.283400e+00  1.961110e+02
  6.120600e+00  1.979140e+02
  5.962100e+00  1.985630e+02
  5.807600e+00  2.007335e+02
  5.657200e+00  2.035920e+02
  5.510700e+00  2.116560e+02
  5.367900e+00  2.314985e+02
  5.228900e+00  2.241315e+02
  5.093400e+00  2.150475e+02
  4.961500e+00  2.140470e+02
  4.833000e+00  2.458900e+02
  4.707800e+00  2.926135e+02
  4.585800e+00  2.299505e+02
  4.467100e+00  2.218755e+02
  4.351300e+00  2.296830e+02
  4.238600e+00  2.427955e+02
  4.128800e+00  2.518730e+02
  4.021900e+00  7.678695e+02
  3.917700e+00  4.833945e+02
  3.816200e+00  2.441610e+02
  3.717400e+00  2.371160e+02
  3.621100e+00  2.383245e+02
  3.527300e+00  2.405490e+02
  3.435900e+00  2.410620e+02
  3.346900e+00  2.372650e+02
  3.260200e+00  2.437630e+02
  3.175800e+00  2.537305e+02
  3.093500e+00  2.414330e+02
  3.013400e+00  2.404180e+02
  2.935300e+00  2.408420e+02
  2.859300e+00  2.399995e+02
  2.785200e+00  2.489985e+02
  2.713100e+00  2.443520e+02
  2.642800e+00  2.367415e+02
  2.574300e+00  2.546835e+02
  2.507600e+00  2.313395e+02
  2.442700e+00  2.288140e+02
  2.379400e+00  2.370075e+02
  2.317800e+00  2.192755e+02
  2.257700e+00  2.067275e+02
  2.199300e+00  2.998395e+02
  2.142300e+00  1.975945e+02
  2.086800e+00  1.860290e+02
  2.032700e+00  1.843020e+02
  1.980100e+00  1.828380e+02
  1.928800e+00  1.680180e+02
  1.878800e+00  1.665530e+02
  1.830200e+00  1.551805e+02
  1.782800e+00  1.478190e+02
  1.736600e+00  1.404240e+02
  1.691600e+00  1.367830e+02
  1.647800e+00  1.244985e+02
  1.605100e+00  1.146810e+02
  1.563500e+00  1.050825e+02
  1.523000e+00  9.965504e+01
  1.483600e+00  9.792516e+01
  1.445100e+00  8.665710e+01
  1.407700e+00  8.320400e+01
  1.371200e+00  7.970316e+01
  1.335700e+00  7.071235e+01
  1.301100e+00  7.205080e+01
  1.267400e+00  6.045190e+01
  1.234600e+00  5.859630e+01
  1.202600e+00  5.601175e+01
  1.171500e+00  5.208275e+01
  1.141100e+00  5.115485e+01
  1.111600e+00  4.564840e+01
  1.082800e+00  4.408580e+01
  1.054700e+00  5.148185e+01
  1.027400e+00  4.180475e+01
  1.000800e+00  3.865255e+01
  9.749000e-01  3.716245e+01
  9.496000e-01  3.947130e+01
  9.250000e-01  4.096340e+01
  9.010000e-01  3.570555e+01
  8.777000e-01  3.852800e+01
  8.550000e-01  3.844430e+01
  8.328000e-01  3.273360e+01
  8.113000e-01  3.727925e+01
  7.902000e-01  3.637240e+01
  7.698000e-01  3.270925e+01
  7.498000e-01  3.880080e+01
  7.304000e-01  3.351845e+01
  7.115000e-01  3.072475e+01
  6.931000e-01  3.474430e+01
  6.751000e-01  3.009080e+01
  6.576000e-01  3.045005e+01
  6.406000e-01  3.104555e+01
  6.240000e-01  2.733535e+01
  6.078000e-01  2.933035e+01
  5.921000e-01  2.550160e+01
  5.767000e-01  2.510835e+01
  5.618000e-01  2.335040e+01
  5.472000e-01  2.250985e+01
  5.331000e-01  2.165360e+01
  5.193000e-01  2.004215e+01
  5.058000e-01  6.270075e+01
  4.927000e-01  3.100205e+01
  4.799000e-01  1.644805e+01
  4.675000e-01  1.500655e+01
  4.554000e-01  1.555845e+01
  4.436000e-01  1.957045e+01
  4.321000e-01  1.185695e+01
  4.209000e-01  1.155865e+01
  4.100000e-01  1.018725e+01
  3.994000e-01  1.308835e+01
  3.891000e-01  8.745834e+00
  3.790000e-01  8.070060e+00
  3.692000e-01  7.092585e+00
  3.596000e-01  6.265090e+00
  3.503000e-01  5.332955e+00
  3.412000e-01  4.735660e+00
  3.324000e-01  3.984900e+00
  3.238000e-01  3.338770e+00
  3.154000e-01  2.893185e+00
  3.072000e-01  2.482500e+00
  2.992000e-01  2.118880e+00
  2.915000e-01  1.813690e+00
  2.839000e-01  1.509380e+00
  2.766000e-01  1.249535e+00
  2.694000e-01  1.082115e+00
  2.624000e-01  8.928955e-01
  2.556000e-01  7.559965e-01
  2.490000e-01  6.356665e-01
  2.426000e-01  5.781145e-01
  2.363000e-01  4.394715e-01
  2.302000e-01  3.880260e-01
  2.242000e-01  3.391960e-01
  2.184000e-01  2.921085e-01
  2.127000e-01  2.633345e-01
  2.072000e-01  2.406620e-01
  2.019000e-01  2.415340e-01
  1.966000e-01  2.014230e-01
  1.915000e-01  1.866000e-01
  1.866000e-01  1.857275e-01
  1.817000e-01  3.958740e-01
  1.770000e-01  2.842615e-01
  1.725000e-01  1.848560e-01
  1.680000e-01  1.970625e-01
  1.636000e-01  2.153740e-01
  1.594000e-01  1.839830e-01
  1.553000e-01  2.022950e-01
  1.512000e-01  1.804955e-01
  1.473000e-01  1.927035e-01
  1.435000e-01  1.569530e-01
  1.398000e-01  1.569535e-01
  1.362000e-01  1.552100e-01
  1.326000e-01  1.552090e-01
  1.292000e-01  1.621845e-01
  1.259000e-01  1.569530e-01
  1.226000e-01  1.578240e-01
  1.194000e-01  1.560805e-01
  1.163000e-01  1.368980e-01
  1.133000e-01  1.621850e-01
  1.104000e-01  1.325380e-01
  1.075000e-01  1.255628e-01
  1.047000e-01  1.630580e-01
  1.020000e-01  1.560810e-01
  9.940000e-02  1.578250e-01
  9.680000e-02  1.342835e-01
  9.430000e-02  1.351545e-01
  9.190000e-02  1.491055e-01
  8.950000e-02  1.342820e-01
  8.720000e-02  1.560820e-01
  8.490000e-02  1.430015e-01
  8.270000e-02  1.020203e-01
  8.060000e-02  1.133560e-01
  7.850000e-02  1.028930e-01
  7.640000e-02  1.194595e-01
  7.450000e-02  1.447455e-01
  7.250000e-02  1.212030e-01
  7.070000e-02  1.290510e-01
  6.880000e-02  1.203310e-01
  6.700000e-02  1.473615e-01
  6.530000e-02  1.334095e-01
  6.360000e-02  1.464905e-01
  6.200000e-02  1.395125e-01
  6.040000e-02  1.325380e-01
  5.880000e-02  1.264355e-01
  5.730000e-02  1.290505e-01
  5.580000e-02  1.273060e-01
  5.430000e-02  1.116125e-01
  5.290000e-02  1.229475e-01
  5.160000e-02  1.028933e-01
  5.020000e-02  1.107400e-01
  4.890000e-02  1.055095e-01
  4.770000e-02  1.020200e-01
  4.640000e-02  9.766110e-02
  4.520000e-02  8.283725e-02
  4.410000e-02  8.458170e-02
  4.290000e-02  7.063045e-02
  4.180000e-02  6.975760e-02
  4.070000e-02  7.934930e-02
  3.970000e-02  6.365430e-02
  3.860000e-02  6.016640e-02
  3.760000e-02  4.795845e-02
  3.670000e-02  4.883070e-02
  3.570000e-02  5.057445e-02
  3.480000e-02  2.964690e-02
  3.390000e-02  3.400680e-02
  3.300000e-02  3.487855e-02
  3.220000e-02  3.749450e-02
  3.130000e-02  3.139090e-02
  3.050000e-02  2.441495e-02
  2.970000e-02  1.482335e-02
  2.890000e-02  1.569535e-02
  2.820000e-02  1.482335e-02
  2.750000e-02  1.307950e-02
  2.680000e-02  1.133550e-02
  2.610000e-02  1.046355e-02
  2.540000e-02  4.359750e-03
  2.470000e-02  6.975700e-03
  2.410000e-02  3.487800e-03
  2.350000e-02  8.719600e-03
  2.290000e-02  6.975600e-03
  2.230000e-02  3.487800e-03
  2.170000e-02  6.975600e-03
  2.110000e-02  2.615850e-03
  2.060000e-02  1.743900e-03
  2.000000e-02  1.743900e-03
  1.950000e-02  2.615900e-03
  1.900000e-02  8.719500e-04
  1.850000e-02  8.719500e-04
  1.800000e-02  0.000000e+00
  1.760000e-02  0.000000e+00
  1.710000e-02  8.719500e-04
  1.670000e-02  8.719500e-04
  1.630000e-02  8.719500e-04
  1.580000e-02  8.719500e-04
  1.540000e-02  0.000000e+00
  1.500000e-02  0.000000e+00
  1.460000e-02  0.000000e+00
  1.430000e-02  0.000000e+00
  1.390000e-02  0.000000e+00
  1.350000e-02  0.000000e+00
  1.320000e-02  0.000000e+00
  1.280000e-02  8.719500e-04
  1.250000e-02  0.000000e+00
  1.220000e-02  0.000000e+00
  1.190000e-02  0.000000e+00
  1.160000e-02  0.000000e+00
  1.130000e-02  0.000000e+00
  1.100000e-02  0.000000e+00
  1.070000e-02  0.000000e+00
  1.040000e-02  0.000000e+00
  1.010000e-02  0.000000e+00
