  4.934820e+03  2.338200e-03
  4.806990e+03  1.948500e-04
  4.682470e+03  0.000000e+00
  4.561180e+03  2.922750e-04
  4.443030e+03  1.948500e-04
  4.327940e+03  2.922750e-04
  4.215830e+03  9.742500e-05
  4.106630e+03  2.922750e-04
  4.000250e+03  7.794000e-04
  3.896630e+03  3.897000e-04
  3.795700e+03  3.897000e-04
  3.697380e+03  5.845500e-04
  3.601600e+03  7.794000e-04
  3.508310e+03  2.922750e-04
  3.417430e+03  4.871250e-04
  3.328910e+03  8.768250e-04
  3.242680e+03  1.169100e-03
  3.158680e+03  8.768251e-04
  3.076860e+03  3.897000e-04
  2.997160e+03  5.845500e-04
  2.919530e+03  1.363950e-03
  2.843900e+03  8.768250e-04
  2.770230e+03  1.169100e-03
  2.698480e+03  8.768250e-04
  2.628580e+03  1.266525e-03
  2.560490e+03  1.753650e-03
  2.494160e+03  1.851075e-03
  2.429550e+03  1.851075e-03
  2.366620e+03  1.753650e-03
  2.305320e+03  1.753650e-03
  2.245600e+03  2.338200e-03
  2.187430e+03  2.338200e-03
  2.130770e+03  2.143350e-03
  2.075580e+03  2.825325e-03
  2.021810e+03  3.020175e-03
  1.969440e+03  2.727900e-03
  1.918430e+03  3.507300e-03
  1.868730e+03  3.799575e-03
  1.820330e+03  4.189275e-03
  1.773170e+03  4.189275e-03
  1.727240e+03  4.968675e-03
  1.682500e+03  5.553225e-03
  1.638920e+03  5.845500e-03
  1.596470e+03  4.286700e-03
  1.555110e+03  6.917150e-03
  1.514830e+03  6.527450e-03
  1.475590e+03  7.112000e-03
  1.437370e+03  9.547601e-03
  1.400140e+03  1.100892e-02
  1.363870e+03  1.169085e-02
  1.328540e+03  1.130120e-02
  1.294120e+03  9.255325e-03
  1.260600e+03  1.188570e-02
  1.227950e+03  1.480845e-02
  1.196140e+03  1.432135e-02
  1.165160e+03  1.578270e-02
  1.134980e+03  1.568520e-02
  1.105580e+03  1.568515e-02
  1.076940e+03  1.724395e-02
  1.049040e+03  1.948480e-02
  1.021870e+03  2.201795e-02
  9.953980e+02  2.649935e-02
  9.696140e+02  2.289465e-02
  9.444970e+02  3.127320e-02
  9.200320e+02  3.107840e-02
  8.962000e+02  3.370880e-02
  8.729850e+02  3.624175e-02
  8.503720e+02  4.150280e-02
  8.283450e+02  4.462030e-02
  8.068880e+02  4.666635e-02
  7.859870e+02  5.036850e-02
  7.656270e+02  5.299895e-02
  7.457950e+02  6.244920e-02
  7.264760e+02  7.112010e-02
  7.076580e+02  7.267875e-02
  6.893270e+02  7.618611e-02
  6.714710e+02  8.709764e-02
  6.540780e+02  9.693781e-02
  6.371350e+02  1.015163e-01
  6.206310e+02  1.139875e-01
  6.045550e+02  1.234375e-01
  5.888950e+02  1.333745e-01
  5.736410e+02  1.441900e-01
  5.587810e+02  1.585105e-01
  5.443070e+02  1.672785e-01
  5.302080e+02  1.930955e-01
  5.164740e+02  2.028375e-01
  5.030950e+02  2.334315e-01
  4.900630e+02  2.463880e-01
  4.773690e+02  2.750305e-01
  4.650040e+02  2.852595e-01
  4.529580e+02  3.210140e-01
  4.412250e+02  3.556005e-01
  4.297960e+02  3.770335e-01
  4.186630e+02  4.172710e-01
  4.078180e+02  4.450355e-01
  3.972540e+02  4.772830e-01
  3.869640e+02  5.295030e-01
  3.769400e+02  5.908800e-01
  3.671770e+02  6.172820e-01
  3.576650e+02  6.866500e-01
  3.484010e+02  7.562105e-01
  3.393760e+02  8.206095e-01
  3.305850e+02  8.700015e-01
  3.220220e+02  9.503790e-01
  3.136800e+02  9.959760e-01
  3.055550e+02  1.112105e+00
  2.976400e+02  1.198810e+00
  2.899300e+02  1.284835e+00
  2.824200e+02  1.380705e+00
  2.751040e+02  1.478730e+00
  2.679780e+02  1.622205e+00
  2.610370e+02  1.733665e+00
  2.542750e+02  1.852920e+00
  2.476890e+02  2.007720e+00
  2.412730e+02  2.160010e+00
  2.350230e+02  2.314320e+00
  2.289350e+02  2.489495e+00
  2.230050e+02  2.659500e+00
  2.172280e+02  2.857760e+00
  2.116010e+02  3.042950e+00
  2.061200e+02  3.241220e+00
  2.007810e+02  3.451850e+00
  1.955800e+02  3.710035e+00
  1.905140e+02  3.963830e+00
  1.855790e+02  4.263995e+00
  1.807720e+02  4.462630e+00
  1.760890e+02  4.742050e+00
  1.715280e+02  5.086750e+00
  1.670850e+02  5.344820e+00
  1.627570e+02  5.637770e+00
  1.585410e+02  5.894285e+00
  1.544340e+02  6.209160e+00
  1.504340e+02  6.504755e+00
  1.465370e+02  6.760110e+00
  1.427410e+02  7.093885e+00
  1.390440e+02  7.352635e+00
  1.354420e+02  7.610135e+00
  1.319340e+02  7.948210e+00
  1.285160e+02  8.248560e+00
  1.251870e+02  8.521355e+00
  1.219440e+02  8.781759e+00
  1.187850e+02  9.112605e+00
  1.157090e+02  9.346334e+00
  1.127110e+02  9.713240e+00
  1.097920e+02  9.964825e+00
  1.069480e+02  1.031665e+01
  1.041770e+02  1.058205e+01
  1.014790e+02  1.104840e+01
  9.885030e+01  1.133055e+01
  9.628970e+01  1.165330e+01
  9.379550e+01  1.200975e+01
  9.136590e+01  1.234595e+01
  8.899920e+01  1.267880e+01
  8.669380e+01  1.310380e+01
  8.444820e+01  1.347730e+01
  8.226070e+01  1.377580e+01
  8.012980e+01  1.426155e+01
  7.805420e+01  1.465235e+01
  7.603240e+01  1.509195e+01
  7.406290e+01  1.551275e+01
  7.214440e+01  1.593970e+01
  7.027560e+01  1.626265e+01
  6.845520e+01  1.669860e+01
  6.668200e+01  1.703940e+01
  6.495470e+01  1.749350e+01
  6.327220e+01  1.774165e+01
  6.163320e+01  1.778635e+01
  6.003670e+01  1.799570e+01
  5.848160e+01  1.787015e+01
  5.696670e+01  1.782735e+01
  5.549110e+01  1.785360e+01
  5.405370e+01  1.793500e+01
  5.265350e+01  1.810795e+01
  5.128960e+01  1.832410e+01
  4.996100e+01  1.845065e+01
  4.866690e+01  1.868130e+01
  4.740620e+01  1.887225e+01
  4.617830e+01  1.899275e+01
  4.498210e+01  1.901700e+01
  4.381690e+01  1.879005e+01
  4.268190e+01  1.841630e+01
  4.157630e+01  1.800075e+01
  4.049930e+01  1.755575e+01
  3.945030e+01  1.705450e+01
  3.842840e+01  1.663635e+01
  3.743290e+01  1.616815e+01
  3.646330e+01  1.570380e+01
  3.551880e+01  1.531865e+01
  3.459870e+01  1.495465e+01
  3.370250e+01  1.465225e+01
  3.282950e+01  1.439140e+01
  3.197910e+01  1.419260e+01
  3.115070e+01  1.397270e+01
  3.034380e+01  1.382795e+01
  2.955780e+01  1.360100e+01
  2.879220e+01  1.347665e+01
  2.804640e+01  1.329490e+01
  2.731990e+01  1.326630e+01
  2.661220e+01  1.329325e+01
  2.592290e+01  1.329055e+01
  2.525140e+01  1.315490e+01
  2.459730e+01  1.327340e+01
  2.396010e+01  1.334785e+01
  2.333950e+01  1.348360e+01
  2.273490e+01  1.350570e+01
  2.214600e+01  1.373335e+01
  2.157230e+01  1.389825e+01
  2.101350e+01  1.410635e+01
  2.046920e+01  1.433620e+01
  1.993900e+01  1.460115e+01
  1.942250e+01  1.483200e+01
  1.891940e+01  1.508885e+01
  1.842930e+01  1.531615e+01
  1.795200e+01  1.541335e+01
  1.748690e+01  1.562850e+01
  1.703400e+01  1.569185e+01
  1.659270e+01  1.577610e+01
  1.616290e+01  1.583285e+01
  1.574430e+01  1.595445e+01
  1.533640e+01  1.619240e+01
  1.493920e+01  1.636525e+01
  1.455220e+01  1.656930e+01
  1.417520e+01  1.695660e+01
  1.380800e+01  1.742205e+01
  1.345040e+01  1.792415e+01
  1.310200e+01  1.850995e+01
  1.276260e+01  1.929935e+01
  1.243200e+01  1.998370e+01
  1.211000e+01  2.069655e+01
  1.179630e+01  2.165290e+01
  1.149070e+01  2.260805e+01
  1.119310e+01  2.364860e+01
  1.090310e+01  2.473170e+01
  1.062070e+01  2.583680e+01
  1.034560e+01  2.693065e+01
  1.007760e+01  2.802390e+01
  9.816600e+00  2.921610e+01
  9.562300e+00  3.001860e+01
  9.314600e+00  3.002295e+01
  9.073300e+00  2.981990e+01
  8.838300e+00  2.910425e+01
  8.609300e+00  2.873655e+01
  8.386300e+00  2.851010e+01
  8.169100e+00  2.798665e+01
  7.957500e+00  2.771905e+01
  7.751400e+00  2.723730e+01
  7.550600e+00  2.772470e+01
  7.355000e+00  2.884210e+01
  7.164500e+00  2.906550e+01
  6.978900e+00  2.851595e+01
  6.798100e+00  2.854370e+01
  6.622000e+00  2.854425e+01
  6.450500e+00  2.972155e+01
  6.283400e+00  3.079940e+01
  6.120600e+00  3.093640e+01
  5.962100e+00  3.111070e+01
  5.807600e+00  3.139555e+01
  5.657200e+00  3.185880e+01
  5.510700e+00  3.309525e+01
  5.367900e+00  3.674505e+01
  5.228900e+00  3.612075e+01
  5.093400e+00  3.497830e+01
  4.961500e+00  3.461780e+01
  4.833000e+00  4.306140e+01
  4.707800e+00  5.466385e+01
  4.585800e+00  3.941925e+01
  4.467100e+00  3.704455e+01
  4.351300e+00  3.945310e+01
  4.238600e+00  4.222440e+01
  4.128800e+00  4.501385e+01
  4.021900e+00  1.344400e+02
  3.917700e+00  8.091895e+01
  3.816200e+00  3.904250e+01
  3.717400e+00  3.652195e+01
  3.621100e+00  3.731490e+01
  3.527300e+00  3.816720e+01
  3.435900e+00  3.877975e+01
  3.346900e+00  3.874770e+01
  3.260200e+00  4.033520e+01
  3.175800e+00  4.328165e+01
  3.093500e+00  4.262020e+01
  3.013400e+00  4.416880e+01
  2.935300e+00  4.583790e+01
  2.859300e+00  4.535005e+01
  2.785200e+00  4.765610e+01
  2.713100e+00  4.713480e+01
  2.642800e+00  4.616365e+01
  2.574300e+00  5.274785e+01
  2.507600e+00  4.905815e+01
  2.442700e+00  5.327490e+01
  2.379400e+00  5.841120e+01
  2.317800e+00  5.382080e+01
  2.257700e+00  5.153510e+01
  2.199300e+00  7.220745e+01
  2.142300e+00  6.046030e+01
  2.086800e+00  6.116900e+01
  2.032700e+00  6.753550e+01
  1.980100e+00  7.899319e+01
  1.928800e+00  4.546550e+01
  1.878800e+00  4.196880e+01
  1.830200e+00  5.437295e+01
  1.782800e+00  1.111760e+02
  1.736600e+00  8.314325e+01
  1.691600e+00  7.043280e+01
  1.647800e+00  6.862445e+01
  1.605100e+00  6.906345e+01
  1.563500e+00  6.737000e+01
  1.523000e+00  6.693930e+01
  1.483600e+00  6.631970e+01
  1.445100e+00  6.018710e+01
  1.407700e+00  5.821710e+01
  1.371200e+00  5.403890e+01
  1.335700e+00  6.145425e+01
  1.301100e+00  5.441605e+01
  1.267400e+00  3.908235e+01
  1.234600e+00  5.184750e+01
  1.202600e+00  6.283695e+01
  1.171500e+00  4.825465e+01
  1.141100e+00  6.384170e+01
  1.111600e+00  4.879005e+01
  1.082800e+00  4.506965e+01
  1.054700e+00  5.737015e+01
  1.027400e+00  5.107515e+01
  1.000800e+00  4.649810e+01
  9.749000e-01  4.277655e+01
  9.496000e-01  5.165035e+01
  9.250000e-01  5.297170e+01
  9.010000e-01  4.727585e+01
  8.777000e-01  5.017905e+01
  8.550000e-01  5.637275e+01
  8.328000e-01  4.933595e+01
  8.113000e-01  5.621310e+01
  7.902000e-01  5.340340e+01
  7.698000e-01  4.593170e+01
  7.498000e-01  5.622960e+01
  7.304000e-01  4.909040e+01
  7.115000e-01  4.333250e+01
  6.931000e-01  5.414615e+01
  6.751000e-01  7.498981e+01
  6.576000e-01  9.066140e+01
  6.406000e-01  9.630975e+01
  6.240000e-01  4.832965e+01
  6.078000e-01  5.910510e+01
  5.921000e-01  5.111870e+01
  5.767000e-01  3.796475e+01
  5.618000e-01  3.690385e+01
  5.472000e-01  3.810855e+01
  5.331000e-01  4.769710e+01
  5.193000e-01  4.974410e+01
  5.058000e-01  5.373285e+01
  4.927000e-01  4.176125e+01
  4.799000e-01  3.254175e+01
  4.675000e-01  2.851490e+01
  4.554000e-01  2.717975e+01
  4.436000e-01  2.658395e+01
  4.321000e-01  2.200890e+01
  4.209000e-01  2.291250e+01
  4.100000e-01  2.226950e+01
  3.994000e-01  3.496590e+01
  3.891000e-01  2.226280e+01
  3.790000e-01  2.163955e+01
  3.692000e-01  1.978810e+01
  3.596000e-01  1.776305e+01
  3.503000e-01  1.627265e+01
  3.412000e-01  1.453315e+01
  3.324000e-01  1.337990e+01
  3.238000e-01  1.109750e+01
  3.154000e-01  1.022075e+01
  3.072000e-01  9.315254e+00
  2.992000e-01  9.476891e+00
  2.915000e-01  8.717370e+00
  2.839000e-01  7.815510e+00
  2.766000e-01  6.864345e+00
  2.694000e-01  5.954995e+00
  2.624000e-01  5.061215e+00
  2.556000e-01  4.344260e+00
  2.490000e-01  3.665215e+00
  2.426000e-01  3.132400e+00
  2.363000e-01  2.718045e+00
  2.302000e-01  2.264345e+00
  2.242000e-01  1.876305e+00
  2.184000e-01  1.573605e+00
  2.127000e-01  1.290000e+00
  2.072000e-01  1.058315e+00
  2.019000e-01  8.679575e-01
  1.966000e-01  7.565995e-01
  1.915000e-01  6.351115e-01
  1.866000e-01  5.414870e-01
  1.817000e-01  4.909220e-01
  1.770000e-01  4.206795e-01
  1.725000e-01  3.558920e-01
  1.680000e-01  3.147790e-01
  1.636000e-01  2.568115e-01
  1.594000e-01  2.174520e-01
  1.553000e-01  1.868595e-01
  1.512000e-01  1.513980e-01
  1.473000e-01  1.308415e-01
  1.435000e-01  1.012247e-01
  1.398000e-01  8.865685e-02
  1.362000e-01  6.439765e-02
  1.326000e-01  5.553190e-02
  1.292000e-01  4.559470e-02
  1.259000e-01  3.965175e-02
  1.226000e-01  3.429345e-02
  1.194000e-01  3.020145e-02
  1.163000e-01  2.591480e-02
  1.133000e-01  2.445340e-02
  1.104000e-01  2.153065e-02
  1.075000e-01  1.695175e-02
  1.047000e-01  1.763365e-02
  1.020000e-01  1.461360e-02
  9.940000e-02  1.334705e-02
  9.680000e-02  1.295735e-02
  9.430000e-02  1.607490e-02
  9.190000e-02  1.568525e-02
  8.950000e-02  1.344455e-02
  8.720000e-02  1.334710e-02
  8.490000e-02  1.441870e-02
  8.270000e-02  1.266510e-02
  8.060000e-02  1.334720e-02
  7.850000e-02  1.363935e-02
  7.640000e-02  1.130115e-02
  7.450000e-02  1.305480e-02
  7.250000e-02  1.354200e-02
  7.070000e-02  1.402900e-02
  6.880000e-02  1.480840e-02
  6.700000e-02  1.315225e-02
  6.530000e-02  1.305485e-02
  6.360000e-02  1.665940e-02
  6.200000e-02  1.724400e-02
  6.040000e-02  2.016660e-02
  5.880000e-02  1.967950e-02
  5.730000e-02  1.831565e-02
  5.580000e-02  1.841310e-02
  5.430000e-02  2.269965e-02
  5.290000e-02  2.260235e-02
  5.160000e-02  2.630455e-02
  5.020000e-02  2.231005e-02
  4.890000e-02  2.260225e-02
  4.770000e-02  1.938740e-02
  4.640000e-02  2.269975e-02
  4.520000e-02  2.162815e-02
  4.410000e-02  2.036170e-02
  4.290000e-02  2.143325e-02
  4.180000e-02  1.588010e-02
  4.070000e-02  1.743890e-02
  3.970000e-02  2.104355e-02
  3.860000e-02  1.588010e-02
  3.760000e-02  1.967965e-02
  3.670000e-02  1.656210e-02
  3.570000e-02  1.987450e-02
  3.480000e-02  1.578265e-02
  3.390000e-02  1.656210e-02
  3.300000e-02  1.578270e-02
  3.220000e-02  1.432125e-02
  3.130000e-02  1.247025e-02
  3.050000e-02  1.286000e-02
  2.970000e-02  1.120375e-02
  2.890000e-02  9.937325e-03
  2.820000e-02  9.645025e-03
  2.750000e-02  1.003475e-02
  2.680000e-02  8.573350e-03
  2.610000e-02  7.306825e-03
  2.540000e-02  8.183625e-03
  2.470000e-02  6.722300e-03
  2.410000e-02  7.209400e-03
  2.350000e-02  5.358375e-03
  2.290000e-02  4.676400e-03
  2.230000e-02  4.481525e-03
  2.170000e-02  3.897000e-03
  2.110000e-02  2.727900e-03
  2.060000e-02  3.020175e-03
  2.000000e-02  2.533050e-03
  1.950000e-02  1.851075e-03
  1.900000e-02  2.143350e-03
  1.850000e-02  1.656225e-03
  1.800000e-02  1.266525e-03
  1.760000e-02  1.851075e-03
  1.710000e-02  1.461375e-03
  1.670000e-02  1.753650e-03
  1.630000e-02  2.922750e-04
  1.580000e-02  1.169100e-03
  1.540000e-02  9.742500e-04
  1.500000e-02  5.845500e-04
  1.460000e-02  7.794000e-04
  1.430000e-02  9.742500e-04
  1.390000e-02  5.845500e-04
  1.350000e-02  1.948500e-04
  1.320000e-02  1.948500e-04
  1.280000e-02  1.948500e-04
  1.250000e-02  2.922750e-04
  1.220000e-02  9.742500e-05
  1.190000e-02  2.922750e-04
  1.160000e-02  6.819750e-04
  1.130000e-02  9.742500e-05
  1.100000e-02  9.742500e-05
  1.070000e-02  1.948500e-04
  1.040000e-02  9.742500e-05
  1.010000e-02  1.948500e-04
