  4.934820e+03  1.149965e-03
  4.806990e+03  3.450000e-04
  4.682470e+03  0.000000e+00
  4.561180e+03  1.150000e-04
  4.443030e+03  5.750000e-05
  4.327940e+03  2.875000e-04
  4.215830e+03  1.150000e-04
  4.106630e+03  1.150000e-04
  4.000250e+03  5.750000e-05
  3.896630e+03  1.150000e-04
  3.795700e+03  2.300000e-04
  3.697380e+03  6.899800e-04
  3.601600e+03  2.300000e-04
  3.508310e+03  5.174900e-04
  3.417430e+03  2.874950e-04
  3.328910e+03  2.299950e-04
  3.242680e+03  5.174900e-04
  3.158680e+03  5.175000e-04
  3.076860e+03  7.474800e-04
  2.997160e+03  5.174900e-04
  2.919530e+03  4.599950e-04
  2.843900e+03  4.024950e-04
  2.770230e+03  8.049850e-04
  2.698480e+03  7.474900e-04
  2.628580e+03  8.624850e-04
  2.560490e+03  1.034980e-03
  2.494160e+03  6.899900e-04
  2.429550e+03  1.264975e-03
  2.366620e+03  1.322465e-03
  2.305320e+03  1.322480e-03
  2.245600e+03  1.667450e-03
  2.187430e+03  1.437455e-03
  2.130770e+03  1.897450e-03
  2.075580e+03  1.724945e-03
  2.021810e+03  2.817405e-03
  1.969440e+03  2.874890e-03
  1.918430e+03  2.702415e-03
  1.868730e+03  2.932400e-03
  1.820330e+03  3.334875e-03
  1.773170e+03  3.277385e-03
  1.727240e+03  4.082345e-03
  1.682500e+03  4.657355e-03
  1.638920e+03  4.024850e-03
  1.596470e+03  4.542315e-03
  1.555110e+03  4.599830e-03
  1.514830e+03  5.347300e-03
  1.475590e+03  7.187305e-03
  1.437370e+03  6.727270e-03
  1.400140e+03  8.509785e-03
  1.363870e+03  1.017718e-02
  1.328540e+03  8.452235e-03
  1.294120e+03  9.487210e-03
  1.260600e+03  1.080970e-02
  1.227950e+03  1.339695e-02
  1.196140e+03  1.299445e-02
  1.165160e+03  1.402935e-02
  1.134980e+03  1.546665e-02
  1.105580e+03  1.575435e-02
  1.076940e+03  1.960665e-02
  1.049040e+03  2.133155e-02
  1.021870e+03  2.317150e-02
  9.953980e+02  2.489650e-02
  9.696140e+02  2.690900e-02
  9.444970e+02  3.139385e-02
  9.200320e+02  3.375135e-02
  8.962000e+02  4.162835e-02
  8.729850e+02  4.571070e-02
  8.503720e+02  4.755055e-02
  8.283450e+02  5.192050e-02
  8.068880e+02  5.738290e-02
  7.859870e+02  6.934230e-02
  7.656270e+02  7.348205e-02
  7.457950e+02  8.417664e-02
  7.264760e+02  9.027225e-02
  7.076580e+02  1.022910e-01
  6.893270e+02  1.108010e-01
  6.714710e+02  1.301745e-01
  6.540780e+02  1.442015e-01
  6.371350e+02  1.555850e-01
  6.206310e+02  1.713400e-01
  6.045550e+02  1.874975e-01
  5.888950e+02  2.157875e-01
  5.736410e+02  2.344175e-01
  5.587810e+02  2.629950e-01
  5.443070e+02  2.865700e-01
  5.302080e+02  3.111800e-01
  5.164740e+02  3.452200e-01
  5.030950e+02  3.805205e-01
  4.900630e+02  4.395675e-01
  4.773690e+02  4.760225e-01
  4.650040e+02  5.194350e-01
  4.529580e+02  5.834325e-01
  4.412250e+02  6.326475e-01
  4.297960e+02  7.037700e-01
  4.186630e+02  7.604650e-01
  4.078180e+02  8.314775e-01
  3.972540e+02  9.186975e-01
  3.869640e+02  1.003685e+00
  3.769400e+02  1.115305e+00
  3.671770e+02  1.217475e+00
  3.576650e+02  1.325765e+00
  3.484010e+02  1.454215e+00
  3.393760e+02  1.600665e+00
  3.305850e+02  1.747690e+00
  3.220220e+02  1.878910e+00
  3.136800e+02  2.043880e+00
  3.055550e+02  2.209070e+00
  2.976400e+02  2.397450e+00
  2.899300e+02  2.612280e+00
  2.824200e+02  2.826630e+00
  2.751040e+02  3.037840e+00
  2.679780e+02  3.299625e+00
  2.610370e+02  3.585345e+00
  2.542750e+02  3.858720e+00
  2.476890e+02  4.161800e+00
  2.412730e+02  4.534045e+00
  2.350230e+02  4.873010e+00
  2.289350e+02  5.229410e+00
  2.230050e+02  5.635060e+00
  2.172280e+02  6.057165e+00
  2.116010e+02  6.435775e+00
  2.061200e+02  6.878500e+00
  2.007810e+02  7.307455e+00
  1.955800e+02  7.851065e+00
  1.905140e+02  8.435975e+00
  1.855790e+02  9.018695e+00
  1.807720e+02  9.662035e+00
  1.760890e+02  1.023475e+01
  1.715280e+02  1.083745e+01
  1.670850e+02  1.144940e+01
  1.627570e+02  1.205360e+01
  1.585410e+02  1.269425e+01
  1.544340e+02  1.318715e+01
  1.504340e+02  1.380680e+01
  1.465370e+02  1.446340e+01
  1.427410e+02  1.505210e+01
  1.390440e+02  1.560980e+01
  1.354420e+02  1.614925e+01
  1.319340e+02  1.668015e+01
  1.285160e+02  1.718930e+01
  1.251870e+02  1.780100e+01
  1.219440e+02  1.830050e+01
  1.187850e+02  1.883565e+01
  1.157090e+02  1.933860e+01
  1.127110e+02  1.997970e+01
  1.097920e+02  2.041470e+01
  1.069480e+02  2.105665e+01
  1.041770e+02  2.162700e+01
  1.014790e+02  2.212440e+01
  9.885030e+01  2.286215e+01
  9.628970e+01  2.332775e+01
  9.379550e+01  2.399340e+01
  9.136590e+01  2.459640e+01
  8.899920e+01  2.516780e+01
  8.669380e+01  2.577500e+01
  8.444820e+01  2.647975e+01
  8.226070e+01  2.704100e+01
  8.012980e+01  2.763860e+01
  7.805420e+01  2.839475e+01
  7.603240e+01  2.896135e+01
  7.406290e+01  2.962070e+01
  7.214440e+01  3.020420e+01
  7.027560e+01  3.071670e+01
  6.845520e+01  3.129300e+01
  6.668200e+01  3.184235e+01
  6.495470e+01  3.218135e+01
  6.327220e+01  3.229910e+01
  6.163320e+01  3.234395e+01
  6.003670e+01  3.217170e+01
  5.848160e+01  3.197465e+01
  5.696670e+01  3.176355e+01
  5.549110e+01  3.151090e+01
  5.405370e+01  3.121515e+01
  5.265350e+01  3.113515e+01
  5.128960e+01  3.083835e+01
  4.996100e+01  3.048625e+01
  4.866690e+01  3.003880e+01
  4.740620e+01  2.945565e+01
  4.617830e+01  2.875505e+01
  4.498210e+01  2.781665e+01
  4.381690e+01  2.694630e+01
  4.268190e+01  2.617540e+01
  4.157630e+01  2.514595e+01
  4.049930e+01  2.418725e+01
  3.945030e+01  2.333195e+01
  3.842840e+01  2.253710e+01
  3.743290e+01  2.174650e+01
  3.646330e+01  2.099540e+01
  3.551880e+01  2.026210e+01
  3.459870e+01  1.940555e+01
  3.370250e+01  1.861940e+01
  3.282950e+01  1.786085e+01
  3.197910e+01  1.708345e+01
  3.115070e+01  1.635480e+01
  3.034380e+01  1.565705e+01
  2.955780e+01  1.485355e+01
  2.879220e+01  1.412385e+01
  2.804640e+01  1.340035e+01
  2.731990e+01  1.267070e+01
  2.661220e+01  1.183955e+01
  2.592290e+01  1.118845e+01
  2.525140e+01  1.043420e+01
  2.459730e+01  9.777845e+00
  2.396010e+01  9.088940e+00
  2.333950e+01  8.371605e+00
  2.273490e+01  7.704060e+00
  2.214600e+01  7.054745e+00
  2.157230e+01  6.330620e+00
  2.101350e+01  5.708030e+00
  2.046920e+01  5.111150e+00
  1.993900e+01  4.540025e+00
  1.942250e+01  4.059785e+00
  1.891940e+01  3.683730e+00
  1.842930e+01  3.441595e+00
  1.795200e+01  3.249725e+00
  1.748690e+01  3.213665e+00
  1.703400e+01  3.220040e+00
  1.659270e+01  3.274565e+00
  1.616290e+01  3.410200e+00
  1.574430e+01  3.490585e+00
  1.533640e+01  3.504330e+00
  1.493920e+01  3.598735e+00
  1.455220e+01  3.490765e+00
  1.417520e+01  3.215675e+00
  1.380800e+01  2.762860e+00
  1.345040e+01  2.212415e+00
  1.310200e+01  1.660300e+00
  1.276260e+01  1.198730e+00
  1.243200e+01  8.293500e-01
  1.211000e+01  5.519800e-01
  1.179630e+01  3.617785e-01
  1.149070e+01  2.387875e-01
  1.119310e+01  1.797350e-01
  1.090310e+01  1.305200e-01
  1.062070e+01  9.820765e-02
  1.034560e+01  7.371201e-02
  1.007760e+01  5.226550e-02
  9.816600e+00  3.990350e-02
  9.562300e+00  2.782895e-02
  9.314600e+00  2.920895e-02
  9.073300e+00  4.898800e-02
  8.838300e+00  8.049706e-02
  8.609300e+00  1.462705e-01
  8.386300e+00  2.497125e-01
  8.169100e+00  4.286425e-01
  7.957500e+00  6.772640e-01
  7.751400e+00  8.651700e-01
  7.550600e+00  1.122495e+00
  7.355000e+00  1.154525e+00
  7.164500e+00  1.076885e+00
  6.978900e+00  1.000408e+00
  6.798100e+00  9.028300e-01
  6.622000e+00  8.011750e-01
  6.450500e+00  7.285525e-01
  6.283400e+00  6.556445e-01
  6.120600e+00  5.840645e-01
  5.962100e+00  5.193775e-01
  5.807600e+00  5.037950e-01
  5.657200e+00  4.868900e-01
  5.510700e+00  4.742400e-01
  5.367900e+00  4.632000e-01
  5.228900e+00  4.142680e-01
  5.093400e+00  3.686205e-01
  4.961500e+00  3.336625e-01
  4.833000e+00  3.368250e-01
  4.707800e+00  3.480375e-01
  4.585800e+00  2.428700e-01
  4.467100e+00  2.076800e-01
  4.351300e+00  1.996300e-01
  4.238600e+00  1.887050e-01
  4.128800e+00  1.862900e-01
  4.021900e+00  3.805210e-01
  3.917700e+00  2.141775e-01
  3.816200e+00  1.264945e-01
  3.717400e+00  1.104000e-01
  3.621100e+00  1.005665e-01
  3.527300e+00  8.791435e-02
  3.435900e+00  7.359715e-02
  3.346900e+00  5.755525e-02
  3.260200e+00  3.927105e-02
  3.175800e+00  2.702395e-02
  3.093500e+00  1.466175e-02
  3.013400e+00  1.075210e-02
  2.935300e+00  1.328205e-02
  2.859300e+00  1.816920e-02
  2.785200e+00  2.340155e-02
  2.713100e+00  3.334885e-02
  2.642800e+00  3.231400e-02
  2.574300e+00  3.283130e-02
  2.507600e+00  2.736900e-02
  2.442700e+00  2.915135e-02
  2.379400e+00  2.667900e-02
  2.317800e+00  2.426405e-02
  2.257700e+00  2.276900e-02
  2.199300e+00  2.552900e-02
  2.142300e+00  2.173400e-02
  2.086800e+00  2.081405e-02
  2.032700e+00  1.931905e-02
  1.980100e+00  1.765155e-02
  1.928800e+00  1.276445e-02
  1.878800e+00  1.040710e-02
  1.830200e+00  1.374180e-02
  1.782800e+00  2.288400e-02
  1.736600e+00  1.546690e-02
  1.691600e+00  1.345435e-02
  1.647800e+00  1.408690e-02
  1.605100e+00  1.276440e-02
  1.563500e+00  1.132706e-02
  1.523000e+00  1.167210e-02
  1.483600e+00  1.178710e-02
  1.445100e+00  1.103960e-02
  1.407700e+00  1.011964e-02
  1.371200e+00  1.006222e-02
  1.335700e+00  1.006228e-02
  1.301100e+00  7.589765e-03
  1.267400e+00  6.324815e-03
  1.234600e+00  8.624755e-03
  1.202600e+00  7.992335e-03
  1.171500e+00  7.187315e-03
  1.141100e+00  8.797280e-03
  1.111600e+00  6.612260e-03
  1.082800e+00  5.462330e-03
  1.054700e+00  7.014850e-03
  1.027400e+00  7.877275e-03
  1.000800e+00  6.267315e-03
  9.749000e-01  6.957240e-03
  9.496000e-01  5.979810e-03
  9.250000e-01  6.439775e-03
  9.010000e-01  6.957255e-03
  8.777000e-01  6.554765e-03
  8.550000e-01  7.072305e-03
  8.328000e-01  8.739695e-03
  8.113000e-01  8.682281e-03
  7.902000e-01  7.647270e-03
  7.698000e-01  6.727230e-03
  7.498000e-01  8.049781e-03
  7.304000e-01  8.337260e-03
  7.115000e-01  6.899800e-03
  6.931000e-01  8.222250e-03
  6.751000e-01  1.224705e-02
  6.576000e-01  1.753675e-02
  6.406000e-01  2.334405e-02
  6.240000e-01  8.797275e-03
  6.078000e-01  8.912304e-03
  5.921000e-01  7.819761e-03
  5.767000e-01  7.877225e-03
  5.618000e-01  7.877249e-03
  5.472000e-01  7.474710e-03
  5.331000e-01  8.452225e-03
  5.193000e-01  7.877190e-03
  5.058000e-01  9.487275e-03
  4.927000e-01  9.084759e-03
  4.799000e-01  7.762325e-03
  4.675000e-01  7.129810e-03
  4.554000e-01  6.152310e-03
  4.436000e-01  8.509730e-03
  4.321000e-01  6.784750e-03
  4.209000e-01  6.554775e-03
  4.100000e-01  7.877255e-03
  3.994000e-01  9.372240e-03
  3.891000e-01  1.098210e-02
  3.790000e-01  8.452265e-03
  3.692000e-01  7.417265e-03
  3.596000e-01  6.554795e-03
  3.503000e-01  6.727300e-03
  3.412000e-01  6.669695e-03
  3.324000e-01  5.692300e-03
  3.238000e-01  5.634770e-03
  3.154000e-01  6.037330e-03
  3.072000e-01  4.772320e-03
  2.992000e-01  6.439800e-03
  2.915000e-01  8.222215e-03
  2.839000e-01  7.762255e-03
  2.766000e-01  7.072285e-03
  2.694000e-01  5.174805e-03
  2.624000e-01  5.922255e-03
  2.556000e-01  6.094805e-03
  2.490000e-01  5.749820e-03
  2.426000e-01  5.807295e-03
  2.363000e-01  4.024850e-03
  2.302000e-01  3.852365e-03
  2.242000e-01  3.622375e-03
  2.184000e-01  2.874905e-03
  2.127000e-01  2.874900e-03
  2.072000e-01  3.277375e-03
  2.019000e-01  2.759905e-03
  1.966000e-01  2.529925e-03
  1.915000e-01  2.242425e-03
  1.866000e-01  1.954945e-03
  1.817000e-01  1.782450e-03
  1.770000e-01  1.954940e-03
  1.725000e-01  8.624850e-04
  1.680000e-01  1.322465e-03
  1.636000e-01  9.774801e-04
  1.594000e-01  8.624850e-04
  1.553000e-01  1.034975e-03
  1.512000e-01  8.049801e-04
  1.473000e-01  9.199800e-04
  1.435000e-01  6.324950e-04
  1.398000e-01  6.324950e-04
  1.362000e-01  2.300000e-04
  1.326000e-01  5.749900e-04
  1.292000e-01  2.299950e-04
  1.259000e-01  2.874900e-04
  1.226000e-01  1.725000e-04
  1.194000e-01  4.025000e-04
  1.163000e-01  6.324800e-04
  1.133000e-01  4.599950e-04
  1.104000e-01  1.725000e-04
  1.075000e-01  5.750000e-05
  1.047000e-01  1.149950e-04
  1.020000e-01  1.724950e-04
  9.940000e-02  1.150000e-04
  9.680000e-02  0.000000e+00
  9.430000e-02  0.000000e+00
  9.190000e-02  5.750000e-05
  8.950000e-02  0.000000e+00
  8.720000e-02  0.000000e+00
  8.490000e-02  1.724950e-04
  8.270000e-02  0.000000e+00
  8.060000e-02  1.150000e-04
  7.850000e-02  5.750000e-05
  7.640000e-02  1.150000e-04
  7.450000e-02  1.150000e-04
  7.250000e-02  5.750000e-05
  7.070000e-02  5.750000e-05
  6.880000e-02  0.000000e+00
  6.700000e-02  0.000000e+00
  6.530000e-02  0.000000e+00
  6.360000e-02  0.000000e+00
  6.200000e-02  0.000000e+00
  6.040000e-02  0.000000e+00
  5.880000e-02  0.000000e+00
  5.730000e-02  1.150000e-04
  5.580000e-02  0.000000e+00
  5.430000e-02  0.000000e+00
  5.290000e-02  0.000000e+00
  5.160000e-02  0.000000e+00
  5.020000e-02  0.000000e+00
  4.890000e-02  0.000000e+00
  4.770000e-02  0.000000e+00
  4.640000e-02  5.750000e-05
  4.520000e-02  0.000000e+00
  4.410000e-02  0.000000e+00
  4.290000e-02  0.000000e+00
  4.180000e-02  0.000000e+00
  4.070000e-02  5.750000e-05
  3.970000e-02  0.000000e+00
  3.860000e-02  0.000000e+00
  3.760000e-02  0.000000e+00
  3.670000e-02  0.000000e+00
  3.570000e-02  0.000000e+00
  3.480000e-02  0.000000e+00
  3.390000e-02  0.000000e+00
  3.300000e-02  5.750000e-05
  3.220000e-02  0.000000e+00
  3.130000e-02  0.000000e+00
  3.050000e-02  0.000000e+00
  2.970000e-02  0.000000e+00
  2.890000e-02  0.000000e+00
  2.820000e-02  0.000000e+00
  2.750000e-02  0.000000e+00
  2.680000e-02  0.000000e+00
  2.610000e-02  0.000000e+00
  2.540000e-02  0.000000e+00
  2.470000e-02  0.000000e+00
  2.410000e-02  0.000000e+00
  2.350000e-02  0.000000e+00
  2.290000e-02  0.000000e+00
  2.230000e-02  5.750000e-05
  2.170000e-02  0.000000e+00
  2.110000e-02  0.000000e+00
  2.060000e-02  0.000000e+00
  2.000000e-02  0.000000e+00
  1.950000e-02  0.000000e+00
  1.900000e-02  0.000000e+00
  1.850000e-02  0.000000e+00
  1.800000e-02  0.000000e+00
  1.760000e-02  0.000000e+00
  1.710000e-02  0.000000e+00
  1.670000e-02  0.000000e+00
  1.630000e-02  0.000000e+00
  1.580000e-02  0.000000e+00
  1.540000e-02  0.000000e+00
  1.500000e-02  0.000000e+00
  1.460000e-02  0.000000e+00
  1.430000e-02  0.000000e+00
  1.390000e-02  0.000000e+00
  1.350000e-02  0.000000e+00
  1.320000e-02  0.000000e+00
  1.280000e-02  0.000000e+00
  1.250000e-02  0.000000e+00
  1.220000e-02  0.000000e+00
  1.190000e-02  0.000000e+00
  1.160000e-02  0.000000e+00
  1.130000e-02  0.000000e+00
  1.100000e-02  0.000000e+00
  1.070000e-02  0.000000e+00
  1.040000e-02  0.000000e+00
  1.010000e-02  5.174900e-04
