  4.934820e+03  1.059255e-03
  4.806990e+03  0.000000e+00
  4.682470e+03  0.000000e+00
  4.561180e+03  0.000000e+00
  4.443030e+03  0.000000e+00
  4.327940e+03  0.000000e+00
  4.215830e+03  3.530850e-04
  4.106630e+03  7.061700e-04
  4.000250e+03  0.000000e+00
  3.896630e+03  3.530850e-04
  3.795700e+03  3.530850e-04
  3.697380e+03  3.530850e-04
  3.601600e+03  7.061700e-04
  3.508310e+03  3.530850e-04
  3.417430e+03  0.000000e+00
  3.328910e+03  7.061700e-04
  3.242680e+03  1.059255e-03
  3.158680e+03  3.530850e-04
  3.076860e+03  3.530850e-04
  2.997160e+03  3.530850e-04
  2.919530e+03  1.059255e-03
  2.843900e+03  0.000000e+00
  2.770230e+03  1.059255e-03
  2.698480e+03  1.412340e-03
  2.628580e+03  1.059255e-03
  2.560490e+03  1.412340e-03
  2.494160e+03  7.061700e-04
  2.429550e+03  3.530810e-03
  2.366620e+03  1.059235e-03
  2.305320e+03  2.118470e-03
  2.245600e+03  2.471575e-03
  2.187430e+03  1.765405e-03
  2.130770e+03  1.765405e-03
  2.075580e+03  3.530825e-03
  2.021810e+03  2.118510e-03
  1.969440e+03  4.236960e-03
  1.918430e+03  3.530810e-03
  1.868730e+03  3.530850e-03
  1.820330e+03  6.708560e-03
  1.773170e+03  6.002360e-03
  1.727240e+03  5.296195e-03
  1.682500e+03  8.120880e-03
  1.638920e+03  5.296155e-03
  1.596470e+03  9.180095e-03
  1.555110e+03  7.414680e-03
  1.514830e+03  8.827015e-03
  1.475590e+03  1.341705e-02
  1.437370e+03  1.306405e-02
  1.400140e+03  1.482940e-02
  1.363870e+03  1.200472e-02
  1.328540e+03  1.941950e-02
  1.294120e+03  1.553560e-02
  1.260600e+03  1.906655e-02
  1.227950e+03  1.836025e-02
  1.196140e+03  2.895290e-02
  1.165160e+03  2.542185e-02
  1.134980e+03  3.036515e-02
  1.105580e+03  3.813290e-02
  1.076940e+03  3.424910e-02
  1.049040e+03  3.389600e-02
  1.021870e+03  4.307610e-02
  9.953980e+02  4.625395e-02
  9.696140e+02  5.931800e-02
  9.444970e+02  6.920455e-02
  9.200320e+02  6.955770e-02
  8.962000e+02  7.520720e-02
  8.729850e+02  1.020423e-01
  8.503720e+02  1.066314e-01
  8.283450e+02  1.147535e-01
  8.068880e+02  1.327605e-01
  7.859870e+02  1.504135e-01
  7.656270e+02  1.620655e-01
  7.457950e+02  1.931385e-01
  7.264760e+02  2.206780e-01
  7.076580e+02  2.330365e-01
  6.893270e+02  2.623415e-01
  6.714710e+02  3.117745e-01
  6.540780e+02  3.417860e-01
  6.371350e+02  3.799195e-01
  6.206310e+02  4.462985e-01
  6.045550e+02  4.900815e-01
  5.888950e+02  5.317435e-01
  5.736410e+02  6.196620e-01
  5.587810e+02  6.662680e-01
  5.443070e+02  7.721945e-01
  5.302080e+02  9.038925e-01
  5.164740e+02  9.639241e-01
  5.030950e+02  1.105860e+00
  4.900630e+02  1.199775e+00
  4.773690e+02  1.377735e+00
  4.650040e+02  1.575100e+00
  4.529580e+02  1.743530e+00
  4.412250e+02  1.943370e+00
  4.297960e+02  2.133325e+00
  4.186630e+02  2.429215e+00
  4.078180e+02  2.698260e+00
  3.972540e+02  3.066885e+00
  3.869640e+02  3.428800e+00
  3.769400e+02  3.815780e+00
  3.671770e+02  4.302675e+00
  3.576650e+02  4.757805e+00
  3.484010e+02  5.331570e+00
  3.393760e+02  5.789160e+00
  3.305850e+02  6.494975e+00
  3.220220e+02  7.247750e+00
  3.136800e+02  8.084555e+00
  3.055550e+02  8.863815e+00
  2.976400e+02  9.967196e+00
  2.899300e+02  1.100990e+01
  2.824200e+02  1.234940e+01
  2.751040e+02  1.367075e+01
  2.679780e+02  1.500220e+01
  2.610370e+02  1.663625e+01
  2.542750e+02  1.837345e+01
  2.476890e+02  2.037590e+01
  2.412730e+02  2.255825e+01
  2.350230e+02  2.504930e+01
  2.289350e+02  2.775945e+01
  2.230050e+02  3.069360e+01
  2.172280e+02  3.380045e+01
  2.116010e+02  3.704515e+01
  2.061200e+02  4.048920e+01
  2.007810e+02  4.468215e+01
  1.955800e+02  4.925065e+01
  1.905140e+02  5.411435e+01
  1.855790e+02  5.988980e+01
  1.807720e+02  6.560860e+01
  1.760890e+02  7.195490e+01
  1.715280e+02  7.824409e+01
  1.670850e+02  8.531645e+01
  1.627570e+02  9.217285e+01
  1.585410e+02  9.941455e+01
  1.544340e+02  1.071925e+02
  1.504340e+02  1.150310e+02
  1.465370e+02  1.237085e+02
  1.427410e+02  1.328870e+02
  1.390440e+02  1.413175e+02
  1.354420e+02  1.506220e+02
  1.319340e+02  1.597530e+02
  1.285160e+02  1.689450e+02
  1.251870e+02  1.784730e+02
  1.219440e+02  1.884800e+02
  1.187850e+02  1.982535e+02
  1.157090e+02  2.086525e+02
  1.127110e+02  2.180355e+02
  1.097920e+02  2.280685e+02
  1.069480e+02  2.378395e+02
  1.041770e+02  2.478505e+02
  1.014790e+02  2.565410e+02
  9.885030e+01  2.653300e+02
  9.628970e+01  2.734305e+02
  9.379550e+01  2.814815e+02
  9.136590e+01  2.880395e+02
  8.899920e+01  2.940355e+02
  8.669380e+01  2.980715e+02
  8.444820e+01  3.022535e+02
  8.226070e+01  3.041780e+02
  8.012980e+01  3.048115e+02
  7.805420e+01  3.033380e+02
  7.603240e+01  3.011625e+02
  7.406290e+01  2.966855e+02
  7.214440e+01  2.903430e+02
  7.027560e+01  2.820320e+02
  6.845520e+01  2.714715e+02
  6.668200e+01  2.597640e+02
  6.495470e+01  2.466220e+02
  6.327220e+01  2.340765e+02
  6.163320e+01  2.206470e+02
  6.003670e+01  2.063540e+02
  5.848160e+01  1.933375e+02
  5.696670e+01  1.806790e+02
  5.549110e+01  1.680830e+02
  5.405370e+01  1.519805e+02
  5.265350e+01  1.363380e+02
  5.128960e+01  1.204350e+02
  4.996100e+01  1.064855e+02
  4.866690e+01  9.052475e+01
  4.740620e+01  7.617191e+01
  4.617830e+01  6.362295e+01
  4.498210e+01  5.305840e+01
  4.381690e+01  4.634470e+01
  4.268190e+01  4.061870e+01
  4.157630e+01  3.535525e+01
  4.049930e+01  3.052020e+01
  3.945030e+01  2.646530e+01
  3.842840e+01  2.376720e+01
  3.743290e+01  2.096150e+01
  3.646330e+01  1.859245e+01
  3.551880e+01  1.659460e+01
  3.459870e+01  1.427195e+01
  3.370250e+01  1.217110e+01
  3.282950e+01  1.026515e+01
  3.197910e+01  8.811905e+00
  3.115070e+01  7.347675e+00
  3.034380e+01  6.119660e+00
  2.955780e+01  5.111585e+00
  2.879220e+01  4.155445e+00
  2.804640e+01  3.403020e+00
  2.731990e+01  2.744865e+00
  2.661220e+01  2.147455e+00
  2.592290e+01  1.742805e+00
  2.525140e+01  1.351250e+00
  2.459730e+01  1.025705e+00
  2.396010e+01  8.188015e-01
  2.333950e+01  6.246045e-01
  2.273490e+01  4.766635e-01
  2.214600e+01  3.675605e-01
  2.157230e+01  2.842325e-01
  2.101350e+01  2.100855e-01
  2.046920e+01  1.666565e-01
  1.993900e+01  1.482955e-01
  1.942250e+01  1.172245e-01
  1.891940e+01  9.674560e-02
  1.842930e+01  8.685879e-02
  1.795200e+01  7.944430e-02
  1.748690e+01  6.849865e-02
  1.703400e+01  5.719970e-02
  1.659270e+01  5.719955e-02
  1.616290e+01  5.402180e-02
  1.574430e+01  4.201690e-02
  1.533640e+01  4.342930e-02
  1.493920e+01  3.672065e-02
  1.455220e+01  3.142435e-02
  1.417520e+01  2.471580e-02
  1.380800e+01  2.153800e-02
  1.345040e+01  1.694790e-02
  1.310200e+01  1.341710e-02
  1.276260e+01  6.708530e-03
  1.243200e+01  6.355455e-03
  1.211000e+01  6.002395e-03
  1.179630e+01  4.237000e-03
  1.149070e+01  1.765405e-03
  1.119310e+01  3.883895e-03
  1.090310e+01  3.530825e-03
  1.062070e+01  3.177745e-03
  1.034560e+01  2.118510e-03
  1.007760e+01  2.118510e-03
  9.816600e+00  2.471595e-03
  9.562300e+00  2.118470e-03
  9.314600e+00  2.824660e-03
  9.073300e+00  2.118485e-03
  8.838300e+00  4.236960e-03
  8.609300e+00  4.590080e-03
  8.386300e+00  6.708565e-03
  8.169100e+00  6.708565e-03
  7.957500e+00  1.306395e-02
  7.751400e+00  1.588860e-02
  7.550600e+00  3.107130e-02
  7.355000e+00  3.001205e-02
  7.164500e+00  2.506885e-02
  6.978900e+00  3.071810e-02
  6.798100e+00  2.436280e-02
  6.622000e+00  2.295035e-02
  6.450500e+00  1.977250e-02
  6.283400e+00  2.436275e-02
  6.120600e+00  2.895285e-02
  5.962100e+00  2.718730e-02
  5.807600e+00  3.177750e-02
  5.657200e+00  3.636765e-02
  5.510700e+00  3.036515e-02
  5.367900e+00  3.354285e-02
  5.228900e+00  3.283675e-02
  5.093400e+00  3.248380e-02
  4.961500e+00  2.895275e-02
  4.833000e+00  3.177740e-02
  4.707800e+00  3.107130e-02
  4.585800e+00  2.754050e-02
  4.467100e+00  2.648125e-02
  4.351300e+00  3.248360e-02
  4.238600e+00  2.718740e-02
  4.128800e+00  2.859965e-02
  4.021900e+00  5.260945e-02
  3.917700e+00  3.283680e-02
  3.816200e+00  2.330355e-02
  3.717400e+00  2.083195e-02
  3.621100e+00  2.648120e-02
  3.527300e+00  2.365645e-02
  3.435900e+00  2.789360e-02
  3.346900e+00  2.542205e-02
  3.260200e+00  2.153810e-02
  3.175800e+00  1.659490e-02
  3.093500e+00  1.765405e-02
  3.013400e+00  1.023936e-02
  2.935300e+00  1.235783e-02
  2.859300e+00  1.553565e-02
  2.785200e+00  2.118490e-02
  2.713100e+00  2.224420e-02
  2.642800e+00  2.189110e-02
  2.574300e+00  2.259725e-02
  2.507600e+00  1.800720e-02
  2.442700e+00  2.047875e-02
  2.379400e+00  2.295040e-02
  2.317800e+00  2.295040e-02
  2.257700e+00  2.118495e-02
  2.199300e+00  3.213050e-02
  2.142300e+00  1.836025e-02
  2.086800e+00  1.694795e-02
  2.032700e+00  1.906645e-02
  1.980100e+00  1.694790e-02
  1.928800e+00  1.377020e-02
  1.878800e+00  1.412325e-02
  1.830200e+00  2.153805e-02
  1.782800e+00  3.919225e-02
  1.736600e+00  2.330335e-02
  1.691600e+00  1.800715e-02
  1.647800e+00  1.235785e-02
  1.605100e+00  1.447630e-02
  1.563500e+00  1.482950e-02
  1.523000e+00  1.588870e-02
  1.483600e+00  1.518255e-02
  1.445100e+00  1.482950e-02
  1.407700e+00  1.306400e-02
  1.371200e+00  1.271090e-02
  1.335700e+00  1.447640e-02
  1.301100e+00  1.129862e-02
  1.267400e+00  1.165160e-02
  1.234600e+00  1.059239e-02
  1.202600e+00  1.553570e-02
  1.171500e+00  1.518250e-02
  1.141100e+00  2.118500e-02
  1.111600e+00  1.518245e-02
  1.082800e+00  1.518255e-02
  1.054700e+00  2.153805e-02
  1.027400e+00  1.906640e-02
  1.000800e+00  9.180085e-03
  9.749000e-01  1.553565e-02
  9.496000e-01  1.800720e-02
  9.250000e-01  2.047885e-02
  9.010000e-01  2.189115e-02
  8.777000e-01  2.224425e-02
  8.550000e-01  1.906645e-02
  8.328000e-01  2.577505e-02
  8.113000e-01  2.542200e-02
  7.902000e-01  3.213060e-02
  7.698000e-01  2.965900e-02
  7.498000e-01  3.177745e-02
  7.304000e-01  3.142455e-02
  7.115000e-01  3.318980e-02
  6.931000e-01  3.954535e-02
  6.751000e-01  8.791820e-02
  6.576000e-01  1.694805e-01
  6.406000e-01  2.104390e-01
  6.240000e-01  4.448860e-02
  6.078000e-01  4.837265e-02
  5.921000e-01  4.448850e-02
  5.767000e-01  4.448860e-02
  5.618000e-01  4.201690e-02
  5.472000e-01  4.095765e-02
  5.331000e-01  6.037730e-02
  5.193000e-01  6.885135e-02
  5.058000e-01  6.567370e-02
  4.927000e-01  7.838495e-02
  4.799000e-01  6.637990e-02
  4.675000e-01  5.614020e-02
  4.554000e-01  6.073040e-02
  4.436000e-01  5.931830e-02
  4.321000e-01  5.543410e-02
  4.209000e-01  6.461420e-02
  4.100000e-01  6.708605e-02
  3.994000e-01  1.264035e-01
  3.891000e-01  8.862475e-02
  3.790000e-01  9.568590e-02
  3.692000e-01  6.532090e-02
  3.596000e-01  6.390830e-02
  3.503000e-01  6.814505e-02
  3.412000e-01  7.308860e-02
  3.324000e-01  6.708580e-02
  3.238000e-01  6.637961e-02
  3.154000e-01  6.602681e-02
  3.072000e-01  6.885125e-02
  2.992000e-01  9.815795e-02
  2.915000e-01  8.862435e-02
  2.839000e-01  1.006294e-01
  2.766000e-01  8.544630e-02
  2.694000e-01  7.979730e-02
  2.624000e-01  9.321445e-02
  2.556000e-01  8.933080e-02
  2.490000e-01  8.403414e-02
  2.426000e-01  7.026365e-02
  2.363000e-01  7.308840e-02
  2.302000e-01  7.308860e-02
  2.242000e-01  6.814535e-02
  2.184000e-01  6.779195e-02
  2.127000e-01  6.496750e-02
  2.072000e-01  5.825870e-02
  2.019000e-01  6.214285e-02
  1.966000e-01  5.119710e-02
  1.915000e-01  6.002420e-02
  1.866000e-01  5.366875e-02
  1.817000e-01  4.766630e-02
  1.770000e-01  4.801940e-02
  1.725000e-01  4.342930e-02
  1.680000e-01  4.378235e-02
  1.636000e-01  3.989840e-02
  1.594000e-01  3.954535e-02
  1.553000e-01  3.001190e-02
  1.512000e-01  3.672060e-02
  1.473000e-01  3.177760e-02
  1.435000e-01  2.859980e-02
  1.398000e-01  2.789350e-02
  1.362000e-01  2.859965e-02
  1.326000e-01  2.683435e-02
  1.292000e-01  2.577500e-02
  1.259000e-01  2.965905e-02
  1.226000e-01  2.789360e-02
  1.194000e-01  2.577505e-02
  1.163000e-01  1.941950e-02
  1.133000e-01  2.400960e-02
  1.104000e-01  2.295040e-02
  1.075000e-01  2.259730e-02
  1.047000e-01  2.259725e-02
  1.020000e-01  1.694795e-02
  9.940000e-02  1.447640e-02
  9.680000e-02  1.377020e-02
  9.430000e-02  1.518265e-02
  9.190000e-02  1.341707e-02
  8.950000e-02  1.412330e-02
  8.720000e-02  1.059246e-02
  8.490000e-02  7.061575e-03
  8.270000e-02  8.473930e-03
  8.060000e-02  6.355465e-03
  7.850000e-02  3.177740e-03
  7.640000e-02  6.708565e-03
  7.450000e-02  3.530825e-03
  7.250000e-02  3.883930e-03
  7.070000e-02  1.765405e-03
  6.880000e-02  3.530840e-03
  6.700000e-02  7.061700e-04
  6.530000e-02  1.412340e-03
  6.360000e-02  7.061700e-04
  6.200000e-02  1.412320e-03
  6.040000e-02  1.412340e-03
  5.880000e-02  3.530850e-04
  5.730000e-02  3.530850e-04
  5.580000e-02  7.061700e-04
  5.430000e-02  7.061700e-04
  5.290000e-02  1.765405e-03
  5.160000e-02  0.000000e+00
  5.020000e-02  0.000000e+00
  4.890000e-02  3.530850e-04
  4.770000e-02  3.530850e-04
  4.640000e-02  0.000000e+00
  4.520000e-02  7.061700e-04
  4.410000e-02  3.530850e-04
  4.290000e-02  0.000000e+00
  4.180000e-02  0.000000e+00
  4.070000e-02  0.000000e+00
  3.970000e-02  3.530850e-04
  3.860000e-02  0.000000e+00
  3.760000e-02  0.000000e+00
  3.670000e-02  3.530850e-04
  3.570000e-02  3.530850e-04
  3.480000e-02  0.000000e+00
  3.390000e-02  0.000000e+00
  3.300000e-02  0.000000e+00
  3.220000e-02  3.530850e-04
  3.130000e-02  0.000000e+00
  3.050000e-02  0.000000e+00
  2.970000e-02  0.000000e+00
  2.890000e-02  0.000000e+00
  2.820000e-02  0.000000e+00
  2.750000e-02  0.000000e+00
  2.680000e-02  0.000000e+00
  2.610000e-02  0.000000e+00
  2.540000e-02  0.000000e+00
  2.470000e-02  0.000000e+00
  2.410000e-02  0.000000e+00
  2.350000e-02  0.000000e+00
  2.290000e-02  0.000000e+00
  2.230000e-02  0.000000e+00
  2.170000e-02  0.000000e+00
  2.110000e-02  0.000000e+00
  2.060000e-02  0.000000e+00
  2.000000e-02  3.530850e-04
  1.950000e-02  0.000000e+00
  1.900000e-02  0.000000e+00
  1.850000e-02  0.000000e+00
  1.800000e-02  0.000000e+00
  1.760000e-02  0.000000e+00
  1.710000e-02  0.000000e+00
  1.670000e-02  0.000000e+00
  1.630000e-02  0.000000e+00
  1.580000e-02  0.000000e+00
  1.540000e-02  0.000000e+00
  1.500000e-02  3.530850e-04
  1.460000e-02  0.000000e+00
  1.430000e-02  0.000000e+00
  1.390000e-02  3.530850e-04
  1.350000e-02  0.000000e+00
  1.320000e-02  0.000000e+00
  1.280000e-02  0.000000e+00
  1.250000e-02  0.000000e+00
  1.220000e-02  0.000000e+00
  1.190000e-02  0.000000e+00
  1.160000e-02  0.000000e+00
  1.130000e-02  0.000000e+00
  1.100000e-02  0.000000e+00
  1.070000e-02  0.000000e+00
  1.040000e-02  0.000000e+00
  1.010000e-02  2.118490e-03
