  4.934820e+03  7.941400e-04
  4.806990e+03  0.000000e+00
  4.682470e+03  1.985350e-04
  4.561180e+03  0.000000e+00
  4.443030e+03  0.000000e+00
  4.327940e+03  0.000000e+00
  4.215830e+03  0.000000e+00
  4.106630e+03  0.000000e+00
  4.000250e+03  0.000000e+00
  3.896630e+03  0.000000e+00
  3.795700e+03  3.970700e-04
  3.697380e+03  0.000000e+00
  3.601600e+03  5.956050e-04
  3.508310e+03  0.000000e+00
  3.417430e+03  0.000000e+00
  3.328910e+03  3.970700e-04
  3.242680e+03  5.956050e-04
  3.158680e+03  0.000000e+00
  3.076860e+03  7.941400e-04
  2.997160e+03  3.970700e-04
  2.919530e+03  9.926750e-04
  2.843900e+03  0.000000e+00
  2.770230e+03  5.956050e-04
  2.698480e+03  1.985350e-04
  2.628580e+03  1.191210e-03
  2.560490e+03  3.970700e-04
  2.494160e+03  1.985350e-04
  2.429550e+03  1.786815e-03
  2.366620e+03  7.941400e-04
  2.305320e+03  1.389745e-03
  2.245600e+03  1.588280e-03
  2.187430e+03  7.941400e-04
  2.130770e+03  2.183885e-03
  2.075580e+03  1.786815e-03
  2.021810e+03  2.580955e-03
  1.969440e+03  2.978025e-03
  1.918430e+03  3.375090e-03
  1.868730e+03  1.985350e-03
  1.820330e+03  3.573640e-03
  1.773170e+03  1.985350e-03
  1.727240e+03  2.779485e-03
  1.682500e+03  3.772155e-03
  1.638920e+03  4.367765e-03
  1.596470e+03  5.360425e-03
  1.555110e+03  5.161910e-03
  1.514830e+03  4.764825e-03
  1.475590e+03  5.956025e-03
  1.437370e+03  6.750135e-03
  1.400140e+03  7.544325e-03
  1.363870e+03  7.941350e-03
  1.328540e+03  7.742865e-03
  1.294120e+03  1.310320e-02
  1.260600e+03  1.171350e-02
  1.227950e+03  1.429450e-02
  1.196140e+03  1.211055e-02
  1.165160e+03  1.886070e-02
  1.134980e+03  1.647830e-02
  1.105580e+03  1.747090e-02
  1.076940e+03  2.303005e-02
  1.049040e+03  2.025055e-02
  1.021870e+03  2.422130e-02
  9.953980e+02  3.315525e-02
  9.696140e+02  3.077285e-02
  9.444970e+02  3.752305e-02
  9.200320e+02  3.712600e-02
  8.962000e+02  4.586150e-02
  8.729850e+02  4.606005e-02
  8.503720e+02  5.221460e-02
  8.283450e+02  6.035445e-02
  8.068880e+02  7.464895e-02
  7.859870e+02  7.842135e-02
  7.656270e+02  7.881860e-02
  7.457950e+02  1.068116e-01
  7.264760e+02  1.125685e-01
  7.076580e+02  1.179280e-01
  6.893270e+02  1.350030e-01
  6.714710e+02  1.504900e-01
  6.540780e+02  1.733215e-01
  6.371350e+02  1.896005e-01
  6.206310e+02  2.140210e-01
  6.045550e+02  2.420135e-01
  5.888950e+02  2.858905e-01
  5.736410e+02  3.013755e-01
  5.587810e+02  3.351265e-01
  5.443070e+02  3.752300e-01
  5.302080e+02  4.044150e-01
  5.164740e+02  4.786665e-01
  5.030950e+02  5.372350e-01
  4.900630e+02  5.807130e-01
  4.773690e+02  6.450385e-01
  4.650040e+02  7.250475e-01
  4.529580e+02  8.263005e-01
  4.412250e+02  8.949920e-01
  4.297960e+02  9.878985e-01
  4.186630e+02  1.095120e+00
  4.078180e+02  1.214435e+00
  3.972540e+02  1.333955e+00
  3.869640e+02  1.494575e+00
  3.769400e+02  1.632540e+00
  3.671770e+02  1.868610e+00
  3.576650e+02  2.027640e+00
  3.484010e+02  2.237895e+00
  3.393760e+02  2.519195e+00
  3.305850e+02  2.835880e+00
  3.220220e+02  3.045125e+00
  3.136800e+02  3.310770e+00
  3.055550e+02  3.635950e+00
  2.976400e+02  4.006230e+00
  2.899300e+02  4.383645e+00
  2.824200e+02  4.823585e+00
  2.751040e+02  5.368175e+00
  2.679780e+02  5.859355e+00
  2.610370e+02  6.371960e+00
  2.542750e+02  6.916345e+00
  2.476890e+02  7.575285e+00
  2.412730e+02  8.400185e+00
  2.350230e+02  9.232056e+00
  2.289350e+02  9.955630e+00
  2.230050e+02  1.081745e+01
  2.172280e+02  1.190120e+01
  2.116010e+02  1.285255e+01
  2.061200e+02  1.391560e+01
  2.007810e+02  1.499610e+01
  1.955800e+02  1.644300e+01
  1.905140e+02  1.787105e+01
  1.855790e+02  1.941920e+01
  1.807720e+02  2.109650e+01
  1.760890e+02  2.273400e+01
  1.715280e+02  2.454760e+01
  1.670850e+02  2.637890e+01
  1.627570e+02  2.809615e+01
  1.585410e+02  2.993820e+01
  1.544340e+02  3.186250e+01
  1.504340e+02  3.370060e+01
  1.465370e+02  3.566775e+01
  1.427410e+02  3.776080e+01
  1.390440e+02  3.986835e+01
  1.354420e+02  4.167745e+01
  1.319340e+02  4.380855e+01
  1.285160e+02  4.561695e+01
  1.251870e+02  4.777455e+01
  1.219440e+02  4.983980e+01
  1.187850e+02  5.198320e+01
  1.157090e+02  5.384700e+01
  1.127110e+02  5.610680e+01
  1.097920e+02  5.822140e+01
  1.069480e+02  6.031535e+01
  1.041770e+02  6.242485e+01
  1.014790e+02  6.456606e+01
  9.885030e+01  6.666555e+01
  9.628970e+01  6.881805e+01
  9.379550e+01  7.075655e+01
  9.136590e+01  7.273135e+01
  8.899920e+01  7.440580e+01
  8.669380e+01  7.628555e+01
  8.444820e+01  7.781855e+01
  8.226070e+01  7.952910e+01
  8.012980e+01  8.084240e+01
  7.805420e+01  8.236620e+01
  7.603240e+01  8.340350e+01
  7.406290e+01  8.435695e+01
  7.214440e+01  8.511990e+01
  7.027560e+01  8.541375e+01
  6.845520e+01  8.581260e+01
  6.668200e+01  8.563295e+01
  6.495470e+01  8.501350e+01
  6.327220e+01  8.367785e+01
  6.163320e+01  8.192329e+01
  6.003670e+01  8.007310e+01
  5.848160e+01  7.794425e+01
  5.696670e+01  7.598375e+01
  5.549110e+01  7.359645e+01
  5.405370e+01  7.116745e+01
  5.265350e+01  6.820650e+01
  5.128960e+01  6.534441e+01
  4.996100e+01  6.215405e+01
  4.866690e+01  5.825715e+01
  4.740620e+01  5.449290e+01
  4.617830e+01  5.053775e+01
  4.498210e+01  4.611755e+01
  4.381690e+01  4.344795e+01
  4.268190e+01  4.061585e+01
  4.157630e+01  3.798120e+01
  4.049930e+01  3.519480e+01
  3.945030e+01  3.296230e+01
  3.842840e+01  3.093680e+01
  3.743290e+01  2.928165e+01
  3.646330e+01  2.750250e+01
  3.551880e+01  2.570895e+01
  3.459870e+01  2.399700e+01
  3.370250e+01  2.217300e+01
  3.282950e+01  2.048180e+01
  3.197910e+01  1.897645e+01
  3.115070e+01  1.734975e+01
  3.034380e+01  1.575315e+01
  2.955780e+01  1.430805e+01
  2.879220e+01  1.297860e+01
  2.804640e+01  1.162400e+01
  2.731990e+01  1.042915e+01
  2.661220e+01  9.314835e+00
  2.592290e+01  8.246930e+00
  2.525140e+01  7.138705e+00
  2.459730e+01  6.272100e+00
  2.396010e+01  5.378500e+00
  2.333950e+01  4.650280e+00
  2.273490e+01  3.866455e+00
  2.214600e+01  3.249610e+00
  2.157230e+01  2.719530e+00
  2.101350e+01  2.197180e+00
  2.046920e+01  1.775505e+00
  1.993900e+01  1.408595e+00
  1.942250e+01  1.154280e+00
  1.891940e+01  9.706280e-01
  1.842930e+01  8.463515e-01
  1.795200e+01  7.772620e-01
  1.748690e+01  7.415265e-01
  1.703400e+01  7.345765e-01
  1.659270e+01  7.512565e-01
  1.616290e+01  7.879835e-01
  1.574430e+01  7.818290e-01
  1.533640e+01  8.112115e-01
  1.493920e+01  8.022775e-01
  1.455220e+01  7.865945e-01
  1.417520e+01  6.430520e-01
  1.380800e+01  4.897830e-01
  1.345040e+01  3.198385e-01
  1.310200e+01  1.864245e-01
  1.276260e+01  1.089955e-01
  1.243200e+01  6.432520e-02
  1.211000e+01  3.930985e-02
  1.179630e+01  1.965490e-02
  1.149070e+01  1.389735e-02
  1.119310e+01  9.132635e-03
  1.090310e+01  8.338450e-03
  1.062070e+01  3.772175e-03
  1.034560e+01  4.566305e-03
  1.007760e+01  2.978025e-03
  9.816600e+00  1.588275e-03
  9.562300e+00  2.382420e-03
  9.314600e+00  3.970695e-03
  9.073300e+00  6.551625e-03
  8.838300e+00  7.742850e-03
  8.609300e+00  1.449300e-02
  8.386300e+00  2.025060e-02
  8.169100e+00  4.387620e-02
  7.957500e+00  8.179601e-02
  7.751400e+00  1.344080e-01
  7.550600e+00  2.102490e-01
  7.355000e+00  2.350660e-01
  7.164500e+00  2.457850e-01
  6.978900e+00  2.396315e-01
  6.798100e+00  2.185880e-01
  6.622000e+00  2.058795e-01
  6.450500e+00  1.985345e-01
  6.283400e+00  1.838430e-01
  6.120600e+00  1.622030e-01
  5.962100e+00  1.485040e-01
  5.807600e+00  1.455265e-01
  5.657200e+00  1.487035e-01
  5.510700e+00  1.487025e-01
  5.367900e+00  1.508865e-01
  5.228900e+00  1.326220e-01
  5.093400e+00  1.232885e-01
  4.961500e+00  1.107820e-01
  4.833000e+00  1.089955e-01
  4.707800e+00  1.324220e-01
  4.585800e+00  8.874474e-02
  4.467100e+00  7.782550e-02
  4.351300e+00  6.809720e-02
  4.238600e+00  7.365631e-02
  4.128800e+00  6.392805e-02
  4.021900e+00  1.357975e-01
  3.917700e+00  8.397995e-02
  3.816200e+00  5.102355e-02
  3.717400e+00  3.792015e-02
  3.621100e+00  4.685415e-02
  3.527300e+00  3.970695e-02
  3.435900e+00  3.692745e-02
  3.346900e+00  2.938310e-02
  3.260200e+00  2.302990e-02
  3.175800e+00  1.667685e-02
  3.093500e+00  1.032375e-02
  3.013400e+00  9.728150e-03
  2.935300e+00  1.012523e-02
  2.859300e+00  9.926684e-03
  2.785200e+00  1.687535e-02
  2.713100e+00  2.243440e-02
  2.642800e+00  2.183885e-02
  2.574300e+00  2.461825e-02
  2.507600e+00  1.985335e-02
  2.442700e+00  1.905925e-02
  2.379400e+00  2.342705e-02
  2.317800e+00  2.441980e-02
  2.257700e+00  1.886075e-02
  2.199300e+00  2.164030e-02
  2.142300e+00  1.846365e-02
  2.086800e+00  1.608130e-02
  2.032700e+00  1.985335e-02
  1.980100e+00  1.667695e-02
  1.928800e+00  1.489000e-02
  1.878800e+00  1.449300e-02
  1.830200e+00  1.647845e-02
  1.782800e+00  3.176560e-02
  1.736600e+00  1.766955e-02
  1.691600e+00  1.627980e-02
  1.647800e+00  1.786805e-02
  1.605100e+00  1.429445e-02
  1.563500e+00  1.687535e-02
  1.523000e+00  1.250770e-02
  1.483600e+00  1.588275e-02
  1.445100e+00  1.707390e-02
  1.407700e+00  1.409600e-02
  1.371200e+00  9.728124e-03
  1.335700e+00  1.330175e-02
  1.301100e+00  1.012523e-02
  1.267400e+00  1.012523e-02
  1.234600e+00  1.369890e-02
  1.202600e+00  1.627980e-02
  1.171500e+00  1.290480e-02
  1.141100e+00  1.647825e-02
  1.111600e+00  1.270620e-02
  1.082800e+00  1.230912e-02
  1.054700e+00  1.747105e-02
  1.027400e+00  1.369880e-02
  1.000800e+00  1.469145e-02
  9.749000e-01  1.290477e-02
  9.496000e-01  1.072085e-02
  9.250000e-01  1.766950e-02
  9.010000e-01  1.627995e-02
  8.777000e-01  1.766950e-02
  8.550000e-01  1.786805e-02
  8.328000e-01  2.025040e-02
  8.113000e-01  1.945640e-02
  7.902000e-01  2.064760e-02
  7.698000e-01  2.044890e-02
  7.498000e-01  2.064760e-02
  7.304000e-01  2.441975e-02
  7.115000e-01  2.005200e-02
  6.931000e-01  2.680220e-02
  6.751000e-01  4.208930e-02
  6.576000e-01  6.174415e-02
  6.406000e-01  7.802420e-02
  6.240000e-01  2.839040e-02
  6.078000e-01  3.097145e-02
  5.921000e-01  2.124320e-02
  5.767000e-01  2.799340e-02
  5.618000e-01  1.945645e-02
  5.472000e-01  2.759620e-02
  5.331000e-01  3.553770e-02
  5.193000e-01  2.898610e-02
  5.058000e-01  2.997875e-02
  4.927000e-01  3.414795e-02
  4.799000e-01  3.315530e-02
  4.675000e-01  2.799345e-02
  4.554000e-01  2.600810e-02
  4.436000e-01  2.978015e-02
  4.321000e-01  2.700070e-02
  4.209000e-01  3.077295e-02
  4.100000e-01  3.255970e-02
  3.994000e-01  4.744980e-02
  3.891000e-01  3.811860e-02
  3.790000e-01  3.653045e-02
  3.692000e-01  3.057435e-02
  3.596000e-01  3.097135e-02
  3.503000e-01  2.858905e-02
  3.412000e-01  2.779485e-02
  3.324000e-01  2.878745e-02
  3.238000e-01  2.640525e-02
  3.154000e-01  3.375090e-02
  3.072000e-01  2.898620e-02
  2.992000e-01  3.315530e-02
  2.915000e-01  3.255975e-02
  2.839000e-01  4.328060e-02
  2.766000e-01  4.129525e-02
  2.694000e-01  3.891285e-02
  2.624000e-01  3.871420e-02
  2.556000e-01  3.136845e-02
  2.490000e-01  3.077295e-02
  2.426000e-01  2.918450e-02
  2.363000e-01  2.739775e-02
  2.302000e-01  2.978030e-02
  2.242000e-01  2.104460e-02
  2.184000e-01  2.342710e-02
  2.127000e-01  1.826525e-02
  2.072000e-01  1.965480e-02
  2.019000e-01  1.945635e-02
  1.966000e-01  1.052237e-02
  1.915000e-01  1.072087e-02
  1.866000e-01  1.528710e-02
  1.817000e-01  1.111795e-02
  1.770000e-01  8.735510e-03
  1.725000e-01  5.757525e-03
  1.680000e-01  8.735470e-03
  1.636000e-01  6.551625e-03
  1.594000e-01  6.551660e-03
  1.553000e-01  5.558960e-03
  1.512000e-01  5.360430e-03
  1.473000e-01  4.566310e-03
  1.435000e-01  3.772165e-03
  1.398000e-01  4.367785e-03
  1.362000e-01  3.772155e-03
  1.326000e-01  2.978015e-03
  1.292000e-01  1.588280e-03
  1.259000e-01  1.786815e-03
  1.226000e-01  1.985360e-03
  1.194000e-01  1.389745e-03
  1.163000e-01  1.389745e-03
  1.133000e-01  1.389745e-03
  1.104000e-01  1.389745e-03
  1.075000e-01  1.389745e-03
  1.047000e-01  5.956050e-04
  1.020000e-01  7.941400e-04
  9.940000e-02  5.956050e-04
  9.680000e-02  5.956050e-04
  9.430000e-02  3.970700e-04
  9.190000e-02  5.956050e-04
  8.950000e-02  3.970700e-04
  8.720000e-02  0.000000e+00
  8.490000e-02  3.970700e-04
  8.270000e-02  0.000000e+00
  8.060000e-02  0.000000e+00
  7.850000e-02  0.000000e+00
  7.640000e-02  1.985350e-04
  7.450000e-02  3.970700e-04
  7.250000e-02  0.000000e+00
  7.070000e-02  0.000000e+00
  6.880000e-02  1.985350e-04
  6.700000e-02  0.000000e+00
  6.530000e-02  1.985350e-04
  6.360000e-02  1.985350e-04
  6.200000e-02  0.000000e+00
  6.040000e-02  0.000000e+00
  5.880000e-02  0.000000e+00
  5.730000e-02  3.970700e-04
  5.580000e-02  1.985350e-04
  5.430000e-02  3.970700e-04
  5.290000e-02  1.985350e-04
  5.160000e-02  0.000000e+00
  5.020000e-02  1.985350e-04
  4.890000e-02  0.000000e+00
  4.770000e-02  0.000000e+00
  4.640000e-02  0.000000e+00
  4.520000e-02  0.000000e+00
  4.410000e-02  0.000000e+00
  4.290000e-02  0.000000e+00
  4.180000e-02  0.000000e+00
  4.070000e-02  0.000000e+00
  3.970000e-02  0.000000e+00
  3.860000e-02  0.000000e+00
  3.760000e-02  0.000000e+00
  3.670000e-02  0.000000e+00
  3.570000e-02  0.000000e+00
  3.480000e-02  0.000000e+00
  3.390000e-02  0.000000e+00
  3.300000e-02  0.000000e+00
  3.220000e-02  1.985350e-04
  3.130000e-02  3.970700e-04
  3.050000e-02  0.000000e+00
  2.970000e-02  0.000000e+00
  2.890000e-02  0.000000e+00
  2.820000e-02  0.000000e+00
  2.750000e-02  0.000000e+00
  2.680000e-02  0.000000e+00
  2.610000e-02  0.000000e+00
  2.540000e-02  0.000000e+00
  2.470000e-02  0.000000e+00
  2.410000e-02  0.000000e+00
  2.350000e-02  0.000000e+00
  2.290000e-02  0.000000e+00
  2.230000e-02  0.000000e+00
  2.170000e-02  1.985350e-04
  2.110000e-02  0.000000e+00
  2.060000e-02  0.000000e+00
  2.000000e-02  0.000000e+00
  1.950000e-02  0.000000e+00
  1.900000e-02  0.000000e+00
  1.850000e-02  0.000000e+00
  1.800000e-02  0.000000e+00
  1.760000e-02  0.000000e+00
  1.710000e-02  0.000000e+00
  1.670000e-02  0.000000e+00
  1.630000e-02  0.000000e+00
  1.580000e-02  0.000000e+00
  1.540000e-02  0.000000e+00
  1.500000e-02  0.000000e+00
  1.460000e-02  0.000000e+00
  1.430000e-02  0.000000e+00
  1.390000e-02  0.000000e+00
  1.350000e-02  0.000000e+00
  1.320000e-02  0.000000e+00
  1.280000e-02  0.000000e+00
  1.250000e-02  0.000000e+00
  1.220000e-02  0.000000e+00
  1.190000e-02  0.000000e+00
  1.160000e-02  0.000000e+00
  1.130000e-02  0.000000e+00
  1.100000e-02  0.000000e+00
  1.070000e-02  0.000000e+00
  1.040000e-02  0.000000e+00
  1.010000e-02  0.000000e+00
