  4.934820e+03  5.074500e-03
  4.806990e+03  0.000000e+00
  4.682470e+03  0.000000e+00
  4.561180e+03  0.000000e+00
  4.443030e+03  0.000000e+00
  4.327940e+03  0.000000e+00
  4.215830e+03  5.074500e-03
  4.106630e+03  0.000000e+00
  4.000250e+03  0.000000e+00
  3.896630e+03  0.000000e+00
  3.795700e+03  0.000000e+00
  3.697380e+03  0.000000e+00
  3.601600e+03  2.537250e-03
  3.508310e+03  0.000000e+00
  3.417430e+03  2.537250e-03
  3.328910e+03  2.537250e-03
  3.242680e+03  0.000000e+00
  3.158680e+03  2.537250e-03
  3.076860e+03  0.000000e+00
  2.997160e+03  0.000000e+00
  2.919530e+03  2.537250e-03
  2.843900e+03  0.000000e+00
  2.770230e+03  0.000000e+00
  2.698480e+03  2.537250e-03
  2.628580e+03  7.611750e-03
  2.560490e+03  5.074500e-03
  2.494160e+03  0.000000e+00
  2.429550e+03  2.537250e-03
  2.366620e+03  0.000000e+00
  2.305320e+03  0.000000e+00
  2.245600e+03  5.074500e-03
  2.187430e+03  5.074500e-03
  2.130770e+03  2.537250e-03
  2.075580e+03  7.611750e-03
  2.021810e+03  7.611750e-03
  1.969440e+03  7.611750e-03
  1.918430e+03  5.074500e-03
  1.868730e+03  2.537250e-03
  1.820330e+03  2.029800e-02
  1.773170e+03  7.611750e-03
  1.727240e+03  1.776075e-02
  1.682500e+03  5.074500e-03
  1.638920e+03  3.044700e-02
  1.596470e+03  1.776075e-02
  1.555110e+03  7.611750e-03
  1.514830e+03  2.029800e-02
  1.475590e+03  2.029800e-02
  1.437370e+03  2.537250e-02
  1.400140e+03  1.014900e-02
  1.363870e+03  3.298425e-02
  1.328540e+03  3.552200e-02
  1.294120e+03  2.790975e-02
  1.260600e+03  3.552175e-02
  1.227950e+03  4.820775e-02
  1.196140e+03  3.298450e-02
  1.165160e+03  4.567050e-02
  1.134980e+03  6.089400e-02
  1.105580e+03  7.104350e-02
  1.076940e+03  8.880400e-02
  1.049040e+03  8.373000e-02
  1.021870e+03  1.141777e-01
  9.953980e+02  1.040287e-01
  9.696140e+02  1.319375e-01
  9.444970e+02  1.649230e-01
  9.200320e+02  1.547745e-01
  8.962000e+02  1.826845e-01
  8.729850e+02  2.055205e-01
  8.503720e+02  1.801465e-01
  8.283450e+02  2.385045e-01
  8.068880e+02  2.613405e-01
  7.859870e+02  3.196960e-01
  7.656270e+02  3.044720e-01
  7.457950e+02  3.831280e-01
  7.264760e+02  3.983505e-01
  7.076580e+02  4.896935e-01
  6.893270e+02  4.820815e-01
  6.714710e+02  6.216320e-01
  6.540780e+02  6.926760e-01
  6.371350e+02  8.880410e-01
  6.206310e+02  9.184895e-01
  6.045550e+02  9.514735e-01
  5.888950e+02  1.068200e+00
  5.736410e+02  1.319370e+00
  5.587810e+02  1.319375e+00
  5.443070e+02  1.611170e+00
  5.302080e+02  1.753250e+00
  5.164740e+02  1.966385e+00
  5.030950e+02  2.220115e+00
  4.900630e+02  2.456070e+00
  4.773690e+02  2.869645e+00
  4.650040e+02  3.217265e+00
  4.529580e+02  3.524260e+00
  4.412250e+02  4.092630e+00
  4.297960e+02  4.209325e+00
  4.186630e+02  5.099915e+00
  4.078180e+02  5.576915e+00
  3.972540e+02  6.434515e+00
  3.869640e+02  7.063760e+00
  3.769400e+02  8.040615e+00
  3.671770e+02  8.936250e+00
  3.576650e+02  9.750811e+00
  3.484010e+02  1.102185e+01
  3.393760e+02  1.220940e+01
  3.305850e+02  1.397280e+01
  3.220220e+02  1.570830e+01
  3.136800e+02  1.706815e+01
  3.055550e+02  1.911320e+01
  2.976400e+02  2.141210e+01
  2.899300e+02  2.393665e+01
  2.824200e+02  2.660325e+01
  2.751040e+02  3.015795e+01
  2.679780e+02  3.222595e+01
  2.610370e+02  3.686400e+01
  2.542750e+02  4.048970e+01
  2.476890e+02  4.560755e+01
  2.412730e+02  4.965440e+01
  2.350230e+02  5.650505e+01
  2.289350e+02  6.188655e+01
  2.230050e+02  6.896809e+01
  2.172280e+02  7.645810e+01
  2.116010e+02  8.419675e+01
  2.061200e+02  9.275745e+01
  2.007810e+02  1.016505e+02
  1.955800e+02  1.138755e+02
  1.905140e+02  1.259810e+02
  1.855790e+02  1.391520e+02
  1.807720e+02  1.540825e+02
  1.760890e+02  1.700405e+02
  1.715280e+02  1.843135e+02
  1.670850e+02  2.032540e+02
  1.627570e+02  2.208940e+02
  1.585410e+02  2.393330e+02
  1.544340e+02  2.601160e+02
  1.504340e+02  2.823145e+02
  1.465370e+02  3.028630e+02
  1.427410e+02  3.267765e+02
  1.390440e+02  3.510060e+02
  1.354420e+02  3.768970e+02
  1.319340e+02  4.019920e+02
  1.285160e+02  4.281220e+02
  1.251870e+02  4.550390e+02
  1.219440e+02  4.838880e+02
  1.187850e+02  5.139301e+02
  1.157090e+02  5.428545e+02
  1.127110e+02  5.706350e+02
  1.097920e+02  6.036750e+02
  1.069480e+02  6.327755e+02
  1.041770e+02  6.644345e+02
  1.014790e+02  6.937940e+02
  9.885030e+01  7.226775e+02
  9.628970e+01  7.497430e+02
  9.379550e+01  7.765220e+02
  9.136590e+01  8.013895e+02
  8.899920e+01  8.243445e+02
  8.669380e+01  8.465065e+02
  8.444820e+01  8.664400e+02
  8.226070e+01  8.835395e+02
  8.012980e+01  8.962450e+02
  7.805420e+01  9.056260e+02
  7.603240e+01  9.111035e+02
  7.406290e+01  9.134260e+02
  7.214440e+01  9.142015e+02
  7.027560e+01  9.120120e+02
  6.845520e+01  8.994650e+02
  6.668200e+01  8.879230e+02
  6.495470e+01  8.751410e+02
  6.327220e+01  8.622625e+02
  6.163320e+01  8.423409e+02
  6.003670e+01  8.231270e+02
  5.848160e+01  8.044610e+02
  5.696670e+01  7.843495e+02
  5.549110e+01  7.637290e+02
  5.405370e+01  7.379895e+02
  5.265350e+01  7.138475e+02
  5.128960e+01  6.870635e+02
  4.996100e+01  6.657695e+02
  4.866690e+01  6.367575e+02
  4.740620e+01  6.156465e+02
  4.617830e+01  5.911735e+02
  4.498210e+01  5.689850e+02
  4.381690e+01  5.503535e+02
  4.268190e+01  5.304880e+02
  4.157630e+01  5.082235e+02
  4.049930e+01  4.868820e+02
  3.945030e+01  4.697295e+02
  3.842840e+01  4.492710e+02
  3.743290e+01  4.304230e+02
  3.646330e+01  4.088755e+02
  3.551880e+01  3.911425e+02
  3.459870e+01  3.715235e+02
  3.370250e+01  3.526700e+02
  3.282950e+01  3.364465e+02
  3.197910e+01  3.193715e+02
  3.115070e+01  3.033230e+02
  3.034380e+01  2.873530e+02
  2.955780e+01  2.707340e+02
  2.879220e+01  2.550700e+02
  2.804640e+01  2.421065e+02
  2.731990e+01  2.264590e+02
  2.661220e+01  2.119225e+02
  2.592290e+01  1.984840e+02
  2.525140e+01  1.860230e+02
  2.459730e+01  1.746965e+02
  2.396010e+01  1.627180e+02
  2.333950e+01  1.522210e+02
  2.273490e+01  1.408130e+02
  2.214600e+01  1.317120e+02
  2.157230e+01  1.213300e+02
  2.101350e+01  1.135275e+02
  2.046920e+01  1.063335e+02
  1.993900e+01  9.857305e+01
  1.942250e+01  9.090275e+01
  1.891940e+01  8.467640e+01
  1.842930e+01  7.696305e+01
  1.795200e+01  6.903140e+01
  1.748690e+01  6.135120e+01
  1.703400e+01  5.537590e+01
  1.659270e+01  4.829180e+01
  1.616290e+01  4.327070e+01
  1.574430e+01  3.738165e+01
  1.533640e+01  3.238820e+01
  1.493920e+01  2.825760e+01
  1.455220e+01  2.498715e+01
  1.417520e+01  2.179515e+01
  1.380800e+01  1.952690e+01
  1.345040e+01  1.796390e+01
  1.310200e+01  1.674340e+01
  1.276260e+01  1.585540e+01
  1.243200e+01  1.471610e+01
  1.211000e+01  1.371895e+01
  1.179630e+01  1.312020e+01
  1.149070e+01  1.229820e+01
  1.119310e+01  1.224745e+01
  1.090310e+01  1.158000e+01
  1.062070e+01  1.116660e+01
  1.034560e+01  1.062610e+01
  1.007760e+01  9.837015e+00
  9.816600e+00  9.027605e+00
  9.562300e+00  8.210609e+00
  9.314600e+00  7.517925e+00
  9.073300e+00  5.942305e+00
  8.838300e+00  4.574700e+00
  8.609300e+00  3.922620e+00
  8.386300e+00  3.219790e+00
  8.169100e+00  2.829055e+00
  7.957500e+00  2.780855e+00
  7.751400e+00  2.699665e+00
  7.550600e+00  2.603235e+00
  7.355000e+00  2.676815e+00
  7.164500e+00  2.590545e+00
  6.978900e+00  2.610855e+00
  6.798100e+00  2.641295e+00
  6.622000e+00  2.641305e+00
  6.450500e+00  2.737725e+00
  6.283400e+00  2.661600e+00
  6.120600e+00  2.653985e+00
  5.962100e+00  2.506820e+00
  5.807600e+00  2.430720e+00
  5.657200e+00  2.628610e+00
  5.510700e+00  2.648910e+00
  5.367900e+00  2.783385e+00
  5.228900e+00  2.664135e+00
  5.093400e+00  2.775775e+00
  4.961500e+00  2.775770e+00
  4.833000e+00  2.841750e+00
  4.707800e+00  3.105625e+00
  4.585800e+00  2.760550e+00
  4.467100e+00  2.727570e+00
  4.351300e+00  2.940710e+00
  4.238600e+00  2.811310e+00
  4.128800e+00  2.867115e+00
  4.021900e+00  4.034265e+00
  3.917700e+00  3.158905e+00
  3.816200e+00  2.692045e+00
  3.717400e+00  2.775775e+00
  3.621100e+00  2.770690e+00
  3.527300e+00  2.582940e+00
  3.435900e+00  2.745325e+00
  3.346900e+00  2.402805e+00
  3.260200e+00  2.240405e+00
  3.175800e+00  2.116085e+00
  3.093500e+00  1.699975e+00
  3.013400e+00  1.649215e+00
  2.935300e+00  1.699970e+00
  2.859300e+00  2.029815e+00
  2.785200e+00  2.313990e+00
  2.713100e+00  2.537265e+00
  2.642800e+00  2.582950e+00
  2.574300e+00  2.801160e+00
  2.507600e+00  2.653985e+00
  2.442700e+00  3.285765e+00
  2.379400e+00  3.366970e+00
  2.317800e+00  3.098005e+00
  2.257700e+00  3.179210e+00
  2.199300e+00  3.445620e+00
  2.142300e+00  3.278160e+00
  2.086800e+00  3.293395e+00
  2.032700e+00  3.745005e+00
  1.980100e+00  3.770385e+00
  1.928800e+00  2.478915e+00
  1.878800e+00  2.382490e+00
  1.830200e+00  3.628315e+00
  1.782800e+00  7.982250e+00
  1.736600e+00  4.886790e+00
  1.691600e+00  4.112925e+00
  1.647800e+00  4.034270e+00
  1.605100e+00  4.128150e+00
  1.563500e+00  4.176350e+00
  1.523000e+00  4.359025e+00
  1.483600e+00  4.419930e+00
  1.445100e+00  4.333655e+00
  1.407700e+00  4.351420e+00
  1.371200e+00  4.303195e+00
  1.335700e+00  5.120220e+00
  1.301100e+00  4.216940e+00
  1.267400e+00  3.242635e+00
  1.234600e+00  5.028870e+00
  1.202600e+00  5.772285e+00
  1.171500e+00  5.457670e+00
  1.141100e+00  6.355865e+00
  1.111600e+00  5.470365e+00
  1.082800e+00  4.346345e+00
  1.054700e+00  6.987640e+00
  1.027400e+00  6.807495e+00
  1.000800e+00  5.856025e+00
  9.749000e-01  7.139875e+00
  9.496000e-01  6.667940e+00
  9.250000e-01  7.256600e+00
  9.010000e-01  8.119265e+00
  8.777000e-01  8.928655e+00
  8.550000e-01  9.220430e+00
  8.328000e-01  9.971420e+00
  8.113000e-01  1.097115e+01
  7.902000e-01  1.183380e+01
  7.698000e-01  1.237430e+01
  7.498000e-01  1.298830e+01
  7.304000e-01  1.345015e+01
  7.115000e-01  1.411990e+01
  6.931000e-01  1.628925e+01
  6.751000e-01  2.964290e+01
  6.576000e-01  4.452665e+01
  6.406000e-01  5.726880e+01
  6.240000e-01  1.969690e+01
  6.078000e-01  1.929605e+01
  5.921000e-01  1.963600e+01
  5.767000e-01  1.940515e+01
  5.618000e-01  1.992525e+01
  5.472000e-01  1.953195e+01
  5.331000e-01  2.568475e+01
  5.193000e-01  2.530430e+01
  5.058000e-01  2.557825e+01
  4.927000e-01  2.316015e+01
  4.799000e-01  2.381990e+01
  4.675000e-01  2.264000e+01
  4.554000e-01  2.229760e+01
  4.436000e-01  2.458610e+01
  4.321000e-01  2.175965e+01
  4.209000e-01  2.464185e+01
  4.100000e-01  2.508350e+01
  3.994000e-01  4.341525e+01
  3.891000e-01  3.302765e+01
  3.790000e-01  3.188580e+01
  3.692000e-01  2.854675e+01
  3.596000e-01  2.740505e+01
  3.503000e-01  2.637240e+01
  3.412000e-01  2.646635e+01
  3.324000e-01  2.655760e+01
  3.238000e-01  2.516970e+01
  3.154000e-01  2.543615e+01
  3.072000e-01  2.574820e+01
  2.992000e-01  3.264720e+01
  2.915000e-01  3.693765e+01
  2.839000e-01  3.894980e+01
  2.766000e-01  3.334480e+01
  2.694000e-01  3.454485e+01
  2.624000e-01  3.254555e+01
  2.556000e-01  2.968090e+01
  2.490000e-01  2.807240e+01
  2.426000e-01  2.576850e+01
  2.363000e-01  2.405330e+01
  2.302000e-01  2.179005e+01
  2.242000e-01  1.987445e+01
  2.184000e-01  1.867945e+01
  2.127000e-01  1.733475e+01
  2.072000e-01  1.586545e+01
  2.019000e-01  1.450295e+01
  1.966000e-01  1.362265e+01
  1.915000e-01  1.231845e+01
  1.866000e-01  1.174745e+01
  1.817000e-01  1.070985e+01
  1.770000e-01  1.010340e+01
  1.725000e-01  9.410780e+00
  1.680000e-01  8.433900e+00
  1.636000e-01  7.477335e+00
  1.594000e-01  6.868390e+00
  1.553000e-01  6.185865e+00
  1.512000e-01  5.729160e+00
  1.473000e-01  5.135445e+00
  1.435000e-01  4.749775e+00
  1.398000e-01  4.201720e+00
  1.362000e-01  3.810985e+00
  1.326000e-01  3.425315e+00
  1.292000e-01  2.986370e+00
  1.259000e-01  2.621005e+00
  1.226000e-01  2.275930e+00
  1.194000e-01  2.017145e+00
  1.163000e-01  1.758335e+00
  1.133000e-01  1.494445e+00
  1.104000e-01  1.377740e+00
  1.075000e-01  1.047890e+00
  1.047000e-01  8.905735e-01
  1.020000e-01  8.017780e-01
  9.940000e-02  7.002875e-01
  9.680000e-02  5.607370e-01
  9.430000e-02  5.582005e-01
  9.190000e-02  3.932770e-01
  8.950000e-02  3.171595e-01
  8.720000e-02  2.791000e-01
  8.490000e-02  2.511905e-01
  8.270000e-02  1.750720e-01
  8.060000e-02  1.725345e-01
  7.850000e-02  1.699985e-01
  7.640000e-02  1.649240e-01
  7.450000e-02  1.750725e-01
  7.250000e-02  1.370130e-01
  7.070000e-02  1.116405e-01
  6.880000e-02  1.319388e-01
  6.700000e-02  1.192520e-01
  6.530000e-02  1.065650e-01
  6.360000e-02  1.167165e-01
  6.200000e-02  9.387925e-02
  6.040000e-02  1.040285e-01
  5.880000e-02  9.895425e-02
  5.730000e-02  9.387875e-02
  5.580000e-02  9.134175e-02
  5.430000e-02  1.395515e-01
  5.290000e-02  7.865550e-02
  5.160000e-02  8.372975e-02
  5.020000e-02  8.880500e-02
  4.890000e-02  6.343200e-02
  4.770000e-02  8.880500e-02
  4.640000e-02  8.626750e-02
  4.520000e-02  8.626675e-02
  4.410000e-02  8.372950e-02
  4.290000e-02  7.104400e-02
  4.180000e-02  8.373000e-02
  4.070000e-02  8.626750e-02
  3.970000e-02  6.343175e-02
  3.860000e-02  9.387875e-02
  3.760000e-02  7.358100e-02
  3.670000e-02  5.581950e-02
  3.570000e-02  6.089475e-02
  3.480000e-02  8.373025e-02
  3.390000e-02  7.104350e-02
  3.300000e-02  9.895375e-02
  3.220000e-02  6.850625e-02
  3.130000e-02  5.835675e-02
  3.050000e-02  6.343150e-02
  2.970000e-02  6.089500e-02
  2.890000e-02  6.850625e-02
  2.820000e-02  5.835725e-02
  2.750000e-02  9.387950e-02
  2.680000e-02  5.328250e-02
  2.610000e-02  4.313325e-02
  2.540000e-02  4.820825e-02
  2.470000e-02  6.089450e-02
  2.410000e-02  4.567100e-02
  2.350000e-02  5.835725e-02
  2.290000e-02  4.059600e-02
  2.230000e-02  3.044700e-02
  2.170000e-02  3.298425e-02
  2.110000e-02  5.074525e-02
  2.060000e-02  3.044700e-02
  2.000000e-02  4.059600e-02
  1.950000e-02  3.044700e-02
  1.900000e-02  2.029800e-02
  1.850000e-02  2.029800e-02
  1.800000e-02  2.283525e-02
  1.760000e-02  1.776075e-02
  1.710000e-02  2.029800e-02
  1.670000e-02  1.014900e-02
  1.630000e-02  2.029800e-02
  1.580000e-02  2.029800e-02
  1.540000e-02  1.014900e-02
  1.500000e-02  7.611750e-03
  1.460000e-02  7.611750e-03
  1.430000e-02  2.537250e-03
  1.390000e-02  7.611750e-03
  1.350000e-02  2.537250e-03
  1.320000e-02  2.537250e-03
  1.280000e-02  5.074500e-03
  1.250000e-02  5.074500e-03
  1.220000e-02  0.000000e+00
  1.190000e-02  0.000000e+00
  1.160000e-02  0.000000e+00
  1.130000e-02  0.000000e+00
  1.100000e-02  4.567075e-02
  1.070000e-02  6.596900e-02
  1.040000e-02  4.313325e-02
  1.010000e-02  2.461165e-01
