  4.934820e+03  5.074500e-03
  4.806990e+03  2.537250e-03
  4.682470e+03  0.000000e+00
  4.561180e+03  0.000000e+00
  4.443030e+03  0.000000e+00
  4.327940e+03  0.000000e+00
  4.215830e+03  0.000000e+00
  4.106630e+03  0.000000e+00
  4.000250e+03  0.000000e+00
  3.896630e+03  0.000000e+00
  3.795700e+03  0.000000e+00
  3.697380e+03  0.000000e+00
  3.601600e+03  2.537250e-03
  3.508310e+03  0.000000e+00
  3.417430e+03  0.000000e+00
  3.328910e+03  0.000000e+00
  3.242680e+03  0.000000e+00
  3.158680e+03  0.000000e+00
  3.076860e+03  0.000000e+00
  2.997160e+03  0.000000e+00
  2.919530e+03  0.000000e+00
  2.843900e+03  0.000000e+00
  2.770230e+03  0.000000e+00
  2.698480e+03  2.537250e-03
  2.628580e+03  0.000000e+00
  2.560490e+03  0.000000e+00
  2.494160e+03  0.000000e+00
  2.429550e+03  7.611750e-03
  2.366620e+03  5.074500e-03
  2.305320e+03  2.537250e-03
  2.245600e+03  5.074500e-03
  2.187430e+03  7.611750e-03
  2.130770e+03  2.537250e-03
  2.075580e+03  0.000000e+00
  2.021810e+03  0.000000e+00
  1.969440e+03  2.537250e-03
  1.918430e+03  2.537250e-03
  1.868730e+03  1.014900e-02
  1.820330e+03  1.014900e-02
  1.773170e+03  5.074500e-03
  1.727240e+03  1.014900e-02
  1.682500e+03  1.268625e-02
  1.638920e+03  1.522350e-02
  1.596470e+03  1.522350e-02
  1.555110e+03  2.791000e-02
  1.514830e+03  1.776075e-02
  1.475590e+03  2.537250e-02
  1.437370e+03  3.298475e-02
  1.400140e+03  2.537250e-02
  1.363870e+03  3.552150e-02
  1.328540e+03  3.552175e-02
  1.294120e+03  3.298425e-02
  1.260600e+03  4.820775e-02
  1.227950e+03  3.044700e-02
  1.196140e+03  5.835700e-02
  1.165160e+03  4.567100e-02
  1.134980e+03  5.074525e-02
  1.105580e+03  8.119275e-02
  1.076940e+03  7.611775e-02
  1.049040e+03  8.626725e-02
  1.021870e+03  8.373000e-02
  9.953980e+02  9.895425e-02
  9.696140e+02  1.091035e-01
  9.444970e+02  1.420870e-01
  9.200320e+02  1.141770e-01
  8.962000e+02  1.522375e-01
  8.729850e+02  1.522370e-01
  8.503720e+02  2.080560e-01
  8.283450e+02  1.928330e-01
  8.068880e+02  2.537265e-01
  7.859870e+02  3.196960e-01
  7.656270e+02  3.273080e-01
  7.457950e+02  3.983515e-01
  7.264760e+02  4.516340e-01
  7.076580e+02  4.541700e-01
  6.893270e+02  5.404400e-01
  6.714710e+02  6.393940e-01
  6.540780e+02  6.317785e-01
  6.371350e+02  7.789430e-01
  6.206310e+02  8.829735e-01
  6.045550e+02  9.413300e-01
  5.888950e+02  1.189990e+00
  5.736410e+02  1.177290e+00
  5.587810e+02  1.352370e+00
  5.443070e+02  1.585795e+00
  5.302080e+02  1.697430e+00
  5.164740e+02  1.824305e+00
  5.030950e+02  2.037430e+00
  4.900630e+02  2.405340e+00
  4.773690e+02  2.818905e+00
  4.650040e+02  3.113230e+00
  4.529580e+02  3.369510e+00
  4.412250e+02  3.722180e+00
  4.297960e+02  4.257540e+00
  4.186630e+02  4.993350e+00
  4.078180e+02  5.346035e+00
  3.972540e+02  6.091990e+00
  3.869640e+02  6.962260e+00
  3.769400e+02  7.675230e+00
  3.671770e+02  8.677475e+00
  3.576650e+02  9.885284e+00
  3.484010e+02  1.078075e+01
  3.393760e+02  1.227015e+01
  3.305850e+02  1.348060e+01
  3.220220e+02  1.513485e+01
  3.136800e+02  1.717480e+01
  3.055550e+02  1.883665e+01
  2.976400e+02  2.059250e+01
  2.899300e+02  2.333265e+01
  2.824200e+02  2.559105e+01
  2.751040e+02  2.886910e+01
  2.679780e+02  3.224365e+01
  2.610370e+02  3.554465e+01
  2.542750e+02  3.935810e+01
  2.476890e+02  4.442010e+01
  2.412730e+02  4.910630e+01
  2.350230e+02  5.334100e+01
  2.289350e+02  6.074485e+01
  2.230050e+02  6.675565e+01
  2.172280e+02  7.465415e+01
  2.116010e+02  8.174830e+01
  2.061200e+02  9.018480e+01
  2.007810e+02  1.002065e+02
  1.955800e+02  1.099775e+02
  1.905140e+02  1.214260e+02
  1.855790e+02  1.338765e+02
  1.807720e+02  1.479555e+02
  1.760890e+02  1.632325e+02
  1.715280e+02  1.781725e+02
  1.670850e+02  1.935460e+02
  1.627570e+02  2.128415e+02
  1.585410e+02  2.278740e+02
  1.544340e+02  2.475910e+02
  1.504340e+02  2.671725e+02
  1.465370e+02  2.889400e+02
  1.427410e+02  3.100970e+02
  1.390440e+02  3.306545e+02
  1.354420e+02  3.540180e+02
  1.319340e+02  3.764720e+02
  1.285160e+02  4.002310e+02
  1.251870e+02  4.249320e+02
  1.219440e+02  4.484740e+02
  1.187850e+02  4.762535e+02
  1.157090e+02  4.990610e+02
  1.127110e+02  5.249730e+02
  1.097920e+02  5.513205e+02
  1.069480e+02  5.771150e+02
  1.041770e+02  5.999750e+02
  1.014790e+02  6.254735e+02
  9.885030e+01  6.465575e+02
  9.628970e+01  6.650955e+02
  9.379550e+01  6.832690e+02
  9.136590e+01  7.014970e+02
  8.899920e+01  7.132265e+02
  8.669380e+01  7.238050e+02
  8.444820e+01  7.342715e+02
  8.226070e+01  7.365355e+02
  8.012980e+01  7.366755e+02
  7.805420e+01  7.324010e+02
  7.603240e+01  7.250955e+02
  7.406290e+01  7.092560e+02
  7.214440e+01  6.961855e+02
  7.027560e+01  6.741880e+02
  6.845520e+01  6.524315e+02
  6.668200e+01  6.223945e+02
  6.495470e+01  5.934200e+02
  6.327220e+01  5.684095e+02
  6.163320e+01  5.361690e+02
  6.003670e+01  5.054170e+02
  5.848160e+01  4.778045e+02
  5.696670e+01  4.483610e+02
  5.549110e+01  4.205045e+02
  5.405370e+01  3.853430e+02
  5.265350e+01  3.512900e+02
  5.128960e+01  3.177455e+02
  4.996100e+01  2.854330e+02
  4.866690e+01  2.527725e+02
  4.740620e+01  2.238075e+02
  4.617830e+01  1.962245e+02
  4.498210e+01  1.742845e+02
  4.381690e+01  1.564890e+02
  4.268190e+01  1.410540e+02
  4.157630e+01  1.267220e+02
  4.049930e+01  1.138140e+02
  3.945030e+01  1.039700e+02
  3.842840e+01  9.474170e+01
  3.743290e+01  8.514830e+01
  3.646330e+01  7.685125e+01
  3.551880e+01  6.951105e+01
  3.459870e+01  6.270865e+01
  3.370250e+01  5.747940e+01
  3.282950e+01  5.120730e+01
  3.197910e+01  4.621885e+01
  3.115070e+01  4.224300e+01
  3.034380e+01  3.833305e+01
  2.955780e+01  3.456530e+01
  2.879220e+01  3.122365e+01
  2.804640e+01  2.883620e+01
  2.731990e+01  2.677070e+01
  2.661220e+01  2.416995e+01
  2.592290e+01  2.241160e+01
  2.525140e+01  2.075990e+01
  2.459730e+01  1.931120e+01
  2.396010e+01  1.789785e+01
  2.333950e+01  1.646175e+01
  2.273490e+01  1.575400e+01
  2.214600e+01  1.459705e+01
  2.157230e+01  1.397265e+01
  2.101350e+01  1.318620e+01
  2.046920e+01  1.265325e+01
  1.993900e+01  1.175520e+01
  1.942250e+01  1.092040e+01
  1.891940e+01  9.923435e+00
  1.842930e+01  9.530015e+00
  1.795200e+01  8.583585e+00
  1.748690e+01  7.464635e+00
  1.703400e+01  6.482715e+00
  1.659270e+01  5.391705e+00
  1.616290e+01  4.967980e+00
  1.574430e+01  3.930235e+00
  1.533640e+01  3.288305e+00
  1.493920e+01  2.935625e+00
  1.455220e+01  2.499220e+00
  1.417520e+01  2.072950e+00
  1.380800e+01  1.811620e+00
  1.345040e+01  1.588340e+00
  1.310200e+01  1.502065e+00
  1.276260e+01  1.420880e+00
  1.243200e+01  1.220430e+00
  1.211000e+01  1.319385e+00
  1.179630e+01  1.096100e+00
  1.149070e+01  9.489385e-01
  1.119310e+01  8.576000e-01
  1.090310e+01  9.489485e-01
  1.062070e+01  8.347635e-01
  1.034560e+01  6.850640e-01
  1.007760e+01  5.683490e-01
  9.816600e+00  4.922310e-01
  9.562300e+00  4.287980e-01
  9.314600e+00  2.765625e-01
  9.073300e+00  2.714890e-01
  8.838300e+00  2.105945e-01
  8.609300e+00  1.979065e-01
  8.386300e+00  1.953700e-01
  8.169100e+00  2.055195e-01
  7.957500e+00  2.359675e-01
  7.751400e+00  2.410405e-01
  7.550600e+00  2.562645e-01
  7.355000e+00  2.410415e-01
  7.164500e+00  2.791000e-01
  6.978900e+00  2.791000e-01
  6.798100e+00  2.765625e-01
  6.622000e+00  2.588025e-01
  6.450500e+00  2.816370e-01
  6.283400e+00  2.740250e-01
  6.120600e+00  2.613395e-01
  5.962100e+00  2.588020e-01
  5.807600e+00  2.740255e-01
  5.657200e+00  2.410410e-01
  5.510700e+00  3.070100e-01
  5.367900e+00  3.399940e-01
  5.228900e+00  2.816375e-01
  5.093400e+00  2.816380e-01
  4.961500e+00  3.222335e-01
  4.833000e+00  3.222330e-01
  4.707800e+00  3.044725e-01
  4.585800e+00  2.537280e-01
  4.467100e+00  2.867115e-01
  4.351300e+00  3.323820e-01
  4.238600e+00  3.146225e-01
  4.128800e+00  2.943235e-01
  4.021900e+00  4.541715e-01
  3.917700e+00  2.867120e-01
  3.816200e+00  3.120855e-01
  3.717400e+00  2.588020e-01
  3.621100e+00  2.841745e-01
  3.527300e+00  2.867120e-01
  3.435900e+00  2.968610e-01
  3.346900e+00  2.993975e-01
  3.260200e+00  2.410405e-01
  3.175800e+00  2.613400e-01
  3.093500e+00  2.004460e-01
  3.013400e+00  2.131310e-01
  2.935300e+00  2.714885e-01
  2.859300e+00  2.765615e-01
  2.785200e+00  2.867110e-01
  2.713100e+00  2.689510e-01
  2.642800e+00  3.095465e-01
  2.574300e+00  3.780535e-01
  2.507600e+00  3.958145e-01
  2.442700e+00  4.389470e-01
  2.379400e+00  4.287990e-01
  2.317800e+00  3.729785e-01
  2.257700e+00  3.704415e-01
  2.199300e+00  5.049180e-01
  2.142300e+00  5.252155e-01
  2.086800e+00  5.074550e-01
  2.032700e+00  5.252150e-01
  1.980100e+00  6.470045e-01
  1.928800e+00  4.211860e-01
  1.878800e+00  3.526815e-01
  1.830200e+00  5.480505e-01
  1.782800e+00  1.387885e+00
  1.736600e+00  9.337210e-01
  1.691600e+00  7.586435e-01
  1.647800e+00  7.002870e-01
  1.605100e+00  7.586455e-01
  1.563500e+00  8.043195e-01
  1.523000e+00  8.347630e-01
  1.483600e+00  8.728255e-01
  1.445100e+00  8.829750e-01
  1.407700e+00  8.778995e-01
  1.371200e+00  9.413331e-01
  1.335700e+00  9.971495e-01
  1.301100e+00  8.017750e-01
  1.267400e+00  6.038720e-01
  1.234600e+00  1.146855e+00
  1.202600e+00  1.184910e+00
  1.171500e+00  1.116390e+00
  1.141100e+00  1.299090e+00
  1.111600e+00  1.215350e+00
  1.082800e+00  9.159495e-01
  1.054700e+00  1.535060e+00
  1.027400e+00  1.484305e+00
  1.000800e+00  1.278790e+00
  9.749000e-01  1.578190e+00
  9.496000e-01  1.469080e+00
  9.250000e-01  1.634010e+00
  9.010000e-01  1.738035e+00
  8.777000e-01  1.824315e+00
  8.550000e-01  1.976525e+00
  8.328000e-01  2.111005e+00
  8.113000e-01  2.339360e+00
  7.902000e-01  2.357125e+00
  7.698000e-01  2.461150e+00
  7.498000e-01  2.620995e+00
  7.304000e-01  2.778315e+00
  7.115000e-01  2.953370e+00
  6.931000e-01  3.323815e+00
  6.751000e-01  6.010790e+00
  6.576000e-01  8.923630e+00
  6.406000e-01  1.133155e+01
  6.240000e-01  4.085020e+00
  6.078000e-01  3.805910e+00
  5.921000e-01  4.011425e+00
  5.767000e-01  3.996210e+00
  5.618000e-01  3.810980e+00
  5.472000e-01  4.024110e+00
  5.331000e-01  4.919775e+00
  5.193000e-01  4.790375e+00
  5.058000e-01  4.881710e+00
  4.927000e-01  4.526490e+00
  4.799000e-01  4.671120e+00
  4.675000e-01  4.257530e+00
  4.554000e-01  4.359040e+00
  4.436000e-01  4.648275e+00
  4.321000e-01  4.219490e+00
  4.209000e-01  4.564545e+00
  4.100000e-01  4.813215e+00
  3.994000e-01  7.804625e+00
  3.891000e-01  6.216325e+00
  3.790000e-01  5.937210e+00
  3.692000e-01  5.437375e+00
  3.596000e-01  5.039025e+00
  3.503000e-01  5.069470e+00
  3.412000e-01  4.917230e+00
  3.324000e-01  4.998425e+00
  3.238000e-01  4.622900e+00
  3.154000e-01  4.607695e+00
  3.072000e-01  4.980660e+00
  2.992000e-01  5.990490e+00
  2.915000e-01  7.114505e+00
  2.839000e-01  7.563595e+00
  2.766000e-01  6.508090e+00
  2.694000e-01  6.967335e+00
  2.624000e-01  6.218850e+00
  2.556000e-01  5.970195e+00
  2.490000e-01  5.665725e+00
  2.426000e-01  5.120220e+00
  2.363000e-01  4.851260e+00
  2.302000e-01  4.247395e+00
  2.242000e-01  3.831275e+00
  2.184000e-01  3.547120e+00
  2.127000e-01  2.948315e+00
  2.072000e-01  2.775770e+00
  2.019000e-01  2.499225e+00
  1.966000e-01  2.242940e+00
  1.915000e-01  2.088175e+00
  1.866000e-01  1.915645e+00
  1.817000e-01  1.755805e+00
  1.770000e-01  1.585790e+00
  1.725000e-01  1.413265e+00
  1.680000e-01  1.299070e+00
  1.636000e-01  1.075805e+00
  1.594000e-01  1.118945e+00
  1.553000e-01  1.060575e+00
  1.512000e-01  8.220740e-01
  1.473000e-01  7.332725e-01
  1.435000e-01  6.571560e-01
  1.398000e-01  6.520805e-01
  1.362000e-01  5.734240e-01
  1.326000e-01  5.480515e-01
  1.292000e-01  5.176035e-01
  1.259000e-01  3.882020e-01
  1.226000e-01  3.856650e-01
  1.194000e-01  3.476060e-01
  1.163000e-01  3.019350e-01
  1.133000e-01  2.461160e-01
  1.104000e-01  2.308920e-01
  1.075000e-01  1.699970e-01
  1.047000e-01  2.029825e-01
  1.020000e-01  1.649230e-01
  9.940000e-02  1.065660e-01
  9.680000e-02  8.880475e-02
  9.430000e-02  1.065665e-01
  9.190000e-02  8.119275e-02
  8.950000e-02  7.104374e-02
  8.720000e-02  5.581950e-02
  8.490000e-02  4.059600e-02
  8.270000e-02  3.552150e-02
  8.060000e-02  4.820800e-02
  7.850000e-02  3.044700e-02
  7.640000e-02  3.805875e-02
  7.450000e-02  2.283525e-02
  7.250000e-02  2.537250e-02
  7.070000e-02  2.537250e-02
  6.880000e-02  1.776075e-02
  6.700000e-02  2.283525e-02
  6.530000e-02  1.776075e-02
  6.360000e-02  2.029800e-02
  6.200000e-02  1.776075e-02
  6.040000e-02  1.776100e-02
  5.880000e-02  1.014900e-02
  5.730000e-02  2.029800e-02
  5.580000e-02  1.014900e-02
  5.430000e-02  1.014925e-02
  5.290000e-02  7.611750e-03
  5.160000e-02  1.268625e-02
  5.020000e-02  2.790975e-02
  4.890000e-02  1.014900e-02
  4.770000e-02  7.611750e-03
  4.640000e-02  7.611750e-03
  4.520000e-02  1.776075e-02
  4.410000e-02  5.074500e-03
  4.290000e-02  1.268625e-02
  4.180000e-02  7.611750e-03
  4.070000e-02  2.537250e-03
  3.970000e-02  1.014900e-02
  3.860000e-02  0.000000e+00
  3.760000e-02  1.268625e-02
  3.670000e-02  5.074500e-03
  3.570000e-02  1.268625e-02
  3.480000e-02  7.611750e-03
  3.390000e-02  7.611750e-03
  3.300000e-02  2.029800e-02
  3.220000e-02  1.268625e-02
  3.130000e-02  1.014900e-02
  3.050000e-02  5.074500e-03
  2.970000e-02  7.611750e-03
  2.890000e-02  1.522350e-02
  2.820000e-02  7.611750e-03
  2.750000e-02  1.014900e-02
  2.680000e-02  7.611750e-03
  2.610000e-02  2.537250e-03
  2.540000e-02  1.776075e-02
  2.470000e-02  7.611750e-03
  2.410000e-02  1.014900e-02
  2.350000e-02  2.537250e-03
  2.290000e-02  7.611750e-03
  2.230000e-02  2.537250e-03
  2.170000e-02  5.074500e-03
  2.110000e-02  7.611750e-03
  2.060000e-02  2.537250e-03
  2.000000e-02  5.074500e-03
  1.950000e-02  0.000000e+00
  1.900000e-02  0.000000e+00
  1.850000e-02  2.537250e-03
  1.800000e-02  0.000000e+00
  1.760000e-02  2.537250e-03
  1.710000e-02  0.000000e+00
  1.670000e-02  0.000000e+00
  1.630000e-02  2.537250e-03
  1.580000e-02  0.000000e+00
  1.540000e-02  0.000000e+00
  1.500000e-02  0.000000e+00
  1.460000e-02  0.000000e+00
  1.430000e-02  0.000000e+00
  1.390000e-02  2.537250e-03
  1.350000e-02  0.000000e+00
  1.320000e-02  0.000000e+00
  1.280000e-02  0.000000e+00
  1.250000e-02  0.000000e+00
  1.220000e-02  0.000000e+00
  1.190000e-02  0.000000e+00
  1.160000e-02  0.000000e+00
  1.130000e-02  0.000000e+00
  1.100000e-02  0.000000e+00
  1.070000e-02  0.000000e+00
  1.040000e-02  0.000000e+00
  1.010000e-02  0.000000e+00
