  4.934820e+03  1.019220e-03
  4.806990e+03  0.000000e+00
  4.682470e+03  0.000000e+00
  4.561180e+03  6.794800e-04
  4.443030e+03  3.397400e-04
  4.327940e+03  1.019220e-03
  4.215830e+03  6.794800e-04
  4.106630e+03  3.397400e-04
  4.000250e+03  0.000000e+00
  3.896630e+03  3.397400e-04
  3.795700e+03  0.000000e+00
  3.697380e+03  3.397400e-04
  3.601600e+03  3.397400e-04
  3.508310e+03  6.794800e-04
  3.417430e+03  0.000000e+00
  3.328910e+03  1.019220e-03
  3.242680e+03  1.019220e-03
  3.158680e+03  1.019220e-03
  3.076860e+03  1.698700e-03
  2.997160e+03  1.019220e-03
  2.919530e+03  3.397400e-04
  2.843900e+03  2.378180e-03
  2.770230e+03  1.358960e-03
  2.698480e+03  2.038480e-03
  2.628580e+03  1.698700e-03
  2.560490e+03  2.717900e-03
  2.494160e+03  1.698700e-03
  2.429550e+03  4.076920e-03
  2.366620e+03  2.717940e-03
  2.305320e+03  5.096180e-03
  2.245600e+03  2.717960e-03
  2.187430e+03  5.775620e-03
  2.130770e+03  4.416700e-03
  2.075580e+03  5.096180e-03
  2.021810e+03  5.775680e-03
  1.969440e+03  7.814040e-03
  1.918430e+03  6.455180e-03
  1.868730e+03  8.493630e-03
  1.820330e+03  9.172970e-03
  1.773170e+03  9.512820e-03
  1.727240e+03  9.852421e-03
  1.682500e+03  1.257037e-02
  1.638920e+03  1.053206e-02
  1.596470e+03  1.596775e-02
  1.555110e+03  1.800625e-02
  1.514830e+03  2.140360e-02
  1.475590e+03  1.936515e-02
  1.437370e+03  2.208310e-02
  1.400140e+03  2.072415e-02
  1.363870e+03  2.853805e-02
  1.328540e+03  2.853825e-02
  1.294120e+03  3.567265e-02
  1.260600e+03  3.805070e-02
  1.227950e+03  4.484555e-02
  1.196140e+03  4.552505e-02
  1.165160e+03  5.469790e-02
  1.134980e+03  5.775555e-02
  1.105580e+03  6.522985e-02
  1.076940e+03  6.794780e-02
  1.049040e+03  7.474265e-02
  1.021870e+03  7.881935e-02
  9.953980e+02  1.012430e-01
  9.696140e+02  1.012430e-01
  9.444970e+02  1.117740e-01
  9.200320e+02  1.324985e-01
  8.962000e+02  1.491455e-01
  8.729850e+02  1.661330e-01
  8.503720e+02  1.895735e-01
  8.283450e+02  2.147155e-01
  8.068880e+02  2.463100e-01
  7.859870e+02  2.792655e-01
  7.656270e+02  2.921755e-01
  7.457950e+02  3.703145e-01
  7.264760e+02  3.869620e-01
  7.076580e+02  4.287510e-01
  6.893270e+02  4.827680e-01
  6.714710e+02  5.530940e-01
  6.540780e+02  6.325935e-01
  6.371350e+02  7.192275e-01
  6.206310e+02  7.946490e-01
  6.045550e+02  8.843405e-01
  5.888950e+02  9.882980e-01
  5.736410e+02  1.116730e+00
  5.587810e+02  1.276745e+00
  5.443070e+02  1.385455e+00
  5.302080e+02  1.595745e+00
  5.164740e+02  1.801295e+00
  5.030950e+02  2.010915e+00
  4.900630e+02  2.219180e+00
  4.773690e+02  2.535480e+00
  4.650040e+02  2.731845e+00
  4.529580e+02  3.092315e+00
  4.412250e+02  3.479605e+00
  4.297960e+02  3.930095e+00
  4.186630e+02  4.294625e+00
  4.078180e+02  4.913300e+00
  3.972540e+02  5.555405e+00
  3.869640e+02  6.103060e+00
  3.769400e+02  6.758435e+00
  3.671770e+02  7.583640e+00
  3.576650e+02  8.398685e+00
  3.484010e+02  9.421300e+00
  3.393760e+02  1.054960e+01
  3.305850e+02  1.156030e+01
  3.220220e+02  1.286745e+01
  3.136800e+02  1.425590e+01
  3.055550e+02  1.568190e+01
  2.976400e+02  1.739020e+01
  2.899300e+02  1.920275e+01
  2.824200e+02  2.121115e+01
  2.751040e+02  2.373655e+01
  2.679780e+02  2.618595e+01
  2.610370e+02  2.870020e+01
  2.542750e+02  3.173985e+01
  2.476890e+02  3.507805e+01
  2.412730e+02  3.874360e+01
  2.350230e+02  4.280440e+01
  2.289350e+02  4.727510e+01
  2.230050e+02  5.183225e+01
  2.172280e+02  5.693845e+01
  2.116010e+02  6.206105e+01
  2.061200e+02  6.797870e+01
  2.007810e+02  7.418535e+01
  1.955800e+02  8.163070e+01
  1.905140e+02  8.942665e+01
  1.855790e+02  9.826390e+01
  1.807720e+02  1.069955e+02
  1.760890e+02  1.164915e+02
  1.715280e+02  1.266895e+02
  1.670850e+02  1.364220e+02
  1.627570e+02  1.472495e+02
  1.585410e+02  1.581825e+02
  1.544340e+02  1.690045e+02
  1.504340e+02  1.805095e+02
  1.465370e+02  1.924840e+02
  1.427410e+02  2.046355e+02
  1.390440e+02  2.173390e+02
  1.354420e+02  2.296000e+02
  1.319340e+02  2.411265e+02
  1.285160e+02  2.533910e+02
  1.251870e+02  2.663990e+02
  1.219440e+02  2.780785e+02
  1.187850e+02  2.905810e+02
  1.157090e+02  3.034130e+02
  1.127110e+02  3.149155e+02
  1.097920e+02  3.257310e+02
  1.069480e+02  3.362905e+02
  1.041770e+02  3.469620e+02
  1.014790e+02  3.560730e+02
  9.885030e+01  3.638400e+02
  9.628970e+01  3.710060e+02
  9.379550e+01  3.767015e+02
  9.136590e+01  3.818105e+02
  8.899920e+01  3.840505e+02
  8.669380e+01  3.842965e+02
  8.444820e+01  3.834105e+02
  8.226070e+01  3.798435e+02
  8.012980e+01  3.752500e+02
  7.805420e+01  3.666270e+02
  7.603240e+01  3.565310e+02
  7.406290e+01  3.442000e+02
  7.214440e+01  3.300260e+02
  7.027560e+01  3.148995e+02
  6.845520e+01  2.949375e+02
  6.668200e+01  2.755640e+02
  6.495470e+01  2.545530e+02
  6.327220e+01  2.363685e+02
  6.163320e+01  2.174245e+02
  6.003670e+01  1.990395e+02
  5.848160e+01  1.822790e+02
  5.696670e+01  1.667915e+02
  5.549110e+01  1.512590e+02
  5.405370e+01  1.337810e+02
  5.265350e+01  1.152715e+02
  5.128960e+01  9.848390e+01
  4.996100e+01  8.303455e+01
  4.866690e+01  6.775885e+01
  4.740620e+01  5.443530e+01
  4.617830e+01  4.348765e+01
  4.498210e+01  3.423510e+01
  4.381690e+01  2.900055e+01
  4.268190e+01  2.469125e+01
  4.157630e+01  2.067275e+01
  4.049930e+01  1.721150e+01
  3.945030e+01  1.479080e+01
  3.842840e+01  1.267845e+01
  3.743290e+01  1.105715e+01
  3.646330e+01  9.451195e+00
  3.551880e+01  8.108880e+00
  3.459870e+01  6.889220e+00
  3.370250e+01  5.706925e+00
  3.282950e+01  4.562000e+00
  3.197910e+01  3.727615e+00
  3.115070e+01  3.019265e+00
  3.034380e+01  2.419615e+00
  2.955780e+01  1.877400e+00
  2.879220e+01  1.466315e+00
  2.804640e+01  1.084440e+00
  2.731990e+01  8.065400e-01
  2.661220e+01  6.118695e-01
  2.592290e+01  4.450585e-01
  2.525140e+01  3.329440e-01
  2.459730e+01  2.075805e-01
  2.396010e+01  1.450685e-01
  2.333950e+01  9.852460e-02
  2.273490e+01  6.353105e-02
  2.214600e+01  4.042885e-02
  2.157230e+01  2.344205e-02
  2.101350e+01  1.630750e-02
  2.046920e+01  9.512890e-03
  1.993900e+01  5.435900e-03
  1.942250e+01  2.378180e-03
  1.891940e+01  1.019220e-03
  1.842930e+01  1.358960e-03
  1.795200e+01  2.038440e-03
  1.748690e+01  1.019220e-03
  1.703400e+01  1.698720e-03
  1.659270e+01  1.358960e-03
  1.616290e+01  1.698700e-03
  1.574430e+01  3.057660e-03
  1.533640e+01  2.038440e-03
  1.493920e+01  6.794800e-04
  1.455220e+01  1.698720e-03
  1.417520e+01  1.358960e-03
  1.380800e+01  1.019220e-03
  1.345040e+01  0.000000e+00
  1.310200e+01  3.397400e-04
  1.276260e+01  3.397400e-04
  1.243200e+01  6.795000e-04
  1.211000e+01  0.000000e+00
  1.179630e+01  3.397400e-04
  1.149070e+01  3.397400e-04
  1.119310e+01  0.000000e+00
  1.090310e+01  0.000000e+00
  1.062070e+01  0.000000e+00
  1.034560e+01  0.000000e+00
  1.007760e+01  0.000000e+00
  9.816600e+00  0.000000e+00
  9.562300e+00  6.794800e-04
  9.314600e+00  0.000000e+00
  9.073300e+00  6.794800e-04
  8.838300e+00  6.794800e-04
  8.609300e+00  3.397400e-04
  8.386300e+00  6.794800e-04
  8.169100e+00  6.794800e-04
  7.957500e+00  1.358960e-03
  7.751400e+00  6.794800e-04
  7.550600e+00  3.057680e-03
  7.355000e+00  6.794840e-03
  7.164500e+00  3.057660e-03
  6.978900e+00  5.096140e-03
  6.798100e+00  3.397360e-03
  6.622000e+00  3.397440e-03
  6.450500e+00  3.737140e-03
  6.283400e+00  3.737140e-03
  6.120600e+00  3.397440e-03
  5.962100e+00  6.115440e-03
  5.807600e+00  3.057680e-03
  5.657200e+00  3.397420e-03
  5.510700e+00  3.057720e-03
  5.367900e+00  4.416680e-03
  5.228900e+00  3.737180e-03
  5.093400e+00  5.435900e-03
  4.961500e+00  3.057680e-03
  4.833000e+00  4.076920e-03
  4.707800e+00  2.378200e-03
  4.585800e+00  2.717980e-03
  4.467100e+00  4.416640e-03
  4.351300e+00  4.076940e-03
  4.238600e+00  1.358960e-03
  4.128800e+00  2.038440e-03
  4.021900e+00  4.756440e-03
  3.917700e+00  4.416660e-03
  3.816200e+00  2.038460e-03
  3.717400e+00  3.057680e-03
  3.621100e+00  2.378180e-03
  3.527300e+00  1.358960e-03
  3.435900e+00  1.698720e-03
  3.346900e+00  4.076880e-03
  3.260200e+00  1.019220e-03
  3.175800e+00  1.019240e-03
  3.093500e+00  6.795000e-04
  3.013400e+00  0.000000e+00
  2.935300e+00  0.000000e+00
  2.859300e+00  1.019220e-03
  2.785200e+00  1.358960e-03
  2.713100e+00  1.698720e-03
  2.642800e+00  1.019220e-03
  2.574300e+00  1.019220e-03
  2.507600e+00  2.717920e-03
  2.442700e+00  6.794800e-04
  2.379400e+00  1.019240e-03
  2.317800e+00  1.698700e-03
  2.257700e+00  1.358960e-03
  2.199300e+00  1.358980e-03
  2.142300e+00  1.358960e-03
  2.086800e+00  1.698720e-03
  2.032700e+00  1.019220e-03
  1.980100e+00  6.794800e-04
  1.928800e+00  1.019220e-03
  1.878800e+00  1.358960e-03
  1.830200e+00  6.794800e-04
  1.782800e+00  6.794800e-04
  1.736600e+00  6.794800e-04
  1.691600e+00  1.358960e-03
  1.647800e+00  1.358960e-03
  1.605100e+00  3.397400e-04
  1.563500e+00  6.794800e-04
  1.523000e+00  0.000000e+00
  1.483600e+00  3.397400e-04
  1.445100e+00  1.019220e-03
  1.407700e+00  3.397400e-04
  1.371200e+00  0.000000e+00
  1.335700e+00  6.794800e-04
  1.301100e+00  0.000000e+00
  1.267400e+00  0.000000e+00
  1.234600e+00  6.794800e-04
  1.202600e+00  0.000000e+00
  1.171500e+00  3.397400e-04
  1.141100e+00  3.397400e-04
  1.111600e+00  0.000000e+00
  1.082800e+00  0.000000e+00
  1.054700e+00  3.397400e-04
  1.027400e+00  3.397400e-04
  1.000800e+00  0.000000e+00
  9.749000e-01  0.000000e+00
  9.496000e-01  3.397400e-04
  9.250000e-01  0.000000e+00
  9.010000e-01  0.000000e+00
  8.777000e-01  0.000000e+00
  8.550000e-01  0.000000e+00
  8.328000e-01  0.000000e+00
  8.113000e-01  0.000000e+00
  7.902000e-01  0.000000e+00
  7.698000e-01  0.000000e+00
  7.498000e-01  6.795000e-04
  7.304000e-01  0.000000e+00
  7.115000e-01  0.000000e+00
  6.931000e-01  3.397400e-04
  6.751000e-01  6.794800e-04
  6.576000e-01  1.019220e-03
  6.406000e-01  1.019220e-03
  6.240000e-01  3.397400e-04
  6.078000e-01  0.000000e+00
  5.921000e-01  0.000000e+00
  5.767000e-01  0.000000e+00
  5.618000e-01  0.000000e+00
  5.472000e-01  3.397400e-04
  5.331000e-01  0.000000e+00
  5.193000e-01  3.397400e-04
  5.058000e-01  0.000000e+00
  4.927000e-01  3.397400e-04
  4.799000e-01  0.000000e+00
  4.675000e-01  0.000000e+00
  4.554000e-01  3.397400e-04
  4.436000e-01  1.019220e-03
  4.321000e-01  3.397400e-04
  4.209000e-01  0.000000e+00
  4.100000e-01  3.397400e-04
  3.994000e-01  3.397400e-04
  3.891000e-01  0.000000e+00
  3.790000e-01  0.000000e+00
  3.692000e-01  0.000000e+00
  3.596000e-01  0.000000e+00
  3.503000e-01  0.000000e+00
  3.412000e-01  0.000000e+00
  3.324000e-01  3.397400e-04
  3.238000e-01  6.794800e-04
  3.154000e-01  0.000000e+00
  3.072000e-01  0.000000e+00
  2.992000e-01  0.000000e+00
  2.915000e-01  3.397400e-04
  2.839000e-01  0.000000e+00
  2.766000e-01  3.397400e-04
  2.694000e-01  0.000000e+00
  2.624000e-01  0.000000e+00
  2.556000e-01  0.000000e+00
  2.490000e-01  3.397400e-04
  2.426000e-01  0.000000e+00
  2.363000e-01  0.000000e+00
  2.302000e-01  0.000000e+00
  2.242000e-01  3.397400e-04
  2.184000e-01  0.000000e+00
  2.127000e-01  0.000000e+00
  2.072000e-01  0.000000e+00
  2.019000e-01  3.397400e-04
  1.966000e-01  3.397400e-04
  1.915000e-01  0.000000e+00
  1.866000e-01  0.000000e+00
  1.817000e-01  0.000000e+00
  1.770000e-01  0.000000e+00
  1.725000e-01  0.000000e+00
  1.680000e-01  0.000000e+00
  1.636000e-01  0.000000e+00
  1.594000e-01  0.000000e+00
  1.553000e-01  0.000000e+00
  1.512000e-01  0.000000e+00
  1.473000e-01  0.000000e+00
  1.435000e-01  0.000000e+00
  1.398000e-01  0.000000e+00
  1.362000e-01  0.000000e+00
  1.326000e-01  0.000000e+00
  1.292000e-01  0.000000e+00
  1.259000e-01  0.000000e+00
  1.226000e-01  0.000000e+00
  1.194000e-01  0.000000e+00
  1.163000e-01  0.000000e+00
  1.133000e-01  0.000000e+00
  1.104000e-01  3.397400e-04
  1.075000e-01  0.000000e+00
  1.047000e-01  0.000000e+00
  1.020000e-01  0.000000e+00
  9.940000e-02  0.000000e+00
  9.680000e-02  0.000000e+00
  9.430000e-02  0.000000e+00
  9.190000e-02  0.000000e+00
  8.950000e-02  0.000000e+00
  8.720000e-02  0.000000e+00
  8.490000e-02  0.000000e+00
  8.270000e-02  0.000000e+00
  8.060000e-02  0.000000e+00
  7.850000e-02  0.000000e+00
  7.640000e-02  0.000000e+00
  7.450000e-02  0.000000e+00
  7.250000e-02  0.000000e+00
  7.070000e-02  0.000000e+00
  6.880000e-02  0.000000e+00
  6.700000e-02  0.000000e+00
  6.530000e-02  0.000000e+00
  6.360000e-02  0.000000e+00
  6.200000e-02  0.000000e+00
  6.040000e-02  0.000000e+00
  5.880000e-02  0.000000e+00
  5.730000e-02  0.000000e+00
  5.580000e-02  0.000000e+00
  5.430000e-02  0.000000e+00
  5.290000e-02  0.000000e+00
  5.160000e-02  0.000000e+00
  5.020000e-02  0.000000e+00
  4.890000e-02  0.000000e+00
  4.770000e-02  0.000000e+00
  4.640000e-02  0.000000e+00
  4.520000e-02  0.000000e+00
  4.410000e-02  0.000000e+00
  4.290000e-02  0.000000e+00
  4.180000e-02  0.000000e+00
  4.070000e-02  0.000000e+00
  3.970000e-02  0.000000e+00
  3.860000e-02  0.000000e+00
  3.760000e-02  0.000000e+00
  3.670000e-02  0.000000e+00
  3.570000e-02  0.000000e+00
  3.480000e-02  0.000000e+00
  3.390000e-02  0.000000e+00
  3.300000e-02  0.000000e+00
  3.220000e-02  0.000000e+00
  3.130000e-02  0.000000e+00
  3.050000e-02  0.000000e+00
  2.970000e-02  0.000000e+00
  2.890000e-02  0.000000e+00
  2.820000e-02  0.000000e+00
  2.750000e-02  0.000000e+00
  2.680000e-02  0.000000e+00
  2.610000e-02  0.000000e+00
  2.540000e-02  0.000000e+00
  2.470000e-02  0.000000e+00
  2.410000e-02  0.000000e+00
  2.350000e-02  0.000000e+00
  2.290000e-02  0.000000e+00
  2.230000e-02  0.000000e+00
  2.170000e-02  0.000000e+00
  2.110000e-02  0.000000e+00
  2.060000e-02  0.000000e+00
  2.000000e-02  0.000000e+00
  1.950000e-02  0.000000e+00
  1.900000e-02  0.000000e+00
  1.850000e-02  0.000000e+00
  1.800000e-02  0.000000e+00
  1.760000e-02  0.000000e+00
  1.710000e-02  0.000000e+00
  1.670000e-02  0.000000e+00
  1.630000e-02  0.000000e+00
  1.580000e-02  0.000000e+00
  1.540000e-02  0.000000e+00
  1.500000e-02  0.000000e+00
  1.460000e-02  0.000000e+00
  1.430000e-02  0.000000e+00
  1.390000e-02  0.000000e+00
  1.350000e-02  0.000000e+00
  1.320000e-02  0.000000e+00
  1.280000e-02  0.000000e+00
  1.250000e-02  0.000000e+00
  1.220000e-02  0.000000e+00
  1.190000e-02  0.000000e+00
  1.160000e-02  0.000000e+00
  1.130000e-02  0.000000e+00
  1.100000e-02  0.000000e+00
  1.070000e-02  0.000000e+00
  1.040000e-02  0.000000e+00
  1.010000e-02  2.378200e-03
