  4.934820e+03  0.000000e+00
  4.806990e+03  0.000000e+00
  4.682470e+03  0.000000e+00
  4.561180e+03  0.000000e+00
  4.443030e+03  0.000000e+00
  4.327940e+03  0.000000e+00
  4.215830e+03  5.880200e-03
  4.106630e+03  0.000000e+00
  4.000250e+03  0.000000e+00
  3.896630e+03  0.000000e+00
  3.795700e+03  0.000000e+00
  3.697380e+03  2.940100e-03
  3.601600e+03  2.940100e-03
  3.508310e+03  0.000000e+00
  3.417430e+03  0.000000e+00
  3.328910e+03  2.940100e-03
  3.242680e+03  2.940100e-03
  3.158680e+03  0.000000e+00
  3.076860e+03  2.940100e-03
  2.997160e+03  0.000000e+00
  2.919530e+03  5.880200e-03
  2.843900e+03  0.000000e+00
  2.770230e+03  5.880200e-03
  2.698480e+03  5.880200e-03
  2.628580e+03  5.880200e-03
  2.560490e+03  5.880200e-03
  2.494160e+03  8.820300e-03
  2.429550e+03  8.820300e-03
  2.366620e+03  0.000000e+00
  2.305320e+03  0.000000e+00
  2.245600e+03  5.880200e-03
  2.187430e+03  2.940100e-03
  2.130770e+03  5.880200e-03
  2.075580e+03  5.880200e-03
  2.021810e+03  1.470010e-02
  1.969440e+03  1.764040e-02
  1.918430e+03  1.176020e-02
  1.868730e+03  1.176040e-02
  1.820330e+03  1.470050e-02
  1.773170e+03  1.176040e-02
  1.727240e+03  2.646050e-02
  1.682500e+03  1.764040e-02
  1.638920e+03  3.822030e-02
  1.596470e+03  2.646030e-02
  1.555110e+03  3.528060e-02
  1.514830e+03  2.352060e-02
  1.475590e+03  2.940080e-02
  1.437370e+03  3.528100e-02
  1.400140e+03  3.528080e-02
  1.363870e+03  4.998140e-02
  1.328540e+03  3.822050e-02
  1.294120e+03  7.350150e-02
  1.260600e+03  5.880090e-02
  1.227950e+03  6.468070e-02
  1.196140e+03  7.056080e-02
  1.165160e+03  6.762139e-02
  1.134980e+03  1.087820e-01
  1.105580e+03  1.087815e-01
  1.076940e+03  1.146618e-01
  1.049040e+03  1.440620e-01
  1.021870e+03  1.470030e-01
  9.953980e+02  1.617040e-01
  9.696140e+02  1.764045e-01
  9.444970e+02  1.969835e-01
  9.200320e+02  2.293255e-01
  8.962000e+02  2.469665e-01
  8.729850e+02  2.940080e-01
  8.503720e+02  3.028280e-01
  8.283450e+02  3.175275e-01
  8.068880e+02  3.851510e-01
  7.859870e+02  4.939325e-01
  7.656270e+02  5.350930e-01
  7.457950e+02  6.027155e-01
  7.264760e+02  6.526945e-01
  7.076580e+02  7.644145e-01
  6.893270e+02  8.114565e-01
  6.714710e+02  9.937335e-01
  6.540780e+02  1.093690e+00
  6.371350e+02  1.425910e+00
  6.206310e+02  1.546465e+00
  6.045550e+02  1.675845e+00
  5.888950e+02  1.902245e+00
  5.736410e+02  2.084540e+00
  5.587810e+02  2.352100e+00
  5.443070e+02  2.490275e+00
  5.302080e+02  2.934220e+00
  5.164740e+02  3.481060e+00
  5.030950e+02  3.825040e+00
  4.900630e+02  4.371880e+00
  4.773690e+02  4.683530e+00
  4.650040e+02  5.403875e+00
  4.529580e+02  6.071300e+00
  4.412250e+02  6.629900e+00
  4.297960e+02  7.682425e+00
  4.186630e+02  8.558570e+00
  4.078180e+02  9.581755e+00
  3.972540e+02  1.108715e+01
  3.869640e+02  1.202195e+01
  3.769400e+02  1.369205e+01
  3.671770e+02  1.542080e+01
  3.576650e+02  1.687010e+01
  3.484010e+02  1.965745e+01
  3.393760e+02  2.155660e+01
  3.305850e+02  2.400580e+01
  3.220220e+02  2.674885e+01
  3.136800e+02  2.990365e+01
  3.055550e+02  3.402840e+01
  2.976400e+02  3.728320e+01
  2.899300e+02  4.209905e+01
  2.824200e+02  4.689135e+01
  2.751040e+02  5.290965e+01
  2.679780e+02  5.800490e+01
  2.610370e+02  6.508755e+01
  2.542750e+02  7.177930e+01
  2.476890e+02  8.103751e+01
  2.412730e+02  8.929330e+01
  2.350230e+02  9.981220e+01
  2.289350e+02  1.118160e+02
  2.230050e+02  1.232635e+02
  2.172280e+02  1.380135e+02
  2.116010e+02  1.530280e+02
  2.061200e+02  1.672770e+02
  2.007810e+02  1.856445e+02
  1.955800e+02  2.062615e+02
  1.905140e+02  2.292555e+02
  1.855790e+02  2.527175e+02
  1.807720e+02  2.782665e+02
  1.760890e+02  3.058775e+02
  1.715280e+02  3.362725e+02
  1.670850e+02  3.665905e+02
  1.627570e+02  3.983310e+02
  1.585410e+02  4.358790e+02
  1.544340e+02  4.721415e+02
  1.504340e+02  5.111665e+02
  1.465370e+02  5.514630e+02
  1.427410e+02  5.919560e+02
  1.390440e+02  6.405475e+02
  1.354420e+02  6.862755e+02
  1.319340e+02  7.323465e+02
  1.285160e+02  7.798925e+02
  1.251870e+02  8.304565e+02
  1.219440e+02  8.816345e+02
  1.187850e+02  9.306070e+02
  1.157090e+02  9.876010e+02
  1.127110e+02  1.038025e+03
  1.097920e+02  1.096235e+03
  1.069480e+02  1.148235e+03
  1.041770e+02  1.199755e+03
  1.014790e+02  1.249255e+03
  9.885030e+01  1.304600e+03
  9.628970e+01  1.346110e+03
  9.379550e+01  1.390805e+03
  9.136590e+01  1.422535e+03
  8.899920e+01  1.459885e+03
  8.669380e+01  1.487415e+03
  8.444820e+01  1.508935e+03
  8.226070e+01  1.524415e+03
  8.012980e+01  1.528530e+03
  7.805420e+01  1.525220e+03
  7.603240e+01  1.519935e+03
  7.406290e+01  1.503975e+03
  7.214440e+01  1.474330e+03
  7.027560e+01  1.444315e+03
  6.845520e+01  1.399020e+03
  6.668200e+01  1.348945e+03
  6.495470e+01  1.296055e+03
  6.327220e+01  1.240530e+03
  6.163320e+01  1.185185e+03
  6.003670e+01  1.131210e+03
  5.848160e+01  1.075760e+03
  5.696670e+01  1.017745e+03
  5.549110e+01  9.673335e+02
  5.405370e+01  8.949715e+02
  5.265350e+01  8.185775e+02
  5.128960e+01  7.481830e+02
  4.996100e+01  6.783450e+02
  4.866690e+01  6.042250e+02
  4.740620e+01  5.361390e+02
  4.617830e+01  4.760400e+02
  4.498210e+01  4.171970e+02
  4.381690e+01  3.802675e+02
  4.268190e+01  3.454695e+02
  4.157630e+01  3.071705e+02
  4.049930e+01  2.759915e+02
  3.945030e+01  2.475525e+02
  3.842840e+01  2.235645e+02
  3.743290e+01  1.977240e+02
  3.646330e+01  1.782275e+02
  3.551880e+01  1.563465e+02
  3.459870e+01  1.390065e+02
  3.370250e+01  1.210025e+02
  3.282950e+01  1.052340e+02
  3.197910e+01  9.188945e+01
  3.115070e+01  7.968500e+01
  3.034380e+01  6.803945e+01
  2.955780e+01  5.805475e+01
  2.879220e+01  5.014320e+01
  2.804640e+01  4.314865e+01
  2.731990e+01  3.659810e+01
  2.661220e+01  3.136480e+01
  2.592290e+01  2.681950e+01
  2.525140e+01  2.258560e+01
  2.459730e+01  1.996615e+01
  2.396010e+01  1.682315e+01
  2.333950e+01  1.504435e+01
  2.273490e+01  1.304220e+01
  2.214600e+01  1.136645e+01
  2.157230e+01  1.045790e+01
  2.101350e+01  9.099570e+00
  2.046920e+01  8.305720e+00
  1.993900e+01  7.326680e+00
  1.942250e+01  7.003280e+00
  1.891940e+01  6.385875e+00
  1.842930e+01  5.897815e+00
  1.795200e+01  5.074570e+00
  1.748690e+01  4.692355e+00
  1.703400e+01  4.045540e+00
  1.659270e+01  3.436960e+00
  1.616290e+01  2.969500e+00
  1.574430e+01  2.490280e+00
  1.533640e+01  2.093350e+00
  1.493920e+01  1.922820e+00
  1.455220e+01  1.531755e+00
  1.417520e+01  1.408270e+00
  1.380800e+01  1.190705e+00
  1.345040e+01  1.031951e+00
  1.310200e+01  1.023130e+00
  1.276260e+01  9.996140e-01
  1.243200e+01  1.026075e+00
  1.211000e+01  9.496330e-01
  1.179630e+01  9.349335e-01
  1.149070e+01  8.144030e-01
  1.119310e+01  7.791185e-01
  1.090310e+01  8.055805e-01
  1.062070e+01  6.820970e-01
  1.034560e+01  6.615165e-01
  1.007760e+01  5.938960e-01
  9.816600e+00  5.733145e-01
  9.562300e+00  4.880530e-01
  9.314600e+00  4.027900e-01
  9.073300e+00  2.940090e-01
  8.838300e+00  2.969475e-01
  8.609300e+00  2.440260e-01
  8.386300e+00  2.175660e-01
  8.169100e+00  2.205060e-01
  7.957500e+00  2.881285e-01
  7.751400e+00  2.469660e-01
  7.550600e+00  3.498700e-01
  7.355000e+00  3.439890e-01
  7.164500e+00  3.557490e-01
  6.978900e+00  3.616290e-01
  6.798100e+00  4.410110e-01
  6.622000e+00  3.822105e-01
  6.450500e+00  3.880895e-01
  6.283400e+00  3.439885e-01
  6.120600e+00  3.557485e-01
  5.962100e+00  3.616295e-01
  5.807600e+00  3.557490e-01
  5.657200e+00  4.086710e-01
  5.510700e+00  4.586520e-01
  5.367900e+00  4.410110e-01
  5.228900e+00  4.792330e-01
  5.093400e+00  3.969110e-01
  4.961500e+00  4.527725e-01
  4.833000e+00  4.145500e-01
  4.707800e+00  4.704110e-01
  4.585800e+00  4.233710e-01
  4.467100e+00  4.410115e-01
  4.351300e+00  3.969110e-01
  4.238600e+00  4.410115e-01
  4.128800e+00  4.586515e-01
  4.021900e+00  4.145505e-01
  3.917700e+00  4.351315e-01
  3.816200e+00  4.174915e-01
  3.717400e+00  3.822100e-01
  3.621100e+00  3.528100e-01
  3.527300e+00  3.557490e-01
  3.435900e+00  3.880900e-01
  3.346900e+00  3.528080e-01
  3.260200e+00  3.410490e-01
  3.175800e+00  2.557855e-01
  3.093500e+00  2.087460e-01
  3.013400e+00  1.705235e-01
  2.935300e+00  1.911040e-01
  2.859300e+00  2.881280e-01
  2.785200e+00  2.763670e-01
  2.713100e+00  3.204700e-01
  2.642800e+00  3.675095e-01
  2.574300e+00  2.646070e-01
  2.507600e+00  2.969485e-01
  2.442700e+00  3.292880e-01
  2.379400e+00  3.498685e-01
  2.317800e+00  2.499060e-01
  2.257700e+00  2.263840e-01
  2.199300e+00  3.175295e-01
  2.142300e+00  2.322655e-01
  2.086800e+00  2.793070e-01
  2.032700e+00  2.793070e-01
  1.980100e+00  3.351690e-01
  1.928800e+00  2.058055e-01
  1.878800e+00  2.322650e-01
  1.830200e+00  2.675465e-01
  1.782800e+00  6.438780e-01
  1.736600e+00  3.322295e-01
  1.691600e+00  2.557865e-01
  1.647800e+00  2.587265e-01
  1.605100e+00  2.205055e-01
  1.563500e+00  2.322650e-01
  1.523000e+00  2.381450e-01
  1.483600e+00  2.205065e-01
  1.445100e+00  2.440270e-01
  1.407700e+00  2.087455e-01
  1.371200e+00  2.234450e-01
  1.335700e+00  2.734260e-01
  1.301100e+00  1.852255e-01
  1.267400e+00  1.734630e-01
  1.234600e+00  2.998885e-01
  1.202600e+00  2.675475e-01
  1.171500e+00  2.851865e-01
  1.141100e+00  3.351695e-01
  1.111600e+00  2.469660e-01
  1.082800e+00  2.557880e-01
  1.054700e+00  3.351675e-01
  1.027400e+00  3.645690e-01
  1.000800e+00  2.822475e-01
  9.749000e-01  2.910675e-01
  9.496000e-01  3.292885e-01
  9.250000e-01  3.145890e-01
  9.010000e-01  3.763300e-01
  8.777000e-01  3.616305e-01
  8.550000e-01  3.880905e-01
  8.328000e-01  4.498320e-01
  8.113000e-01  4.762930e-01
  7.902000e-01  4.821730e-01
  7.698000e-01  4.851135e-01
  7.498000e-01  6.056575e-01
  7.304000e-01  5.380350e-01
  7.115000e-01  6.615160e-01
  6.931000e-01  6.438770e-01
  6.751000e-01  1.646435e+00
  6.576000e-01  2.837200e+00
  6.406000e-01  3.675100e+00
  6.240000e-01  9.996125e-01
  6.078000e-01  8.584960e-01
  5.921000e-01  7.761785e-01
  5.767000e-01  9.555130e-01
  5.618000e-01  8.731985e-01
  5.472000e-01  9.172975e-01
  5.331000e-01  1.211290e+00
  5.193000e-01  1.205415e+00
  5.058000e-01  1.290660e+00
  4.927000e-01  1.205410e+00
  4.799000e-01  1.037830e+00
  4.675000e-01  1.108390e+00
  4.554000e-01  1.064290e+00
  4.436000e-01  1.267145e+00
  4.321000e-01  1.017256e+00
  4.209000e-01  1.225985e+00
  4.100000e-01  1.290660e+00
  3.994000e-01  2.328575e+00
  3.891000e-01  1.761105e+00
  3.790000e-01  1.611145e+00
  3.692000e-01  1.505295e+00
  3.596000e-01  1.311245e+00
  3.503000e-01  1.370050e+00
  3.412000e-01  1.372990e+00
  3.324000e-01  1.402390e+00
  3.238000e-01  1.331830e+00
  3.154000e-01  1.290660e+00
  3.072000e-01  1.546455e+00
  2.992000e-01  1.846365e+00
  2.915000e-01  1.928705e+00
  2.839000e-01  2.008085e+00
  2.766000e-01  1.702295e+00
  2.694000e-01  2.163925e+00
  2.624000e-01  2.299170e+00
  2.556000e-01  2.049260e+00
  2.490000e-01  1.814040e+00
  2.426000e-01  1.714060e+00
  2.363000e-01  1.843425e+00
  2.302000e-01  1.796405e+00
  2.242000e-01  1.484730e+00
  2.184000e-01  1.378865e+00
  2.127000e-01  1.361225e+00
  2.072000e-01  1.223050e+00
  2.019000e-01  1.173075e+00
  1.966000e-01  1.249510e+00
  1.915000e-01  9.584510e-01
  1.866000e-01  9.555125e-01
  1.817000e-01  9.937295e-01
  1.770000e-01  1.026070e+00
  1.725000e-01  9.790305e-01
  1.680000e-01  9.907925e-01
  1.636000e-01  9.349355e-01
  1.594000e-01  8.085170e-01
  1.553000e-01  7.291365e-01
  1.512000e-01  7.673540e-01
  1.473000e-01  7.203200e-01
  1.435000e-01  7.526605e-01
  1.398000e-01  6.938565e-01
  1.362000e-01  7.056175e-01
  1.326000e-01  7.438380e-01
  1.292000e-01  7.350170e-01
  1.259000e-01  6.938580e-01
  1.226000e-01  6.615180e-01
  1.194000e-01  6.497590e-01
  1.163000e-01  6.644550e-01
  1.133000e-01  5.880160e-01
  1.104000e-01  5.968364e-01
  1.075000e-01  6.085975e-01
  1.047000e-01  7.056150e-01
  1.020000e-01  6.497580e-01
  9.940000e-02  5.821365e-01
  9.680000e-02  4.792330e-01
  9.430000e-02  3.939695e-01
  9.190000e-02  4.086710e-01
  8.950000e-02  3.586900e-01
  8.720000e-02  2.587260e-01
  8.490000e-02  3.028270e-01
  8.270000e-02  3.204680e-01
  8.060000e-02  2.322665e-01
  7.850000e-02  2.469660e-01
  7.640000e-02  1.969845e-01
  7.450000e-02  1.470035e-01
  7.250000e-02  1.440625e-01
  7.070000e-02  9.408291e-02
  6.880000e-02  8.526050e-02
  6.700000e-02  8.820030e-02
  6.530000e-02  7.644130e-02
  6.360000e-02  4.704050e-02
  6.200000e-02  4.116070e-02
  6.040000e-02  2.940080e-02
  5.880000e-02  2.646070e-02
  5.730000e-02  2.352060e-02
  5.580000e-02  2.352080e-02
  5.430000e-02  1.470000e-02
  5.290000e-02  1.176040e-02
  5.160000e-02  1.764040e-02
  5.020000e-02  5.880200e-03
  4.890000e-02  2.940100e-03
  4.770000e-02  0.000000e+00
  4.640000e-02  5.880200e-03
  4.520000e-02  1.470030e-02
  4.410000e-02  0.000000e+00
  4.290000e-02  0.000000e+00
  4.180000e-02  2.940100e-03
  4.070000e-02  2.940100e-03
  3.970000e-02  0.000000e+00
  3.860000e-02  0.000000e+00
  3.760000e-02  2.940100e-03
  3.670000e-02  2.940100e-03
  3.570000e-02  5.880200e-03
  3.480000e-02  2.940100e-03
  3.390000e-02  2.940100e-03
  3.300000e-02  0.000000e+00
  3.220000e-02  2.940100e-03
  3.130000e-02  0.000000e+00
  3.050000e-02  0.000000e+00
  2.970000e-02  0.000000e+00
  2.890000e-02  0.000000e+00
  2.820000e-02  2.940100e-03
  2.750000e-02  2.940100e-03
  2.680000e-02  2.940100e-03
  2.610000e-02  5.880200e-03
  2.540000e-02  0.000000e+00
  2.470000e-02  0.000000e+00
  2.410000e-02  0.000000e+00
  2.350000e-02  0.000000e+00
  2.290000e-02  2.940100e-03
  2.230000e-02  0.000000e+00
  2.170000e-02  0.000000e+00
  2.110000e-02  0.000000e+00
  2.060000e-02  0.000000e+00
  2.000000e-02  5.880200e-03
  1.950000e-02  5.880000e-03
  1.900000e-02  0.000000e+00
  1.850000e-02  0.000000e+00
  1.800000e-02  2.940100e-03
  1.760000e-02  0.000000e+00
  1.710000e-02  0.000000e+00
  1.670000e-02  2.940100e-03
  1.630000e-02  0.000000e+00
  1.580000e-02  2.940100e-03
  1.540000e-02  0.000000e+00
  1.500000e-02  0.000000e+00
  1.460000e-02  0.000000e+00
  1.430000e-02  5.880200e-03
  1.390000e-02  0.000000e+00
  1.350000e-02  0.000000e+00
  1.320000e-02  0.000000e+00
  1.280000e-02  0.000000e+00
  1.250000e-02  0.000000e+00
  1.220000e-02  0.000000e+00
  1.190000e-02  0.000000e+00
  1.160000e-02  0.000000e+00
  1.130000e-02  0.000000e+00
  1.100000e-02  5.880200e-03
  1.070000e-02  1.176020e-02
  1.040000e-02  1.176020e-02
  1.010000e-02  6.762120e-02
