  4.934820e+03  4.842365e-03
  4.806990e+03  0.000000e+00
  4.682470e+03  2.934800e-04
  4.561180e+03  2.934800e-04
  4.443030e+03  2.934800e-04
  4.327940e+03  4.402200e-04
  4.215830e+03  1.467400e-04
  4.106630e+03  8.804350e-04
  4.000250e+03  2.934800e-04
  3.896630e+03  8.804350e-04
  3.795700e+03  7.337000e-04
  3.697380e+03  8.804350e-04
  3.601600e+03  1.027175e-03
  3.508310e+03  1.320650e-03
  3.417430e+03  5.869550e-04
  3.328910e+03  7.337000e-04
  3.242680e+03  1.467395e-03
  3.158680e+03  8.804350e-04
  3.076860e+03  1.467390e-03
  2.997160e+03  1.027175e-03
  2.919530e+03  1.173915e-03
  2.843900e+03  1.760870e-03
  2.770230e+03  1.614130e-03
  2.698480e+03  2.054335e-03
  2.628580e+03  2.054340e-03
  2.560490e+03  3.081515e-03
  2.494160e+03  2.641295e-03
  2.429550e+03  3.815200e-03
  2.366620e+03  2.788025e-03
  2.305320e+03  3.668460e-03
  2.245600e+03  4.255425e-03
  2.187430e+03  3.815195e-03
  2.130770e+03  4.548895e-03
  2.075580e+03  4.548880e-03
  2.021810e+03  3.815200e-03
  1.969440e+03  5.429325e-03
  1.918430e+03  4.989105e-03
  1.868730e+03  7.923875e-03
  1.820330e+03  7.483665e-03
  1.773170e+03  8.364060e-03
  1.727240e+03  6.603230e-03
  1.682500e+03  1.129889e-02
  1.638920e+03  1.071190e-02
  1.596470e+03  1.085863e-02
  1.555110e+03  1.276620e-02
  1.514830e+03  1.320645e-02
  1.475590e+03  1.379350e-02
  1.437370e+03  1.702165e-02
  1.400140e+03  1.599455e-02
  1.363870e+03  2.039670e-02
  1.328540e+03  1.951615e-02
  1.294120e+03  2.245090e-02
  1.260600e+03  2.421175e-02
  1.227950e+03  2.597265e-02
  1.196140e+03  3.066835e-02
  1.165160e+03  2.861390e-02
  1.134980e+03  3.374970e-02
  1.105580e+03  3.756495e-02
  1.076940e+03  4.049955e-02
  1.049040e+03  4.402135e-02
  1.021870e+03  4.945060e-02
  9.953980e+02  5.297240e-02
  9.696140e+02  5.957555e-02
  9.444970e+02  6.324404e-02
  9.200320e+02  7.204840e-02
  8.962000e+02  8.232020e-02
  8.729850e+02  8.437445e-02
  8.503720e+02  1.040380e-01
  8.283450e+02  1.091745e-01
  8.068880e+02  1.195905e-01
  7.859870e+02  1.351470e-01
  7.656270e+02  1.439490e-01
  7.457950e+02  1.675735e-01
  7.264760e+02  1.803395e-01
  7.076580e+02  1.988300e-01
  6.893270e+02  2.133580e-01
  6.714710e+02  2.393280e-01
  6.540780e+02  2.736660e-01
  6.371350e+02  3.027205e-01
  6.206310e+02  3.251705e-01
  6.045550e+02  3.603885e-01
  5.888950e+02  4.171760e-01
  5.736410e+02  4.456435e-01
  5.587810e+02  4.930405e-01
  5.443070e+02  5.471855e-01
  5.302080e+02  5.916480e-01
  5.164740e+02  6.519560e-01
  5.030950e+02  7.105055e-01
  4.900630e+02  7.787380e-01
  4.773690e+02  8.619395e-01
  4.650040e+02  9.671500e-01
  4.529580e+02  1.058140e+00
  4.412250e+02  1.138100e+00
  4.297960e+02  1.262520e+00
  4.186630e+02  1.402080e+00
  4.078180e+02  1.503615e+00
  3.972540e+02  1.638335e+00
  3.869640e+02  1.809705e+00
  3.769400e+02  1.998130e+00
  3.671770e+02  2.176565e+00
  3.576650e+02  2.387275e+00
  3.484010e+02  2.610020e+00
  3.393760e+02  2.844960e+00
  3.305850e+02  3.098505e+00
  3.220220e+02  3.349580e+00
  3.136800e+02  3.655535e+00
  3.055550e+02  3.960605e+00
  2.976400e+02  4.263470e+00
  2.899300e+02  4.596425e+00
  2.824200e+02  5.007130e+00
  2.751040e+02  5.431205e+00
  2.679780e+02  5.900185e+00
  2.610370e+02  6.341000e+00
  2.542750e+02  6.891840e+00
  2.476890e+02  7.344820e+00
  2.412730e+02  8.010550e+00
  2.350230e+02  8.583580e+00
  2.289350e+02  9.269740e+00
  2.230050e+02  1.000146e+01
  2.172280e+02  1.066160e+01
  2.116010e+02  1.138360e+01
  2.061200e+02  1.216580e+01
  2.007810e+02  1.291940e+01
  1.955800e+02  1.380610e+01
  1.905140e+02  1.491795e+01
  1.855790e+02  1.586310e+01
  1.807720e+02  1.704340e+01
  1.760890e+02  1.818515e+01
  1.715280e+02  1.916795e+01
  1.670850e+02  2.032650e+01
  1.627570e+02  2.139770e+01
  1.585410e+02  2.257510e+01
  1.544340e+02  2.350915e+01
  1.504340e+02  2.469855e+01
  1.465370e+02  2.570755e+01
  1.427410e+02  2.693725e+01
  1.390440e+02  2.801265e+01
  1.354420e+02  2.903140e+01
  1.319340e+02  3.007230e+01
  1.285160e+02  3.097240e+01
  1.251870e+02  3.197400e+01
  1.219440e+02  3.298800e+01
  1.187850e+02  3.414395e+01
  1.157090e+02  3.514710e+01
  1.127110e+02  3.631725e+01
  1.097920e+02  3.741800e+01
  1.069480e+02  3.848990e+01
  1.041770e+02  3.966140e+01
  1.014790e+02  4.098405e+01
  9.885030e+01  4.204330e+01
  9.628970e+01  4.345595e+01
  9.379550e+01  4.460200e+01
  9.136590e+01  4.587530e+01
  8.899920e+01  4.720205e+01
  8.669380e+01  4.846615e+01
  8.444820e+01  4.965630e+01
  8.226070e+01  5.131970e+01
  8.012980e+01  5.246915e+01
  7.805420e+01  5.382300e+01
  7.603240e+01  5.552320e+01
  7.406290e+01  5.695935e+01
  7.214440e+01  5.825345e+01
  7.027560e+01  5.964680e+01
  6.845520e+01  6.099340e+01
  6.668200e+01  6.220745e+01
  6.495470e+01  6.311045e+01
  6.327220e+01  6.382570e+01
  6.163320e+01  6.419070e+01
  6.003670e+01  6.442575e+01
  5.848160e+01  6.452855e+01
  5.696670e+01  6.405120e+01
  5.549110e+01  6.393875e+01
  5.405370e+01  6.385630e+01
  5.265350e+01  6.400700e+01
  5.128960e+01  6.391390e+01
  4.996100e+01  6.385325e+01
  4.866690e+01  6.357170e+01
  4.740620e+01  6.353085e+01
  4.617830e+01  6.234155e+01
  4.498210e+01  6.128720e+01
  4.381690e+01  5.999220e+01
  4.268190e+01  5.850280e+01
  4.157630e+01  5.681045e+01
  4.049930e+01  5.526245e+01
  3.945030e+01  5.343895e+01
  3.842840e+01  5.195455e+01
  3.743290e+01  5.035840e+01
  3.646330e+01  4.876305e+01
  3.551880e+01  4.736675e+01
  3.459870e+01  4.577365e+01
  3.370250e+01  4.429510e+01
  3.282950e+01  4.288815e+01
  3.197910e+01  4.138535e+01
  3.115070e+01  4.016690e+01
  3.034380e+01  3.868835e+01
  2.955780e+01  3.722670e+01
  2.879220e+01  3.597460e+01
  2.804640e+01  3.464880e+01
  2.731990e+01  3.324165e+01
  2.661220e+01  3.199345e+01
  2.592290e+01  3.046560e+01
  2.525140e+01  2.926260e+01
  2.459730e+01  2.783950e+01
  2.396010e+01  2.660505e+01
  2.333950e+01  2.523150e+01
  2.273490e+01  2.392050e+01
  2.214600e+01  2.272285e+01
  2.157230e+01  2.121515e+01
  2.101350e+01  1.971410e+01
  2.046920e+01  1.846015e+01
  1.993900e+01  1.714280e+01
  1.942250e+01  1.601970e+01
  1.891940e+01  1.498265e+01
  1.842930e+01  1.437245e+01
  1.795200e+01  1.387610e+01
  1.748690e+01  1.368580e+01
  1.703400e+01  1.368650e+01
  1.659270e+01  1.382055e+01
  1.616290e+01  1.415465e+01
  1.574430e+01  1.430365e+01
  1.533640e+01  1.460765e+01
  1.493920e+01  1.483955e+01
  1.455220e+01  1.468875e+01
  1.417520e+01  1.417095e+01
  1.380800e+01  1.300670e+01
  1.345040e+01  1.138900e+01
  1.310200e+01  9.460920e+00
  1.276260e+01  7.712975e+00
  1.243200e+01  6.174135e+00
  1.211000e+01  4.864055e+00
  1.179630e+01  3.726840e+00
  1.149070e+01  2.892200e+00
  1.119310e+01  2.375975e+00
  1.090310e+01  1.984490e+00
  1.062070e+01  1.704650e+00
  1.034560e+01  1.394450e+00
  1.007760e+01  1.120350e+00
  9.816600e+00  9.159390e-01
  9.562300e+00  7.590750e-01
  9.314600e+00  8.337640e-01
  9.073300e+00  1.215135e+00
  8.838300e+00  1.850655e+00
  8.609300e+00  2.875465e+00
  8.386300e+00  4.293265e+00
  8.169100e+00  6.228865e+00
  7.957500e+00  8.658110e+00
  7.751400e+00  1.024375e+01
  7.550600e+00  1.217455e+01
  7.355000e+00  1.272185e+01
  7.164500e+00  1.237190e+01
  6.978900e+00  1.169090e+01
  6.798100e+00  1.083915e+01
  6.622000e+00  1.009330e+01
  6.450500e+00  9.438470e+00
  6.283400e+00  8.942205e+00
  6.120600e+00  7.980770e+00
  5.962100e+00  7.448420e+00
  5.807600e+00  7.026245e+00
  5.657200e+00  6.763440e+00
  5.510700e+00  6.546270e+00
  5.367900e+00  6.340535e+00
  5.228900e+00  5.772665e+00
  5.093400e+00  5.061570e+00
  4.961500e+00  4.459215e+00
  4.833000e+00  4.561795e+00
  4.707800e+00  4.862450e+00
  4.585800e+00  3.269760e+00
  4.467100e+00  2.709945e+00
  4.351300e+00  2.569235e+00
  4.238600e+00  2.439955e+00
  4.128800e+00  2.269160e+00
  4.021900e+00  4.534785e+00
  3.917700e+00  2.590370e+00
  3.816200e+00  1.312420e+00
  3.717400e+00  1.124310e+00
  3.621100e+00  1.029815e+00
  3.527300e+00  8.933400e-01
  3.435900e+00  7.721339e-01
  3.346900e+00  6.066140e-01
  3.260200e+00  4.591425e-01
  3.175800e+00  3.137255e-01
  3.093500e+00  1.831290e-01
  3.013400e+00  1.449760e-01
  2.935300e+00  1.768190e-01
  2.859300e+00  2.230415e-01
  2.785200e+00  3.184215e-01
  2.713100e+00  3.956040e-01
  2.642800e+00  3.936980e-01
  2.574300e+00  4.069040e-01
  2.507600e+00  3.653785e-01
  2.442700e+00  3.697790e-01
  2.379400e+00  3.686050e-01
  2.317800e+00  3.391105e-01
  2.257700e+00  3.058020e-01
  2.199300e+00  3.910570e-01
  2.142300e+00  3.322135e-01
  2.086800e+00  3.179800e-01
  2.032700e+00  3.115260e-01
  1.980100e+00  3.391105e-01
  1.928800e+00  1.760855e-01
  1.878800e+00  1.524610e-01
  1.830200e+00  1.997085e-01
  1.782800e+00  4.837935e-01
  1.736600e+00  3.077085e-01
  1.691600e+00  2.454925e-01
  1.647800e+00  2.349275e-01
  1.605100e+00  2.339010e-01
  1.563500e+00  2.217210e-01
  1.523000e+00  2.095415e-01
  1.483600e+00  2.145300e-01
  1.445100e+00  1.881170e-01
  1.407700e+00  1.809280e-01
  1.371200e+00  1.621455e-01
  1.335700e+00  1.885580e-01
  1.301100e+00  1.504055e-01
  1.267400e+00  1.011030e-01
  1.234600e+00  1.401345e-01
  1.202600e+00  1.788735e-01
  1.171500e+00  1.358790e-01
  1.141100e+00  1.806350e-01
  1.111600e+00  1.370525e-01
  1.082800e+00  1.175380e-01
  1.054700e+00  1.564215e-01
  1.027400e+00  1.292755e-01
  1.000800e+00  1.239930e-01
  9.749000e-01  1.124015e-01
  9.496000e-01  1.351450e-01
  9.250000e-01  1.366120e-01
  9.010000e-01  1.239940e-01
  8.777000e-01  1.305970e-01
  8.550000e-01  1.471780e-01
  8.328000e-01  1.363190e-01
  8.113000e-01  1.537810e-01
  7.902000e-01  1.426290e-01
  7.698000e-01  1.263410e-01
  7.498000e-01  1.430690e-01
  7.304000e-01  1.377875e-01
  7.115000e-01  1.295695e-01
  6.931000e-01  1.467380e-01
  6.751000e-01  2.356610e-01
  6.576000e-01  3.037475e-01
  6.406000e-01  3.755010e-01
  6.240000e-01  1.398410e-01
  6.078000e-01  1.734445e-01
  5.921000e-01  1.573025e-01
  5.767000e-01  1.237000e-01
  5.618000e-01  1.215000e-01
  5.472000e-01  1.248740e-01
  5.331000e-01  1.570085e-01
  5.193000e-01  1.348530e-01
  5.058000e-01  1.596510e-01
  4.927000e-01  1.508455e-01
  4.799000e-01  1.125480e-01
  4.675000e-01  1.069730e-01
  4.554000e-01  9.097810e-02
  4.436000e-01  9.831515e-02
  4.321000e-01  7.865145e-02
  4.209000e-01  8.642870e-02
  4.100000e-01  9.229885e-02
  3.994000e-01  1.295700e-01
  3.891000e-01  9.699385e-02
  3.790000e-01  9.655405e-02
  3.692000e-01  8.055896e-02
  3.596000e-01  6.896670e-02
  3.503000e-01  7.028735e-02
  3.412000e-01  6.485800e-02
  3.324000e-01  6.544500e-02
  3.238000e-01  5.150500e-02
  3.154000e-01  5.385285e-02
  3.072000e-01  4.724965e-02
  2.992000e-01  5.546700e-02
  2.915000e-01  5.326580e-02
  2.839000e-01  5.370600e-02
  2.766000e-01  4.592905e-02
  2.694000e-01  4.372785e-02
  2.624000e-01  3.961920e-02
  2.556000e-01  3.257580e-02
  2.490000e-01  3.330955e-02
  2.426000e-01  2.523890e-02
  2.363000e-01  2.377170e-02
  2.302000e-01  1.892925e-02
  2.242000e-01  1.760870e-02
  2.184000e-01  1.438040e-02
  2.127000e-01  1.291295e-02
  2.072000e-01  1.379340e-02
  2.019000e-01  8.657550e-03
  1.966000e-01  5.869525e-03
  1.915000e-01  5.869545e-03
  1.866000e-01  6.896670e-03
  1.817000e-01  5.576075e-03
  1.770000e-01  6.309745e-03
  1.725000e-01  3.668460e-03
  1.680000e-01  2.788025e-03
  1.636000e-01  2.494560e-03
  1.594000e-01  1.467390e-03
  1.553000e-01  1.907605e-03
  1.512000e-01  1.467390e-03
  1.473000e-01  1.907610e-03
  1.435000e-01  7.337000e-04
  1.398000e-01  1.320655e-03
  1.362000e-01  7.337000e-04
  1.326000e-01  7.337000e-04
  1.292000e-01  7.337000e-04
  1.259000e-01  5.869550e-04
  1.226000e-01  4.402200e-04
  1.194000e-01  7.337000e-04
  1.163000e-01  5.869600e-04
  1.133000e-01  1.467400e-04
  1.104000e-01  5.869600e-04
  1.075000e-01  1.467400e-04
  1.047000e-01  5.869600e-04
  1.020000e-01  1.467400e-04
  9.940000e-02  1.467400e-04
  9.680000e-02  5.869550e-04
  9.430000e-02  0.000000e+00
  9.190000e-02  2.934800e-04
  8.950000e-02  1.467400e-04
  8.720000e-02  0.000000e+00
  8.490000e-02  0.000000e+00
  8.270000e-02  2.934800e-04
  8.060000e-02  1.467400e-04
  7.850000e-02  5.869600e-04
  7.640000e-02  1.467400e-04
  7.450000e-02  2.934800e-04
  7.250000e-02  2.934800e-04
  7.070000e-02  5.869550e-04
  6.880000e-02  4.402200e-04
  6.700000e-02  5.869550e-04
  6.530000e-02  1.467400e-04
  6.360000e-02  5.869600e-04
  6.200000e-02  2.934800e-04
  6.040000e-02  1.467400e-04
  5.880000e-02  1.467400e-04
  5.730000e-02  0.000000e+00
  5.580000e-02  0.000000e+00
  5.430000e-02  1.467400e-04
  5.290000e-02  0.000000e+00
  5.160000e-02  1.467400e-04
  5.020000e-02  1.467400e-04
  4.890000e-02  1.467400e-04
  4.770000e-02  0.000000e+00
  4.640000e-02  0.000000e+00
  4.520000e-02  2.934750e-04
  4.410000e-02  0.000000e+00
  4.290000e-02  2.934800e-04
  4.180000e-02  1.467400e-04
  4.070000e-02  1.467400e-04
  3.970000e-02  0.000000e+00
  3.860000e-02  0.000000e+00
  3.760000e-02  4.402200e-04
  3.670000e-02  4.402200e-04
  3.570000e-02  2.934800e-04
  3.480000e-02  0.000000e+00
  3.390000e-02  0.000000e+00
  3.300000e-02  4.402200e-04
  3.220000e-02  0.000000e+00
  3.130000e-02  0.000000e+00
  3.050000e-02  0.000000e+00
  2.970000e-02  1.467400e-04
  2.890000e-02  1.467400e-04
  2.820000e-02  1.467400e-04
  2.750000e-02  0.000000e+00
  2.680000e-02  0.000000e+00
  2.610000e-02  0.000000e+00
  2.540000e-02  1.467400e-04
  2.470000e-02  0.000000e+00
  2.410000e-02  0.000000e+00
  2.350000e-02  0.000000e+00
  2.290000e-02  0.000000e+00
  2.230000e-02  0.000000e+00
  2.170000e-02  0.000000e+00
  2.110000e-02  0.000000e+00
  2.060000e-02  0.000000e+00
  2.000000e-02  0.000000e+00
  1.950000e-02  0.000000e+00
  1.900000e-02  0.000000e+00
  1.850000e-02  0.000000e+00
  1.800000e-02  0.000000e+00
  1.760000e-02  0.000000e+00
  1.710000e-02  0.000000e+00
  1.670000e-02  0.000000e+00
  1.630000e-02  0.000000e+00
  1.580000e-02  0.000000e+00
  1.540000e-02  0.000000e+00
  1.500000e-02  0.000000e+00
  1.460000e-02  0.000000e+00
  1.430000e-02  0.000000e+00
  1.390000e-02  0.000000e+00
  1.350000e-02  0.000000e+00
  1.320000e-02  0.000000e+00
  1.280000e-02  0.000000e+00
  1.250000e-02  0.000000e+00
  1.220000e-02  0.000000e+00
  1.190000e-02  0.000000e+00
  1.160000e-02  0.000000e+00
  1.130000e-02  0.000000e+00
  1.100000e-02  5.869600e-04
  1.070000e-02  5.869600e-04
  1.040000e-02  4.402200e-04
  1.010000e-02  8.804400e-04
