  4.934820e+03  0.000000e+00
  4.806990e+03  0.000000e+00
  4.682470e+03  0.000000e+00
  4.561180e+03  0.000000e+00
  4.443030e+03  0.000000e+00
  4.327940e+03  0.000000e+00
  4.215830e+03  0.000000e+00
  4.106630e+03  0.000000e+00
  4.000250e+03  0.000000e+00
  3.896630e+03  0.000000e+00
  3.795700e+03  0.000000e+00
  3.697380e+03  0.000000e+00
  3.601600e+03  0.000000e+00
  3.508310e+03  0.000000e+00
  3.417430e+03  0.000000e+00
  3.328910e+03  0.000000e+00
  3.242680e+03  0.000000e+00
  3.158680e+03  1.013700e-02
  3.076860e+03  0.000000e+00
  2.997160e+03  0.000000e+00
  2.919530e+03  0.000000e+00
  2.843900e+03  0.000000e+00
  2.770230e+03  0.000000e+00
  2.698480e+03  0.000000e+00
  2.628580e+03  0.000000e+00
  2.560490e+03  0.000000e+00
  2.494160e+03  1.013700e-02
  2.429550e+03  0.000000e+00
  2.366620e+03  1.013700e-02
  2.305320e+03  0.000000e+00
  2.245600e+03  2.027400e-02
  2.187430e+03  0.000000e+00
  2.130770e+03  1.013700e-02
  2.075580e+03  0.000000e+00
  2.021810e+03  0.000000e+00
  1.969440e+03  0.000000e+00
  1.918430e+03  3.041100e-02
  1.868730e+03  3.041100e-02
  1.820330e+03  1.013700e-02
  1.773170e+03  0.000000e+00
  1.727240e+03  0.000000e+00
  1.682500e+03  0.000000e+00
  1.638920e+03  0.000000e+00
  1.596470e+03  0.000000e+00
  1.555110e+03  4.054800e-02
  1.514830e+03  1.013700e-02
  1.475590e+03  1.013700e-02
  1.437370e+03  8.109600e-02
  1.400140e+03  2.027400e-02
  1.363870e+03  3.041100e-02
  1.328540e+03  5.068500e-02
  1.294120e+03  3.041100e-02
  1.260600e+03  5.068500e-02
  1.227950e+03  6.082200e-02
  1.196140e+03  1.013705e-01
  1.165160e+03  6.082200e-02
  1.134980e+03  4.054800e-02
  1.105580e+03  4.054800e-02
  1.076940e+03  1.216440e-01
  1.049040e+03  8.109600e-02
  1.021870e+03  8.109600e-02
  9.953980e+02  4.054800e-02
  9.696140e+02  1.317810e-01
  9.444970e+02  1.013700e-01
  9.200320e+02  9.123300e-02
  8.962000e+02  9.123300e-02
  8.729850e+02  1.317810e-01
  8.503720e+02  1.824660e-01
  8.283450e+02  2.027405e-01
  8.068880e+02  2.128775e-01
  7.859870e+02  2.737005e-01
  7.656270e+02  2.737015e-01
  7.457950e+02  2.534265e-01
  7.264760e+02  2.128775e-01
  7.076580e+02  4.358945e-01
  6.893270e+02  4.156195e-01
  6.714710e+02  4.663045e-01
  6.540780e+02  5.575380e-01
  6.371350e+02  5.474030e-01
  6.206310e+02  5.575385e-01
  6.045550e+02  7.805610e-01
  5.888950e+02  6.487720e-01
  5.736410e+02  8.008310e-01
  5.587810e+02  1.226595e+00
  5.443070e+02  1.003585e+00
  5.302080e+02  1.115090e+00
  5.164740e+02  1.246855e+00
  5.030950e+02  1.510440e+00
  4.900630e+02  1.611795e+00
  4.773690e+02  2.078120e+00
  4.650040e+02  2.149075e+00
  4.529580e+02  2.128795e+00
  4.412250e+02  2.615370e+00
  4.297960e+02  2.899225e+00
  4.186630e+02  3.355390e+00
  4.078180e+02  3.649365e+00
  3.972540e+02  4.085260e+00
  3.869640e+02  4.592110e+00
  3.769400e+02  5.200340e+00
  3.671770e+02  5.626115e+00
  3.576650e+02  6.518175e+00
  3.484010e+02  7.004755e+00
  3.393760e+02  8.748340e+00
  3.305850e+02  9.934425e+00
  3.220220e+02  1.069475e+01
  3.136800e+02  1.154620e+01
  3.055550e+02  1.322905e+01
  2.976400e+02  1.413100e+01
  2.899300e+02  1.608755e+01
  2.824200e+02  1.815570e+01
  2.751040e+02  2.026405e+01
  2.679780e+02  2.298085e+01
  2.610370e+02  2.642750e+01
  2.542750e+02  2.891100e+01
  2.476890e+02  3.224635e+01
  2.412730e+02  3.503385e+01
  2.350230e+02  4.252510e+01
  2.289350e+02  4.566775e+01
  2.230050e+02  5.196290e+01
  2.172280e+02  5.607860e+01
  2.116010e+02  6.217090e+01
  2.061200e+02  7.079770e+01
  2.007810e+02  7.744770e+01
  1.955800e+02  8.717944e+01
  1.905140e+02  9.820805e+01
  1.855790e+02  1.094410e+02
  1.807720e+02  1.236525e+02
  1.760890e+02  1.367805e+02
  1.715280e+02  1.521785e+02
  1.670850e+02  1.715290e+02
  1.627570e+02  1.879825e+02
  1.585410e+02  2.072850e+02
  1.544340e+02  2.320900e+02
  1.504340e+02  2.508215e+02
  1.465370e+02  2.764400e+02
  1.427410e+02  3.033235e+02
  1.390440e+02  3.317475e+02
  1.354420e+02  3.617530e+02
  1.319340e+02  3.952160e+02
  1.285160e+02  4.317095e+02
  1.251870e+02  4.735260e+02
  1.219440e+02  5.088130e+02
  1.187850e+02  5.551085e+02
  1.157090e+02  6.063725e+02
  1.127110e+02  6.523445e+02
  1.097920e+02  7.090925e+02
  1.069480e+02  7.655250e+02
  1.041770e+02  8.256190e+02
  1.014790e+02  8.904050e+02
  9.885030e+01  9.620735e+02
  9.628970e+01  1.041415e+03
  9.379550e+01  1.110550e+03
  9.136590e+01  1.193220e+03
  8.899920e+01  1.277615e+03
  8.669380e+01  1.359985e+03
  8.444820e+01  1.450630e+03
  8.226070e+01  1.547955e+03
  8.012980e+01  1.634330e+03
  7.805420e+01  1.737505e+03
  7.603240e+01  1.839855e+03
  7.406290e+01  1.939870e+03
  7.214440e+01  2.031495e+03
  7.027560e+01  2.131325e+03
  6.845520e+01  2.224810e+03
  6.668200e+01  2.313475e+03
  6.495470e+01  2.396395e+03
  6.327220e+01  2.463850e+03
  6.163320e+01  2.546725e+03
  6.003670e+01  2.585900e+03
  5.848160e+01  2.659350e+03
  5.696670e+01  2.694045e+03
  5.549110e+01  2.744295e+03
  5.405370e+01  2.773190e+03
  5.265350e+01  2.821990e+03
  5.128960e+01  2.852395e+03
  4.996100e+01  2.900790e+03
  4.866690e+01  2.927170e+03
  4.740620e+01  2.940820e+03
  4.617830e+01  2.959290e+03
  4.498210e+01  2.952120e+03
  4.381690e+01  2.968885e+03
  4.268190e+01  2.959510e+03
  4.157630e+01  2.945390e+03
  4.049930e+01  2.926810e+03
  3.945030e+01  2.917235e+03
  3.842840e+01  2.903370e+03
  3.743290e+01  2.873160e+03
  3.646330e+01  2.850840e+03
  3.551880e+01  2.828610e+03
  3.459870e+01  2.803415e+03
  3.370250e+01  2.783410e+03
  3.282950e+01  2.762700e+03
  3.197910e+01  2.730105e+03
  3.115070e+01  2.707665e+03
  3.034380e+01  2.688820e+03
  2.955780e+01  2.663535e+03
  2.879220e+01  2.646070e+03
  2.804640e+01  2.628090e+03
  2.731990e+01  2.609525e+03
  2.661220e+01  2.597160e+03
  2.592290e+01  2.573825e+03
  2.525140e+01  2.547000e+03
  2.459730e+01  2.535630e+03
  2.396010e+01  2.509900e+03
  2.333950e+01  2.493710e+03
  2.273490e+01  2.490180e+03
  2.214600e+01  2.477070e+03
  2.157230e+01  2.462885e+03
  2.101350e+01  2.437625e+03
  2.046920e+01  2.430205e+03
  1.993900e+01  2.410855e+03
  1.942250e+01  2.388110e+03
  1.891940e+01  2.356115e+03
  1.842930e+01  2.303990e+03
  1.795200e+01  2.238340e+03
  1.748690e+01  2.178755e+03
  1.703400e+01  2.098365e+03
  1.659270e+01  2.017620e+03
  1.616290e+01  1.940125e+03
  1.574430e+01  1.849875e+03
  1.533640e+01  1.769330e+03
  1.493920e+01  1.703770e+03
  1.455220e+01  1.635565e+03
  1.417520e+01  1.589105e+03
  1.380800e+01  1.552775e+03
  1.345040e+01  1.519115e+03
  1.310200e+01  1.504900e+03
  1.276260e+01  1.487290e+03
  1.243200e+01  1.492805e+03
  1.211000e+01  1.475745e+03
  1.179630e+01  1.481360e+03
  1.149070e+01  1.475225e+03
  1.119310e+01  1.462635e+03
  1.090310e+01  1.462380e+03
  1.062070e+01  1.456360e+03
  1.034560e+01  1.446210e+03
  1.007760e+01  1.432855e+03
  9.816600e+00  1.401775e+03
  9.562300e+00  1.353885e+03
  9.314600e+00  1.263035e+03
  9.073300e+00  1.148265e+03
  8.838300e+00  1.013435e+03
  8.609300e+00  8.945610e+02
  8.386300e+00  7.850295e+02
  8.169100e+00  6.898205e+02
  7.957500e+00  6.131130e+02
  7.751400e+00  5.482055e+02
  7.550600e+00  5.111640e+02
  7.355000e+00  4.706260e+02
  7.164500e+00  4.337675e+02
  6.978900e+00  4.085365e+02
  6.798100e+00  3.767345e+02
  6.622000e+00  3.538965e+02
  6.450500e+00  3.299435e+02
  6.283400e+00  3.111590e+02
  6.120600e+00  2.874180e+02
  5.962100e+00  2.686330e+02
  5.807600e+00  2.581725e+02
  5.657200e+00  2.408795e+02
  5.510700e+00  2.321895e+02
  5.367900e+00  2.205845e+02
  5.228900e+00  2.067370e+02
  5.093400e+00  1.952610e+02
  4.961500e+00  1.858845e+02
  4.833000e+00  1.804195e+02
  4.707800e+00  1.754740e+02
  4.585800e+00  1.598630e+02
  4.467100e+00  1.490470e+02
  4.351300e+00  1.466940e+02
  4.238600e+00  1.409665e+02
  4.128800e+00  1.382200e+02
  4.021900e+00  1.870805e+02
  3.917700e+00  1.487830e+02
  3.816200e+00  1.180575e+02
  3.717400e+00  1.140725e+02
  3.621100e+00  1.097035e+02
  3.527300e+00  1.048175e+02
  3.435900e+00  1.016955e+02
  3.346900e+00  9.658615e+01
  3.260200e+00  9.071710e+01
  3.175800e+00  8.197885e+01
  3.093500e+00  7.264270e+01
  3.013400e+00  6.622575e+01
  2.935300e+00  6.812155e+01
  2.859300e+00  7.258170e+01
  2.785200e+00  7.817750e+01
  2.713100e+00  8.121855e+01
  2.642800e+00  8.212085e+01
  2.574300e+00  8.581085e+01
  2.507600e+00  7.832961e+01
  2.442700e+00  7.806599e+01
  2.379400e+00  7.891755e+01
  2.317800e+00  7.469035e+01
  2.257700e+00  6.969265e+01
  2.199300e+00  8.486795e+01
  2.142300e+00  6.910471e+01
  2.086800e+00  6.667180e+01
  2.032700e+00  6.846615e+01
  1.980100e+00  7.275405e+01
  1.928800e+00  6.599270e+01
  1.878800e+00  6.435030e+01
  1.830200e+00  6.908445e+01
  1.782800e+00  8.010345e+01
  1.736600e+00  6.557700e+01
  1.691600e+00  6.628660e+01
  1.647800e+00  6.743215e+01
  1.605100e+00  6.806055e+01
  1.563500e+00  6.638810e+01
  1.523000e+00  6.739165e+01
  1.483600e+00  7.193290e+01
  1.445100e+00  6.994615e+01
  1.407700e+00  7.305815e+01
  1.371200e+00  7.446730e+01
  1.335700e+00  7.653525e+01
  1.301100e+00  8.059010e+01
  1.267400e+00  7.529860e+01
  1.234600e+00  8.391510e+01
  1.202600e+00  9.271420e+01
  1.171500e+00  9.188290e+01
  1.141100e+00  1.050615e+02
  1.111600e+00  9.962715e+01
  1.082800e+00  1.048785e+02
  1.054700e+00  1.197705e+02
  1.027400e+00  1.195475e+02
  1.000800e+00  1.237435e+02
  9.749000e-01  1.271495e+02
  9.496000e-01  1.402170e+02
  9.250000e-01  1.552495e+02
  9.010000e-01  1.604010e+02
  8.777000e-01  1.725550e+02
  8.550000e-01  1.869490e+02
  8.328000e-01  1.869385e+02
  8.113000e-01  2.041715e+02
  7.902000e-01  2.149275e+02
  7.698000e-01  2.201385e+02
  7.498000e-01  2.419440e+02
  7.304000e-01  2.477405e+02
  7.115000e-01  2.526990e+02
  6.931000e-01  2.770280e+02
  6.751000e-01  3.046625e+02
  6.576000e-01  3.870650e+02
  6.406000e-01  3.940585e+02
  6.240000e-01  3.246615e+02
  6.078000e-01  3.696000e+02
  5.921000e-01  3.459990e+02
  5.767000e-01  3.181325e+02
  5.618000e-01  3.305410e+02
  5.472000e-01  3.439015e+02
  5.331000e-01  4.304430e+02
  5.193000e-01  4.776195e+02
  5.058000e-01  4.968405e+02
  4.927000e-01  3.937555e+02
  4.799000e-01  3.537040e+02
  4.675000e-01  3.447130e+02
  4.554000e-01  3.468025e+02
  4.436000e-01  3.639530e+02
  4.321000e-01  3.421485e+02
  4.209000e-01  3.425130e+02
  4.100000e-01  3.500560e+02
  3.994000e-01  5.247595e+02
  3.891000e-01  3.781750e+02
  3.790000e-01  3.803260e+02
  3.692000e-01  3.556015e+02
  3.596000e-01  3.304900e+02
  3.503000e-01  3.192270e+02
  3.412000e-01  3.006275e+02
  3.324000e-01  2.868405e+02
  3.238000e-01  2.577960e+02
  3.154000e-01  2.513095e+02
  3.072000e-01  2.393360e+02
  2.992000e-01  2.864735e+02
  2.915000e-01  2.585185e+02
  2.839000e-01  2.527495e+02
  2.766000e-01  2.327590e+02
  2.694000e-01  2.148465e+02
  2.624000e-01  1.940545e+02
  2.556000e-01  1.738520e+02
  2.490000e-01  1.557260e+02
  2.426000e-01  1.367710e+02
  2.363000e-01  1.193440e+02
  2.302000e-01  1.041080e+02
  2.242000e-01  9.060561e+01
  2.184000e-01  7.748815e+01
  2.127000e-01  6.514110e+01
  2.072000e-01  5.751800e+01
  2.019000e-01  4.690440e+01
  1.966000e-01  4.054860e+01
  1.915000e-01  3.577385e+01
  1.866000e-01  2.918465e+01
  1.817000e-01  2.630575e+01
  1.770000e-01  2.145005e+01
  1.725000e-01  1.747650e+01
  1.680000e-01  1.482040e+01
  1.636000e-01  1.259030e+01
  1.594000e-01  1.123195e+01
  1.553000e-01  8.930770e+00
  1.512000e-01  7.552160e+00
  1.473000e-01  6.234330e+00
  1.435000e-01  5.423350e+00
  1.398000e-01  4.480605e+00
  1.362000e-01  3.598675e+00
  1.326000e-01  3.071555e+00
  1.292000e-01  2.493735e+00
  1.259000e-01  2.402515e+00
  1.226000e-01  2.118665e+00
  1.194000e-01  1.905780e+00
  1.163000e-01  1.824675e+00
  1.133000e-01  1.510430e+00
  1.104000e-01  1.398930e+00
  1.075000e-01  1.104945e+00
  1.047000e-01  1.338100e+00
  1.020000e-01  1.317830e+00
  9.940000e-02  1.236730e+00
  9.680000e-02  1.135353e+00
  9.430000e-02  1.206320e+00
  9.190000e-02  1.226595e+00
  8.950000e-02  9.833040e-01
  8.720000e-02  1.186050e+00
  8.490000e-02  1.145500e+00
  8.270000e-02  1.033990e+00
  8.060000e-02  1.054258e+00
  7.850000e-02  1.013713e+00
  7.640000e-02  9.630320e-01
  7.450000e-02  1.459755e+00
  7.250000e-02  1.206325e+00
  7.070000e-02  1.135365e+00
  6.880000e-02  1.358375e+00
  6.700000e-02  1.490170e+00
  6.530000e-02  1.358390e+00
  6.360000e-02  1.601660e+00
  6.200000e-02  1.429320e+00
  6.040000e-02  1.480020e+00
  5.880000e-02  1.277275e+00
  5.730000e-02  1.358370e+00
  5.580000e-02  1.257010e+00
  5.430000e-02  1.267150e+00
  5.290000e-02  1.398925e+00
  5.160000e-02  1.317825e+00
  5.020000e-02  1.429330e+00
  4.890000e-02  1.297540e+00
  4.770000e-02  1.257005e+00
  4.640000e-02  1.104952e+00
  4.520000e-02  1.287400e+00
  4.410000e-02  1.297550e+00
  4.290000e-02  1.327965e+00
  4.180000e-02  1.186045e+00
  4.070000e-02  1.257010e+00
  3.970000e-02  1.084681e+00
  3.860000e-02  1.186045e+00
  3.760000e-02  1.196180e+00
  3.670000e-02  1.064392e+00
  3.570000e-02  1.246870e+00
  3.480000e-02  1.094815e+00
  3.390000e-02  9.934480e-01
  3.300000e-02  9.326205e-01
  3.220000e-02  8.515250e-01
  3.130000e-02  8.616570e-01
  3.050000e-02  7.501475e-01
  2.970000e-02  6.994670e-01
  2.890000e-02  8.211020e-01
  2.820000e-02  7.907020e-01
  2.750000e-02  6.487740e-01
  2.680000e-02  6.589115e-01
  2.610000e-02  5.068540e-01
  2.540000e-02  4.156200e-01
  2.470000e-02  4.358940e-01
  2.410000e-02  4.967160e-01
  2.350000e-02  4.967210e-01
  2.290000e-02  3.649345e-01
  2.230000e-02  3.142475e-01
  2.170000e-02  2.432885e-01
  2.110000e-02  3.243870e-01
  2.060000e-02  2.128775e-01
  2.000000e-02  2.128770e-01
  1.950000e-02  1.317820e-01
  1.900000e-02  2.534265e-01
  1.850000e-02  1.115075e-01
  1.800000e-02  1.317815e-01
  1.760000e-02  1.216440e-01
  1.710000e-02  5.068500e-02
  1.670000e-02  1.216440e-01
  1.630000e-02  1.115070e-01
  1.580000e-02  5.068500e-02
  1.540000e-02  3.041100e-02
  1.500000e-02  5.068500e-02
  1.460000e-02  4.054800e-02
  1.430000e-02  3.041100e-02
  1.390000e-02  3.041100e-02
  1.350000e-02  1.013700e-02
  1.320000e-02  0.000000e+00
  1.280000e-02  1.013700e-02
  1.250000e-02  0.000000e+00
  1.220000e-02  1.013700e-02
  1.190000e-02  0.000000e+00
  1.160000e-02  0.000000e+00
  1.130000e-02  0.000000e+00
  1.100000e-02  1.013700e-02
  1.070000e-02  8.109650e-02
  1.040000e-02  3.041100e-02
  1.010000e-02  2.838375e-01
