  4.934820e+03  0.000000e+00
  4.806990e+03  0.000000e+00
  4.682470e+03  0.000000e+00
  4.561180e+03  0.000000e+00
  4.443030e+03  0.000000e+00
  4.327940e+03  0.000000e+00
  4.215830e+03  0.000000e+00
  4.106630e+03  0.000000e+00
  4.000250e+03  0.000000e+00
  3.896630e+03  0.000000e+00
  3.795700e+03  0.000000e+00
  3.697380e+03  0.000000e+00
  3.601600e+03  0.000000e+00
  3.508310e+03  0.000000e+00
  3.417430e+03  0.000000e+00
  3.328910e+03  0.000000e+00
  3.242680e+03  7.740000e-02
  3.158680e+03  0.000000e+00
  3.076860e+03  0.000000e+00
  2.997160e+03  0.000000e+00
  2.919530e+03  0.000000e+00
  2.843900e+03  0.000000e+00
  2.770230e+03  0.000000e+00
  2.698480e+03  0.000000e+00
  2.628580e+03  0.000000e+00
  2.560490e+03  0.000000e+00
  2.494160e+03  0.000000e+00
  2.429550e+03  0.000000e+00
  2.366620e+03  0.000000e+00
  2.305320e+03  0.000000e+00
  2.245600e+03  0.000000e+00
  2.187430e+03  0.000000e+00
  2.130770e+03  0.000000e+00
  2.075580e+03  0.000000e+00
  2.021810e+03  0.000000e+00
  1.969440e+03  7.740000e-02
  1.918430e+03  0.000000e+00
  1.868730e+03  0.000000e+00
  1.820330e+03  0.000000e+00
  1.773170e+03  7.740000e-02
  1.727240e+03  7.740000e-02
  1.682500e+03  7.740000e-02
  1.638920e+03  0.000000e+00
  1.596470e+03  0.000000e+00
  1.555110e+03  0.000000e+00
  1.514830e+03  0.000000e+00
  1.475590e+03  7.740000e-02
  1.437370e+03  0.000000e+00
  1.400140e+03  0.000000e+00
  1.363870e+03  0.000000e+00
  1.328540e+03  1.548000e-01
  1.294120e+03  0.000000e+00
  1.260600e+03  0.000000e+00
  1.227950e+03  0.000000e+00
  1.196140e+03  0.000000e+00
  1.165160e+03  7.740000e-02
  1.134980e+03  7.740000e-02
  1.105580e+03  7.740000e-02
  1.076940e+03  7.740000e-02
  1.049040e+03  0.000000e+00
  1.021870e+03  2.322000e-01
  9.953980e+02  0.000000e+00
  9.696140e+02  0.000000e+00
  9.444970e+02  2.322000e-01
  9.200320e+02  2.322000e-01
  8.962000e+02  1.548000e-01
  8.729850e+02  7.740000e-02
  8.503720e+02  2.322000e-01
  8.283450e+02  1.548000e-01
  8.068880e+02  3.870000e-01
  7.859870e+02  7.740000e-02
  7.656270e+02  2.322000e-01
  7.457950e+02  3.096000e-01
  7.264760e+02  2.322000e-01
  7.076580e+02  3.096000e-01
  6.893270e+02  3.096000e-01
  6.714710e+02  2.322000e-01
  6.540780e+02  1.548000e-01
  6.371350e+02  2.322000e-01
  6.206310e+02  4.644000e-01
  6.045550e+02  4.644000e-01
  5.888950e+02  3.096000e-01
  5.736410e+02  6.966000e-01
  5.587810e+02  3.870000e-01
  5.443070e+02  4.644000e-01
  5.302080e+02  6.192000e-01
  5.164740e+02  1.006200e+00
  5.030950e+02  1.006200e+00
  4.900630e+02  1.161000e+00
  4.773690e+02  1.393200e+00
  4.650040e+02  1.393200e+00
  4.529580e+02  1.161000e+00
  4.412250e+02  1.238400e+00
  4.297960e+02  1.702800e+00
  4.186630e+02  1.780200e+00
  4.078180e+02  3.328200e+00
  3.972540e+02  2.399400e+00
  3.869640e+02  2.322000e+00
  3.769400e+02  2.709000e+00
  3.671770e+02  3.870000e+00
  3.576650e+02  2.863800e+00
  3.484010e+02  3.018600e+00
  3.393760e+02  3.715200e+00
  3.305850e+02  4.566600e+00
  3.220220e+02  6.966000e+00
  3.136800e+02  6.656400e+00
  3.055550e+02  6.192000e+00
  2.976400e+02  8.049600e+00
  2.899300e+02  9.288000e+00
  2.824200e+02  1.021680e+01
  2.751040e+02  9.597600e+00
  2.679780e+02  1.176480e+01
  2.610370e+02  1.416420e+01
  2.542750e+02  1.393200e+01
  2.476890e+02  1.602180e+01
  2.412730e+02  1.803420e+01
  2.350230e+02  1.811160e+01
  2.289350e+02  2.383920e+01
  2.230050e+02  2.716740e+01
  2.172280e+02  3.165660e+01
  2.116010e+02  3.552660e+01
  2.061200e+02  3.413340e+01
  2.007810e+02  4.179600e+01
  1.955800e+02  4.465980e+01
  1.905140e+02  5.719860e+01
  1.855790e+02  5.456700e+01
  1.807720e+02  6.509340e+01
  1.760890e+02  7.229160e+01
  1.715280e+02  8.080560e+01
  1.670850e+02  9.365421e+01
  1.627570e+02  1.094435e+02
  1.585410e+02  1.147840e+02
  1.544340e+02  1.267030e+02
  1.504340e+02  1.480680e+02
  1.465370e+02  1.541045e+02
  1.427410e+02  1.818915e+02
  1.390440e+02  1.959760e+02
  1.354420e+02  2.195060e+02
  1.319340e+02  2.441180e+02
  1.285160e+02  2.678810e+02
  1.251870e+02  2.936555e+02
  1.219440e+02  3.280210e+02
  1.187850e+02  3.597550e+02
  1.157090e+02  3.952815e+02
  1.127110e+02  4.546465e+02
  1.097920e+02  4.969855e+02
  1.069480e+02  5.472970e+02
  1.041770e+02  5.983785e+02
  1.014790e+02  6.573580e+02
  9.885030e+01  7.251625e+02
  9.628970e+01  8.055820e+02
  9.379550e+01  8.814325e+02
  9.136590e+01  9.718335e+02
  8.899920e+01  1.078960e+03
  8.669380e+01  1.189250e+03
  8.444820e+01  1.306200e+03
  8.226070e+01  1.430820e+03
  8.012980e+01  1.586400e+03
  7.805420e+01  1.755905e+03
  7.603240e+01  1.930910e+03
  7.406290e+01  2.103895e+03
  7.214440e+01  2.295305e+03
  7.027560e+01  2.523400e+03
  6.845520e+01  2.752890e+03
  6.668200e+01  3.016820e+03
  6.495470e+01  3.237725e+03
  6.327220e+01  3.517365e+03
  6.163320e+01  3.729525e+03
  6.003670e+01  3.982075e+03
  5.848160e+01  4.226190e+03
  5.696670e+01  4.452515e+03
  5.549110e+01  4.752685e+03
  5.405370e+01  4.995875e+03
  5.265350e+01  5.340385e+03
  5.128960e+01  5.658180e+03
  4.996100e+01  6.003615e+03
  4.866690e+01  6.452770e+03
  4.740620e+01  6.807730e+03
  4.617830e+01  7.172205e+03
  4.498210e+01  7.426615e+03
  4.381690e+01  7.674760e+03
  4.268190e+01  7.902255e+03
  4.157630e+01  8.028560e+03
  4.049930e+01  8.173290e+03
  3.945030e+01  8.345355e+03
  3.842840e+01  8.402475e+03
  3.743290e+01  8.469115e+03
  3.646330e+01  8.514320e+03
  3.551880e+01  8.502705e+03
  3.459870e+01  8.569195e+03
  3.370250e+01  8.612240e+03
  3.282950e+01  8.650381e+03
  3.197910e+01  8.687936e+03
  3.115070e+01  8.678555e+03
  3.034380e+01  8.718580e+03
  2.955780e+01  8.639630e+03
  2.879220e+01  8.711686e+03
  2.804640e+01  8.633990e+03
  2.731990e+01  8.566189e+03
  2.661220e+01  8.551721e+03
  2.592290e+01  8.467255e+03
  2.525140e+01  8.347210e+03
  2.459730e+01  8.209045e+03
  2.396010e+01  8.165025e+03
  2.333950e+01  8.029250e+03
  2.273490e+01  7.890865e+03
  2.214600e+01  7.761285e+03
  2.157230e+01  7.549915e+03
  2.101350e+01  7.338385e+03
  2.046920e+01  7.204790e+03
  1.993900e+01  6.945505e+03
  1.942250e+01  6.773660e+03
  1.891940e+01  6.576530e+03
  1.842930e+01  6.457725e+03
  1.795200e+01  6.253620e+03
  1.748690e+01  6.041400e+03
  1.703400e+01  5.860120e+03
  1.659270e+01  5.682250e+03
  1.616290e+01  5.580155e+03
  1.574430e+01  5.431710e+03
  1.533640e+01  5.258715e+03
  1.493920e+01  5.068620e+03
  1.455220e+01  4.874350e+03
  1.417520e+01  4.609725e+03
  1.380800e+01  4.361895e+03
  1.345040e+01  4.082315e+03
  1.310200e+01  3.820155e+03
  1.276260e+01  3.498870e+03
  1.243200e+01  3.251190e+03
  1.211000e+01  3.026875e+03
  1.179630e+01  2.877275e+03
  1.149070e+01  2.775335e+03
  1.119310e+01  2.730605e+03
  1.090310e+01  2.735555e+03
  1.062070e+01  2.778200e+03
  1.034560e+01  2.765895e+03
  1.007760e+01  2.734625e+03
  9.816600e+00  2.631830e+03
  9.562300e+00  2.531760e+03
  9.314600e+00  2.412865e+03
  9.073300e+00  2.277645e+03
  8.838300e+00  2.157455e+03
  8.609300e+00  2.066055e+03
  8.386300e+00  2.030045e+03
  8.169100e+00  1.978270e+03
  7.957500e+00  1.970990e+03
  7.751400e+00  1.907450e+03
  7.550600e+00  1.865895e+03
  7.355000e+00  1.752585e+03
  7.164500e+00  1.622765e+03
  6.978900e+00  1.529815e+03
  6.798100e+00  1.403030e+03
  6.622000e+00  1.316965e+03
  6.450500e+00  1.197915e+03
  6.283400e+00  1.124155e+03
  6.120600e+00  1.015105e+03
  5.962100e+00  9.373150e+02
  5.807600e+00  9.029505e+02
  5.657200e+00  8.630125e+02
  5.510700e+00  8.062775e+02
  5.367900e+00  7.561225e+02
  5.228900e+00  6.866150e+02
  5.093400e+00  6.342155e+02
  4.961500e+00  5.859175e+02
  4.833000e+00  5.352985e+02
  4.707800e+00  4.796480e+02
  4.585800e+00  4.383930e+02
  4.467100e+00  3.970630e+02
  4.351300e+00  3.706685e+02
  4.238600e+00  3.402510e+02
  4.128800e+00  3.077425e+02
  4.021900e+00  3.239190e+02
  3.917700e+00  2.736870e+02
  3.816200e+00  2.205125e+02
  3.717400e+00  2.011630e+02
  3.621100e+00  1.851395e+02
  3.527300e+00  1.533290e+02
  3.435900e+00  1.451255e+02
  3.346900e+00  1.207440e+02
  3.260200e+00  9.334430e+01
  3.175800e+00  7.391700e+01
  3.093500e+00  4.721400e+01
  3.013400e+00  4.094460e+01
  2.935300e+00  4.148640e+01
  2.859300e+00  4.914900e+01
  2.785200e+00  5.464440e+01
  2.713100e+00  6.540300e+01
  2.642800e+00  6.261660e+01
  2.574300e+00  6.021720e+01
  2.507600e+00  5.479920e+01
  2.442700e+00  5.309640e+01
  2.379400e+00  5.069700e+01
  2.317800e+00  4.674960e+01
  2.257700e+00  3.815820e+01
  2.199300e+00  4.481460e+01
  2.142300e+00  3.893220e+01
  2.086800e+00  3.622320e+01
  2.032700e+00  3.699720e+01
  1.980100e+00  4.651740e+01
  1.928800e+00  3.134700e+01
  1.878800e+00  2.770920e+01
  1.830200e+00  4.187340e+01
  1.782800e+00  9.357680e+01
  1.736600e+00  4.582080e+01
  1.691600e+00  2.887020e+01
  1.647800e+00  2.546460e+01
  1.605100e+00  2.399400e+01
  1.563500e+00  2.608380e+01
  1.523000e+00  2.205900e+01
  1.483600e+00  2.213640e+01
  1.445100e+00  2.198160e+01
  1.407700e+00  1.965960e+01
  1.371200e+00  2.143980e+01
  1.335700e+00  2.167200e+01
  1.301100e+00  2.074320e+01
  1.267400e+00  1.617660e+01
  1.234600e+00  2.128500e+01
  1.202600e+00  2.701260e+01
  1.171500e+00  2.252340e+01
  1.141100e+00  2.329740e+01
  1.111600e+00  1.973700e+01
  1.082800e+00  1.648620e+01
  1.054700e+00  2.840580e+01
  1.027400e+00  2.143980e+01
  1.000800e+00  1.873080e+01
  9.749000e-01  2.616120e+01
  9.496000e-01  2.368440e+01
  9.250000e-01  2.322000e+01
  9.010000e-01  2.577420e+01
  8.777000e-01  3.072780e+01
  8.550000e-01  3.181140e+01
  8.328000e-01  3.382380e+01
  8.113000e-01  3.831300e+01
  7.902000e-01  4.156380e+01
  7.698000e-01  4.527900e+01
  7.498000e-01  4.845240e+01
  7.304000e-01  5.232240e+01
  7.115000e-01  5.371560e+01
  6.931000e-01  7.492320e+01
  6.751000e-01  3.266280e+02
  6.576000e-01  4.969085e+02
  6.406000e-01  7.994670e+02
  6.240000e-01  1.464415e+02
  6.078000e-01  8.769420e+01
  5.921000e-01  8.436610e+01
  5.767000e-01  8.746201e+01
  5.618000e-01  8.722980e+01
  5.472000e-01  9.086760e+01
  5.331000e-01  1.147055e+02
  5.193000e-01  1.254655e+02
  5.058000e-01  1.154035e+02
  4.927000e-01  1.398615e+02
  4.799000e-01  1.616115e+02
  4.675000e-01  1.289500e+02
  4.554000e-01  1.284065e+02
  4.436000e-01  1.928800e+02
  4.321000e-01  1.840565e+02
  4.209000e-01  1.800335e+02
  4.100000e-01  1.494590e+02
  3.994000e-01  2.489950e+02
  3.891000e-01  2.780215e+02
  3.790000e-01  2.668765e+02
  3.692000e-01  1.663320e+02
  3.596000e-01  1.647065e+02
  3.503000e-01  1.674935e+02
  3.412000e-01  1.784835e+02
  3.324000e-01  1.945070e+02
  3.238000e-01  1.946615e+02
  3.154000e-01  1.822765e+02
  3.072000e-01  2.248475e+02
  2.992000e-01  2.797230e+02
  2.915000e-01  3.198950e+02
  2.839000e-01  3.260860e+02
  2.766000e-01  2.102945e+02
  2.694000e-01  3.409465e+02
  2.624000e-01  5.255455e+02
  2.556000e-01  6.157180e+02
  2.490000e-01  3.316585e+02
  2.426000e-01  3.701270e+02
  2.363000e-01  3.614585e+02
  2.302000e-01  2.755440e+02
  2.242000e-01  2.298020e+02
  2.184000e-01  2.270150e+02
  2.127000e-01  2.242265e+02
  2.072000e-01  2.277880e+02
  2.019000e-01  2.277870e+02
  1.966000e-01  2.390890e+02
  1.915000e-01  2.411005e+02
  1.866000e-01  2.540270e+02
  1.817000e-01  2.691195e+02
  1.770000e-01  2.811940e+02
  1.725000e-01  2.676495e+02
  1.680000e-01  2.800330e+02
  1.636000e-01  2.680365e+02
  1.594000e-01  2.705895e+02
  1.553000e-01  2.638560e+02
  1.512000e-01  2.644765e+02
  1.473000e-01  2.616120e+02
  1.435000e-01  2.866885e+02
  1.398000e-01  2.704350e+02
  1.362000e-01  2.633915e+02
  1.326000e-01  2.664885e+02
  1.292000e-01  2.798000e+02
  1.259000e-01  2.787160e+02
  1.226000e-01  2.760855e+02
  1.194000e-01  2.675710e+02
  1.163000e-01  2.772470e+02
  1.133000e-01  2.821230e+02
  1.104000e-01  3.025585e+02
  1.075000e-01  2.934235e+02
  1.047000e-01  2.982230e+02
  1.020000e-01  2.825105e+02
  9.940000e-02  2.876965e+02
  9.680000e-02  2.807290e+02
  9.430000e-02  2.667985e+02
  9.190000e-02  2.575115e+02
  8.950000e-02  2.407920e+02
  8.720000e-02  2.290260e+02
  8.490000e-02  2.091350e+02
  8.270000e-02  2.068130e+02
  8.060000e-02  1.860695e+02
  7.850000e-02  1.692730e+02
  7.640000e-02  1.545670e+02
  7.450000e-02  1.531750e+02
  7.250000e-02  1.338235e+02
  7.070000e-02  1.211320e+02
  6.880000e-02  1.069675e+02
  6.700000e-02  9.427310e+01
  6.530000e-02  8.111520e+01
  6.360000e-02  7.298820e+01
  6.200000e-02  5.959800e+01
  6.040000e-02  5.503140e+01
  5.880000e-02  4.380840e+01
  5.730000e-02  3.328200e+01
  5.580000e-02  3.150180e+01
  5.430000e-02  2.778660e+01
  5.290000e-02  1.888560e+01
  5.160000e-02  1.741500e+01
  5.020000e-02  1.315800e+01
  4.890000e-02  9.365400e+00
  4.770000e-02  9.597600e+00
  4.640000e-02  8.049601e+00
  4.520000e-02  5.185800e+00
  4.410000e-02  5.108400e+00
  4.290000e-02  3.715200e+00
  4.180000e-02  4.257000e+00
  4.070000e-02  3.870000e+00
  3.970000e-02  3.405600e+00
  3.860000e-02  2.089800e+00
  3.760000e-02  1.625400e+00
  3.670000e-02  1.393200e+00
  3.570000e-02  1.083600e+00
  3.480000e-02  1.548000e+00
  3.390000e-02  8.514000e-01
  3.300000e-02  1.083600e+00
  3.220000e-02  4.644000e-01
  3.130000e-02  1.161000e+00
  3.050000e-02  6.192000e-01
  2.970000e-02  7.740000e-01
  2.890000e-02  5.418000e-01
  2.820000e-02  6.192000e-01
  2.750000e-02  4.644000e-01
  2.680000e-02  5.418000e-01
  2.610000e-02  5.418000e-01
  2.540000e-02  6.192000e-01
  2.470000e-02  2.322000e-01
  2.410000e-02  6.192000e-01
  2.350000e-02  3.870000e-01
  2.290000e-02  9.288000e-01
  2.230000e-02  6.192000e-01
  2.170000e-02  8.514000e-01
  2.110000e-02  3.870000e-01
  2.060000e-02  3.870000e-01
  2.000000e-02  4.644000e-01
  1.950000e-02  0.000000e+00
  1.900000e-02  7.740000e-01
  1.850000e-02  3.096000e-01
  1.800000e-02  3.870000e-01
  1.760000e-02  2.322000e-01
  1.710000e-02  2.322000e-01
  1.670000e-02  1.548000e-01
  1.630000e-02  3.096000e-01
  1.580000e-02  3.096000e-01
  1.540000e-02  3.870000e-01
  1.500000e-02  7.740000e-02
  1.460000e-02  3.870000e-01
  1.430000e-02  1.548000e-01
  1.390000e-02  7.740000e-02
  1.350000e-02  3.870000e-01
  1.320000e-02  7.740000e-02
  1.280000e-02  0.000000e+00
  1.250000e-02  7.740000e-02
  1.220000e-02  7.740000e-02
  1.190000e-02  7.740000e-02
  1.160000e-02  0.000000e+00
  1.130000e-02  7.740000e-02
  1.100000e-02  7.740000e-02
  1.070000e-02  0.000000e+00
  1.040000e-02  0.000000e+00
  1.010000e-02  7.740000e-02
