  4.934820e+03  7.579000e-03
  4.806990e+03  1.166000e-03
  4.682470e+03  0.000000e+00
  4.561180e+03  0.000000e+00
  4.443030e+03  5.830000e-04
  4.327940e+03  5.830000e-04
  4.215830e+03  5.830000e-04
  4.106630e+03  0.000000e+00
  4.000250e+03  5.830000e-04
  3.896630e+03  5.830000e-04
  3.795700e+03  0.000000e+00
  3.697380e+03  1.166000e-03
  3.601600e+03  5.830000e-04
  3.508310e+03  2.332000e-03
  3.417430e+03  1.749000e-03
  3.328910e+03  1.166000e-03
  3.242680e+03  0.000000e+00
  3.158680e+03  5.830000e-04
  3.076860e+03  2.332000e-03
  2.997160e+03  2.332000e-03
  2.919530e+03  1.166000e-03
  2.843900e+03  4.081000e-03
  2.770230e+03  1.749000e-03
  2.698480e+03  2.332000e-03
  2.628580e+03  5.247000e-03
  2.560490e+03  2.915000e-03
  2.494160e+03  4.081000e-03
  2.429550e+03  5.830000e-03
  2.366620e+03  3.498000e-03
  2.305320e+03  4.081000e-03
  2.245600e+03  6.413000e-03
  2.187430e+03  6.413000e-03
  2.130770e+03  1.107700e-02
  2.075580e+03  1.049400e-02
  2.021810e+03  1.107700e-02
  1.969440e+03  8.745050e-03
  1.918430e+03  8.745000e-03
  1.868730e+03  5.830000e-03
  1.820330e+03  1.399205e-02
  1.773170e+03  1.399200e-02
  1.727240e+03  1.457505e-02
  1.682500e+03  1.865605e-02
  1.638920e+03  1.340900e-02
  1.596470e+03  1.923900e-02
  1.555110e+03  1.923910e-02
  1.514830e+03  2.390315e-02
  1.475590e+03  2.915020e-02
  1.437370e+03  2.740120e-02
  1.400140e+03  2.856720e-02
  1.363870e+03  3.031635e-02
  1.328540e+03  3.731245e-02
  1.294120e+03  4.664055e-02
  1.260600e+03  4.139345e-02
  1.227950e+03  4.722340e-02
  1.196140e+03  4.897245e-02
  1.165160e+03  6.354785e-02
  1.134980e+03  6.121580e-02
  1.105580e+03  6.296470e-02
  1.076940e+03  6.354785e-02
  1.049040e+03  8.045475e-02
  1.021870e+03  9.153160e-02
  9.953980e+02  8.162060e-02
  9.696140e+02  9.911085e-02
  9.444970e+02  1.160175e-01
  9.200320e+02  1.399200e-01
  8.962000e+02  1.504140e-01
  8.729850e+02  1.609080e-01
  8.503720e+02  1.690700e-01
  8.283450e+02  1.824790e-01
  8.068880e+02  2.285360e-01
  7.859870e+02  2.361150e-01
  7.656270e+02  2.611840e-01
  7.457950e+02  2.944150e-01
  7.264760e+02  3.410565e-01
  7.076580e+02  3.544660e-01
  6.893270e+02  4.220970e-01
  6.714710e+02  4.588285e-01
  6.540780e+02  4.996410e-01
  6.371350e+02  5.620220e-01
  6.206310e+02  6.179900e-01
  6.045550e+02  6.774560e-01
  5.888950e+02  7.649060e-01
  5.736410e+02  8.511900e-01
  5.587810e+02  9.526330e-01
  5.443070e+02  1.037175e+00
  5.302080e+02  1.125785e+00
  5.164740e+02  1.287280e+00
  5.030950e+02  1.420195e+00
  4.900630e+02  1.568285e+00
  4.773690e+02  1.686055e+00
  4.650040e+02  1.886025e+00
  4.529580e+02  2.107560e+00
  4.412250e+02  2.306375e+00
  4.297960e+02  2.536670e+00
  4.186630e+02  2.812430e+00
  4.078180e+02  3.069535e+00
  3.972540e+02  3.347040e+00
  3.869640e+02  3.756890e+00
  3.769400e+02  4.214560e+00
  3.671770e+02  4.541625e+00
  3.576650e+02  5.024350e+00
  3.484010e+02  5.542070e+00
  3.393760e+02  6.074360e+00
  3.305850e+02  6.628790e+00
  3.220220e+02  7.214130e+00
  3.136800e+02  7.844370e+00
  3.055550e+02  8.817406e+00
  2.976400e+02  9.335700e+00
  2.899300e+02  1.032635e+01
  2.824200e+02  1.144665e+01
  2.751040e+02  1.229210e+01
  2.679780e+02  1.356015e+01
  2.610370e+02  1.452740e+01
  2.542750e+02  1.585965e+01
  2.476890e+02  1.745760e+01
  2.412730e+02  1.893080e+01
  2.350230e+02  2.062505e+01
  2.289350e+02  2.240085e+01
  2.230050e+02  2.436740e+01
  2.172280e+02  2.625120e+01
  2.116010e+02  2.849610e+01
  2.061200e+02  3.063870e+01
  2.007810e+02  3.319180e+01
  1.955800e+02  3.562925e+01
  1.905140e+02  3.889430e+01
  1.855790e+02  4.189845e+01
  1.807720e+02  4.542560e+01
  1.760890e+02  4.859075e+01
  1.715280e+02  5.231680e+01
  1.670850e+02  5.565385e+01
  1.627570e+02  5.929710e+01
  1.585410e+02  6.313500e+01
  1.544340e+02  6.680215e+01
  1.504340e+02  7.020970e+01
  1.465370e+02  7.440981e+01
  1.427410e+02  7.816205e+01
  1.390440e+02  8.223250e+01
  1.354420e+02  8.613580e+01
  1.319340e+02  8.961585e+01
  1.285160e+02  9.376505e+01
  1.251870e+02  9.792896e+01
  1.219440e+02  1.016580e+02
  1.187850e+02  1.061500e+02
  1.157090e+02  1.102345e+02
  1.127110e+02  1.144705e+02
  1.097920e+02  1.187185e+02
  1.069480e+02  1.230025e+02
  1.041770e+02  1.274175e+02
  1.014790e+02  1.329975e+02
  9.885030e+01  1.373060e+02
  9.628970e+01  1.421550e+02
  9.379550e+01  1.468015e+02
  9.136590e+01  1.521250e+02
  8.899920e+01  1.569425e+02
  8.669380e+01  1.618805e+02
  8.444820e+01  1.672575e+02
  8.226070e+01  1.723135e+02
  8.012980e+01  1.779595e+02
  7.805420e+01  1.841540e+02
  7.603240e+01  1.896790e+02
  7.406290e+01  1.953800e+02
  7.214440e+01  2.007825e+02
  7.027560e+01  2.065500e+02
  6.845520e+01  2.120850e+02
  6.668200e+01  2.183955e+02
  6.495470e+01  2.224345e+02
  6.327220e+01  2.262255e+02
  6.163320e+01  2.278815e+02
  6.003670e+01  2.296995e+02
  5.848160e+01  2.294490e+02
  5.696670e+01  2.294410e+02
  5.549110e+01  2.294685e+02
  5.405370e+01  2.308785e+02
  5.265350e+01  2.325385e+02
  5.128960e+01  2.342240e+02
  4.996100e+01  2.353275e+02
  4.866690e+01  2.361070e+02
  4.740620e+01  2.356260e+02
  4.617830e+01  2.357165e+02
  4.498210e+01  2.329580e+02
  4.381690e+01  2.281345e+02
  4.268190e+01  2.236500e+02
  4.157630e+01  2.177480e+02
  4.049930e+01  2.114140e+02
  3.945030e+01  2.050975e+02
  3.842840e+01  1.990995e+02
  3.743290e+01  1.926130e+02
  3.646330e+01  1.864730e+02
  3.551880e+01  1.805620e+02
  3.459870e+01  1.749930e+02
  3.370250e+01  1.686415e+02
  3.282950e+01  1.638375e+02
  3.197910e+01  1.584720e+02
  3.115070e+01  1.525030e+02
  3.034380e+01  1.469000e+02
  2.955780e+01  1.416765e+02
  2.879220e+01  1.355395e+02
  2.804640e+01  1.304335e+02
  2.731990e+01  1.241860e+02
  2.661220e+01  1.187465e+02
  2.592290e+01  1.133065e+02
  2.525140e+01  1.080890e+02
  2.459730e+01  1.025710e+02
  2.396010e+01  9.694604e+01
  2.333950e+01  9.192970e+01
  2.273490e+01  8.630010e+01
  2.214600e+01  7.996809e+01
  2.157230e+01  7.395795e+01
  2.101350e+01  6.899380e+01
  2.046920e+01  6.328780e+01
  1.993900e+01  5.828490e+01
  1.942250e+01  5.367330e+01
  1.891940e+01  4.928860e+01
  1.842930e+01  4.665580e+01
  1.795200e+01  4.397035e+01
  1.748690e+01  4.264875e+01
  1.703400e+01  4.136430e+01
  1.659270e+01  4.073120e+01
  1.616290e+01  4.041055e+01
  1.574430e+01  3.980310e+01
  1.533640e+01  3.892445e+01
  1.493920e+01  3.866560e+01
  1.455220e+01  3.735850e+01
  1.417520e+01  3.490460e+01
  1.380800e+01  3.103870e+01
  1.345040e+01  2.658575e+01
  1.310200e+01  2.179505e+01
  1.276260e+01  1.734145e+01
  1.243200e+01  1.351055e+01
  1.211000e+01  1.025965e+01
  1.179630e+01  7.611155e+00
  1.149070e+01  5.696560e+00
  1.119310e+01  4.535220e+00
  1.090310e+01  3.668855e+00
  1.062070e+01  3.025805e+00
  1.034560e+01  2.390910e+00
  1.007760e+01  1.888935e+00
  9.816600e+00  1.547880e+00
  9.562300e+00  1.167190e+00
  9.314600e+00  1.228980e+00
  9.073300e+00  1.753095e+00
  8.838300e+00  2.669005e+00
  8.609300e+00  3.901485e+00
  8.386300e+00  5.974080e+00
  8.169100e+00  8.913010e+00
  7.957500e+00  1.277720e+01
  7.751400e+00  1.508410e+01
  7.550600e+00  1.839390e+01
  7.355000e+00  1.921350e+01
  7.164500e+00  1.847380e+01
  6.978900e+00  1.732750e+01
  6.798100e+00  1.616040e+01
  6.622000e+00  1.503750e+01
  6.450500e+00  1.402190e+01
  6.283400e+00  1.319750e+01
  6.120600e+00  1.203320e+01
  5.962100e+00  1.111215e+01
  5.807600e+00  1.090405e+01
  5.657200e+00  1.050465e+01
  5.510700e+00  1.014970e+01
  5.367900e+00  1.026900e+01
  5.228900e+00  9.156730e+00
  5.093400e+00  8.451270e+00
  4.961500e+00  7.536530e+00
  4.833000e+00  7.847280e+00
  4.707800e+00  8.415120e+00
  4.585800e+00  5.972340e+00
  4.467100e+00  5.159025e+00
  4.351300e+00  5.254640e+00
  4.238600e+00  5.034850e+00
  4.128800e+00  4.965460e+00
  4.021900e+00  1.101360e+01
  3.917700e+00  6.840430e+00
  3.816200e+00  3.552260e+00
  3.717400e+00  3.012985e+00
  3.621100e+00  2.838660e+00
  3.527300e+00  2.646275e+00
  3.435900e+00  2.252150e+00
  3.346900e+00  1.866205e+00
  3.260200e+00  1.447030e+00
  3.175800e+00  9.852870e-01
  3.093500e+00  5.532770e-01
  3.013400e+00  4.220990e-01
  2.935300e+00  5.171305e-01
  2.859300e+00  6.850350e-01
  2.785200e+00  9.940225e-01
  2.713100e+00  1.383475e+00
  2.642800e+00  1.331595e+00
  2.574300e+00  1.362495e+00
  2.507600e+00  1.165445e+00
  2.442700e+00  1.150850e+00
  2.379400e+00  1.077405e+00
  2.317800e+00  9.170690e-01
  2.257700e+00  8.546880e-01
  2.199300e+00  1.133370e+00
  2.142300e+00  7.672380e-01
  2.086800e+00  6.704600e-01
  2.032700e+00  6.978610e-01
  1.980100e+00  7.637400e-01
  1.928800e+00  5.206285e-01
  1.878800e+00  5.002225e-01
  1.830200e+00  5.223775e-01
  1.782800e+00  7.445010e-01
  1.736600e+00  5.118830e-01
  1.691600e+00  4.471690e-01
  1.647800e+00  4.209320e-01
  1.605100e+00  4.209325e-01
  1.563500e+00  3.463040e-01
  1.523000e+00  3.632110e-01
  1.483600e+00  3.264810e-01
  1.445100e+00  3.159865e-01
  1.407700e+00  3.078240e-01
  1.371200e+00  2.594355e-01
  1.335700e+00  2.454430e-01
  1.301100e+00  2.635165e-01
  1.267400e+00  2.297020e-01
  1.234600e+00  2.489410e-01
  1.202600e+00  2.454430e-01
  1.171500e+00  2.092970e-01
  1.141100e+00  2.355320e-01
  1.111600e+00  2.023010e-01
  1.082800e+00  1.865600e-01
  1.054700e+00  2.320340e-01
  1.027400e+00  2.034670e-01
  1.000800e+00  1.842280e-01
  9.749000e-01  1.935560e-01
  9.496000e-01  2.023010e-01
  9.250000e-01  2.285360e-01
  9.010000e-01  2.069650e-01
  8.777000e-01  1.859770e-01
  8.550000e-01  2.227060e-01
  8.328000e-01  1.964710e-01
  8.113000e-01  2.413620e-01
  7.902000e-01  2.273700e-01
  7.698000e-01  2.075480e-01
  7.498000e-01  2.227060e-01
  7.304000e-01  2.419450e-01
  7.115000e-01  2.011350e-01
  6.931000e-01  2.326170e-01
  6.751000e-01  2.495240e-01
  6.576000e-01  3.393080e-01
  6.406000e-01  2.850870e-01
  6.240000e-01  2.378640e-01
  6.078000e-01  3.643780e-01
  5.921000e-01  2.530220e-01
  5.767000e-01  1.836450e-01
  5.618000e-01  1.655720e-01
  5.472000e-01  1.743170e-01
  5.331000e-01  2.157100e-01
  5.193000e-01  3.130720e-01
  5.058000e-01  3.229830e-01
  4.927000e-01  1.842280e-01
  4.799000e-01  1.358390e-01
  4.675000e-01  1.340900e-01
  4.554000e-01  1.294260e-01
  4.436000e-01  1.288430e-01
  4.321000e-01  1.142680e-01
  4.209000e-01  1.119360e-01
  4.100000e-01  1.084385e-01
  3.994000e-01  1.632400e-01
  3.891000e-01  1.166000e-01
  3.790000e-01  1.131020e-01
  3.692000e-01  1.125190e-01
  3.596000e-01  9.153140e-02
  3.503000e-01  9.677871e-02
  3.412000e-01  7.928865e-02
  3.324000e-01  6.179875e-02
  3.238000e-01  5.363645e-02
  3.154000e-01  6.004985e-02
  3.072000e-01  5.480260e-02
  2.992000e-01  4.605760e-02
  2.915000e-01  3.906135e-02
  2.839000e-01  4.139350e-02
  2.766000e-01  5.188750e-02
  2.694000e-01  3.148235e-02
  2.624000e-01  2.973320e-02
  2.556000e-01  3.264830e-02
  2.490000e-01  2.215405e-02
  2.426000e-01  1.807300e-02
  2.363000e-01  1.515805e-02
  2.302000e-01  1.282605e-02
  2.242000e-01  9.911001e-03
  2.184000e-01  8.162000e-03
  2.127000e-01  8.162000e-03
  2.072000e-01  6.413000e-03
  2.019000e-01  6.996000e-03
  1.966000e-01  1.166000e-03
  1.915000e-01  4.081000e-03
  1.866000e-01  2.332000e-03
  1.817000e-01  2.915000e-03
  1.770000e-01  5.247000e-03
  1.725000e-01  2.332000e-03
  1.680000e-01  2.915000e-03
  1.636000e-01  2.332000e-03
  1.594000e-01  5.830000e-04
  1.553000e-01  2.915000e-03
  1.512000e-01  2.332000e-03
  1.473000e-01  5.830000e-04
  1.435000e-01  0.000000e+00
  1.398000e-01  2.915000e-03
  1.362000e-01  2.332000e-03
  1.326000e-01  5.830000e-04
  1.292000e-01  5.830000e-04
  1.259000e-01  1.166000e-03
  1.226000e-01  5.830000e-04
  1.194000e-01  3.498000e-03
  1.163000e-01  0.000000e+00
  1.133000e-01  1.166000e-03
  1.104000e-01  5.830000e-04
  1.075000e-01  1.166000e-03
  1.047000e-01  2.332000e-03
  1.020000e-01  5.830000e-04
  9.940000e-02  5.830000e-04
  9.680000e-02  5.830000e-04
  9.430000e-02  5.830000e-04
  9.190000e-02  5.830000e-04
  8.950000e-02  5.830000e-04
  8.720000e-02  5.830000e-04
  8.490000e-02  0.000000e+00
  8.270000e-02  1.166000e-03
  8.060000e-02  1.166000e-03
  7.850000e-02  0.000000e+00
  7.640000e-02  5.830000e-04
  7.450000e-02  1.166000e-03
  7.250000e-02  1.166000e-03
  7.070000e-02  5.830000e-04
  6.880000e-02  1.166000e-03
  6.700000e-02  1.166000e-03
  6.530000e-02  0.000000e+00
  6.360000e-02  5.830000e-04
  6.200000e-02  5.830000e-04
  6.040000e-02  5.830000e-04
  5.880000e-02  0.000000e+00
  5.730000e-02  0.000000e+00
  5.580000e-02  0.000000e+00
  5.430000e-02  0.000000e+00
  5.290000e-02  0.000000e+00
  5.160000e-02  5.830000e-04
  5.020000e-02  0.000000e+00
  4.890000e-02  0.000000e+00
  4.770000e-02  0.000000e+00
  4.640000e-02  5.830000e-04
  4.520000e-02  0.000000e+00
  4.410000e-02  0.000000e+00
  4.290000e-02  5.830000e-04
  4.180000e-02  0.000000e+00
  4.070000e-02  5.830000e-04
  3.970000e-02  5.830000e-04
  3.860000e-02  0.000000e+00
  3.760000e-02  0.000000e+00
  3.670000e-02  0.000000e+00
  3.570000e-02  0.000000e+00
  3.480000e-02  0.000000e+00
  3.390000e-02  0.000000e+00
  3.300000e-02  1.166000e-03
  3.220000e-02  0.000000e+00
  3.130000e-02  5.830000e-04
  3.050000e-02  0.000000e+00
  2.970000e-02  0.000000e+00
  2.890000e-02  0.000000e+00
  2.820000e-02  5.830000e-04
  2.750000e-02  0.000000e+00
  2.680000e-02  0.000000e+00
  2.610000e-02  0.000000e+00
  2.540000e-02  0.000000e+00
  2.470000e-02  0.000000e+00
  2.410000e-02  0.000000e+00
  2.350000e-02  0.000000e+00
  2.290000e-02  0.000000e+00
  2.230000e-02  0.000000e+00
  2.170000e-02  0.000000e+00
  2.110000e-02  0.000000e+00
  2.060000e-02  0.000000e+00
  2.000000e-02  0.000000e+00
  1.950000e-02  0.000000e+00
  1.900000e-02  0.000000e+00
  1.850000e-02  0.000000e+00
  1.800000e-02  0.000000e+00
  1.760000e-02  0.000000e+00
  1.710000e-02  0.000000e+00
  1.670000e-02  0.000000e+00
  1.630000e-02  0.000000e+00
  1.580000e-02  0.000000e+00
  1.540000e-02  0.000000e+00
  1.500000e-02  0.000000e+00
  1.460000e-02  0.000000e+00
  1.430000e-02  0.000000e+00
  1.390000e-02  0.000000e+00
  1.350000e-02  0.000000e+00
  1.320000e-02  0.000000e+00
  1.280000e-02  0.000000e+00
  1.250000e-02  0.000000e+00
  1.220000e-02  0.000000e+00
  1.190000e-02  0.000000e+00
  1.160000e-02  0.000000e+00
  1.130000e-02  0.000000e+00
  1.100000e-02  0.000000e+00
  1.070000e-02  0.000000e+00
  1.040000e-02  0.000000e+00
  1.010000e-02  0.000000e+00
