  4.934820e+03  6.410250e-03
  4.806990e+03  0.000000e+00
  4.682470e+03  9.157500e-04
  4.561180e+03  0.000000e+00
  4.443030e+03  0.000000e+00
  4.327940e+03  0.000000e+00
  4.215830e+03  2.747250e-03
  4.106630e+03  0.000000e+00
  4.000250e+03  1.831500e-03
  3.896630e+03  1.831500e-03
  3.795700e+03  3.663000e-03
  3.697380e+03  1.831500e-03
  3.601600e+03  1.831500e-03
  3.508310e+03  1.831500e-03
  3.417430e+03  9.157500e-04
  3.328910e+03  1.831500e-03
  3.242680e+03  1.831500e-03
  3.158680e+03  1.831500e-03
  3.076860e+03  9.157500e-04
  2.997160e+03  2.747250e-03
  2.919530e+03  5.494500e-03
  2.843900e+03  2.747250e-03
  2.770230e+03  9.157500e-04
  2.698480e+03  3.663000e-03
  2.628580e+03  3.663000e-03
  2.560490e+03  3.663000e-03
  2.494160e+03  6.410250e-03
  2.429550e+03  7.326050e-03
  2.366620e+03  3.663000e-03
  2.305320e+03  5.494500e-03
  2.245600e+03  6.410250e-03
  2.187430e+03  1.190475e-02
  2.130770e+03  1.098900e-02
  2.075580e+03  1.190475e-02
  2.021810e+03  1.465205e-02
  1.969440e+03  4.578750e-03
  1.918430e+03  1.190475e-02
  1.868730e+03  8.241750e-03
  1.820330e+03  1.373625e-02
  1.773170e+03  1.373625e-02
  1.727240e+03  1.007325e-02
  1.682500e+03  2.747260e-02
  1.638920e+03  2.106225e-02
  1.596470e+03  2.289380e-02
  1.555110e+03  2.106230e-02
  1.514830e+03  2.014650e-02
  1.475590e+03  3.113555e-02
  1.437370e+03  2.838830e-02
  1.400140e+03  3.479860e-02
  1.363870e+03  4.487190e-02
  1.328540e+03  3.937740e-02
  1.294120e+03  4.304050e-02
  1.260600e+03  4.029310e-02
  1.227950e+03  5.860815e-02
  1.196140e+03  6.959775e-02
  1.165160e+03  6.593464e-02
  1.134980e+03  5.952440e-02
  1.105580e+03  9.157605e-02
  1.076940e+03  8.699795e-02
  1.049040e+03  9.523920e-02
  1.021870e+03  9.157610e-02
  9.953980e+02  1.153865e-01
  9.696140e+02  1.300390e-01
  9.444970e+02  1.282070e-01
  9.200320e+02  1.657530e-01
  8.962000e+02  1.657540e-01
  8.729850e+02  2.142880e-01
  8.503720e+02  2.518330e-01
  8.283450e+02  2.179505e-01
  8.068880e+02  2.454245e-01
  7.859870e+02  3.067780e-01
  7.656270e+02  3.095250e-01
  7.457950e+02  3.644710e-01
  7.264760e+02  4.249100e-01
  7.076580e+02  4.212475e-01
  6.893270e+02  5.247285e-01
  6.714710e+02  5.824225e-01
  6.540780e+02  6.218010e-01
  6.371350e+02  7.097135e-01
  6.206310e+02  7.967085e-01
  6.045550e+02  8.910365e-01
  5.888950e+02  9.881010e-01
  5.736410e+02  1.109895e+00
  5.587810e+02  1.226200e+00
  5.443070e+02  1.369970e+00
  5.302080e+02  1.565020e+00
  5.164740e+02  1.706980e+00
  5.030950e+02  1.913025e+00
  4.900630e+02  2.101655e+00
  4.773690e+02  2.386475e+00
  4.650040e+02  2.732620e+00
  4.529580e+02  2.929510e+00
  4.412250e+02  3.269250e+00
  4.297960e+02  3.645630e+00
  4.186630e+02  4.044905e+00
  4.078180e+02  4.411210e+00
  3.972540e+02  4.920365e+00
  3.869640e+02  5.495465e+00
  3.769400e+02  6.190525e+00
  3.671770e+02  6.921300e+00
  3.576650e+02  7.551360e+00
  3.484010e+02  8.335236e+00
  3.393760e+02  9.473515e+00
  3.305850e+02  1.027575e+01
  3.220220e+02  1.105415e+01
  3.136800e+02  1.240760e+01
  3.055550e+02  1.345975e+01
  2.976400e+02  1.475110e+01
  2.899300e+02  1.646170e+01
  2.824200e+02  1.806790e+01
  2.751040e+02  2.012465e+01
  2.679780e+02  2.208990e+01
  2.610370e+02  2.399375e+01
  2.542750e+02  2.633450e+01
  2.476890e+02  2.900575e+01
  2.412730e+02  3.226210e+01
  2.350230e+02  3.506795e+01
  2.289350e+02  3.823560e+01
  2.230050e+02  4.209925e+01
  2.172280e+02  4.633825e+01
  2.116010e+02  5.013130e+01
  2.061200e+02  5.463685e+01
  2.007810e+02  5.967810e+01
  1.955800e+02  6.476315e+01
  1.905140e+02  7.174870e+01
  1.855790e+02  7.774146e+01
  1.807720e+02  8.507295e+01
  1.760890e+02  9.258225e+01
  1.715280e+02  1.000318e+02
  1.670850e+02  1.078020e+02
  1.627570e+02  1.160560e+02
  1.585410e+02  1.246640e+02
  1.544340e+02  1.325645e+02
  1.504340e+02  1.421535e+02
  1.465370e+02  1.521550e+02
  1.427410e+02  1.615125e+02
  1.390440e+02  1.710040e+02
  1.354420e+02  1.816490e+02
  1.319340e+02  1.917080e+02
  1.285160e+02  2.023875e+02
  1.251870e+02  2.123280e+02
  1.219440e+02  2.230780e+02
  1.187850e+02  2.327280e+02
  1.157090e+02  2.443040e+02
  1.127110e+02  2.555820e+02
  1.097920e+02  2.667625e+02
  1.069480e+02  2.789185e+02
  1.041770e+02  2.905335e+02
  1.014790e+02  3.035920e+02
  9.885030e+01  3.156060e+02
  9.628970e+01  3.274120e+02
  9.379550e+01  3.398565e+02
  9.136590e+01  3.514665e+02
  8.899920e+01  3.633460e+02
  8.669380e+01  3.759030e+02
  8.444820e+01  3.871100e+02
  8.226070e+01  3.966385e+02
  8.012980e+01  4.072880e+02
  7.805420e+01  4.174080e+02
  7.603240e+01  4.276890e+02
  7.406290e+01  4.369845e+02
  7.214440e+01  4.441895e+02
  7.027560e+01  4.496910e+02
  6.845520e+01  4.550120e+02
  6.668200e+01  4.602005e+02
  6.495470e+01  4.607940e+02
  6.327220e+01  4.592365e+02
  6.163320e+01  4.547725e+02
  6.003670e+01  4.486965e+02
  5.848160e+01  4.410340e+02
  5.696670e+01  4.327085e+02
  5.549110e+01  4.252845e+02
  5.405370e+01  4.155060e+02
  5.265350e+01  4.044300e+02
  5.128960e+01  3.938085e+02
  4.996100e+01  3.801225e+02
  4.866690e+01  3.639555e+02
  4.740620e+01  3.454255e+02
  4.617830e+01  3.272215e+02
  4.498210e+01  3.055305e+02
  4.381690e+01  2.918655e+02
  4.268190e+01  2.764395e+02
  4.157630e+01  2.609635e+02
  4.049930e+01  2.467465e+02
  3.945030e+01  2.338315e+02
  3.842840e+01  2.222165e+02
  3.743290e+01  2.121890e+02
  3.646330e+01  2.019025e+02
  3.551880e+01  1.907380e+02
  3.459870e+01  1.811675e+02
  3.370250e+01  1.698510e+02
  3.282950e+01  1.592075e+02
  3.197910e+01  1.484430e+02
  3.115070e+01  1.390410e+02
  3.034380e+01  1.302285e+02
  2.955780e+01  1.205995e+02
  2.879220e+01  1.107125e+02
  2.804640e+01  1.016405e+02
  2.731990e+01  9.286790e+01
  2.661220e+01  8.500700e+01
  2.592290e+01  7.724600e+01
  2.525140e+01  6.889610e+01
  2.459730e+01  6.222390e+01
  2.396010e+01  5.545280e+01
  2.333950e+01  4.903620e+01
  2.273490e+01  4.258000e+01
  2.214600e+01  3.699660e+01
  2.157230e+01  3.128790e+01
  2.101350e+01  2.701200e+01
  2.046920e+01  2.269890e+01
  1.993900e+01  1.874920e+01
  1.942250e+01  1.565220e+01
  1.891940e+01  1.362010e+01
  1.842930e+01  1.213205e+01
  1.795200e+01  1.134725e+01
  1.748690e+01  1.127855e+01
  1.703400e+01  1.122535e+01
  1.659270e+01  1.137825e+01
  1.616290e+01  1.203030e+01
  1.574430e+01  1.251480e+01
  1.533640e+01  1.289210e+01
  1.493920e+01  1.315310e+01
  1.455220e+01  1.274730e+01
  1.417520e+01  1.083240e+01
  1.380800e+01  8.822411e+00
  1.345040e+01  6.028435e+00
  1.310200e+01  3.976220e+00
  1.276260e+01  2.379140e+00
  1.243200e+01  1.446905e+00
  1.211000e+01  8.727180e-01
  1.179630e+01  5.009195e-01
  1.149070e+01  2.994530e-01
  1.119310e+01  2.042145e-01
  1.090310e+01  1.547645e-01
  1.062070e+01  1.153860e-01
  1.034560e+01  7.142870e-02
  1.007760e+01  6.227130e-02
  9.816600e+00  4.670355e-02
  9.562300e+00  3.846160e-02
  9.314600e+00  4.212465e-02
  9.073300e+00  6.593440e-02
  8.838300e+00  1.254600e-01
  8.609300e+00  1.657525e-01
  8.386300e+00  3.543970e-01
  8.169100e+00  6.401160e-01
  7.957500e+00  1.241775e+00
  7.751400e+00  1.800380e+00
  7.550600e+00  2.812290e+00
  7.355000e+00  2.967055e+00
  7.164500e+00  2.775665e+00
  6.978900e+00  2.530230e+00
  6.798100e+00  2.242690e+00
  6.622000e+00  1.981705e+00
  6.450500e+00  1.739015e+00
  6.283400e+00  1.536640e+00
  6.120600e+00  1.394685e+00
  5.962100e+00  1.307705e+00
  5.807600e+00  1.262825e+00
  5.657200e+00  1.293060e+00
  5.510700e+00  1.285720e+00
  5.367900e+00  1.270145e+00
  5.228900e+00  1.191395e+00
  5.093400e+00  1.059526e+00
  4.961500e+00  9.771190e-01
  4.833000e+00  1.055865e+00
  4.707800e+00  1.119065e+00
  4.585800e+00  7.884680e-01
  4.467100e+00  7.261965e-01
  4.351300e+00  6.932270e-01
  4.238600e+00  6.987250e-01
  4.128800e+00  7.545860e-01
  4.021900e+00  1.688655e+00
  3.917700e+00  1.182250e+00
  3.816200e+00  5.796755e-01
  3.717400e+00  5.576950e-01
  3.621100e+00  5.073305e-01
  3.527300e+00  4.359000e-01
  3.435900e+00  4.423100e-01
  3.346900e+00  3.983535e-01
  3.260200e+00  3.250930e-01
  3.175800e+00  2.701500e-01
  3.093500e+00  2.133720e-01
  3.013400e+00  1.483545e-01
  2.935300e+00  1.996355e-01
  2.859300e+00  2.042145e-01
  2.785200e+00  2.793055e-01
  2.713100e+00  3.891965e-01
  2.642800e+00  3.882800e-01
  2.574300e+00  4.597090e-01
  2.507600e+00  4.175845e-01
  2.442700e+00  3.461555e-01
  2.379400e+00  4.285740e-01
  2.317800e+00  3.589760e-01
  2.257700e+00  3.360825e-01
  2.199300e+00  5.503700e-01
  2.142300e+00  3.177680e-01
  2.086800e+00  3.397455e-01
  2.032700e+00  3.580610e-01
  1.980100e+00  3.727130e-01
  1.928800e+00  3.150200e-01
  1.878800e+00  3.406610e-01
  1.830200e+00  3.479870e-01
  1.782800e+00  3.104420e-01
  1.736600e+00  3.525665e-01
  1.691600e+00  3.241775e-01
  1.647800e+00  3.232625e-01
  1.605100e+00  3.397460e-01
  1.563500e+00  2.884625e-01
  1.523000e+00  3.443250e-01
  1.483600e+00  3.717960e-01
  1.445100e+00  3.122735e-01
  1.407700e+00  3.067775e-01
  1.371200e+00  3.195990e-01
  1.335700e+00  3.379145e-01
  1.301100e+00  3.589765e-01
  1.267400e+00  2.967060e-01
  1.234600e+00  3.122740e-01
  1.202600e+00  3.635555e-01
  1.171500e+00  3.287570e-01
  1.141100e+00  3.946910e-01
  1.111600e+00  3.260100e-01
  1.082800e+00  3.324190e-01
  1.054700e+00  4.249110e-01
  1.027400e+00  3.727135e-01
  1.000800e+00  3.791235e-01
  9.749000e-01  3.791225e-01
  9.496000e-01  4.349845e-01
  9.250000e-01  4.468900e-01
  9.010000e-01  3.690500e-01
  8.777000e-01  4.478040e-01
  8.550000e-01  4.752755e-01
  8.328000e-01  4.276580e-01
  8.113000e-01  5.100770e-01
  7.902000e-01  4.935925e-01
  7.698000e-01  4.853515e-01
  7.498000e-01  5.714340e-01
  7.304000e-01  5.320555e-01
  7.115000e-01  5.027505e-01
  6.931000e-01  5.228975e-01
  6.751000e-01  5.146550e-01
  6.576000e-01  5.750960e-01
  6.406000e-01  5.650225e-01
  6.240000e-01  6.675885e-01
  6.078000e-01  9.423110e-01
  5.921000e-01  7.545855e-01
  5.767000e-01  4.679510e-01
  5.618000e-01  4.835190e-01
  5.472000e-01  4.670365e-01
  5.331000e-01  5.851700e-01
  5.193000e-01  8.782065e-01
  5.058000e-01  1.013748e+00
  4.927000e-01  5.714340e-01
  4.799000e-01  3.800385e-01
  4.675000e-01  3.571450e-01
  4.554000e-01  3.663010e-01
  4.436000e-01  4.212480e-01
  4.321000e-01  3.351670e-01
  4.209000e-01  3.104420e-01
  4.100000e-01  2.738115e-01
  3.994000e-01  4.285735e-01
  3.891000e-01  3.031175e-01
  3.790000e-01  2.683180e-01
  3.692000e-01  2.472545e-01
  3.596000e-01  2.509185e-01
  3.503000e-01  2.032985e-01
  3.412000e-01  2.142885e-01
  3.324000e-01  1.858995e-01
  3.238000e-01  1.520160e-01
  3.154000e-01  1.217965e-01
  3.072000e-01  1.089765e-01
  2.992000e-01  1.126390e-01
  2.915000e-01  9.523925e-02
  2.839000e-01  7.326075e-02
  2.766000e-01  8.791345e-02
  2.694000e-01  8.791335e-02
  2.624000e-01  5.952430e-02
  2.556000e-01  4.853510e-02
  2.490000e-01  4.304050e-02
  2.426000e-01  4.304045e-02
  2.363000e-01  4.304035e-02
  2.302000e-01  2.930410e-02
  2.242000e-01  3.021990e-02
  2.184000e-01  2.014650e-02
  2.127000e-01  2.197800e-02
  2.072000e-01  1.831500e-02
  2.019000e-01  1.465200e-02
  1.966000e-01  1.465200e-02
  1.915000e-01  7.326000e-03
  1.866000e-01  1.098900e-02
  1.817000e-01  9.157500e-03
  1.770000e-01  9.157500e-03
  1.725000e-01  7.326000e-03
  1.680000e-01  1.465200e-02
  1.636000e-01  3.663000e-03
  1.594000e-01  6.410250e-03
  1.553000e-01  4.578750e-03
  1.512000e-01  4.578750e-03
  1.473000e-01  3.663000e-03
  1.435000e-01  1.098900e-02
  1.398000e-01  1.007325e-02
  1.362000e-01  7.326000e-03
  1.326000e-01  4.578750e-03
  1.292000e-01  6.410250e-03
  1.259000e-01  6.410250e-03
  1.226000e-01  3.663000e-03
  1.194000e-01  5.494500e-03
  1.163000e-01  8.241750e-03
  1.133000e-01  5.494500e-03
  1.104000e-01  5.494500e-03
  1.075000e-01  1.831500e-03
  1.047000e-01  5.494500e-03
  1.020000e-01  8.241750e-03
  9.940000e-02  1.831500e-03
  9.680000e-02  1.098900e-02
  9.430000e-02  5.494500e-03
  9.190000e-02  2.747250e-03
  8.950000e-02  7.326000e-03
  8.720000e-02  4.578750e-03
  8.490000e-02  2.747250e-03
  8.270000e-02  5.494500e-03
  8.060000e-02  7.326000e-03
  7.850000e-02  3.663000e-03
  7.640000e-02  8.241750e-03
  7.450000e-02  5.494500e-03
  7.250000e-02  1.831500e-03
  7.070000e-02  3.663000e-03
  6.880000e-02  5.494500e-03
  6.700000e-02  2.747250e-03
  6.530000e-02  2.747250e-03
  6.360000e-02  0.000000e+00
  6.200000e-02  1.831500e-03
  6.040000e-02  5.494500e-03
  5.880000e-02  1.831500e-03
  5.730000e-02  2.747250e-03
  5.580000e-02  1.831500e-03
  5.430000e-02  9.157500e-04
  5.290000e-02  9.157500e-04
  5.160000e-02  1.831500e-03
  5.020000e-02  9.157500e-04
  4.890000e-02  2.747250e-03
  4.770000e-02  9.157500e-04
  4.640000e-02  9.157500e-04
  4.520000e-02  9.157500e-04
  4.410000e-02  9.157500e-04
  4.290000e-02  0.000000e+00
  4.180000e-02  3.663000e-03
  4.070000e-02  1.831500e-03
  3.970000e-02  9.157500e-04
  3.860000e-02  0.000000e+00
  3.760000e-02  9.157500e-04
  3.670000e-02  9.157500e-04
  3.570000e-02  0.000000e+00
  3.480000e-02  0.000000e+00
  3.390000e-02  9.157500e-04
  3.300000e-02  9.157500e-04
  3.220000e-02  9.157500e-04
  3.130000e-02  9.157500e-04
  3.050000e-02  0.000000e+00
  2.970000e-02  0.000000e+00
  2.890000e-02  9.157500e-04
  2.820000e-02  0.000000e+00
  2.750000e-02  9.157500e-04
  2.680000e-02  0.000000e+00
  2.610000e-02  0.000000e+00
  2.540000e-02  0.000000e+00
  2.470000e-02  9.157500e-04
  2.410000e-02  0.000000e+00
  2.350000e-02  0.000000e+00
  2.290000e-02  0.000000e+00
  2.230000e-02  0.000000e+00
  2.170000e-02  0.000000e+00
  2.110000e-02  0.000000e+00
  2.060000e-02  0.000000e+00
  2.000000e-02  0.000000e+00
  1.950000e-02  9.157500e-04
  1.900000e-02  0.000000e+00
  1.850000e-02  0.000000e+00
  1.800000e-02  0.000000e+00
  1.760000e-02  0.000000e+00
  1.710000e-02  0.000000e+00
  1.670000e-02  0.000000e+00
  1.630000e-02  0.000000e+00
  1.580000e-02  0.000000e+00
  1.540000e-02  0.000000e+00
  1.500000e-02  0.000000e+00
  1.460000e-02  0.000000e+00
  1.430000e-02  0.000000e+00
  1.390000e-02  0.000000e+00
  1.350000e-02  0.000000e+00
  1.320000e-02  0.000000e+00
  1.280000e-02  0.000000e+00
  1.250000e-02  0.000000e+00
  1.220000e-02  0.000000e+00
  1.190000e-02  0.000000e+00
  1.160000e-02  0.000000e+00
  1.130000e-02  0.000000e+00
  1.100000e-02  0.000000e+00
  1.070000e-02  0.000000e+00
  1.040000e-02  0.000000e+00
  1.010000e-02  0.000000e+00
