  4.934820e+03  4.214225e-03
  4.806990e+03  0.000000e+00
  4.682470e+03  3.241650e-04
  4.561180e+03  9.724951e-04
  4.443030e+03  3.241650e-04
  4.327940e+03  3.241650e-04
  4.215830e+03  0.000000e+00
  4.106630e+03  0.000000e+00
  4.000250e+03  0.000000e+00
  3.896630e+03  3.241650e-04
  3.795700e+03  0.000000e+00
  3.697380e+03  6.483300e-04
  3.601600e+03  0.000000e+00
  3.508310e+03  6.483300e-04
  3.417430e+03  9.724951e-04
  3.328910e+03  9.724951e-04
  3.242680e+03  9.724951e-04
  3.158680e+03  9.724951e-04
  3.076860e+03  2.593340e-03
  2.997160e+03  6.483300e-04
  2.919530e+03  3.241690e-03
  2.843900e+03  1.620845e-03
  2.770230e+03  3.241690e-03
  2.698480e+03  3.241650e-03
  2.628580e+03  2.593340e-03
  2.560490e+03  2.593360e-03
  2.494160e+03  2.593320e-03
  2.429550e+03  3.565855e-03
  2.366620e+03  2.917545e-03
  2.305320e+03  5.186705e-03
  2.245600e+03  4.538390e-03
  2.187430e+03  5.186685e-03
  2.130770e+03  4.862575e-03
  2.075580e+03  4.538370e-03
  2.021810e+03  7.131780e-03
  1.969440e+03  5.510890e-03
  1.918430e+03  7.131745e-03
  1.868730e+03  7.780070e-03
  1.820330e+03  9.725095e-03
  1.773170e+03  1.523585e-02
  1.727240e+03  1.815330e-02
  1.682500e+03  9.400880e-03
  1.638920e+03  1.750490e-02
  1.596470e+03  1.782920e-02
  1.555110e+03  2.236730e-02
  1.514830e+03  2.139495e-02
  1.475590e+03  2.722980e-02
  1.437370e+03  2.496070e-02
  1.400140e+03  3.176800e-02
  1.363870e+03  3.176815e-02
  1.328540e+03  4.052055e-02
  1.294120e+03  3.338885e-02
  1.260600e+03  3.889965e-02
  1.227950e+03  5.381120e-02
  1.196140e+03  4.603135e-02
  1.165160e+03  5.381135e-02
  1.134980e+03  6.126730e-02
  1.105580e+03  6.904665e-02
  1.076940e+03  6.937090e-02
  1.049040e+03  8.882110e-02
  1.021870e+03  9.303585e-02
  9.953980e+02  1.066510e-01
  9.696140e+02  1.115130e-01
  9.444970e+02  1.257765e-01
  9.200320e+02  1.380940e-01
  8.962000e+02  1.701880e-01
  8.729850e+02  1.786155e-01
  8.503720e+02  2.133025e-01
  8.283450e+02  2.372880e-01
  8.068880e+02  2.719725e-01
  7.859870e+02  2.813735e-01
  7.656270e+02  3.397235e-01
  7.457950e+02  3.688985e-01
  7.264760e+02  4.013160e-01
  7.076580e+02  4.638795e-01
  6.893270e+02  5.031040e-01
  6.714710e+02  6.087810e-01
  6.540780e+02  6.376325e-01
  6.371350e+02  7.245080e-01
  6.206310e+02  8.068445e-01
  6.045550e+02  8.914500e-01
  5.888950e+02  1.034725e+00
  5.736410e+02  1.136515e+00
  5.587810e+02  1.240570e+00
  5.443070e+02  1.401695e+00
  5.302080e+02  1.595550e+00
  5.164740e+02  1.702835e+00
  5.030950e+02  1.896690e+00
  4.900630e+02  2.123610e+00
  4.773690e+02  2.321675e+00
  4.650040e+02  2.653925e+00
  4.529580e+02  2.968700e+00
  4.412250e+02  3.317170e+00
  4.297960e+02  3.662735e+00
  4.186630e+02  4.061455e+00
  4.078180e+02  4.431980e+00
  3.972540e+02  4.948695e+00
  3.869640e+02  5.539960e+00
  3.769400e+02  6.152970e+00
  3.671770e+02  6.755595e+00
  3.576650e+02  7.606195e+00
  3.484010e+02  8.351770e+00
  3.393760e+02  9.147935e+00
  3.305850e+02  1.009840e+01
  3.220220e+02  1.104795e+01
  3.136800e+02  1.214395e+01
  3.055550e+02  1.335810e+01
  2.976400e+02  1.474560e+01
  2.899300e+02  1.618560e+01
  2.824200e+02  1.782720e+01
  2.751040e+02  1.946385e+01
  2.679780e+02  2.133710e+01
  2.610370e+02  2.320880e+01
  2.542750e+02  2.546440e+01
  2.476890e+02  2.808330e+01
  2.412730e+02  3.054830e+01
  2.350230e+02  3.363730e+01
  2.289350e+02  3.654080e+01
  2.230050e+02  3.994975e+01
  2.172280e+02  4.351185e+01
  2.116010e+02  4.691080e+01
  2.061200e+02  5.076810e+01
  2.007810e+02  5.516690e+01
  1.955800e+02  5.980030e+01
  1.905140e+02  6.571796e+01
  1.855790e+02  7.120035e+01
  1.807720e+02  7.706030e+01
  1.760890e+02  8.330385e+01
  1.715280e+02  8.971965e+01
  1.670850e+02  9.612940e+01
  1.627570e+02  1.028120e+02
  1.585410e+02  1.094255e+02
  1.544340e+02  1.162195e+02
  1.504340e+02  1.232845e+02
  1.465370e+02  1.305250e+02
  1.427410e+02  1.380780e+02
  1.390440e+02  1.456545e+02
  1.354420e+02  1.527925e+02
  1.319340e+02  1.598325e+02
  1.285160e+02  1.671640e+02
  1.251870e+02  1.748070e+02
  1.219440e+02  1.820315e+02
  1.187850e+02  1.893545e+02
  1.157090e+02  1.970845e+02
  1.127110e+02  2.046555e+02
  1.097920e+02  2.123255e+02
  1.069480e+02  2.200600e+02
  1.041770e+02  2.275040e+02
  1.014790e+02  2.349895e+02
  9.885030e+01  2.417085e+02
  9.628970e+01  2.490260e+02
  9.379550e+01  2.557855e+02
  9.136590e+01  2.621535e+02
  8.899920e+01  2.681215e+02
  8.669380e+01  2.734435e+02
  8.444820e+01  2.788815e+02
  8.226070e+01  2.831105e+02
  8.012980e+01  2.876830e+02
  7.805420e+01  2.908930e+02
  7.603240e+01  2.930045e+02
  7.406290e+01  2.944270e+02
  7.214440e+01  2.937910e+02
  7.027560e+01  2.931155e+02
  6.845520e+01  2.910080e+02
  6.668200e+01  2.873875e+02
  6.495470e+01  2.816140e+02
  6.327220e+01  2.756860e+02
  6.163320e+01  2.677745e+02
  6.003670e+01  2.587800e+02
  5.848160e+01  2.507965e+02
  5.696670e+01  2.406855e+02
  5.549110e+01  2.324475e+02
  5.405370e+01  2.210990e+02
  5.265350e+01  2.088955e+02
  5.128960e+01  1.963305e+02
  4.996100e+01  1.826840e+02
  4.866690e+01  1.679470e+02
  4.740620e+01  1.526830e+02
  4.617830e+01  1.372335e+02
  4.498210e+01  1.226560e+02
  4.381690e+01  1.139965e+02
  4.268190e+01  1.049775e+02
  4.157630e+01  9.758675e+01
  4.049930e+01  8.946460e+01
  3.945030e+01  8.331420e+01
  3.842840e+01  7.812920e+01
  3.743290e+01  7.327119e+01
  3.646330e+01  6.915685e+01
  3.551880e+01  6.490050e+01
  3.459870e+01  6.025935e+01
  3.370250e+01  5.526390e+01
  3.282950e+01  5.103290e+01
  3.197910e+01  4.658110e+01
  3.115070e+01  4.235080e+01
  3.034380e+01  3.862085e+01
  2.955780e+01  3.465865e+01
  2.879220e+01  3.099300e+01
  2.804640e+01  2.777125e+01
  2.731990e+01  2.440610e+01
  2.661220e+01  2.136590e+01
  2.592290e+01  1.871440e+01
  2.525140e+01  1.599645e+01
  2.459730e+01  1.375680e+01
  2.396010e+01  1.155110e+01
  2.333950e+01  9.711651e+00
  2.273490e+01  7.927115e+00
  2.214600e+01  6.530295e+00
  2.157230e+01  5.102335e+00
  2.101350e+01  3.919160e+00
  2.046920e+01  3.068540e+00
  1.993900e+01  2.316485e+00
  1.942250e+01  1.840595e+00
  1.891940e+01  1.478195e+00
  1.842930e+01  1.326795e+00
  1.795200e+01  1.221775e+00
  1.748690e+01  1.225675e+00
  1.703400e+01  1.269430e+00
  1.659270e+01  1.430865e+00
  1.616290e+01  1.628930e+00
  1.574430e+01  1.841580e+00
  1.533640e+01  2.025705e+00
  1.493920e+01  2.234800e+00
  1.455220e+01  2.234805e+00
  1.417520e+01  1.913220e+00
  1.380800e+01  1.318065e+00
  1.345040e+01  7.585440e-01
  1.310200e+01  3.776510e-01
  1.276260e+01  1.857470e-01
  1.243200e+01  8.590350e-02
  1.211000e+01  3.825125e-02
  1.179630e+01  1.847735e-02
  1.149070e+01  1.037330e-02
  1.119310e+01  5.835055e-03
  1.090310e+01  4.538350e-03
  1.062070e+01  3.565835e-03
  1.034560e+01  4.214205e-03
  1.007760e+01  4.214165e-03
  9.816600e+00  4.862575e-03
  9.562300e+00  1.944990e-03
  9.314600e+00  3.241690e-03
  9.073300e+00  3.565820e-03
  8.838300e+00  4.862535e-03
  8.609300e+00  1.199410e-02
  8.386300e+00  2.139495e-02
  8.169100e+00  4.830060e-02
  7.957500e+00  1.225340e-01
  7.751400e+00  2.084375e-01
  7.550600e+00  3.912660e-01
  7.355000e+00  4.321105e-01
  7.164500e+00  3.637110e-01
  6.978900e+00  3.111970e-01
  6.798100e+00  2.583585e-01
  6.622000e+00  2.233500e-01
  6.450500e+00  1.763465e-01
  6.283400e+00  1.552740e-01
  6.120600e+00  1.238320e-01
  5.962100e+00  1.212380e-01
  5.807600e+00  1.290165e-01
  5.657200e+00  1.241560e-01
  5.510700e+00  1.209135e-01
  5.367900e+00  1.089190e-01
  5.228900e+00  9.303555e-02
  5.093400e+00  9.660110e-02
  4.961500e+00  9.141425e-02
  4.833000e+00  9.303460e-02
  4.707800e+00  9.822226e-02
  4.585800e+00  7.877230e-02
  4.467100e+00  8.168950e-02
  4.351300e+00  7.390985e-02
  4.238600e+00  6.872265e-02
  4.128800e+00  7.423380e-02
  4.021900e+00  1.228590e-01
  3.917700e+00  7.812370e-02
  3.816200e+00  5.219045e-02
  3.717400e+00  5.770120e-02
  3.621100e+00  5.608035e-02
  3.527300e+00  4.473440e-02
  3.435900e+00  4.927295e-02
  3.346900e+00  4.538320e-02
  3.260200e+00  3.954800e-02
  3.175800e+00  3.176815e-02
  3.093500e+00  2.431225e-02
  3.013400e+00  2.301565e-02
  2.935300e+00  2.333980e-02
  2.859300e+00  3.144405e-02
  2.785200e+00  2.917470e-02
  2.713100e+00  4.084465e-02
  2.642800e+00  3.857550e-02
  2.574300e+00  3.889965e-02
  2.507600e+00  3.760310e-02
  2.442700e+00  4.116890e-02
  2.379400e+00  4.408640e-02
  2.317800e+00  4.732800e-02
  2.257700e+00  2.982310e-02
  2.199300e+00  4.214150e-02
  2.142300e+00  3.598210e-02
  2.086800e+00  3.274050e-02
  2.032700e+00  4.052055e-02
  1.980100e+00  4.181725e-02
  1.928800e+00  2.560895e-02
  1.878800e+00  2.885065e-02
  1.830200e+00  3.598210e-02
  1.782800e+00  6.645365e-02
  1.736600e+00  4.181725e-02
  1.691600e+00  3.630640e-02
  1.647800e+00  4.084465e-02
  1.605100e+00  2.949890e-02
  1.563500e+00  3.176810e-02
  1.523000e+00  3.403720e-02
  1.483600e+00  3.111980e-02
  1.445100e+00  3.630630e-02
  1.407700e+00  3.274050e-02
  1.371200e+00  2.949895e-02
  1.335700e+00  3.436135e-02
  1.301100e+00  3.241635e-02
  1.267400e+00  1.977410e-02
  1.234600e+00  3.533395e-02
  1.202600e+00  3.403720e-02
  1.171500e+00  3.565800e-02
  1.141100e+00  3.922380e-02
  1.111600e+00  2.949895e-02
  1.082800e+00  2.755395e-02
  1.054700e+00  3.857545e-02
  1.027400e+00  3.274065e-02
  1.000800e+00  2.852650e-02
  9.749000e-01  2.528480e-02
  9.496000e-01  2.917475e-02
  9.250000e-01  3.111980e-02
  9.010000e-01  3.954805e-02
  8.777000e-01  3.630630e-02
  8.550000e-01  4.116895e-02
  8.328000e-01  3.825135e-02
  8.113000e-01  4.376205e-02
  7.902000e-01  4.505885e-02
  7.698000e-01  3.954805e-02
  7.498000e-01  5.186620e-02
  7.304000e-01  5.283870e-02
  7.115000e-01  5.316295e-02
  6.931000e-01  5.770115e-02
  6.751000e-01  1.183210e-01
  6.576000e-01  1.598140e-01
  6.406000e-01  2.074665e-01
  6.240000e-01  6.256350e-02
  6.078000e-01  6.191540e-02
  5.921000e-01  5.510795e-02
  5.767000e-01  6.321200e-02
  5.618000e-01  6.126705e-02
  5.472000e-01  5.834970e-02
  5.331000e-01  7.650260e-02
  5.193000e-01  7.228875e-02
  5.058000e-01  7.423329e-02
  4.927000e-01  7.650280e-02
  4.799000e-01  7.196425e-02
  4.675000e-01  6.515720e-02
  4.554000e-01  6.839870e-02
  4.436000e-01  7.358545e-02
  4.321000e-01  6.548131e-02
  4.209000e-01  7.326095e-02
  4.100000e-01  8.071680e-02
  3.994000e-01  1.183200e-01
  3.891000e-01  9.627710e-02
  3.790000e-01  1.069755e-01
  3.692000e-01  9.530380e-02
  3.596000e-01  8.460685e-02
  3.503000e-01  7.293700e-02
  3.412000e-01  7.390960e-02
  3.324000e-01  8.493080e-02
  3.238000e-01  6.159120e-02
  3.154000e-01  7.585485e-02
  3.072000e-01  7.553010e-02
  2.992000e-01  1.011391e-01
  2.915000e-01  1.004917e-01
  2.839000e-01  1.063260e-01
  2.766000e-01  9.854530e-02
  2.694000e-01  9.886995e-02
  2.624000e-01  9.011765e-02
  2.556000e-01  9.044200e-02
  2.490000e-01  8.460686e-02
  2.426000e-01  7.228871e-02
  2.363000e-01  7.001939e-02
  2.302000e-01  6.839870e-02
  2.242000e-01  6.450870e-02
  2.184000e-01  5.737705e-02
  2.127000e-01  5.997035e-02
  2.072000e-01  5.672875e-02
  2.019000e-01  5.964620e-02
  1.966000e-01  4.376225e-02
  1.915000e-01  4.311390e-02
  1.866000e-01  4.181720e-02
  1.817000e-01  4.311385e-02
  1.770000e-01  3.565805e-02
  1.725000e-01  4.278970e-02
  1.680000e-01  4.084465e-02
  1.636000e-01  3.630620e-02
  1.594000e-01  3.274065e-02
  1.553000e-01  2.787805e-02
  1.512000e-01  2.593315e-02
  1.473000e-01  2.917490e-02
  1.435000e-01  2.787820e-02
  1.398000e-01  2.236740e-02
  1.362000e-01  1.718080e-02
  1.326000e-01  1.847740e-02
  1.292000e-01  2.009830e-02
  1.259000e-01  1.296670e-02
  1.226000e-01  1.329085e-02
  1.194000e-01  1.653255e-02
  1.163000e-01  7.455940e-03
  1.133000e-01  9.076735e-03
  1.104000e-01  5.835070e-03
  1.075000e-01  6.807575e-03
  1.047000e-01  6.159240e-03
  1.020000e-01  5.186670e-03
  9.940000e-02  6.159180e-03
  9.680000e-02  5.510860e-03
  9.430000e-02  3.565855e-03
  9.190000e-02  2.593360e-03
  8.950000e-02  1.944990e-03
  8.720000e-02  1.944995e-03
  8.490000e-02  1.620845e-03
  8.270000e-02  9.724951e-04
  8.060000e-02  6.483300e-04
  7.850000e-02  6.483300e-04
  7.640000e-02  9.724951e-04
  7.450000e-02  9.724951e-04
  7.250000e-02  9.724951e-04
  7.070000e-02  3.241650e-04
  6.880000e-02  0.000000e+00
  6.700000e-02  3.241650e-04
  6.530000e-02  6.483300e-04
  6.360000e-02  6.483300e-04
  6.200000e-02  0.000000e+00
  6.040000e-02  0.000000e+00
  5.880000e-02  0.000000e+00
  5.730000e-02  0.000000e+00
  5.580000e-02  3.241650e-04
  5.430000e-02  3.241650e-04
  5.290000e-02  3.241650e-04
  5.160000e-02  3.241650e-04
  5.020000e-02  6.483300e-04
  4.890000e-02  6.483300e-04
  4.770000e-02  0.000000e+00
  4.640000e-02  9.724950e-04
  4.520000e-02  3.241650e-04
  4.410000e-02  3.241650e-04
  4.290000e-02  0.000000e+00
  4.180000e-02  0.000000e+00
  4.070000e-02  3.241650e-04
  3.970000e-02  6.483300e-04
  3.860000e-02  3.241650e-04
  3.760000e-02  0.000000e+00
  3.670000e-02  0.000000e+00
  3.570000e-02  0.000000e+00
  3.480000e-02  0.000000e+00
  3.390000e-02  3.241650e-04
  3.300000e-02  0.000000e+00
  3.220000e-02  6.483300e-04
  3.130000e-02  3.241650e-04
  3.050000e-02  6.483300e-04
  2.970000e-02  0.000000e+00
  2.890000e-02  3.241650e-04
  2.820000e-02  3.241650e-04
  2.750000e-02  0.000000e+00
  2.680000e-02  3.241650e-04
  2.610000e-02  0.000000e+00
  2.540000e-02  0.000000e+00
  2.470000e-02  6.483500e-04
  2.410000e-02  3.241650e-04
  2.350000e-02  3.241650e-04
  2.290000e-02  3.241650e-04
  2.230000e-02  0.000000e+00
  2.170000e-02  3.241650e-04
  2.110000e-02  0.000000e+00
  2.060000e-02  0.000000e+00
  2.000000e-02  3.241650e-04
  1.950000e-02  0.000000e+00
  1.900000e-02  3.241650e-04
  1.850000e-02  0.000000e+00
  1.800000e-02  0.000000e+00
  1.760000e-02  0.000000e+00
  1.710000e-02  3.241650e-04
  1.670000e-02  0.000000e+00
  1.630000e-02  0.000000e+00
  1.580000e-02  3.241650e-04
  1.540000e-02  0.000000e+00
  1.500000e-02  0.000000e+00
  1.460000e-02  0.000000e+00
  1.430000e-02  0.000000e+00
  1.390000e-02  0.000000e+00
  1.350000e-02  3.241650e-04
  1.320000e-02  0.000000e+00
  1.280000e-02  0.000000e+00
  1.250000e-02  0.000000e+00
  1.220000e-02  0.000000e+00
  1.190000e-02  0.000000e+00
  1.160000e-02  0.000000e+00
  1.130000e-02  0.000000e+00
  1.100000e-02  4.992115e-02
  1.070000e-02  6.159120e-02
  1.040000e-02  5.510790e-02
  1.010000e-02  2.214040e-01
