  4.934820e+03  2.915000e-03
  4.806990e+03  5.830000e-04
  4.682470e+03  0.000000e+00
  4.561180e+03  1.166000e-03
  4.443030e+03  1.166000e-03
  4.327940e+03  1.166000e-03
  4.215830e+03  0.000000e+00
  4.106630e+03  5.830000e-04
  4.000250e+03  0.000000e+00
  3.896630e+03  5.830000e-04
  3.795700e+03  1.166000e-03
  3.697380e+03  1.166000e-03
  3.601600e+03  5.830000e-04
  3.508310e+03  5.830000e-04
  3.417430e+03  1.749000e-03
  3.328910e+03  5.830000e-04
  3.242680e+03  5.830000e-04
  3.158680e+03  5.830000e-04
  3.076860e+03  5.830000e-04
  2.997160e+03  2.332000e-03
  2.919530e+03  1.166000e-03
  2.843900e+03  5.830000e-04
  2.770230e+03  1.166000e-03
  2.698480e+03  1.166000e-03
  2.628580e+03  5.830000e-04
  2.560490e+03  3.498000e-03
  2.494160e+03  1.749000e-03
  2.429550e+03  2.915000e-03
  2.366620e+03  2.915000e-03
  2.305320e+03  3.498000e-03
  2.245600e+03  4.081000e-03
  2.187430e+03  2.915000e-03
  2.130770e+03  3.498000e-03
  2.075580e+03  6.996000e-03
  2.021810e+03  6.413000e-03
  1.969440e+03  4.081000e-03
  1.918430e+03  5.247000e-03
  1.868730e+03  5.830000e-03
  1.820330e+03  6.996000e-03
  1.773170e+03  6.996000e-03
  1.727240e+03  1.049400e-02
  1.682500e+03  6.996000e-03
  1.638920e+03  1.690710e-02
  1.596470e+03  1.574100e-02
  1.555110e+03  1.107700e-02
  1.514830e+03  1.457500e-02
  1.475590e+03  1.632400e-02
  1.437370e+03  2.273710e-02
  1.400140e+03  1.807315e-02
  1.363870e+03  2.215410e-02
  1.328540e+03  2.215415e-02
  1.294120e+03  2.506920e-02
  1.260600e+03  3.031620e-02
  1.227950e+03  2.623530e-02
  1.196140e+03  3.906140e-02
  1.165160e+03  3.031630e-02
  1.134980e+03  4.897245e-02
  1.105580e+03  4.780655e-02
  1.076940e+03  5.480260e-02
  1.049040e+03  6.821150e-02
  1.021870e+03  6.238165e-02
  9.953980e+02  6.121575e-02
  9.696140e+02  6.996075e-02
  9.444970e+02  9.153160e-02
  9.200320e+02  1.096043e-01
  8.962000e+02  1.125190e-01
  8.729850e+02  1.218470e-01
  8.503720e+02  1.393370e-01
  8.283450e+02  1.679040e-01
  8.068880e+02  1.644060e-01
  7.859870e+02  1.795640e-01
  7.656270e+02  2.116290e-01
  7.457950e+02  2.314510e-01
  7.264760e+02  2.419450e-01
  7.076580e+02  2.751760e-01
  6.893270e+02  2.996625e-01
  6.714710e+02  3.643785e-01
  6.540780e+02  4.051900e-01
  6.371350e+02  4.798170e-01
  6.206310e+02  5.013895e-01
  6.045550e+02  5.975850e-01
  5.888950e+02  6.757070e-01
  5.736410e+02  7.124360e-01
  5.587810e+02  8.337030e-01
  5.443070e+02  9.112400e-01
  5.302080e+02  1.002777e+00
  5.164740e+02  1.117640e+00
  5.030950e+02  1.177095e+00
  4.900630e+02  1.343255e+00
  4.773690e+02  1.528060e+00
  4.650040e+02  1.708785e+00
  4.529580e+02  1.865615e+00
  4.412250e+02  2.039350e+00
  4.297960e+02  2.335520e+00
  4.186630e+02  2.543675e+00
  4.078180e+02  2.838090e+00
  3.972540e+02  3.103355e+00
  3.869640e+02  3.417590e+00
  3.769400e+02  3.771485e+00
  3.671770e+02  4.209315e+00
  3.576650e+02  4.719440e+00
  3.484010e+02  5.135710e+00
  3.393760e+02  5.632425e+00
  3.305850e+02  6.171720e+00
  3.220220e+02  6.773965e+00
  3.136800e+02  7.481740e+00
  3.055550e+02  8.194745e+00
  2.976400e+02  8.762600e+00
  2.899300e+02  9.655720e+00
  2.824200e+02  1.064685e+01
  2.751040e+02  1.159710e+01
  2.679780e+02  1.271895e+01
  2.610370e+02  1.388720e+01
  2.542750e+02  1.512325e+01
  2.476890e+02  1.629450e+01
  2.412730e+02  1.798635e+01
  2.350230e+02  1.943170e+01
  2.289350e+02  2.130735e+01
  2.230050e+02  2.322295e+01
  2.172280e+02  2.537310e+01
  2.116010e+02  2.721485e+01
  2.061200e+02  2.929025e+01
  2.007810e+02  3.151910e+01
  1.955800e+02  3.413790e+01
  1.905140e+02  3.728505e+01
  1.855790e+02  4.031260e+01
  1.807720e+02  4.357750e+01
  1.760890e+02  4.692925e+01
  1.715280e+02  5.024475e+01
  1.670850e+02  5.347745e+01
  1.627570e+02  5.734920e+01
  1.585410e+02  6.042575e+01
  1.544340e+02  6.428120e+01
  1.504340e+02  6.774146e+01
  1.465370e+02  7.158225e+01
  1.427410e+02  7.553740e+01
  1.390440e+02  7.930135e+01
  1.354420e+02  8.292870e+01
  1.319340e+02  8.652885e+01
  1.285160e+02  9.067630e+01
  1.251870e+02  9.421805e+01
  1.219440e+02  9.849609e+01
  1.187850e+02  1.015105e+02
  1.157090e+02  1.059875e+02
  1.127110e+02  1.099545e+02
  1.097920e+02  1.143210e+02
  1.069480e+02  1.182825e+02
  1.041770e+02  1.225140e+02
  1.014790e+02  1.275440e+02
  9.885030e+01  1.320725e+02
  9.628970e+01  1.366295e+02
  9.379550e+01  1.407805e+02
  9.136590e+01  1.451740e+02
  8.899920e+01  1.500695e+02
  8.669380e+01  1.550940e+02
  8.444820e+01  1.599275e+02
  8.226070e+01  1.649470e+02
  8.012980e+01  1.707915e+02
  7.805420e+01  1.755065e+02
  7.603240e+01  1.810860e+02
  7.406290e+01  1.869000e+02
  7.214440e+01  1.922105e+02
  7.027560e+01  1.983360e+02
  6.845520e+01  2.032995e+02
  6.668200e+01  2.083410e+02
  6.495470e+01  2.125180e+02
  6.327220e+01  2.151390e+02
  6.163320e+01  2.168905e+02
  6.003670e+01  2.173735e+02
  5.848160e+01  2.183030e+02
  5.696670e+01  2.168900e+02
  5.549110e+01  2.165680e+02
  5.405370e+01  2.177315e+02
  5.265350e+01  2.188850e+02
  5.128960e+01  2.210580e+02
  4.996100e+01  2.210750e+02
  4.866690e+01  2.223045e+02
  4.740620e+01  2.224980e+02
  4.617830e+01  2.212910e+02
  4.498210e+01  2.183550e+02
  4.381690e+01  2.136260e+02
  4.268190e+01  2.077010e+02
  4.157630e+01  2.015800e+02
  4.049930e+01  1.954555e+02
  3.945030e+01  1.895435e+02
  3.842840e+01  1.832215e+02
  3.743290e+01  1.765120e+02
  3.646330e+01  1.695440e+02
  3.551880e+01  1.635210e+02
  3.459870e+01  1.572135e+02
  3.370250e+01  1.514400e+02
  3.282950e+01  1.458945e+02
  3.197910e+01  1.401075e+02
  3.115070e+01  1.331915e+02
  3.034380e+01  1.280065e+02
  2.955780e+01  1.217800e+02
  2.879220e+01  1.168140e+02
  2.804640e+01  1.115685e+02
  2.731990e+01  1.054335e+02
  2.661220e+01  9.982000e+01
  2.592290e+01  9.443730e+01
  2.525140e+01  8.888700e+01
  2.459730e+01  8.338995e+01
  2.396010e+01  7.813820e+01
  2.333950e+01  7.304725e+01
  2.273490e+01  6.789460e+01
  2.214600e+01  6.305875e+01
  2.157230e+01  5.763325e+01
  2.101350e+01  5.244260e+01
  2.046920e+01  4.774125e+01
  1.993900e+01  4.347020e+01
  1.942250e+01  3.927660e+01
  1.891940e+01  3.535695e+01
  1.842930e+01  3.290445e+01
  1.795200e+01  3.041960e+01
  1.748690e+01  2.883735e+01
  1.703400e+01  2.717285e+01
  1.659270e+01  2.605810e+01
  1.616290e+01  2.497605e+01
  1.574430e+01  2.376570e+01
  1.533640e+01  2.248305e+01
  1.493920e+01  2.134735e+01
  1.455220e+01  1.979140e+01
  1.417520e+01  1.768665e+01
  1.380800e+01  1.539610e+01
  1.345040e+01  1.281510e+01
  1.310200e+01  1.058970e+01
  1.276260e+01  8.148695e+00
  1.243200e+01  6.107590e+00
  1.211000e+01  4.592930e+00
  1.179630e+01  3.291655e+00
  1.149070e+01  2.408410e+00
  1.119310e+01  1.772925e+00
  1.090310e+01  1.456355e+00
  1.062070e+01  1.103645e+00
  1.034560e+01  8.494400e-01
  1.007760e+01  6.553020e-01
  9.816600e+00  4.658245e-01
  9.562300e+00  3.894485e-01
  9.314600e+00  4.238480e-01
  9.073300e+00  5.451145e-01
  8.838300e+00  7.858940e-01
  8.609300e+00  1.077410e+00
  8.386300e+00  1.522805e+00
  8.169100e+00  2.127965e+00
  7.957500e+00  2.716240e+00
  7.751400e+00  3.219945e+00
  7.550600e+00  3.800035e+00
  7.355000e+00  4.146925e+00
  7.164500e+00  4.184250e+00
  6.978900e+00  4.116030e+00
  6.798100e+00  4.053655e+00
  6.622000e+00  4.156270e+00
  6.450500e+00  4.104370e+00
  6.283400e+00  4.174335e+00
  6.120600e+00  4.163245e+00
  5.962100e+00  4.192995e+00
  5.807600e+00  4.323595e+00
  5.657200e+00  4.422115e+00
  5.510700e+00  4.716530e+00
  5.367900e+00  5.140380e+00
  5.228900e+00  4.866365e+00
  5.093400e+00  4.527635e+00
  4.961500e+00  4.381300e+00
  4.833000e+00  4.929910e+00
  4.707800e+00  5.579380e+00
  4.585800e+00  4.090955e+00
  4.467100e+00  3.731245e+00
  4.351300e+00  3.804125e+00
  4.238600e+00  3.926545e+00
  4.128800e+00  3.755135e+00
  4.021900e+00  8.862870e+00
  3.917700e+00  5.577620e+00
  3.816200e+00  2.810690e+00
  3.717400e+00  2.541910e+00
  3.621100e+00  2.344845e+00
  3.527300e+00  2.096490e+00
  3.435900e+00  1.943735e+00
  3.346900e+00  1.501820e+00
  3.260200e+00  1.139200e+00
  3.175800e+00  7.590760e-01
  3.093500e+00  3.993600e-01
  3.013400e+00  2.815890e-01
  2.935300e+00  3.661275e-01
  2.859300e+00  5.147980e-01
  2.785200e+00  7.608275e-01
  2.713100e+00  1.047090e+00
  2.642800e+00  1.055250e+00
  2.574300e+00  1.094890e+00
  2.507600e+00  9.386470e-01
  2.442700e+00  8.261195e-01
  2.379400e+00  8.436110e-01
  2.317800e+00  7.077720e-01
  2.257700e+00  6.209050e-01
  2.199300e+00  7.969710e-01
  2.142300e+00  5.287910e-01
  2.086800e+00  4.827330e-01
  2.032700e+00  4.873960e-01
  1.980100e+00  5.247100e-01
  1.928800e+00  3.783705e-01
  1.878800e+00  3.142380e-01
  1.830200e+00  3.492195e-01
  1.782800e+00  4.722390e-01
  1.736600e+00  3.124885e-01
  1.691600e+00  2.949980e-01
  1.647800e+00  2.396130e-01
  1.605100e+00  2.378640e-01
  1.563500e+00  2.098800e-01
  1.523000e+00  1.912240e-01
  1.483600e+00  1.725680e-01
  1.445100e+00  1.527460e-01
  1.407700e+00  1.614910e-01
  1.371200e+00  1.329240e-01
  1.335700e+00  1.352560e-01
  1.301100e+00  1.230130e-01
  1.267400e+00  9.969320e-02
  1.234600e+00  1.200980e-01
  1.202600e+00  1.171830e-01
  1.171500e+00  1.049403e-01
  1.141100e+00  1.200980e-01
  1.111600e+00  8.511840e-02
  1.082800e+00  8.861665e-02
  1.054700e+00  9.502930e-02
  1.027400e+00  9.153160e-02
  1.000800e+00  8.220375e-02
  9.749000e-01  7.404165e-02
  9.496000e-01  6.179875e-02
  9.250000e-01  7.170980e-02
  9.010000e-01  7.520765e-02
  8.777000e-01  8.453550e-02
  8.550000e-01  8.395245e-02
  8.328000e-01  9.677870e-02
  8.113000e-01  7.928870e-02
  7.902000e-01  8.336960e-02
  7.698000e-01  7.812255e-02
  7.498000e-01  8.103770e-02
  7.304000e-01  6.587960e-02
  7.115000e-01  7.579075e-02
  6.931000e-01  9.036565e-02
  6.751000e-01  8.745065e-02
  6.576000e-01  1.253450e-01
  6.406000e-01  1.101870e-01
  6.240000e-01  7.928870e-02
  6.078000e-01  1.294260e-01
  5.921000e-01  8.162055e-02
  5.767000e-01  4.838965e-02
  5.618000e-01  5.421965e-02
  5.472000e-01  5.421960e-02
  5.331000e-01  7.170965e-02
  5.193000e-01  1.183490e-01
  5.058000e-01  1.107700e-01
  4.927000e-01  6.179865e-02
  4.799000e-01  4.664060e-02
  4.675000e-01  5.130460e-02
  4.554000e-01  4.081055e-02
  4.436000e-01  3.964445e-02
  4.321000e-01  4.430865e-02
  4.209000e-01  3.381430e-02
  4.100000e-01  3.847835e-02
  3.994000e-01  5.363665e-02
  3.891000e-01  4.081035e-02
  3.790000e-01  4.489145e-02
  3.692000e-01  3.964450e-02
  3.596000e-01  3.381430e-02
  3.503000e-01  3.206525e-02
  3.412000e-01  2.448620e-02
  3.324000e-01  2.273710e-02
  3.238000e-01  1.632405e-02
  3.154000e-01  1.865600e-02
  3.072000e-01  1.457500e-02
  2.992000e-01  1.807310e-02
  2.915000e-01  1.865605e-02
  2.839000e-01  7.579000e-03
  2.766000e-01  1.282605e-02
  2.694000e-01  1.107700e-02
  2.624000e-01  1.107705e-02
  2.556000e-01  7.579000e-03
  2.490000e-01  1.049405e-02
  2.426000e-01  8.162000e-03
  2.363000e-01  8.162000e-03
  2.302000e-01  4.664000e-03
  2.242000e-01  4.664000e-03
  2.184000e-01  5.830000e-03
  2.127000e-01  2.332000e-03
  2.072000e-01  3.498000e-03
  2.019000e-01  2.332000e-03
  1.966000e-01  4.081000e-03
  1.915000e-01  1.749000e-03
  1.866000e-01  5.830000e-04
  1.817000e-01  0.000000e+00
  1.770000e-01  0.000000e+00
  1.725000e-01  5.830000e-04
  1.680000e-01  5.830000e-04
  1.636000e-01  5.830000e-04
  1.594000e-01  5.830000e-04
  1.553000e-01  1.166000e-03
  1.512000e-01  1.166000e-03
  1.473000e-01  1.749000e-03
  1.435000e-01  5.830000e-04
  1.398000e-01  5.830000e-04
  1.362000e-01  1.166000e-03
  1.326000e-01  0.000000e+00
  1.292000e-01  0.000000e+00
  1.259000e-01  1.166000e-03
  1.226000e-01  0.000000e+00
  1.194000e-01  0.000000e+00
  1.163000e-01  0.000000e+00
  1.133000e-01  5.830000e-04
  1.104000e-01  5.830000e-04
  1.075000e-01  0.000000e+00
  1.047000e-01  5.830000e-04
  1.020000e-01  0.000000e+00
  9.940000e-02  1.166000e-03
  9.680000e-02  1.166000e-03
  9.430000e-02  5.830000e-04
  9.190000e-02  0.000000e+00
  8.950000e-02  0.000000e+00
  8.720000e-02  0.000000e+00
  8.490000e-02  0.000000e+00
  8.270000e-02  0.000000e+00
  8.060000e-02  0.000000e+00
  7.850000e-02  0.000000e+00
  7.640000e-02  5.830000e-04
  7.450000e-02  0.000000e+00
  7.250000e-02  0.000000e+00
  7.070000e-02  0.000000e+00
  6.880000e-02  0.000000e+00
  6.700000e-02  5.830000e-04
  6.530000e-02  5.830000e-04
  6.360000e-02  1.166000e-03
  6.200000e-02  5.830000e-04
  6.040000e-02  5.830000e-04
  5.880000e-02  0.000000e+00
  5.730000e-02  5.830000e-04
  5.580000e-02  0.000000e+00
  5.430000e-02  0.000000e+00
  5.290000e-02  0.000000e+00
  5.160000e-02  0.000000e+00
  5.020000e-02  0.000000e+00
  4.890000e-02  0.000000e+00
  4.770000e-02  0.000000e+00
  4.640000e-02  0.000000e+00
  4.520000e-02  0.000000e+00
  4.410000e-02  5.830000e-04
  4.290000e-02  1.166000e-03
  4.180000e-02  0.000000e+00
  4.070000e-02  0.000000e+00
  3.970000e-02  0.000000e+00
  3.860000e-02  5.830000e-04
  3.760000e-02  0.000000e+00
  3.670000e-02  5.830000e-04
  3.570000e-02  5.830000e-04
  3.480000e-02  0.000000e+00
  3.390000e-02  0.000000e+00
  3.300000e-02  0.000000e+00
  3.220000e-02  0.000000e+00
  3.130000e-02  0.000000e+00
  3.050000e-02  0.000000e+00
  2.970000e-02  0.000000e+00
  2.890000e-02  0.000000e+00
  2.820000e-02  0.000000e+00
  2.750000e-02  0.000000e+00
  2.680000e-02  0.000000e+00
  2.610000e-02  0.000000e+00
  2.540000e-02  0.000000e+00
  2.470000e-02  0.000000e+00
  2.410000e-02  0.000000e+00
  2.350000e-02  0.000000e+00
  2.290000e-02  0.000000e+00
  2.230000e-02  0.000000e+00
  2.170000e-02  0.000000e+00
  2.110000e-02  0.000000e+00
  2.060000e-02  0.000000e+00
  2.000000e-02  0.000000e+00
  1.950000e-02  0.000000e+00
  1.900000e-02  0.000000e+00
  1.850000e-02  0.000000e+00
  1.800000e-02  0.000000e+00
  1.760000e-02  0.000000e+00
  1.710000e-02  0.000000e+00
  1.670000e-02  0.000000e+00
  1.630000e-02  0.000000e+00
  1.580000e-02  0.000000e+00
  1.540000e-02  0.000000e+00
  1.500000e-02  0.000000e+00
  1.460000e-02  0.000000e+00
  1.430000e-02  0.000000e+00
  1.390000e-02  0.000000e+00
  1.350000e-02  0.000000e+00
  1.320000e-02  0.000000e+00
  1.280000e-02  0.000000e+00
  1.250000e-02  0.000000e+00
  1.220000e-02  0.000000e+00
  1.190000e-02  0.000000e+00
  1.160000e-02  0.000000e+00
  1.130000e-02  0.000000e+00
  1.100000e-02  0.000000e+00
  1.070000e-02  0.000000e+00
  1.040000e-02  0.000000e+00
  1.010000e-02  0.000000e+00
