  4.934820e+03  0.000000e+00
  4.806990e+03  0.000000e+00
  4.682470e+03  0.000000e+00
  4.561180e+03  0.000000e+00
  4.443030e+03  9.390500e-03
  4.327940e+03  0.000000e+00
  4.215830e+03  0.000000e+00
  4.106630e+03  0.000000e+00
  4.000250e+03  0.000000e+00
  3.896630e+03  0.000000e+00
  3.795700e+03  9.390500e-03
  3.697380e+03  0.000000e+00
  3.601600e+03  9.390500e-03
  3.508310e+03  0.000000e+00
  3.417430e+03  1.878100e-02
  3.328910e+03  9.390500e-03
  3.242680e+03  0.000000e+00
  3.158680e+03  0.000000e+00
  3.076860e+03  9.390500e-03
  2.997160e+03  0.000000e+00
  2.919530e+03  0.000000e+00
  2.843900e+03  9.390500e-03
  2.770230e+03  1.878100e-02
  2.698480e+03  1.878100e-02
  2.628580e+03  1.878100e-02
  2.560490e+03  0.000000e+00
  2.494160e+03  0.000000e+00
  2.429550e+03  9.390500e-03
  2.366620e+03  9.390500e-03
  2.305320e+03  1.878100e-02
  2.245600e+03  9.390500e-03
  2.187430e+03  9.390500e-03
  2.130770e+03  9.390500e-03
  2.075580e+03  9.390500e-03
  2.021810e+03  1.878100e-02
  1.969440e+03  1.878100e-02
  1.918430e+03  9.390500e-03
  1.868730e+03  1.878100e-02
  1.820330e+03  9.390500e-03
  1.773170e+03  9.390500e-03
  1.727240e+03  2.817150e-02
  1.682500e+03  1.878100e-02
  1.638920e+03  1.878100e-02
  1.596470e+03  9.390500e-03
  1.555110e+03  2.817150e-02
  1.514830e+03  2.817150e-02
  1.475590e+03  5.634350e-02
  1.437370e+03  5.634300e-02
  1.400140e+03  4.695250e-02
  1.363870e+03  9.390500e-03
  1.328540e+03  6.573450e-02
  1.294120e+03  4.695250e-02
  1.260600e+03  9.390550e-02
  1.227950e+03  3.756250e-02
  1.196140e+03  4.695300e-02
  1.165160e+03  4.695250e-02
  1.134980e+03  6.573400e-02
  1.105580e+03  1.314685e-01
  1.076940e+03  1.126875e-01
  1.049040e+03  1.032970e-01
  1.021870e+03  1.314685e-01
  9.953980e+02  7.512450e-02
  9.696140e+02  1.502490e-01
  9.444970e+02  1.784220e-01
  9.200320e+02  1.126870e-01
  8.962000e+02  1.408595e-01
  8.729850e+02  1.220780e-01
  8.503720e+02  1.878120e-01
  8.283450e+02  1.126870e-01
  8.068880e+02  1.784225e-01
  7.859870e+02  1.972035e-01
  7.656270e+02  2.253750e-01
  7.457950e+02  2.629380e-01
  7.264760e+02  2.441560e-01
  7.076580e+02  2.441565e-01
  6.893270e+02  3.192820e-01
  6.714710e+02  3.662355e-01
  6.540780e+02  3.662350e-01
  6.371350e+02  4.601425e-01
  6.206310e+02  4.601420e-01
  6.045550e+02  4.601430e-01
  5.888950e+02  5.352665e-01
  5.736410e+02  6.197830e-01
  5.587810e+02  6.479574e-01
  5.443070e+02  6.855185e-01
  5.302080e+02  6.291780e-01
  5.164740e+02  7.418625e-01
  5.030950e+02  8.169875e-01
  4.900630e+02  8.545515e-01
  4.773690e+02  8.921115e-01
  4.650040e+02  9.015070e-01
  4.529580e+02  9.672345e-01
  4.412250e+02  9.954150e-01
  4.297960e+02  1.117490e+00
  4.186630e+02  1.136270e+00
  4.078180e+02  1.051755e+00
  3.972540e+02  1.342860e+00
  3.869640e+02  1.549445e+00
  3.769400e+02  1.887515e+00
  3.671770e+02  1.727880e+00
  3.576650e+02  2.169235e+00
  3.484010e+02  1.727885e+00
  3.393760e+02  2.188025e+00
  3.305850e+02  2.206805e+00
  3.220220e+02  2.310105e+00
  3.136800e+02  2.779620e+00
  3.055550e+02  2.648165e+00
  2.976400e+02  3.286730e+00
  2.899300e+02  3.117705e+00
  2.824200e+02  3.399405e+00
  2.751040e+02  3.775045e+00
  2.679780e+02  4.056765e+00
  2.610370e+02  4.441770e+00
  2.542750e+02  4.479335e+00
  2.476890e+02  4.948870e+00
  2.412730e+02  5.409005e+00
  2.350230e+02  5.418385e+00
  2.289350e+02  5.869140e+00
  2.230050e+02  6.423195e+00
  2.172280e+02  6.667350e+00
  2.116010e+02  7.061765e+00
  2.061200e+02  7.822410e+00
  2.007810e+02  8.029005e+00
  1.955800e+02  9.315556e+00
  1.905140e+02  9.400010e+00
  1.855790e+02  1.004803e+01
  1.807720e+02  1.044240e+01
  1.760890e+02  1.132520e+01
  1.715280e+02  1.199180e+01
  1.670850e+02  1.207630e+01
  1.627570e+02  1.403910e+01
  1.585410e+02  1.490305e+01
  1.544340e+02  1.512825e+01
  1.504340e+02  1.672470e+01
  1.465370e+02  1.639600e+01
  1.427410e+02  1.774825e+01
  1.390440e+02  1.871545e+01
  1.354420e+02  1.917565e+01
  1.319340e+02  2.077210e+01
  1.285160e+02  2.165485e+01
  1.251870e+02  2.202110e+01
  1.219440e+02  2.443445e+01
  1.187850e+02  2.603090e+01
  1.157090e+02  2.635955e+01
  1.127110e+02  2.764610e+01
  1.097920e+02  2.891370e+01
  1.069480e+02  3.044450e+01
  1.041770e+02  3.201280e+01
  1.014790e+02  3.351515e+01
  9.885030e+01  3.375930e+01
  9.628970e+01  3.559990e+01
  9.379550e+01  3.644505e+01
  9.136590e+01  3.825755e+01
  8.899920e+01  4.105590e+01
  8.669380e+01  4.190120e+01
  8.444820e+01  4.355380e+01
  8.226070e+01  4.514085e+01
  8.012980e+01  4.695330e+01
  7.805420e+01  4.863420e+01
  7.603240e+01  4.961090e+01
  7.406290e+01  5.352660e+01
  7.214440e+01  5.511375e+01
  7.027560e+01  5.567705e+01
  6.845520e+01  5.997810e+01
  6.668200e+01  6.112365e+01
  6.495470e+01  6.272955e+01
  6.327220e+01  6.689890e+01
  6.163320e+01  6.756565e+01
  6.003670e+01  6.842020e+01
  5.848160e+01  7.019495e+01
  5.696670e+01  7.147220e+01
  5.549110e+01  7.431755e+01
  5.405370e+01  7.598900e+01
  5.265350e+01  7.936035e+01
  5.128960e+01  8.159525e+01
  4.996100e+01  8.215871e+01
  4.866690e+01  8.676025e+01
  4.740620e+01  8.627170e+01
  4.617830e+01  9.246035e+01
  4.498210e+01  9.526794e+01
  4.381690e+01  9.752161e+01
  4.268190e+01  9.498595e+01
  4.157630e+01  9.743680e+01
  4.049930e+01  9.909970e+01
  3.945030e+01  1.020195e+02
  3.842840e+01  1.021885e+02
  3.743290e+01  1.055600e+02
  3.646330e+01  1.040475e+02
  3.551880e+01  1.061895e+02
  3.459870e+01  1.079835e+02
  3.370250e+01  1.099075e+02
  3.282950e+01  1.117865e+02
  3.197910e+01  1.134105e+02
  3.115070e+01  1.143505e+02
  3.034380e+01  1.163130e+02
  2.955780e+01  1.198430e+02
  2.879220e+01  1.231290e+02
  2.804640e+01  1.279290e+02
  2.731990e+01  1.268115e+02
  2.661220e+01  1.288400e+02
  2.592290e+01  1.302015e+02
  2.525140e+01  1.319100e+02
  2.459730e+01  1.335445e+02
  2.396010e+01  1.388405e+02
  2.333950e+01  1.409060e+02
  2.273490e+01  1.434330e+02
  2.214600e+01  1.458465e+02
  2.157230e+01  1.496775e+02
  2.101350e+01  1.548985e+02
  2.046920e+01  1.592365e+02
  1.993900e+01  1.622895e+02
  1.942250e+01  1.653880e+02
  1.891940e+01  1.688070e+02
  1.842930e+01  1.715205e+02
  1.795200e+01  1.752000e+02
  1.748690e+01  1.756245e+02
  1.703400e+01  1.780845e+02
  1.659270e+01  1.758120e+02
  1.616290e+01  1.786955e+02
  1.574430e+01  1.783755e+02
  1.533640e+01  1.802710e+02
  1.493920e+01  1.820275e+02
  1.455220e+01  1.818585e+02
  1.417520e+01  1.839160e+02
  1.380800e+01  1.889690e+02
  1.345040e+01  1.980290e+02
  1.310200e+01  2.000205e+02
  1.276260e+01  2.064440e+02
  1.243200e+01  2.143895e+02
  1.211000e+01  2.234515e+02
  1.179630e+01  2.360155e+02
  1.149070e+01  2.459130e+02
  1.119310e+01  2.578195e+02
  1.090310e+01  2.745265e+02
  1.062070e+01  2.861615e+02
  1.034560e+01  3.034490e+02
  1.007760e+01  3.193570e+02
  9.816600e+00  3.346820e+02
  9.562300e+00  3.468725e+02
  9.314600e+00  3.478865e+02
  9.073300e+00  3.407105e+02
  8.838300e+00  3.280430e+02
  8.609300e+00  3.191125e+02
  8.386300e+00  3.074680e+02
  8.169100e+00  2.915705e+02
  7.957500e+00  2.813630e+02
  7.751400e+00  2.707220e+02
  7.550600e+00  2.665815e+02
  7.355000e+00  2.786300e+02
  7.164500e+00  2.782455e+02
  6.978900e+00  2.759440e+02
  6.798100e+00  2.770325e+02
  6.622000e+00  2.774940e+02
  6.450500e+00  2.902650e+02
  6.283400e+00  3.034875e+02
  6.120600e+00  3.034865e+02
  5.962100e+00  3.039760e+02
  5.807600e+00  3.126795e+02
  5.657200e+00  3.166990e+02
  5.510700e+00  3.296400e+02
  5.367900e+00  3.682925e+02
  5.228900e+00  3.729125e+02
  5.093400e+00  3.626005e+02
  4.961500e+00  3.723760e+02
  4.833000e+00  4.692495e+02
  4.707800e+00  6.027665e+02
  4.585800e+00  4.778060e+02
  4.467100e+00  4.554645e+02
  4.351300e+00  4.985025e+02
  4.238600e+00  5.350600e+02
  4.128800e+00  5.692405e+02
  4.021900e+00  1.235575e+03
  3.917700e+00  7.648035e+02
  3.816200e+00  4.266930e+02
  3.717400e+00  4.176305e+02
  3.621100e+00  4.234055e+02
  3.527300e+00  4.297255e+02
  3.435900e+00  4.380075e+02
  3.346900e+00  4.459800e+02
  3.260200e+00  4.674000e+02
  3.175800e+00  4.986905e+02
  3.093500e+00  5.153110e+02
  3.013400e+00  5.465445e+02
  2.935300e+00  5.633365e+02
  2.859300e+00  5.754505e+02
  2.785200e+00  5.941095e+02
  2.713100e+00  6.013300e+02
  2.642800e+00  5.983720e+02
  2.574300e+00  6.576555e+02
  2.507600e+00  6.384420e+02
  2.442700e+00  6.865690e+02
  2.379400e+00  7.132855e+02
  2.317800e+00  6.826055e+02
  2.257700e+00  6.569705e+02
  2.199300e+00  7.642095e+02
  2.142300e+00  6.623970e+02
  2.086800e+00  6.847655e+02
  2.032700e+00  7.987955e+02
  1.980100e+00  1.368690e+03
  1.928800e+00  7.904095e+02
  1.878800e+00  6.274640e+02
  1.830200e+00  1.214760e+03
  1.782800e+00  3.691735e+03
  1.736600e+00  1.567625e+03
  1.691600e+00  8.741935e+02
  1.647800e+00  7.447350e+02
  1.605100e+00  7.364700e+02
  1.563500e+00  7.235105e+02
  1.523000e+00  7.324135e+02
  1.483600e+00  7.464610e+02
  1.445100e+00  7.266000e+02
  1.407700e+00  7.063170e+02
  1.371200e+00  6.599275e+02
  1.335700e+00  7.328185e+02
  1.301100e+00  6.187400e+02
  1.267400e+00  4.862195e+02
  1.234600e+00  6.338670e+02
  1.202600e+00  7.691410e+02
  1.171500e+00  6.886071e+02
  1.141100e+00  8.982720e+02
  1.111600e+00  6.595055e+02
  1.082800e+00  6.024015e+02
  1.054700e+00  8.408660e+02
  1.027400e+00  7.163745e+02
  1.000800e+00  6.580400e+02
  9.749000e-01  7.238875e+02
  9.496000e-01  7.144780e+02
  9.250000e-01  7.207125e+02
  9.010000e-01  7.768420e+02
  8.777000e-01  8.014065e+02
  8.550000e-01  8.907685e+02
  8.328000e-01  8.684645e+02
  8.113000e-01  9.642505e+02
  7.902000e-01  9.919010e+02
  7.698000e-01  9.997225e+02
  7.498000e-01  1.118290e+03
  7.304000e-01  1.120695e+03
  7.115000e-01  1.146045e+03
  6.931000e-01  2.185875e+03
  6.751000e-01  1.509480e+04
  6.576000e-01  1.574710e+04
  6.406000e-01  3.863500e+04
  6.240000e-01  8.595221e+03
  6.078000e-01  1.711685e+03
  5.921000e-01  1.595755e+03
  5.767000e-01  1.567950e+03
  5.618000e-01  1.639285e+03
  5.472000e-01  1.644450e+03
  5.331000e-01  2.173070e+03
  5.193000e-01  2.215470e+03
  5.058000e-01  2.351365e+03
  4.927000e-01  3.456055e+03
  4.799000e-01  3.686995e+03
  4.675000e-01  2.564020e+03
  4.554000e-01  2.175035e+03
  4.436000e-01  3.263860e+03
  4.321000e-01  3.188670e+03
  4.209000e-01  3.216875e+03
  4.100000e-01  2.772765e+03
  3.994000e-01  4.894415e+03
  3.891000e-01  8.408365e+03
  3.790000e-01  8.087780e+03
  3.692000e-01  2.803340e+03
  3.596000e-01  2.501625e+03
  3.503000e-01  2.551465e+03
  3.412000e-01  2.645340e+03
  3.324000e-01  2.870915e+03
  3.238000e-01  2.920860e+03
  3.154000e-01  2.846530e+03
  3.072000e-01  3.177670e+03
  2.992000e-01  4.140550e+03
  2.915000e-01  4.752465e+03
  2.839000e-01  4.910275e+03
  2.766000e-01  2.534845e+03
  2.694000e-01  5.712505e+03
  2.624000e-01  8.012705e+03
  2.556000e-01  1.365560e+04
  2.490000e-01  6.327295e+03
  2.426000e-01  2.814905e+03
  2.363000e-01  4.412960e+03
  2.302000e-01  4.695130e+03
  2.242000e-01  4.369780e+03
  2.184000e-01  4.455395e+03
  2.127000e-01  4.695520e+03
  2.072000e-01  4.661770e+03
  2.019000e-01  4.907380e+03
  1.966000e-01  5.397050e+03
  1.915000e-01  4.440775e+03
  1.866000e-01  2.433415e+03
  1.817000e-01  2.802010e+03
  1.770000e-01  2.600815e+03
  1.725000e-01  2.063650e+03
  1.680000e-01  5.051700e+03
  1.636000e-01  5.996740e+03
  1.594000e-01  6.722930e+03
  1.553000e-01  6.978725e+03
  1.512000e-01  7.139745e+03
  1.473000e-01  7.249380e+03
  1.435000e-01  7.617275e+03
  1.398000e-01  5.478580e+03
  1.362000e-01  4.367555e+03
  1.326000e-01  3.706290e+03
  1.292000e-01  3.600660e+03
  1.259000e-01  3.644890e+03
  1.226000e-01  3.750250e+03
  1.194000e-01  3.823855e+03
  1.163000e-01  3.929115e+03
  1.133000e-01  3.829890e+03
  1.104000e-01  3.752445e+03
  1.075000e-01  3.757980e+03
  1.047000e-01  3.796750e+03
  1.020000e-01  3.934915e+03
  9.940000e-02  3.693875e+03
  9.680000e-02  3.335460e+03
  9.430000e-02  3.269315e+03
  9.190000e-02  3.309745e+03
  8.950000e-02  4.759130e+03
  8.720000e-02  4.851085e+03
  8.490000e-02  4.661775e+03
  8.270000e-02  4.487240e+03
  8.060000e-02  4.309965e+03
  7.850000e-02  4.125685e+03
  7.640000e-02  3.932405e+03
  7.450000e-02  3.755375e+03
  7.250000e-02  3.556820e+03
  7.070000e-02  3.317410e+03
  6.880000e-02  3.070255e+03
  6.700000e-02  2.820085e+03
  6.530000e-02  2.586230e+03
  6.360000e-02  2.343000e+03
  6.200000e-02  2.117370e+03
  6.040000e-02  1.905150e+03
  5.880000e-02  1.708305e+03
  5.730000e-02  1.519425e+03
  5.580000e-02  1.343000e+03
  5.430000e-02  1.179425e+03
  5.290000e-02  1.026080e+03
  5.160000e-02  8.894355e+02
  5.020000e-02  7.710390e+02
  4.890000e-02  6.565185e+02
  4.770000e-02  5.569120e+02
  4.640000e-02  4.720015e+02
  4.520000e-02  3.949610e+02
  4.410000e-02  3.277150e+02
  4.290000e-02  2.723670e+02
  4.180000e-02  2.250565e+02
  4.070000e-02  1.835315e+02
  3.970000e-02  1.473200e+02
  3.860000e-02  1.210345e+02
  3.760000e-02  9.539940e+01
  3.670000e-02  7.684365e+01
  3.570000e-02  6.223175e+01
  3.480000e-02  5.057815e+01
  3.390000e-02  4.130955e+01
  3.300000e-02  3.320520e+01
  3.220000e-02  2.647215e+01
  3.130000e-02  2.235910e+01
  3.050000e-02  1.895035e+01
  2.970000e-02  1.666840e+01
  2.890000e-02  1.475265e+01
  2.820000e-02  1.281830e+01
  2.750000e-02  1.225490e+01
  2.680000e-02  1.103405e+01
  2.610000e-02  1.094965e+01
  2.540000e-02  1.056440e+01
  2.470000e-02  1.052690e+01
  2.410000e-02  9.625425e+00
  2.350000e-02  9.484535e+00
  2.290000e-02  9.841360e+00
  2.230000e-02  9.616035e+00
  2.170000e-02  9.343700e+00
  2.110000e-02  8.583065e+00
  2.060000e-02  9.287334e+00
  2.000000e-02  8.714581e+00
  1.950000e-02  8.592410e+00
  1.900000e-02  8.498530e+00
  1.850000e-02  8.789640e+00
  1.800000e-02  7.737880e+00
  1.760000e-02  8.029005e+00
  1.710000e-02  7.550080e+00
  1.670000e-02  7.108710e+00
  1.630000e-02  7.221415e+00
  1.580000e-02  6.470140e+00
  1.540000e-02  6.592225e+00
  1.500000e-02  6.141475e+00
  1.460000e-02  6.385645e+00
  1.430000e-02  6.103910e+00
  1.390000e-02  5.653160e+00
  1.350000e-02  5.427795e+00
  1.320000e-02  5.239990e+00
  1.280000e-02  4.563845e+00
  1.250000e-02  4.836185e+00
  1.220000e-02  4.479335e+00
  1.190000e-02  3.991020e+00
  1.160000e-02  3.699895e+00
  1.130000e-02  3.333680e+00
  1.100000e-02  3.436975e+00
  1.070000e-02  2.676345e+00
  1.040000e-02  2.666945e+00
  1.010000e-02  2.223700e+01
