  4.934820e+03  3.419300e-03
  4.806990e+03  0.000000e+00
  4.682470e+03  3.419300e-03
  4.561180e+03  0.000000e+00
  4.443030e+03  1.709650e-03
  4.327940e+03  0.000000e+00
  4.215830e+03  0.000000e+00
  4.106630e+03  1.709650e-03
  4.000250e+03  1.709650e-03
  3.896630e+03  0.000000e+00
  3.795700e+03  1.709650e-03
  3.697380e+03  0.000000e+00
  3.601600e+03  0.000000e+00
  3.508310e+03  6.838600e-03
  3.417430e+03  1.709650e-03
  3.328910e+03  0.000000e+00
  3.242680e+03  0.000000e+00
  3.158680e+03  1.709650e-03
  3.076860e+03  3.419300e-03
  2.997160e+03  1.709650e-03
  2.919530e+03  5.128950e-03
  2.843900e+03  3.419300e-03
  2.770230e+03  1.709650e-03
  2.698480e+03  1.709650e-03
  2.628580e+03  5.128950e-03
  2.560490e+03  5.128950e-03
  2.494160e+03  3.419300e-03
  2.429550e+03  5.128950e-03
  2.366620e+03  8.548250e-03
  2.305320e+03  1.196755e-02
  2.245600e+03  1.538685e-02
  2.187430e+03  5.128950e-03
  2.130770e+03  8.548250e-03
  2.075580e+03  1.709650e-02
  2.021810e+03  1.880620e-02
  1.969440e+03  2.051580e-02
  1.918430e+03  3.248345e-02
  1.868730e+03  2.051585e-02
  1.820330e+03  2.735445e-02
  1.773170e+03  2.906400e-02
  1.727240e+03  3.590270e-02
  1.682500e+03  3.248330e-02
  1.638920e+03  3.419300e-02
  1.596470e+03  4.616040e-02
  1.555110e+03  1.025780e-01
  1.514830e+03  6.325700e-02
  1.475590e+03  5.983775e-02
  1.437370e+03  6.325680e-02
  1.400140e+03  8.890145e-02
  1.363870e+03  7.522480e-02
  1.328540e+03  9.061125e-02
  1.294120e+03  8.206335e-02
  1.260600e+03  9.402975e-02
  1.227950e+03  1.367710e-01
  1.196140e+03  1.042879e-01
  1.165160e+03  1.248040e-01
  1.134980e+03  1.350605e-01
  1.105580e+03  2.137055e-01
  1.076940e+03  1.914790e-01
  1.049040e+03  2.017375e-01
  1.021870e+03  2.513175e-01
  9.953980e+02  3.248315e-01
  9.696140e+02  3.282510e-01
  9.444970e+02  3.812495e-01
  9.200320e+02  3.949285e-01
  8.962000e+02  4.975070e-01
  8.729850e+02  5.094735e-01
  8.503720e+02  5.881170e-01
  8.283450e+02  6.735995e-01
  8.068880e+02  7.522475e-01
  7.859870e+02  9.009795e-01
  7.656270e+02  9.830485e-01
  7.457950e+02  1.131785e+00
  7.264760e+02  1.241200e+00
  7.076580e+02  1.395070e+00
  6.893270e+02  1.533550e+00
  6.714710e+02  1.725020e+00
  6.540780e+02  1.955825e+00
  6.371350e+02  2.208850e+00
  6.206310e+02  2.496075e+00
  6.045550e+02  2.831160e+00
  5.888950e+02  3.261990e+00
  5.736410e+02  3.603915e+00
  5.587810e+02  4.000570e+00
  5.443070e+02  4.528835e+00
  5.302080e+02  5.248600e+00
  5.164740e+02  5.906805e+00
  5.030950e+02  6.498345e+00
  4.900630e+02  7.356580e+00
  4.773690e+02  8.483250e+00
  4.650040e+02  9.396220e+00
  4.529580e+02  1.040320e+01
  4.412250e+02  1.201190e+01
  4.297960e+02  1.348555e+01
  4.186630e+02  1.504135e+01
  4.078180e+02  1.640745e+01
  3.972540e+02  1.902155e+01
  3.869640e+02  2.103040e+01
  3.769400e+02  2.351105e+01
  3.671770e+02  2.665160e+01
  3.576650e+02  2.955110e+01
  3.484010e+02  3.339280e+01
  3.393760e+02  3.747540e+01
  3.305850e+02  4.162285e+01
  3.220220e+02  4.628675e+01
  3.136800e+02  5.140200e+01
  3.055550e+02  5.764405e+01
  2.976400e+02  6.419185e+01
  2.899300e+02  7.166299e+01
  2.824200e+02  7.981300e+01
  2.751040e+02  8.897485e+01
  2.679780e+02  9.929725e+01
  2.610370e+02  1.106190e+02
  2.542750e+02  1.229535e+02
  2.476890e+02  1.358250e+02
  2.412730e+02  1.509960e+02
  2.350230e+02  1.689080e+02
  2.289350e+02  1.852575e+02
  2.230050e+02  2.066575e+02
  2.172280e+02  2.286380e+02
  2.116010e+02  2.511370e+02
  2.061200e+02  2.765160e+02
  2.007810e+02  3.055080e+02
  1.955800e+02  3.365665e+02
  1.905140e+02  3.713955e+02
  1.855790e+02  4.067745e+02
  1.807720e+02  4.459110e+02
  1.760890e+02  4.900320e+02
  1.715280e+02  5.317710e+02
  1.670850e+02  5.790100e+02
  1.627570e+02  6.269515e+02
  1.585410e+02  6.770670e+02
  1.544340e+02  7.292835e+02
  1.504340e+02  7.866625e+02
  1.465370e+02  8.415260e+02
  1.427410e+02  9.015990e+02
  1.390440e+02  9.623690e+02
  1.354420e+02  1.025455e+03
  1.319340e+02  1.087245e+03
  1.285160e+02  1.152335e+03
  1.251870e+02  1.217895e+03
  1.219440e+02  1.280965e+03
  1.187850e+02  1.345075e+03
  1.157090e+02  1.409795e+03
  1.127110e+02  1.471065e+03
  1.097920e+02  1.535255e+03
  1.069480e+02  1.597625e+03
  1.041770e+02  1.648135e+03
  1.014790e+02  1.699970e+03
  9.885030e+01  1.750410e+03
  9.628970e+01  1.786375e+03
  9.379550e+01  1.821090e+03
  9.136590e+01  1.849050e+03
  8.899920e+01  1.872105e+03
  8.669380e+01  1.879685e+03
  8.444820e+01  1.881030e+03
  8.226070e+01  1.868045e+03
  8.012980e+01  1.853700e+03
  7.805420e+01  1.818990e+03
  7.603240e+01  1.780920e+03
  7.406290e+01  1.727250e+03
  7.214440e+01  1.672850e+03
  7.027560e+01  1.610005e+03
  6.845520e+01  1.529380e+03
  6.668200e+01  1.446090e+03
  6.495470e+01  1.361135e+03
  6.327220e+01  1.286655e+03
  6.163320e+01  1.210565e+03
  6.003670e+01  1.131410e+03
  5.848160e+01  1.060180e+03
  5.696670e+01  9.872870e+02
  5.549110e+01  9.179475e+02
  5.405370e+01  8.329830e+02
  5.265350e+01  7.451680e+02
  5.128960e+01  6.638195e+02
  4.996100e+01  5.864625e+02
  4.866690e+01  5.074430e+02
  4.740620e+01  4.363620e+02
  4.617830e+01  3.744240e+02
  4.498210e+01  3.183710e+02
  4.381690e+01  2.801905e+02
  4.268190e+01  2.459700e+02
  4.157630e+01  2.155570e+02
  4.049930e+01  1.858085e+02
  3.945030e+01  1.616895e+02
  3.842840e+01  1.420745e+02
  3.743290e+01  1.228680e+02
  3.646330e+01  1.065735e+02
  3.551880e+01  9.156675e+01
  3.459870e+01  7.732370e+01
  3.370250e+01  6.506210e+01
  3.282950e+01  5.396650e+01
  3.197910e+01  4.396170e+01
  3.115070e+01  3.595895e+01
  3.034380e+01  2.940245e+01
  2.955780e+01  2.347860e+01
  2.879220e+01  1.862150e+01
  2.804640e+01  1.470450e+01
  2.731990e+01  1.130925e+01
  2.661220e+01  8.679855e+00
  2.592290e+01  6.547930e+00
  2.525140e+01  4.848545e+00
  2.459730e+01  3.721890e+00
  2.396010e+01  2.798675e+00
  2.333950e+01  1.935305e+00
  2.273490e+01  1.456600e+00
  2.214600e+01  1.071953e+00
  2.157230e+01  7.642120e-01
  2.101350e+01  4.940865e-01
  2.046920e+01  3.368005e-01
  1.993900e+01  2.718335e-01
  1.942250e+01  2.085750e-01
  1.891940e+01  1.384805e-01
  1.842930e+01  1.316415e-01
  1.795200e+01  8.377226e-02
  1.748690e+01  7.864355e-02
  1.703400e+01  5.470865e-02
  1.659270e+01  4.787015e-02
  1.616290e+01  4.616070e-02
  1.574430e+01  6.496630e-02
  1.533640e+01  3.932205e-02
  1.493920e+01  3.932210e-02
  1.455220e+01  2.051585e-02
  1.417520e+01  1.709650e-02
  1.380800e+01  1.367720e-02
  1.345040e+01  1.538685e-02
  1.310200e+01  1.367720e-02
  1.276260e+01  5.128950e-03
  1.243200e+01  1.538685e-02
  1.211000e+01  1.196760e-02
  1.179630e+01  5.128950e-03
  1.149070e+01  1.367720e-02
  1.119310e+01  5.128950e-03
  1.090310e+01  8.548250e-03
  1.062070e+01  5.128950e-03
  1.034560e+01  1.709650e-02
  1.007760e+01  3.419300e-03
  9.816600e+00  1.196755e-02
  9.562300e+00  8.548301e-03
  9.314600e+00  1.025795e-02
  9.073300e+00  1.709650e-03
  8.838300e+00  8.548250e-03
  8.609300e+00  1.367720e-02
  8.386300e+00  2.393515e-02
  8.169100e+00  2.222550e-02
  7.957500e+00  2.564480e-02
  7.751400e+00  5.983775e-02
  7.550600e+00  7.009549e-02
  7.355000e+00  7.522385e-02
  7.164500e+00  7.180520e-02
  6.978900e+00  6.838590e-02
  6.798100e+00  6.667590e-02
  6.622000e+00  8.890135e-02
  6.450500e+00  8.719195e-02
  6.283400e+00  7.351455e-02
  6.120600e+00  8.548175e-02
  5.962100e+00  7.693365e-02
  5.807600e+00  9.573990e-02
  5.657200e+00  9.915840e-02
  5.510700e+00  8.377325e-02
  5.367900e+00  1.008690e-01
  5.228900e+00  9.574001e-02
  5.093400e+00  1.059975e-01
  4.961500e+00  1.042870e-01
  4.833000e+00  1.008680e-01
  4.707800e+00  9.744990e-02
  4.585800e+00  9.403130e-02
  4.467100e+00  8.719195e-02
  4.351300e+00  1.025788e-01
  4.238600e+00  1.077072e-01
  4.128800e+00  1.042885e-01
  4.021900e+00  1.572880e-01
  3.917700e+00  9.915926e-02
  3.816200e+00  1.094171e-01
  3.717400e+00  1.179658e-01
  3.621100e+00  1.025784e-01
  3.527300e+00  1.025787e-01
  3.435900e+00  9.574020e-02
  3.346900e+00  1.179660e-01
  3.260200e+00  9.061095e-02
  3.175800e+00  7.009510e-02
  3.093500e+00  7.009549e-02
  3.013400e+00  5.470875e-02
  2.935300e+00  5.470850e-02
  2.859300e+00  7.522450e-02
  2.785200e+00  8.890140e-02
  2.713100e+00  8.548195e-02
  2.642800e+00  8.035305e-02
  2.574300e+00  7.864400e-02
  2.507600e+00  9.573960e-02
  2.442700e+00  6.838590e-02
  2.379400e+00  7.351480e-02
  2.317800e+00  9.574009e-02
  2.257700e+00  6.667595e-02
  2.199300e+00  7.522430e-02
  2.142300e+00  6.667585e-02
  2.086800e+00  7.180530e-02
  2.032700e+00  6.667635e-02
  1.980100e+00  7.693405e-02
  1.928800e+00  5.641875e-02
  1.878800e+00  4.616050e-02
  1.830200e+00  6.496695e-02
  1.782800e+00  8.035285e-02
  1.736600e+00  5.128950e-02
  1.691600e+00  4.957955e-02
  1.647800e+00  5.299920e-02
  1.605100e+00  4.274135e-02
  1.563500e+00  3.248340e-02
  1.523000e+00  4.274105e-02
  1.483600e+00  5.299940e-02
  1.445100e+00  2.222550e-02
  1.407700e+00  4.787035e-02
  1.371200e+00  1.880620e-02
  1.335700e+00  2.222545e-02
  1.301100e+00  1.709650e-02
  1.267400e+00  3.077380e-02
  1.234600e+00  3.077380e-02
  1.202600e+00  1.880620e-02
  1.171500e+00  3.077380e-02
  1.141100e+00  2.564465e-02
  1.111600e+00  2.735445e-02
  1.082800e+00  1.880615e-02
  1.054700e+00  2.051585e-02
  1.027400e+00  1.709650e-02
  1.000800e+00  1.025790e-02
  9.749000e-01  1.196755e-02
  9.496000e-01  1.367720e-02
  9.250000e-01  1.880620e-02
  9.010000e-01  8.548250e-03
  8.777000e-01  1.367720e-02
  8.550000e-01  2.051585e-02
  8.328000e-01  1.709650e-02
  8.113000e-01  1.880615e-02
  7.902000e-01  8.548250e-03
  7.698000e-01  1.880615e-02
  7.498000e-01  2.222545e-02
  7.304000e-01  2.051580e-02
  7.115000e-01  1.709650e-02
  6.931000e-01  1.538690e-02
  6.751000e-01  5.299935e-02
  6.576000e-01  8.035285e-02
  6.406000e-01  7.522430e-02
  6.240000e-01  1.538685e-02
  6.078000e-01  1.367725e-02
  5.921000e-01  1.880615e-02
  5.767000e-01  2.051585e-02
  5.618000e-01  3.248350e-02
  5.472000e-01  1.367720e-02
  5.331000e-01  2.222550e-02
  5.193000e-01  2.735440e-02
  5.058000e-01  2.051580e-02
  4.927000e-01  2.222545e-02
  4.799000e-01  2.222550e-02
  4.675000e-01  1.538690e-02
  4.554000e-01  1.367725e-02
  4.436000e-01  2.393515e-02
  4.321000e-01  2.735445e-02
  4.209000e-01  1.538685e-02
  4.100000e-01  2.222550e-02
  3.994000e-01  4.103165e-02
  3.891000e-01  3.077380e-02
  3.790000e-01  2.735445e-02
  3.692000e-01  1.880615e-02
  3.596000e-01  3.419300e-03
  3.503000e-01  8.548250e-03
  3.412000e-01  1.880605e-02
  3.324000e-01  2.735440e-02
  3.238000e-01  6.838600e-03
  3.154000e-01  2.393520e-02
  3.072000e-01  2.393510e-02
  2.992000e-01  1.367720e-02
  2.915000e-01  1.025790e-02
  2.839000e-01  2.051580e-02
  2.766000e-01  1.538685e-02
  2.694000e-01  2.564480e-02
  2.624000e-01  1.709650e-02
  2.556000e-01  1.196755e-02
  2.490000e-01  1.709655e-02
  2.426000e-01  1.538685e-02
  2.363000e-01  1.880620e-02
  2.302000e-01  2.051585e-02
  2.242000e-01  1.196760e-02
  2.184000e-01  6.838600e-03
  2.127000e-01  1.025790e-02
  2.072000e-01  1.538685e-02
  2.019000e-01  6.838600e-03
  1.966000e-01  1.025790e-02
  1.915000e-01  5.128950e-03
  1.866000e-01  1.367720e-02
  1.817000e-01  1.538685e-02
  1.770000e-01  8.548250e-03
  1.725000e-01  1.025790e-02
  1.680000e-01  3.419300e-03
  1.636000e-01  3.419300e-03
  1.594000e-01  6.838600e-03
  1.553000e-01  1.709650e-03
  1.512000e-01  0.000000e+00
  1.473000e-01  1.025790e-02
  1.435000e-01  5.128950e-03
  1.398000e-01  1.709650e-03
  1.362000e-01  1.709650e-03
  1.326000e-01  5.128950e-03
  1.292000e-01  1.709650e-03
  1.259000e-01  3.419300e-03
  1.226000e-01  3.419300e-03
  1.194000e-01  3.419300e-03
  1.163000e-01  3.419300e-03
  1.133000e-01  1.709650e-03
  1.104000e-01  0.000000e+00
  1.075000e-01  3.419300e-03
  1.047000e-01  1.709650e-03
  1.020000e-01  1.709650e-03
  9.940000e-02  0.000000e+00
  9.680000e-02  1.709650e-03
  9.430000e-02  1.709650e-03
  9.190000e-02  0.000000e+00
  8.950000e-02  3.419300e-03
  8.720000e-02  1.709650e-03
  8.490000e-02  1.709650e-03
  8.270000e-02  1.709650e-03
  8.060000e-02  0.000000e+00
  7.850000e-02  0.000000e+00
  7.640000e-02  1.709650e-03
  7.450000e-02  0.000000e+00
  7.250000e-02  0.000000e+00
  7.070000e-02  0.000000e+00
  6.880000e-02  0.000000e+00
  6.700000e-02  0.000000e+00
  6.530000e-02  0.000000e+00
  6.360000e-02  0.000000e+00
  6.200000e-02  0.000000e+00
  6.040000e-02  0.000000e+00
  5.880000e-02  0.000000e+00
  5.730000e-02  1.709650e-03
  5.580000e-02  1.709650e-03
  5.430000e-02  0.000000e+00
  5.290000e-02  0.000000e+00
  5.160000e-02  1.709650e-03
  5.020000e-02  0.000000e+00
  4.890000e-02  0.000000e+00
  4.770000e-02  0.000000e+00
  4.640000e-02  0.000000e+00
  4.520000e-02  0.000000e+00
  4.410000e-02  0.000000e+00
  4.290000e-02  0.000000e+00
  4.180000e-02  0.000000e+00
  4.070000e-02  0.000000e+00
  3.970000e-02  0.000000e+00
  3.860000e-02  0.000000e+00
  3.760000e-02  0.000000e+00
  3.670000e-02  0.000000e+00
  3.570000e-02  0.000000e+00
  3.480000e-02  0.000000e+00
  3.390000e-02  0.000000e+00
  3.300000e-02  0.000000e+00
  3.220000e-02  0.000000e+00
  3.130000e-02  0.000000e+00
  3.050000e-02  0.000000e+00
  2.970000e-02  0.000000e+00
  2.890000e-02  0.000000e+00
  2.820000e-02  0.000000e+00
  2.750000e-02  0.000000e+00
  2.680000e-02  0.000000e+00
  2.610000e-02  0.000000e+00
  2.540000e-02  0.000000e+00
  2.470000e-02  0.000000e+00
  2.410000e-02  0.000000e+00
  2.350000e-02  0.000000e+00
  2.290000e-02  0.000000e+00
  2.230000e-02  0.000000e+00
  2.170000e-02  0.000000e+00
  2.110000e-02  0.000000e+00
  2.060000e-02  0.000000e+00
  2.000000e-02  0.000000e+00
  1.950000e-02  0.000000e+00
  1.900000e-02  0.000000e+00
  1.850000e-02  0.000000e+00
  1.800000e-02  0.000000e+00
  1.760000e-02  0.000000e+00
  1.710000e-02  0.000000e+00
  1.670000e-02  0.000000e+00
  1.630000e-02  0.000000e+00
  1.580000e-02  0.000000e+00
  1.540000e-02  0.000000e+00
  1.500000e-02  0.000000e+00
  1.460000e-02  0.000000e+00
  1.430000e-02  0.000000e+00
  1.390000e-02  0.000000e+00
  1.350000e-02  0.000000e+00
  1.320000e-02  0.000000e+00
  1.280000e-02  0.000000e+00
  1.250000e-02  0.000000e+00
  1.220000e-02  0.000000e+00
  1.190000e-02  0.000000e+00
  1.160000e-02  0.000000e+00
  1.130000e-02  0.000000e+00
  1.100000e-02  2.222545e-02
  1.070000e-02  1.880615e-02
  1.040000e-02  1.025790e-02
  1.010000e-02  1.265134e-01
