  4.934820e+03  1.437915e-02
  4.806990e+03  0.000000e+00
  4.682470e+03  0.000000e+00
  4.561180e+03  0.000000e+00
  4.443030e+03  4.793050e-03
  4.327940e+03  4.793050e-03
  4.215830e+03  0.000000e+00
  4.106630e+03  0.000000e+00
  4.000250e+03  0.000000e+00
  3.896630e+03  0.000000e+00
  3.795700e+03  0.000000e+00
  3.697380e+03  0.000000e+00
  3.601600e+03  0.000000e+00
  3.508310e+03  4.793050e-03
  3.417430e+03  0.000000e+00
  3.328910e+03  4.793050e-03
  3.242680e+03  4.793050e-03
  3.158680e+03  4.793050e-03
  3.076860e+03  4.793050e-03
  2.997160e+03  1.437915e-02
  2.919530e+03  9.586100e-03
  2.843900e+03  9.586100e-03
  2.770230e+03  1.437915e-02
  2.698480e+03  4.793050e-03
  2.628580e+03  4.793050e-03
  2.560490e+03  1.917210e-02
  2.494160e+03  4.793050e-03
  2.429550e+03  9.586100e-03
  2.366620e+03  2.875810e-02
  2.305320e+03  1.437905e-02
  2.245600e+03  1.917220e-02
  2.187430e+03  2.396525e-02
  2.130770e+03  4.793050e-03
  2.075580e+03  1.437915e-02
  2.021810e+03  2.875820e-02
  1.969440e+03  2.396515e-02
  1.918430e+03  1.437915e-02
  1.868730e+03  9.586100e-03
  1.820330e+03  4.793035e-02
  1.773170e+03  3.834420e-02
  1.727240e+03  3.355135e-02
  1.682500e+03  1.437915e-02
  1.638920e+03  2.396515e-02
  1.596470e+03  4.793040e-02
  1.555110e+03  6.230955e-02
  1.514830e+03  4.313725e-02
  1.475590e+03  5.272335e-02
  1.437370e+03  5.272325e-02
  1.400140e+03  4.793020e-02
  1.363870e+03  7.668855e-02
  1.328540e+03  3.355125e-02
  1.294120e+03  5.751630e-02
  1.260600e+03  3.834440e-02
  1.227950e+03  1.054462e-01
  1.196140e+03  1.150320e-01
  1.165160e+03  6.710250e-02
  1.134980e+03  9.106720e-02
  1.105580e+03  1.150327e-01
  1.076940e+03  1.054465e-01
  1.049040e+03  9.106765e-02
  1.021870e+03  1.342040e-01
  9.953980e+02  1.389970e-01
  9.696140e+02  1.725480e-01
  9.444970e+02  1.677550e-01
  9.200320e+02  2.300640e-01
  8.962000e+02  1.965130e-01
  8.729850e+02  2.396500e-01
  8.503720e+02  2.252710e-01
  8.283450e+02  3.259240e-01
  8.068880e+02  2.156850e-01
  7.859870e+02  2.971660e-01
  7.656270e+02  4.313700e-01
  7.457950e+02  3.355100e-01
  7.264760e+02  4.745070e-01
  7.076580e+02  4.074050e-01
  6.893270e+02  4.361630e-01
  6.714710e+02  4.793000e-01
  6.540780e+02  5.991250e-01
  6.371350e+02  6.758150e-01
  6.206310e+02  6.326770e-01
  6.045550e+02  7.956380e-01
  5.888950e+02  8.962950e-01
  5.736410e+02  1.011328e+00
  5.587810e+02  9.825720e-01
  5.443070e+02  9.394250e-01
  5.302080e+02  1.241400e+00
  5.164740e+02  1.342030e+00
  5.030950e+02  1.548140e+00
  4.900630e+02  1.437905e+00
  4.773690e+02  1.615235e+00
  4.650040e+02  1.864480e+00
  4.529580e+02  1.936380e+00
  4.412250e+02  2.094540e+00
  4.297960e+02  2.401300e+00
  4.186630e+02  2.511540e+00
  4.078180e+02  2.990850e+00
  3.972540e+02  3.230495e+00
  3.869640e+02  3.542040e+00
  3.769400e+02  3.997380e+00
  3.671770e+02  4.150755e+00
  3.576650e+02  4.668400e+00
  3.484010e+02  5.224410e+00
  3.393760e+02  6.044010e+00
  3.305850e+02  6.623960e+00
  3.220220e+02  6.691060e+00
  3.136800e+02  7.429185e+00
  3.055550e+02  7.850965e+00
  2.976400e+02  9.447109e+00
  2.899300e+02  9.586060e+00
  2.824200e+02  1.016120e+01
  2.751040e+02  1.162785e+01
  2.679780e+02  1.298895e+01
  2.610370e+02  1.390455e+01
  2.542750e+02  1.568280e+01
  2.476890e+02  1.692420e+01
  2.412730e+02  1.817990e+01
  2.350230e+02  2.003015e+01
  2.289350e+02  2.211985e+01
  2.230050e+02  2.400355e+01
  2.172280e+02  2.583440e+01
  2.116010e+02  2.838900e+01
  2.061200e+02  3.175855e+01
  2.007810e+02  3.317250e+01
  1.955800e+02  3.710770e+01
  1.905140e+02  4.015115e+01
  1.855790e+02  4.451750e+01
  1.807720e+02  4.903270e+01
  1.760890e+02  5.379215e+01
  1.715280e+02  5.704165e+01
  1.670850e+02  6.282695e+01
  1.627570e+02  6.782615e+01
  1.585410e+02  7.173255e+01
  1.544340e+02  7.685605e+01
  1.504340e+02  8.329320e+01
  1.465370e+02  8.921740e+01
  1.427410e+02  9.574525e+01
  1.390440e+02  1.015694e+02
  1.354420e+02  1.089495e+02
  1.319340e+02  1.150385e+02
  1.285160e+02  1.217530e+02
  1.251870e+02  1.295560e+02
  1.219440e+02  1.367750e+02
  1.187850e+02  1.447875e+02
  1.157090e+02  1.554085e+02
  1.127110e+02  1.611940e+02
  1.097920e+02  1.721945e+02
  1.069480e+02  1.801035e+02
  1.041770e+02  1.920230e+02
  1.014790e+02  2.012645e+02
  9.885030e+01  2.112775e+02
  9.628970e+01  2.248075e+02
  9.379550e+01  2.343075e+02
  9.136590e+01  2.459735e+02
  8.899920e+01  2.574485e+02
  8.669380e+01  2.705235e+02
  8.444820e+01  2.831295e+02
  8.226070e+01  2.977820e+02
  8.012980e+01  3.136755e+02
  7.805420e+01  3.297025e+02
  7.603240e+01  3.413215e+02
  7.406290e+01  3.601515e+02
  7.214440e+01  3.757635e+02
  7.027560e+01  3.920695e+02
  6.845520e+01  4.109000e+02
  6.668200e+01  4.303425e+02
  6.495470e+01  4.480235e+02
  6.327220e+01  4.618940e+02
  6.163320e+01  4.733505e+02
  6.003670e+01  4.844455e+02
  5.848160e+01  4.942965e+02
  5.696670e+01  5.044145e+02
  5.549110e+01  5.093555e+02
  5.405370e+01  5.215925e+02
  5.265350e+01  5.366845e+02
  5.128960e+01  5.514570e+02
  4.996100e+01  5.723790e+02
  4.866690e+01  5.891775e+02
  4.740620e+01  6.110780e+02
  4.617830e+01  6.279820e+02
  4.498210e+01  6.396485e+02
  4.381690e+01  6.420360e+02
  4.268190e+01  6.408465e+02
  4.157630e+01  6.364125e+02
  4.049930e+01  6.330280e+02
  3.945030e+01  6.299330e+02
  3.842840e+01  6.167515e+02
  3.743290e+01  6.077455e+02
  3.646330e+01  5.992380e+02
  3.551880e+01  5.893795e+02
  3.459870e+01  5.817870e+02
  3.370250e+01  5.753120e+02
  3.282950e+01  5.710845e+02
  3.197910e+01  5.623850e+02
  3.115070e+01  5.578645e+02
  3.034380e+01  5.513805e+02
  2.955780e+01  5.436785e+02
  2.879220e+01  5.390320e+02
  2.804640e+01  5.368755e+02
  2.731990e+01  5.277935e+02
  2.661220e+01  5.225845e+02
  2.592290e+01  5.206320e+02
  2.525140e+01  5.139175e+02
  2.459730e+01  5.127775e+02
  2.396010e+01  5.065220e+02
  2.333950e+01  5.015890e+02
  2.273490e+01  4.956755e+02
  2.214600e+01  4.921960e+02
  2.157230e+01  4.896025e+02
  2.101350e+01  4.885040e+02
  2.046920e+01  4.814545e+02
  1.993900e+01  4.770735e+02
  1.942250e+01  4.730955e+02
  1.891940e+01  4.642150e+02
  1.842930e+01  4.583415e+02
  1.795200e+01  4.491740e+02
  1.748690e+01  4.392620e+02
  1.703400e+01  4.273075e+02
  1.659270e+01  4.165670e+02
  1.616290e+01  4.050295e+02
  1.574430e+01  3.945775e+02
  1.533640e+01  3.891025e+02
  1.493920e+01  3.824940e+02
  1.455220e+01  3.773635e+02
  1.417520e+01  3.762330e+02
  1.380800e+01  3.737460e+02
  1.345040e+01  3.765440e+02
  1.310200e+01  3.780975e+02
  1.276260e+01  3.810120e+02
  1.243200e+01  3.800530e+02
  1.211000e+01  3.828860e+02
  1.179630e+01  3.828135e+02
  1.149070e+01  3.847225e+02
  1.119310e+01  3.879200e+02
  1.090310e+01  4.034345e+02
  1.062070e+01  4.128715e+02
  1.034560e+01  4.222800e+02
  1.007760e+01  4.258885e+02
  9.816600e+00  4.313480e+02
  9.562300e+00  4.261805e+02
  9.314600e+00  4.325265e+02
  9.073300e+00  4.424205e+02
  8.838300e+00  4.496285e+02
  8.609300e+00  4.570535e+02
  8.386300e+00  4.593630e+02
  8.169100e+00  4.600725e+02
  7.957500e+00  4.644345e+02
  7.751400e+00  4.589810e+02
  7.550600e+00  4.622585e+02
  7.355000e+00  4.647555e+02
  7.164500e+00  4.636105e+02
  6.978900e+00  4.621475e+02
  6.798100e+00  4.613475e+02
  6.622000e+00  4.610750e+02
  6.450500e+00  4.634480e+02
  6.283400e+00  4.706995e+02
  6.120600e+00  4.675310e+02
  5.962100e+00  4.679475e+02
  5.807600e+00  4.679620e+02
  5.657200e+00  4.708280e+02
  5.510700e+00  4.768725e+02
  5.367900e+00  4.870095e+02
  5.228900e+00  4.841535e+02
  5.093400e+00  4.778125e+02
  4.961500e+00  4.741880e+02
  4.833000e+00  5.014900e+02
  4.707800e+00  5.524925e+02
  4.585800e+00  4.821250e+02
  4.467100e+00  4.631885e+02
  4.351300e+00  4.722515e+02
  4.238600e+00  4.793595e+02
  4.128800e+00  4.812205e+02
  4.021900e+00  6.890115e+02
  3.917700e+00  5.235810e+02
  3.816200e+00  4.107390e+02
  3.717400e+00  3.957850e+02
  3.621100e+00  3.862990e+02
  3.527300e+00  3.735240e+02
  3.435900e+00  3.606795e+02
  3.346900e+00  3.404480e+02
  3.260200e+00  3.173170e+02
  3.175800e+00  2.885205e+02
  3.093500e+00  2.492190e+02
  3.013400e+00  2.345700e+02
  2.935300e+00  2.433940e+02
  2.859300e+00  2.552525e+02
  2.785200e+00  2.762415e+02
  2.713100e+00  2.922785e+02
  2.642800e+00  2.823195e+02
  2.574300e+00  2.827930e+02
  2.507600e+00  2.681035e+02
  2.442700e+00  2.676710e+02
  2.379400e+00  2.600255e+02
  2.317800e+00  2.392925e+02
  2.257700e+00  2.228610e+02
  2.199300e+00  2.258805e+02
  2.142300e+00  2.030675e+02
  2.086800e+00  1.962550e+02
  2.032700e+00  2.005075e+02
  1.980100e+00  2.726655e+02
  1.928800e+00  1.737580e+02
  1.878800e+00  1.406330e+02
  1.830200e+00  2.048775e+02
  1.782800e+00  5.063070e+02
  1.736600e+00  2.199275e+02
  1.691600e+00  1.448965e+02
  1.647800e+00  1.263675e+02
  1.605100e+00  1.200985e+02
  1.563500e+00  1.143945e+02
  1.523000e+00  1.093725e+02
  1.483600e+00  1.035485e+02
  1.445100e+00  9.725065e+01
  1.407700e+00  9.047320e+01
  1.371200e+00  8.176895e+01
  1.335700e+00  8.533980e+01
  1.301100e+00  7.039980e+01
  1.267400e+00  5.159205e+01
  1.234600e+00  6.783090e+01
  1.202600e+00  7.232675e+01
  1.171500e+00  6.326310e+01
  1.141100e+00  7.335240e+01
  1.111600e+00  5.429060e+01
  1.082800e+00  4.583570e+01
  1.054700e+00  6.462430e+01
  1.027400e+00  5.319300e+01
  1.000800e+00  4.561515e+01
  9.749000e-01  5.159695e+01
  9.496000e-01  4.650180e+01
  9.250000e-01  4.638690e+01
  9.010000e-01  5.062875e+01
  8.777000e-01  5.065270e+01
  8.550000e-01  5.382095e+01
  8.328000e-01  5.263700e+01
  8.113000e-01  5.784215e+01
  7.902000e-01  5.776550e+01
  7.698000e-01  5.676385e+01
  7.498000e-01  6.064610e+01
  7.304000e-01  6.076120e+01
  7.115000e-01  5.881535e+01
  6.931000e-01  8.105479e+01
  6.751000e-01  4.094200e+02
  6.576000e-01  5.618620e+02
  6.406000e-01  1.060055e+03
  6.240000e-01  1.823405e+02
  6.078000e-01  7.099425e+01
  5.921000e-01  6.870800e+01
  5.767000e-01  6.687704e+01
  5.618000e-01  6.623470e+01
  5.472000e-01  6.605740e+01
  5.331000e-01  7.896989e+01
  5.193000e-01  7.818860e+01
  5.058000e-01  8.048935e+01
  4.927000e-01  1.001155e+02
  4.799000e-01  9.413020e+01
  4.675000e-01  7.642004e+01
  4.554000e-01  7.077385e+01
  4.436000e-01  9.669940e+01
  4.321000e-01  8.492760e+01
  4.209000e-01  8.694075e+01
  4.100000e-01  7.376455e+01
  3.994000e-01  1.325850e+02
  3.891000e-01  2.008905e+02
  3.790000e-01  1.796280e+02
  3.692000e-01  7.162690e+01
  3.596000e-01  6.444215e+01
  3.503000e-01  6.478255e+01
  3.412000e-01  6.429370e+01
  3.324000e-01  6.883255e+01
  3.238000e-01  6.489275e+01
  3.154000e-01  6.031060e+01
  3.072000e-01  6.785965e+01
  2.992000e-01  8.226735e+01
  2.915000e-01  8.119850e+01
  2.839000e-01  7.481441e+01
  2.766000e-01  3.998820e+01
  2.694000e-01  7.135385e+01
  2.624000e-01  1.022495e+02
  2.556000e-01  1.439055e+02
  2.490000e-01  6.318165e+01
  2.426000e-01  4.424445e+01
  2.363000e-01  5.198035e+01
  2.302000e-01  4.673200e+01
  2.242000e-01  4.313245e+01
  2.184000e-01  4.399520e+01
  2.127000e-01  4.305095e+01
  2.072000e-01  3.872765e+01
  2.019000e-01  3.994985e+01
  1.966000e-01  4.603225e+01
  1.915000e-01  3.233375e+01
  1.866000e-01  2.763650e+01
  1.817000e-01  2.784740e+01
  1.770000e-01  2.911280e+01
  1.725000e-01  2.616035e+01
  1.680000e-01  4.486275e+01
  1.636000e-01  5.531155e+01
  1.594000e-01  6.080430e+01
  1.553000e-01  6.324880e+01
  1.512000e-01  6.400610e+01
  1.473000e-01  6.316730e+01
  1.435000e-01  6.117335e+01
  1.398000e-01  4.552890e+01
  1.362000e-01  3.603400e+01
  1.326000e-01  3.047890e+01
  1.292000e-01  2.831225e+01
  1.259000e-01  2.747845e+01
  1.226000e-01  2.632805e+01
  1.194000e-01  2.505320e+01
  1.163000e-01  2.326535e+01
  1.133000e-01  2.236425e+01
  1.104000e-01  2.013550e+01
  1.075000e-01  1.859215e+01
  1.047000e-01  1.727395e+01
  1.020000e-01  1.617645e+01
  9.940000e-02  1.509800e+01
  9.680000e-02  1.515550e+01
  9.430000e-02  1.337255e+01
  9.190000e-02  1.248585e+01
  8.950000e-02  1.276865e+01
  8.720000e-02  1.132120e+01
  8.490000e-02  1.085135e+01
  8.270000e-02  9.140230e+00
  8.060000e-02  8.282320e+00
  7.850000e-02  8.095406e+00
  7.640000e-02  7.688020e+00
  7.450000e-02  7.223085e+00
  7.250000e-02  7.271025e+00
  7.070000e-02  6.993040e+00
  6.880000e-02  6.322005e+00
  6.700000e-02  6.101525e+00
  6.530000e-02  5.713290e+00
  6.360000e-02  5.588665e+00
  6.200000e-02  5.186055e+00
  6.040000e-02  4.831365e+00
  5.880000e-02  4.495855e+00
  5.730000e-02  4.021350e+00
  5.580000e-02  3.858380e+00
  5.430000e-02  3.393465e+00
  5.290000e-02  3.206540e+00
  5.160000e-02  2.962095e+00
  5.020000e-02  2.406100e+00
  4.890000e-02  2.075380e+00
  4.770000e-02  1.682345e+00
  4.640000e-02  1.457070e+00
  4.520000e-02  1.121570e+00
  4.410000e-02  9.729820e-01
  4.290000e-02  8.627510e-01
  4.180000e-02  6.182970e-01
  4.070000e-02  5.128510e-01
  3.970000e-02  4.169910e-01
  3.860000e-02  2.875800e-01
  3.760000e-02  2.732010e-01
  3.670000e-02  2.540290e-01
  3.570000e-02  1.629620e-01
  3.480000e-02  1.389972e-01
  3.390000e-02  1.581690e-01
  3.300000e-02  1.246180e-01
  3.220000e-02  1.389970e-01
  3.130000e-02  1.485830e-01
  3.050000e-02  7.189515e-02
  2.970000e-02  1.006532e-01
  2.890000e-02  8.148145e-02
  2.820000e-02  9.106715e-02
  2.750000e-02  1.006531e-01
  2.680000e-02  8.148160e-02
  2.610000e-02  8.627435e-02
  2.540000e-02  8.627450e-02
  2.470000e-02  4.313745e-02
  2.410000e-02  9.106760e-02
  2.350000e-02  8.627425e-02
  2.290000e-02  1.006532e-01
  2.230000e-02  8.627430e-02
  2.170000e-02  1.006538e-01
  2.110000e-02  7.668830e-02
  2.060000e-02  1.006532e-01
  2.000000e-02  6.710230e-02
  1.950000e-02  1.006535e-01
  1.900000e-02  5.751625e-02
  1.850000e-02  8.627445e-02
  1.800000e-02  9.586085e-02
  1.760000e-02  6.710240e-02
  1.710000e-02  8.148155e-02
  1.670000e-02  8.627436e-02
  1.630000e-02  1.150327e-01
  1.580000e-02  9.106745e-02
  1.540000e-02  9.586020e-02
  1.500000e-02  1.150325e-01
  1.460000e-02  7.668824e-02
  1.430000e-02  1.485830e-01
  1.390000e-02  1.198255e-01
  1.350000e-02  1.246180e-01
  1.320000e-02  1.198250e-01
  1.280000e-02  1.294115e-01
  1.250000e-02  1.246180e-01
  1.220000e-02  1.150323e-01
  1.190000e-02  1.533760e-01
  1.160000e-02  1.965130e-01
  1.130000e-02  5.607810e-01
  1.100000e-02  1.543345e+00
  1.070000e-02  1.476230e+00
  1.040000e-02  1.452280e+00
  1.010000e-02  1.091855e+01
