  4.934820e+03  5.128950e-03
  4.806990e+03  0.000000e+00
  4.682470e+03  0.000000e+00
  4.561180e+03  0.000000e+00
  4.443030e+03  0.000000e+00
  4.327940e+03  0.000000e+00
  4.215830e+03  0.000000e+00
  4.106630e+03  3.419300e-03
  4.000250e+03  3.419300e-03
  3.896630e+03  0.000000e+00
  3.795700e+03  0.000000e+00
  3.697380e+03  1.709650e-03
  3.601600e+03  0.000000e+00
  3.508310e+03  0.000000e+00
  3.417430e+03  3.419300e-03
  3.328910e+03  1.709650e-03
  3.242680e+03  1.709650e-03
  3.158680e+03  1.709650e-03
  3.076860e+03  1.709650e-03
  2.997160e+03  6.838600e-03
  2.919530e+03  0.000000e+00
  2.843900e+03  5.128950e-03
  2.770230e+03  3.419300e-03
  2.698480e+03  5.128950e-03
  2.628580e+03  5.128950e-03
  2.560490e+03  5.128950e-03
  2.494160e+03  1.025790e-02
  2.429550e+03  6.838600e-03
  2.366620e+03  8.548250e-03
  2.305320e+03  1.196755e-02
  2.245600e+03  1.196755e-02
  2.187430e+03  1.196755e-02
  2.130770e+03  1.367720e-02
  2.075580e+03  1.367720e-02
  2.021810e+03  2.393515e-02
  1.969440e+03  1.709655e-02
  1.918430e+03  1.880620e-02
  1.868730e+03  2.393510e-02
  1.820330e+03  2.564485e-02
  1.773170e+03  3.248340e-02
  1.727240e+03  3.077375e-02
  1.682500e+03  2.564480e-02
  1.638920e+03  3.761225e-02
  1.596470e+03  4.445100e-02
  1.555110e+03  8.206360e-02
  1.514830e+03  6.838590e-02
  1.475590e+03  8.377270e-02
  1.437370e+03  6.325695e-02
  1.400140e+03  5.299935e-02
  1.363870e+03  8.548160e-02
  1.328540e+03  1.042875e-01
  1.294120e+03  1.145460e-01
  1.260600e+03  1.213835e-01
  1.227950e+03  9.232090e-02
  1.196140e+03  1.077075e-01
  1.165160e+03  1.504485e-01
  1.134980e+03  1.538680e-01
  1.105580e+03  1.675460e-01
  1.076940e+03  1.778030e-01
  1.049040e+03  2.308015e-01
  1.021870e+03  2.513165e-01
  9.953980e+02  2.923490e-01
  9.696140e+02  3.214125e-01
  9.444970e+02  3.521855e-01
  9.200320e+02  3.983475e-01
  8.962000e+02  4.137330e-01
  8.729850e+02  5.111835e-01
  8.503720e+02  5.915365e-01
  8.283450e+02  6.325675e-01
  8.068880e+02  7.522449e-01
  7.859870e+02  8.685035e-01
  7.656270e+02  1.025787e+00
  7.457950e+02  1.030920e+00
  7.264760e+02  1.186495e+00
  7.076580e+02  1.458330e+00
  6.893270e+02  1.509600e+00
  6.714710e+02  1.716495e+00
  6.540780e+02  2.029340e+00
  6.371350e+02  2.176370e+00
  6.206310e+02  2.384950e+00
  6.045550e+02  2.795255e+00
  5.888950e+02  3.195310e+00
  5.736410e+02  3.573150e+00
  5.587810e+02  3.897980e+00
  5.443070e+02  4.532265e+00
  5.302080e+02  5.012670e+00
  5.164740e+02  5.763190e+00
  5.030950e+02  6.395770e+00
  4.900630e+02  7.348035e+00
  4.773690e+02  8.409730e+00
  4.650040e+02  9.336370e+00
  4.529580e+02  1.040660e+01
  4.412250e+02  1.194180e+01
  4.297960e+02  1.340870e+01
  4.186630e+02  1.460715e+01
  4.078180e+02  1.653735e+01
  3.972540e+02  1.881285e+01
  3.869640e+02  2.138250e+01
  3.769400e+02  2.358460e+01
  3.671770e+02  2.683630e+01
  3.576650e+02  2.972390e+01
  3.484010e+02  3.333790e+01
  3.393760e+02  3.755580e+01
  3.305850e+02  4.173750e+01
  3.220220e+02  4.641500e+01
  3.136800e+02  5.141245e+01
  3.055550e+02  5.729185e+01
  2.976400e+02  6.399545e+01
  2.899300e+02  7.140491e+01
  2.824200e+02  7.979750e+01
  2.751040e+02  8.870480e+01
  2.679780e+02  9.919160e+01
  2.610370e+02  1.105635e+02
  2.542750e+02  1.222590e+02
  2.476890e+02  1.362380e+02
  2.412730e+02  1.507935e+02
  2.350230e+02  1.673950e+02
  2.289350e+02  1.854825e+02
  2.230050e+02  2.062820e+02
  2.172280e+02  2.271525e+02
  2.116010e+02  2.499400e+02
  2.061200e+02  2.766150e+02
  2.007810e+02  3.049430e+02
  1.955800e+02  3.363615e+02
  1.905140e+02  3.705645e+02
  1.855790e+02  4.061620e+02
  1.807720e+02  4.462965e+02
  1.760890e+02  4.886185e+02
  1.715280e+02  5.329700e+02
  1.670850e+02  5.762755e+02
  1.627570e+02  6.273170e+02
  1.585410e+02  6.731885e+02
  1.544340e+02  7.303565e+02
  1.504340e+02  7.869675e+02
  1.465370e+02  8.390805e+02
  1.427410e+02  9.004780e+02
  1.390440e+02  9.577155e+02
  1.354420e+02  1.021695e+03
  1.319340e+02  1.084220e+03
  1.285160e+02  1.151070e+03
  1.251870e+02  1.210140e+03
  1.219440e+02  1.273310e+03
  1.187850e+02  1.340210e+03
  1.157090e+02  1.401475e+03
  1.127110e+02  1.467285e+03
  1.097920e+02  1.528040e+03
  1.069480e+02  1.586780e+03
  1.041770e+02  1.640930e+03
  1.014790e+02  1.689095e+03
  9.885030e+01  1.735680e+03
  9.628970e+01  1.776205e+03
  9.379550e+01  1.805490e+03
  9.136590e+01  1.831955e+03
  8.899920e+01  1.850255e+03
  8.669380e+01  1.856980e+03
  8.444820e+01  1.857695e+03
  8.226070e+01  1.844545e+03
  8.012980e+01  1.827425e+03
  7.805420e+01  1.792665e+03
  7.603240e+01  1.751910e+03
  7.406290e+01  1.704855e+03
  7.214440e+01  1.640355e+03
  7.027560e+01  1.576790e+03
  6.845520e+01  1.496545e+03
  6.668200e+01  1.414240e+03
  6.495470e+01  1.328210e+03
  6.327220e+01  1.252630e+03
  6.163320e+01  1.175745e+03
  6.003670e+01  1.095960e+03
  5.848160e+01  1.024770e+03
  5.696670e+01  9.521470e+02
  5.549110e+01  8.835070e+02
  5.405370e+01  8.007685e+02
  5.265350e+01  7.122865e+02
  5.128960e+01  6.317875e+02
  4.996100e+01  5.568020e+02
  4.866690e+01  4.790480e+02
  4.740620e+01  4.086925e+02
  4.617830e+01  3.481635e+02
  4.498210e+01  2.950180e+02
  4.381690e+01  2.583855e+02
  4.268190e+01  2.258055e+02
  4.157630e+01  1.968570e+02
  4.049930e+01  1.684315e+02
  3.945030e+01  1.456420e+02
  3.842840e+01  1.273460e+02
  3.743290e+01  1.098300e+02
  3.646330e+01  9.406625e+01
  3.551880e+01  8.058051e+01
  3.459870e+01  6.786765e+01
  3.370250e+01  5.623180e+01
  3.282950e+01  4.558415e+01
  3.197910e+01  3.750780e+01
  3.115070e+01  3.057700e+01
  3.034380e+01  2.431965e+01
  2.955780e+01  1.909325e+01
  2.879220e+01  1.482770e+01
  2.804640e+01  1.174520e+01
  2.731990e+01  8.770455e+00
  2.661220e+01  6.409450e+00
  2.592290e+01  5.094725e+00
  2.525140e+01  3.473985e+00
  2.459730e+01  2.658500e+00
  2.396010e+01  1.907955e+00
  2.333950e+01  1.355750e+00
  2.273490e+01  9.214915e-01
  2.214600e+01  6.376970e-01
  2.157230e+01  4.103140e-01
  2.101350e+01  3.008965e-01
  2.046920e+01  1.931900e-01
  1.993900e+01  1.042884e-01
  1.942250e+01  1.008686e-01
  1.891940e+01  4.787020e-02
  1.842930e+01  5.641840e-02
  1.795200e+01  3.419310e-02
  1.748690e+01  2.906410e-02
  1.703400e+01  1.709650e-02
  1.659270e+01  1.538685e-02
  1.616290e+01  1.367720e-02
  1.574430e+01  1.367720e-02
  1.533640e+01  1.538685e-02
  1.493920e+01  6.838600e-03
  1.455220e+01  6.838600e-03
  1.417520e+01  1.196755e-02
  1.380800e+01  5.128950e-03
  1.345040e+01  5.128950e-03
  1.310200e+01  1.709650e-03
  1.276260e+01  1.709650e-03
  1.243200e+01  3.419300e-03
  1.211000e+01  3.419300e-03
  1.179630e+01  5.128950e-03
  1.149070e+01  5.128950e-03
  1.119310e+01  1.709650e-03
  1.090310e+01  3.419300e-03
  1.062070e+01  1.709650e-03
  1.034560e+01  1.709650e-03
  1.007760e+01  1.709650e-03
  9.816600e+00  0.000000e+00
  9.562300e+00  3.419300e-03
  9.314600e+00  1.709650e-03
  9.073300e+00  5.128950e-03
  8.838300e+00  5.128950e-03
  8.609300e+00  3.419300e-03
  8.386300e+00  1.709650e-03
  8.169100e+00  1.538685e-02
  7.957500e+00  1.196755e-02
  7.751400e+00  1.880605e-02
  7.550600e+00  2.051585e-02
  7.355000e+00  2.564480e-02
  7.164500e+00  2.735440e-02
  6.978900e+00  2.906410e-02
  6.798100e+00  2.393505e-02
  6.622000e+00  3.932205e-02
  6.450500e+00  3.419305e-02
  6.283400e+00  2.564480e-02
  6.120600e+00  1.880615e-02
  5.962100e+00  3.590265e-02
  5.807600e+00  2.906410e-02
  5.657200e+00  2.564480e-02
  5.510700e+00  4.274120e-02
  5.367900e+00  4.103160e-02
  5.228900e+00  3.419320e-02
  5.093400e+00  3.419305e-02
  4.961500e+00  3.248345e-02
  4.833000e+00  2.906410e-02
  4.707800e+00  3.077375e-02
  4.585800e+00  4.103165e-02
  4.467100e+00  2.906415e-02
  4.351300e+00  3.419295e-02
  4.238600e+00  3.761230e-02
  4.128800e+00  3.077375e-02
  4.021900e+00  4.787020e-02
  3.917700e+00  2.906405e-02
  3.816200e+00  3.932215e-02
  3.717400e+00  2.564480e-02
  3.621100e+00  3.761235e-02
  3.527300e+00  1.709650e-02
  3.435900e+00  3.761250e-02
  3.346900e+00  2.393515e-02
  3.260200e+00  2.906405e-02
  3.175800e+00  1.880615e-02
  3.093500e+00  1.196755e-02
  3.013400e+00  1.538685e-02
  2.935300e+00  1.538685e-02
  2.859300e+00  1.367725e-02
  2.785200e+00  2.393510e-02
  2.713100e+00  2.222550e-02
  2.642800e+00  2.393510e-02
  2.574300e+00  1.880615e-02
  2.507600e+00  3.077380e-02
  2.442700e+00  3.419310e-02
  2.379400e+00  1.538685e-02
  2.317800e+00  1.880615e-02
  2.257700e+00  8.548250e-03
  2.199300e+00  2.564480e-02
  2.142300e+00  2.051580e-02
  2.086800e+00  2.222550e-02
  2.032700e+00  2.393510e-02
  1.980100e+00  1.709650e-02
  1.928800e+00  1.709650e-02
  1.878800e+00  2.222535e-02
  1.830200e+00  1.196755e-02
  1.782800e+00  1.367720e-02
  1.736600e+00  1.196755e-02
  1.691600e+00  1.709650e-02
  1.647800e+00  1.367720e-02
  1.605100e+00  8.548250e-03
  1.563500e+00  1.367720e-02
  1.523000e+00  1.367720e-02
  1.483600e+00  1.538685e-02
  1.445100e+00  5.128950e-03
  1.407700e+00  1.025790e-02
  1.371200e+00  1.709650e-03
  1.335700e+00  1.709650e-03
  1.301100e+00  1.709650e-03
  1.267400e+00  1.367725e-02
  1.234600e+00  3.419300e-03
  1.202600e+00  8.548250e-03
  1.171500e+00  5.128950e-03
  1.141100e+00  1.196755e-02
  1.111600e+00  6.838600e-03
  1.082800e+00  3.419300e-03
  1.054700e+00  6.838600e-03
  1.027400e+00  1.709650e-03
  1.000800e+00  1.709650e-03
  9.749000e-01  0.000000e+00
  9.496000e-01  3.419300e-03
  9.250000e-01  3.419300e-03
  9.010000e-01  8.548250e-03
  8.777000e-01  1.709650e-03
  8.550000e-01  3.419300e-03
  8.328000e-01  5.128950e-03
  8.113000e-01  8.548250e-03
  7.902000e-01  3.419300e-03
  7.698000e-01  0.000000e+00
  7.498000e-01  1.709650e-03
  7.304000e-01  3.419300e-03
  7.115000e-01  1.709650e-03
  6.931000e-01  0.000000e+00
  6.751000e-01  3.419300e-03
  6.576000e-01  8.548250e-03
  6.406000e-01  1.538695e-02
  6.240000e-01  5.129000e-03
  6.078000e-01  0.000000e+00
  5.921000e-01  0.000000e+00
  5.767000e-01  3.419300e-03
  5.618000e-01  5.128950e-03
  5.472000e-01  0.000000e+00
  5.331000e-01  1.709650e-03
  5.193000e-01  6.838600e-03
  5.058000e-01  1.709650e-03
  4.927000e-01  5.128950e-03
  4.799000e-01  5.128950e-03
  4.675000e-01  1.709650e-03
  4.554000e-01  8.548250e-03
  4.436000e-01  3.419300e-03
  4.321000e-01  5.128950e-03
  4.209000e-01  3.419300e-03
  4.100000e-01  1.709650e-03
  3.994000e-01  8.548250e-03
  3.891000e-01  3.419300e-03
  3.790000e-01  8.548250e-03
  3.692000e-01  3.419300e-03
  3.596000e-01  3.419300e-03
  3.503000e-01  1.709650e-03
  3.412000e-01  0.000000e+00
  3.324000e-01  1.709650e-03
  3.238000e-01  8.548250e-03
  3.154000e-01  0.000000e+00
  3.072000e-01  3.419300e-03
  2.992000e-01  3.419300e-03
  2.915000e-01  1.709650e-03
  2.839000e-01  1.025790e-02
  2.766000e-01  1.709650e-03
  2.694000e-01  3.419300e-03
  2.624000e-01  0.000000e+00
  2.556000e-01  0.000000e+00
  2.490000e-01  1.709650e-03
  2.426000e-01  5.128950e-03
  2.363000e-01  1.709650e-03
  2.302000e-01  3.419300e-03
  2.242000e-01  1.709650e-03
  2.184000e-01  1.709650e-03
  2.127000e-01  6.838600e-03
  2.072000e-01  0.000000e+00
  2.019000e-01  3.419300e-03
  1.966000e-01  1.709650e-03
  1.915000e-01  1.709650e-03
  1.866000e-01  3.419300e-03
  1.817000e-01  0.000000e+00
  1.770000e-01  1.709650e-03
  1.725000e-01  0.000000e+00
  1.680000e-01  1.709650e-03
  1.636000e-01  1.709650e-03
  1.594000e-01  1.709650e-03
  1.553000e-01  0.000000e+00
  1.512000e-01  0.000000e+00
  1.473000e-01  1.709650e-03
  1.435000e-01  0.000000e+00
  1.398000e-01  0.000000e+00
  1.362000e-01  1.709650e-03
  1.326000e-01  0.000000e+00
  1.292000e-01  0.000000e+00
  1.259000e-01  0.000000e+00
  1.226000e-01  0.000000e+00
  1.194000e-01  0.000000e+00
  1.163000e-01  0.000000e+00
  1.133000e-01  0.000000e+00
  1.104000e-01  0.000000e+00
  1.075000e-01  1.709650e-03
  1.047000e-01  0.000000e+00
  1.020000e-01  0.000000e+00
  9.940000e-02  0.000000e+00
  9.680000e-02  0.000000e+00
  9.430000e-02  0.000000e+00
  9.190000e-02  0.000000e+00
  8.950000e-02  0.000000e+00
  8.720000e-02  0.000000e+00
  8.490000e-02  0.000000e+00
  8.270000e-02  0.000000e+00
  8.060000e-02  0.000000e+00
  7.850000e-02  0.000000e+00
  7.640000e-02  0.000000e+00
  7.450000e-02  0.000000e+00
  7.250000e-02  0.000000e+00
  7.070000e-02  0.000000e+00
  6.880000e-02  0.000000e+00
  6.700000e-02  0.000000e+00
  6.530000e-02  0.000000e+00
  6.360000e-02  0.000000e+00
  6.200000e-02  0.000000e+00
  6.040000e-02  0.000000e+00
  5.880000e-02  0.000000e+00
  5.730000e-02  0.000000e+00
  5.580000e-02  0.000000e+00
  5.430000e-02  0.000000e+00
  5.290000e-02  0.000000e+00
  5.160000e-02  0.000000e+00
  5.020000e-02  0.000000e+00
  4.890000e-02  0.000000e+00
  4.770000e-02  0.000000e+00
  4.640000e-02  0.000000e+00
  4.520000e-02  0.000000e+00
  4.410000e-02  0.000000e+00
  4.290000e-02  0.000000e+00
  4.180000e-02  0.000000e+00
  4.070000e-02  0.000000e+00
  3.970000e-02  0.000000e+00
  3.860000e-02  0.000000e+00
  3.760000e-02  0.000000e+00
  3.670000e-02  0.000000e+00
  3.570000e-02  0.000000e+00
  3.480000e-02  0.000000e+00
  3.390000e-02  0.000000e+00
  3.300000e-02  0.000000e+00
  3.220000e-02  0.000000e+00
  3.130000e-02  0.000000e+00
  3.050000e-02  0.000000e+00
  2.970000e-02  0.000000e+00
  2.890000e-02  0.000000e+00
  2.820000e-02  0.000000e+00
  2.750000e-02  0.000000e+00
  2.680000e-02  0.000000e+00
  2.610000e-02  0.000000e+00
  2.540000e-02  0.000000e+00
  2.470000e-02  0.000000e+00
  2.410000e-02  0.000000e+00
  2.350000e-02  0.000000e+00
  2.290000e-02  0.000000e+00
  2.230000e-02  0.000000e+00
  2.170000e-02  0.000000e+00
  2.110000e-02  0.000000e+00
  2.060000e-02  0.000000e+00
  2.000000e-02  0.000000e+00
  1.950000e-02  0.000000e+00
  1.900000e-02  0.000000e+00
  1.850000e-02  0.000000e+00
  1.800000e-02  0.000000e+00
  1.760000e-02  0.000000e+00
  1.710000e-02  0.000000e+00
  1.670000e-02  0.000000e+00
  1.630000e-02  0.000000e+00
  1.580000e-02  0.000000e+00
  1.540000e-02  0.000000e+00
  1.500000e-02  0.000000e+00
  1.460000e-02  0.000000e+00
  1.430000e-02  0.000000e+00
  1.390000e-02  0.000000e+00
  1.350000e-02  0.000000e+00
  1.320000e-02  0.000000e+00
  1.280000e-02  0.000000e+00
  1.250000e-02  0.000000e+00
  1.220000e-02  0.000000e+00
  1.190000e-02  0.000000e+00
  1.160000e-02  0.000000e+00
  1.130000e-02  0.000000e+00
  1.100000e-02  3.419300e-03
  1.070000e-02  5.128950e-03
  1.040000e-02  3.419300e-03
  1.010000e-02  3.248340e-02
