  4.934820e+03  0.000000e+00
  4.806990e+03  0.000000e+00
  4.682470e+03  0.000000e+00
  4.561180e+03  0.000000e+00
  4.443030e+03  0.000000e+00
  4.327940e+03  0.000000e+00
  4.215830e+03  1.168800e-02
  4.106630e+03  0.000000e+00
  4.000250e+03  0.000000e+00
  3.896630e+03  0.000000e+00
  3.795700e+03  0.000000e+00
  3.697380e+03  0.000000e+00
  3.601600e+03  0.000000e+00
  3.508310e+03  0.000000e+00
  3.417430e+03  0.000000e+00
  3.328910e+03  0.000000e+00
  3.242680e+03  0.000000e+00
  3.158680e+03  0.000000e+00
  3.076860e+03  0.000000e+00
  2.997160e+03  0.000000e+00
  2.919530e+03  0.000000e+00
  2.843900e+03  0.000000e+00
  2.770230e+03  0.000000e+00
  2.698480e+03  1.168800e-02
  2.628580e+03  0.000000e+00
  2.560490e+03  0.000000e+00
  2.494160e+03  0.000000e+00
  2.429550e+03  1.168800e-02
  2.366620e+03  0.000000e+00
  2.305320e+03  0.000000e+00
  2.245600e+03  0.000000e+00
  2.187430e+03  0.000000e+00
  2.130770e+03  1.168800e-02
  2.075580e+03  0.000000e+00
  2.021810e+03  0.000000e+00
  1.969440e+03  2.337600e-02
  1.918430e+03  0.000000e+00
  1.868730e+03  1.168800e-02
  1.820330e+03  1.168800e-02
  1.773170e+03  2.337600e-02
  1.727240e+03  9.350600e-02
  1.682500e+03  1.168800e-02
  1.638920e+03  2.337600e-02
  1.596470e+03  3.506400e-02
  1.555110e+03  2.337600e-02
  1.514830e+03  0.000000e+00
  1.475590e+03  5.844000e-02
  1.437370e+03  5.844050e-02
  1.400140e+03  2.337600e-02
  1.363870e+03  9.350400e-02
  1.328540e+03  8.181649e-02
  1.294120e+03  5.844000e-02
  1.260600e+03  8.181649e-02
  1.227950e+03  5.844050e-02
  1.196140e+03  7.012799e-02
  1.165160e+03  7.012850e-02
  1.134980e+03  7.012850e-02
  1.105580e+03  1.051925e-01
  1.076940e+03  1.051930e-01
  1.049040e+03  1.168805e-01
  1.021870e+03  1.402580e-01
  9.953980e+02  2.103860e-01
  9.696140e+02  1.051925e-01
  9.444970e+02  2.805140e-01
  9.200320e+02  1.870100e-01
  8.962000e+02  2.337625e-01
  8.729850e+02  3.389565e-01
  8.503720e+02  3.973980e-01
  8.283450e+02  4.324615e-01
  8.068880e+02  4.792140e-01
  7.859870e+02  5.727185e-01
  7.656270e+02  6.896020e-01
  7.457950e+02  6.545355e-01
  7.264760e+02  7.129750e-01
  7.076580e+02  1.028546e+00
  6.893270e+02  1.051930e+00
  6.714710e+02  9.116725e-01
  6.540780e+02  1.145440e+00
  6.371350e+02  1.484395e+00
  6.206310e+02  1.461015e+00
  6.045550e+02  1.612955e+00
  5.888950e+02  2.010360e+00
  5.736410e+02  2.244125e+00
  5.587810e+02  2.337640e+00
  5.443070e+02  2.419450e+00
  5.302080e+02  3.179185e+00
  5.164740e+02  3.740210e+00
  5.030950e+02  4.219425e+00
  4.900630e+02  4.581755e+00
  4.773690e+02  5.329800e+00
  4.650040e+02  5.353165e+00
  4.529580e+02  6.533685e+00
  4.412250e+02  7.047960e+00
  4.297960e+02  8.158365e+00
  4.186630e+02  8.953165e+00
  4.078180e+02  9.899905e+00
  3.972540e+02  1.279855e+01
  3.869640e+02  1.344150e+01
  3.769400e+02  1.507770e+01
  3.671770e+02  1.749710e+01
  3.576650e+02  1.893485e+01
  3.484010e+02  2.105040e+01
  3.393760e+02  2.380885e+01
  3.305850e+02  2.638020e+01
  3.220220e+02  2.982815e+01
  3.136800e+02  3.383725e+01
  3.055550e+02  3.844230e+01
  2.976400e+02  4.144610e+01
  2.899300e+02  4.781630e+01
  2.824200e+02  5.216435e+01
  2.751040e+02  5.758760e+01
  2.679780e+02  6.479920e+01
  2.610370e+02  7.245485e+01
  2.542750e+02  8.175890e+01
  2.476890e+02  9.301460e+01
  2.412730e+02  1.026100e+02
  2.350230e+02  1.148830e+02
  2.289350e+02  1.290380e+02
  2.230050e+02  1.414740e+02
  2.172280e+02  1.616485e+02
  2.116010e+02  1.792960e+02
  2.061200e+02  1.992605e+02
  2.007810e+02  2.217950e+02
  1.955800e+02  2.464930e+02
  1.905140e+02  2.764010e+02
  1.855790e+02  3.092580e+02
  1.807720e+02  3.415280e+02
  1.760890e+02  3.823900e+02
  1.715280e+02  4.189155e+02
  1.670850e+02  4.675145e+02
  1.627570e+02  5.166170e+02
  1.585410e+02  5.624705e+02
  1.544340e+02  6.182810e+02
  1.504340e+02  6.738350e+02
  1.465370e+02  7.382365e+02
  1.427410e+02  8.021350e+02
  1.390440e+02  8.741575e+02
  1.354420e+02  9.411305e+02
  1.319340e+02  1.025735e+03
  1.285160e+02  1.112180e+03
  1.251870e+02  1.187575e+03
  1.219440e+02  1.281465e+03
  1.187850e+02  1.381670e+03
  1.157090e+02  1.483910e+03
  1.127110e+02  1.579750e+03
  1.097920e+02  1.695745e+03
  1.069480e+02  1.804925e+03
  1.041770e+02  1.932480e+03
  1.014790e+02  2.053435e+03
  9.885030e+01  2.174085e+03
  9.628970e+01  2.287305e+03
  9.379550e+01  2.423830e+03
  9.136590e+01  2.539795e+03
  8.899920e+01  2.653530e+03
  8.669380e+01  2.768345e+03
  8.444820e+01  2.884465e+03
  8.226070e+01  2.991430e+03
  8.012980e+01  3.085845e+03
  7.805420e+01  3.178060e+03
  7.603240e+01  3.251840e+03
  7.406290e+01  3.322445e+03
  7.214440e+01  3.358055e+03
  7.027560e+01  3.402525e+03
  6.845520e+01  3.417090e+03
  6.668200e+01  3.403985e+03
  6.495470e+01  3.372550e+03
  6.327220e+01  3.359070e+03
  6.163320e+01  3.306550e+03
  6.003670e+01  3.240625e+03
  5.848160e+01  3.192065e+03
  5.696670e+01  3.114840e+03
  5.549110e+01  3.041605e+03
  5.405370e+01  2.929450e+03
  5.265350e+01  2.810880e+03
  5.128960e+01  2.644375e+03
  4.996100e+01  2.515465e+03
  4.866690e+01  2.341840e+03
  4.740620e+01  2.171495e+03
  4.617830e+01  2.005720e+03
  4.498210e+01  1.852365e+03
  4.381690e+01  1.730970e+03
  4.268190e+01  1.621925e+03
  4.157630e+01  1.522635e+03
  4.049930e+01  1.412860e+03
  3.945030e+01  1.317620e+03
  3.842840e+01  1.233240e+03
  3.743290e+01  1.141015e+03
  3.646330e+01  1.056340e+03
  3.551880e+01  9.843311e+02
  3.459870e+01  8.945650e+02
  3.370250e+01  8.206495e+02
  3.282950e+01  7.486270e+02
  3.197910e+01  6.764410e+02
  3.115070e+01  6.166205e+02
  3.034380e+01  5.621660e+02
  2.955780e+01  5.020885e+02
  2.879220e+01  4.533135e+02
  2.804640e+01  4.075670e+02
  2.731990e+01  3.634215e+02
  2.661220e+01  3.268700e+02
  2.592290e+01  2.924615e+02
  2.525140e+01  2.633575e+02
  2.459730e+01  2.375625e+02
  2.396010e+01  2.113225e+02
  2.333950e+01  1.949815e+02
  2.273490e+01  1.790275e+02
  2.214600e+01  1.611330e+02
  2.157230e+01  1.506480e+02
  2.101350e+01  1.376750e+02
  2.046920e+01  1.295505e+02
  1.993900e+01  1.213815e+02
  1.942250e+01  1.128020e+02
  1.891940e+01  1.031360e+02
  1.842930e+01  9.642709e+01
  1.795200e+01  8.734565e+01
  1.748690e+01  7.737560e+01
  1.703400e+01  7.057305e+01
  1.659270e+01  6.199400e+01
  1.616290e+01  5.486425e+01
  1.574430e+01  4.626165e+01
  1.533640e+01  4.167995e+01
  1.493920e+01  3.446845e+01
  1.455220e+01  2.975795e+01
  1.417520e+01  2.648535e+01
  1.380800e+01  2.244135e+01
  1.345040e+01  2.196205e+01
  1.310200e+01  1.977645e+01
  1.276260e+01  1.911010e+01
  1.243200e+01  1.803480e+01
  1.211000e+01  1.757900e+01
  1.179630e+01  1.627000e+01
  1.149070e+01  1.504255e+01
  1.119310e+01  1.410775e+01
  1.090310e+01  1.444670e+01
  1.062070e+01  1.309090e+01
  1.034560e+01  1.270510e+01
  1.007760e+01  1.067130e+01
  9.816600e+00  9.841450e+00
  9.562300e+00  8.216795e+00
  9.314600e+00  7.620675e+00
  9.073300e+00  5.809015e+00
  8.838300e+00  4.114220e+00
  8.609300e+00  3.342815e+00
  8.386300e+00  2.922045e+00
  8.169100e+00  2.442820e+00
  7.957500e+00  2.583080e+00
  7.751400e+00  2.396070e+00
  7.550600e+00  2.618140e+00
  7.355000e+00  2.910365e+00
  7.164500e+00  2.886970e+00
  6.978900e+00  2.758390e+00
  6.798100e+00  2.770090e+00
  6.622000e+00  2.735025e+00
  6.450500e+00  2.606465e+00
  6.283400e+00  2.536325e+00
  6.120600e+00  2.957100e+00
  5.962100e+00  2.548020e+00
  5.807600e+00  2.384375e+00
  5.657200e+00  2.793465e+00
  5.510700e+00  3.109045e+00
  5.367900e+00  2.699965e+00
  5.228900e+00  2.840225e+00
  5.093400e+00  2.840215e+00
  4.961500e+00  2.851910e+00
  4.833000e+00  2.629840e+00
  4.707800e+00  2.828535e+00
  4.585800e+00  2.886965e+00
  4.467100e+00  2.606460e+00
  4.351300e+00  2.898665e+00
  4.238600e+00  2.758390e+00
  4.128800e+00  2.793475e+00
  4.021900e+00  4.967470e+00
  3.917700e+00  3.541505e+00
  3.816200e+00  2.933720e+00
  3.717400e+00  2.653205e+00
  3.621100e+00  3.272685e+00
  3.527300e+00  3.015545e+00
  3.435900e+00  2.945420e+00
  3.346900e+00  2.922045e+00
  3.260200e+00  2.875275e+00
  3.175800e+00  2.653220e+00
  3.093500e+00  2.396075e+00
  3.013400e+00  2.606460e+00
  2.935300e+00  2.489575e+00
  2.859300e+00  2.606445e+00
  2.785200e+00  3.179185e+00
  2.713100e+00  2.980475e+00
  2.642800e+00  2.968790e+00
  2.574300e+00  3.483065e+00
  2.507600e+00  3.903840e+00
  2.442700e+00  3.962280e+00
  2.379400e+00  4.137600e+00
  2.317800e+00  3.833705e+00
  2.257700e+00  3.331125e+00
  2.199300e+00  5.423310e+00
  2.142300e+00  4.418120e+00
  2.086800e+00  4.172670e+00
  2.032700e+00  4.897330e+00
  1.980100e+00  4.535010e+00
  1.928800e+00  4.955780e+00
  1.878800e+00  5.107735e+00
  1.830200e+00  4.979160e+00
  1.782800e+00  6.077840e+00
  1.736600e+00  5.645390e+00
  1.691600e+00  5.797335e+00
  1.647800e+00  5.890835e+00
  1.605100e+00  6.370055e+00
  1.563500e+00  6.089530e+00
  1.523000e+00  5.855765e+00
  1.483600e+00  6.966145e+00
  1.445100e+00  6.475250e+00
  1.407700e+00  7.012900e+00
  1.371200e+00  7.585620e+00
  1.335700e+00  8.181745e+00
  1.301100e+00  7.831090e+00
  1.267400e+00  7.515495e+00
  1.234600e+00  8.567390e+00
  1.202600e+00  9.338905e+00
  1.171500e+00  1.001685e+01
  1.141100e+00  1.054275e+01
  1.111600e+00  1.041415e+01
  1.082800e+00  1.048430e+01
  1.054700e+00  1.285695e+01
  1.027400e+00  1.233100e+01
  1.000800e+00  1.264660e+01
  9.749000e-01  1.254150e+01
  9.496000e-01  1.420105e+01
  9.250000e-01  1.588415e+01
  9.010000e-01  1.589590e+01
  8.777000e-01  1.719330e+01
  8.550000e-01  1.909855e+01
  8.328000e-01  1.826865e+01
  8.113000e-01  2.016220e+01
  7.902000e-01  2.190355e+01
  7.698000e-01  2.113225e+01
  7.498000e-01  2.438150e+01
  7.304000e-01  2.490745e+01
  7.115000e-01  2.601780e+01
  6.931000e-01  2.696470e+01
  6.751000e-01  3.431630e+01
  6.576000e-01  4.286045e+01
  6.406000e-01  4.131775e+01
  6.240000e-01  3.204895e+01
  6.078000e-01  3.606970e+01
  5.921000e-01  3.437485e+01
  5.767000e-01  3.128920e+01
  5.618000e-01  3.163980e+01
  5.472000e-01  3.237610e+01
  5.331000e-01  4.053465e+01
  5.193000e-01  4.407600e+01
  5.058000e-01  4.468380e+01
  4.927000e-01  3.818520e+01
  4.799000e-01  3.346330e+01
  4.675000e-01  3.438665e+01
  4.554000e-01  3.279715e+01
  4.436000e-01  3.499435e+01
  4.321000e-01  3.217745e+01
  4.209000e-01  3.225925e+01
  4.100000e-01  3.264515e+01
  3.994000e-01  4.805000e+01
  3.891000e-01  3.645540e+01
  3.790000e-01  3.638540e+01
  3.692000e-01  3.372040e+01
  3.596000e-01  3.059975e+01
  3.503000e-01  3.020225e+01
  3.412000e-01  2.786455e+01
  3.324000e-01  2.699970e+01
  3.238000e-01  2.467360e+01
  3.154000e-01  2.448675e+01
  3.072000e-01  2.276850e+01
  2.992000e-01  2.695285e+01
  2.915000e-01  2.570235e+01
  2.839000e-01  2.531655e+01
  2.766000e-01  2.304915e+01
  2.694000e-01  2.178670e+01
  2.624000e-01  2.072305e+01
  2.556000e-01  1.853740e+01
  2.490000e-01  1.569715e+01
  2.426000e-01  1.397900e+01
  2.363000e-01  1.269330e+01
  2.302000e-01  1.023890e+01
  2.242000e-01  8.403795e+00
  2.184000e-01  7.293415e+00
  2.127000e-01  6.533690e+00
  2.072000e-01  5.551870e+00
  2.019000e-01  4.172670e+00
  1.966000e-01  3.331130e+00
  1.915000e-01  3.155800e+00
  1.866000e-01  2.512960e+00
  1.817000e-01  2.068810e+00
  1.770000e-01  1.951910e+00
  1.725000e-01  1.624645e+00
  1.680000e-01  1.157130e+00
  1.636000e-01  1.075317e+00
  1.594000e-01  8.181690e-01
  1.553000e-01  6.077815e-01
  1.512000e-01  5.727190e-01
  1.473000e-01  4.792140e-01
  1.435000e-01  2.922030e-01
  1.398000e-01  4.090855e-01
  1.362000e-01  3.272680e-01
  1.326000e-01  3.389575e-01
  1.292000e-01  2.454515e-01
  1.259000e-01  2.922040e-01
  1.226000e-01  2.805145e-01
  1.194000e-01  2.337630e-01
  1.163000e-01  1.402570e-01
  1.133000e-01  2.688275e-01
  1.104000e-01  2.688275e-01
  1.075000e-01  2.922045e-01
  1.047000e-01  2.337615e-01
  1.020000e-01  2.103855e-01
  9.940000e-02  3.389565e-01
  9.680000e-02  1.519450e-01
  9.430000e-02  3.272685e-01
  9.190000e-02  2.571390e-01
  8.950000e-02  2.220740e-01
  8.720000e-02  1.519450e-01
  8.490000e-02  2.454510e-01
  8.270000e-02  2.103860e-01
  8.060000e-02  1.753220e-01
  7.850000e-02  2.571400e-01
  7.640000e-02  1.870105e-01
  7.450000e-02  1.986985e-01
  7.250000e-02  2.688280e-01
  7.070000e-02  2.922025e-01
  6.880000e-02  2.220745e-01
  6.700000e-02  1.519460e-01
  6.530000e-02  2.103860e-01
  6.360000e-02  2.337620e-01
  6.200000e-02  1.753220e-01
  6.040000e-02  1.753220e-01
  5.880000e-02  1.519455e-01
  5.730000e-02  1.636340e-01
  5.580000e-02  8.181700e-02
  5.430000e-02  1.168810e-01
  5.290000e-02  1.636330e-01
  5.160000e-02  1.051925e-01
  5.020000e-02  3.506450e-02
  4.890000e-02  3.506450e-02
  4.770000e-02  7.012850e-02
  4.640000e-02  8.181600e-02
  4.520000e-02  8.181600e-02
  4.410000e-02  1.168810e-01
  4.290000e-02  9.350450e-02
  4.180000e-02  4.675200e-02
  4.070000e-02  7.012850e-02
  3.970000e-02  5.844050e-02
  3.860000e-02  1.168800e-02
  3.760000e-02  5.844100e-02
  3.670000e-02  5.844000e-02
  3.570000e-02  3.506400e-02
  3.480000e-02  8.181700e-02
  3.390000e-02  4.675200e-02
  3.300000e-02  3.506400e-02
  3.220000e-02  7.012800e-02
  3.130000e-02  1.168800e-02
  3.050000e-02  2.337600e-02
  2.970000e-02  4.675200e-02
  2.890000e-02  2.337650e-02
  2.820000e-02  2.337600e-02
  2.750000e-02  1.168800e-02
  2.680000e-02  2.337600e-02
  2.610000e-02  1.168800e-02
  2.540000e-02  0.000000e+00
  2.470000e-02  3.506400e-02
  2.410000e-02  1.168800e-02
  2.350000e-02  1.168800e-02
  2.290000e-02  1.168800e-02
  2.230000e-02  1.168800e-02
  2.170000e-02  1.168800e-02
  2.110000e-02  0.000000e+00
  2.060000e-02  1.168800e-02
  2.000000e-02  0.000000e+00
  1.950000e-02  0.000000e+00
  1.900000e-02  1.168800e-02
  1.850000e-02  1.168800e-02
  1.800000e-02  0.000000e+00
  1.760000e-02  0.000000e+00
  1.710000e-02  0.000000e+00
  1.670000e-02  0.000000e+00
  1.630000e-02  0.000000e+00
  1.580000e-02  0.000000e+00
  1.540000e-02  0.000000e+00
  1.500000e-02  0.000000e+00
  1.460000e-02  0.000000e+00
  1.430000e-02  0.000000e+00
  1.390000e-02  0.000000e+00
  1.350000e-02  0.000000e+00
  1.320000e-02  0.000000e+00
  1.280000e-02  0.000000e+00
  1.250000e-02  0.000000e+00
  1.220000e-02  0.000000e+00
  1.190000e-02  0.000000e+00
  1.160000e-02  0.000000e+00
  1.130000e-02  0.000000e+00
  1.100000e-02  0.000000e+00
  1.070000e-02  0.000000e+00
  1.040000e-02  0.000000e+00
  1.010000e-02  0.000000e+00
