  4.934820e+03  0.000000e+00
  4.806990e+03  0.000000e+00
  4.682470e+03  0.000000e+00
  4.561180e+03  0.000000e+00
  4.443030e+03  0.000000e+00
  4.327940e+03  9.018500e-03
  4.215830e+03  0.000000e+00
  4.106630e+03  0.000000e+00
  4.000250e+03  0.000000e+00
  3.896630e+03  0.000000e+00
  3.795700e+03  0.000000e+00
  3.697380e+03  0.000000e+00
  3.601600e+03  0.000000e+00
  3.508310e+03  0.000000e+00
  3.417430e+03  0.000000e+00
  3.328910e+03  0.000000e+00
  3.242680e+03  0.000000e+00
  3.158680e+03  0.000000e+00
  3.076860e+03  0.000000e+00
  2.997160e+03  1.803700e-02
  2.919530e+03  0.000000e+00
  2.843900e+03  0.000000e+00
  2.770230e+03  0.000000e+00
  2.698480e+03  0.000000e+00
  2.628580e+03  0.000000e+00
  2.560490e+03  9.018500e-03
  2.494160e+03  9.018500e-03
  2.429550e+03  0.000000e+00
  2.366620e+03  0.000000e+00
  2.305320e+03  9.018500e-03
  2.245600e+03  9.018500e-03
  2.187430e+03  1.803700e-02
  2.130770e+03  9.018500e-03
  2.075580e+03  0.000000e+00
  2.021810e+03  9.018500e-03
  1.969440e+03  0.000000e+00
  1.918430e+03  0.000000e+00
  1.868730e+03  9.018500e-03
  1.820330e+03  9.018500e-03
  1.773170e+03  1.803700e-02
  1.727240e+03  0.000000e+00
  1.682500e+03  9.018500e-03
  1.638920e+03  2.705550e-02
  1.596470e+03  9.018500e-03
  1.555110e+03  9.018500e-03
  1.514830e+03  9.018500e-03
  1.475590e+03  1.803700e-02
  1.437370e+03  4.509250e-02
  1.400140e+03  2.705550e-02
  1.363870e+03  3.607400e-02
  1.328540e+03  6.312950e-02
  1.294120e+03  6.312950e-02
  1.260600e+03  9.920350e-02
  1.227950e+03  5.411100e-02
  1.196140e+03  6.312950e-02
  1.165160e+03  8.116650e-02
  1.134980e+03  6.312950e-02
  1.105580e+03  7.214800e-02
  1.076940e+03  9.920350e-02
  1.049040e+03  8.116650e-02
  1.021870e+03  9.920350e-02
  9.953980e+02  1.352775e-01
  9.696140e+02  1.533150e-01
  9.444970e+02  1.713515e-01
  9.200320e+02  1.533145e-01
  8.962000e+02  1.803700e-01
  8.729850e+02  1.533145e-01
  8.503720e+02  3.156480e-01
  8.283450e+02  2.615370e-01
  8.068880e+02  2.435000e-01
  7.859870e+02  3.427040e-01
  7.656270e+02  4.419080e-01
  7.457950e+02  4.779845e-01
  7.264760e+02  6.493320e-01
  7.076580e+02  5.320970e-01
  6.893270e+02  6.763920e-01
  6.714710e+02  7.846175e-01
  6.540780e+02  7.665790e-01
  6.371350e+02  1.028111e+00
  6.206310e+02  9.649880e-01
  6.045550e+02  1.271610e+00
  5.888950e+02  1.461000e+00
  5.736410e+02  1.442970e+00
  5.587810e+02  1.749610e+00
  5.443070e+02  1.920960e+00
  5.302080e+02  2.173485e+00
  5.164740e+02  2.480105e+00
  5.030950e+02  2.660475e+00
  4.900630e+02  3.057300e+00
  4.773690e+02  3.138460e+00
  4.650040e+02  3.724670e+00
  4.529580e+02  4.319895e+00
  4.412250e+02  4.842980e+00
  4.297960e+02  5.203720e+00
  4.186630e+02  5.717770e+00
  4.078180e+02  6.466320e+00
  3.972540e+02  7.539530e+00
  3.869640e+02  8.928385e+00
  3.769400e+02  9.388315e+00
  3.671770e+02  1.052465e+01
  3.576650e+02  1.192250e+01
  3.484010e+02  1.317605e+01
  3.393760e+02  1.550280e+01
  3.305850e+02  1.726155e+01
  3.220220e+02  1.849720e+01
  3.136800e+02  2.049015e+01
  3.055550e+02  2.381810e+01
  2.976400e+02  2.517085e+01
  2.899300e+02  2.890455e+01
  2.824200e+02  3.274635e+01
  2.751040e+02  3.701205e+01
  2.679780e+02  4.010555e+01
  2.610370e+02  4.624720e+01
  2.542750e+02  5.104520e+01
  2.476890e+02  5.605940e+01
  2.412730e+02  6.284135e+01
  2.350230e+02  7.293320e+01
  2.289350e+02  7.862390e+01
  2.230050e+02  8.821060e+01
  2.172280e+02  9.677850e+01
  2.116010e+02  1.070145e+02
  2.061200e+02  1.215875e+02
  2.007810e+02  1.348085e+02
  1.955800e+02  1.483195e+02
  1.905140e+02  1.679985e+02
  1.855790e+02  1.866765e+02
  1.807720e+02  2.083015e+02
  1.760890e+02  2.280790e+02
  1.715280e+02  2.557570e+02
  1.670850e+02  2.812350e+02
  1.627570e+02  3.086970e+02
  1.585410e+02  3.414525e+02
  1.544340e+02  3.773645e+02
  1.504340e+02  4.098045e+02
  1.465370e+02  4.452650e+02
  1.427410e+02  4.867775e+02
  1.390440e+02  5.280830e+02
  1.354420e+02  5.754390e+02
  1.319340e+02  6.252400e+02
  1.285160e+02  6.713155e+02
  1.251870e+02  7.242270e+02
  1.219440e+02  7.844900e+02
  1.187850e+02  8.475656e+02
  1.157090e+02  8.969240e+02
  1.127110e+02  9.732845e+02
  1.097920e+02  1.041940e+03
  1.069480e+02  1.115355e+03
  1.041770e+02  1.192990e+03
  1.014790e+02  1.271785e+03
  9.885030e+01  1.359605e+03
  9.628970e+01  1.453960e+03
  9.379550e+01  1.539620e+03
  9.136590e+01  1.628435e+03
  8.899920e+01  1.725510e+03
  8.669380e+01  1.816625e+03
  8.444820e+01  1.913005e+03
  8.226070e+01  2.007810e+03
  8.012980e+01  2.103995e+03
  7.805420e+01  2.191985e+03
  7.603240e+01  2.278745e+03
  7.406290e+01  2.365085e+03
  7.214440e+01  2.445615e+03
  7.027560e+01  2.515530e+03
  6.845520e+01  2.583945e+03
  6.668200e+01  2.628360e+03
  6.495470e+01  2.670555e+03
  6.327220e+01  2.693470e+03
  6.163320e+01  2.689365e+03
  6.003670e+01  2.680105e+03
  5.848160e+01  2.658055e+03
  5.696670e+01  2.632715e+03
  5.549110e+01  2.600330e+03
  5.405370e+01  2.552010e+03
  5.265350e+01  2.484790e+03
  5.128960e+01  2.397545e+03
  4.996100e+01  2.320965e+03
  4.866690e+01  2.210560e+03
  4.740620e+01  2.096725e+03
  4.617830e+01  1.968170e+03
  4.498210e+01  1.828380e+03
  4.381690e+01  1.736160e+03
  4.268190e+01  1.638800e+03
  4.157630e+01  1.536495e+03
  4.049930e+01  1.441425e+03
  3.945030e+01  1.350645e+03
  3.842840e+01  1.274785e+03
  3.743290e+01  1.194115e+03
  3.646330e+01  1.115310e+03
  3.551880e+01  1.048650e+03
  3.459870e+01  9.781020e+02
  3.370250e+01  9.017675e+02
  3.282950e+01  8.280940e+02
  3.197910e+01  7.634315e+02
  3.115070e+01  6.965595e+02
  3.034380e+01  6.371165e+02
  2.955780e+01  5.774240e+02
  2.879220e+01  5.256740e+02
  2.804640e+01  4.712395e+02
  2.731990e+01  4.233050e+02
  2.661220e+01  3.739645e+02
  2.592290e+01  3.330380e+02
  2.525140e+01  2.937350e+02
  2.459730e+01  2.577870e+02
  2.396010e+01  2.263665e+02
  2.333950e+01  1.943595e+02
  2.273490e+01  1.683410e+02
  2.214600e+01  1.436655e+02
  2.157230e+01  1.212090e+02
  2.101350e+01  1.038130e+02
  2.046920e+01  8.865269e+01
  1.993900e+01  7.576495e+01
  1.942250e+01  6.625940e+01
  1.891940e+01  5.766470e+01
  1.842930e+01  5.161325e+01
  1.795200e+01  4.679730e+01
  1.748690e+01  4.436240e+01
  1.703400e+01  4.116065e+01
  1.659270e+01  3.776085e+01
  1.616290e+01  3.776975e+01
  1.574430e+01  3.537090e+01
  1.533640e+01  3.521760e+01
  1.493920e+01  3.259300e+01
  1.455220e+01  3.047380e+01
  1.417520e+01  2.500850e+01
  1.380800e+01  2.012940e+01
  1.345040e+01  1.506100e+01
  1.310200e+01  1.074120e+01
  1.276260e+01  8.495525e+00
  1.243200e+01  6.150670e+00
  1.211000e+01  5.266855e+00
  1.179630e+01  4.518300e+00
  1.149070e+01  3.544305e+00
  1.119310e+01  3.057295e+00
  1.090310e+01  2.633415e+00
  1.062070e+01  2.435010e+00
  1.034560e+01  2.119365e+00
  1.007760e+01  1.776650e+00
  9.816600e+00  1.623340e+00
  9.562300e+00  1.226520e+00
  9.314600e+00  1.226510e+00
  9.073300e+00  1.019099e+00
  8.838300e+00  1.001064e+00
  8.609300e+00  9.559644e-01
  8.386300e+00  1.181425e+00
  8.169100e+00  1.866840e+00
  7.957500e+00  2.416975e+00
  7.751400e+00  3.427065e+00
  7.550600e+00  4.824930e+00
  7.355000e+00  4.770820e+00
  7.164500e+00  4.662610e+00
  6.978900e+00  4.184610e+00
  6.798100e+00  3.905055e+00
  6.622000e+00  3.760755e+00
  6.450500e+00  3.679560e+00
  6.283400e+00  3.327850e+00
  6.120600e+00  3.309830e+00
  5.962100e+00  2.903985e+00
  5.807600e+00  3.057290e+00
  5.657200e+00  2.903990e+00
  5.510700e+00  2.885945e+00
  5.367900e+00  2.922015e+00
  5.228900e+00  2.768690e+00
  5.093400e+00  2.903975e+00
  4.961500e+00  2.498150e+00
  4.833000e+00  2.299735e+00
  4.707800e+00  2.471085e+00
  4.585800e+00  2.371880e+00
  4.467100e+00  2.200535e+00
  4.351300e+00  2.101325e+00
  4.238600e+00  2.128385e+00
  4.128800e+00  2.020160e+00
  4.021900e+00  2.958090e+00
  3.917700e+00  2.660480e+00
  3.816200e+00  1.542165e+00
  3.717400e+00  1.695495e+00
  3.621100e+00  1.713530e+00
  3.527300e+00  1.370820e+00
  3.435900e+00  1.587275e+00
  3.346900e+00  1.388865e+00
  3.260200e+00  1.271615e+00
  3.175800e+00  1.136335e+00
  3.093500e+00  7.755930e-01
  3.013400e+00  7.304995e-01
  2.935300e+00  7.846095e-01
  2.859300e+00  9.559670e-01
  2.785200e+00  1.019091e+00
  2.713100e+00  1.262600e+00
  2.642800e+00  1.298675e+00
  2.574300e+00  1.154370e+00
  2.507600e+00  1.244555e+00
  2.442700e+00  1.154380e+00
  2.379400e+00  1.280630e+00
  2.317800e+00  1.136340e+00
  2.257700e+00  1.298670e+00
  2.199300e+00  1.433945e+00
  2.142300e+00  1.397870e+00
  2.086800e+00  1.208483e+00
  2.032700e+00  1.415915e+00
  1.980100e+00  1.424950e+00
  1.928800e+00  1.091236e+00
  1.878800e+00  9.649791e-01
  1.830200e+00  1.524140e+00
  1.782800e+00  2.795750e+00
  1.736600e+00  1.749600e+00
  1.691600e+00  1.406890e+00
  1.647800e+00  1.289650e+00
  1.605100e+00  1.325730e+00
  1.563500e+00  1.497080e+00
  1.523000e+00  1.361800e+00
  1.483600e+00  1.470025e+00
  1.445100e+00  1.208490e+00
  1.407700e+00  1.316705e+00
  1.371200e+00  1.424925e+00
  1.335700e+00  1.352775e+00
  1.301100e+00  1.388860e+00
  1.267400e+00  1.298670e+00
  1.234600e+00  1.641380e+00
  1.202600e+00  1.893905e+00
  1.171500e+00  1.713535e+00
  1.141100e+00  1.939000e+00
  1.111600e+00  1.722550e+00
  1.082800e+00  1.515115e+00
  1.054700e+00  1.966040e+00
  1.027400e+00  1.848815e+00
  1.000800e+00  1.984080e+00
  9.749000e-01  2.146425e+00
  9.496000e-01  2.579315e+00
  9.250000e-01  2.110350e+00
  9.010000e-01  2.660480e+00
  8.777000e-01  2.894965e+00
  8.550000e-01  3.147485e+00
  8.328000e-01  3.021220e+00
  8.113000e-01  3.571355e+00
  7.902000e-01  3.553315e+00
  7.698000e-01  3.715650e+00
  7.498000e-01  3.968185e+00
  7.304000e-01  3.679575e+00
  7.115000e-01  4.283815e+00
  6.931000e-01  4.833960e+00
  6.751000e-01  7.422290e+00
  6.576000e-01  1.111080e+01
  6.406000e-01  1.180525e+01
  6.240000e-01  5.699735e+00
  6.078000e-01  5.943245e+00
  5.921000e-01  5.961285e+00
  5.767000e-01  5.925195e+00
  5.618000e-01  6.213795e+00
  5.472000e-01  6.935280e+00
  5.331000e-01  7.737935e+00
  5.193000e-01  7.801060e+00
  5.058000e-01  8.206915e+00
  4.927000e-01  7.927340e+00
  4.799000e-01  8.125720e+00
  4.675000e-01  7.575620e+00
  4.554000e-01  7.548535e+00
  4.436000e-01  8.838221e+00
  4.321000e-01  8.738979e+00
  4.209000e-01  8.630805e+00
  4.100000e-01  9.289135e+00
  3.994000e-01  1.333850e+01
  3.891000e-01  1.134545e+01
  3.790000e-01  1.110190e+01
  3.692000e-01  1.056985e+01
  3.596000e-01  1.014595e+01
  3.503000e-01  1.030830e+01
  3.412000e-01  9.893355e+00
  3.324000e-01  1.026320e+01
  3.238000e-01  9.424435e+00
  3.154000e-01  1.005576e+01
  3.072000e-01  1.006471e+01
  2.992000e-01  1.253585e+01
  2.915000e-01  1.365415e+01
  2.839000e-01  1.449290e+01
  2.766000e-01  1.264400e+01
  2.694000e-01  1.323025e+01
  2.624000e-01  1.195865e+01
  2.556000e-01  1.109290e+01
  2.490000e-01  1.046156e+01
  2.426000e-01  9.676950e+00
  2.363000e-01  8.270041e+00
  2.302000e-01  7.106630e+00
  2.242000e-01  7.214870e+00
  2.184000e-01  6.051460e+00
  2.127000e-01  5.239795e+00
  2.072000e-01  4.942175e+00
  2.019000e-01  4.635550e+00
  1.966000e-01  3.778780e+00
  1.915000e-01  3.327860e+00
  1.866000e-01  3.048280e+00
  1.817000e-01  2.597340e+00
  1.770000e-01  2.579325e+00
  1.725000e-01  2.020160e+00
  1.680000e-01  1.839770e+00
  1.636000e-01  1.641380e+00
  1.594000e-01  1.334745e+00
  1.553000e-01  1.307675e+00
  1.512000e-01  1.217495e+00
  1.473000e-01  1.037125e+00
  1.435000e-01  1.046149e+00
  1.398000e-01  8.928340e-01
  1.362000e-01  7.485394e-01
  1.326000e-01  5.411125e-01
  1.292000e-01  5.501310e-01
  1.259000e-01  5.320940e-01
  1.226000e-01  3.607420e-01
  1.194000e-01  3.066305e-01
  1.163000e-01  3.156480e-01
  1.133000e-01  2.525185e-01
  1.104000e-01  2.074255e-01
  1.075000e-01  2.435000e-01
  1.047000e-01  1.984075e-01
  1.020000e-01  2.615370e-01
  9.940000e-02  1.533145e-01
  9.680000e-02  9.920350e-02
  9.430000e-02  8.116650e-02
  9.190000e-02  1.262590e-01
  8.950000e-02  7.214800e-02
  8.720000e-02  1.172405e-01
  8.490000e-02  6.312950e-02
  8.270000e-02  8.116650e-02
  8.060000e-02  1.803700e-02
  7.850000e-02  6.312950e-02
  7.640000e-02  8.116651e-02
  7.450000e-02  9.920350e-02
  7.250000e-02  8.116651e-02
  7.070000e-02  9.018500e-02
  6.880000e-02  1.803700e-02
  6.700000e-02  5.411100e-02
  6.530000e-02  4.509250e-02
  6.360000e-02  2.705550e-02
  6.200000e-02  6.312950e-02
  6.040000e-02  4.509250e-02
  5.880000e-02  1.803700e-02
  5.730000e-02  5.411100e-02
  5.580000e-02  2.705550e-02
  5.430000e-02  1.803700e-02
  5.290000e-02  3.607400e-02
  5.160000e-02  2.705550e-02
  5.020000e-02  9.018500e-03
  4.890000e-02  1.803700e-02
  4.770000e-02  1.803700e-02
  4.640000e-02  5.411100e-02
  4.520000e-02  0.000000e+00
  4.410000e-02  2.705550e-02
  4.290000e-02  2.705550e-02
  4.180000e-02  1.803700e-02
  4.070000e-02  0.000000e+00
  3.970000e-02  1.803700e-02
  3.860000e-02  4.509250e-02
  3.760000e-02  0.000000e+00
  3.670000e-02  9.018500e-03
  3.570000e-02  9.018500e-03
  3.480000e-02  9.018500e-03
  3.390000e-02  9.018500e-03
  3.300000e-02  1.803700e-02
  3.220000e-02  0.000000e+00
  3.130000e-02  1.803700e-02
  3.050000e-02  0.000000e+00
  2.970000e-02  0.000000e+00
  2.890000e-02  2.705550e-02
  2.820000e-02  1.803700e-02
  2.750000e-02  9.018500e-03
  2.680000e-02  9.018500e-03
  2.610000e-02  9.018500e-03
  2.540000e-02  2.705550e-02
  2.470000e-02  2.705550e-02
  2.410000e-02  2.705550e-02
  2.350000e-02  0.000000e+00
  2.290000e-02  9.018500e-03
  2.230000e-02  9.018500e-03
  2.170000e-02  9.018500e-03
  2.110000e-02  1.803700e-02
  2.060000e-02  0.000000e+00
  2.000000e-02  9.018500e-03
  1.950000e-02  9.018500e-03
  1.900000e-02  9.018500e-03
  1.850000e-02  1.803700e-02
  1.800000e-02  0.000000e+00
  1.760000e-02  0.000000e+00
  1.710000e-02  9.018500e-03
  1.670000e-02  1.803700e-02
  1.630000e-02  9.018500e-03
  1.580000e-02  0.000000e+00
  1.540000e-02  0.000000e+00
  1.500000e-02  0.000000e+00
  1.460000e-02  9.018500e-03
  1.430000e-02  9.018500e-03
  1.390000e-02  0.000000e+00
  1.350000e-02  0.000000e+00
  1.320000e-02  9.018500e-03
  1.280000e-02  0.000000e+00
  1.250000e-02  0.000000e+00
  1.220000e-02  0.000000e+00
  1.190000e-02  0.000000e+00
  1.160000e-02  0.000000e+00
  1.130000e-02  0.000000e+00
  1.100000e-02  1.803700e-02
  1.070000e-02  0.000000e+00
  1.040000e-02  0.000000e+00
  1.010000e-02  0.000000e+00
