  4.934820e+03  8.257000e-03
  4.806990e+03  0.000000e+00
  4.682470e+03  0.000000e+00
  4.561180e+03  0.000000e+00
  4.443030e+03  0.000000e+00
  4.327940e+03  0.000000e+00
  4.215830e+03  0.000000e+00
  4.106630e+03  0.000000e+00
  4.000250e+03  0.000000e+00
  3.896630e+03  0.000000e+00
  3.795700e+03  0.000000e+00
  3.697380e+03  0.000000e+00
  3.601600e+03  0.000000e+00
  3.508310e+03  0.000000e+00
  3.417430e+03  0.000000e+00
  3.328910e+03  0.000000e+00
  3.242680e+03  0.000000e+00
  3.158680e+03  0.000000e+00
  3.076860e+03  0.000000e+00
  2.997160e+03  0.000000e+00
  2.919530e+03  0.000000e+00
  2.843900e+03  0.000000e+00
  2.770230e+03  0.000000e+00
  2.698480e+03  0.000000e+00
  2.628580e+03  8.257000e-03
  2.560490e+03  0.000000e+00
  2.494160e+03  0.000000e+00
  2.429550e+03  0.000000e+00
  2.366620e+03  0.000000e+00
  2.305320e+03  0.000000e+00
  2.245600e+03  8.257000e-03
  2.187430e+03  0.000000e+00
  2.130770e+03  8.257000e-03
  2.075580e+03  8.257000e-03
  2.021810e+03  0.000000e+00
  1.969440e+03  8.257000e-03
  1.918430e+03  0.000000e+00
  1.868730e+03  2.477100e-02
  1.820330e+03  8.257000e-03
  1.773170e+03  8.257000e-03
  1.727240e+03  8.257000e-03
  1.682500e+03  8.257000e-03
  1.638920e+03  8.257000e-03
  1.596470e+03  8.257000e-03
  1.555110e+03  8.257000e-03
  1.514830e+03  0.000000e+00
  1.475590e+03  0.000000e+00
  1.437370e+03  0.000000e+00
  1.400140e+03  0.000000e+00
  1.363870e+03  8.257000e-03
  1.328540e+03  1.651400e-02
  1.294120e+03  8.257000e-03
  1.260600e+03  4.128500e-02
  1.227950e+03  2.477100e-02
  1.196140e+03  3.302800e-02
  1.165160e+03  4.954200e-02
  1.134980e+03  2.477100e-02
  1.105580e+03  8.257000e-03
  1.076940e+03  1.651400e-02
  1.049040e+03  1.651400e-02
  1.021870e+03  3.302800e-02
  9.953980e+02  2.477100e-02
  9.696140e+02  4.128500e-02
  9.444970e+02  3.302800e-02
  9.200320e+02  2.477100e-02
  8.962000e+02  2.477100e-02
  8.729850e+02  4.128500e-02
  8.503720e+02  4.128500e-02
  8.283450e+02  4.128500e-02
  8.068880e+02  8.257000e-02
  7.859870e+02  7.431300e-02
  7.656270e+02  4.128500e-02
  7.457950e+02  5.779900e-02
  7.264760e+02  4.954200e-02
  7.076580e+02  9.082700e-02
  6.893270e+02  8.257000e-02
  6.714710e+02  4.954200e-02
  6.540780e+02  9.908400e-02
  6.371350e+02  9.908400e-02
  6.206310e+02  9.908400e-02
  6.045550e+02  1.238550e-01
  5.888950e+02  2.064250e-01
  5.736410e+02  1.568830e-01
  5.587810e+02  2.064250e-01
  5.443070e+02  1.651400e-01
  5.302080e+02  1.651400e-01
  5.164740e+02  2.311960e-01
  5.030950e+02  2.807385e-01
  4.900630e+02  3.467955e-01
  4.773690e+02  2.972520e-01
  4.650040e+02  2.724815e-01
  4.529580e+02  4.045940e-01
  4.412250e+02  3.798235e-01
  4.297960e+02  3.798225e-01
  4.186630e+02  4.211080e-01
  4.078180e+02  5.779930e-01
  3.972540e+02  5.367065e-01
  3.869640e+02  6.275360e-01
  3.769400e+02  6.853355e-01
  3.671770e+02  5.697370e-01
  3.576650e+02  7.018515e-01
  3.484010e+02  7.018490e-01
  3.393760e+02  9.165345e-01
  3.305850e+02  9.082835e-01
  3.220220e+02  1.056907e+00
  3.136800e+02  1.131225e+00
  3.055550e+02  1.222035e+00
  2.976400e+02  1.213780e+00
  2.899300e+02  1.321135e+00
  2.824200e+02  1.362430e+00
  2.751040e+02  1.758760e+00
  2.679780e+02  1.791795e+00
  2.610370e+02  1.899125e+00
  2.542750e+02  2.097300e+00
  2.476890e+02  2.196390e+00
  2.412730e+02  2.320235e+00
  2.350230e+02  2.345005e+00
  2.289350e+02  2.980800e+00
  2.230050e+02  3.129425e+00
  2.172280e+02  3.187220e+00
  2.116010e+02  3.418415e+00
  2.061200e+02  3.261525e+00
  2.007810e+02  3.558785e+00
  1.955800e+02  3.955140e+00
  1.905140e+02  4.103760e+00
  1.855790e+02  4.780830e+00
  1.807720e+02  5.012030e+00
  1.760890e+02  5.482680e+00
  1.715280e+02  5.763425e+00
  1.670850e+02  5.903800e+00
  1.627570e+02  6.473530e+00
  1.585410e+02  6.779035e+00
  1.544340e+02  6.845110e+00
  1.504340e+02  7.274460e+00
  1.465370e+02  7.868990e+00
  1.427410e+02  8.124945e+00
  1.390440e+02  8.752485e+00
  1.354420e+02  9.280955e+00
  1.319340e+02  9.512085e+00
  1.285160e+02  9.297475e+00
  1.251870e+02  1.024705e+01
  1.219440e+02  1.019746e+01
  1.187850e+02  1.095715e+01
  1.157090e+02  1.126265e+01
  1.127110e+02  1.127915e+01
  1.097920e+02  1.177455e+01
  1.069480e+02  1.236915e+01
  1.041770e+02  1.296355e+01
  1.014790e+02  1.293875e+01
  9.885030e+01  1.324435e+01
  9.628970e+01  1.435895e+01
  9.379550e+01  1.460680e+01
  9.136590e+01  1.513515e+01
  8.899920e+01  1.561420e+01
  8.669380e+01  1.567180e+01
  8.444820e+01  1.652240e+01
  8.226070e+01  1.650590e+01
  8.012980e+01  1.833905e+01
  7.805420e+01  1.798380e+01
  7.603240e+01  1.865270e+01
  7.406290e+01  1.917295e+01
  7.214440e+01  1.980035e+01
  7.027560e+01  1.983345e+01
  6.845520e+01  2.010595e+01
  6.668200e+01  2.108855e+01
  6.495470e+01  2.183985e+01
  6.327220e+01  2.233530e+01
  6.163320e+01  2.176575e+01
  6.003670e+01  2.200510e+01
  5.848160e+01  2.217020e+01
  5.696670e+01  2.142710e+01
  5.549110e+01  2.231045e+01
  5.405370e+01  2.258305e+01
  5.265350e+01  2.253335e+01
  5.128960e+01  2.185630e+01
  4.996100e+01  2.361510e+01
  4.866690e+01  2.360685e+01
  4.740620e+01  2.373895e+01
  4.617830e+01  2.356555e+01
  4.498210e+01  2.329310e+01
  4.381690e+01  2.342545e+01
  4.268190e+01  2.340875e+01
  4.157630e+01  2.183165e+01
  4.049930e+01  2.267380e+01
  3.945030e+01  2.282245e+01
  3.842840e+01  2.150960e+01
  3.743290e+01  2.143535e+01
  3.646330e+01  2.132800e+01
  3.551880e+01  2.037840e+01
  3.459870e+01  2.127010e+01
  3.370250e+01  2.079125e+01
  3.282950e+01  1.988295e+01
  3.197910e+01  2.095645e+01
  3.115070e+01  2.098940e+01
  3.034380e+01  2.127015e+01
  2.955780e+01  2.141875e+01
  2.879220e+01  2.106365e+01
  2.804640e+01  2.062610e+01
  2.731990e+01  2.090690e+01
  2.661220e+01  2.131970e+01
  2.592290e+01  2.261615e+01
  2.525140e+01  2.219505e+01
  2.459730e+01  2.221975e+01
  2.396010e+01  2.189765e+01
  2.333950e+01  2.285540e+01
  2.273490e+01  2.349960e+01
  2.214600e+01  2.352435e+01
  2.157230e+01  2.400335e+01
  2.101350e+01  2.445720e+01
  2.046920e+01  2.429225e+01
  1.993900e+01  2.495275e+01
  1.942250e+01  2.518410e+01
  1.891940e+01  2.773555e+01
  1.842930e+01  2.629060e+01
  1.795200e+01  2.607575e+01
  1.748690e+01  2.680240e+01
  1.703400e+01  2.532435e+01
  1.659270e+01  2.566290e+01
  1.616290e+01  2.593540e+01
  1.574430e+01  2.431700e+01
  1.533640e+01  2.401140e+01
  1.493920e+01  2.382990e+01
  1.455220e+01  2.335100e+01
  1.417520e+01  2.353250e+01
  1.380800e+01  2.193900e+01
  1.345040e+01  2.376370e+01
  1.310200e+01  2.402795e+01
  1.276260e+01  2.426750e+01
  1.243200e+01  2.546470e+01
  1.211000e+01  2.577850e+01
  1.179630e+01  2.572055e+01
  1.149070e+01  2.733905e+01
  1.119310e+01  2.771060e+01
  1.090310e+01  2.932905e+01
  1.062070e+01  3.111240e+01
  1.034560e+01  3.311900e+01
  1.007760e+01  3.331705e+01
  9.816600e+00  3.404375e+01
  9.562300e+00  3.372180e+01
  9.314600e+00  3.362265e+01
  9.073300e+00  3.486125e+01
  8.838300e+00  3.287960e+01
  8.609300e+00  3.339980e+01
  8.386300e+00  3.199600e+01
  8.169100e+00  2.902365e+01
  7.957500e+00  2.588590e+01
  7.751400e+00  2.267390e+01
  7.550600e+00  2.074170e+01
  7.355000e+00  1.951960e+01
  7.164500e+00  1.855355e+01
  6.978900e+00  1.814075e+01
  6.798100e+00  1.785170e+01
  6.622000e+00  1.814080e+01
  6.450500e+00  1.796745e+01
  6.283400e+00  1.794250e+01
  6.120600e+00  1.876005e+01
  5.962100e+00  1.835545e+01
  5.807600e+00  1.857835e+01
  5.657200e+00  1.853710e+01
  5.510700e+00  1.905740e+01
  5.367900e+00  1.833890e+01
  5.228900e+00  1.890865e+01
  5.093400e+00  1.831415e+01
  4.961500e+00  1.994905e+01
  4.833000e+00  1.895005e+01
  4.707800e+00  1.913985e+01
  4.585800e+00  1.814085e+01
  4.467100e+00  1.726550e+01
  4.351300e+00  1.730665e+01
  4.238600e+00  1.768655e+01
  4.128800e+00  1.761235e+01
  4.021900e+00  1.618375e+01
  3.917700e+00  1.648105e+01
  3.816200e+00  1.579590e+01
  3.717400e+00  1.567185e+01
  3.621100e+00  1.462335e+01
  3.527300e+00  1.359945e+01
  3.435900e+00  1.295540e+01
  3.346900e+00  1.140300e+01
  3.260200e+00  9.380054e+00
  3.175800e+00  7.670800e+00
  3.093500e+00  5.226710e+00
  3.013400e+00  4.260635e+00
  2.935300e+00  5.267995e+00
  2.859300e+00  5.730395e+00
  2.785200e+00  6.498305e+00
  2.713100e+00  7.662570e+00
  2.642800e+00  7.051520e+00
  2.574300e+00  6.655195e+00
  2.507600e+00  5.523960e+00
  2.442700e+00  5.193675e+00
  2.379400e+00  4.417520e+00
  2.317800e+00  3.905590e+00
  2.257700e+00  3.451440e+00
  2.199300e+00  3.195475e+00
  2.142300e+00  2.576210e+00
  2.086800e+00  2.551440e+00
  2.032700e+00  1.989960e+00
  1.980100e+00  1.890870e+00
  1.928800e+00  1.552330e+00
  1.878800e+00  1.436725e+00
  1.830200e+00  1.139470e+00
  1.782800e+00  9.825910e-01
  1.736600e+00  8.504820e-01
  1.691600e+00  8.009335e-01
  1.647800e+00  6.853360e-01
  1.605100e+00  5.779935e-01
  1.563500e+00  4.789070e-01
  1.523000e+00  4.623920e-01
  1.483600e+00  3.880800e-01
  1.445100e+00  2.311960e-01
  1.407700e+00  2.146820e-01
  1.371200e+00  2.064250e-01
  1.335700e+00  1.073410e-01
  1.301100e+00  1.733970e-01
  1.267400e+00  9.082700e-02
  1.234600e+00  1.238550e-01
  1.202600e+00  1.073410e-01
  1.171500e+00  8.257000e-02
  1.141100e+00  4.128500e-02
  1.111600e+00  4.954200e-02
  1.082800e+00  4.128500e-02
  1.054700e+00  7.431300e-02
  1.027400e+00  6.605600e-02
  1.000800e+00  4.128500e-02
  9.749000e-01  5.779900e-02
  9.496000e-01  3.302800e-02
  9.250000e-01  4.128500e-02
  9.010000e-01  3.302800e-02
  8.777000e-01  8.257000e-03
  8.550000e-01  3.302800e-02
  8.328000e-01  4.128500e-02
  8.113000e-01  1.651400e-02
  7.902000e-01  4.128500e-02
  7.698000e-01  3.302800e-02
  7.498000e-01  3.302800e-02
  7.304000e-01  6.605600e-02
  7.115000e-01  6.605600e-02
  6.931000e-01  1.238550e-01
  6.751000e-01  5.945070e-01
  6.576000e-01  7.266235e-01
  6.406000e-01  1.486280e+00
  6.240000e-01  2.889955e-01
  6.078000e-01  3.302800e-02
  5.921000e-01  9.908400e-02
  5.767000e-01  5.779900e-02
  5.618000e-01  5.779900e-02
  5.472000e-01  1.155980e-01
  5.331000e-01  8.257000e-02
  5.193000e-01  1.403690e-01
  5.058000e-01  1.486260e-01
  4.927000e-01  1.651400e-01
  4.799000e-01  2.559680e-01
  4.675000e-01  1.321120e-01
  4.554000e-01  2.064250e-01
  4.436000e-01  1.486260e-01
  4.321000e-01  1.651400e-01
  4.209000e-01  2.064250e-01
  4.100000e-01  2.064250e-01
  3.994000e-01  2.559680e-01
  3.891000e-01  5.201935e-01
  3.790000e-01  4.623940e-01
  3.692000e-01  2.229390e-01
  3.596000e-01  2.064250e-01
  3.503000e-01  1.651400e-01
  3.412000e-01  1.816540e-01
  3.324000e-01  2.807380e-01
  3.238000e-01  2.146820e-01
  3.154000e-01  2.146825e-01
  3.072000e-01  2.229390e-01
  2.992000e-01  2.724815e-01
  2.915000e-01  3.880800e-01
  2.839000e-01  3.880790e-01
  2.766000e-01  3.633085e-01
  2.694000e-01  7.101045e-01
  2.624000e-01  8.835060e-01
  2.556000e-01  1.387190e+00
  2.490000e-01  7.183645e-01
  2.426000e-01  4.128510e-01
  2.363000e-01  5.779915e-01
  2.302000e-01  5.367065e-01
  2.242000e-01  4.954220e-01
  2.184000e-01  4.458800e-01
  2.127000e-01  4.458775e-01
  2.072000e-01  4.128510e-01
  2.019000e-01  4.045940e-01
  1.966000e-01  4.954205e-01
  1.915000e-01  5.201916e-01
  1.866000e-01  3.633080e-01
  1.817000e-01  3.715660e-01
  1.770000e-01  4.211075e-01
  1.725000e-01  3.550520e-01
  1.680000e-01  4.541370e-01
  1.636000e-01  5.201950e-01
  1.594000e-01  4.706510e-01
  1.553000e-01  5.532190e-01
  1.512000e-01  4.293650e-01
  1.473000e-01  4.871645e-01
  1.435000e-01  5.036800e-01
  1.398000e-01  5.119345e-01
  1.362000e-01  4.706525e-01
  1.326000e-01  5.036795e-01
  1.292000e-01  4.954225e-01
  1.259000e-01  4.706495e-01
  1.226000e-01  5.532230e-01
  1.194000e-01  5.201940e-01
  1.163000e-01  4.541375e-01
  1.133000e-01  5.367075e-01
  1.104000e-01  5.284515e-01
  1.075000e-01  4.128525e-01
  1.047000e-01  4.789065e-01
  1.020000e-01  5.862495e-01
  9.940000e-02  6.688210e-01
  9.680000e-02  5.697365e-01
  9.430000e-02  5.201925e-01
  9.190000e-02  5.449635e-01
  8.950000e-02  5.945040e-01
  8.720000e-02  4.871655e-01
  8.490000e-02  4.871650e-01
  8.270000e-02  4.871635e-01
  8.060000e-02  4.789080e-01
  7.850000e-02  5.532220e-01
  7.640000e-02  3.963375e-01
  7.450000e-02  4.376225e-01
  7.250000e-02  3.302815e-01
  7.070000e-02  3.302805e-01
  6.880000e-02  2.724810e-01
  6.700000e-02  2.229390e-01
  6.530000e-02  2.559670e-01
  6.360000e-02  1.321120e-01
  6.200000e-02  1.486260e-01
  6.040000e-02  1.733970e-01
  5.880000e-02  9.908400e-02
  5.730000e-02  1.238550e-01
  5.580000e-02  9.908400e-02
  5.430000e-02  6.605600e-02
  5.290000e-02  4.954200e-02
  5.160000e-02  4.128500e-02
  5.020000e-02  5.779900e-02
  4.890000e-02  1.651400e-02
  4.770000e-02  2.477100e-02
  4.640000e-02  2.477100e-02
  4.520000e-02  2.477100e-02
  4.410000e-02  2.477100e-02
  4.290000e-02  0.000000e+00
  4.180000e-02  2.477100e-02
  4.070000e-02  0.000000e+00
  3.970000e-02  8.257000e-03
  3.860000e-02  1.651400e-02
  3.760000e-02  0.000000e+00
  3.670000e-02  8.257000e-03
  3.570000e-02  0.000000e+00
  3.480000e-02  0.000000e+00
  3.390000e-02  0.000000e+00
  3.300000e-02  0.000000e+00
  3.220000e-02  0.000000e+00
  3.130000e-02  0.000000e+00
  3.050000e-02  0.000000e+00
  2.970000e-02  0.000000e+00
  2.890000e-02  0.000000e+00
  2.820000e-02  0.000000e+00
  2.750000e-02  0.000000e+00
  2.680000e-02  0.000000e+00
  2.610000e-02  0.000000e+00
  2.540000e-02  0.000000e+00
  2.470000e-02  1.651400e-02
  2.410000e-02  0.000000e+00
  2.350000e-02  0.000000e+00
  2.290000e-02  0.000000e+00
  2.230000e-02  0.000000e+00
  2.170000e-02  0.000000e+00
  2.110000e-02  0.000000e+00
  2.060000e-02  8.257000e-03
  2.000000e-02  0.000000e+00
  1.950000e-02  0.000000e+00
  1.900000e-02  0.000000e+00
  1.850000e-02  0.000000e+00
  1.800000e-02  0.000000e+00
  1.760000e-02  8.257000e-03
  1.710000e-02  0.000000e+00
  1.670000e-02  0.000000e+00
  1.630000e-02  0.000000e+00
  1.580000e-02  0.000000e+00
  1.540000e-02  0.000000e+00
  1.500000e-02  0.000000e+00
  1.460000e-02  0.000000e+00
  1.430000e-02  0.000000e+00
  1.390000e-02  0.000000e+00
  1.350000e-02  0.000000e+00
  1.320000e-02  0.000000e+00
  1.280000e-02  0.000000e+00
  1.250000e-02  0.000000e+00
  1.220000e-02  0.000000e+00
  1.190000e-02  0.000000e+00
  1.160000e-02  0.000000e+00
  1.130000e-02  0.000000e+00
  1.100000e-02  0.000000e+00
  1.070000e-02  0.000000e+00
  1.040000e-02  0.000000e+00
  1.010000e-02  0.000000e+00
