  4.934820e+03  1.651400e-02
  4.806990e+03  0.000000e+00
  4.682470e+03  0.000000e+00
  4.561180e+03  0.000000e+00
  4.443030e+03  8.257000e-03
  4.327940e+03  0.000000e+00
  4.215830e+03  0.000000e+00
  4.106630e+03  0.000000e+00
  4.000250e+03  0.000000e+00
  3.896630e+03  8.257000e-03
  3.795700e+03  8.257000e-03
  3.697380e+03  8.257000e-03
  3.601600e+03  0.000000e+00
  3.508310e+03  0.000000e+00
  3.417430e+03  0.000000e+00
  3.328910e+03  8.257000e-03
  3.242680e+03  0.000000e+00
  3.158680e+03  8.257000e-03
  3.076860e+03  8.257000e-03
  2.997160e+03  8.257000e-03
  2.919530e+03  0.000000e+00
  2.843900e+03  0.000000e+00
  2.770230e+03  8.257000e-03
  2.698480e+03  8.257000e-03
  2.628580e+03  8.257000e-03
  2.560490e+03  0.000000e+00
  2.494160e+03  1.651400e-02
  2.429550e+03  8.257000e-03
  2.366620e+03  8.257000e-03
  2.305320e+03  0.000000e+00
  2.245600e+03  0.000000e+00
  2.187430e+03  3.302800e-02
  2.130770e+03  0.000000e+00
  2.075580e+03  8.257000e-03
  2.021810e+03  1.651400e-02
  1.969440e+03  3.302800e-02
  1.918430e+03  8.257000e-03
  1.868730e+03  8.257000e-03
  1.820330e+03  1.651400e-02
  1.773170e+03  0.000000e+00
  1.727240e+03  4.128500e-02
  1.682500e+03  2.477100e-02
  1.638920e+03  1.651400e-02
  1.596470e+03  2.477100e-02
  1.555110e+03  4.128500e-02
  1.514830e+03  3.302800e-02
  1.475590e+03  7.431300e-02
  1.437370e+03  4.128500e-02
  1.400140e+03  4.128500e-02
  1.363870e+03  1.651400e-02
  1.328540e+03  5.779900e-02
  1.294120e+03  7.431300e-02
  1.260600e+03  9.908400e-02
  1.227950e+03  4.128500e-02
  1.196140e+03  5.779900e-02
  1.165160e+03  4.954200e-02
  1.134980e+03  4.128500e-02
  1.105580e+03  4.128500e-02
  1.076940e+03  1.486260e-01
  1.049040e+03  9.908400e-02
  1.021870e+03  6.605600e-02
  9.953980e+02  9.082700e-02
  9.696140e+02  1.073410e-01
  9.444970e+02  1.238550e-01
  9.200320e+02  1.403690e-01
  8.962000e+02  1.238550e-01
  8.729850e+02  1.321120e-01
  8.503720e+02  1.816540e-01
  8.283450e+02  2.064250e-01
  8.068880e+02  2.311960e-01
  7.859870e+02  2.064255e-01
  7.656270e+02  2.311970e-01
  7.457950e+02  2.311960e-01
  7.264760e+02  2.311960e-01
  7.076580e+02  2.642240e-01
  6.893270e+02  2.807390e-01
  6.714710e+02  3.055095e-01
  6.540780e+02  3.220230e-01
  6.371350e+02  3.220235e-01
  6.206310e+02  4.706510e-01
  6.045550e+02  3.963380e-01
  5.888950e+02  4.954225e-01
  5.736410e+02  4.789080e-01
  5.587810e+02  5.945060e-01
  5.443070e+02  6.027635e-01
  5.302080e+02  5.119370e-01
  5.164740e+02  7.844225e-01
  5.030950e+02  6.523070e-01
  4.900630e+02  8.257090e-01
  4.773690e+02  7.761590e-01
  4.650040e+02  8.257051e-01
  4.529580e+02  8.587375e-01
  4.412250e+02  7.926795e-01
  4.297960e+02  1.205535e+00
  4.186630e+02  9.165300e-01
  4.078180e+02  1.189020e+00
  3.972540e+02  1.296360e+00
  3.869640e+02  1.420220e+00
  3.769400e+02  1.568840e+00
  3.671770e+02  1.667930e+00
  3.576650e+02  1.577085e+00
  3.484010e+02  1.989965e+00
  3.393760e+02  2.072520e+00
  3.305850e+02  2.039505e+00
  3.220220e+02  2.378040e+00
  3.136800e+02  2.303725e+00
  3.055550e+02  2.658770e+00
  2.976400e+02  2.931255e+00
  2.899300e+02  2.799135e+00
  2.824200e+02  3.178965e+00
  2.751040e+02  2.865205e+00
  2.679780e+02  3.732185e+00
  2.610370e+02  3.872555e+00
  2.542750e+02  3.798245e+00
  2.476890e+02  4.293670e+00
  2.412730e+02  4.442290e+00
  2.350230e+02  4.780825e+00
  2.289350e+02  5.433145e+00
  2.230050e+02  5.614795e+00
  2.172280e+02  5.647840e+00
  2.116010e+02  6.333155e+00
  2.061200e+02  6.605640e+00
  2.007810e+02  6.547850e+00
  1.955800e+02  7.513920e+00
  1.905140e+02  7.984575e+00
  1.855790e+02  7.885490e+00
  1.807720e+02  8.702986e+00
  1.760890e+02  8.925875e+00
  1.715280e+02  9.999250e+00
  1.670850e+02  1.037090e+01
  1.627570e+02  1.055255e+01
  1.585410e+02  1.072600e+01
  1.544340e+02  1.180760e+01
  1.504340e+02  1.188190e+01
  1.465370e+02  1.310400e+01
  1.427410e+02  1.388000e+01
  1.390440e+02  1.345075e+01
  1.354420e+02  1.482140e+01
  1.319340e+02  1.502790e+01
  1.285160e+02  1.649760e+01
  1.251870e+02  1.734815e+01
  1.219440e+02  1.707565e+01
  1.187850e+02  1.744720e+01
  1.157090e+02  1.880125e+01
  1.127110e+02  1.978400e+01
  1.097920e+02  2.060140e+01
  1.069480e+02  2.174075e+01
  1.041770e+02  2.209580e+01
  1.014790e+02  2.202965e+01
  9.885030e+01  2.347475e+01
  9.628970e+01  2.397835e+01
  9.379550e+01  2.557200e+01
  9.136590e+01  2.525840e+01
  8.899920e+01  2.703360e+01
  8.669380e+01  2.832175e+01
  8.444820e+01  2.917220e+01
  8.226070e+01  2.990700e+01
  8.012980e+01  3.127765e+01
  7.805420e+01  3.169060e+01
  7.603240e+01  3.232630e+01
  7.406290e+01  3.304470e+01
  7.214440e+01  3.597595e+01
  7.027560e+01  3.664475e+01
  6.845520e+01  3.837875e+01
  6.668200e+01  3.886600e+01
  6.495470e+01  3.992300e+01
  6.327220e+01  4.159090e+01
  6.163320e+01  4.165690e+01
  6.003670e+01  4.213565e+01
  5.848160e+01  4.295315e+01
  5.696670e+01  4.543860e+01
  5.549110e+01  4.495970e+01
  5.405370e+01  4.595060e+01
  5.265350e+01  4.720555e+01
  5.128960e+01  4.875785e+01
  4.996100e+01  4.932760e+01
  4.866690e+01  5.147445e+01
  4.740620e+01  5.423240e+01
  4.617830e+01  5.514900e+01
  4.498210e+01  5.769205e+01
  4.381690e+01  5.642875e+01
  4.268190e+01  5.893880e+01
  4.157630e+01  5.831970e+01
  4.049930e+01  5.932700e+01
  3.945030e+01  6.047470e+01
  3.842840e+01  6.067275e+01
  3.743290e+01  6.185360e+01
  3.646330e+01  6.178755e+01
  3.551880e+01  6.376100e+01
  3.459870e+01  6.532990e+01
  3.370250e+01  6.518110e+01
  3.282950e+01  6.637845e+01
  3.197910e+01  6.852534e+01
  3.115070e+01  7.002810e+01
  3.034380e+01  7.271995e+01
  2.955780e+01  7.295925e+01
  2.879220e+01  7.636120e+01
  2.804640e+01  7.765750e+01
  2.731990e+01  8.140630e+01
  2.661220e+01  8.237230e+01
  2.592290e+01  8.541085e+01
  2.525140e+01  8.607985e+01
  2.459730e+01  8.960550e+01
  2.396010e+01  9.110850e+01
  2.333950e+01  9.682249e+01
  2.273490e+01  9.898600e+01
  2.214600e+01  1.033455e+02
  2.157230e+01  1.046085e+02
  2.101350e+01  1.077470e+02
  2.046920e+01  1.099260e+02
  1.993900e+01  1.155645e+02
  1.942250e+01  1.191740e+02
  1.891940e+01  1.217430e+02
  1.842930e+01  1.254830e+02
  1.795200e+01  1.270345e+02
  1.748690e+01  1.270830e+02
  1.703400e+01  1.315595e+02
  1.659270e+01  1.331120e+02
  1.616290e+01  1.342935e+02
  1.574430e+01  1.331780e+02
  1.533640e+01  1.341360e+02
  1.493920e+01  1.346645e+02
  1.455220e+01  1.365965e+02
  1.417520e+01  1.381650e+02
  1.380800e+01  1.423345e+02
  1.345040e+01  1.477020e+02
  1.310200e+01  1.557190e+02
  1.276260e+01  1.604270e+02
  1.243200e+01  1.678415e+02
  1.211000e+01  1.755700e+02
  1.179630e+01  1.847675e+02
  1.149070e+01  1.961715e+02
  1.119310e+01  2.077045e+02
  1.090310e+01  2.172430e+02
  1.062070e+01  2.315850e+02
  1.034560e+01  2.414195e+02
  1.007760e+01  2.586855e+02
  9.816600e+00  2.688410e+02
  9.562300e+00  2.776110e+02
  9.314600e+00  2.741835e+02
  9.073300e+00  2.705910e+02
  8.838300e+00  2.572160e+02
  8.609300e+00  2.454985e+02
  8.386300e+00  2.305445e+02
  8.169100e+00  2.176975e+02
  7.957500e+00  2.012420e+02
  7.751400e+00  1.930585e+02
  7.550600e+00  1.867590e+02
  7.355000e+00  1.887810e+02
  7.164500e+00  1.880130e+02
  6.978900e+00  1.892180e+02
  6.798100e+00  1.862795e+02
  6.622000e+00  1.878310e+02
  6.450500e+00  1.928275e+02
  6.283400e+00  2.005545e+02
  6.120600e+00  2.010510e+02
  5.962100e+00  2.036025e+02
  5.807600e+00  2.093170e+02
  5.657200e+00  2.110500e+02
  5.510700e+00  2.195050e+02
  5.367900e+00  2.340705e+02
  5.228900e+00  2.337650e+02
  5.093400e+00  2.355080e+02
  4.961500e+00  2.369700e+02
  4.833000e+00  2.733330e+02
  4.707800e+00  3.374895e+02
  4.585800e+00  2.795675e+02
  4.467100e+00  2.716820e+02
  4.351300e+00  2.914320e+02
  4.238600e+00  3.123560e+02
  4.128800e+00  3.224545e+02
  4.021900e+00  6.411610e+02
  3.917700e+00  4.418515e+02
  3.816200e+00  2.832505e+02
  3.717400e+00  2.785270e+02
  3.621100e+00  2.819785e+02
  3.527300e+00  2.847530e+02
  3.435900e+00  2.908885e+02
  3.346900e+00  2.972205e+02
  3.260200e+00  3.070965e+02
  3.175800e+00  3.274330e+02
  3.093500e+00  3.323875e+02
  3.013400e+00  3.425020e+02
  2.935300e+00  3.553260e+02
  2.859300e+00  3.607265e+02
  2.785200e+00  3.719145e+02
  2.713100e+00  3.770255e+02
  2.642800e+00  3.728975e+02
  2.574300e+00  4.027705e+02
  2.507600e+00  3.891295e+02
  2.442700e+00  4.004760e+02
  2.379400e+00  4.142310e+02
  2.317800e+00  4.007310e+02
  2.257700e+00  3.872475e+02
  2.199300e+00  4.199375e+02
  2.142300e+00  3.664650e+02
  2.086800e+00  3.750590e+02
  2.032700e+00  4.453850e+02
  1.980100e+00  8.092415e+02
  1.928800e+00  4.965945e+02
  1.878800e+00  3.854880e+02
  1.830200e+00  7.040040e+02
  1.782800e+00  1.954105e+03
  1.736600e+00  7.685740e+02
  1.691600e+00  4.173860e+02
  1.647800e+00  3.588435e+02
  1.605100e+00  3.531790e+02
  1.563500e+00  3.472590e+02
  1.523000e+00  3.521225e+02
  1.483600e+00  3.578280e+02
  1.445100e+00  3.577280e+02
  1.407700e+00  3.413890e+02
  1.371200e+00  3.260540e+02
  1.335700e+00  3.429725e+02
  1.301100e+00  3.074170e+02
  1.267400e+00  2.676850e+02
  1.234600e+00  2.896320e+02
  1.202600e+00  3.362285e+02
  1.171500e+00  3.186225e+02
  1.141100e+00  3.996255e+02
  1.111600e+00  3.150730e+02
  1.082800e+00  3.028270e+02
  1.054700e+00  3.600650e+02
  1.027400e+00  3.165015e+02
  1.000800e+00  3.103250e+02
  9.749000e-01  3.263925e+02
  9.496000e-01  3.291675e+02
  9.250000e-01  3.456150e+02
  9.010000e-01  3.493575e+02
  8.777000e-01  3.707180e+02
  8.550000e-01  4.178460e+02
  8.328000e-01  3.887175e+02
  8.113000e-01  4.311840e+02
  7.902000e-01  4.347655e+02
  7.698000e-01  4.231820e+02
  7.498000e-01  4.924095e+02
  7.304000e-01  4.732445e+02
  7.115000e-01  4.823280e+02
  6.931000e-01  8.832830e+02
  6.751000e-01  7.262370e+03
  6.576000e-01  1.003595e+04
  6.406000e-01  2.034540e+04
  6.240000e-01  3.461730e+03
  6.078000e-01  7.575185e+02
  5.921000e-01  7.016095e+02
  5.767000e-01  6.895550e+02
  5.618000e-01  7.281485e+02
  5.472000e-01  7.404015e+02
  5.331000e-01  9.788895e+02
  5.193000e-01  1.042585e+03
  5.058000e-01  1.091900e+03
  4.927000e-01  1.527325e+03
  4.799000e-01  1.639195e+03
  4.675000e-01  1.145075e+03
  4.554000e-01  1.021880e+03
  4.436000e-01  1.486905e+03
  4.321000e-01  1.446615e+03
  4.209000e-01  1.447910e+03
  4.100000e-01  1.361840e+03
  3.994000e-01  2.193795e+03
  3.891000e-01  3.886730e+03
  3.790000e-01  3.543030e+03
  3.692000e-01  1.516975e+03
  3.596000e-01  1.454745e+03
  3.503000e-01  1.497335e+03
  3.412000e-01  1.546680e+03
  3.324000e-01  1.648470e+03
  3.238000e-01  1.714530e+03
  3.154000e-01  1.689855e+03
  3.072000e-01  1.863010e+03
  2.992000e-01  2.314680e+03
  2.915000e-01  2.590715e+03
  2.839000e-01  2.668355e+03
  2.766000e-01  1.496375e+03
  2.694000e-01  3.067115e+03
  2.624000e-01  3.560090e+03
  2.556000e-01  6.361235e+03
  2.490000e-01  3.816760e+03
  2.426000e-01  1.446085e+03
  2.363000e-01  2.797870e+03
  2.302000e-01  2.751985e+03
  2.242000e-01  2.543155e+03
  2.184000e-01  2.602230e+03
  2.127000e-01  2.689225e+03
  2.072000e-01  2.629355e+03
  2.019000e-01  2.725270e+03
  1.966000e-01  2.957935e+03
  1.915000e-01  2.220790e+03
  1.866000e-01  7.955925e+02
  1.817000e-01  9.059890e+02
  1.770000e-01  8.729685e+02
  1.725000e-01  9.613695e+02
  1.680000e-01  2.716945e+03
  1.636000e-01  3.342080e+03
  1.594000e-01  3.631090e+03
  1.553000e-01  3.745540e+03
  1.512000e-01  3.814250e+03
  1.473000e-01  3.848315e+03
  1.435000e-01  3.946015e+03
  1.398000e-01  3.201480e+03
  1.362000e-01  2.736395e+03
  1.326000e-01  2.410980e+03
  1.292000e-01  2.259190e+03
  1.259000e-01  2.252615e+03
  1.226000e-01  2.250825e+03
  1.194000e-01  2.272345e+03
  1.163000e-01  2.324360e+03
  1.133000e-01  1.736810e+03
  1.104000e-01  1.494545e+03
  1.075000e-01  1.628875e+03
  1.047000e-01  1.750850e+03
  1.020000e-01  1.764445e+03
  9.940000e-02  1.108100e+03
  9.680000e-02  5.873905e+02
  9.430000e-02  5.561785e+02
  9.190000e-02  6.394105e+02
  8.950000e-02  1.582905e+03
  8.720000e-02  1.651410e+03
  8.490000e-02  1.562100e+03
  8.270000e-02  1.481115e+03
  8.060000e-02  1.392045e+03
  7.850000e-02  1.343330e+03
  7.640000e-02  1.302400e+03
  7.450000e-02  1.270660e+03
  7.250000e-02  1.233285e+03
  7.070000e-02  1.170015e+03
  6.880000e-02  1.098490e+03
  6.700000e-02  1.030005e+03
  6.530000e-02  9.644075e+02
  6.360000e-02  8.873280e+02
  6.200000e-02  8.160785e+02
  6.040000e-02  7.541170e+02
  5.880000e-02  6.859385e+02
  5.730000e-02  6.090730e+02
  5.580000e-02  5.485990e+02
  5.430000e-02  4.853010e+02
  5.290000e-02  4.292510e+02
  5.160000e-02  3.775695e+02
  5.020000e-02  3.265500e+02
  4.890000e-02  2.767350e+02
  4.770000e-02  2.332695e+02
  4.640000e-02  1.953195e+02
  4.520000e-02  1.646630e+02
  4.410000e-02  1.342675e+02
  4.290000e-02  1.116510e+02
  4.180000e-02  8.861465e+01
  4.070000e-02  7.193546e+01
  3.970000e-02  5.770845e+01
  3.860000e-02  4.629730e+01
  3.760000e-02  3.730540e+01
  3.670000e-02  2.885855e+01
  3.570000e-02  2.269860e+01
  3.480000e-02  1.800045e+01
  3.390000e-02  1.481310e+01
  3.300000e-02  1.145250e+01
  3.220000e-02  9.099335e+00
  3.130000e-02  7.365275e+00
  3.050000e-02  6.234080e+00
  2.970000e-02  5.045060e+00
  2.890000e-02  4.326695e+00
  2.820000e-02  3.633100e+00
  2.750000e-02  3.459705e+00
  2.680000e-02  2.972535e+00
  2.610000e-02  3.088135e+00
  2.540000e-02  2.856930e+00
  2.470000e-02  2.741345e+00
  2.410000e-02  2.543180e+00
  2.350000e-02  2.733090e+00
  2.290000e-02  2.683540e+00
  2.230000e-02  2.493630e+00
  2.170000e-02  2.394550e+00
  2.110000e-02  2.427585e+00
  2.060000e-02  1.907385e+00
  2.000000e-02  2.155095e+00
  1.950000e-02  2.022985e+00
  1.900000e-02  2.452335e+00
  1.850000e-02  2.311965e+00
  1.800000e-02  2.353255e+00
  1.760000e-02  1.965185e+00
  1.710000e-02  2.287220e+00
  1.670000e-02  1.940420e+00
  1.630000e-02  1.989955e+00
  1.580000e-02  1.783535e+00
  1.540000e-02  1.791790e+00
  1.500000e-02  1.890875e+00
  1.460000e-02  1.874350e+00
  1.430000e-02  1.899135e+00
  1.390000e-02  1.717470e+00
  1.350000e-02  1.758755e+00
  1.320000e-02  1.733995e+00
  1.280000e-02  1.420225e+00
  1.250000e-02  1.420215e+00
  1.220000e-02  1.197275e+00
  1.190000e-02  1.436730e+00
  1.160000e-02  1.147740e+00
  1.130000e-02  1.213795e+00
  1.100000e-02  1.147730e+00
  1.070000e-02  1.106455e+00
  1.040000e-02  9.991040e-01
  1.010000e-02  7.505655e+00
