  4.934820e+03  0.000000e+00
  4.806990e+03  0.000000e+00
  4.682470e+03  0.000000e+00
  4.561180e+03  0.000000e+00
  4.443030e+03  0.000000e+00
  4.327940e+03  0.000000e+00
  4.215830e+03  0.000000e+00
  4.106630e+03  0.000000e+00
  4.000250e+03  0.000000e+00
  3.896630e+03  0.000000e+00
  3.795700e+03  0.000000e+00
  3.697380e+03  0.000000e+00
  3.601600e+03  3.462450e-02
  3.508310e+03  0.000000e+00
  3.417430e+03  0.000000e+00
  3.328910e+03  0.000000e+00
  3.242680e+03  0.000000e+00
  3.158680e+03  0.000000e+00
  3.076860e+03  0.000000e+00
  2.997160e+03  0.000000e+00
  2.919530e+03  0.000000e+00
  2.843900e+03  0.000000e+00
  2.770230e+03  0.000000e+00
  2.698480e+03  0.000000e+00
  2.628580e+03  0.000000e+00
  2.560490e+03  0.000000e+00
  2.494160e+03  0.000000e+00
  2.429550e+03  0.000000e+00
  2.366620e+03  0.000000e+00
  2.305320e+03  0.000000e+00
  2.245600e+03  3.462450e-02
  2.187430e+03  0.000000e+00
  2.130770e+03  0.000000e+00
  2.075580e+03  0.000000e+00
  2.021810e+03  0.000000e+00
  1.969440e+03  0.000000e+00
  1.918430e+03  0.000000e+00
  1.868730e+03  3.462450e-02
  1.820330e+03  3.462450e-02
  1.773170e+03  3.462450e-02
  1.727240e+03  3.462450e-02
  1.682500e+03  3.462450e-02
  1.638920e+03  3.462450e-02
  1.596470e+03  0.000000e+00
  1.555110e+03  3.462450e-02
  1.514830e+03  3.462450e-02
  1.475590e+03  0.000000e+00
  1.437370e+03  3.462450e-02
  1.400140e+03  0.000000e+00
  1.363870e+03  0.000000e+00
  1.328540e+03  6.924900e-02
  1.294120e+03  1.731225e-01
  1.260600e+03  3.462450e-02
  1.227950e+03  0.000000e+00
  1.196140e+03  1.038735e-01
  1.165160e+03  1.384980e-01
  1.134980e+03  3.462450e-02
  1.105580e+03  1.038735e-01
  1.076940e+03  0.000000e+00
  1.049040e+03  6.924900e-02
  1.021870e+03  1.038735e-01
  9.953980e+02  2.423735e-01
  9.696140e+02  2.423725e-01
  9.444970e+02  2.769980e-01
  9.200320e+02  2.769985e-01
  8.962000e+02  3.808715e-01
  8.729850e+02  2.077470e-01
  8.503720e+02  2.077480e-01
  8.283450e+02  3.808705e-01
  8.068880e+02  3.462450e-01
  7.859870e+02  6.232465e-01
  7.656270e+02  6.924955e-01
  7.457950e+02  6.232460e-01
  7.264760e+02  5.539960e-01
  7.076580e+02  5.539950e-01
  6.893270e+02  6.924950e-01
  6.714710e+02  7.963735e-01
  6.540780e+02  1.211875e+00
  6.371350e+02  1.350375e+00
  6.206310e+02  1.350375e+00
  6.045550e+02  1.177248e+00
  5.888950e+02  1.869750e+00
  5.736410e+02  2.423750e+00
  5.587810e+02  2.008250e+00
  5.443070e+02  2.216000e+00
  5.302080e+02  2.977745e+00
  5.164740e+02  2.977745e+00
  5.030950e+02  3.739490e+00
  4.900630e+02  3.670230e+00
  4.773690e+02  4.812845e+00
  4.650040e+02  4.708955e+00
  4.529580e+02  5.678435e+00
  4.412250e+02  6.474785e+00
  4.297960e+02  6.890275e+00
  4.186630e+02  8.656070e+00
  4.078180e+02  9.037000e+00
  3.972540e+02  1.121835e+01
  3.869640e+02  1.156455e+01
  3.769400e+02  1.315730e+01
  3.671770e+02  1.568490e+01
  3.576650e+02  1.696600e+01
  3.484010e+02  2.018620e+01
  3.393760e+02  2.167495e+01
  3.305850e+02  2.344080e+01
  3.220220e+02  2.690345e+01
  3.136800e+02  3.091990e+01
  3.055550e+02  3.476310e+01
  2.976400e+02  3.926455e+01
  2.899300e+02  4.258850e+01
  2.824200e+02  4.715895e+01
  2.751040e+02  5.401460e+01
  2.679780e+02  6.017765e+01
  2.610370e+02  6.907620e+01
  2.542750e+02  7.461615e+01
  2.476890e+02  8.933180e+01
  2.412730e+02  9.521800e+01
  2.350230e+02  1.075095e+02
  2.289350e+02  1.182075e+02
  2.230050e+02  1.302935e+02
  2.172280e+02  1.497170e+02
  2.116010e+02  1.702500e+02
  2.061200e+02  1.891910e+02
  2.007810e+02  2.140165e+02
  1.955800e+02  2.382545e+02
  1.905140e+02  2.690340e+02
  1.855790e+02  2.992935e+02
  1.807720e+02  3.288975e+02
  1.760890e+02  3.721110e+02
  1.715280e+02  4.112720e+02
  1.670850e+02  4.582590e+02
  1.627570e+02  5.059355e+02
  1.585410e+02  5.698870e+02
  1.544340e+02  6.187770e+02
  1.504340e+02  6.901745e+02
  1.465370e+02  7.407255e+02
  1.427410e+02  8.213320e+02
  1.390440e+02  8.967785e+02
  1.354420e+02  1.000617e+03
  1.319340e+02  1.072575e+03
  1.285160e+02  1.161850e+03
  1.251870e+02  1.268415e+03
  1.219440e+02  1.373700e+03
  1.187850e+02  1.487290e+03
  1.157090e+02  1.638300e+03
  1.127110e+02  1.739200e+03
  1.097920e+02  1.916720e+03
  1.069480e+02  2.064535e+03
  1.041770e+02  2.217675e+03
  1.014790e+02  2.389625e+03
  9.885030e+01  2.576630e+03
  9.628970e+01  2.788920e+03
  9.379550e+01  3.006915e+03
  9.136590e+01  3.219365e+03
  8.899920e+01  3.431265e+03
  8.669380e+01  3.685865e+03
  8.444820e+01  3.916890e+03
  8.226070e+01  4.170135e+03
  8.012980e+01  4.392000e+03
  7.805420e+01  4.694625e+03
  7.603240e+01  4.943670e+03
  7.406290e+01  5.224135e+03
  7.214440e+01  5.482855e+03
  7.027560e+01  5.722140e+03
  6.845520e+01  5.958030e+03
  6.668200e+01  6.223995e+03
  6.495470e+01  6.379585e+03
  6.327220e+01  6.557775e+03
  6.163320e+01  6.657215e+03
  6.003670e+01  6.789450e+03
  5.848160e+01  6.851265e+03
  5.696670e+01  6.902700e+03
  5.549110e+01  6.907210e+03
  5.405370e+01  6.917760e+03
  5.265350e+01  6.916145e+03
  5.128960e+01  6.868750e+03
  4.996100e+01  6.791350e+03
  4.866690e+01  6.640595e+03
  4.740620e+01  6.466855e+03
  4.617830e+01  6.265165e+03
  4.498210e+01  6.007730e+03
  4.381690e+01  5.816395e+03
  4.268190e+01  5.578795e+03
  4.157630e+01  5.348715e+03
  4.049930e+01  5.097915e+03
  3.945030e+01  4.888045e+03
  3.842840e+01  4.700780e+03
  3.743290e+01  4.454485e+03
  3.646330e+01  4.220990e+03
  3.551880e+01  4.054070e+03
  3.459870e+01  3.843570e+03
  3.370250e+01  3.595175e+03
  3.282950e+01  3.390650e+03
  3.197910e+01  3.183705e+03
  3.115070e+01  2.979725e+03
  3.034380e+01  2.765690e+03
  2.955780e+01  2.574065e+03
  2.879220e+01  2.367315e+03
  2.804640e+01  2.158100e+03
  2.731990e+01  2.001800e+03
  2.661220e+01  1.825235e+03
  2.592290e+01  1.648930e+03
  2.525140e+01  1.494130e+03
  2.459730e+01  1.342010e+03
  2.396010e+01  1.204940e+03
  2.333950e+01  1.086155e+03
  2.273490e+01  9.647810e+02
  2.214600e+01  8.604925e+02
  2.157230e+01  7.513910e+02
  2.101350e+01  6.615725e+02
  2.046920e+01  5.936035e+02
  1.993900e+01  5.273340e+02
  1.942250e+01  4.763660e+02
  1.891940e+01  4.301095e+02
  1.842930e+01  4.011275e+02
  1.795200e+01  3.700685e+02
  1.748690e+01  3.498810e+02
  1.703400e+01  3.280335e+02
  1.659270e+01  3.136640e+02
  1.616290e+01  3.089545e+02
  1.574430e+01  2.939280e+02
  1.533640e+01  2.823980e+02
  1.493920e+01  2.721495e+02
  1.455220e+01  2.494030e+02
  1.417520e+01  2.250610e+02
  1.380800e+01  1.884965e+02
  1.345040e+01  1.525570e+02
  1.310200e+01  1.265875e+02
  1.276260e+01  1.104180e+02
  1.243200e+01  9.608380e+01
  1.211000e+01  8.843166e+01
  1.179630e+01  8.313380e+01
  1.149070e+01  7.994839e+01
  1.119310e+01  7.409680e+01
  1.090310e+01  7.163840e+01
  1.062070e+01  7.215775e+01
  1.034560e+01  6.613306e+01
  1.007760e+01  6.225510e+01
  9.816600e+00  5.681900e+01
  9.562300e+00  4.961730e+01
  9.314600e+00  4.019945e+01
  9.073300e+00  3.590575e+01
  8.838300e+00  3.143915e+01
  8.609300e+00  2.766520e+01
  8.386300e+00  2.634940e+01
  8.169100e+00  2.683415e+01
  7.957500e+00  2.918855e+01
  7.751400e+00  3.202795e+01
  7.550600e+00  3.663295e+01
  7.355000e+00  3.680610e+01
  7.164500e+00  3.507485e+01
  6.978900e+00  3.067755e+01
  6.798100e+00  2.610700e+01
  6.622000e+00  2.662635e+01
  6.450500e+00  2.254060e+01
  6.283400e+00  2.004765e+01
  6.120600e+00  1.745080e+01
  5.962100e+00  1.616955e+01
  5.807600e+00  1.790080e+01
  5.657200e+00  1.696605e+01
  5.510700e+00  1.623895e+01
  5.367900e+00  1.523475e+01
  5.228900e+00  1.322655e+01
  5.093400e+00  1.454225e+01
  4.961500e+00  1.388435e+01
  4.833000e+00  1.246475e+01
  4.707800e+00  1.128760e+01
  4.585800e+00  1.045660e+01
  4.467100e+00  9.140825e+00
  4.351300e+00  9.037029e+00
  4.238600e+00  9.521730e+00
  4.128800e+00  8.067511e+00
  4.021900e+00  1.007568e+01
  3.917700e+00  9.313986e+00
  3.816200e+00  6.821000e+00
  3.717400e+00  6.855670e+00
  3.621100e+00  6.855695e+00
  3.527300e+00  5.816955e+00
  3.435900e+00  5.955430e+00
  3.346900e+00  5.089820e+00
  3.260200e+00  3.566370e+00
  3.175800e+00  2.458370e+00
  3.093500e+00  2.389125e+00
  3.013400e+00  1.939000e+00
  2.935300e+00  2.077500e+00
  2.859300e+00  3.012370e+00
  2.785200e+00  3.427875e+00
  2.713100e+00  5.193700e+00
  2.642800e+00  4.362725e+00
  2.574300e+00  3.808740e+00
  2.507600e+00  4.085730e+00
  2.442700e+00  4.431965e+00
  2.379400e+00  4.397340e+00
  2.317800e+00  3.739495e+00
  2.257700e+00  3.947230e+00
  2.199300e+00  3.566370e+00
  2.142300e+00  4.189605e+00
  2.086800e+00  3.808730e+00
  2.032700e+00  3.566365e+00
  1.980100e+00  5.089825e+00
  1.928800e+00  3.531740e+00
  1.878800e+00  3.081625e+00
  1.830200e+00  3.808725e+00
  1.782800e+00  8.517635e+00
  1.736600e+00  4.431965e+00
  1.691600e+00  3.462490e+00
  1.647800e+00  3.150865e+00
  1.605100e+00  3.116240e+00
  1.563500e+00  2.804625e+00
  1.523000e+00  3.254740e+00
  1.483600e+00  2.873870e+00
  1.445100e+00  2.873875e+00
  1.407700e+00  2.769995e+00
  1.371200e+00  2.943120e+00
  1.335700e+00  2.873865e+00
  1.301100e+00  2.735375e+00
  1.267400e+00  2.354500e+00
  1.234600e+00  2.596875e+00
  1.202600e+00  3.497115e+00
  1.171500e+00  3.220115e+00
  1.141100e+00  2.943120e+00
  1.111600e+00  2.631500e+00
  1.082800e+00  1.800500e+00
  1.054700e+00  3.566355e+00
  1.027400e+00  3.323990e+00
  1.000800e+00  2.908500e+00
  9.749000e-01  2.735370e+00
  9.496000e-01  2.839245e+00
  9.250000e-01  2.873870e+00
  9.010000e-01  3.358605e+00
  8.777000e-01  3.012365e+00
  8.550000e-01  2.977740e+00
  8.328000e-01  3.947225e+00
  8.113000e-01  4.778220e+00
  7.902000e-01  4.362730e+00
  7.698000e-01  4.397335e+00
  7.498000e-01  4.985940e+00
  7.304000e-01  5.436070e+00
  7.115000e-01  5.851570e+00
  6.931000e-01  7.271115e+00
  6.751000e-01  2.676480e+01
  6.576000e-01  4.193055e+01
  6.406000e-01  6.433250e+01
  6.240000e-01  1.343425e+01
  6.078000e-01  8.586880e+00
  5.921000e-01  8.240595e+00
  5.767000e-01  9.279305e+00
  5.618000e-01  9.625640e+00
  5.472000e-01  8.725349e+00
  5.331000e-01  1.239550e+01
  5.193000e-01  1.069895e+01
  5.058000e-01  1.107980e+01
  4.927000e-01  1.315715e+01
  4.799000e-01  1.603105e+01
  4.675000e-01  1.222240e+01
  4.554000e-01  1.114900e+01
  4.436000e-01  1.675825e+01
  4.321000e-01  1.828175e+01
  4.209000e-01  1.454225e+01
  4.100000e-01  1.346895e+01
  3.994000e-01  2.617625e+01
  3.891000e-01  3.164695e+01
  3.790000e-01  3.175095e+01
  3.692000e-01  1.679290e+01
  3.596000e-01  1.502700e+01
  3.503000e-01  1.547705e+01
  3.412000e-01  1.752010e+01
  3.324000e-01  1.707000e+01
  3.238000e-01  1.824710e+01
  3.154000e-01  1.831645e+01
  3.072000e-01  1.925130e+01
  2.992000e-01  2.728425e+01
  2.915000e-01  3.019275e+01
  2.839000e-01  3.317040e+01
  2.766000e-01  2.596855e+01
  2.694000e-01  4.148050e+01
  2.624000e-01  5.879270e+01
  2.556000e-01  6.308605e+01
  2.490000e-01  3.462470e+01
  2.426000e-01  3.722170e+01
  2.363000e-01  3.756780e+01
  2.302000e-01  2.929255e+01
  2.242000e-01  2.441030e+01
  2.184000e-01  2.306005e+01
  2.127000e-01  2.357945e+01
  2.072000e-01  2.222905e+01
  2.019000e-01  2.267920e+01
  1.966000e-01  2.382180e+01
  1.915000e-01  2.150190e+01
  1.866000e-01  2.351015e+01
  1.817000e-01  2.160585e+01
  1.770000e-01  2.451425e+01
  1.725000e-01  2.236750e+01
  1.680000e-01  2.153650e+01
  1.636000e-01  2.191735e+01
  1.594000e-01  2.181350e+01
  1.553000e-01  1.900890e+01
  1.512000e-01  2.025540e+01
  1.473000e-01  2.042850e+01
  1.435000e-01  2.191735e+01
  1.398000e-01  2.105175e+01
  1.362000e-01  2.122485e+01
  1.326000e-01  2.167505e+01
  1.292000e-01  2.077475e+01
  1.259000e-01  2.177890e+01
  1.226000e-01  2.018610e+01
  1.194000e-01  2.119030e+01
  1.163000e-01  2.136345e+01
  1.133000e-01  2.150180e+01
  1.104000e-01  2.153665e+01
  1.075000e-01  2.209045e+01
  1.047000e-01  2.274840e+01
  1.020000e-01  2.319860e+01
  9.940000e-02  2.132880e+01
  9.680000e-02  1.900890e+01
  9.430000e-02  1.942430e+01
  9.190000e-02  1.914755e+01
  8.950000e-02  1.900890e+01
  8.720000e-02  1.717380e+01
  8.490000e-02  1.703520e+01
  8.270000e-02  1.471530e+01
  8.060000e-02  1.315730e+01
  7.850000e-02  1.284555e+01
  7.640000e-02  1.028341e+01
  7.450000e-02  8.794605e+00
  7.250000e-02  7.790520e+00
  7.070000e-02  7.548105e+00
  6.880000e-02  6.578675e+00
  6.700000e-02  6.197780e+00
  6.530000e-02  4.466590e+00
  6.360000e-02  4.154965e+00
  6.200000e-02  3.289360e+00
  6.040000e-02  3.012370e+00
  5.880000e-02  2.596875e+00
  5.730000e-02  2.216000e+00
  5.580000e-02  1.419625e+00
  5.430000e-02  1.281125e+00
  5.290000e-02  9.002470e-01
  5.160000e-02  7.271215e-01
  5.020000e-02  8.656225e-01
  4.890000e-02  5.539950e-01
  4.770000e-02  3.808715e-01
  4.640000e-02  1.384980e-01
  4.520000e-02  2.423735e-01
  4.410000e-02  3.462470e-01
  4.290000e-02  2.077485e-01
  4.180000e-02  2.077470e-01
  4.070000e-02  0.000000e+00
  3.970000e-02  6.924900e-02
  3.860000e-02  1.731225e-01
  3.760000e-02  6.925000e-02
  3.670000e-02  6.924900e-02
  3.570000e-02  3.462450e-02
  3.480000e-02  1.038735e-01
  3.390000e-02  3.462450e-02
  3.300000e-02  3.462450e-02
  3.220000e-02  0.000000e+00
  3.130000e-02  0.000000e+00
  3.050000e-02  0.000000e+00
  2.970000e-02  3.462450e-02
  2.890000e-02  3.462450e-02
  2.820000e-02  6.924900e-02
  2.750000e-02  3.462450e-02
  2.680000e-02  3.462450e-02
  2.610000e-02  6.924900e-02
  2.540000e-02  6.924900e-02
  2.470000e-02  6.924900e-02
  2.410000e-02  0.000000e+00
  2.350000e-02  6.924900e-02
  2.290000e-02  3.462450e-02
  2.230000e-02  6.924900e-02
  2.170000e-02  0.000000e+00
  2.110000e-02  1.384980e-01
  2.060000e-02  6.924900e-02
  2.000000e-02  6.924900e-02
  1.950000e-02  0.000000e+00
  1.900000e-02  0.000000e+00
  1.850000e-02  0.000000e+00
  1.800000e-02  3.462450e-02
  1.760000e-02  0.000000e+00
  1.710000e-02  6.924900e-02
  1.670000e-02  0.000000e+00
  1.630000e-02  3.462450e-02
  1.580000e-02  3.462450e-02
  1.540000e-02  1.038735e-01
  1.500000e-02  0.000000e+00
  1.460000e-02  0.000000e+00
  1.430000e-02  3.462450e-02
  1.390000e-02  3.462450e-02
  1.350000e-02  3.462450e-02
  1.320000e-02  0.000000e+00
  1.280000e-02  0.000000e+00
  1.250000e-02  0.000000e+00
  1.220000e-02  0.000000e+00
  1.190000e-02  0.000000e+00
  1.160000e-02  0.000000e+00
  1.130000e-02  3.462450e-02
  1.100000e-02  3.462450e-02
  1.070000e-02  0.000000e+00
  1.040000e-02  0.000000e+00
  1.010000e-02  1.038735e-01
