  4.934820e+03  0.000000e+00
  4.806990e+03  0.000000e+00
  4.682470e+03  0.000000e+00
  4.561180e+03  0.000000e+00
  4.443030e+03  0.000000e+00
  4.327940e+03  0.000000e+00
  4.215830e+03  0.000000e+00
  4.106630e+03  0.000000e+00
  4.000250e+03  0.000000e+00
  3.896630e+03  3.462450e-02
  3.795700e+03  0.000000e+00
  3.697380e+03  0.000000e+00
  3.601600e+03  0.000000e+00
  3.508310e+03  0.000000e+00
  3.417430e+03  0.000000e+00
  3.328910e+03  0.000000e+00
  3.242680e+03  0.000000e+00
  3.158680e+03  0.000000e+00
  3.076860e+03  0.000000e+00
  2.997160e+03  0.000000e+00
  2.919530e+03  0.000000e+00
  2.843900e+03  0.000000e+00
  2.770230e+03  6.924900e-02
  2.698480e+03  3.462450e-02
  2.628580e+03  0.000000e+00
  2.560490e+03  0.000000e+00
  2.494160e+03  0.000000e+00
  2.429550e+03  3.462450e-02
  2.366620e+03  0.000000e+00
  2.305320e+03  3.462450e-02
  2.245600e+03  0.000000e+00
  2.187430e+03  0.000000e+00
  2.130770e+03  0.000000e+00
  2.075580e+03  3.462450e-02
  2.021810e+03  0.000000e+00
  1.969440e+03  3.462450e-02
  1.918430e+03  0.000000e+00
  1.868730e+03  3.462450e-02
  1.820330e+03  0.000000e+00
  1.773170e+03  0.000000e+00
  1.727240e+03  0.000000e+00
  1.682500e+03  6.924900e-02
  1.638920e+03  3.462450e-02
  1.596470e+03  3.462450e-02
  1.555110e+03  0.000000e+00
  1.514830e+03  6.924900e-02
  1.475590e+03  3.462450e-02
  1.437370e+03  6.924900e-02
  1.400140e+03  1.038735e-01
  1.363870e+03  6.924900e-02
  1.328540e+03  6.924900e-02
  1.294120e+03  2.077480e-01
  1.260600e+03  3.462450e-02
  1.227950e+03  3.462450e-02
  1.196140e+03  1.038735e-01
  1.165160e+03  2.423735e-01
  1.134980e+03  1.731225e-01
  1.105580e+03  2.423715e-01
  1.076940e+03  3.462450e-02
  1.049040e+03  1.731225e-01
  1.021870e+03  2.077470e-01
  9.953980e+02  2.769970e-01
  9.696140e+02  2.077480e-01
  9.444970e+02  2.769970e-01
  9.200320e+02  2.769990e-01
  8.962000e+02  3.808715e-01
  8.729850e+02  3.462460e-01
  8.503720e+02  4.154970e-01
  8.283450e+02  3.116205e-01
  8.068880e+02  6.578730e-01
  7.859870e+02  5.886225e-01
  7.656270e+02  6.924955e-01
  7.457950e+02  6.578720e-01
  7.264760e+02  1.211875e+00
  7.076580e+02  1.211875e+00
  6.893270e+02  1.592750e+00
  6.714710e+02  1.211870e+00
  6.540780e+02  1.835125e+00
  6.371350e+02  1.488875e+00
  6.206310e+02  1.835125e+00
  6.045550e+02  1.765875e+00
  5.888950e+02  2.700745e+00
  5.736410e+02  2.839245e+00
  5.587810e+02  3.497110e+00
  5.443070e+02  2.804625e+00
  5.302080e+02  3.393240e+00
  5.164740e+02  4.501220e+00
  5.030950e+02  4.570470e+00
  4.900630e+02  4.882080e+00
  4.773690e+02  5.678420e+00
  4.650040e+02  5.886185e+00
  4.529580e+02  6.821045e+00
  4.412250e+02  8.413725e+00
  4.297960e+02  7.305805e+00
  4.186630e+02  1.024880e+01
  4.078180e+02  1.208390e+01
  3.972540e+02  1.294940e+01
  3.869640e+02  1.215315e+01
  3.769400e+02  1.547705e+01
  3.671770e+02  1.755475e+01
  3.576650e+02  1.914730e+01
  3.484010e+02  2.150205e+01
  3.393760e+02  2.292145e+01
  3.305850e+02  2.704195e+01
  3.220220e+02  3.091990e+01
  3.136800e+02  3.566340e+01
  3.055550e+02  3.673685e+01
  2.976400e+02  4.324630e+01
  2.899300e+02  4.833620e+01
  2.824200e+02  5.287195e+01
  2.751040e+02  5.938115e+01
  2.679780e+02  6.817585e+01
  2.610370e+02  6.938765e+01
  2.542750e+02  8.330685e+01
  2.476890e+02  8.825830e+01
  2.412730e+02  1.048435e+02
  2.350230e+02  1.145390e+02
  2.289350e+02  1.309165e+02
  2.230050e+02  1.429310e+02
  2.172280e+02  1.639140e+02
  2.116010e+02  1.833370e+02
  2.061200e+02  2.007895e+02
  2.007810e+02  2.242640e+02
  1.955800e+02  2.540425e+02
  1.905140e+02  2.796285e+02
  1.855790e+02  3.105475e+02
  1.807720e+02  3.546605e+02
  1.760890e+02  3.964880e+02
  1.715280e+02  4.419155e+02
  1.670850e+02  4.912900e+02
  1.627570e+02  5.421530e+02
  1.585410e+02  6.068320e+02
  1.544340e+02  6.657290e+02
  1.504340e+02  7.336285e+02
  1.465370e+02  7.992770e+02
  1.427410e+02  8.848685e+02
  1.390440e+02  9.740610e+02
  1.354420e+02  1.057690e+03
  1.319340e+02  1.166935e+03
  1.285160e+02  1.262970e+03
  1.251870e+02  1.368155e+03
  1.219440e+02  1.504365e+03
  1.187850e+02  1.637160e+03
  1.157090e+02  1.775385e+03
  1.127110e+02  1.936180e+03
  1.097920e+02  2.101090e+03
  1.069480e+02  2.272460e+03
  1.041770e+02  2.485435e+03
  1.014790e+02  2.676970e+03
  9.885030e+01  2.908185e+03
  9.628970e+01  3.152650e+03
  9.379550e+01  3.410215e+03
  9.136590e+01  3.684580e+03
  8.899920e+01  3.917295e+03
  8.669380e+01  4.270545e+03
  8.444820e+01  4.548525e+03
  8.226070e+01  4.897520e+03
  8.012980e+01  5.260415e+03
  7.805420e+01  5.616040e+03
  7.603240e+01  6.028985e+03
  7.406290e+01  6.419305e+03
  7.214440e+01  6.835530e+03
  7.027560e+01  7.247720e+03
  6.845520e+01  7.708940e+03
  6.668200e+01  8.106845e+03
  6.495470e+01  8.536750e+03
  6.327220e+01  8.899820e+03
  6.163320e+01  9.264180e+03
  6.003670e+01  9.543075e+03
  5.848160e+01  9.847141e+03
  5.696670e+01  1.012540e+04
  5.549110e+01  1.043870e+04
  5.405370e+01  1.075425e+04
  5.265350e+01  1.106650e+04
  5.128960e+01  1.136480e+04
  4.996100e+01  1.168605e+04
  4.866690e+01  1.200800e+04
  4.740620e+01  1.230640e+04
  4.617830e+01  1.254390e+04
  4.498210e+01  1.270870e+04
  4.381690e+01  1.284890e+04
  4.268190e+01  1.294585e+04
  4.157630e+01  1.296660e+04
  4.049930e+01  1.296155e+04
  3.945030e+01  1.299480e+04
  3.842840e+01  1.294475e+04
  3.743290e+01  1.297610e+04
  3.646330e+01  1.297020e+04
  3.551880e+01  1.292395e+04
  3.459870e+01  1.292675e+04
  3.370250e+01  1.291440e+04
  3.282950e+01  1.290900e+04
  3.197910e+01  1.294325e+04
  3.115070e+01  1.297245e+04
  3.034380e+01  1.301930e+04
  2.955780e+01  1.305445e+04
  2.879220e+01  1.312850e+04
  2.804640e+01  1.314500e+04
  2.731990e+01  1.327135e+04
  2.661220e+01  1.333275e+04
  2.592290e+01  1.344675e+04
  2.525140e+01  1.354190e+04
  2.459730e+01  1.364830e+04
  2.396010e+01  1.378320e+04
  2.333950e+01  1.385735e+04
  2.273490e+01  1.411255e+04
  2.214600e+01  1.425445e+04
  2.157230e+01  1.444795e+04
  2.101350e+01  1.467080e+04
  2.046920e+01  1.484095e+04
  1.993900e+01  1.505905e+04
  1.942250e+01  1.526020e+04
  1.891940e+01  1.540810e+04
  1.842930e+01  1.551555e+04
  1.795200e+01  1.551310e+04
  1.748690e+01  1.550945e+04
  1.703400e+01  1.539215e+04
  1.659270e+01  1.520800e+04
  1.616290e+01  1.505610e+04
  1.574430e+01  1.485600e+04
  1.533640e+01  1.465665e+04
  1.493920e+01  1.459905e+04
  1.455220e+01  1.455885e+04
  1.417520e+01  1.461025e+04
  1.380800e+01  1.484300e+04
  1.345040e+01  1.520770e+04
  1.310200e+01  1.570925e+04
  1.276260e+01  1.625535e+04
  1.243200e+01  1.687775e+04
  1.211000e+01  1.750240e+04
  1.179630e+01  1.815490e+04
  1.149070e+01  1.875955e+04
  1.119310e+01  1.938970e+04
  1.090310e+01  1.991205e+04
  1.062070e+01  2.047205e+04
  1.034560e+01  2.105775e+04
  1.007760e+01  2.156665e+04
  9.816600e+00  2.197360e+04
  9.562300e+00  2.214400e+04
  9.314600e+00  2.188505e+04
  9.073300e+00  2.115655e+04
  8.838300e+00  2.002410e+04
  8.609300e+00  1.896100e+04
  8.386300e+00  1.781050e+04
  8.169100e+00  1.668925e+04
  7.957500e+00  1.578650e+04
  7.751400e+00  1.491925e+04
  7.550600e+00  1.450565e+04
  7.355000e+00  1.432905e+04
  7.164500e+00  1.428345e+04
  6.978900e+00  1.420990e+04
  6.798100e+00  1.418285e+04
  6.622000e+00  1.425360e+04
  6.450500e+00  1.442085e+04
  6.283400e+00  1.459940e+04
  6.120600e+00  1.461115e+04
  5.962100e+00  1.469750e+04
  5.807600e+00  1.473040e+04
  5.657200e+00  1.486525e+04
  5.510700e+00  1.495270e+04
  5.367900e+00  1.544080e+04
  5.228900e+00  1.539190e+04
  5.093400e+00  1.533625e+04
  4.961500e+00  1.538025e+04
  4.833000e+00  1.632110e+04
  4.707800e+00  1.782155e+04
  4.585800e+00  1.624070e+04
  4.467100e+00  1.595980e+04
  4.351300e+00  1.630110e+04
  4.238600e+00  1.683685e+04
  4.128800e+00  1.707130e+04
  4.021900e+00  2.338965e+04
  3.917700e+00  1.891660e+04
  3.816200e+00  1.604610e+04
  3.717400e+00  1.598475e+04
  3.621100e+00  1.606265e+04
  3.527300e+00  1.602405e+04
  3.435900e+00  1.595950e+04
  3.346900e+00  1.583590e+04
  3.260200e+00  1.579945e+04
  3.175800e+00  1.595165e+04
  3.093500e+00  1.573325e+04
  3.013400e+00  1.571725e+04
  2.935300e+00  1.577170e+04
  2.859300e+00  1.568795e+04
  2.785200e+00  1.589930e+04
  2.713100e+00  1.577890e+04
  2.642800e+00  1.548150e+04
  2.574300e+00  1.596205e+04
  2.507600e+00  1.551690e+04
  2.442700e+00  1.594280e+04
  2.379400e+00  1.601045e+04
  2.317800e+00  1.543330e+04
  2.257700e+00  1.484405e+04
  2.199300e+00  1.588695e+04
  2.142300e+00  1.459920e+04
  2.086800e+00  1.440555e+04
  2.032700e+00  1.484155e+04
  1.980100e+00  1.879070e+04
  1.928800e+00  1.373380e+04
  1.878800e+00  1.185330e+04
  1.830200e+00  1.701180e+04
  1.782800e+00  3.894450e+04
  1.736600e+00  1.836910e+04
  1.691600e+00  1.283455e+04
  1.647800e+00  1.203295e+04
  1.605100e+00  1.189080e+04
  1.563500e+00  1.143295e+04
  1.523000e+00  1.113615e+04
  1.483600e+00  1.084340e+04
  1.445100e+00  1.033070e+04
  1.407700e+00  9.974535e+03
  1.371200e+00  9.373950e+03
  1.335700e+00  9.583450e+03
  1.301100e+00  8.354350e+03
  1.267400e+00  6.853500e+03
  1.234600e+00  8.542605e+03
  1.202600e+00  8.874721e+03
  1.171500e+00  8.271830e+03
  1.141100e+00  9.041765e+03
  1.111600e+00  6.797275e+03
  1.082800e+00  5.999940e+03
  1.054700e+00  8.556939e+03
  1.027400e+00  7.072925e+03
  1.000800e+00  5.776710e+03
  9.749000e-01  7.047505e+03
  9.496000e-01  5.790815e+03
  9.250000e-01  5.976920e+03
  9.010000e-01  6.365120e+03
  8.777000e-01  6.629135e+03
  8.550000e-01  6.642500e+03
  8.328000e-01  6.678340e+03
  8.113000e-01  7.081295e+03
  7.902000e-01  7.242620e+03
  7.698000e-01  7.238850e+03
  7.498000e-01  7.653235e+03
  7.304000e-01  7.583775e+03
  7.115000e-01  7.636210e+03
  6.931000e-01  9.648000e+03
  6.751000e-01  3.652365e+04
  6.576000e-01  5.515520e+04
  6.406000e-01  8.251445e+04
  6.240000e-01  1.570370e+04
  6.078000e-01  8.855225e+03
  5.921000e-01  8.498445e+03
  5.767000e-01  8.380525e+03
  5.618000e-01  8.476061e+03
  5.472000e-01  8.253936e+03
  5.331000e-01  9.993500e+03
  5.193000e-01  9.841314e+03
  5.058000e-01  9.582900e+03
  4.927000e-01  1.131205e+04
  4.799000e-01  1.194075e+04
  4.675000e-01  9.626175e+03
  4.554000e-01  8.863426e+03
  4.436000e-01  1.311785e+04
  4.321000e-01  1.328580e+04
  4.209000e-01  1.141080e+04
  4.100000e-01  9.829260e+03
  3.994000e-01  1.661665e+04
  3.891000e-01  2.071220e+04
  3.790000e-01  1.885595e+04
  3.692000e-01  9.713609e+03
  3.596000e-01  8.796950e+03
  3.503000e-01  8.620270e+03
  3.412000e-01  8.695936e+03
  3.324000e-01  8.892385e+03
  3.238000e-01  8.400115e+03
  3.154000e-01  7.699485e+03
  3.072000e-01  9.029320e+03
  2.992000e-01  1.097680e+04
  2.915000e-01  1.147325e+04
  2.839000e-01  1.092395e+04
  2.766000e-01  4.951295e+03
  2.694000e-01  9.012090e+03
  2.624000e-01  1.509590e+04
  2.556000e-01  1.508245e+04
  2.490000e-01  8.262010e+03
  2.426000e-01  8.526370e+03
  2.363000e-01  8.486311e+03
  2.302000e-01  6.289780e+03
  2.242000e-01  5.424860e+03
  2.184000e-01  5.364830e+03
  2.127000e-01  5.521150e+03
  2.072000e-01  5.462730e+03
  2.019000e-01  5.489125e+03
  1.966000e-01  5.811590e+03
  1.915000e-01  6.059665e+03
  1.866000e-01  6.363950e+03
  1.817000e-01  6.795620e+03
  1.770000e-01  7.415805e+03
  1.725000e-01  7.479800e+03
  1.680000e-01  7.551125e+03
  1.636000e-01  7.558360e+03
  1.594000e-01  7.638860e+03
  1.553000e-01  7.802780e+03
  1.512000e-01  7.898035e+03
  1.473000e-01  7.685055e+03
  1.435000e-01  8.011460e+03
  1.398000e-01  6.986505e+03
  1.362000e-01  6.529420e+03
  1.326000e-01  6.108075e+03
  1.292000e-01  5.686560e+03
  1.259000e-01  5.293900e+03
  1.226000e-01  4.916290e+03
  1.194000e-01  4.517450e+03
  1.163000e-01  4.025335e+03
  1.133000e-01  3.551200e+03
  1.104000e-01  3.120995e+03
  1.075000e-01  2.766990e+03
  1.047000e-01  2.430240e+03
  1.020000e-01  2.117510e+03
  9.940000e-02  1.896420e+03
  9.680000e-02  1.698095e+03
  9.430000e-02  1.556520e+03
  9.190000e-02  1.402860e+03
  8.950000e-02  1.285715e+03
  8.720000e-02  1.140975e+03
  8.490000e-02  1.022440e+03
  8.270000e-02  9.143330e+02
  8.060000e-02  7.899980e+02
  7.850000e-02  7.512180e+02
  7.640000e-02  7.283995e+02
  7.450000e-02  7.087679e+02
  7.250000e-02  6.882355e+02
  7.070000e-02  6.607435e+02
  6.880000e-02  6.342200e+02
  6.700000e-02  6.045800e+02
  6.530000e-02  5.735920e+02
  6.360000e-02  5.539960e+02
  6.200000e-02  5.190590e+02
  6.040000e-02  5.062145e+02
  5.880000e-02  4.596080e+02
  5.730000e-02  4.197555e+02
  5.580000e-02  3.907390e+02
  5.430000e-02  3.533780e+02
  5.290000e-02  3.211430e+02
  5.160000e-02  3.014070e+02
  5.020000e-02  2.508905e+02
  4.890000e-02  2.137725e+02
  4.770000e-02  1.754775e+02
  4.640000e-02  1.458735e+02
  4.520000e-02  1.218785e+02
  4.410000e-02  9.781516e+01
  4.290000e-02  8.566155e+01
  4.180000e-02  6.879900e+01
  4.070000e-02  5.650730e+01
  3.970000e-02  4.345420e+01
  3.860000e-02  3.794885e+01
  3.760000e-02  3.095460e+01
  3.670000e-02  2.922335e+01
  3.570000e-02  2.447965e+01
  3.480000e-02  2.077470e+01
  3.390000e-02  2.091315e+01
  3.300000e-02  1.900885e+01
  3.220000e-02  1.769315e+01
  3.130000e-02  1.720840e+01
  3.050000e-02  1.724300e+01
  2.970000e-02  1.665440e+01
  2.890000e-02  1.544250e+01
  2.820000e-02  1.516540e+01
  2.750000e-02  1.706985e+01
  2.680000e-02  1.689665e+01
  2.610000e-02  1.752000e+01
  2.540000e-02  1.596195e+01
  2.470000e-02  1.661980e+01
  2.410000e-02  1.689665e+01
  2.350000e-02  1.700060e+01
  2.290000e-02  1.554635e+01
  2.230000e-02  1.603110e+01
  2.170000e-02  1.637745e+01
  2.110000e-02  1.700060e+01
  2.060000e-02  1.838560e+01
  2.000000e-02  1.765850e+01
  1.950000e-02  1.845495e+01
  1.900000e-02  1.835105e+01
  1.850000e-02  2.004770e+01
  1.800000e-02  2.122490e+01
  1.760000e-02  2.170960e+01
  1.710000e-02  2.247135e+01
  1.670000e-02  2.326770e+01
  1.630000e-02  2.385630e+01
  1.580000e-02  2.423730e+01
  1.540000e-02  2.655700e+01
  1.500000e-02  2.607240e+01
  1.460000e-02  2.787290e+01
  1.430000e-02  2.804615e+01
  1.390000e-02  2.918865e+01
  1.350000e-02  3.168155e+01
  1.320000e-02  3.344750e+01
  1.280000e-02  3.275505e+01
  1.250000e-02  3.704845e+01
  1.220000e-02  3.954150e+01
  1.190000e-02  3.981850e+01
  1.160000e-02  4.341945e+01
  1.130000e-02  4.625860e+01
  1.100000e-02  4.366175e+01
  1.070000e-02  3.995705e+01
  1.040000e-02  3.829510e+01
  1.010000e-02  2.950705e+02
