  4.934820e+03  3.080225e-03
  4.806990e+03  0.000000e+00
  4.682470e+03  3.422450e-04
  4.561180e+03  1.026735e-03
  4.443030e+03  3.422450e-04
  4.327940e+03  0.000000e+00
  4.215830e+03  0.000000e+00
  4.106630e+03  1.368980e-03
  4.000250e+03  6.844900e-04
  3.896630e+03  6.845000e-04
  3.795700e+03  3.422450e-04
  3.697380e+03  3.422450e-04
  3.601600e+03  1.711240e-03
  3.508310e+03  1.026735e-03
  3.417430e+03  1.368980e-03
  3.328910e+03  2.737960e-03
  3.242680e+03  2.395725e-03
  3.158680e+03  1.026735e-03
  3.076860e+03  2.053480e-03
  2.997160e+03  2.395730e-03
  2.919530e+03  1.711245e-03
  2.843900e+03  1.368980e-03
  2.770230e+03  4.106985e-03
  2.698480e+03  2.395735e-03
  2.628580e+03  4.791480e-03
  2.560490e+03  4.106970e-03
  2.494160e+03  5.133710e-03
  2.429550e+03  5.475975e-03
  2.366620e+03  4.449225e-03
  2.305320e+03  3.422420e-03
  2.245600e+03  3.764710e-03
  2.187430e+03  5.475940e-03
  2.130770e+03  7.529475e-03
  2.075580e+03  6.502670e-03
  2.021810e+03  8.898480e-03
  1.969440e+03  7.871700e-03
  1.918430e+03  1.197865e-02
  1.868730e+03  9.582940e-03
  1.820330e+03  1.129420e-02
  1.773170e+03  1.266308e-02
  1.727240e+03  1.505880e-02
  1.682500e+03  1.471655e-02
  1.638920e+03  1.882350e-02
  1.596470e+03  2.087690e-02
  1.555110e+03  2.156130e-02
  1.514830e+03  2.737945e-02
  1.475590e+03  2.669510e-02
  1.437370e+03  3.353960e-02
  1.400140e+03  3.490860e-02
  1.363870e+03  4.141135e-02
  1.328540e+03  4.654515e-02
  1.294120e+03  5.441680e-02
  1.260600e+03  4.962525e-02
  1.227950e+03  6.947550e-02
  1.196140e+03  6.023480e-02
  1.165160e+03  6.810640e-02
  1.134980e+03  7.597795e-02
  1.105580e+03  8.179610e-02
  1.076940e+03  9.582825e-02
  1.049040e+03  1.047250e-01
  1.021870e+03  1.115705e-01
  9.953980e+02  1.208115e-01
  9.696140e+02  1.608560e-01
  9.444970e+02  1.488765e-01
  9.200320e+02  1.755710e-01
  8.962000e+02  2.046635e-01
  8.729850e+02  2.296450e-01
  8.503720e+02  2.590790e-01
  8.283450e+02  2.864580e-01
  8.068880e+02  3.278680e-01
  7.859870e+02  3.737295e-01
  7.656270e+02  4.168525e-01
  7.457950e+02  4.764035e-01
  7.264760e+02  5.003620e-01
  7.076580e+02  5.835250e-01
  6.893270e+02  6.509475e-01
  6.714710e+02  6.981770e-01
  6.540780e+02  8.094060e-01
  6.371350e+02  9.213125e-01
  6.206310e+02  1.003797e+00
  6.045550e+02  1.123245e+00
  5.888950e+02  1.261175e+00
  5.736410e+02  1.438115e+00
  5.587810e+02  1.568160e+00
  5.443070e+02  1.751610e+00
  5.302080e+02  1.986730e+00
  5.164740e+02  2.158535e+00
  5.030950e+02  2.443280e+00
  4.900630e+02  2.654435e+00
  4.773690e+02  3.002495e+00
  4.650040e+02  3.389230e+00
  4.529580e+02  3.693155e+00
  4.412250e+02  4.145255e+00
  4.297960e+02  4.625420e+00
  4.186630e+02  5.102855e+00
  4.078180e+02  5.642235e+00
  3.972540e+02  6.282905e+00
  3.869640e+02  6.905450e+00
  3.769400e+02  7.683375e+00
  3.671770e+02  8.597839e+00
  3.576650e+02  9.417866e+00
  3.484010e+02  1.039175e+01
  3.393760e+02  1.152335e+01
  3.305850e+02  1.270620e+01
  3.220220e+02  1.393515e+01
  3.136800e+02  1.527985e+01
  3.055550e+02  1.670110e+01
  2.976400e+02  1.824260e+01
  2.899300e+02  2.006745e+01
  2.824200e+02  2.209450e+01
  2.751040e+02  2.416170e+01
  2.679780e+02  2.653105e+01
  2.610370e+02  2.900385e+01
  2.542750e+02  3.148745e+01
  2.476890e+02  3.472110e+01
  2.412730e+02  3.769380e+01
  2.350230e+02  4.155460e+01
  2.289350e+02  4.496610e+01
  2.230050e+02  4.892995e+01
  2.172280e+02  5.331260e+01
  2.116010e+02  5.763380e+01
  2.061200e+02  6.215255e+01
  2.007810e+02  6.750240e+01
  1.955800e+02  7.332050e+01
  1.905140e+02  8.009575e+01
  1.855790e+02  8.702255e+01
  1.807720e+02  9.355295e+01
  1.760890e+02  1.009620e+02
  1.715280e+02  1.082595e+02
  1.670850e+02  1.163705e+02
  1.627570e+02  1.237290e+02
  1.585410e+02  1.316640e+02
  1.544340e+02  1.394195e+02
  1.504340e+02  1.476990e+02
  1.465370e+02  1.560710e+02
  1.427410e+02  1.648620e+02
  1.390440e+02  1.731410e+02
  1.354420e+02  1.815060e+02
  1.319340e+02  1.895670e+02
  1.285160e+02  1.983325e+02
  1.251870e+02  2.059110e+02
  1.219440e+02  2.141080e+02
  1.187850e+02  2.223325e+02
  1.157090e+02  2.309030e+02
  1.127110e+02  2.394500e+02
  1.097920e+02  2.477420e+02
  1.069480e+02  2.561580e+02
  1.041770e+02  2.640075e+02
  1.014790e+02  2.719280e+02
  9.885030e+01  2.799240e+02
  9.628970e+01  2.870680e+02
  9.379550e+01  2.942565e+02
  9.136590e+01  2.997160e+02
  8.899920e+01  3.064890e+02
  8.669380e+01  3.117475e+02
  8.444820e+01  3.167045e+02
  8.226070e+01  3.200850e+02
  8.012980e+01  3.234105e+02
  7.805420e+01  3.258245e+02
  7.603240e+01  3.258110e+02
  7.406290e+01  3.259270e+02
  7.214440e+01  3.245725e+02
  7.027560e+01  3.211255e+02
  6.845520e+01  3.156750e+02
  6.668200e+01  3.096160e+02
  6.495470e+01  3.010960e+02
  6.327220e+01  2.918760e+02
  6.163320e+01  2.818845e+02
  6.003670e+01  2.711270e+02
  5.848160e+01  2.597520e+02
  5.696670e+01  2.487650e+02
  5.549110e+01  2.375155e+02
  5.405370e+01  2.234960e+02
  5.265350e+01  2.082105e+02
  5.128960e+01  1.926710e+02
  4.996100e+01  1.775400e+02
  4.866690e+01  1.592970e+02
  4.740620e+01  1.418560e+02
  4.617830e+01  1.250315e+02
  4.498210e+01  1.096015e+02
  4.381690e+01  1.000698e+02
  4.268190e+01  9.136735e+01
  4.157630e+01  8.347190e+01
  4.049930e+01  7.546240e+01
  3.945030e+01  6.944196e+01
  3.842840e+01  6.448925e+01
  3.743290e+01  5.991320e+01
  3.646330e+01  5.581625e+01
  3.551880e+01  5.164145e+01
  3.459870e+01  4.733465e+01
  3.370250e+01  4.281950e+01
  3.282950e+01  3.858275e+01
  3.197910e+01  3.465595e+01
  3.115070e+01  3.095110e+01
  3.034380e+01  2.754235e+01
  2.955780e+01  2.439990e+01
  2.879220e+01  2.127590e+01
  2.804640e+01  1.837100e+01
  2.731990e+01  1.580105e+01
  2.661220e+01  1.338715e+01
  2.592290e+01  1.112225e+01
  2.525140e+01  9.374060e+00
  2.459730e+01  7.675160e+00
  2.396010e+01  6.283250e+00
  2.333950e+01  4.927975e+00
  2.273490e+01  3.932380e+00
  2.214600e+01  3.002845e+00
  2.157230e+01  2.211910e+00
  2.101350e+01  1.614700e+00
  2.046920e+01  1.136255e+00
  1.993900e+01  8.172775e-01
  1.942250e+01  5.742850e-01
  1.891940e+01  4.308845e-01
  1.842930e+01  3.761245e-01
  1.795200e+01  3.333440e-01
  1.748690e+01  3.446380e-01
  1.703400e+01  3.391620e-01
  1.659270e+01  3.761255e-01
  1.616290e+01  4.657950e-01
  1.574430e+01  5.362950e-01
  1.533640e+01  6.026905e-01
  1.493920e+01  6.749040e-01
  1.455220e+01  6.560815e-01
  1.417520e+01  5.184990e-01
  1.380800e+01  3.155470e-01
  1.345040e+01  1.550365e-01
  1.310200e+01  6.879079e-02
  1.276260e+01  2.498375e-02
  1.243200e+01  6.844960e-03
  1.211000e+01  3.080215e-03
  1.179630e+01  2.395725e-03
  1.149070e+01  6.844900e-04
  1.119310e+01  6.844900e-04
  1.090310e+01  3.422450e-04
  1.062070e+01  0.000000e+00
  1.034560e+01  3.422450e-04
  1.007760e+01  3.422450e-04
  9.816600e+00  1.026735e-03
  9.562300e+00  6.844900e-04
  9.314600e+00  3.422450e-04
  9.073300e+00  3.422450e-04
  8.838300e+00  1.026735e-03
  8.609300e+00  1.026735e-03
  8.386300e+00  2.737990e-03
  8.169100e+00  6.502700e-03
  7.957500e+00  1.677010e-02
  7.751400e+00  3.764680e-02
  7.550600e+00  6.502630e-02
  7.355000e+00  7.563566e-02
  7.164500e+00  6.844885e-02
  6.978900e+00  6.707931e-02
  6.798100e+00  5.339005e-02
  6.622000e+00  4.414925e-02
  6.450500e+00  3.730440e-02
  6.283400e+00  3.353970e-02
  6.120600e+00  2.737945e-02
  5.962100e+00  2.977520e-02
  5.807600e+00  2.087690e-02
  5.657200e+00  2.361470e-02
  5.510700e+00  2.669485e-02
  5.367900e+00  2.258810e-02
  5.228900e+00  2.532600e-02
  5.093400e+00  2.601055e-02
  4.961500e+00  2.669505e-02
  4.833000e+00  1.848125e-02
  4.707800e+00  1.813905e-02
  4.585800e+00  1.574330e-02
  4.467100e+00  1.266310e-02
  4.351300e+00  1.642785e-02
  4.238600e+00  1.300550e-02
  4.128800e+00  1.540115e-02
  4.021900e+00  2.293030e-02
  3.917700e+00  1.950790e-02
  3.816200e+00  1.403215e-02
  3.717400e+00  1.197864e-02
  3.621100e+00  1.129415e-02
  3.527300e+00  1.197870e-02
  3.435900e+00  9.240730e-03
  3.346900e+00  1.060970e-02
  3.260200e+00  1.095189e-02
  3.175800e+00  3.422465e-03
  3.093500e+00  4.106960e-03
  3.013400e+00  5.818165e-03
  2.935300e+00  3.422465e-03
  2.859300e+00  4.791480e-03
  2.785200e+00  5.133715e-03
  2.713100e+00  8.213960e-03
  2.642800e+00  8.898470e-03
  2.574300e+00  6.844969e-03
  2.507600e+00  5.133730e-03
  2.442700e+00  4.791465e-03
  2.379400e+00  7.529460e-03
  2.317800e+00  4.791460e-03
  2.257700e+00  4.106960e-03
  2.199300e+00  4.449200e-03
  2.142300e+00  3.422460e-03
  2.086800e+00  4.791470e-03
  2.032700e+00  4.791440e-03
  1.980100e+00  4.449210e-03
  1.928800e+00  3.764715e-03
  1.878800e+00  2.053480e-03
  1.830200e+00  3.764705e-03
  1.782800e+00  6.844960e-03
  1.736600e+00  2.053480e-03
  1.691600e+00  1.368980e-03
  1.647800e+00  2.395715e-03
  1.605100e+00  2.737960e-03
  1.563500e+00  3.080225e-03
  1.523000e+00  3.764695e-03
  1.483600e+00  1.026750e-03
  1.445100e+00  1.368980e-03
  1.407700e+00  1.368990e-03
  1.371200e+00  3.422460e-03
  1.335700e+00  1.711225e-03
  1.301100e+00  1.711235e-03
  1.267400e+00  1.026735e-03
  1.234600e+00  2.395725e-03
  1.202600e+00  1.711225e-03
  1.171500e+00  1.711225e-03
  1.141100e+00  2.395715e-03
  1.111600e+00  6.844900e-04
  1.082800e+00  0.000000e+00
  1.054700e+00  4.106960e-03
  1.027400e+00  0.000000e+00
  1.000800e+00  2.737980e-03
  9.749000e-01  2.737980e-03
  9.496000e-01  3.080225e-03
  9.250000e-01  2.737960e-03
  9.010000e-01  1.368980e-03
  8.777000e-01  1.711225e-03
  8.550000e-01  2.395725e-03
  8.328000e-01  3.080215e-03
  8.113000e-01  1.368980e-03
  7.902000e-01  1.711225e-03
  7.698000e-01  2.737970e-03
  7.498000e-01  2.395725e-03
  7.304000e-01  3.080205e-03
  7.115000e-01  3.080205e-03
  6.931000e-01  2.053480e-03
  6.751000e-01  8.213906e-03
  6.576000e-01  8.556170e-03
  6.406000e-01  1.197858e-02
  6.240000e-01  3.764665e-03
  6.078000e-01  3.080230e-03
  5.921000e-01  3.080215e-03
  5.767000e-01  3.422450e-03
  5.618000e-01  3.764720e-03
  5.472000e-01  2.737970e-03
  5.331000e-01  6.844970e-03
  5.193000e-01  4.791460e-03
  5.058000e-01  5.475940e-03
  4.927000e-01  4.791470e-03
  4.799000e-01  4.106980e-03
  4.675000e-01  4.449220e-03
  4.554000e-01  4.791460e-03
  4.436000e-01  2.737970e-03
  4.321000e-01  3.080205e-03
  4.209000e-01  4.791460e-03
  4.100000e-01  3.422450e-03
  3.994000e-01  5.818215e-03
  3.891000e-01  5.133715e-03
  3.790000e-01  5.475920e-03
  3.692000e-01  4.106985e-03
  3.596000e-01  6.844965e-03
  3.503000e-01  2.053490e-03
  3.412000e-01  3.764720e-03
  3.324000e-01  5.818215e-03
  3.238000e-01  2.737970e-03
  3.154000e-01  2.395735e-03
  3.072000e-01  4.449220e-03
  2.992000e-01  4.449195e-03
  2.915000e-01  4.449215e-03
  2.839000e-01  3.422460e-03
  2.766000e-01  5.133710e-03
  2.694000e-01  3.422470e-03
  2.624000e-01  8.213975e-03
  2.556000e-01  4.449210e-03
  2.490000e-01  5.475965e-03
  2.426000e-01  3.080215e-03
  2.363000e-01  4.449225e-03
  2.302000e-01  3.764705e-03
  2.242000e-01  2.395725e-03
  2.184000e-01  2.395730e-03
  2.127000e-01  2.395735e-03
  2.072000e-01  3.422460e-03
  2.019000e-01  1.368980e-03
  1.966000e-01  2.395735e-03
  1.915000e-01  3.080235e-03
  1.866000e-01  6.844900e-04
  1.817000e-01  2.053470e-03
  1.770000e-01  1.368990e-03
  1.725000e-01  1.368980e-03
  1.680000e-01  1.026735e-03
  1.636000e-01  1.368980e-03
  1.594000e-01  1.368980e-03
  1.553000e-01  1.711235e-03
  1.512000e-01  1.026735e-03
  1.473000e-01  2.053470e-03
  1.435000e-01  1.026735e-03
  1.398000e-01  3.422450e-04
  1.362000e-01  3.422450e-04
  1.326000e-01  1.026735e-03
  1.292000e-01  3.422450e-04
  1.259000e-01  3.422450e-04
  1.226000e-01  0.000000e+00
  1.194000e-01  3.422450e-04
  1.163000e-01  3.422450e-04
  1.133000e-01  6.844900e-04
  1.104000e-01  6.844900e-04
  1.075000e-01  6.844900e-04
  1.047000e-01  0.000000e+00
  1.020000e-01  6.844900e-04
  9.940000e-02  3.422450e-04
  9.680000e-02  3.422450e-04
  9.430000e-02  0.000000e+00
  9.190000e-02  0.000000e+00
  8.950000e-02  0.000000e+00
  8.720000e-02  0.000000e+00
  8.490000e-02  3.422450e-04
  8.270000e-02  3.422450e-04
  8.060000e-02  0.000000e+00
  7.850000e-02  0.000000e+00
  7.640000e-02  0.000000e+00
  7.450000e-02  0.000000e+00
  7.250000e-02  0.000000e+00
  7.070000e-02  0.000000e+00
  6.880000e-02  0.000000e+00
  6.700000e-02  3.422450e-04
  6.530000e-02  0.000000e+00
  6.360000e-02  0.000000e+00
  6.200000e-02  0.000000e+00
  6.040000e-02  0.000000e+00
  5.880000e-02  0.000000e+00
  5.730000e-02  0.000000e+00
  5.580000e-02  0.000000e+00
  5.430000e-02  0.000000e+00
  5.290000e-02  0.000000e+00
  5.160000e-02  0.000000e+00
  5.020000e-02  0.000000e+00
  4.890000e-02  0.000000e+00
  4.770000e-02  0.000000e+00
  4.640000e-02  0.000000e+00
  4.520000e-02  0.000000e+00
  4.410000e-02  0.000000e+00
  4.290000e-02  0.000000e+00
  4.180000e-02  0.000000e+00
  4.070000e-02  0.000000e+00
  3.970000e-02  0.000000e+00
  3.860000e-02  0.000000e+00
  3.760000e-02  0.000000e+00
  3.670000e-02  0.000000e+00
  3.570000e-02  0.000000e+00
  3.480000e-02  0.000000e+00
  3.390000e-02  0.000000e+00
  3.300000e-02  0.000000e+00
  3.220000e-02  0.000000e+00
  3.130000e-02  0.000000e+00
  3.050000e-02  0.000000e+00
  2.970000e-02  0.000000e+00
  2.890000e-02  0.000000e+00
  2.820000e-02  0.000000e+00
  2.750000e-02  0.000000e+00
  2.680000e-02  0.000000e+00
  2.610000e-02  0.000000e+00
  2.540000e-02  0.000000e+00
  2.470000e-02  0.000000e+00
  2.410000e-02  0.000000e+00
  2.350000e-02  0.000000e+00
  2.290000e-02  0.000000e+00
  2.230000e-02  0.000000e+00
  2.170000e-02  0.000000e+00
  2.110000e-02  0.000000e+00
  2.060000e-02  0.000000e+00
  2.000000e-02  0.000000e+00
  1.950000e-02  0.000000e+00
  1.900000e-02  0.000000e+00
  1.850000e-02  0.000000e+00
  1.800000e-02  0.000000e+00
  1.760000e-02  0.000000e+00
  1.710000e-02  0.000000e+00
  1.670000e-02  0.000000e+00
  1.630000e-02  0.000000e+00
  1.580000e-02  0.000000e+00
  1.540000e-02  0.000000e+00
  1.500000e-02  0.000000e+00
  1.460000e-02  0.000000e+00
  1.430000e-02  0.000000e+00
  1.390000e-02  0.000000e+00
  1.350000e-02  0.000000e+00
  1.320000e-02  0.000000e+00
  1.280000e-02  0.000000e+00
  1.250000e-02  0.000000e+00
  1.220000e-02  0.000000e+00
  1.190000e-02  0.000000e+00
  1.160000e-02  0.000000e+00
  1.130000e-02  0.000000e+00
  1.100000e-02  0.000000e+00
  1.070000e-02  0.000000e+00
  1.040000e-02  0.000000e+00
  1.010000e-02  0.000000e+00
