  4.934820e+03  9.184500e-03
  4.806990e+03  0.000000e+00
  4.682470e+03  0.000000e+00
  4.561180e+03  0.000000e+00
  4.443030e+03  0.000000e+00
  4.327940e+03  0.000000e+00
  4.215830e+03  0.000000e+00
  4.106630e+03  0.000000e+00
  4.000250e+03  0.000000e+00
  3.896630e+03  0.000000e+00
  3.795700e+03  0.000000e+00
  3.697380e+03  0.000000e+00
  3.601600e+03  0.000000e+00
  3.508310e+03  0.000000e+00
  3.417430e+03  0.000000e+00
  3.328910e+03  0.000000e+00
  3.242680e+03  0.000000e+00
  3.158680e+03  0.000000e+00
  3.076860e+03  0.000000e+00
  2.997160e+03  9.184500e-03
  2.919530e+03  0.000000e+00
  2.843900e+03  0.000000e+00
  2.770230e+03  0.000000e+00
  2.698480e+03  0.000000e+00
  2.628580e+03  9.184500e-03
  2.560490e+03  0.000000e+00
  2.494160e+03  9.184500e-03
  2.429550e+03  9.184500e-03
  2.366620e+03  0.000000e+00
  2.305320e+03  0.000000e+00
  2.245600e+03  3.673850e-02
  2.187430e+03  9.184500e-03
  2.130770e+03  1.836900e-02
  2.075580e+03  0.000000e+00
  2.021810e+03  9.184500e-03
  1.969440e+03  0.000000e+00
  1.918430e+03  1.836900e-02
  1.868730e+03  9.184500e-03
  1.820330e+03  0.000000e+00
  1.773170e+03  9.184500e-03
  1.727240e+03  9.184500e-03
  1.682500e+03  9.184500e-03
  1.638920e+03  9.184500e-03
  1.596470e+03  2.755350e-02
  1.555110e+03  9.184500e-03
  1.514830e+03  0.000000e+00
  1.475590e+03  2.755350e-02
  1.437370e+03  7.347600e-02
  1.400140e+03  3.673850e-02
  1.363870e+03  5.510700e-02
  1.328540e+03  2.755350e-02
  1.294120e+03  8.266100e-02
  1.260600e+03  6.429200e-02
  1.227950e+03  1.561385e-01
  1.196140e+03  7.347650e-02
  1.165160e+03  1.285845e-01
  1.134980e+03  1.285835e-01
  1.105580e+03  1.285840e-01
  1.076940e+03  1.102145e-01
  1.049040e+03  1.102155e-01
  1.021870e+03  1.377690e-01
  9.953980e+02  1.469530e-01
  9.696140e+02  1.928775e-01
  9.444970e+02  1.836930e-01
  9.200320e+02  2.479860e-01
  8.962000e+02  2.847240e-01
  8.729850e+02  2.296165e-01
  8.503720e+02  3.582005e-01
  8.283450e+02  2.847250e-01
  8.068880e+02  3.949430e-01
  7.859870e+02  4.867875e-01
  7.656270e+02  4.041240e-01
  7.457950e+02  5.878225e-01
  7.264760e+02  6.521155e-01
  7.076580e+02  6.888575e-01
  6.893270e+02  7.072245e-01
  6.714710e+02  8.358025e-01
  6.540780e+02  1.083805e+00
  6.371350e+02  8.633660e-01
  6.206310e+02  1.102160e+00
  6.045550e+02  1.175635e+00
  5.888950e+02  1.497090e+00
  5.736410e+02  1.671610e+00
  5.587810e+02  2.011425e+00
  5.443070e+02  2.176760e+00
  5.302080e+02  2.681915e+00
  5.164740e+02  3.040130e+00
  5.030950e+02  3.187090e+00
  4.900630e+02  3.545295e+00
  4.773690e+02  4.408655e+00
  4.650040e+02  4.583155e+00
  4.529580e+02  4.987280e+00
  4.412250e+02  5.676130e+00
  4.297960e+02  6.364980e+00
  4.186630e+02  7.292635e+00
  4.078180e+02  8.128441e+00
  3.972540e+02  9.092810e+00
  3.869640e+02  9.625605e+00
  3.769400e+02  1.159110e+01
  3.671770e+02  1.264730e+01
  3.576650e+02  1.448425e+01
  3.484010e+02  1.531995e+01
  3.393760e+02  1.721205e+01
  3.305850e+02  1.971960e+01
  3.220220e+02  2.143710e+01
  3.136800e+02  2.469765e+01
  3.055550e+02  2.697535e+01
  2.976400e+02  3.020850e+01
  2.899300e+02  3.385475e+01
  2.824200e+02  3.809805e+01
  2.751040e+02  4.184540e+01
  2.679780e+02  4.705315e+01
  2.610370e+02  5.252725e+01
  2.542750e+02  5.778995e+01
  2.476890e+02  6.520205e+01
  2.412730e+02  6.985855e+01
  2.350230e+02  7.938320e+01
  2.289350e+02  8.846675e+01
  2.230050e+02  9.811060e+01
  2.172280e+02  1.092055e+02
  2.116010e+02  1.205395e+02
  2.061200e+02  1.311390e+02
  2.007810e+02  1.454760e+02
  1.955800e+02  1.642225e+02
  1.905140e+02  1.829220e+02
  1.855790e+02  2.042220e+02
  1.807720e+02  2.259610e+02
  1.760890e+02  2.487390e+02
  1.715280e+02  2.741245e+02
  1.670850e+02  3.047015e+02
  1.627570e+02  3.282335e+02
  1.585410e+02  3.627495e+02
  1.544340e+02  3.916255e+02
  1.504340e+02  4.286480e+02
  1.465370e+02  4.693470e+02
  1.427410e+02  5.037145e+02
  1.390440e+02  5.498220e+02
  1.354420e+02  5.909690e+02
  1.319340e+02  6.419725e+02
  1.285160e+02  6.821090e+02
  1.251870e+02  7.303655e+02
  1.219440e+02  7.858230e+02
  1.187850e+02  8.418030e+02
  1.157090e+02  9.004115e+02
  1.127110e+02  9.691035e+02
  1.097920e+02  1.039350e+03
  1.069480e+02  1.098460e+03
  1.041770e+02  1.175390e+03
  1.014790e+02  1.245660e+03
  9.885030e+01  1.334840e+03
  9.628970e+01  1.410845e+03
  9.379550e+01  1.499540e+03
  9.136590e+01  1.580310e+03
  8.899920e+01  1.678700e+03
  8.669380e+01  1.782200e+03
  8.444820e+01  1.850820e+03
  8.226070e+01  1.960450e+03
  8.012980e+01  2.068710e+03
  7.805420e+01  2.168250e+03
  7.603240e+01  2.266910e+03
  7.406290e+01  2.364255e+03
  7.214440e+01  2.476915e+03
  7.027560e+01  2.566380e+03
  6.845520e+01  2.677570e+03
  6.668200e+01  2.762365e+03
  6.495470e+01  2.837250e+03
  6.327220e+01  2.887780e+03
  6.163320e+01  2.923745e+03
  6.003670e+01  2.954505e+03
  5.848160e+01  2.948870e+03
  5.696670e+01  2.957605e+03
  5.549110e+01  2.963740e+03
  5.405370e+01  2.966890e+03
  5.265350e+01  2.979455e+03
  5.128960e+01  2.963620e+03
  4.996100e+01  2.956580e+03
  4.866690e+01  2.928250e+03
  4.740620e+01  2.883375e+03
  4.617830e+01  2.821590e+03
  4.498210e+01  2.726790e+03
  4.381690e+01  2.660320e+03
  4.268190e+01  2.563295e+03
  4.157630e+01  2.466960e+03
  4.049930e+01  2.372510e+03
  3.945030e+01  2.278305e+03
  3.842840e+01  2.186630e+03
  3.743290e+01  2.104170e+03
  3.646330e+01  2.021730e+03
  3.551880e+01  1.941485e+03
  3.459870e+01  1.849365e+03
  3.370250e+01  1.767910e+03
  3.282950e+01  1.678680e+03
  3.197910e+01  1.600205e+03
  3.115070e+01  1.514615e+03
  3.034380e+01  1.438425e+03
  2.955780e+01  1.364590e+03
  2.879220e+01  1.278510e+03
  2.804640e+01  1.200000e+03
  2.731990e+01  1.115870e+03
  2.661220e+01  1.046315e+03
  2.592290e+01  9.686250e+02
  2.525140e+01  8.966630e+02
  2.459730e+01  8.199250e+02
  2.396010e+01  7.564960e+02
  2.333950e+01  6.863895e+02
  2.273490e+01  6.132150e+02
  2.214600e+01  5.496565e+02
  2.157230e+01  4.843255e+02
  2.101350e+01  4.246355e+02
  2.046920e+01  3.733485e+02
  1.993900e+01  3.208040e+02
  1.942250e+01  2.835030e+02
  1.891940e+01  2.459470e+02
  1.842930e+01  2.265965e+02
  1.795200e+01  2.085655e+02
  1.748690e+01  2.035420e+02
  1.703400e+01  1.964230e+02
  1.659270e+01  1.949720e+02
  1.616290e+01  1.976815e+02
  1.574430e+01  1.985460e+02
  1.533640e+01  1.976460e+02
  1.493920e+01  1.943110e+02
  1.455220e+01  1.847500e+02
  1.417520e+01  1.614210e+02
  1.380800e+01  1.357315e+02
  1.345040e+01  9.820210e+01
  1.310200e+01  7.171395e+01
  1.276260e+01  4.838490e+01
  1.243200e+01  3.294540e+01
  1.211000e+01  2.275045e+01
  1.179630e+01  1.464970e+01
  1.149070e+01  1.012150e+01
  1.119310e+01  7.283450e+00
  1.090310e+01  6.107815e+00
  1.062070e+01  5.042385e+00
  1.034560e+01  3.875945e+00
  1.007760e+01  3.168720e+00
  9.816600e+00  2.498220e+00
  9.562300e+00  1.717520e+00
  9.314600e+00  1.901215e+00
  9.073300e+00  2.544145e+00
  8.838300e+00  3.554485e+00
  8.609300e+00  5.244455e+00
  8.386300e+00  8.312125e+00
  8.169100e+00  1.302390e+01
  7.957500e+00  1.977465e+01
  7.751400e+00  2.543230e+01
  7.550600e+00  3.329445e+01
  7.355000e+00  3.445165e+01
  7.164500e+00  3.134735e+01
  6.978900e+00  3.098910e+01
  6.798100e+00  2.743470e+01
  6.622000e+00  2.513835e+01
  6.450500e+00  2.376995e+01
  6.283400e+00  2.095945e+01
  6.120600e+00  1.960010e+01
  5.962100e+00  1.824075e+01
  5.807600e+00  1.778160e+01
  5.657200e+00  1.780900e+01
  5.510700e+00  1.774490e+01
  5.367900e+00  1.699160e+01
  5.228900e+00  1.597210e+01
  5.093400e+00  1.505370e+01
  4.961500e+00  1.338210e+01
  4.833000e+00  1.298715e+01
  4.707800e+00  1.271150e+01
  4.585800e+00  1.053485e+01
  4.467100e+00  9.304080e+00
  4.351300e+00  8.606075e+00
  4.238600e+00  8.541800e+00
  4.128800e+00  8.431561e+00
  4.021900e+00  9.726585e+00
  3.917700e+00  7.852921e+00
  3.816200e+00  5.694505e+00
  3.717400e+00  5.437330e+00
  3.621100e+00  4.748480e+00
  3.527300e+00  4.583155e+00
  3.435900e+00  4.050445e+00
  3.346900e+00  2.902360e+00
  3.260200e+00  2.360455e+00
  3.175800e+00  1.708330e+00
  3.093500e+00  9.184690e-01
  3.013400e+00  8.633571e-01
  2.935300e+00  8.725500e-01
  2.859300e+00  1.120537e+00
  2.785200e+00  1.570570e+00
  2.713100e+00  2.011425e+00
  2.642800e+00  1.919590e+00
  2.574300e+00  1.864485e+00
  2.507600e+00  1.818545e+00
  2.442700e+00  1.579750e+00
  2.379400e+00  1.616490e+00
  2.317800e+00  1.506275e+00
  2.257700e+00  1.276665e+00
  2.199300e+00  1.350135e+00
  2.142300e+00  1.120535e+00
  2.086800e+00  9.184800e-01
  2.032700e+00  9.643995e-01
  1.980100e+00  1.249105e+00
  1.928800e+00  8.541850e-01
  1.878800e+00  6.704845e-01
  1.830200e+00  8.817370e-01
  1.782800e+00  1.699145e+00
  1.736600e+00  1.111355e+00
  1.691600e+00  7.715210e-01
  1.647800e+00  6.704870e-01
  1.605100e+00  6.888480e-01
  1.563500e+00  4.776005e-01
  1.523000e+00  6.888595e-01
  1.483600e+00  5.510840e-01
  1.445100e+00  4.776030e-01
  1.407700e+00  5.235305e-01
  1.371200e+00  4.408645e-01
  1.335700e+00  4.867875e-01
  1.301100e+00  4.408635e-01
  1.267400e+00  3.030935e-01
  1.234600e+00  4.500525e-01
  1.202600e+00  5.143435e-01
  1.171500e+00  4.500485e-01
  1.141100e+00  4.776030e-01
  1.111600e+00  3.949400e-01
  1.082800e+00  2.939095e-01
  1.054700e+00  4.041250e-01
  1.027400e+00  3.582025e-01
  1.000800e+00  3.306470e-01
  9.749000e-01  4.133095e-01
  9.496000e-01  4.776065e-01
  9.250000e-01  3.949400e-01
  9.010000e-01  3.214660e-01
  8.777000e-01  4.867875e-01
  8.550000e-01  5.143475e-01
  8.328000e-01  5.143440e-01
  8.113000e-01  5.327095e-01
  7.902000e-01  4.776045e-01
  7.698000e-01  5.694495e-01
  7.498000e-01  6.153770e-01
  7.304000e-01  6.429285e-01
  7.115000e-01  7.072190e-01
  6.931000e-01  6.061940e-01
  6.751000e-01  2.075715e+00
  6.576000e-01  2.773770e+00
  6.406000e-01  4.169850e+00
  6.240000e-01  1.102170e+00
  6.078000e-01  8.266275e-01
  5.921000e-01  8.817350e-01
  5.767000e-01  1.056250e+00
  5.618000e-01  1.047065e+00
  5.472000e-01  1.074625e+00
  5.331000e-01  1.469530e+00
  5.193000e-01  1.074609e+00
  5.058000e-01  1.148089e+00
  4.927000e-01  1.377695e+00
  4.799000e-01  1.368510e+00
  4.675000e-01  1.212385e+00
  4.554000e-01  1.331765e+00
  4.436000e-01  1.533825e+00
  4.321000e-01  1.588950e+00
  4.209000e-01  1.451165e+00
  4.100000e-01  1.350145e+00
  3.994000e-01  2.342085e+00
  3.891000e-01  2.296160e+00
  3.790000e-01  2.534960e+00
  3.692000e-01  2.075720e+00
  3.596000e-01  1.515455e+00
  3.503000e-01  2.057350e+00
  3.412000e-01  1.993055e+00
  3.324000e-01  1.974685e+00
  3.238000e-01  1.956320e+00
  3.154000e-01  1.818560e+00
  3.072000e-01  2.305340e+00
  2.992000e-01  2.902360e+00
  2.915000e-01  3.536105e+00
  2.839000e-01  3.582025e+00
  2.766000e-01  3.297305e+00
  2.694000e-01  3.554475e+00
  2.624000e-01  4.022900e+00
  2.556000e-01  3.481005e+00
  2.490000e-01  3.260570e+00
  2.426000e-01  2.994205e+00
  2.363000e-01  3.168725e+00
  2.302000e-01  2.452300e+00
  2.242000e-01  2.369630e+00
  2.184000e-01  2.406370e+00
  2.127000e-01  2.204300e+00
  2.072000e-01  2.029800e+00
  2.019000e-01  2.038980e+00
  1.966000e-01  1.699150e+00
  1.915000e-01  1.818545e+00
  1.866000e-01  1.644050e+00
  1.817000e-01  1.763440e+00
  1.770000e-01  1.497100e+00
  1.725000e-01  1.331775e+00
  1.680000e-01  1.221560e+00
  1.636000e-01  1.239935e+00
  1.594000e-01  1.340965e+00
  1.553000e-01  1.212380e+00
  1.512000e-01  1.056257e+00
  1.473000e-01  1.037879e+00
  1.435000e-01  9.368440e-01
  1.398000e-01  9.368360e-01
  1.362000e-01  1.019508e+00
  1.326000e-01  9.552170e-01
  1.292000e-01  1.065420e+00
  1.259000e-01  8.174445e-01
  1.226000e-01  7.623275e-01
  1.194000e-01  7.072190e-01
  1.163000e-01  8.725460e-01
  1.133000e-01  7.439600e-01
  1.104000e-01  5.970095e-01
  1.075000e-01  6.796745e-01
  1.047000e-01  5.510790e-01
  1.020000e-01  6.153760e-01
  9.940000e-02  5.510830e-01
  9.680000e-02  4.592340e-01
  9.430000e-02  3.398325e-01
  9.190000e-02  2.939080e-01
  8.950000e-02  2.939105e-01
  8.720000e-02  2.847245e-01
  8.490000e-02  1.928780e-01
  8.270000e-02  2.479855e-01
  8.060000e-02  1.285850e-01
  7.850000e-02  1.193995e-01
  7.640000e-02  1.194000e-01
  7.450000e-02  1.377680e-01
  7.250000e-02  1.102160e-01
  7.070000e-02  1.102150e-01
  6.880000e-02  7.347650e-02
  6.700000e-02  4.592250e-02
  6.530000e-02  1.836900e-02
  6.360000e-02  9.184500e-03
  6.200000e-02  2.755350e-02
  6.040000e-02  1.836900e-02
  5.880000e-02  9.184500e-03
  5.730000e-02  1.836900e-02
  5.580000e-02  0.000000e+00
  5.430000e-02  9.184500e-03
  5.290000e-02  1.836900e-02
  5.160000e-02  0.000000e+00
  5.020000e-02  9.184500e-03
  4.890000e-02  1.836900e-02
  4.770000e-02  0.000000e+00
  4.640000e-02  0.000000e+00
  4.520000e-02  0.000000e+00
  4.410000e-02  1.836900e-02
  4.290000e-02  1.836900e-02
  4.180000e-02  0.000000e+00
  4.070000e-02  0.000000e+00
  3.970000e-02  9.184500e-03
  3.860000e-02  0.000000e+00
  3.760000e-02  9.184500e-03
  3.670000e-02  0.000000e+00
  3.570000e-02  0.000000e+00
  3.480000e-02  9.184500e-03
  3.390000e-02  1.836900e-02
  3.300000e-02  0.000000e+00
  3.220000e-02  0.000000e+00
  3.130000e-02  0.000000e+00
  3.050000e-02  0.000000e+00
  2.970000e-02  0.000000e+00
  2.890000e-02  9.184500e-03
  2.820000e-02  0.000000e+00
  2.750000e-02  0.000000e+00
  2.680000e-02  9.184500e-03
  2.610000e-02  0.000000e+00
  2.540000e-02  0.000000e+00
  2.470000e-02  0.000000e+00
  2.410000e-02  2.755350e-02
  2.350000e-02  9.184500e-03
  2.290000e-02  9.184500e-03
  2.230000e-02  0.000000e+00
  2.170000e-02  0.000000e+00
  2.110000e-02  0.000000e+00
  2.060000e-02  0.000000e+00
  2.000000e-02  0.000000e+00
  1.950000e-02  0.000000e+00
  1.900000e-02  9.184500e-03
  1.850000e-02  0.000000e+00
  1.800000e-02  9.184500e-03
  1.760000e-02  9.184500e-03
  1.710000e-02  0.000000e+00
  1.670000e-02  9.184500e-03
  1.630000e-02  9.184500e-03
  1.580000e-02  0.000000e+00
  1.540000e-02  0.000000e+00
  1.500000e-02  0.000000e+00
  1.460000e-02  9.184500e-03
  1.430000e-02  0.000000e+00
  1.390000e-02  0.000000e+00
  1.350000e-02  0.000000e+00
  1.320000e-02  0.000000e+00
  1.280000e-02  0.000000e+00
  1.250000e-02  0.000000e+00
  1.220000e-02  0.000000e+00
  1.190000e-02  0.000000e+00
  1.160000e-02  0.000000e+00
  1.130000e-02  0.000000e+00
  1.100000e-02  0.000000e+00
  1.070000e-02  0.000000e+00
  1.040000e-02  0.000000e+00
  1.010000e-02  0.000000e+00
