  4.934820e+03  3.377020e-03
  4.806990e+03  3.896550e-04
  4.682470e+03  2.597700e-04
  4.561180e+03  3.896550e-04
  4.443030e+03  6.494250e-04
  4.327940e+03  3.896550e-04
  4.215830e+03  9.091950e-04
  4.106630e+03  5.195400e-04
  4.000250e+03  6.494250e-04
  3.896630e+03  3.896550e-04
  3.795700e+03  1.168965e-03
  3.697380e+03  9.091950e-04
  3.601600e+03  5.195400e-04
  3.508310e+03  1.428735e-03
  3.417430e+03  1.948275e-03
  3.328910e+03  5.195400e-04
  3.242680e+03  6.494250e-04
  3.158680e+03  1.558620e-03
  3.076860e+03  1.558620e-03
  2.997160e+03  1.298850e-03
  2.919530e+03  1.948275e-03
  2.843900e+03  1.558620e-03
  2.770230e+03  2.467815e-03
  2.698480e+03  2.727595e-03
  2.628580e+03  2.857470e-03
  2.560490e+03  2.987355e-03
  2.494160e+03  2.987355e-03
  2.429550e+03  2.987365e-03
  2.366620e+03  3.247135e-03
  2.305320e+03  4.675910e-03
  2.245600e+03  5.455215e-03
  2.187430e+03  4.286225e-03
  2.130770e+03  6.624205e-03
  2.075580e+03  6.883990e-03
  2.021810e+03  7.143755e-03
  1.969440e+03  6.494255e-03
  1.918430e+03  8.702375e-03
  1.868730e+03  8.572530e-03
  1.820330e+03  1.013113e-02
  1.773170e+03  1.091042e-02
  1.727240e+03  1.415765e-02
  1.682500e+03  1.441730e-02
  1.638920e+03  1.519665e-02
  1.596470e+03  1.662545e-02
  1.555110e+03  1.844380e-02
  1.514830e+03  1.857370e-02
  1.475590e+03  2.260005e-02
  1.437370e+03  2.571720e-02
  1.400140e+03  2.571725e-02
  1.363870e+03  2.961380e-02
  1.328540e+03  3.182190e-02
  1.294120e+03  3.649780e-02
  1.260600e+03  3.390000e-02
  1.227950e+03  3.753680e-02
  1.196140e+03  4.766795e-02
  1.165160e+03  4.805755e-02
  1.134980e+03  5.455180e-02
  1.105580e+03  6.403355e-02
  1.076940e+03  6.883925e-02
  1.049040e+03  8.000940e-02
  1.021870e+03  8.169790e-02
  9.953980e+02  9.156940e-02
  9.696140e+02  9.559549e-02
  9.444970e+02  1.088435e-01
  9.200320e+02  1.281970e-01
  8.962000e+02  1.411855e-01
  8.729850e+02  1.543035e-01
  8.503720e+02  1.810605e-01
  8.283450e+02  1.913200e-01
  8.068880e+02  2.127520e-01
  7.859870e+02  2.334045e-01
  7.656270e+02  2.648355e-01
  7.457950e+02  3.144525e-01
  7.264760e+02  3.283505e-01
  7.076580e+02  3.645880e-01
  6.893270e+02  4.077090e-01
  6.714710e+02  4.552475e-01
  6.540780e+02  5.221390e-01
  6.371350e+02  5.703260e-01
  6.206310e+02  6.305940e-01
  6.045550e+02  6.944970e-01
  5.888950e+02  7.847660e-01
  5.736410e+02  8.738685e-01
  5.587810e+02  9.644025e-01
  5.443070e+02  1.042210e+00
  5.302080e+02  1.162745e+00
  5.164740e+02  1.260155e+00
  5.030950e+02  1.414185e+00
  4.900630e+02  1.558895e+00
  4.773690e+02  1.722675e+00
  4.650040e+02  1.914380e+00
  4.529580e+02  2.110240e+00
  4.412250e+02  2.282460e+00
  4.297960e+02  2.512245e+00
  4.186630e+02  2.735905e+00
  4.078180e+02  3.068150e+00
  3.972540e+02  3.297920e+00
  3.869640e+02  3.678740e+00
  3.769400e+02  4.019555e+00
  3.671770e+02  4.419095e+00
  3.576650e+02  4.820295e+00
  3.484010e+02  5.220210e+00
  3.393760e+02  5.699355e+00
  3.305850e+02  6.196825e+00
  3.220220e+02  6.741830e+00
  3.136800e+02  7.284230e+00
  3.055550e+02  7.872215e+00
  2.976400e+02  8.425014e+00
  2.899300e+02  9.161595e+00
  2.824200e+02  9.987665e+00
  2.751040e+02  1.078660e+01
  2.679780e+02  1.159420e+01
  2.610370e+02  1.248095e+01
  2.542750e+02  1.336630e+01
  2.476890e+02  1.432050e+01
  2.412730e+02  1.555175e+01
  2.350230e+02  1.674125e+01
  2.289350e+02  1.794870e+01
  2.230050e+02  1.916965e+01
  2.172280e+02  2.062900e+01
  2.116010e+02  2.184450e+01
  2.061200e+02  2.313830e+01
  2.007810e+02  2.463695e+01
  1.955800e+02  2.623240e+01
  1.905140e+02  2.825155e+01
  1.855790e+02  3.006310e+01
  1.807720e+02  3.203790e+01
  1.760890e+02  3.390140e+01
  1.715280e+02  3.576305e+01
  1.670850e+02  3.770550e+01
  1.627570e+02  3.946345e+01
  1.585410e+02  4.141275e+01
  1.544340e+02  4.313475e+01
  1.504340e+02  4.482920e+01
  1.465370e+02  4.663250e+01
  1.427410e+02  4.848225e+01
  1.390440e+02  5.010550e+01
  1.354420e+02  5.179595e+01
  1.319340e+02  5.345880e+01
  1.285160e+02  5.524165e+01
  1.251870e+02  5.667215e+01
  1.219440e+02  5.807060e+01
  1.187850e+02  5.962335e+01
  1.157090e+02  6.132100e+01
  1.127110e+02  6.267065e+01
  1.097920e+02  6.436105e+01
  1.069480e+02  6.605450e+01
  1.041770e+02  6.780975e+01
  1.014790e+02  6.947625e+01
  9.885030e+01  7.114175e+01
  9.628970e+01  7.266505e+01
  9.379550e+01  7.472470e+01
  9.136590e+01  7.634579e+01
  8.899920e+01  7.788665e+01
  8.669380e+01  7.963914e+01
  8.444820e+01  8.139494e+01
  8.226070e+01  8.277240e+01
  8.012980e+01  8.457166e+01
  7.805420e+01  8.630500e+01
  7.603240e+01  8.799435e+01
  7.406290e+01  8.954915e+01
  7.214440e+01  9.109750e+01
  7.027560e+01  9.241170e+01
  6.845520e+01  9.352029e+01
  6.668200e+01  9.440745e+01
  6.495470e+01  9.474160e+01
  6.327220e+01  9.498255e+01
  6.163320e+01  9.461775e+01
  6.003670e+01  9.356239e+01
  5.848160e+01  9.270250e+01
  5.696670e+01  9.121754e+01
  5.549110e+01  9.034590e+01
  5.405370e+01  8.890710e+01
  5.265350e+01  8.767135e+01
  5.128960e+01  8.603075e+01
  4.996100e+01  8.434505e+01
  4.866690e+01  8.175995e+01
  4.740620e+01  7.901981e+01
  4.617830e+01  7.581795e+01
  4.498210e+01  7.243570e+01
  4.381690e+01  6.983650e+01
  4.268190e+01  6.692890e+01
  4.157630e+01  6.433645e+01
  4.049930e+01  6.139500e+01
  3.945030e+01  5.894515e+01
  3.842840e+01  5.675135e+01
  3.743290e+01  5.453235e+01
  3.646330e+01  5.241205e+01
  3.551880e+01  5.027690e+01
  3.459870e+01  4.835810e+01
  3.370250e+01  4.575635e+01
  3.282950e+01  4.377505e+01
  3.197910e+01  4.151945e+01
  3.115070e+01  3.944850e+01
  3.034380e+01  3.735320e+01
  2.955780e+01  3.516160e+01
  2.879220e+01  3.286420e+01
  2.804640e+01  3.088250e+01
  2.731990e+01  2.873645e+01
  2.661220e+01  2.667395e+01
  2.592290e+01  2.443625e+01
  2.525140e+01  2.256865e+01
  2.459730e+01  2.066690e+01
  2.396010e+01  1.874800e+01
  2.333950e+01  1.696825e+01
  2.273490e+01  1.507905e+01
  2.214600e+01  1.339775e+01
  2.157230e+01  1.161830e+01
  2.101350e+01  1.006120e+01
  2.046920e+01  8.653605e+00
  1.993900e+01  7.458015e+00
  1.942250e+01  6.383990e+00
  1.891940e+01  5.542330e+00
  1.842930e+01  5.102150e+00
  1.795200e+01  4.823415e+00
  1.748690e+01  4.866930e+00
  1.703400e+01  4.910710e+00
  1.659270e+01  5.180345e+00
  1.616290e+01  5.559745e+00
  1.574430e+01  5.975240e+00
  1.533640e+01  6.261775e+00
  1.493920e+01  6.511155e+00
  1.455220e+01  6.547525e+00
  1.417520e+01  5.863155e+00
  1.380800e+01  4.741975e+00
  1.345040e+01  3.475730e+00
  1.310200e+01  2.337810e+00
  1.276260e+01  1.441845e+00
  1.243200e+01  8.686735e-01
  1.211000e+01  4.973305e-01
  1.179630e+01  2.636675e-01
  1.149070e+01  1.569010e-01
  1.119310e+01  9.273810e-02
  1.090310e+01  6.935870e-02
  1.062070e+01  4.247245e-02
  1.034560e+01  2.870450e-02
  1.007760e+01  1.844375e-02
  9.816600e+00  1.285870e-02
  9.562300e+00  9.611540e-03
  9.314600e+00  1.065068e-02
  9.073300e+00  1.922310e-02
  8.838300e+00  4.195300e-02
  8.609300e+00  9.910330e-02
  8.386300e+00  2.124920e-01
  8.169100e+00  4.538185e-01
  7.957500e+00  9.207585e-01
  7.751400e+00  1.337295e+00
  7.550600e+00  1.946845e+00
  7.355000e+00  2.045170e+00
  7.164500e+00  1.865025e+00
  6.978900e+00  1.664870e+00
  6.798100e+00  1.410810e+00
  6.622000e+00  1.201055e+00
  6.450500e+00  1.022195e+00
  6.283400e+00  8.554250e-01
  6.120600e+00  7.061860e-01
  5.962100e+00  6.056550e-01
  5.807600e+00  5.646125e-01
  5.657200e+00  5.249965e-01
  5.510700e+00  4.861610e-01
  5.367900e+00  4.282315e-01
  5.228900e+00  3.604315e-01
  5.093400e+00  3.123745e-01
  4.961500e+00  2.713310e-01
  4.833000e+00  2.348325e-01
  4.707800e+00  2.243120e-01
  4.585800e+00  1.514460e-01
  4.467100e+00  1.300150e-01
  4.351300e+00  1.126110e-01
  4.238600e+00  1.141695e-01
  4.128800e+00  9.403675e-02
  4.021900e+00  1.467705e-01
  3.917700e+00  8.832185e-02
  3.816200e+00  5.494145e-02
  3.717400e+00  4.740805e-02
  3.621100e+00  4.312190e-02
  3.527300e+00  3.480930e-02
  3.435900e+00  3.039325e-02
  3.346900e+00  2.052195e-02
  3.260200e+00  1.701510e-02
  3.175800e+00  7.923140e-03
  3.093500e+00  7.663365e-03
  3.013400e+00  4.286255e-03
  2.935300e+00  4.416090e-03
  2.859300e+00  7.013870e-03
  2.785200e+00  7.273690e-03
  2.713100e+00  1.104033e-02
  2.642800e+00  1.311850e-02
  2.574300e+00  1.207950e-02
  2.507600e+00  1.207945e-02
  2.442700e+00  1.117035e-02
  2.379400e+00  1.078050e-02
  2.317800e+00  1.026090e-02
  2.257700e+00  8.702340e-03
  2.199300e+00  9.351751e-03
  2.142300e+00  5.195410e-03
  2.086800e+00  7.533415e-03
  2.032700e+00  6.104650e-03
  1.980100e+00  8.572524e-03
  1.928800e+00  5.195445e-03
  1.878800e+00  4.026480e-03
  1.830200e+00  5.974775e-03
  1.782800e+00  1.065064e-02
  1.736600e+00  6.234555e-03
  1.691600e+00  6.754080e-03
  1.647800e+00  6.624180e-03
  1.605100e+00  4.416125e-03
  1.563500e+00  4.545995e-03
  1.523000e+00  4.675880e-03
  1.483600e+00  5.195425e-03
  1.445100e+00  4.286240e-03
  1.407700e+00  3.377010e-03
  1.371200e+00  3.377010e-03
  1.335700e+00  3.117240e-03
  1.301100e+00  2.597700e-03
  1.267400e+00  2.987355e-03
  1.234600e+00  3.377045e-03
  1.202600e+00  3.506920e-03
  1.171500e+00  2.987355e-03
  1.141100e+00  5.065515e-03
  1.111600e+00  2.337930e-03
  1.082800e+00  2.337930e-03
  1.054700e+00  3.377010e-03
  1.027400e+00  2.337930e-03
  1.000800e+00  3.766675e-03
  9.749000e-01  2.467815e-03
  9.496000e-01  3.247125e-03
  9.250000e-01  2.337930e-03
  9.010000e-01  2.597700e-03
  8.777000e-01  2.727585e-03
  8.550000e-01  2.078160e-03
  8.328000e-01  3.117240e-03
  8.113000e-01  2.078160e-03
  7.902000e-01  3.117250e-03
  7.698000e-01  2.467825e-03
  7.498000e-01  2.727585e-03
  7.304000e-01  4.156330e-03
  7.115000e-01  2.208045e-03
  6.931000e-01  2.987365e-03
  6.751000e-01  5.714995e-03
  6.576000e-01  7.013805e-03
  6.406000e-01  8.442565e-03
  6.240000e-01  4.286225e-03
  6.078000e-01  3.117240e-03
  5.921000e-01  2.857470e-03
  5.767000e-01  2.857470e-03
  5.618000e-01  3.117240e-03
  5.472000e-01  2.727585e-03
  5.331000e-01  3.766665e-03
  5.193000e-01  3.766675e-03
  5.058000e-01  2.727585e-03
  4.927000e-01  5.195470e-03
  4.799000e-01  3.247145e-03
  4.675000e-01  3.766665e-03
  4.554000e-01  2.597700e-03
  4.436000e-01  2.597700e-03
  4.321000e-01  2.467815e-03
  4.209000e-01  3.377010e-03
  4.100000e-01  2.987355e-03
  3.994000e-01  4.156355e-03
  3.891000e-01  3.117240e-03
  3.790000e-01  3.247125e-03
  3.692000e-01  3.896550e-03
  3.596000e-01  3.117250e-03
  3.503000e-01  2.337940e-03
  3.412000e-01  3.506895e-03
  3.324000e-01  2.857470e-03
  3.238000e-01  2.208055e-03
  3.154000e-01  2.078160e-03
  3.072000e-01  2.467815e-03
  2.992000e-01  2.857480e-03
  2.915000e-01  2.078160e-03
  2.839000e-01  3.636770e-03
  2.766000e-01  3.247135e-03
  2.694000e-01  2.857480e-03
  2.624000e-01  2.208055e-03
  2.556000e-01  2.078160e-03
  2.490000e-01  1.818390e-03
  2.426000e-01  1.558620e-03
  2.363000e-01  1.818390e-03
  2.302000e-01  1.948275e-03
  2.242000e-01  7.793100e-04
  2.184000e-01  1.558645e-03
  2.127000e-01  1.298850e-03
  2.072000e-01  1.168965e-03
  2.019000e-01  1.558620e-03
  1.966000e-01  6.494250e-04
  1.915000e-01  6.494250e-04
  1.866000e-01  6.494250e-04
  1.817000e-01  5.195400e-04
  1.770000e-01  7.793100e-04
  1.725000e-01  5.195400e-04
  1.680000e-01  1.298850e-04
  1.636000e-01  6.494250e-04
  1.594000e-01  5.195400e-04
  1.553000e-01  5.195400e-04
  1.512000e-01  1.298850e-04
  1.473000e-01  2.597700e-04
  1.435000e-01  0.000000e+00
  1.398000e-01  0.000000e+00
  1.362000e-01  0.000000e+00
  1.326000e-01  0.000000e+00
  1.292000e-01  2.597700e-04
  1.259000e-01  1.298850e-04
  1.226000e-01  2.597700e-04
  1.194000e-01  0.000000e+00
  1.163000e-01  0.000000e+00
  1.133000e-01  0.000000e+00
  1.104000e-01  1.298850e-04
  1.075000e-01  0.000000e+00
  1.047000e-01  0.000000e+00
  1.020000e-01  0.000000e+00
  9.940000e-02  0.000000e+00
  9.680000e-02  1.298850e-04
  9.430000e-02  0.000000e+00
  9.190000e-02  0.000000e+00
  8.950000e-02  0.000000e+00
  8.720000e-02  0.000000e+00
  8.490000e-02  0.000000e+00
  8.270000e-02  0.000000e+00
  8.060000e-02  0.000000e+00
  7.850000e-02  0.000000e+00
  7.640000e-02  0.000000e+00
  7.450000e-02  0.000000e+00
  7.250000e-02  0.000000e+00
  7.070000e-02  0.000000e+00
  6.880000e-02  0.000000e+00
  6.700000e-02  0.000000e+00
  6.530000e-02  0.000000e+00
  6.360000e-02  0.000000e+00
  6.200000e-02  0.000000e+00
  6.040000e-02  0.000000e+00
  5.880000e-02  0.000000e+00
  5.730000e-02  0.000000e+00
  5.580000e-02  0.000000e+00
  5.430000e-02  0.000000e+00
  5.290000e-02  0.000000e+00
  5.160000e-02  0.000000e+00
  5.020000e-02  0.000000e+00
  4.890000e-02  1.298850e-04
  4.770000e-02  0.000000e+00
  4.640000e-02  0.000000e+00
  4.520000e-02  0.000000e+00
  4.410000e-02  0.000000e+00
  4.290000e-02  0.000000e+00
  4.180000e-02  0.000000e+00
  4.070000e-02  1.298850e-04
  3.970000e-02  0.000000e+00
  3.860000e-02  0.000000e+00
  3.760000e-02  0.000000e+00
  3.670000e-02  0.000000e+00
  3.570000e-02  0.000000e+00
  3.480000e-02  0.000000e+00
  3.390000e-02  0.000000e+00
  3.300000e-02  0.000000e+00
  3.220000e-02  0.000000e+00
  3.130000e-02  0.000000e+00
  3.050000e-02  0.000000e+00
  2.970000e-02  0.000000e+00
  2.890000e-02  0.000000e+00
  2.820000e-02  0.000000e+00
  2.750000e-02  0.000000e+00
  2.680000e-02  0.000000e+00
  2.610000e-02  0.000000e+00
  2.540000e-02  0.000000e+00
  2.470000e-02  0.000000e+00
  2.410000e-02  0.000000e+00
  2.350000e-02  0.000000e+00
  2.290000e-02  0.000000e+00
  2.230000e-02  0.000000e+00
  2.170000e-02  0.000000e+00
  2.110000e-02  0.000000e+00
  2.060000e-02  0.000000e+00
  2.000000e-02  0.000000e+00
  1.950000e-02  0.000000e+00
  1.900000e-02  0.000000e+00
  1.850000e-02  0.000000e+00
  1.800000e-02  0.000000e+00
  1.760000e-02  0.000000e+00
  1.710000e-02  0.000000e+00
  1.670000e-02  0.000000e+00
  1.630000e-02  0.000000e+00
  1.580000e-02  0.000000e+00
  1.540000e-02  0.000000e+00
  1.500000e-02  0.000000e+00
  1.460000e-02  0.000000e+00
  1.430000e-02  0.000000e+00
  1.390000e-02  0.000000e+00
  1.350000e-02  0.000000e+00
  1.320000e-02  0.000000e+00
  1.280000e-02  0.000000e+00
  1.250000e-02  0.000000e+00
  1.220000e-02  0.000000e+00
  1.190000e-02  0.000000e+00
  1.160000e-02  0.000000e+00
  1.130000e-02  0.000000e+00
  1.100000e-02  0.000000e+00
  1.070000e-02  0.000000e+00
  1.040000e-02  0.000000e+00
  1.010000e-02  2.597700e-04
