  4.934820e+03  0.000000e+00
  4.806990e+03  0.000000e+00
  4.682470e+03  0.000000e+00
  4.561180e+03  0.000000e+00
  4.443030e+03  0.000000e+00
  4.327940e+03  0.000000e+00
  4.215830e+03  0.000000e+00
  4.106630e+03  0.000000e+00
  4.000250e+03  0.000000e+00
  3.896630e+03  0.000000e+00
  3.795700e+03  0.000000e+00
  3.697380e+03  0.000000e+00
  3.601600e+03  0.000000e+00
  3.508310e+03  0.000000e+00
  3.417430e+03  0.000000e+00
  3.328910e+03  0.000000e+00
  3.242680e+03  0.000000e+00
  3.158680e+03  3.742250e-02
  3.076860e+03  0.000000e+00
  2.997160e+03  0.000000e+00
  2.919530e+03  0.000000e+00
  2.843900e+03  0.000000e+00
  2.770230e+03  3.742250e-02
  2.698480e+03  0.000000e+00
  2.628580e+03  0.000000e+00
  2.560490e+03  0.000000e+00
  2.494160e+03  3.742250e-02
  2.429550e+03  0.000000e+00
  2.366620e+03  0.000000e+00
  2.305320e+03  0.000000e+00
  2.245600e+03  0.000000e+00
  2.187430e+03  3.742250e-02
  2.130770e+03  0.000000e+00
  2.075580e+03  0.000000e+00
  2.021810e+03  1.122675e-01
  1.969440e+03  0.000000e+00
  1.918430e+03  3.742250e-02
  1.868730e+03  0.000000e+00
  1.820330e+03  7.484500e-02
  1.773170e+03  0.000000e+00
  1.727240e+03  3.742250e-02
  1.682500e+03  7.484500e-02
  1.638920e+03  1.122675e-01
  1.596470e+03  1.122675e-01
  1.555110e+03  3.742250e-02
  1.514830e+03  1.496900e-01
  1.475590e+03  1.122675e-01
  1.437370e+03  1.122675e-01
  1.400140e+03  0.000000e+00
  1.363870e+03  1.122675e-01
  1.328540e+03  1.496900e-01
  1.294120e+03  1.871125e-01
  1.260600e+03  3.742250e-02
  1.227950e+03  7.484500e-02
  1.196140e+03  1.496900e-01
  1.165160e+03  2.245350e-01
  1.134980e+03  7.484500e-02
  1.105580e+03  4.116475e-01
  1.076940e+03  1.496900e-01
  1.049040e+03  1.496900e-01
  1.021870e+03  1.122675e-01
  9.953980e+02  2.619575e-01
  9.696140e+02  3.742250e-01
  9.444970e+02  3.742250e-01
  9.200320e+02  6.736025e-01
  8.962000e+02  3.368000e-01
  8.729850e+02  4.864925e-01
  8.503720e+02  6.361825e-01
  8.283450e+02  7.484500e-01
  8.068880e+02  5.987600e-01
  7.859870e+02  5.239125e-01
  7.656270e+02  1.010397e+00
  7.457950e+02  7.484450e-01
  7.264760e+02  1.459470e+00
  7.076580e+02  1.646570e+00
  6.893270e+02  1.721425e+00
  6.714710e+02  1.758845e+00
  6.540780e+02  2.170490e+00
  6.371350e+02  2.282745e+00
  6.206310e+02  2.432450e+00
  6.045550e+02  2.806660e+00
  5.888950e+02  3.629960e+00
  5.736410e+02  3.929335e+00
  5.587810e+02  3.667380e+00
  5.443070e+02  4.752630e+00
  5.302080e+02  4.752625e+00
  5.164740e+02  5.126845e+00
  5.030950e+02  6.661165e+00
  4.900630e+02  7.596705e+00
  4.773690e+02  7.259900e+00
  4.650040e+02  9.991785e+00
  4.529580e+02  1.130155e+01
  4.412250e+02  1.148855e+01
  4.297960e+02  1.388375e+01
  4.186630e+02  1.496890e+01
  4.078180e+02  1.594185e+01
  3.972540e+02  2.009575e+01
  3.869640e+02  2.320165e+01
  3.769400e+02  2.275275e+01
  3.671770e+02  2.668190e+01
  3.576650e+02  3.203345e+01
  3.484010e+02  3.356770e+01
  3.393760e+02  3.757200e+01
  3.305850e+02  4.105225e+01
  3.220220e+02  4.849930e+01
  3.136800e+02  5.291515e+01
  3.055550e+02  6.114795e+01
  2.976400e+02  6.661160e+01
  2.899300e+02  7.600460e+01
  2.824200e+02  8.270330e+01
  2.751040e+02  9.587605e+01
  2.679780e+02  1.108445e+02
  2.610370e+02  1.216975e+02
  2.542750e+02  1.332985e+02
  2.476890e+02  1.498760e+02
  2.412730e+02  1.710585e+02
  2.350230e+02  1.905915e+02
  2.289350e+02  2.118850e+02
  2.230050e+02  2.355365e+02
  2.172280e+02  2.682430e+02
  2.116010e+02  2.950000e+02
  2.061200e+02  3.372875e+02
  2.007810e+02  3.740715e+02
  1.955800e+02  4.230595e+02
  1.905140e+02  4.740650e+02
  1.855790e+02  5.290020e+02
  1.807720e+02  5.898875e+02
  1.760890e+02  6.590070e+02
  1.715280e+02  7.293600e+02
  1.670850e+02  8.181625e+02
  1.627570e+02  9.088365e+02
  1.585410e+02  1.010475e+03
  1.544340e+02  1.103090e+03
  1.504340e+02  1.219445e+03
  1.465370e+02  1.333510e+03
  1.427410e+02  1.465705e+03
  1.390440e+02  1.607360e+03
  1.354420e+02  1.755245e+03
  1.319340e+02  1.914790e+03
  1.285160e+02  2.104215e+03
  1.251870e+02  2.262780e+03
  1.219440e+02  2.471180e+03
  1.187850e+02  2.665745e+03
  1.157090e+02  2.883380e+03
  1.127110e+02  3.110265e+03
  1.097920e+02  3.395135e+03
  1.069480e+02  3.650760e+03
  1.041770e+02  3.912125e+03
  1.014790e+02  4.268435e+03
  9.885030e+01  4.528930e+03
  9.628970e+01  4.887235e+03
  9.379550e+01  5.207340e+03
  9.136590e+01  5.563945e+03
  8.899920e+01  5.917475e+03
  8.669380e+01  6.289665e+03
  8.444820e+01  6.645325e+03
  8.226070e+01  7.025585e+03
  8.012980e+01  7.375290e+03
  7.805420e+01  7.764120e+03
  7.603240e+01  8.092680e+03
  7.406290e+01  8.462380e+03
  7.214440e+01  8.771025e+03
  7.027560e+01  9.135484e+03
  6.845520e+01  9.354256e+03
  6.668200e+01  9.564270e+03
  6.495470e+01  9.786750e+03
  6.327220e+01  9.963855e+03
  6.163320e+01  1.012725e+04
  6.003670e+01  1.022530e+04
  5.848160e+01  1.025900e+04
  5.696670e+01  1.033235e+04
  5.549110e+01  1.039270e+04
  5.405370e+01  1.031435e+04
  5.265350e+01  1.022945e+04
  5.128960e+01  1.007220e+04
  4.996100e+01  9.976885e+03
  4.866690e+01  9.702105e+03
  4.740620e+01  9.447930e+03
  4.617830e+01  9.158160e+03
  4.498210e+01  8.817965e+03
  4.381690e+01  8.610971e+03
  4.268190e+01  8.373380e+03
  4.157630e+01  8.126920e+03
  4.049930e+01  7.802550e+03
  3.945030e+01  7.566215e+03
  3.842840e+01  7.322565e+03
  3.743290e+01  7.084690e+03
  3.646330e+01  6.771370e+03
  3.551880e+01  6.528020e+03
  3.459870e+01  6.196640e+03
  3.370250e+01  5.917050e+03
  3.282950e+01  5.601445e+03
  3.197910e+01  5.331950e+03
  3.115070e+01  4.981065e+03
  3.034380e+01  4.714610e+03
  2.955780e+01  4.449325e+03
  2.879220e+01  4.162630e+03
  2.804640e+01  3.910545e+03
  2.731990e+01  3.618880e+03
  2.661220e+01  3.397160e+03
  2.592290e+01  3.138130e+03
  2.525140e+01  2.941010e+03
  2.459730e+01  2.717610e+03
  2.396010e+01  2.540530e+03
  2.333950e+01  2.335755e+03
  2.273490e+01  2.168505e+03
  2.214600e+01  2.037905e+03
  2.157230e+01  1.895445e+03
  2.101350e+01  1.766775e+03
  2.046920e+01  1.625700e+03
  1.993900e+01  1.530380e+03
  1.942250e+01  1.440760e+03
  1.891940e+01  1.332945e+03
  1.842930e+01  1.239760e+03
  1.795200e+01  1.135425e+03
  1.748690e+01  1.043635e+03
  1.703400e+01  9.476455e+02
  1.659270e+01  8.437240e+02
  1.616290e+01  7.542085e+02
  1.574430e+01  6.712054e+02
  1.533640e+01  5.981949e+02
  1.493920e+01  5.348390e+02
  1.455220e+01  4.931500e+02
  1.417520e+01  4.303185e+02
  1.380800e+01  3.985835e+02
  1.345040e+01  3.632195e+02
  1.310200e+01  3.446210e+02
  1.276260e+01  3.303265e+02
  1.243200e+01  3.193995e+02
  1.211000e+01  3.149080e+02
  1.179630e+01  3.121390e+02
  1.149070e+01  3.077230e+02
  1.119310e+01  2.868785e+02
  1.090310e+01  2.961975e+02
  1.062070e+01  2.939140e+02
  1.034560e+01  2.912950e+02
  1.007760e+01  2.777850e+02
  9.816600e+00  2.644630e+02
  9.562300e+00  2.425340e+02
  9.314600e+00  2.152150e+02
  9.073300e+00  1.800770e+02
  8.838300e+00  1.441145e+02
  8.609300e+00  1.132765e+02
  8.386300e+00  8.902770e+01
  8.169100e+00  7.229990e+01
  7.957500e+00  5.946400e+01
  7.751400e+00  4.995870e+01
  7.550600e+00  4.943485e+01
  7.355000e+00  4.509395e+01
  7.164500e+00  4.434550e+01
  6.978900e+00  3.992965e+01
  6.798100e+00  3.839535e+01
  6.622000e+00  3.607510e+01
  6.450500e+00  3.614985e+01
  6.283400e+00  3.435365e+01
  6.120600e+00  3.274435e+01
  5.962100e+00  3.162185e+01
  5.807600e+00  3.270705e+01
  5.657200e+00  3.263220e+01
  5.510700e+00  3.278190e+01
  5.367900e+00  3.046180e+01
  5.228900e+00  3.064875e+01
  5.093400e+00  3.154695e+01
  4.961500e+00  2.930160e+01
  4.833000e+00  3.031200e+01
  4.707800e+00  3.064880e+01
  4.585800e+00  2.844090e+01
  4.467100e+00  2.918935e+01
  4.351300e+00  2.960095e+01
  4.238600e+00  2.982540e+01
  4.128800e+00  2.840340e+01
  4.021900e+00  3.487750e+01
  3.917700e+00  3.027465e+01
  3.816200e+00  2.754275e+01
  3.717400e+00  2.653235e+01
  3.621100e+00  2.746795e+01
  3.527300e+00  2.559690e+01
  3.435900e+00  2.690655e+01
  3.346900e+00  2.582135e+01
  3.260200e+00  2.372560e+01
  3.175800e+00  2.005825e+01
  3.093500e+00  1.732650e+01
  3.013400e+00  1.605410e+01
  2.935300e+00  1.575485e+01
  2.859300e+00  1.814975e+01
  2.785200e+00  2.279015e+01
  2.713100e+00  2.462380e+01
  2.642800e+00  2.454895e+01
  2.574300e+00  2.634525e+01
  2.507600e+00  2.391275e+01
  2.442700e+00  2.428715e+01
  2.379400e+00  2.357590e+01
  2.317800e+00  2.473615e+01
  2.257700e+00  2.436190e+01
  2.199300e+00  2.533495e+01
  2.142300e+00  2.454905e+01
  2.086800e+00  2.264045e+01
  2.032700e+00  2.529750e+01
  1.980100e+00  2.458650e+01
  1.928800e+00  2.432440e+01
  1.878800e+00  2.383805e+01
  1.830200e+00  2.765505e+01
  1.782800e+00  4.348470e+01
  1.736600e+00  3.012485e+01
  1.691600e+00  2.522255e+01
  1.647800e+00  2.612070e+01
  1.605100e+00  2.690660e+01
  1.563500e+00  2.492315e+01
  1.523000e+00  2.488575e+01
  1.483600e+00  2.705625e+01
  1.445100e+00  2.559675e+01
  1.407700e+00  2.552195e+01
  1.371200e+00  2.630775e+01
  1.335700e+00  2.709370e+01
  1.301100e+00  2.743055e+01
  1.267400e+00  2.675695e+01
  1.234600e+00  2.945125e+01
  1.202600e+00  2.948875e+01
  1.171500e+00  3.109785e+01
  1.141100e+00  3.420395e+01
  1.111600e+00  3.121010e+01
  1.082800e+00  3.001270e+01
  1.054700e+00  3.738485e+01
  1.027400e+00  3.637450e+01
  1.000800e+00  3.532665e+01
  9.749000e-01  3.802095e+01
  9.496000e-01  4.015410e+01
  9.250000e-01  4.247435e+01
  9.010000e-01  4.453255e+01
  8.777000e-01  4.644110e+01
  8.550000e-01  5.059500e+01
  8.328000e-01  5.284035e+01
  8.113000e-01  5.908970e+01
  7.902000e-01  6.387990e+01
  7.698000e-01  6.114810e+01
  7.498000e-01  7.308565e+01
  7.304000e-01  7.432090e+01
  7.115000e-01  7.345990e+01
  6.931000e-01  8.880330e+01
  6.751000e-01  1.520105e+02
  6.576000e-01  2.331785e+02
  6.406000e-01  2.545465e+02
  6.240000e-01  1.123795e+02
  6.078000e-01  1.149620e+02
  5.921000e-01  1.174695e+02
  5.767000e-01  1.207615e+02
  5.618000e-01  1.236805e+02
  5.472000e-01  1.297425e+02
  5.331000e-01  1.639490e+02
  5.193000e-01  1.741635e+02
  5.058000e-01  1.722915e+02
  4.927000e-01  1.615145e+02
  4.799000e-01  1.647325e+02
  4.675000e-01  1.652930e+02
  4.554000e-01  1.707950e+02
  4.436000e-01  1.859895e+02
  4.321000e-01  1.884585e+02
  4.209000e-01  1.896555e+02
  4.100000e-01  1.977395e+02
  3.994000e-01  3.227290e+02
  3.891000e-01  2.874040e+02
  3.790000e-01  2.852330e+02
  3.692000e-01  2.487075e+02
  3.596000e-01  2.439925e+02
  3.503000e-01  2.444805e+02
  3.412000e-01  2.392790e+02
  3.324000e-01  2.412615e+02
  3.238000e-01  2.402880e+02
  3.154000e-01  2.496065e+02
  3.072000e-01  2.588500e+02
  2.992000e-01  3.268845e+02
  2.915000e-01  3.735120e+02
  2.839000e-01  4.114200e+02
  2.766000e-01  3.560730e+02
  2.694000e-01  3.746345e+02
  2.624000e-01  3.478030e+02
  2.556000e-01  3.222430e+02
  2.490000e-01  3.013995e+02
  2.426000e-01  2.753535e+02
  2.363000e-01  2.518900e+02
  2.302000e-01  2.336275e+02
  2.242000e-01  2.148425e+02
  2.184000e-01  1.910790e+02
  2.127000e-01  1.779430e+02
  2.072000e-01  1.636845e+02
  2.019000e-01  1.487530e+02
  1.966000e-01  1.359550e+02
  1.915000e-01  1.305295e+02
  1.866000e-01  1.174685e+02
  1.817000e-01  1.096475e+02
  1.770000e-01  1.026865e+02
  1.725000e-01  9.190875e+01
  1.680000e-01  8.603375e+01
  1.636000e-01  7.720210e+01
  1.594000e-01  7.188810e+01
  1.553000e-01  6.608784e+01
  1.512000e-01  5.220415e+01
  1.473000e-01  5.209185e+01
  1.435000e-01  4.651585e+01
  1.398000e-01  4.281110e+01
  1.362000e-01  3.839535e+01
  1.326000e-01  3.386715e+01
  1.292000e-01  3.218310e+01
  1.259000e-01  2.555945e+01
  1.226000e-01  2.451155e+01
  1.194000e-01  2.335145e+01
  1.163000e-01  1.919755e+01
  1.133000e-01  1.811235e+01
  1.104000e-01  1.478175e+01
  1.075000e-01  1.369655e+01
  1.047000e-01  1.190030e+01
  1.020000e-01  1.025371e+01
  9.940000e-02  7.222470e+00
  9.680000e-02  8.158110e+00
  9.430000e-02  5.725635e+00
  9.190000e-02  5.875300e+00
  8.950000e-02  4.340995e+00
  8.720000e-02  4.116450e+00
  8.490000e-02  2.694395e+00
  8.270000e-02  2.469855e+00
  8.060000e-02  2.133070e+00
  7.850000e-02  2.020795e+00
  7.640000e-02  1.945945e+00
  7.450000e-02  1.197510e+00
  7.250000e-02  1.534315e+00
  7.070000e-02  1.309780e+00
  6.880000e-02  1.384610e+00
  6.700000e-02  7.858675e-01
  6.530000e-02  1.010400e+00
  6.360000e-02  1.197510e+00
  6.200000e-02  7.484475e-01
  6.040000e-02  5.239150e-01
  5.880000e-02  7.858675e-01
  5.730000e-02  7.484475e-01
  5.580000e-02  5.613375e-01
  5.430000e-02  5.613375e-01
  5.290000e-02  6.736000e-01
  5.160000e-02  7.110250e-01
  5.020000e-02  3.742225e-01
  4.890000e-02  4.490700e-01
  4.770000e-02  2.245350e-01
  4.640000e-02  2.993800e-01
  4.520000e-02  4.490675e-01
  4.410000e-02  5.613375e-01
  4.290000e-02  4.864875e-01
  4.180000e-02  4.864900e-01
  4.070000e-02  3.368025e-01
  3.970000e-02  4.864900e-01
  3.860000e-02  2.619575e-01
  3.760000e-02  2.993775e-01
  3.670000e-02  2.993800e-01
  3.570000e-02  3.742250e-01
  3.480000e-02  2.993775e-01
  3.390000e-02  3.368025e-01
  3.300000e-02  4.116475e-01
  3.220000e-02  4.490700e-01
  3.130000e-02  1.871125e-01
  3.050000e-02  4.116475e-01
  2.970000e-02  2.619575e-01
  2.890000e-02  4.116475e-01
  2.820000e-02  3.368025e-01
  2.750000e-02  2.619575e-01
  2.680000e-02  7.484500e-02
  2.610000e-02  2.245350e-01
  2.540000e-02  1.496900e-01
  2.470000e-02  1.871125e-01
  2.410000e-02  2.245350e-01
  2.350000e-02  1.871125e-01
  2.290000e-02  1.496900e-01
  2.230000e-02  1.871125e-01
  2.170000e-02  1.496900e-01
  2.110000e-02  3.742250e-02
  2.060000e-02  1.496900e-01
  2.000000e-02  1.871125e-01
  1.950000e-02  1.122675e-01
  1.900000e-02  7.484500e-02
  1.850000e-02  1.122675e-01
  1.800000e-02  7.484500e-02
  1.760000e-02  7.484500e-02
  1.710000e-02  0.000000e+00
  1.670000e-02  3.742250e-02
  1.630000e-02  0.000000e+00
  1.580000e-02  3.742250e-02
  1.540000e-02  0.000000e+00
  1.500000e-02  0.000000e+00
  1.460000e-02  0.000000e+00
  1.430000e-02  0.000000e+00
  1.390000e-02  0.000000e+00
  1.350000e-02  0.000000e+00
  1.320000e-02  0.000000e+00
  1.280000e-02  0.000000e+00
  1.250000e-02  0.000000e+00
  1.220000e-02  0.000000e+00
  1.190000e-02  0.000000e+00
  1.160000e-02  0.000000e+00
  1.130000e-02  0.000000e+00
  1.100000e-02  1.496900e-01
  1.070000e-02  4.490650e-01
  1.040000e-02  7.484500e-02
  1.010000e-02  5.987575e-01
