  4.934820e+03  3.024000e-03
  4.806990e+03  0.000000e+00
  4.682470e+03  0.000000e+00
  4.561180e+03  1.512000e-03
  4.443030e+03  0.000000e+00
  4.327940e+03  1.512000e-03
  4.215830e+03  1.512000e-03
  4.106630e+03  3.024000e-03
  4.000250e+03  0.000000e+00
  3.896630e+03  1.512000e-03
  3.795700e+03  0.000000e+00
  3.697380e+03  4.536000e-03
  3.601600e+03  1.512000e-03
  3.508310e+03  3.024000e-03
  3.417430e+03  0.000000e+00
  3.328910e+03  4.536000e-03
  3.242680e+03  3.024000e-03
  3.158680e+03  4.536000e-03
  3.076860e+03  1.512000e-03
  2.997160e+03  3.024000e-03
  2.919530e+03  6.048050e-03
  2.843900e+03  0.000000e+00
  2.770230e+03  1.512000e-03
  2.698480e+03  1.058405e-02
  2.628580e+03  7.560000e-03
  2.560490e+03  1.058405e-02
  2.494160e+03  6.048000e-03
  2.429550e+03  3.024000e-03
  2.366620e+03  1.058405e-02
  2.305320e+03  1.512005e-02
  2.245600e+03  1.512010e-02
  2.187430e+03  1.512010e-02
  2.130770e+03  7.560000e-03
  2.075580e+03  1.209605e-02
  2.021810e+03  3.024000e-03
  1.969440e+03  1.209600e-02
  1.918430e+03  1.360805e-02
  1.868730e+03  2.116825e-02
  1.820330e+03  2.116820e-02
  1.773170e+03  3.024030e-02
  1.727240e+03  2.721630e-02
  1.682500e+03  2.872825e-02
  1.638920e+03  2.872830e-02
  1.596470e+03  3.326430e-02
  1.555110e+03  3.326425e-02
  1.514830e+03  4.989645e-02
  1.475590e+03  4.536045e-02
  1.437370e+03  4.233645e-02
  1.400140e+03  5.292040e-02
  1.363870e+03  7.106440e-02
  1.328540e+03  7.560060e-02
  1.294120e+03  6.350460e-02
  1.260600e+03  5.896830e-02
  1.227950e+03  8.467240e-02
  1.196140e+03  1.254960e-01
  1.165160e+03  1.043286e-01
  1.134980e+03  1.149120e-01
  1.105580e+03  1.406165e-01
  1.076940e+03  1.406160e-01
  1.049040e+03  1.814405e-01
  1.021870e+03  1.950485e-01
  9.953980e+02  1.995840e-01
  9.696140e+02  2.525050e-01
  9.444970e+02  2.721635e-01
  9.200320e+02  2.933310e-01
  8.962000e+02  3.462530e-01
  8.729850e+02  3.477655e-01
  8.503720e+02  4.082480e-01
  8.283450e+02  5.382820e-01
  8.068880e+02  5.261860e-01
  7.859870e+02  6.471460e-01
  7.656270e+02  7.197220e-01
  7.457950e+02  7.620580e-01
  7.264760e+02  8.633670e-01
  7.076580e+02  1.029690e+00
  6.893270e+02  1.127965e+00
  6.714710e+02  1.274640e+00
  6.540780e+02  1.395595e+00
  6.371350e+02  1.598215e+00
  6.206310e+02  1.864325e+00
  6.045550e+02  2.038210e+00
  5.888950e+02  2.224195e+00
  5.736410e+02  2.591610e+00
  5.587810e+02  2.824455e+00
  5.443070e+02  3.374830e+00
  5.302080e+02  3.789130e+00
  5.164740e+02  4.073380e+00
  5.030950e+02  4.516415e+00
  4.900630e+02  5.107610e+00
  4.773690e+02  5.931665e+00
  4.650040e+02  6.451805e+00
  4.529580e+02  7.312155e+00
  4.412250e+02  8.326700e+00
  4.297960e+02  8.958725e+00
  4.186630e+02  1.022888e+01
  4.078180e+02  1.136125e+01
  3.972540e+02  1.275240e+01
  3.869640e+02  1.426290e+01
  3.769400e+02  1.590650e+01
  3.671770e+02  1.786910e+01
  3.576650e+02  2.011295e+01
  3.484010e+02  2.221010e+01
  3.393760e+02  2.474130e+01
  3.305850e+02  2.773650e+01
  3.220220e+02  3.052920e+01
  3.136800e+02  3.401290e+01
  3.055550e+02  3.802290e+01
  2.976400e+02  4.224585e+01
  2.899300e+02  4.676700e+01
  2.824200e+02  5.152675e+01
  2.751040e+02  5.754455e+01
  2.679780e+02  6.394955e+01
  2.610370e+02  7.116635e+01
  2.542750e+02  7.789645e+01
  2.476890e+02  8.696555e+01
  2.412730e+02  9.715070e+01
  2.350230e+02  1.074680e+02
  2.289350e+02  1.192830e+02
  2.230050e+02  1.303620e+02
  2.172280e+02  1.448330e+02
  2.116010e+02  1.590840e+02
  2.061200e+02  1.734225e+02
  2.007810e+02  1.919090e+02
  1.955800e+02  2.114415e+02
  1.905140e+02  2.349795e+02
  1.855790e+02  2.590380e+02
  1.807720e+02  2.841250e+02
  1.760890e+02  3.108215e+02
  1.715280e+02  3.390990e+02
  1.670850e+02  3.693175e+02
  1.627570e+02  4.010800e+02
  1.585410e+02  4.343210e+02
  1.544340e+02  4.688055e+02
  1.504340e+02  5.036445e+02
  1.465370e+02  5.419150e+02
  1.427410e+02  5.811435e+02
  1.390440e+02  6.223875e+02
  1.354420e+02  6.633805e+02
  1.319340e+02  7.044020e+02
  1.285160e+02  7.477950e+02
  1.251870e+02  7.892740e+02
  1.219440e+02  8.350325e+02
  1.187850e+02  8.827355e+02
  1.157090e+02  9.272896e+02
  1.127110e+02  9.744350e+02
  1.097920e+02  1.022390e+03
  1.069480e+02  1.065700e+03
  1.041770e+02  1.112585e+03
  1.014790e+02  1.158350e+03
  9.885030e+01  1.197495e+03
  9.628970e+01  1.239250e+03
  9.379550e+01  1.274990e+03
  9.136590e+01  1.312185e+03
  8.899920e+01  1.341080e+03
  8.669380e+01  1.366220e+03
  8.444820e+01  1.386845e+03
  8.226070e+01  1.396450e+03
  8.012980e+01  1.403550e+03
  7.805420e+01  1.404045e+03
  7.603240e+01  1.396730e+03
  7.406290e+01  1.380375e+03
  7.214440e+01  1.353560e+03
  7.027560e+01  1.325050e+03
  6.845520e+01  1.276350e+03
  6.668200e+01  1.224930e+03
  6.495470e+01  1.167670e+03
  6.327220e+01  1.115645e+03
  6.163320e+01  1.054935e+03
  6.003670e+01  9.915601e+02
  5.848160e+01  9.326925e+02
  5.696670e+01  8.735594e+02
  5.549110e+01  8.153930e+02
  5.405370e+01  7.430095e+02
  5.265350e+01  6.656400e+02
  5.128960e+01  5.946555e+02
  4.996100e+01  5.224880e+02
  4.866690e+01  4.498840e+02
  4.740620e+01  3.805750e+02
  4.617830e+01  3.203245e+02
  4.498210e+01  2.674555e+02
  4.381690e+01  2.359150e+02
  4.268190e+01  2.065060e+02
  4.157630e+01  1.805405e+02
  4.049930e+01  1.566505e+02
  3.945030e+01  1.374875e+02
  3.842840e+01  1.230390e+02
  3.743290e+01  1.087605e+02
  3.646330e+01  9.527110e+01
  3.551880e+01  8.488640e+01
  3.459870e+01  7.427515e+01
  3.370250e+01  6.322075e+01
  3.282950e+01  5.363745e+01
  3.197910e+01  4.504000e+01
  3.115070e+01  3.846745e+01
  3.034380e+01  3.194605e+01
  2.955780e+01  2.643170e+01
  2.879220e+01  2.134370e+01
  2.804640e+01  1.713570e+01
  2.731990e+01  1.359455e+01
  2.661220e+01  1.071270e+01
  2.592290e+01  8.532360e+00
  2.525140e+01  6.606035e+00
  2.459730e+01  5.019915e+00
  2.396010e+01  3.796685e+00
  2.333950e+01  2.859240e+00
  2.273490e+01  2.160680e+00
  2.214600e+01  1.487830e+00
  2.157230e+01  1.081105e+00
  2.101350e+01  7.696190e-01
  2.046920e+01  5.216500e-01
  1.993900e+01  4.415130e-01
  1.942250e+01  3.402045e-01
  1.891940e+01  2.252905e-01
  1.842930e+01  2.071445e-01
  1.795200e+01  1.391040e-01
  1.748690e+01  1.481760e-01
  1.703400e+01  1.179360e-01
  1.659270e+01  1.512000e-01
  1.616290e+01  1.360805e-01
  1.574430e+01  1.224720e-01
  1.533640e+01  1.330560e-01
  1.493920e+01  1.360800e-01
  1.455220e+01  1.179360e-01
  1.417520e+01  8.164850e-02
  1.380800e+01  7.257665e-02
  1.345040e+01  5.140865e-02
  1.310200e+01  2.419220e-02
  1.276260e+01  3.024025e-02
  1.243200e+01  1.209605e-02
  1.211000e+01  1.663215e-02
  1.179630e+01  1.209605e-02
  1.149070e+01  3.024000e-03
  1.119310e+01  9.072000e-03
  1.090310e+01  1.209600e-02
  1.062070e+01  3.024000e-03
  1.034560e+01  3.024000e-03
  1.007760e+01  1.209605e-02
  9.816600e+00  6.048000e-03
  9.562300e+00  9.072050e-03
  9.314600e+00  6.048000e-03
  9.073300e+00  1.360805e-02
  8.838300e+00  6.048000e-03
  8.609300e+00  2.872820e-02
  8.386300e+00  2.570420e-02
  8.169100e+00  4.233640e-02
  7.957500e+00  4.536030e-02
  7.751400e+00  6.804050e-02
  7.550600e+00  9.525615e-02
  7.355000e+00  1.330565e-01
  7.164500e+00  1.058403e-01
  6.978900e+00  1.481760e-01
  6.798100e+00  9.374425e-02
  6.622000e+00  1.134003e-01
  6.450500e+00  1.134000e-01
  6.283400e+00  1.103770e-01
  6.120600e+00  1.073530e-01
  5.962100e+00  1.043283e-01
  5.807600e+00  1.300325e-01
  5.657200e+00  1.224720e-01
  5.510700e+00  1.360800e-01
  5.367900e+00  1.013047e-01
  5.228900e+00  1.088642e-01
  5.093400e+00  1.375920e-01
  4.961500e+00  1.270081e-01
  4.833000e+00  1.239845e-01
  4.707800e+00  1.254960e-01
  4.585800e+00  1.073520e-01
  4.467100e+00  1.315440e-01
  4.351300e+00  1.073523e-01
  4.238600e+00  1.164245e-01
  4.128800e+00  1.149123e-01
  4.021900e+00  1.451520e-01
  3.917700e+00  1.224720e-01
  3.816200e+00  1.360800e-01
  3.717400e+00  1.149122e-01
  3.621100e+00  1.028168e-01
  3.527300e+00  9.072021e-02
  3.435900e+00  9.223245e-02
  3.346900e+00  9.374430e-02
  3.260200e+00  1.073523e-01
  3.175800e+00  6.350445e-02
  3.093500e+00  5.594440e-02
  3.013400e+00  5.443230e-02
  2.935300e+00  4.838435e-02
  2.859300e+00  7.106440e-02
  2.785200e+00  5.745635e-02
  2.713100e+00  9.828045e-02
  2.642800e+00  9.072044e-02
  2.574300e+00  7.106450e-02
  2.507600e+00  8.467240e-02
  2.442700e+00  6.652865e-02
  2.379400e+00  5.745625e-02
  2.317800e+00  6.199260e-02
  2.257700e+00  6.804055e-02
  2.199300e+00  7.711240e-02
  2.142300e+00  6.955255e-02
  2.086800e+00  6.048045e-02
  2.032700e+00  6.955245e-02
  1.980100e+00  7.408839e-02
  1.928800e+00  5.896850e-02
  1.878800e+00  5.292035e-02
  1.830200e+00  5.745635e-02
  1.782800e+00  8.920830e-02
  1.736600e+00  6.350440e-02
  1.691600e+00  5.443225e-02
  1.647800e+00  5.292055e-02
  1.605100e+00  5.443235e-02
  1.563500e+00  7.408855e-02
  1.523000e+00  4.687235e-02
  1.483600e+00  3.931215e-02
  1.445100e+00  4.687235e-02
  1.407700e+00  4.989630e-02
  1.371200e+00  3.780030e-02
  1.335700e+00  5.443235e-02
  1.301100e+00  3.780045e-02
  1.267400e+00  1.965615e-02
  1.234600e+00  5.140860e-02
  1.202600e+00  4.838435e-02
  1.171500e+00  5.896860e-02
  1.141100e+00  4.989620e-02
  1.111600e+00  4.838450e-02
  1.082800e+00  4.233640e-02
  1.054700e+00  6.048035e-02
  1.027400e+00  5.140840e-02
  1.000800e+00  4.384855e-02
  9.749000e-01  5.594445e-02
  9.496000e-01  4.082440e-02
  9.250000e-01  5.594445e-02
  9.010000e-01  4.233645e-02
  8.777000e-01  4.989640e-02
  8.550000e-01  6.652830e-02
  8.328000e-01  6.350450e-02
  8.113000e-01  7.257650e-02
  7.902000e-01  6.955256e-02
  7.698000e-01  6.955255e-02
  7.498000e-01  7.560050e-02
  7.304000e-01  7.257665e-02
  7.115000e-01  6.501630e-02
  6.931000e-01  6.048055e-02
  6.751000e-01  1.814400e-01
  6.576000e-01  2.691390e-01
  6.406000e-01  3.008930e-01
  6.240000e-01  9.525620e-02
  6.078000e-01  9.374430e-02
  5.921000e-01  1.013042e-01
  5.767000e-01  9.525685e-02
  5.618000e-01  9.072035e-02
  5.472000e-01  7.257666e-02
  5.331000e-01  1.103761e-01
  5.193000e-01  1.239840e-01
  5.058000e-01  1.300325e-01
  4.927000e-01  1.239845e-01
  4.799000e-01  1.043286e-01
  4.675000e-01  1.043286e-01
  4.554000e-01  1.239840e-01
  4.436000e-01  1.088645e-01
  4.321000e-01  1.179363e-01
  4.209000e-01  1.254965e-01
  4.100000e-01  1.103760e-01
  3.994000e-01  2.283130e-01
  3.891000e-01  1.678320e-01
  3.790000e-01  1.874885e-01
  3.692000e-01  1.557360e-01
  3.596000e-01  1.451520e-01
  3.503000e-01  1.481760e-01
  3.412000e-01  1.194480e-01
  3.324000e-01  1.375930e-01
  3.238000e-01  1.118880e-01
  3.154000e-01  1.300320e-01
  3.072000e-01  1.330560e-01
  2.992000e-01  1.814405e-01
  2.915000e-01  2.207535e-01
  2.839000e-01  2.147050e-01
  2.766000e-01  2.026085e-01
  2.694000e-01  2.101695e-01
  2.624000e-01  2.041205e-01
  2.556000e-01  2.177290e-01
  2.490000e-01  1.980725e-01
  2.426000e-01  1.738810e-01
  2.363000e-01  1.799285e-01
  2.302000e-01  1.527120e-01
  2.242000e-01  1.300320e-01
  2.184000e-01  1.451520e-01
  2.127000e-01  1.360805e-01
  2.072000e-01  9.828065e-02
  2.019000e-01  9.525635e-02
  1.966000e-01  1.224720e-01
  1.915000e-01  9.525630e-02
  1.866000e-01  1.118882e-01
  1.817000e-01  7.257675e-02
  1.770000e-01  8.618420e-02
  1.725000e-01  7.560040e-02
  1.680000e-01  5.745660e-02
  1.636000e-01  7.408845e-02
  1.594000e-01  8.467270e-02
  1.553000e-01  5.745645e-02
  1.512000e-01  4.536040e-02
  1.473000e-01  6.955240e-02
  1.435000e-01  5.594430e-02
  1.398000e-01  4.989640e-02
  1.362000e-01  6.501630e-02
  1.326000e-01  5.443230e-02
  1.292000e-01  5.594430e-02
  1.259000e-01  4.536015e-02
  1.226000e-01  4.838450e-02
  1.194000e-01  4.233645e-02
  1.163000e-01  4.082440e-02
  1.133000e-01  4.384825e-02
  1.104000e-01  4.384845e-02
  1.075000e-01  1.663215e-02
  1.047000e-01  3.326440e-02
  1.020000e-01  3.780035e-02
  9.940000e-02  2.721625e-02
  9.680000e-02  1.814415e-02
  9.430000e-02  1.663205e-02
  9.190000e-02  1.814410e-02
  8.950000e-02  1.965615e-02
  8.720000e-02  1.663215e-02
  8.490000e-02  1.663205e-02
  8.270000e-02  1.209605e-02
  8.060000e-02  6.048000e-03
  7.850000e-02  7.560000e-03
  7.640000e-02  3.024000e-03
  7.450000e-02  1.512000e-03
  7.250000e-02  4.536000e-03
  7.070000e-02  3.024000e-03
  6.880000e-02  1.512000e-03
  6.700000e-02  3.024000e-03
  6.530000e-02  1.512000e-03
  6.360000e-02  1.512000e-03
  6.200000e-02  0.000000e+00
  6.040000e-02  1.512000e-03
  5.880000e-02  0.000000e+00
  5.730000e-02  1.512000e-03
  5.580000e-02  0.000000e+00
  5.430000e-02  1.512000e-03
  5.290000e-02  0.000000e+00
  5.160000e-02  0.000000e+00
  5.020000e-02  0.000000e+00
  4.890000e-02  0.000000e+00
  4.770000e-02  0.000000e+00
  4.640000e-02  0.000000e+00
  4.520000e-02  0.000000e+00
  4.410000e-02  0.000000e+00
  4.290000e-02  1.512000e-03
  4.180000e-02  0.000000e+00
  4.070000e-02  1.512000e-03
  3.970000e-02  1.512000e-03
  3.860000e-02  1.512000e-03
  3.760000e-02  0.000000e+00
  3.670000e-02  1.512000e-03
  3.570000e-02  0.000000e+00
  3.480000e-02  0.000000e+00
  3.390000e-02  0.000000e+00
  3.300000e-02  0.000000e+00
  3.220000e-02  0.000000e+00
  3.130000e-02  0.000000e+00
  3.050000e-02  0.000000e+00
  2.970000e-02  1.512000e-03
  2.890000e-02  0.000000e+00
  2.820000e-02  0.000000e+00
  2.750000e-02  0.000000e+00
  2.680000e-02  0.000000e+00
  2.610000e-02  0.000000e+00
  2.540000e-02  0.000000e+00
  2.470000e-02  0.000000e+00
  2.410000e-02  0.000000e+00
  2.350000e-02  0.000000e+00
  2.290000e-02  0.000000e+00
  2.230000e-02  0.000000e+00
  2.170000e-02  0.000000e+00
  2.110000e-02  0.000000e+00
  2.060000e-02  0.000000e+00
  2.000000e-02  0.000000e+00
  1.950000e-02  1.512000e-03
  1.900000e-02  0.000000e+00
  1.850000e-02  0.000000e+00
  1.800000e-02  0.000000e+00
  1.760000e-02  0.000000e+00
  1.710000e-02  0.000000e+00
  1.670000e-02  0.000000e+00
  1.630000e-02  0.000000e+00
  1.580000e-02  0.000000e+00
  1.540000e-02  0.000000e+00
  1.500000e-02  0.000000e+00
  1.460000e-02  0.000000e+00
  1.430000e-02  0.000000e+00
  1.390000e-02  1.512000e-03
  1.350000e-02  0.000000e+00
  1.320000e-02  0.000000e+00
  1.280000e-02  0.000000e+00
  1.250000e-02  0.000000e+00
  1.220000e-02  0.000000e+00
  1.190000e-02  0.000000e+00
  1.160000e-02  0.000000e+00
  1.130000e-02  0.000000e+00
  1.100000e-02  1.512000e-03
  1.070000e-02  1.512000e-03
  1.040000e-02  0.000000e+00
  1.010000e-02  1.920245e-01
