  4.934820e+03  0.000000e+00
  4.806990e+03  1.492700e-02
  4.682470e+03  0.000000e+00
  4.561180e+03  0.000000e+00
  4.443030e+03  0.000000e+00
  4.327940e+03  0.000000e+00
  4.215830e+03  0.000000e+00
  4.106630e+03  0.000000e+00
  4.000250e+03  0.000000e+00
  3.896630e+03  0.000000e+00
  3.795700e+03  1.492700e-02
  3.697380e+03  1.492700e-02
  3.601600e+03  0.000000e+00
  3.508310e+03  1.492700e-02
  3.417430e+03  2.985400e-02
  3.328910e+03  1.492700e-02
  3.242680e+03  1.492700e-02
  3.158680e+03  0.000000e+00
  3.076860e+03  0.000000e+00
  2.997160e+03  0.000000e+00
  2.919530e+03  0.000000e+00
  2.843900e+03  0.000000e+00
  2.770230e+03  1.492700e-02
  2.698480e+03  1.492700e-02
  2.628580e+03  0.000000e+00
  2.560490e+03  1.492700e-02
  2.494160e+03  0.000000e+00
  2.429550e+03  0.000000e+00
  2.366620e+03  2.985400e-02
  2.305320e+03  0.000000e+00
  2.245600e+03  1.492700e-02
  2.187430e+03  2.985350e-02
  2.130770e+03  0.000000e+00
  2.075580e+03  2.985400e-02
  2.021810e+03  2.985400e-02
  1.969440e+03  0.000000e+00
  1.918430e+03  2.985400e-02
  1.868730e+03  1.492700e-02
  1.820330e+03  5.970800e-02
  1.773170e+03  1.492700e-02
  1.727240e+03  1.492700e-02
  1.682500e+03  4.478100e-02
  1.638920e+03  4.478100e-02
  1.596470e+03  1.492700e-02
  1.555110e+03  2.985400e-02
  1.514830e+03  8.956150e-02
  1.475590e+03  2.985400e-02
  1.437370e+03  1.194125e-01
  1.400140e+03  4.478100e-02
  1.363870e+03  1.492700e-02
  1.328540e+03  5.970800e-02
  1.294120e+03  2.985400e-02
  1.260600e+03  5.970800e-02
  1.227950e+03  1.194155e-01
  1.196140e+03  7.463450e-02
  1.165160e+03  8.956150e-02
  1.134980e+03  1.343415e-01
  1.105580e+03  1.194145e-01
  1.076940e+03  1.791230e-01
  1.049040e+03  1.492685e-01
  1.021870e+03  1.940505e-01
  9.953980e+02  1.940495e-01
  9.696140e+02  2.388275e-01
  9.444970e+02  2.537575e-01
  9.200320e+02  1.940490e-01
  8.962000e+02  2.089760e-01
  8.729850e+02  3.880975e-01
  8.503720e+02  4.627300e-01
  8.283450e+02  4.478050e-01
  8.068880e+02  2.985370e-01
  7.859870e+02  4.925790e-01
  7.656270e+02  5.373640e-01
  7.457950e+02  4.478075e-01
  7.264760e+02  6.866300e-01
  7.076580e+02  5.522895e-01
  6.893270e+02  8.358935e-01
  6.714710e+02  7.164865e-01
  6.540780e+02  6.717070e-01
  6.371350e+02  6.866365e-01
  6.206310e+02  9.105380e-01
  6.045550e+02  1.164280e+00
  5.888950e+02  1.224005e+00
  5.736410e+02  1.224000e+00
  5.587810e+02  1.701660e+00
  5.443070e+02  1.850930e+00
  5.302080e+02  1.895705e+00
  5.164740e+02  1.925565e+00
  5.030950e+02  2.343515e+00
  4.900630e+02  2.433085e+00
  4.773690e+02  2.895805e+00
  4.650040e+02  3.239130e+00
  4.529580e+02  3.194335e+00
  4.412250e+02  3.970525e+00
  4.297960e+02  4.478030e+00
  4.186630e+02  4.642230e+00
  4.078180e+02  5.090035e+00
  3.972540e+02  5.702035e+00
  3.869640e+02  6.149840e+00
  3.769400e+02  6.776770e+00
  3.671770e+02  7.761895e+00
  3.576650e+02  8.642625e+00
  3.484010e+02  8.553055e+00
  3.393760e+02  1.049354e+01
  3.305850e+02  1.156835e+01
  3.220220e+02  1.288195e+01
  3.136800e+02  1.377745e+01
  3.055550e+02  1.497150e+01
  2.976400e+02  1.712105e+01
  2.899300e+02  1.833000e+01
  2.824200e+02  2.067360e+01
  2.751040e+02  2.267380e+01
  2.679780e+02  2.501735e+01
  2.610370e+02  2.701760e+01
  2.542750e+02  3.065970e+01
  2.476890e+02  3.246575e+01
  2.412730e+02  3.700360e+01
  2.350230e+02  3.979490e+01
  2.289350e+02  4.419820e+01
  2.230050e+02  4.827320e+01
  2.172280e+02  5.310950e+01
  2.116010e+02  6.084155e+01
  2.061200e+02  6.390170e+01
  2.007810e+02  7.002165e+01
  1.955800e+02  7.791785e+01
  1.905140e+02  8.763520e+01
  1.855790e+02  9.245650e+01
  1.807720e+02  1.045465e+02
  1.760890e+02  1.139655e+02
  1.715280e+02  1.273110e+02
  1.670850e+02  1.406695e+02
  1.627570e+02  1.517615e+02
  1.585410e+02  1.630295e+02
  1.544340e+02  1.764205e+02
  1.504340e+02  1.948830e+02
  1.465370e+02  2.062880e+02
  1.427410e+02  2.274395e+02
  1.390440e+02  2.426800e+02
  1.354420e+02  2.624435e+02
  1.319340e+02  2.814455e+02
  1.285160e+02  3.012665e+02
  1.251870e+02  3.207320e+02
  1.219440e+02  3.407050e+02
  1.187850e+02  3.691395e+02
  1.157090e+02  3.947550e+02
  1.127110e+02  4.186970e+02
  1.097920e+02  4.414605e+02
  1.069480e+02  4.735385e+02
  1.041770e+02  5.045265e+02
  1.014790e+02  5.332150e+02
  9.885030e+01  5.684275e+02
  9.628970e+01  6.004010e+02
  9.379550e+01  6.466140e+02
  9.136590e+01  6.794975e+02
  8.899920e+01  7.167700e+02
  8.669380e+01  7.567000e+02
  8.444820e+01  7.972705e+02
  8.226070e+01  8.390505e+02
  8.012980e+01  8.856675e+02
  7.805420e+01  9.305965e+02
  7.603240e+01  9.740940e+02
  7.406290e+01  1.027555e+03
  7.214440e+01  1.077420e+03
  7.027560e+01  1.116745e+03
  6.845520e+01  1.177245e+03
  6.668200e+01  1.217935e+03
  6.495470e+01  1.261150e+03
  6.327220e+01  1.303055e+03
  6.163320e+01  1.331870e+03
  6.003670e+01  1.345845e+03
  5.848160e+01  1.370030e+03
  5.696670e+01  1.381595e+03
  5.549110e+01  1.405670e+03
  5.405370e+01  1.417200e+03
  5.265350e+01  1.452755e+03
  5.128960e+01  1.461520e+03
  4.996100e+01  1.485275e+03
  4.866690e+01  1.494620e+03
  4.740620e+01  1.519400e+03
  4.617830e+01  1.536560e+03
  4.498210e+01  1.528450e+03
  4.381690e+01  1.505910e+03
  4.268190e+01  1.486570e+03
  4.157630e+01  1.459510e+03
  4.049930e+01  1.440630e+03
  3.945030e+01  1.407455e+03
  3.842840e+01  1.379875e+03
  3.743290e+01  1.343585e+03
  3.646330e+01  1.303900e+03
  3.551880e+01  1.296200e+03
  3.459870e+01  1.260750e+03
  3.370250e+01  1.222680e+03
  3.282950e+01  1.201355e+03
  3.197910e+01  1.167645e+03
  3.115070e+01  1.137025e+03
  3.034380e+01  1.108300e+03
  2.955780e+01  1.078000e+03
  2.879220e+01  1.044080e+03
  2.804640e+01  1.012610e+03
  2.731990e+01  9.800060e+02
  2.661220e+01  9.486415e+02
  2.592290e+01  9.231035e+02
  2.525140e+01  8.753515e+02
  2.459730e+01  8.529015e+02
  2.396010e+01  8.056295e+02
  2.333950e+01  7.826715e+02
  2.273490e+01  7.468770e+02
  2.214600e+01  7.116355e+02
  2.157230e+01  6.630190e+02
  2.101350e+01  6.314790e+02
  2.046920e+01  5.959230e+02
  1.993900e+01  5.618290e+02
  1.942250e+01  5.334835e+02
  1.891940e+01  4.992870e+02
  1.842930e+01  4.811205e+02
  1.795200e+01  4.647760e+02
  1.748690e+01  4.447285e+02
  1.703400e+01  4.378325e+02
  1.659270e+01  4.295325e+02
  1.616290e+01  4.229795e+02
  1.574430e+01  4.189215e+02
  1.533640e+01  4.191445e+02
  1.493920e+01  4.102175e+02
  1.455220e+01  4.016205e+02
  1.417520e+01  3.790515e+02
  1.380800e+01  3.443765e+02
  1.345040e+01  3.094620e+02
  1.310200e+01  2.719805e+02
  1.276260e+01  2.281120e+02
  1.243200e+01  1.961975e+02
  1.211000e+01  1.678965e+02
  1.179630e+01  1.414170e+02
  1.149070e+01  1.249075e+02
  1.119310e+01  1.133090e+02
  1.090310e+01  1.075620e+02
  1.062070e+01  1.019650e+02
  1.034560e+01  9.269569e+01
  1.007760e+01  8.621715e+01
  9.816600e+00  7.823140e+01
  9.562300e+00  7.164865e+01
  9.314600e+00  6.866325e+01
  9.073300e+00  7.821645e+01
  8.838300e+00  8.405270e+01
  8.609300e+00  1.020545e+02
  8.386300e+00  1.203995e+02
  8.169100e+00  1.497155e+02
  7.957500e+00  1.876000e+02
  7.751400e+00  2.017795e+02
  7.550600e+00  2.303060e+02
  7.355000e+00  2.360530e+02
  7.164500e+00  2.208720e+02
  6.978900e+00  2.131400e+02
  6.798100e+00  2.009440e+02
  6.622000e+00  1.853320e+02
  6.450500e+00  1.745980e+02
  6.283400e+00  1.625080e+02
  6.120600e+00  1.497160e+02
  5.962100e+00  1.386410e+02
  5.807600e+00  1.348190e+02
  5.657200e+00  1.294305e+02
  5.510700e+00  1.251310e+02
  5.367900e+00  1.190875e+02
  5.228900e+00  1.088615e+02
  5.093400e+00  9.754675e+01
  4.961500e+00  8.876985e+01
  4.833000e+00  8.484390e+01
  4.707800e+00  8.459015e+01
  4.585800e+00  6.808110e+01
  4.467100e+00  5.790105e+01
  4.351300e+00  5.542320e+01
  4.238600e+00  5.293045e+01
  4.128800e+00  4.755675e+01
  4.021900e+00  6.325960e+01
  3.917700e+00  4.560130e+01
  3.816200e+00  3.195830e+01
  3.717400e+00  2.886840e+01
  3.621100e+00  2.776375e+01
  3.527300e+00  2.404705e+01
  3.435900e+00  2.174850e+01
  3.346900e+00  1.810630e+01
  3.260200e+00  1.455370e+01
  3.175800e+00  1.144885e+01
  3.093500e+00  7.747015e+00
  3.013400e+00  7.343970e+00
  2.935300e+00  8.164974e+00
  2.859300e+00  9.299345e+00
  2.785200e+00  1.213550e+01
  2.713100e+00  1.400140e+01
  2.642800e+00  1.567325e+01
  2.574300e+00  1.371770e+01
  2.507600e+00  1.368780e+01
  2.442700e+00  1.301620e+01
  2.379400e+00  1.349385e+01
  2.317800e+00  1.270270e+01
  2.257700e+00  1.179225e+01
  2.199300e+00  1.188180e+01
  2.142300e+00  1.135925e+01
  2.086800e+00  1.059795e+01
  2.032700e+00  1.034419e+01
  1.980100e+00  1.407600e+01
  1.928800e+00  1.006075e+01
  1.878800e+00  8.224649e+00
  1.830200e+00  1.134440e+01
  1.782800e+00  3.137615e+01
  1.736600e+00  1.406105e+01
  1.691600e+00  8.359005e+00
  1.647800e+00  7.418620e+00
  1.605100e+00  7.866405e+00
  1.563500e+00  7.134990e+00
  1.523000e+00  6.672285e+00
  1.483600e+00  6.717060e+00
  1.445100e+00  5.911010e+00
  1.407700e+00  6.030430e+00
  1.371200e+00  5.149725e+00
  1.335700e+00  5.716970e+00
  1.301100e+00  4.761640e+00
  1.267400e+00  3.388380e+00
  1.234600e+00  5.045245e+00
  1.202600e+00  5.284080e+00
  1.171500e+00  4.433265e+00
  1.141100e+00  5.179595e+00
  1.111600e+00  3.403310e+00
  1.082800e+00  3.104780e+00
  1.054700e+00  4.537740e+00
  1.027400e+00  4.000385e+00
  1.000800e+00  2.895820e+00
  9.749000e-01  4.463110e+00
  9.496000e-01  3.268960e+00
  9.250000e-01  2.776400e+00
  9.010000e-01  3.836185e+00
  8.777000e-01  3.731705e+00
  8.550000e-01  3.701855e+00
  8.328000e-01  3.582430e+00
  8.113000e-01  3.970530e+00
  7.902000e-01  4.164580e+00
  7.698000e-01  4.298920e+00
  7.498000e-01  4.224280e+00
  7.304000e-01  3.851100e+00
  7.115000e-01  4.612375e+00
  6.931000e-01  6.299110e+00
  6.751000e-01  3.601835e+01
  6.576000e-01  4.278010e+01
  6.406000e-01  9.069535e+01
  6.240000e-01  1.625530e+01
  6.078000e-01  4.761640e+00
  5.921000e-01  5.911015e+00
  5.767000e-01  5.328865e+00
  5.618000e-01  5.612480e+00
  5.472000e-01  5.284090e+00
  5.331000e-01  6.403595e+00
  5.193000e-01  5.925935e+00
  5.058000e-01  5.851310e+00
  4.927000e-01  9.403920e+00
  4.799000e-01  9.881525e+00
  4.675000e-01  6.657355e+00
  4.554000e-01  6.433440e+00
  4.436000e-01  1.003080e+01
  4.321000e-01  1.003081e+01
  4.209000e-01  9.418840e+00
  4.100000e-01  7.343970e+00
  3.994000e-01  1.286700e+01
  3.891000e-01  2.095720e+01
  3.790000e-01  1.497160e+01
  3.692000e-01  5.911000e+00
  3.596000e-01  5.672175e+00
  3.503000e-01  5.254225e+00
  3.412000e-01  5.090035e+00
  3.324000e-01  5.896085e+00
  3.238000e-01  5.179600e+00
  3.154000e-01  5.149740e+00
  3.072000e-01  6.836480e+00
  2.992000e-01  8.120205e+00
  2.915000e-01  9.687465e+00
  2.839000e-01  1.007564e+01
  2.766000e-01  6.134910e+00
  2.694000e-01  1.282215e+01
  2.624000e-01  2.383805e+01
  2.556000e-01  2.840570e+01
  2.490000e-01  1.162795e+01
  2.426000e-01  1.067265e+01
  2.363000e-01  1.231470e+01
  2.302000e-01  9.627741e+00
  2.242000e-01  7.254440e+00
  2.184000e-01  6.776745e+00
  2.127000e-01  7.135000e+00
  2.072000e-01  6.448370e+00
  2.019000e-01  6.478220e+00
  1.966000e-01  7.732085e+00
  1.915000e-01  7.314130e+00
  1.866000e-01  6.866325e+00
  1.817000e-01  6.761840e+00
  1.770000e-01  7.373850e+00
  1.725000e-01  6.806620e+00
  1.680000e-01  7.224550e+00
  1.636000e-01  7.582810e+00
  1.594000e-01  8.150050e+00
  1.553000e-01  8.448561e+00
  1.512000e-01  7.985830e+00
  1.473000e-01  8.463475e+00
  1.435000e-01  9.896475e+00
  1.398000e-01  7.627580e+00
  1.362000e-01  8.567960e+00
  1.326000e-01  7.926155e+00
  1.292000e-01  8.627695e+00
  1.259000e-01  8.433650e+00
  1.226000e-01  9.150129e+00
  1.194000e-01  9.209835e+00
  1.163000e-01  9.523240e+00
  1.133000e-01  9.806885e+00
  1.104000e-01  1.012037e+01
  1.075000e-01  1.000099e+01
  1.047000e-01  9.508369e+00
  1.020000e-01  1.038896e+01
  9.940000e-02  1.115030e+01
  9.680000e-02  1.132945e+01
  9.430000e-02  1.082195e+01
  9.190000e-02  1.171750e+01
  8.950000e-02  1.082185e+01
  8.720000e-02  1.013530e+01
  8.490000e-02  9.777025e+00
  8.270000e-02  9.448585e+00
  8.060000e-02  9.224791e+00
  7.850000e-02  9.135155e+00
  7.640000e-02  8.478399e+00
  7.450000e-02  8.329155e+00
  7.250000e-02  7.194720e+00
  7.070000e-02  7.090220e+00
  6.880000e-02  5.702035e+00
  6.700000e-02  5.119880e+00
  6.530000e-02  4.866130e+00
  6.360000e-02  4.269070e+00
  6.200000e-02  3.851120e+00
  6.040000e-02  3.627215e+00
  5.880000e-02  3.358530e+00
  5.730000e-02  2.612195e+00
  5.580000e-02  2.298730e+00
  5.430000e-02  1.746440e+00
  5.290000e-02  1.418050e+00
  5.160000e-02  1.238925e+00
  5.020000e-02  1.164280e+00
  4.890000e-02  1.044865e+00
  4.770000e-02  8.209685e-01
  4.640000e-02  8.806740e-01
  4.520000e-02  7.015570e-01
  4.410000e-02  5.373635e-01
  4.290000e-02  4.328765e-01
  4.180000e-02  4.179505e-01
  4.070000e-02  2.985345e-01
  3.970000e-02  2.836100e-01
  3.860000e-02  2.836110e-01
  3.760000e-02  1.044885e-01
  3.670000e-02  1.791230e-01
  3.570000e-02  1.492695e-01
  3.480000e-02  1.044885e-01
  3.390000e-02  1.343415e-01
  3.300000e-02  5.970800e-02
  3.220000e-02  8.956200e-02
  3.130000e-02  8.956200e-02
  3.050000e-02  2.985400e-02
  2.970000e-02  4.478100e-02
  2.890000e-02  5.970800e-02
  2.820000e-02  2.985400e-02
  2.750000e-02  0.000000e+00
  2.680000e-02  1.492700e-02
  2.610000e-02  1.492700e-02
  2.540000e-02  4.478100e-02
  2.470000e-02  1.492700e-02
  2.410000e-02  2.985400e-02
  2.350000e-02  4.478100e-02
  2.290000e-02  4.478050e-02
  2.230000e-02  1.492700e-02
  2.170000e-02  0.000000e+00
  2.110000e-02  2.985400e-02
  2.060000e-02  0.000000e+00
  2.000000e-02  1.492700e-02
  1.950000e-02  0.000000e+00
  1.900000e-02  0.000000e+00
  1.850000e-02  2.985400e-02
  1.800000e-02  2.985400e-02
  1.760000e-02  2.985400e-02
  1.710000e-02  1.492700e-02
  1.670000e-02  0.000000e+00
  1.630000e-02  2.985400e-02
  1.580000e-02  0.000000e+00
  1.540000e-02  1.492700e-02
  1.500000e-02  1.492700e-02
  1.460000e-02  2.985400e-02
  1.430000e-02  0.000000e+00
  1.390000e-02  0.000000e+00
  1.350000e-02  0.000000e+00
  1.320000e-02  0.000000e+00
  1.280000e-02  1.492700e-02
  1.250000e-02  0.000000e+00
  1.220000e-02  0.000000e+00
  1.190000e-02  1.492700e-02
  1.160000e-02  0.000000e+00
  1.130000e-02  2.985400e-02
  1.100000e-02  1.671800e+00
  1.070000e-02  1.925560e+00
  1.040000e-02  1.925570e+00
  1.010000e-02  1.668810e+01
