  4.934820e+03  0.000000e+00
  4.806990e+03  0.000000e+00
  4.682470e+03  0.000000e+00
  4.561180e+03  0.000000e+00
  4.443030e+03  0.000000e+00
  4.327940e+03  0.000000e+00
  4.215830e+03  0.000000e+00
  4.106630e+03  0.000000e+00
  4.000250e+03  7.544400e-03
  3.896630e+03  0.000000e+00
  3.795700e+03  0.000000e+00
  3.697380e+03  0.000000e+00
  3.601600e+03  0.000000e+00
  3.508310e+03  0.000000e+00
  3.417430e+03  0.000000e+00
  3.328910e+03  3.772200e-03
  3.242680e+03  7.544400e-03
  3.158680e+03  1.131660e-02
  3.076860e+03  0.000000e+00
  2.997160e+03  3.772200e-03
  2.919530e+03  1.131660e-02
  2.843900e+03  3.772200e-03
  2.770230e+03  3.772200e-03
  2.698480e+03  0.000000e+00
  2.628580e+03  7.544400e-03
  2.560490e+03  7.544400e-03
  2.494160e+03  1.131660e-02
  2.429550e+03  7.544400e-03
  2.366620e+03  3.772200e-03
  2.305320e+03  0.000000e+00
  2.245600e+03  1.508880e-02
  2.187430e+03  1.886110e-02
  2.130770e+03  1.886100e-02
  2.075580e+03  1.508880e-02
  2.021810e+03  1.508880e-02
  1.969440e+03  2.640560e-02
  1.918430e+03  2.263340e-02
  1.868730e+03  1.508880e-02
  1.820330e+03  2.263320e-02
  1.773170e+03  6.035520e-02
  1.727240e+03  4.526670e-02
  1.682500e+03  4.526660e-02
  1.638920e+03  5.281070e-02
  1.596470e+03  7.167180e-02
  1.555110e+03  1.093943e-01
  1.514830e+03  9.807730e-02
  1.475590e+03  1.131663e-01
  1.437370e+03  1.131670e-01
  1.400140e+03  1.131660e-01
  1.363870e+03  1.357995e-01
  1.328540e+03  1.357985e-01
  1.294120e+03  1.584330e-01
  1.260600e+03  1.546610e-01
  1.227950e+03  1.546605e-01
  1.196140e+03  2.112435e-01
  1.165160e+03  2.150160e-01
  1.134980e+03  2.527375e-01
  1.105580e+03  3.055485e-01
  1.076940e+03  2.791430e-01
  1.049040e+03  3.244085e-01
  1.021870e+03  2.829150e-01
  9.953980e+02  3.923085e-01
  9.696140e+02  3.734475e-01
  9.444970e+02  5.733695e-01
  9.200320e+02  6.110945e-01
  8.962000e+02  5.960065e-01
  8.729850e+02  8.487440e-01
  8.503720e+02  8.789215e-01
  8.283450e+02  9.619095e-01
  8.068880e+02  1.120340e+00
  7.859870e+02  1.433425e+00
  7.656270e+02  1.237275e+00
  7.457950e+02  1.550375e+00
  7.264760e+02  1.720130e+00
  7.076580e+02  2.078475e+00
  6.893270e+02  2.357620e+00
  6.714710e+02  2.531135e+00
  6.540780e+02  2.783885e+00
  6.371350e+02  3.213910e+00
  6.206310e+02  3.481735e+00
  6.045550e+02  4.205995e+00
  5.888950e+02  4.575670e+00
  5.736410e+02  4.881215e+00
  5.587810e+02  5.809175e+00
  5.443070e+02  6.488160e+00
  5.302080e+02  7.627375e+00
  5.164740e+02  8.147935e+00
  5.030950e+02  9.366295e+00
  4.900630e+02  1.057720e+01
  4.773690e+02  1.228605e+01
  4.650040e+02  1.369300e+01
  4.529580e+02  1.522440e+01
  4.412250e+02  1.648445e+01
  4.297960e+02  1.938165e+01
  4.186630e+02  2.185245e+01
  4.078180e+02  2.396860e+01
  3.972540e+02  2.669960e+01
  3.869640e+02  3.066405e+01
  3.769400e+02  3.374615e+01
  3.671770e+02  3.812555e+01
  3.576650e+02  4.333870e+01
  3.484010e+02  4.937810e+01
  3.393760e+02  5.406310e+01
  3.305850e+02  6.077385e+01
  3.220220e+02  6.780515e+01
  3.136800e+02  7.639070e+01
  3.055550e+02  8.417260e+01
  2.976400e+02  9.458031e+01
  2.899300e+02  1.063830e+02
  2.824200e+02  1.205100e+02
  2.751040e+02  1.316865e+02
  2.679780e+02  1.469490e+02
  2.610370e+02  1.639845e+02
  2.542750e+02  1.827290e+02
  2.476890e+02  2.050905e+02
  2.412730e+02  2.310465e+02
  2.350230e+02  2.548835e+02
  2.289350e+02  2.859585e+02
  2.230050e+02  3.151865e+02
  2.172280e+02  3.506580e+02
  2.116010e+02  3.850500e+02
  2.061200e+02  4.281290e+02
  2.007810e+02  4.740480e+02
  1.955800e+02  5.271635e+02
  1.905140e+02  5.825175e+02
  1.855790e+02  6.420425e+02
  1.807720e+02  7.087580e+02
  1.760890e+02  7.791985e+02
  1.715280e+02  8.561445e+02
  1.670850e+02  9.345685e+02
  1.627570e+02  1.019395e+03
  1.585410e+02  1.109545e+03
  1.544340e+02  1.199465e+03
  1.504340e+02  1.304390e+03
  1.465370e+02  1.407660e+03
  1.427410e+02  1.518200e+03
  1.390440e+02  1.632580e+03
  1.354420e+02  1.749750e+03
  1.319340e+02  1.871030e+03
  1.285160e+02  2.001895e+03
  1.251870e+02  2.132305e+03
  1.219440e+02  2.261940e+03
  1.187850e+02  2.402445e+03
  1.157090e+02  2.542410e+03
  1.127110e+02  2.685165e+03
  1.097920e+02  2.832725e+03
  1.069480e+02  2.970465e+03
  1.041770e+02  3.114960e+03
  1.014790e+02  3.252380e+03
  9.885030e+01  3.385985e+03
  9.628970e+01  3.517635e+03
  9.379550e+01  3.640235e+03
  9.136590e+01  3.758775e+03
  8.899920e+01  3.866845e+03
  8.669380e+01  3.959280e+03
  8.444820e+01  4.046410e+03
  8.226070e+01  4.093785e+03
  8.012980e+01  4.159740e+03
  7.805420e+01  4.176390e+03
  7.603240e+01  4.194190e+03
  7.406290e+01  4.199425e+03
  7.214440e+01  4.182260e+03
  7.027560e+01  4.143650e+03
  6.845520e+01  4.089975e+03
  6.668200e+01  4.006065e+03
  6.495470e+01  3.927000e+03
  6.327220e+01  3.865635e+03
  6.163320e+01  3.790850e+03
  6.003670e+01  3.715155e+03
  5.848160e+01  3.652095e+03
  5.696670e+01  3.588420e+03
  5.549110e+01  3.524775e+03
  5.405370e+01  3.410940e+03
  5.265350e+01  3.281495e+03
  5.128960e+01  3.164780e+03
  4.996100e+01  3.068115e+03
  4.866690e+01  2.923515e+03
  4.740620e+01  2.815360e+03
  4.617830e+01  2.702545e+03
  4.498210e+01  2.616165e+03
  4.381690e+01  2.588910e+03
  4.268190e+01  2.558270e+03
  4.157630e+01  2.526320e+03
  4.049930e+01  2.499930e+03
  3.945030e+01  2.486985e+03
  3.842840e+01  2.491350e+03
  3.743290e+01  2.490500e+03
  3.646330e+01  2.494240e+03
  3.551880e+01  2.506755e+03
  3.459870e+01  2.510960e+03
  3.370250e+01  2.512770e+03
  3.282950e+01  2.514935e+03
  3.197910e+01  2.531690e+03
  3.115070e+01  2.543330e+03
  3.034380e+01  2.571895e+03
  2.955780e+01  2.585070e+03
  2.879220e+01  2.606320e+03
  2.804640e+01  2.627440e+03
  2.731990e+01  2.651055e+03
  2.661220e+01  2.681040e+03
  2.592290e+01  2.709985e+03
  2.525140e+01  2.742665e+03
  2.459730e+01  2.762375e+03
  2.396010e+01  2.801845e+03
  2.333950e+01  2.830785e+03
  2.273490e+01  2.865745e+03
  2.214600e+01  2.908335e+03
  2.157230e+01  2.936975e+03
  2.101350e+01  2.974750e+03
  2.046920e+01  3.004240e+03
  1.993900e+01  3.051300e+03
  1.942250e+01  3.088615e+03
  1.891940e+01  3.116660e+03
  1.842930e+01  3.178475e+03
  1.795200e+01  3.225695e+03
  1.748690e+01  3.292580e+03
  1.703400e+01  3.344695e+03
  1.659270e+01  3.416875e+03
  1.616290e+01  3.491230e+03
  1.574430e+01  3.569485e+03
  1.533640e+01  3.630780e+03
  1.493920e+01  3.721750e+03
  1.455220e+01  3.804095e+03
  1.417520e+01  3.874850e+03
  1.380800e+01  3.902470e+03
  1.345040e+01  3.943040e+03
  1.310200e+01  3.972830e+03
  1.276260e+01  4.004365e+03
  1.243200e+01  4.051580e+03
  1.211000e+01  4.129430e+03
  1.179630e+01  4.183915e+03
  1.149070e+01  4.247905e+03
  1.119310e+01  4.332310e+03
  1.090310e+01  4.425715e+03
  1.062070e+01  4.523515e+03
  1.034560e+01  4.603720e+03
  1.007760e+01  4.687240e+03
  9.816600e+00  4.771990e+03
  9.562300e+00  4.804215e+03
  9.314600e+00  4.875095e+03
  9.073300e+00  5.014495e+03
  8.838300e+00  5.087230e+03
  8.609300e+00  5.200445e+03
  8.386300e+00  5.291240e+03
  8.169100e+00  5.414355e+03
  7.957500e+00  5.571940e+03
  7.751400e+00  5.616470e+03
  7.550600e+00  5.833155e+03
  7.355000e+00  5.923155e+03
  7.164500e+00  5.951300e+03
  6.978900e+00  6.012175e+03
  6.798100e+00  6.048315e+03
  6.622000e+00  6.110870e+03
  6.450500e+00  6.225085e+03
  6.283400e+00  6.354720e+03
  6.120600e+00  6.400725e+03
  5.962100e+00  6.466935e+03
  5.807600e+00  6.570115e+03
  5.657200e+00  6.655960e+03
  5.510700e+00  6.801985e+03
  5.367900e+00  7.023535e+03
  5.228900e+00  7.035180e+03
  5.093400e+00  7.046430e+03
  4.961500e+00  7.095000e+03
  4.833000e+00  7.500680e+03
  4.707800e+00  8.081275e+03
  4.585800e+00  7.478085e+03
  4.467100e+00  7.382055e+03
  4.351300e+00  7.570940e+03
  4.238600e+00  7.793850e+03
  4.128800e+00  7.918325e+03
  4.021900e+00  1.245015e+04
  3.917700e+00  9.383186e+03
  3.816200e+00  7.562770e+03
  3.717400e+00  7.576850e+03
  3.621100e+00  7.577140e+03
  3.527300e+00  7.586065e+03
  3.435900e+00  7.591065e+03
  3.346900e+00  7.585140e+03
  3.260200e+00  7.626720e+03
  3.175800e+00  7.746090e+03
  3.093500e+00  7.546025e+03
  3.013400e+00  7.467350e+03
  2.935300e+00  7.589015e+03
  2.859300e+00  7.566405e+03
  2.785200e+00  7.619635e+03
  2.713100e+00  7.619560e+03
  2.642800e+00  7.388695e+03
  2.574300e+00  7.568200e+03
  2.507600e+00  7.251910e+03
  2.442700e+00  7.315340e+03
  2.379400e+00  7.333480e+03
  2.317800e+00  7.008880e+03
  2.257700e+00  6.694660e+03
  2.199300e+00  7.512625e+03
  2.142300e+00  6.342095e+03
  2.086800e+00  6.173245e+03
  2.032700e+00  6.268650e+03
  1.980100e+00  6.819485e+03
  1.928800e+00  5.606120e+03
  1.878800e+00  5.272460e+03
  1.830200e+00  6.379315e+03
  1.782800e+00  1.125510e+04
  1.736600e+00  6.450935e+03
  1.691600e+00  5.099110e+03
  1.647800e+00  4.768680e+03
  1.605100e+00  4.684575e+03
  1.563500e+00  4.450760e+03
  1.523000e+00  4.275360e+03
  1.483600e+00  4.219455e+03
  1.445100e+00  3.940830e+03
  1.407700e+00  3.793075e+03
  1.371200e+00  3.550220e+03
  1.335700e+00  3.555500e+03
  1.301100e+00  3.232760e+03
  1.267400e+00  2.597575e+03
  1.234600e+00  3.158415e+03
  1.202600e+00  3.390305e+03
  1.171500e+00  3.060290e+03
  1.141100e+00  3.359575e+03
  1.111600e+00  2.452115e+03
  1.082800e+00  2.177305e+03
  1.054700e+00  3.092240e+03
  1.027400e+00  2.528125e+03
  1.000800e+00  2.069380e+03
  9.749000e-01  2.441050e+03
  9.496000e-01  2.213495e+03
  9.250000e-01  2.326865e+03
  9.010000e-01  2.336150e+03
  8.777000e-01  2.496670e+03
  8.550000e-01  2.479270e+03
  8.328000e-01  2.441570e+03
  8.113000e-01  2.656655e+03
  7.902000e-01  2.687925e+03
  7.698000e-01  2.677820e+03
  7.498000e-01  2.876530e+03
  7.304000e-01  2.815275e+03
  7.115000e-01  2.837400e+03
  6.931000e-01  3.343295e+03
  6.751000e-01  8.677430e+03
  6.576000e-01  1.396300e+04
  6.406000e-01  1.992240e+04
  6.240000e-01  4.610015e+03
  6.078000e-01  3.453120e+03
  5.921000e-01  3.332410e+03
  5.767000e-01  3.243185e+03
  5.618000e-01  3.315835e+03
  5.472000e-01  3.204550e+03
  5.331000e-01  4.168210e+03
  5.193000e-01  4.131735e+03
  5.058000e-01  4.086965e+03
  4.927000e-01  4.186770e+03
  4.799000e-01  3.817615e+03
  4.675000e-01  3.615875e+03
  4.554000e-01  3.555765e+03
  4.436000e-01  4.312720e+03
  4.321000e-01  3.388415e+03
  4.209000e-01  3.986865e+03
  4.100000e-01  3.637845e+03
  3.994000e-01  7.049810e+03
  3.891000e-01  5.534305e+03
  3.790000e-01  5.453495e+03
  3.692000e-01  4.269795e+03
  3.596000e-01  4.021615e+03
  3.503000e-01  3.904795e+03
  3.412000e-01  3.847560e+03
  3.324000e-01  4.005450e+03
  3.238000e-01  3.592730e+03
  3.154000e-01  3.582180e+03
  3.072000e-01  4.021995e+03
  2.992000e-01  5.028215e+03
  2.915000e-01  4.991035e+03
  2.839000e-01  5.103980e+03
  2.766000e-01  4.156825e+03
  2.694000e-01  5.641735e+03
  2.624000e-01  5.993395e+03
  2.556000e-01  5.806095e+03
  2.490000e-01  4.032715e+03
  2.426000e-01  3.780280e+03
  2.363000e-01  4.172620e+03
  2.302000e-01  3.762335e+03
  2.242000e-01  3.535915e+03
  2.184000e-01  3.662715e+03
  2.127000e-01  3.646650e+03
  2.072000e-01  3.177855e+03
  2.019000e-01  3.169040e+03
  1.966000e-01  3.395305e+03
  1.915000e-01  3.091850e+03
  1.866000e-01  3.076465e+03
  1.817000e-01  3.072885e+03
  1.770000e-01  3.036875e+03
  1.725000e-01  3.006125e+03
  1.680000e-01  2.995850e+03
  1.636000e-01  2.973035e+03
  1.594000e-01  2.964335e+03
  1.553000e-01  2.969185e+03
  1.512000e-01  2.929145e+03
  1.473000e-01  2.878255e+03
  1.435000e-01  2.918585e+03
  1.398000e-01  2.703025e+03
  1.362000e-01  2.643735e+03
  1.326000e-01  2.565950e+03
  1.292000e-01  2.487245e+03
  1.259000e-01  2.399880e+03
  1.226000e-01  2.307385e+03
  1.194000e-01  2.219370e+03
  1.163000e-01  2.127430e+03
  1.133000e-01  2.028025e+03
  1.104000e-01  1.926115e+03
  1.075000e-01  1.819515e+03
  1.047000e-01  1.722370e+03
  1.020000e-01  1.609300e+03
  9.940000e-02  1.517040e+03
  9.680000e-02  1.414160e+03
  9.430000e-02  1.314810e+03
  9.190000e-02  1.215130e+03
  8.950000e-02  1.145465e+03
  8.720000e-02  1.049285e+03
  8.490000e-02  9.613430e+02
  8.270000e-02  8.731960e+02
  8.060000e-02  7.940885e+02
  7.850000e-02  7.139370e+02
  7.640000e-02  6.402465e+02
  7.450000e-02  5.738745e+02
  7.250000e-02  5.138485e+02
  7.070000e-02  4.532475e+02
  6.880000e-02  3.984835e+02
  6.700000e-02  3.505465e+02
  6.530000e-02  3.063240e+02
  6.360000e-02  2.641475e+02
  6.200000e-02  2.282925e+02
  6.040000e-02  1.964380e+02
  5.880000e-02  1.680745e+02
  5.730000e-02  1.442150e+02
  5.580000e-02  1.220975e+02
  5.430000e-02  1.036295e+02
  5.290000e-02  8.656050e+01
  5.160000e-02  7.248265e+01
  5.020000e-02  6.045680e+01
  4.890000e-02  5.181860e+01
  4.770000e-02  4.319545e+01
  4.640000e-02  3.607740e+01
  4.520000e-02  3.044925e+01
  4.410000e-02  2.712960e+01
  4.290000e-02  2.314995e+01
  4.180000e-02  2.024910e+01
  4.070000e-02  1.850260e+01
  3.970000e-02  1.671080e+01
  3.860000e-02  1.568860e+01
  3.760000e-02  1.451155e+01
  3.670000e-02  1.411180e+01
  3.570000e-02  1.378355e+01
  3.480000e-02  1.308575e+01
  3.390000e-02  1.332700e+01
  3.300000e-02  1.282930e+01
  3.220000e-02  1.300270e+01
  3.130000e-02  1.298395e+01
  3.050000e-02  1.302160e+01
  2.970000e-02  1.291225e+01
  2.890000e-02  1.350060e+01
  2.820000e-02  1.336860e+01
  2.750000e-02  1.400990e+01
  2.680000e-02  1.357615e+01
  2.610000e-02  1.422490e+01
  2.540000e-02  1.346670e+01
  2.470000e-02  1.388550e+01
  2.410000e-02  1.427010e+01
  2.350000e-02  1.401750e+01
  2.290000e-02  1.407785e+01
  2.230000e-02  1.411185e+01
  2.170000e-02  1.385155e+01
  2.110000e-02  1.390435e+01
  2.060000e-02  1.370435e+01
  2.000000e-02  1.391950e+01
  1.950000e-02  1.362135e+01
  1.900000e-02  1.325165e+01
  1.850000e-02  1.340640e+01
  1.800000e-02  1.305550e+01
  1.760000e-02  1.282925e+01
  1.710000e-02  1.265945e+01
  1.670000e-02  1.249350e+01
  1.630000e-02  1.200685e+01
  1.580000e-02  1.159200e+01
  1.540000e-02  1.113550e+01
  1.500000e-02  1.037725e+01
  1.460000e-02  1.023400e+01
  1.430000e-02  9.819019e+00
  1.390000e-02  9.554935e+00
  1.350000e-02  8.951440e+00
  1.320000e-02  8.691120e+00
  1.280000e-02  7.846160e+00
  1.250000e-02  7.842395e+00
  1.220000e-02  7.144535e+00
  1.190000e-02  6.756005e+00
  1.160000e-02  6.442905e+00
  1.130000e-02  5.873290e+00
  1.100000e-02  6.842760e+00
  1.070000e-02  7.438780e+00
  1.040000e-02  6.665465e+00
  1.010000e-02  4.877450e+01
