  4.934820e+03  3.279700e-03
  4.806990e+03  0.000000e+00
  4.682470e+03  1.639850e-03
  4.561180e+03  0.000000e+00
  4.443030e+03  0.000000e+00
  4.327940e+03  0.000000e+00
  4.215830e+03  0.000000e+00
  4.106630e+03  0.000000e+00
  4.000250e+03  0.000000e+00
  3.896630e+03  0.000000e+00
  3.795700e+03  3.279700e-03
  3.697380e+03  0.000000e+00
  3.601600e+03  3.279700e-03
  3.508310e+03  1.639850e-03
  3.417430e+03  1.639850e-03
  3.328910e+03  0.000000e+00
  3.242680e+03  1.639850e-03
  3.158680e+03  0.000000e+00
  3.076860e+03  8.199250e-03
  2.997160e+03  0.000000e+00
  2.919530e+03  4.919550e-03
  2.843900e+03  3.279700e-03
  2.770230e+03  4.919550e-03
  2.698480e+03  3.279700e-03
  2.628580e+03  1.639850e-03
  2.560490e+03  4.919550e-03
  2.494160e+03  6.559400e-03
  2.429550e+03  3.279700e-03
  2.366620e+03  3.279700e-03
  2.305320e+03  4.919550e-03
  2.245600e+03  6.559400e-03
  2.187430e+03  1.639860e-02
  2.130770e+03  8.199301e-03
  2.075580e+03  1.147895e-02
  2.021810e+03  8.199250e-03
  1.969440e+03  8.199250e-03
  1.918430e+03  1.967840e-02
  1.868730e+03  1.311885e-02
  1.820330e+03  1.967830e-02
  1.773170e+03  1.639860e-02
  1.727240e+03  1.475870e-02
  1.682500e+03  1.967835e-02
  1.638920e+03  3.443715e-02
  1.596470e+03  2.459805e-02
  1.555110e+03  1.967835e-02
  1.514830e+03  4.591640e-02
  1.475590e+03  4.919610e-02
  1.437370e+03  3.935670e-02
  1.400140e+03  4.919595e-02
  1.363870e+03  5.083605e-02
  1.328540e+03  5.083585e-02
  1.294120e+03  6.231525e-02
  1.260600e+03  5.739575e-02
  1.227950e+03  7.379445e-02
  1.196140e+03  6.723460e-02
  1.165160e+03  1.000322e-01
  1.134980e+03  9.019275e-02
  1.105580e+03  1.033120e-01
  1.076940e+03  1.393890e-01
  1.049040e+03  1.344700e-01
  1.021870e+03  1.344695e-01
  9.953980e+02  1.771060e-01
  9.696140e+02  2.164625e-01
  9.444970e+02  2.295795e-01
  9.200320e+02  2.394210e-01
  8.962000e+02  2.902560e-01
  8.729850e+02  3.246935e-01
  8.503720e+02  3.410910e-01
  8.283450e+02  3.820875e-01
  8.068880e+02  4.296445e-01
  7.859870e+02  4.968785e-01
  7.656270e+02  5.526345e-01
  7.457950e+02  5.936305e-01
  7.264760e+02  6.789035e-01
  7.076580e+02  7.789360e-01
  6.893270e+02  8.773255e-01
  6.714710e+02  1.054430e+00
  6.540780e+02  1.172505e+00
  6.371350e+02  1.400455e+00
  6.206310e+02  1.528370e+00
  6.045550e+02  1.715295e+00
  5.888950e+02  1.748095e+00
  5.736410e+02  2.039965e+00
  5.587810e+02  2.271200e+00
  5.443070e+02  2.620515e+00
  5.302080e+02  2.907485e+00
  5.164740e+02  3.289560e+00
  5.030950e+02  3.676565e+00
  4.900630e+02  4.140660e+00
  4.773690e+02  4.583410e+00
  4.650040e+02  5.068820e+00
  4.529580e+02  5.764115e+00
  4.412250e+02  6.454510e+00
  4.297960e+02  7.384310e+00
  4.186630e+02  8.055005e+00
  4.078180e+02  9.248840e+00
  3.972540e+02  9.976919e+00
  3.869640e+02  1.133965e+01
  3.769400e+02  1.275660e+01
  3.671770e+02  1.416510e+01
  3.576650e+02  1.602955e+01
  3.484010e+02  1.762355e+01
  3.393760e+02  1.971455e+01
  3.305850e+02  2.226760e+01
  3.220220e+02  2.444545e+01
  3.136800e+02  2.758420e+01
  3.055550e+02  3.018665e+01
  2.976400e+02  3.317120e+01
  2.899300e+02  3.697905e+01
  2.824200e+02  4.124255e+01
  2.751040e+02  4.554235e+01
  2.679780e+02  5.048305e+01
  2.610370e+02  5.571270e+01
  2.542750e+02  6.209505e+01
  2.476890e+02  6.870865e+01
  2.412730e+02  7.608635e+01
  2.350230e+02  8.479225e+01
  2.289350e+02  9.384450e+01
  2.230050e+02  1.037590e+02
  2.172280e+02  1.130040e+02
  2.116010e+02  1.241525e+02
  2.061200e+02  1.371165e+02
  2.007810e+02  1.496980e+02
  1.955800e+02  1.650645e+02
  1.905140e+02  1.829170e+02
  1.855790e+02  2.017755e+02
  1.807720e+02  2.205895e+02
  1.760890e+02  2.417905e+02
  1.715280e+02  2.652615e+02
  1.670850e+02  2.884350e+02
  1.627570e+02  3.112695e+02
  1.585410e+02  3.359560e+02
  1.544340e+02  3.613910e+02
  1.504340e+02  3.898830e+02
  1.465370e+02  4.160230e+02
  1.427410e+02  4.469155e+02
  1.390440e+02  4.788815e+02
  1.354420e+02  5.102310e+02
  1.319340e+02  5.390135e+02
  1.285160e+02  5.727345e+02
  1.251870e+02  6.062085e+02
  1.219440e+02  6.376335e+02
  1.187850e+02  6.736520e+02
  1.157090e+02  7.068365e+02
  1.127110e+02  7.430285e+02
  1.097920e+02  7.770820e+02
  1.069480e+02  8.122665e+02
  1.041770e+02  8.487745e+02
  1.014790e+02  8.799275e+02
  9.885030e+01  9.140490e+02
  9.628970e+01  9.416430e+02
  9.379550e+01  9.735835e+02
  9.136590e+01  1.000750e+03
  8.899920e+01  1.023830e+03
  8.669380e+01  1.044575e+03
  8.444820e+01  1.060365e+03
  8.226070e+01  1.072740e+03
  8.012980e+01  1.083230e+03
  7.805420e+01  1.084130e+03
  7.603240e+01  1.080970e+03
  7.406290e+01  1.075115e+03
  7.214440e+01  1.060360e+03
  7.027560e+01  1.037260e+03
  6.845520e+01  1.009325e+03
  6.668200e+01  9.754325e+02
  6.495470e+01  9.342560e+02
  6.327220e+01  8.948985e+02
  6.163320e+01  8.511575e+02
  6.003670e+01  8.058235e+02
  5.848160e+01  7.590940e+02
  5.696670e+01  7.141625e+02
  5.549110e+01  6.692610e+02
  5.405370e+01  6.140935e+02
  5.265350e+01  5.575085e+02
  5.128960e+01  5.016260e+02
  4.996100e+01  4.472455e+02
  4.866690e+01  3.875120e+02
  4.740620e+01  3.321365e+02
  4.617830e+01  2.833405e+02
  4.498210e+01  2.408760e+02
  4.381690e+01  2.119005e+02
  4.268190e+01  1.872915e+02
  4.157630e+01  1.651810e+02
  4.049930e+01  1.444130e+02
  3.945030e+01  1.280610e+02
  3.842840e+01  1.152090e+02
  3.743290e+01  1.031315e+02
  3.646330e+01  9.247525e+01
  3.551880e+01  8.331330e+01
  3.459870e+01  7.286075e+01
  3.370250e+01  6.309695e+01
  3.282950e+01  5.412370e+01
  3.197910e+01  4.664275e+01
  3.115070e+01  3.994710e+01
  3.034380e+01  3.361890e+01
  2.955780e+01  2.869760e+01
  2.879220e+01  2.334835e+01
  2.804640e+01  1.968825e+01
  2.731990e+01  1.606410e+01
  2.661220e+01  1.297960e+01
  2.592290e+01  1.015255e+01
  2.525140e+01  7.959895e+00
  2.459730e+01  6.510265e+00
  2.396010e+01  4.949100e+00
  2.333950e+01  3.756930e+00
  2.273490e+01  3.045215e+00
  2.214600e+01  2.254810e+00
  2.157230e+01  1.703830e+00
  2.101350e+01  1.221705e+00
  2.046920e+01  8.855230e-01
  1.993900e+01  7.477780e-01
  1.942250e+01  5.657540e-01
  1.891940e+01  4.148860e-01
  1.842930e+01  3.558500e-01
  1.795200e+01  3.624095e-01
  1.748690e+01  2.459805e-01
  1.703400e+01  2.181030e-01
  1.659270e+01  2.328615e-01
  1.616290e+01  2.197420e-01
  1.574430e+01  2.164625e-01
  1.533640e+01  2.049840e-01
  1.493920e+01  2.246615e-01
  1.455220e+01  2.148225e-01
  1.417520e+01  1.771060e-01
  1.380800e+01  1.049516e-01
  1.345040e+01  5.575570e-02
  1.310200e+01  4.263675e-02
  1.276260e+01  1.967840e-02
  1.243200e+01  2.951760e-02
  1.211000e+01  9.839150e-03
  1.179630e+01  1.475870e-02
  1.149070e+01  1.311880e-02
  1.119310e+01  1.311885e-02
  1.090310e+01  1.311885e-02
  1.062070e+01  3.279700e-03
  1.034560e+01  6.559400e-03
  1.007760e+01  8.199250e-03
  9.816600e+00  9.839100e-03
  9.562300e+00  4.919600e-03
  9.314600e+00  9.839100e-03
  9.073300e+00  9.839150e-03
  8.838300e+00  8.199250e-03
  8.609300e+00  2.131815e-02
  8.386300e+00  3.935680e-02
  8.169100e+00  4.919575e-02
  7.957500e+00  7.707370e-02
  7.751400e+00  1.098715e-01
  7.550600e+00  1.311900e-01
  7.355000e+00  1.475885e-01
  7.164500e+00  1.623480e-01
  6.978900e+00  1.475875e-01
  6.798100e+00  1.557875e-01
  6.622000e+00  1.574275e-01
  6.450500e+00  1.115110e-01
  6.283400e+00  1.279090e-01
  6.120600e+00  1.410285e-01
  5.962100e+00  1.197105e-01
  5.807600e+00  1.361090e-01
  5.657200e+00  1.115103e-01
  5.510700e+00  1.147905e-01
  5.367900e+00  1.115109e-01
  5.228900e+00  1.279095e-01
  5.093400e+00  1.065920e-01
  4.961500e+00  9.511225e-02
  4.833000e+00  1.000324e-01
  4.707800e+00  1.082320e-01
  4.585800e+00  8.199395e-02
  4.467100e+00  7.379445e-02
  4.351300e+00  8.855260e-02
  4.238600e+00  7.379415e-02
  4.128800e+00  8.363335e-02
  4.021900e+00  1.361100e-01
  3.917700e+00  9.675190e-02
  3.816200e+00  6.559490e-02
  3.717400e+00  8.199359e-02
  3.621100e+00  7.215425e-02
  3.527300e+00  7.215410e-02
  3.435900e+00  9.019295e-02
  3.346900e+00  6.231500e-02
  3.260200e+00  5.411580e-02
  3.175800e+00  6.887470e-02
  3.093500e+00  5.247595e-02
  3.013400e+00  3.279720e-02
  2.935300e+00  5.247580e-02
  2.859300e+00  6.067515e-02
  2.785200e+00  5.739535e-02
  2.713100e+00  7.707410e-02
  2.642800e+00  7.543450e-02
  2.574300e+00  8.363365e-02
  2.507600e+00  7.707420e-02
  2.442700e+00  7.543420e-02
  2.379400e+00  6.395480e-02
  2.317800e+00  5.247605e-02
  2.257700e+00  7.543415e-02
  2.199300e+00  8.855210e-02
  2.142300e+00  7.871355e-02
  2.086800e+00  7.707385e-02
  2.032700e+00  9.183260e-02
  1.980100e+00  6.067525e-02
  1.928800e+00  9.347305e-02
  1.878800e+00  7.707390e-02
  1.830200e+00  8.691365e-02
  1.782800e+00  9.511210e-02
  1.736600e+00  1.033122e-01
  1.691600e+00  1.000313e-01
  1.647800e+00  8.527315e-02
  1.605100e+00  9.511240e-02
  1.563500e+00  1.115115e-01
  1.523000e+00  1.098720e-01
  1.483600e+00  1.410295e-01
  1.445100e+00  1.180706e-01
  1.407700e+00  1.295490e-01
  1.371200e+00  1.049515e-01
  1.335700e+00  1.147911e-01
  1.301100e+00  1.311895e-01
  1.267400e+00  1.098715e-01
  1.234600e+00  1.443085e-01
  1.202600e+00  1.656280e-01
  1.171500e+00  1.492270e-01
  1.141100e+00  1.754660e-01
  1.111600e+00  1.672670e-01
  1.082800e+00  1.885845e-01
  1.054700e+00  1.902240e-01
  1.027400e+00  1.754660e-01
  1.000800e+00  2.148235e-01
  9.749000e-01  2.328610e-01
  9.496000e-01  2.607390e-01
  9.250000e-01  2.525400e-01
  9.010000e-01  2.541785e-01
  8.777000e-01  3.017355e-01
  8.550000e-01  3.132135e-01
  8.328000e-01  2.984555e-01
  8.113000e-01  3.394515e-01
  7.902000e-01  3.558505e-01
  7.698000e-01  3.296125e-01
  7.498000e-01  3.870080e-01
  7.304000e-01  3.837285e-01
  7.115000e-01  3.689685e-01
  6.931000e-01  4.362040e-01
  6.751000e-01  4.198055e-01
  6.576000e-01  5.165575e-01
  6.406000e-01  5.247560e-01
  6.240000e-01  6.018305e-01
  6.078000e-01  1.185630e+00
  5.921000e-01  8.920840e-01
  5.767000e-01  3.968465e-01
  5.618000e-01  3.706100e-01
  5.472000e-01  4.165255e-01
  5.331000e-01  7.740145e-01
  5.193000e-01  1.162665e+00
  5.058000e-01  1.220065e+00
  4.927000e-01  4.673605e-01
  4.799000e-01  4.345635e-01
  4.675000e-01  3.968465e-01
  4.554000e-01  4.362035e-01
  4.436000e-01  4.181645e-01
  4.321000e-01  3.640505e-01
  4.209000e-01  3.919275e-01
  4.100000e-01  3.673290e-01
  3.994000e-01  6.067480e-01
  3.891000e-01  4.362040e-01
  3.790000e-01  3.378110e-01
  3.692000e-01  3.591305e-01
  3.596000e-01  3.197740e-01
  3.503000e-01  2.771375e-01
  3.412000e-01  2.804175e-01
  3.324000e-01  2.738575e-01
  3.238000e-01  2.427005e-01
  3.154000e-01  2.099030e-01
  3.072000e-01  2.410595e-01
  2.992000e-01  1.836660e-01
  2.915000e-01  1.803855e-01
  2.839000e-01  2.082640e-01
  2.766000e-01  1.508680e-01
  2.694000e-01  1.574280e-01
  2.624000e-01  1.295495e-01
  2.556000e-01  9.675194e-02
  2.490000e-01  1.410285e-01
  2.426000e-01  1.000325e-01
  2.363000e-01  7.543420e-02
  2.302000e-01  9.511270e-02
  2.242000e-01  5.739565e-02
  2.184000e-01  6.723480e-02
  2.127000e-01  3.935670e-02
  2.072000e-01  4.591635e-02
  2.019000e-01  2.787770e-02
  1.966000e-01  2.951760e-02
  1.915000e-01  2.131815e-02
  1.866000e-01  1.311880e-02
  1.817000e-01  2.787760e-02
  1.770000e-01  2.459785e-02
  1.725000e-01  1.311885e-02
  1.680000e-01  1.147895e-02
  1.636000e-01  1.147895e-02
  1.594000e-01  4.919600e-03
  1.553000e-01  6.559400e-03
  1.512000e-01  3.279700e-03
  1.473000e-01  6.559450e-03
  1.435000e-01  8.199301e-03
  1.398000e-01  4.919550e-03
  1.362000e-01  0.000000e+00
  1.326000e-01  8.199250e-03
  1.292000e-01  3.279700e-03
  1.259000e-01  3.279700e-03
  1.226000e-01  4.919550e-03
  1.194000e-01  6.559450e-03
  1.163000e-01  1.639850e-03
  1.133000e-01  4.919550e-03
  1.104000e-01  9.839150e-03
  1.075000e-01  4.919550e-03
  1.047000e-01  6.559400e-03
  1.020000e-01  6.559450e-03
  9.940000e-02  8.199250e-03
  9.680000e-02  6.559400e-03
  9.430000e-02  3.279700e-03
  9.190000e-02  8.199250e-03
  8.950000e-02  3.279700e-03
  8.720000e-02  6.559450e-03
  8.490000e-02  6.559400e-03
  8.270000e-02  6.559400e-03
  8.060000e-02  4.919550e-03
  7.850000e-02  9.839150e-03
  7.640000e-02  3.279700e-03
  7.450000e-02  1.639850e-03
  7.250000e-02  4.919550e-03
  7.070000e-02  3.279700e-03
  6.880000e-02  6.559450e-03
  6.700000e-02  6.559400e-03
  6.530000e-02  6.559400e-03
  6.360000e-02  3.279700e-03
  6.200000e-02  6.559400e-03
  6.040000e-02  6.559450e-03
  5.880000e-02  4.919550e-03
  5.730000e-02  1.639850e-03
  5.580000e-02  0.000000e+00
  5.430000e-02  1.639850e-03
  5.290000e-02  3.279700e-03
  5.160000e-02  1.639850e-03
  5.020000e-02  1.639850e-03
  4.890000e-02  1.639850e-03
  4.770000e-02  1.639850e-03
  4.640000e-02  0.000000e+00
  4.520000e-02  1.639850e-03
  4.410000e-02  0.000000e+00
  4.290000e-02  1.639850e-03
  4.180000e-02  3.279700e-03
  4.070000e-02  0.000000e+00
  3.970000e-02  0.000000e+00
  3.860000e-02  1.639850e-03
  3.760000e-02  1.639850e-03
  3.670000e-02  1.639850e-03
  3.570000e-02  1.639850e-03
  3.480000e-02  0.000000e+00
  3.390000e-02  0.000000e+00
  3.300000e-02  0.000000e+00
  3.220000e-02  0.000000e+00
  3.130000e-02  0.000000e+00
  3.050000e-02  0.000000e+00
  2.970000e-02  0.000000e+00
  2.890000e-02  0.000000e+00
  2.820000e-02  0.000000e+00
  2.750000e-02  1.639850e-03
  2.680000e-02  0.000000e+00
  2.610000e-02  0.000000e+00
  2.540000e-02  1.639850e-03
  2.470000e-02  0.000000e+00
  2.410000e-02  0.000000e+00
  2.350000e-02  0.000000e+00
  2.290000e-02  0.000000e+00
  2.230000e-02  0.000000e+00
  2.170000e-02  0.000000e+00
  2.110000e-02  0.000000e+00
  2.060000e-02  0.000000e+00
  2.000000e-02  0.000000e+00
  1.950000e-02  0.000000e+00
  1.900000e-02  0.000000e+00
  1.850000e-02  0.000000e+00
  1.800000e-02  0.000000e+00
  1.760000e-02  0.000000e+00
  1.710000e-02  0.000000e+00
  1.670000e-02  0.000000e+00
  1.630000e-02  0.000000e+00
  1.580000e-02  0.000000e+00
  1.540000e-02  0.000000e+00
  1.500000e-02  0.000000e+00
  1.460000e-02  0.000000e+00
  1.430000e-02  0.000000e+00
  1.390000e-02  0.000000e+00
  1.350000e-02  0.000000e+00
  1.320000e-02  0.000000e+00
  1.280000e-02  0.000000e+00
  1.250000e-02  0.000000e+00
  1.220000e-02  0.000000e+00
  1.190000e-02  0.000000e+00
  1.160000e-02  0.000000e+00
  1.130000e-02  0.000000e+00
  1.100000e-02  0.000000e+00
  1.070000e-02  0.000000e+00
  1.040000e-02  0.000000e+00
  1.010000e-02  0.000000e+00
