  4.934820e+03  9.716500e-03
  4.806990e+03  0.000000e+00
  4.682470e+03  0.000000e+00
  4.561180e+03  0.000000e+00
  4.443030e+03  0.000000e+00
  4.327940e+03  0.000000e+00
  4.215830e+03  0.000000e+00
  4.106630e+03  0.000000e+00
  4.000250e+03  9.716500e-03
  3.896630e+03  0.000000e+00
  3.795700e+03  0.000000e+00
  3.697380e+03  0.000000e+00
  3.601600e+03  9.716500e-03
  3.508310e+03  0.000000e+00
  3.417430e+03  0.000000e+00
  3.328910e+03  9.716500e-03
  3.242680e+03  1.943300e-02
  3.158680e+03  0.000000e+00
  3.076860e+03  0.000000e+00
  2.997160e+03  1.943300e-02
  2.919530e+03  2.914950e-02
  2.843900e+03  9.716500e-03
  2.770230e+03  0.000000e+00
  2.698480e+03  0.000000e+00
  2.628580e+03  9.716500e-03
  2.560490e+03  0.000000e+00
  2.494160e+03  0.000000e+00
  2.429550e+03  2.915000e-02
  2.366620e+03  9.716500e-03
  2.305320e+03  9.716500e-03
  2.245600e+03  0.000000e+00
  2.187430e+03  9.716500e-03
  2.130770e+03  9.716500e-03
  2.075580e+03  1.943300e-02
  2.021810e+03  9.716500e-03
  1.969440e+03  4.858250e-02
  1.918430e+03  6.801550e-02
  1.868730e+03  1.943300e-02
  1.820330e+03  1.943300e-02
  1.773170e+03  1.943300e-02
  1.727240e+03  6.801550e-02
  1.682500e+03  5.829950e-02
  1.638920e+03  4.858250e-02
  1.596470e+03  4.858250e-02
  1.555110e+03  2.914950e-02
  1.514830e+03  1.165985e-01
  1.475590e+03  1.165985e-01
  1.437370e+03  1.165985e-01
  1.400140e+03  8.744900e-02
  1.363870e+03  1.166000e-01
  1.328540e+03  1.651825e-01
  1.294120e+03  6.801600e-02
  1.260600e+03  7.773250e-02
  1.227950e+03  1.068815e-01
  1.196140e+03  1.360320e-01
  1.165160e+03  1.263160e-01
  1.134980e+03  2.137665e-01
  1.105580e+03  2.040495e-01
  1.076940e+03  2.234830e-01
  1.049040e+03  2.526325e-01
  1.021870e+03  2.429165e-01
  9.953980e+02  2.526320e-01
  9.696140e+02  3.400830e-01
  9.444970e+02  3.012155e-01
  9.200320e+02  4.372485e-01
  8.962000e+02  5.246985e-01
  8.729850e+02  5.149845e-01
  8.503720e+02  3.886655e-01
  8.283450e+02  5.246985e-01
  8.068880e+02  6.704485e-01
  7.859870e+02  8.064770e-01
  7.656270e+02  8.745010e-01
  7.457950e+02  9.619505e-01
  7.264760e+02  9.716641e-01
  7.076580e+02  1.088265e+00
  6.893270e+02  1.370050e+00
  6.714710e+02  1.515800e+00
  6.540780e+02  1.389485e+00
  6.371350e+02  1.506075e+00
  6.206310e+02  2.477745e+00
  6.045550e+02  2.030780e+00
  5.888950e+02  2.662365e+00
  5.736410e+02  2.594360e+00
  5.587810e+02  2.885855e+00
  5.443070e+02  3.614595e+00
  5.302080e+02  4.246180e+00
  5.164740e+02  4.498815e+00
  5.030950e+02  5.383045e+00
  4.900630e+02  5.441345e+00
  4.773690e+02  6.383840e+00
  4.650040e+02  7.491545e+00
  4.529580e+02  7.841340e+00
  4.412250e+02  8.686660e+00
  4.297960e+02  9.464015e+00
  4.186630e+02  1.032885e+01
  4.078180e+02  1.254420e+01
  3.972540e+02  1.393370e+01
  3.869640e+02  1.576045e+01
  3.769400e+02  1.745110e+01
  3.671770e+02  1.979285e+01
  3.576650e+02  2.169735e+01
  3.484010e+02  2.455405e+01
  3.393760e+02  2.777025e+01
  3.305850e+02  3.037430e+01
  3.220220e+02  3.465930e+01
  3.136800e+02  3.854610e+01
  3.055550e+02  4.179130e+01
  2.976400e+02  4.749500e+01
  2.899300e+02  5.188700e+01
  2.824200e+02  5.927170e+01
  2.751040e+02  6.635510e+01
  2.679780e+02  7.398260e+01
  2.610370e+02  8.209585e+01
  2.542750e+02  9.143325e+01
  2.476890e+02  1.013448e+02
  2.412730e+02  1.145490e+02
  2.350230e+02  1.297465e+02
  2.289350e+02  1.446615e+02
  2.230050e+02  1.591595e+02
  2.172280e+02  1.763275e+02
  2.116010e+02  1.962670e+02
  2.061200e+02  2.160215e+02
  2.007810e+02  2.426060e+02
  1.955800e+02  2.681790e+02
  1.905140e+02  2.997095e+02
  1.855790e+02  3.384220e+02
  1.807720e+02  3.730805e+02
  1.760890e+02  4.152595e+02
  1.715280e+02  4.582865e+02
  1.670850e+02  5.092300e+02
  1.627570e+02  5.643235e+02
  1.585410e+02  6.141210e+02
  1.544340e+02  6.773865e+02
  1.504340e+02  7.416630e+02
  1.465370e+02  8.117975e+02
  1.427410e+02  8.855260e+02
  1.390440e+02  9.600245e+02
  1.354420e+02  1.040240e+03
  1.319340e+02  1.135885e+03
  1.285160e+02  1.226185e+03
  1.251870e+02  1.327270e+03
  1.219440e+02  1.431545e+03
  1.187850e+02  1.540990e+03
  1.157090e+02  1.665735e+03
  1.127110e+02  1.784970e+03
  1.097920e+02  1.930770e+03
  1.069480e+02  2.068000e+03
  1.041770e+02  2.218145e+03
  1.014790e+02  2.384315e+03
  9.885030e+01  2.544920e+03
  9.628970e+01  2.728155e+03
  9.379550e+01  2.900640e+03
  9.136590e+01  3.102660e+03
  8.899920e+01  3.294020e+03
  8.669380e+01  3.489145e+03
  8.444820e+01  3.696930e+03
  8.226070e+01  3.895550e+03
  8.012980e+01  4.116820e+03
  7.805420e+01  4.339010e+03
  7.603240e+01  4.571800e+03
  7.406290e+01  4.789370e+03
  7.214440e+01  4.991140e+03
  7.027560e+01  5.219215e+03
  6.845520e+01  5.405365e+03
  6.668200e+01  5.614740e+03
  6.495470e+01  5.770170e+03
  6.327220e+01  5.914290e+03
  6.163320e+01  6.063805e+03
  6.003670e+01  6.148875e+03
  5.848160e+01  6.248595e+03
  5.696670e+01  6.323205e+03
  5.549110e+01  6.389600e+03
  5.405370e+01  6.457740e+03
  5.265350e+01  6.521925e+03
  5.128960e+01  6.597915e+03
  4.996100e+01  6.659315e+03
  4.866690e+01  6.698525e+03
  4.740620e+01  6.749860e+03
  4.617830e+01  6.748530e+03
  4.498210e+01  6.734030e+03
  4.381690e+01  6.739245e+03
  4.268190e+01  6.738465e+03
  4.157630e+01  6.703960e+03
  4.049930e+01  6.684645e+03
  3.945030e+01  6.667225e+03
  3.842840e+01  6.664525e+03
  3.743290e+01  6.668675e+03
  3.646330e+01  6.639885e+03
  3.551880e+01  6.634265e+03
  3.459870e+01  6.613915e+03
  3.370250e+01  6.626525e+03
  3.282950e+01  6.626330e+03
  3.197910e+01  6.649315e+03
  3.115070e+01  6.673590e+03
  3.034380e+01  6.685545e+03
  2.955780e+01  6.715940e+03
  2.879220e+01  6.740760e+03
  2.804640e+01  6.795985e+03
  2.731990e+01  6.836210e+03
  2.661220e+01  6.868765e+03
  2.592290e+01  6.937650e+03
  2.525140e+01  7.003070e+03
  2.459730e+01  7.064015e+03
  2.396010e+01  7.158850e+03
  2.333950e+01  7.222710e+03
  2.273490e+01  7.301160e+03
  2.214600e+01  7.391520e+03
  2.157230e+01  7.494445e+03
  2.101350e+01  7.603320e+03
  2.046920e+01  7.709830e+03
  1.993900e+01  7.812920e+03
  1.942250e+01  7.902150e+03
  1.891940e+01  7.988040e+03
  1.842930e+01  8.082785e+03
  1.795200e+01  8.101015e+03
  1.748690e+01  8.170435e+03
  1.703400e+01  8.176375e+03
  1.659270e+01  8.184905e+03
  1.616290e+01  8.167510e+03
  1.574430e+01  8.164715e+03
  1.533640e+01  8.163650e+03
  1.493920e+01  8.149155e+03
  1.455220e+01  8.195490e+03
  1.417520e+01  8.269755e+03
  1.380800e+01  8.396275e+03
  1.345040e+01  8.558305e+03
  1.310200e+01  8.768605e+03
  1.276260e+01  8.995705e+03
  1.243200e+01  9.254766e+03
  1.211000e+01  9.517936e+03
  1.179630e+01  9.756186e+03
  1.149070e+01  1.001475e+04
  1.119310e+01  1.026465e+04
  1.090310e+01  1.050670e+04
  1.062070e+01  1.072500e+04
  1.034560e+01  1.090535e+04
  1.007760e+01  1.115045e+04
  9.816600e+00  1.134520e+04
  9.562300e+00  1.139745e+04
  9.314600e+00  1.130590e+04
  9.073300e+00  1.116790e+04
  8.838300e+00  1.082780e+04
  8.609300e+00  1.047695e+04
  8.386300e+00  1.009080e+04
  8.169100e+00  9.721270e+03
  7.957500e+00  9.421145e+03
  7.751400e+00  9.083845e+03
  7.550600e+00  8.981285e+03
  7.355000e+00  8.913555e+03
  7.164500e+00  8.858119e+03
  6.978900e+00  8.827665e+03
  6.798100e+00  8.818990e+03
  6.622000e+00  8.790279e+03
  6.450500e+00  8.876135e+03
  6.283400e+00  8.966375e+03
  6.120600e+00  8.946455e+03
  5.962100e+00  8.965705e+03
  5.807600e+00  8.940430e+03
  5.657200e+00  8.944160e+03
  5.510700e+00  9.000800e+03
  5.367900e+00  9.228250e+03
  5.228900e+00  9.151200e+03
  5.093400e+00  9.057404e+03
  4.961500e+00  8.992449e+03
  4.833000e+00  9.616340e+03
  4.707800e+00  1.048935e+04
  4.585800e+00  9.309779e+03
  4.467100e+00  9.014200e+03
  4.351300e+00  9.175105e+03
  4.238600e+00  9.429699e+03
  4.128800e+00  9.571785e+03
  4.021900e+00  1.495975e+04
  3.917700e+00  1.124895e+04
  3.816200e+00  8.751516e+03
  3.717400e+00  8.645545e+03
  3.621100e+00  8.602460e+03
  3.527300e+00  8.564040e+03
  3.435900e+00  8.493460e+03
  3.346900e+00  8.379960e+03
  3.260200e+00  8.397345e+03
  3.175800e+00  8.437585e+03
  3.093500e+00  8.267395e+03
  3.013400e+00  8.238050e+03
  2.935300e+00  8.241495e+03
  2.859300e+00  8.199725e+03
  2.785200e+00  8.311760e+03
  2.713100e+00  8.226605e+03
  2.642800e+00  8.057840e+03
  2.574300e+00  8.341295e+03
  2.507600e+00  7.946650e+03
  2.442700e+00  8.003070e+03
  2.379400e+00  8.072320e+03
  2.317800e+00  7.712700e+03
  2.257700e+00  7.396820e+03
  2.199300e+00  8.657900e+03
  2.142300e+00  7.426700e+03
  2.086800e+00  7.264675e+03
  2.032700e+00  7.465550e+03
  1.980100e+00  8.236529e+03
  1.928800e+00  6.629190e+03
  1.878800e+00  6.324020e+03
  1.830200e+00  7.634755e+03
  1.782800e+00  1.357975e+04
  1.736600e+00  7.899435e+03
  1.691600e+00  6.660145e+03
  1.647800e+00  6.498585e+03
  1.605100e+00  6.474080e+03
  1.563500e+00  6.218930e+03
  1.523000e+00  6.020240e+03
  1.483600e+00  5.908255e+03
  1.445100e+00  5.556375e+03
  1.407700e+00  5.441620e+03
  1.371200e+00  5.194665e+03
  1.335700e+00  5.321585e+03
  1.301100e+00  5.207030e+03
  1.267400e+00  4.583225e+03
  1.234600e+00  5.027785e+03
  1.202600e+00  5.393170e+03
  1.171500e+00  4.807075e+03
  1.141100e+00  5.327865e+03
  1.111600e+00  4.655250e+03
  1.082800e+00  4.546925e+03
  1.054700e+00  5.092330e+03
  1.027400e+00  4.781445e+03
  1.000800e+00  4.505395e+03
  9.749000e-01  4.455905e+03
  9.496000e-01  4.687470e+03
  9.250000e-01  4.834455e+03
  9.010000e-01  4.731790e+03
  8.777000e-01  4.874295e+03
  8.550000e-01  5.018670e+03
  8.328000e-01  4.911560e+03
  8.113000e-01  5.127340e+03
  7.902000e-01  5.151700e+03
  7.698000e-01  5.060650e+03
  7.498000e-01  5.370240e+03
  7.304000e-01  5.272320e+03
  7.115000e-01  5.185665e+03
  6.931000e-01  5.765715e+03
  6.751000e-01  8.735120e+03
  6.576000e-01  1.128760e+04
  6.406000e-01  1.222685e+04
  6.240000e-01  5.751725e+03
  6.078000e-01  5.935775e+03
  5.921000e-01  5.486650e+03
  5.767000e-01  5.341750e+03
  5.618000e-01  5.337830e+03
  5.472000e-01  5.395060e+03
  5.331000e-01  6.474895e+03
  5.193000e-01  6.473905e+03
  5.058000e-01  6.208400e+03
  4.927000e-01  5.971065e+03
  4.799000e-01  5.475255e+03
  4.675000e-01  5.193660e+03
  4.554000e-01  5.132695e+03
  4.436000e-01  5.354590e+03
  4.321000e-01  5.209595e+03
  4.209000e-01  5.117835e+03
  4.100000e-01  5.182090e+03
  3.994000e-01  7.834930e+03
  3.891000e-01  6.330910e+03
  3.790000e-01  6.190080e+03
  3.692000e-01  5.612485e+03
  3.596000e-01  5.237085e+03
  3.503000e-01  4.996390e+03
  3.412000e-01  4.682750e+03
  3.324000e-01  4.515570e+03
  3.238000e-01  4.102420e+03
  3.154000e-01  4.125465e+03
  3.072000e-01  3.996990e+03
  2.992000e-01  4.835590e+03
  2.915000e-01  4.864865e+03
  2.839000e-01  4.949995e+03
  2.766000e-01  4.101145e+03
  2.694000e-01  3.979805e+03
  2.624000e-01  3.425765e+03
  2.556000e-01  2.971930e+03
  2.490000e-01  2.625520e+03
  2.426000e-01  2.342725e+03
  2.363000e-01  2.093135e+03
  2.302000e-01  1.855400e+03
  2.242000e-01  1.655145e+03
  2.184000e-01  1.462305e+03
  2.127000e-01  1.297780e+03
  2.072000e-01  1.151270e+03
  2.019000e-01  1.008840e+03
  1.966000e-01  9.175420e+02
  1.915000e-01  8.544415e+02
  1.866000e-01  7.971440e+02
  1.817000e-01  7.328590e+02
  1.770000e-01  6.683015e+02
  1.725000e-01  6.148030e+02
  1.680000e-01  5.649460e+02
  1.636000e-01  5.122600e+02
  1.594000e-01  4.640000e+02
  1.553000e-01  4.200510e+02
  1.512000e-01  3.733730e+02
  1.473000e-01  3.213205e+02
  1.435000e-01  2.680535e+02
  1.398000e-01  2.197420e+02
  1.362000e-01  1.828380e+02
  1.326000e-01  1.516385e+02
  1.292000e-01  1.224005e+02
  1.259000e-01  1.003830e+02
  1.226000e-01  7.985146e+01
  1.194000e-01  6.435360e+01
  1.163000e-01  5.010895e+01
  1.133000e-01  3.849735e+01
  1.104000e-01  2.904310e+01
  1.075000e-01  2.201805e+01
  1.047000e-01  1.705280e+01
  1.020000e-01  1.281625e+01
  9.940000e-02  1.060085e+01
  9.680000e-02  8.618675e+00
  9.430000e-02  7.073720e+00
  9.190000e-02  5.742550e+00
  8.950000e-02  5.538495e+00
  8.720000e-02  4.547405e+00
  8.490000e-02  3.721495e+00
  8.270000e-02  3.653465e+00
  8.060000e-02  3.196795e+00
  7.850000e-02  3.080185e+00
  7.640000e-02  3.119050e+00
  7.450000e-02  3.624310e+00
  7.250000e-02  3.468855e+00
  7.070000e-02  4.012990e+00
  6.880000e-02  3.731200e+00
  6.700000e-02  4.090720e+00
  6.530000e-02  4.391925e+00
  6.360000e-02  4.401650e+00
  6.200000e-02  5.276150e+00
  6.040000e-02  6.179810e+00
  5.880000e-02  6.102070e+00
  5.730000e-02  6.617050e+00
  5.580000e-02  7.374965e+00
  5.430000e-02  7.365210e+00
  5.290000e-02  8.025925e+00
  5.160000e-02  9.133699e+00
  5.020000e-02  8.803255e+00
  4.890000e-02  9.143351e+00
  4.770000e-02  9.182255e+00
  4.640000e-02  8.764425e+00
  4.520000e-02  8.832399e+00
  4.410000e-02  9.483450e+00
  4.290000e-02  8.638075e+00
  4.180000e-02  9.211330e+00
  4.070000e-02  8.453440e+00
  3.970000e-02  8.521470e+00
  3.860000e-02  8.210545e+00
  3.760000e-02  8.492390e+00
  3.670000e-02  8.093966e+00
  3.570000e-02  8.006500e+00
  3.480000e-02  7.248630e+00
  3.390000e-02  7.394375e+00
  3.300000e-02  7.054295e+00
  3.220000e-02  7.073720e+00
  3.130000e-02  6.850245e+00
  3.050000e-02  6.102070e+00
  2.970000e-02  6.034050e+00
  2.890000e-02  5.557930e+00
  2.820000e-02  5.470465e+00
  2.750000e-02  5.178990e+00
  2.680000e-02  5.081815e+00
  2.610000e-02  4.634855e+00
  2.540000e-02  4.372500e+00
  2.470000e-02  4.294755e+00
  2.410000e-02  4.100445e+00
  2.350000e-02  3.361975e+00
  2.290000e-02  3.507720e+00
  2.230000e-02  3.177345e+00
  2.170000e-02  2.944140e+00
  2.110000e-02  2.351435e+00
  2.060000e-02  2.380580e+00
  2.000000e-02  2.400025e+00
  1.950000e-02  2.341725e+00
  1.900000e-02  1.875325e+00
  1.850000e-02  1.875325e+00
  1.800000e-02  1.739275e+00
  1.760000e-02  1.554670e+00
  1.710000e-02  1.360345e+00
  1.670000e-02  1.195150e+00
  1.630000e-02  1.360325e+00
  1.580000e-02  1.399195e+00
  1.540000e-02  1.088265e+00
  1.500000e-02  9.910945e-01
  1.460000e-02  9.036560e-01
  1.430000e-02  8.259125e-01
  1.390000e-02  7.287500e-01
  1.350000e-02  6.801620e-01
  1.320000e-02  6.121475e-01
  1.280000e-02  5.344150e-01
  1.250000e-02  5.927130e-01
  1.220000e-02  4.858325e-01
  1.190000e-02  5.829990e-01
  1.160000e-02  5.247000e-01
  1.130000e-02  3.983825e-01
  1.100000e-02  3.595160e-01
  1.070000e-02  2.040505e-01
  1.040000e-02  2.331995e-01
  1.010000e-02  4.566815e-01
