  4.934820e+03  6.559400e-03
  4.806990e+03  1.639850e-03
  4.682470e+03  0.000000e+00
  4.561180e+03  0.000000e+00
  4.443030e+03  0.000000e+00
  4.327940e+03  0.000000e+00
  4.215830e+03  1.639850e-03
  4.106630e+03  1.639850e-03
  4.000250e+03  0.000000e+00
  3.896630e+03  1.639850e-03
  3.795700e+03  0.000000e+00
  3.697380e+03  3.279700e-03
  3.601600e+03  0.000000e+00
  3.508310e+03  1.639850e-03
  3.417430e+03  0.000000e+00
  3.328910e+03  1.639850e-03
  3.242680e+03  6.559400e-03
  3.158680e+03  4.919550e-03
  3.076860e+03  3.279700e-03
  2.997160e+03  8.199300e-03
  2.919530e+03  4.919550e-03
  2.843900e+03  1.639850e-03
  2.770230e+03  3.279700e-03
  2.698480e+03  4.919550e-03
  2.628580e+03  8.199301e-03
  2.560490e+03  6.559400e-03
  2.494160e+03  4.919600e-03
  2.429550e+03  1.639850e-03
  2.366620e+03  1.311890e-02
  2.305320e+03  9.839149e-03
  2.245600e+03  8.199250e-03
  2.187430e+03  3.279700e-03
  2.130770e+03  1.803850e-02
  2.075580e+03  1.639855e-02
  2.021810e+03  1.967840e-02
  1.969440e+03  1.311880e-02
  1.918430e+03  2.787785e-02
  1.868730e+03  2.131815e-02
  1.820330e+03  1.475875e-02
  1.773170e+03  3.115740e-02
  1.727240e+03  1.475875e-02
  1.682500e+03  2.295805e-02
  1.638920e+03  2.787755e-02
  1.596470e+03  2.459795e-02
  1.555110e+03  3.607690e-02
  1.514830e+03  3.771685e-02
  1.475590e+03  4.099660e-02
  1.437370e+03  4.263660e-02
  1.400140e+03  5.083585e-02
  1.363870e+03  5.083580e-02
  1.328540e+03  5.903540e-02
  1.294120e+03  9.347275e-02
  1.260600e+03  8.035330e-02
  1.227950e+03  1.082310e-01
  1.196140e+03  1.180702e-01
  1.165160e+03  1.016715e-01
  1.134980e+03  1.361100e-01
  1.105580e+03  1.393880e-01
  1.076940e+03  1.393890e-01
  1.049040e+03  1.721865e-01
  1.021870e+03  1.607070e-01
  9.953980e+02  2.197415e-01
  9.696140e+02  2.312220e-01
  9.444970e+02  2.935345e-01
  9.200320e+02  2.771365e-01
  8.962000e+02  3.476510e-01
  8.729850e+02  3.361725e-01
  8.503720e+02  3.656905e-01
  8.283450e+02  4.952385e-01
  8.068880e+02  5.083575e-01
  7.859870e+02  5.772325e-01
  7.656270e+02  6.444660e-01
  7.457950e+02  6.854630e-01
  7.264760e+02  8.494480e-01
  7.076580e+02  9.380020e-01
  6.893270e+02  1.005234e+00
  6.714710e+02  1.162660e+00
  6.540780e+02  1.193825e+00
  6.371350e+02  1.366020e+00
  6.206310e+02  1.644790e+00
  6.045550e+02  1.710380e+00
  5.888950e+02  2.023565e+00
  5.736410e+02  2.297440e+00
  5.587810e+02  2.494240e+00
  5.443070e+02  2.902560e+00
  5.302080e+02  3.102620e+00
  5.164740e+02  3.453545e+00
  5.030950e+02  3.791380e+00
  4.900630e+02  4.478460e+00
  4.773690e+02  4.799890e+00
  4.650040e+02  5.518140e+00
  4.529580e+02  6.087175e+00
  4.412250e+02  6.813635e+00
  4.297960e+02  7.649960e+00
  4.186630e+02  8.633890e+00
  4.078180e+02  9.639145e+00
  3.972540e+02  1.061330e+01
  3.869640e+02  1.176275e+01
  3.769400e+02  1.344855e+01
  3.671770e+02  1.504575e+01
  3.576650e+02  1.683310e+01
  3.484010e+02  1.861745e+01
  3.393760e+02  2.058850e+01
  3.305850e+02  2.277930e+01
  3.220220e+02  2.570490e+01
  3.136800e+02  2.798750e+01
  3.055550e+02  3.161830e+01
  2.976400e+02  3.479300e+01
  2.899300e+02  3.864175e+01
  2.824200e+02  4.293815e+01
  2.751040e+02  4.814795e+01
  2.679780e+02  5.312995e+01
  2.610370e+02  5.861695e+01
  2.542750e+02  6.451379e+01
  2.476890e+02  7.131445e+01
  2.412730e+02  7.953835e+01
  2.350230e+02  8.788200e+01
  2.289350e+02  9.743760e+01
  2.230050e+02  1.077925e+02
  2.172280e+02  1.186470e+02
  2.116010e+02  1.306575e+02
  2.061200e+02  1.422355e+02
  2.007810e+02  1.567100e+02
  1.955800e+02  1.734725e+02
  1.905140e+02  1.916555e+02
  1.855790e+02  2.123660e+02
  1.807720e+02  2.321405e+02
  1.760890e+02  2.551275e+02
  1.715280e+02  2.796995e+02
  1.670850e+02  3.046085e+02
  1.627570e+02  3.311510e+02
  1.585410e+02  3.581150e+02
  1.544340e+02  3.868475e+02
  1.504340e+02  4.166305e+02
  1.465370e+02  4.500700e+02
  1.427410e+02  4.847185e+02
  1.390440e+02  5.211420e+02
  1.354420e+02  5.556820e+02
  1.319340e+02  5.934865e+02
  1.285160e+02  6.322915e+02
  1.251870e+02  6.720150e+02
  1.219440e+02  7.148190e+02
  1.187850e+02  7.570150e+02
  1.157090e+02  8.001125e+02
  1.127110e+02  8.468075e+02
  1.097920e+02  8.942985e+02
  1.069480e+02  9.454795e+02
  1.041770e+02  9.987055e+02
  1.014790e+02  1.047315e+03
  9.885030e+01  1.101865e+03
  9.628970e+01  1.153830e+03
  9.379550e+01  1.207100e+03
  9.136590e+01  1.262315e+03
  8.899920e+01  1.314910e+03
  8.669380e+01  1.367775e+03
  8.444820e+01  1.417795e+03
  8.226070e+01  1.473535e+03
  8.012980e+01  1.522005e+03
  7.805420e+01  1.571020e+03
  7.603240e+01  1.614130e+03
  7.406290e+01  1.658835e+03
  7.214440e+01  1.697550e+03
  7.027560e+01  1.735365e+03
  6.845520e+01  1.770475e+03
  6.668200e+01  1.792525e+03
  6.495470e+01  1.813445e+03
  6.327220e+01  1.827675e+03
  6.163320e+01  1.844195e+03
  6.003670e+01  1.845320e+03
  5.848160e+01  1.850970e+03
  5.696670e+01  1.853370e+03
  5.549110e+01  1.858265e+03
  5.405370e+01  1.856830e+03
  5.265350e+01  1.847870e+03
  5.128960e+01  1.843600e+03
  4.996100e+01  1.846125e+03
  4.866690e+01  1.827395e+03
  4.740620e+01  1.815145e+03
  4.617830e+01  1.801585e+03
  4.498210e+01  1.782665e+03
  4.381690e+01  1.785540e+03
  4.268190e+01  1.786425e+03
  4.157630e+01  1.782085e+03
  4.049930e+01  1.782540e+03
  3.945030e+01  1.779220e+03
  3.842840e+01  1.788045e+03
  3.743290e+01  1.795830e+03
  3.646330e+01  1.796330e+03
  3.551880e+01  1.806380e+03
  3.459870e+01  1.813655e+03
  3.370250e+01  1.814050e+03
  3.282950e+01  1.823570e+03
  3.197910e+01  1.828985e+03
  3.115070e+01  1.838420e+03
  3.034380e+01  1.850050e+03
  2.955780e+01  1.858460e+03
  2.879220e+01  1.868515e+03
  2.804640e+01  1.882895e+03
  2.731990e+01  1.898550e+03
  2.661220e+01  1.906080e+03
  2.592290e+01  1.922790e+03
  2.525140e+01  1.931805e+03
  2.459730e+01  1.953225e+03
  2.396010e+01  1.965865e+03
  2.333950e+01  1.985215e+03
  2.273490e+01  2.001815e+03
  2.214600e+01  2.024460e+03
  2.157230e+01  2.043900e+03
  2.101350e+01  2.067395e+03
  2.046920e+01  2.090960e+03
  1.993900e+01  2.112245e+03
  1.942250e+01  2.138525e+03
  1.891940e+01  2.159510e+03
  1.842930e+01  2.191705e+03
  1.795200e+01  2.209605e+03
  1.748690e+01  2.243105e+03
  1.703400e+01  2.261475e+03
  1.659270e+01  2.291070e+03
  1.616290e+01  2.317980e+03
  1.574430e+01  2.338190e+03
  1.533640e+01  2.359330e+03
  1.493920e+01  2.390220e+03
  1.455220e+01  2.417830e+03
  1.417520e+01  2.451160e+03
  1.380800e+01  2.468715e+03
  1.345040e+01  2.496430e+03
  1.310200e+01  2.529665e+03
  1.276260e+01  2.568265e+03
  1.243200e+01  2.613990e+03
  1.211000e+01  2.671045e+03
  1.179630e+01  2.718420e+03
  1.149070e+01  2.771885e+03
  1.119310e+01  2.825805e+03
  1.090310e+01  2.886665e+03
  1.062070e+01  2.935630e+03
  1.034560e+01  2.990000e+03
  1.007760e+01  3.046400e+03
  9.816600e+00  3.100985e+03
  9.562300e+00  3.115665e+03
  9.314600e+00  3.115155e+03
  9.073300e+00  3.115055e+03
  8.838300e+00  3.069640e+03
  8.609300e+00  3.030050e+03
  8.386300e+00  2.981430e+03
  8.169100e+00  2.937810e+03
  7.957500e+00  2.903360e+03
  7.751400e+00  2.840020e+03
  7.550600e+00  2.848510e+03
  7.355000e+00  2.850980e+03
  7.164500e+00  2.830455e+03
  6.978900e+00  2.806835e+03
  6.798100e+00  2.784690e+03
  6.622000e+00  2.765565e+03
  6.450500e+00  2.789340e+03
  6.283400e+00  2.814940e+03
  6.120600e+00  2.806975e+03
  5.962100e+00  2.791170e+03
  5.807600e+00  2.779105e+03
  5.657200e+00  2.771030e+03
  5.510700e+00  2.793610e+03
  5.367900e+00  2.874940e+03
  5.228900e+00  2.816305e+03
  5.093400e+00  2.746175e+03
  4.961500e+00  2.697335e+03
  4.833000e+00  2.928380e+03
  4.707800e+00  3.236325e+03
  4.585800e+00  2.749675e+03
  4.467100e+00  2.636995e+03
  4.351300e+00  2.680865e+03
  4.238600e+00  2.739310e+03
  4.128800e+00  2.770005e+03
  4.021900e+00  5.586755e+03
  3.917700e+00  3.829790e+03
  3.816200e+00  2.552505e+03
  3.717400e+00  2.450035e+03
  3.621100e+00  2.437310e+03
  3.527300e+00  2.429745e+03
  3.435900e+00  2.407845e+03
  3.346900e+00  2.364495e+03
  3.260200e+00  2.380280e+03
  3.175800e+00  2.445280e+03
  3.093500e+00  2.365100e+03
  3.013400e+00  2.360905e+03
  2.935300e+00  2.365255e+03
  2.859300e+00  2.359960e+03
  2.785200e+00  2.433450e+03
  2.713100e+00  2.384905e+03
  2.642800e+00  2.309980e+03
  2.574300e+00  2.543885e+03
  2.507600e+00  2.349165e+03
  2.442700e+00  2.388080e+03
  2.379400e+00  2.514745e+03
  2.317800e+00  2.330195e+03
  2.257700e+00  2.220405e+03
  2.199300e+00  2.917555e+03
  2.142300e+00  2.313305e+03
  2.086800e+00  2.270015e+03
  2.032700e+00  2.337250e+03
  1.980100e+00  2.432475e+03
  1.928800e+00  2.126740e+03
  1.878800e+00  2.096960e+03
  1.830200e+00  2.230990e+03
  1.782800e+00  2.737790e+03
  1.736600e+00  2.442135e+03
  1.691600e+00  2.382255e+03
  1.647800e+00  2.342425e+03
  1.605100e+00  2.338335e+03
  1.563500e+00  2.277010e+03
  1.523000e+00  2.252045e+03
  1.483600e+00  2.285670e+03
  1.445100e+00  2.143760e+03
  1.407700e+00  2.161305e+03
  1.371200e+00  2.062615e+03
  1.335700e+00  2.111315e+03
  1.301100e+00  2.118185e+03
  1.267400e+00  1.894470e+03
  1.234600e+00  2.107865e+03
  1.202600e+00  2.238215e+03
  1.171500e+00  1.973135e+03
  1.141100e+00  2.342630e+03
  1.111600e+00  1.976015e+03
  1.082800e+00  2.018855e+03
  1.054700e+00  2.239930e+03
  1.027400e+00  2.159045e+03
  1.000800e+00  2.122690e+03
  9.749000e-01  2.109465e+03
  9.496000e-01  2.235065e+03
  9.250000e-01  2.418035e+03
  9.010000e-01  2.287175e+03
  8.777000e-01  2.473300e+03
  8.550000e-01  2.606815e+03
  8.328000e-01  2.299000e+03
  8.113000e-01  2.634690e+03
  7.902000e-01  2.625570e+03
  7.698000e-01  2.498500e+03
  7.498000e-01  2.854655e+03
  7.304000e-01  2.651785e+03
  7.115000e-01  2.546470e+03
  6.931000e-01  2.842055e+03
  6.751000e-01  2.847705e+03
  6.576000e-01  3.328665e+03
  6.406000e-01  3.493235e+03
  6.240000e-01  3.835500e+03
  6.078000e-01  6.616535e+03
  5.921000e-01  4.828310e+03
  5.767000e-01  2.435090e+03
  5.618000e-01  2.377800e+03
  5.472000e-01  2.407265e+03
  5.331000e-01  3.681300e+03
  5.193000e-01  6.439190e+03
  5.058000e-01  5.832265e+03
  4.927000e-01  2.523995e+03
  4.799000e-01  2.114550e+03
  4.675000e-01  1.973985e+03
  4.554000e-01  2.027530e+03
  4.436000e-01  2.233580e+03
  4.321000e-01  1.798680e+03
  4.209000e-01  1.770000e+03
  4.100000e-01  1.746485e+03
  3.994000e-01  2.580155e+03
  3.891000e-01  1.708405e+03
  3.790000e-01  1.650090e+03
  3.692000e-01  1.541435e+03
  3.596000e-01  1.428525e+03
  3.503000e-01  1.313260e+03
  3.412000e-01  1.192620e+03
  3.324000e-01  1.123005e+03
  3.238000e-01  9.702560e+02
  3.154000e-01  8.932685e+02
  3.072000e-01  8.219100e+02
  2.992000e-01  7.533525e+02
  2.915000e-01  6.861150e+02
  2.839000e-01  6.199265e+02
  2.766000e-01  5.576255e+02
  2.694000e-01  5.004800e+02
  2.624000e-01  4.446620e+02
  2.556000e-01  3.954770e+02
  2.490000e-01  3.489230e+02
  2.426000e-01  3.068965e+02
  2.363000e-01  2.697650e+02
  2.302000e-01  2.371720e+02
  2.242000e-01  2.196515e+02
  2.184000e-01  1.882735e+02
  2.127000e-01  1.616325e+02
  2.072000e-01  1.382070e+02
  2.019000e-01  1.167360e+02
  1.966000e-01  1.008955e+02
  1.915000e-01  8.649625e+01
  1.866000e-01  7.405945e+01
  1.817000e-01  6.915810e+01
  1.770000e-01  5.799385e+01
  1.725000e-01  4.894990e+01
  1.680000e-01  4.236420e+01
  1.636000e-01  3.669525e+01
  1.594000e-01  3.266450e+01
  1.553000e-01  2.947985e+01
  1.512000e-01  2.654450e+01
  1.473000e-01  2.401585e+01
  1.435000e-01  2.217750e+01
  1.398000e-01  2.069330e+01
  1.362000e-01  1.929795e+01
  1.326000e-01  1.822375e+01
  1.292000e-01  1.774985e+01
  1.259000e-01  1.749405e+01
  1.226000e-01  1.697415e+01
  1.194000e-01  1.646585e+01
  1.163000e-01  1.611985e+01
  1.133000e-01  1.577715e+01
  1.104000e-01  1.559190e+01
  1.075000e-01  1.538525e+01
  1.047000e-01  1.480460e+01
  1.020000e-01  1.478330e+01
  9.940000e-02  1.435700e+01
  9.680000e-02  1.445385e+01
  9.430000e-02  1.481775e+01
  9.190000e-02  1.445710e+01
  8.950000e-02  1.427175e+01
  8.720000e-02  1.415530e+01
  8.490000e-02  1.397490e+01
  8.270000e-02  1.362235e+01
  8.060000e-02  1.387975e+01
  7.850000e-02  1.408320e+01
  7.640000e-02  1.421440e+01
  7.450000e-02  1.408160e+01
  7.250000e-02  1.437495e+01
  7.070000e-02  1.453085e+01
  6.880000e-02  1.509665e+01
  6.700000e-02  1.485065e+01
  6.530000e-02  1.462600e+01
  6.360000e-02  1.491780e+01
  6.200000e-02  1.514740e+01
  6.040000e-02  1.505890e+01
  5.880000e-02  1.503435e+01
  5.730000e-02  1.470795e+01
  5.580000e-02  1.468835e+01
  5.430000e-02  1.459470e+01
  5.290000e-02  1.458330e+01
  5.160000e-02  1.402090e+01
  5.020000e-02  1.374370e+01
  4.890000e-02  1.322545e+01
  4.770000e-02  1.260730e+01
  4.640000e-02  1.221205e+01
  4.520000e-02  1.160210e+01
  4.410000e-02  1.075415e+01
  4.290000e-02  1.037220e+01
  4.180000e-02  9.835939e+00
  4.070000e-02  9.255415e+00
  3.970000e-02  8.845415e+00
  3.860000e-02  8.233745e+00
  3.760000e-02  7.410540e+00
  3.670000e-02  6.856265e+00
  3.570000e-02  6.549615e+00
  3.480000e-02  5.836275e+00
  3.390000e-02  5.521420e+00
  3.300000e-02  4.908115e+00
  3.220000e-02  4.375160e+00
  3.130000e-02  3.973400e+00
  3.050000e-02  3.607695e+00
  2.970000e-02  3.030475e+00
  2.890000e-02  2.631995e+00
  2.820000e-02  2.492595e+00
  2.750000e-02  2.169520e+00
  2.680000e-02  1.820250e+00
  2.610000e-02  1.739900e+00
  2.540000e-02  1.484085e+00
  2.470000e-02  1.174140e+00
  2.410000e-02  1.062627e+00
  2.350000e-02  8.609255e-01
  2.290000e-02  7.559775e-01
  2.230000e-02  6.280670e-01
  2.170000e-02  5.427950e-01
  2.110000e-02  4.394840e-01
  2.060000e-02  3.804485e-01
  2.000000e-02  2.689380e-01
  1.950000e-02  2.394210e-01
  1.900000e-02  2.082635e-01
  1.850000e-02  1.705465e-01
  1.800000e-02  1.000320e-01
  1.760000e-02  9.839265e-02
  1.710000e-02  6.067530e-02
  1.670000e-02  7.379430e-02
  1.630000e-02  4.263660e-02
  1.580000e-02  2.295800e-02
  1.540000e-02  1.639860e-02
  1.500000e-02  9.839150e-03
  1.460000e-02  1.475870e-02
  1.430000e-02  1.147900e-02
  1.390000e-02  1.639850e-03
  1.350000e-02  1.639850e-03
  1.320000e-02  3.279700e-03
  1.280000e-02  0.000000e+00
  1.250000e-02  1.639850e-03
  1.220000e-02  0.000000e+00
  1.190000e-02  0.000000e+00
  1.160000e-02  1.639850e-03
  1.130000e-02  0.000000e+00
  1.100000e-02  0.000000e+00
  1.070000e-02  0.000000e+00
  1.040000e-02  0.000000e+00
  1.010000e-02  0.000000e+00
