  4.934820e+03  7.824700e-03
  4.806990e+03  1.203800e-03
  4.682470e+03  1.203800e-03
  4.561180e+03  1.805700e-03
  4.443030e+03  2.407600e-03
  4.327940e+03  1.203800e-03
  4.215830e+03  2.407600e-03
  4.106630e+03  3.009500e-03
  4.000250e+03  6.019000e-04
  3.896630e+03  6.019000e-04
  3.795700e+03  4.213300e-03
  3.697380e+03  1.203800e-03
  3.601600e+03  2.407600e-03
  3.508310e+03  4.815200e-03
  3.417430e+03  1.203800e-03
  3.328910e+03  1.805700e-03
  3.242680e+03  4.213300e-03
  3.158680e+03  4.815200e-03
  3.076860e+03  5.417100e-03
  2.997160e+03  7.222800e-03
  2.919530e+03  4.213300e-03
  2.843900e+03  7.222800e-03
  2.770230e+03  4.815200e-03
  2.698480e+03  6.620900e-03
  2.628580e+03  9.028500e-03
  2.560490e+03  1.023230e-02
  2.494160e+03  7.824700e-03
  2.429550e+03  9.630401e-03
  2.366620e+03  1.143610e-02
  2.305320e+03  1.203800e-02
  2.245600e+03  9.630400e-03
  2.187430e+03  9.630400e-03
  2.130770e+03  1.143610e-02
  2.075580e+03  1.745510e-02
  2.021810e+03  2.227030e-02
  1.969440e+03  1.926080e-02
  1.918430e+03  1.263990e-02
  1.868730e+03  1.926080e-02
  1.820330e+03  2.287220e-02
  1.773170e+03  3.009500e-02
  1.727240e+03  2.588170e-02
  1.682500e+03  3.430830e-02
  1.638920e+03  3.250260e-02
  1.596470e+03  3.731780e-02
  1.555110e+03  4.092920e-02
  1.514830e+03  4.815190e-02
  1.475590e+03  5.176340e-02
  1.437370e+03  5.417100e-02
  1.400140e+03  5.958800e-02
  1.363870e+03  6.801470e-02
  1.328540e+03  7.945080e-02
  1.294120e+03  6.681080e-02
  1.260600e+03  8.125611e-02
  1.227950e+03  9.088680e-02
  1.196140e+03  1.107490e-01
  1.165160e+03  1.203795e-01
  1.134980e+03  1.191750e-01
  1.105580e+03  1.161675e-01
  1.076940e+03  1.294085e-01
  1.049040e+03  1.637160e-01
  1.021870e+03  1.595025e-01
  9.953980e+02  1.835790e-01
  9.696140e+02  2.251100e-01
  9.444970e+02  2.317295e-01
  9.200320e+02  2.636300e-01
  8.962000e+02  2.913175e-01
  8.729850e+02  2.834930e-01
  8.503720e+02  3.557210e-01
  8.283450e+02  3.785940e-01
  8.068880e+02  4.333665e-01
  7.859870e+02  4.616560e-01
  7.656270e+02  5.080020e-01
  7.457950e+02  5.892570e-01
  7.264760e+02  6.061105e-01
  7.076580e+02  6.488455e-01
  6.893270e+02  7.896885e-01
  6.714710e+02  8.920140e-01
  6.540780e+02  1.013598e+00
  6.371350e+02  1.090040e+00
  6.206310e+02  1.187545e+00
  6.045550e+02  1.301295e+00
  5.888950e+02  1.458395e+00
  5.736410e+02  1.607070e+00
  5.587810e+02  1.745500e+00
  5.443070e+02  1.932085e+00
  5.302080e+02  2.186095e+00
  5.164740e+02  2.345590e+00
  5.030950e+02  2.591765e+00
  4.900630e+02  2.973980e+00
  4.773690e+02  3.216540e+00
  4.650040e+02  3.530125e+00
  4.529580e+02  3.933395e+00
  4.412250e+02  4.449230e+00
  4.297960e+02  4.850090e+00
  4.186630e+02  5.324985e+00
  4.078180e+02  5.684915e+00
  3.972540e+02  6.365665e+00
  3.869640e+02  6.916400e+00
  3.769400e+02  7.658540e+00
  3.671770e+02  8.457255e+00
  3.576650e+02  9.265620e+00
  3.484010e+02  1.024195e+01
  3.393760e+02  1.115010e+01
  3.305850e+02  1.242795e+01
  3.220220e+02  1.338740e+01
  3.136800e+02  1.453995e+01
  3.055550e+02  1.576130e+01
  2.976400e+02  1.726655e+01
  2.899300e+02  1.901035e+01
  2.824200e+02  2.071785e+01
  2.751040e+02  2.245990e+01
  2.679780e+02  2.430985e+01
  2.610370e+02  2.665385e+01
  2.542750e+02  2.869550e+01
  2.476890e+02  3.103495e+01
  2.412730e+02  3.376585e+01
  2.350230e+02  3.682825e+01
  2.289350e+02  3.959940e+01
  2.230050e+02  4.318920e+01
  2.172280e+02  4.595955e+01
  2.116010e+02  5.010070e+01
  2.061200e+02  5.361455e+01
  2.007810e+02  5.769365e+01
  1.955800e+02  6.215425e+01
  1.905140e+02  6.713195e+01
  1.855790e+02  7.248045e+01
  1.807720e+02  7.826595e+01
  1.760890e+02  8.318405e+01
  1.715280e+02  8.905905e+01
  1.670850e+02  9.431255e+01
  1.627570e+02  1.001107e+02
  1.585410e+02  1.062880e+02
  1.544340e+02  1.115345e+02
  1.504340e+02  1.174300e+02
  1.465370e+02  1.240055e+02
  1.427410e+02  1.298100e+02
  1.390440e+02  1.363355e+02
  1.354420e+02  1.416010e+02
  1.319340e+02  1.472610e+02
  1.285160e+02  1.533260e+02
  1.251870e+02  1.591860e+02
  1.219440e+02  1.651580e+02
  1.187850e+02  1.711810e+02
  1.157090e+02  1.770300e+02
  1.127110e+02  1.831200e+02
  1.097920e+02  1.894565e+02
  1.069480e+02  1.963440e+02
  1.041770e+02  2.022325e+02
  1.014790e+02  2.096475e+02
  9.885030e+01  2.165180e+02
  9.628970e+01  2.234145e+02
  9.379550e+01  2.299980e+02
  9.136590e+01  2.371750e+02
  8.899920e+01  2.444940e+02
  8.669380e+01  2.513180e+02
  8.444820e+01  2.581580e+02
  8.226070e+01  2.661040e+02
  8.012980e+01  2.729205e+02
  7.805420e+01  2.812180e+02
  7.603240e+01  2.893845e+02
  7.406290e+01  2.968005e+02
  7.214440e+01  3.049290e+02
  7.027560e+01  3.122585e+02
  6.845520e+01  3.197575e+02
  6.668200e+01  3.280555e+02
  6.495470e+01  3.336255e+02
  6.327220e+01  3.375010e+02
  6.163320e+01  3.393165e+02
  6.003670e+01  3.408165e+02
  5.848160e+01  3.415050e+02
  5.696670e+01  3.405555e+02
  5.549110e+01  3.408780e+02
  5.405370e+01  3.420790e+02
  5.265350e+01  3.429580e+02
  5.128960e+01  3.432190e+02
  4.996100e+01  3.448710e+02
  4.866690e+01  3.444810e+02
  4.740620e+01  3.425520e+02
  4.617830e+01  3.406970e+02
  4.498210e+01  3.345015e+02
  4.381690e+01  3.283445e+02
  4.268190e+01  3.212855e+02
  4.157630e+01  3.137385e+02
  4.049930e+01  3.054280e+02
  3.945030e+01  2.971600e+02
  3.842840e+01  2.901780e+02
  3.743290e+01  2.831420e+02
  3.646330e+01  2.764910e+02
  3.551880e+01  2.686215e+02
  3.459870e+01  2.615260e+02
  3.370250e+01  2.542055e+02
  3.282950e+01  2.480945e+02
  3.197910e+01  2.397260e+02
  3.115070e+01  2.334925e+02
  3.034380e+01  2.269155e+02
  2.955780e+01  2.200260e+02
  2.879220e+01  2.116605e+02
  2.804640e+01  2.038340e+02
  2.731990e+01  1.968380e+02
  2.661220e+01  1.890595e+02
  2.592290e+01  1.815530e+02
  2.525140e+01  1.738230e+02
  2.459730e+01  1.658575e+02
  2.396010e+01  1.582550e+02
  2.333950e+01  1.497250e+02
  2.273490e+01  1.416755e+02
  2.214600e+01  1.331330e+02
  2.157230e+01  1.239605e+02
  2.101350e+01  1.148990e+02
  2.046920e+01  1.070265e+02
  1.993900e+01  9.872145e+01
  1.942250e+01  9.151135e+01
  1.891940e+01  8.487476e+01
  1.842930e+01  8.138914e+01
  1.795200e+01  7.892555e+01
  1.748690e+01  7.864045e+01
  1.703400e+01  7.846215e+01
  1.659270e+01  7.995115e+01
  1.616290e+01  8.269775e+01
  1.574430e+01  8.415015e+01
  1.533640e+01  8.521115e+01
  1.493920e+01  8.614165e+01
  1.455220e+01  8.491090e+01
  1.417520e+01  8.080840e+01
  1.380800e+01  7.266100e+01
  1.345040e+01  6.214530e+01
  1.310200e+01  5.107520e+01
  1.276260e+01  4.050400e+01
  1.243200e+01  3.129075e+01
  1.211000e+01  2.377430e+01
  1.179630e+01  1.755440e+01
  1.149070e+01  1.300385e+01
  1.119310e+01  1.044535e+01
  1.090310e+01  8.374195e+00
  1.062070e+01  6.953715e+00
  1.034560e+01  5.659635e+00
  1.007760e+01  4.394455e+00
  9.816600e+00  3.451275e+00
  9.562300e+00  2.633295e+00
  9.314600e+00  2.919200e+00
  9.073300e+00  4.359540e+00
  8.838300e+00  6.321725e+00
  8.609300e+00  9.958405e+00
  8.386300e+00  1.490610e+01
  8.169100e+00  2.225630e+01
  7.957500e+00  3.127755e+01
  7.751400e+00  3.724490e+01
  7.550600e+00  4.544810e+01
  7.355000e+00  4.662475e+01
  7.164500e+00  4.424130e+01
  6.978900e+00  4.164285e+01
  6.798100e+00  3.760715e+01
  6.622000e+00  3.403610e+01
  6.450500e+00  3.172365e+01
  6.283400e+00  2.888560e+01
  6.120600e+00  2.572265e+01
  5.962100e+00  2.342335e+01
  5.807600e+00  2.211250e+01
  5.657200e+00  2.085630e+01
  5.510700e+00  1.996920e+01
  5.367900e+00  1.909575e+01
  5.228900e+00  1.668150e+01
  5.093400e+00  1.447850e+01
  4.961500e+00  1.247075e+01
  4.833000e+00  1.228835e+01
  4.707800e+00  1.255015e+01
  4.585800e+00  8.368179e+00
  4.467100e+00  6.998855e+00
  4.351300e+00  6.378905e+00
  4.238600e+00  5.972625e+00
  4.128800e+00  5.507960e+00
  4.021900e+00  1.064805e+01
  3.917700e+00  6.467990e+00
  3.816200e+00  3.366400e+00
  3.717400e+00  2.815070e+00
  3.621100e+00  2.439500e+00
  3.527300e+00  2.136130e+00
  3.435900e+00  1.850240e+00
  3.346900e+00  1.472245e+00
  3.260200e+00  1.082835e+00
  3.175800e+00  7.240820e-01
  3.093500e+00  4.141060e-01
  3.013400e+00  3.370625e-01
  2.935300e+00  3.984565e-01
  2.859300e+00  5.501350e-01
  2.785200e+00  7.668165e-01
  2.713100e+00  9.949321e-01
  2.642800e+00  9.810885e-01
  2.574300e+00  1.041895e+00
  2.507600e+00  8.932155e-01
  2.442700e+00  8.643265e-01
  2.379400e+00  8.775665e-01
  2.317800e+00  7.421390e-01
  2.257700e+00  6.825510e-01
  2.199300e+00  9.570130e-01
  2.142300e+00  6.518545e-01
  2.086800e+00  6.446310e-01
  2.032700e+00  6.157405e-01
  1.980100e+00  6.867635e-01
  1.928800e+00  5.037875e-01
  1.878800e+00  4.767030e-01
  1.830200e+00  5.615705e-01
  1.782800e+00  1.073790e+00
  1.736600e+00  6.031010e-01
  1.691600e+00  4.887410e-01
  1.647800e+00  4.839255e-01
  1.605100e+00  4.219305e-01
  1.563500e+00  4.104935e-01
  1.523000e+00  4.147065e-01
  1.483600e+00  4.056790e-01
  1.445100e+00  4.219305e-01
  1.407700e+00  3.900295e-01
  1.371200e+00  3.966500e-01
  1.335700e+00  3.695645e-01
  1.301100e+00  3.563230e-01
  1.267400e+00  3.171990e-01
  1.234600e+00  3.424785e-01
  1.202600e+00  3.942425e-01
  1.171500e+00  3.123840e-01
  1.141100e+00  3.623425e-01
  1.111600e+00  3.274320e-01
  1.082800e+00  3.063645e-01
  1.054700e+00  3.822055e-01
  1.027400e+00  3.406725e-01
  1.000800e+00  3.238205e-01
  9.749000e-01  3.232175e-01
  9.496000e-01  3.497025e-01
  9.250000e-01  3.707685e-01
  9.010000e-01  3.376630e-01
  8.777000e-01  3.779905e-01
  8.550000e-01  4.038730e-01
  8.328000e-01  3.791945e-01
  8.113000e-01  3.930380e-01
  7.902000e-01  4.110960e-01
  7.698000e-01  3.966500e-01
  7.498000e-01  4.207270e-01
  7.304000e-01  4.177160e-01
  7.115000e-01  3.870195e-01
  6.931000e-01  4.640620e-01
  6.751000e-01  5.429125e-01
  6.576000e-01  7.914940e-01
  6.406000e-01  7.349165e-01
  6.240000e-01  4.706850e-01
  6.078000e-01  6.663010e-01
  5.921000e-01  5.266600e-01
  5.767000e-01  3.942425e-01
  5.618000e-01  3.713700e-01
  5.472000e-01  3.575265e-01
  5.331000e-01  4.839255e-01
  5.193000e-01  6.663010e-01
  5.058000e-01  6.169450e-01
  4.927000e-01  4.074845e-01
  4.799000e-01  3.256265e-01
  4.675000e-01  2.943280e-01
  4.554000e-01  2.961335e-01
  4.436000e-01  2.937260e-01
  4.321000e-01  2.546025e-01
  4.209000e-01  2.323340e-01
  4.100000e-01  2.630280e-01
  3.994000e-01  3.773885e-01
  3.891000e-01  2.564080e-01
  3.790000e-01  2.509910e-01
  3.692000e-01  2.371480e-01
  3.596000e-01  2.100620e-01
  3.503000e-01  1.962190e-01
  3.412000e-01  1.631150e-01
  3.324000e-01  1.558915e-01
  3.238000e-01  1.522805e-01
  3.154000e-01  1.263995e-01
  3.072000e-01  1.131570e-01
  2.992000e-01  1.179725e-01
  2.915000e-01  1.053326e-01
  2.839000e-01  9.750760e-02
  2.766000e-01  9.329461e-02
  2.694000e-01  7.463560e-02
  2.624000e-01  6.681080e-02
  2.556000e-01  4.935570e-02
  2.490000e-01  4.935580e-02
  2.426000e-01  4.995760e-02
  2.363000e-01  3.852160e-02
  2.302000e-01  3.009500e-02
  2.242000e-01  3.069690e-02
  2.184000e-01  2.046460e-02
  2.127000e-01  1.504750e-02
  2.072000e-01  1.083420e-02
  2.019000e-01  1.324180e-02
  1.966000e-01  7.222800e-03
  1.915000e-01  9.028500e-03
  1.866000e-01  1.263990e-02
  1.817000e-01  9.630400e-03
  1.770000e-01  3.009500e-03
  1.725000e-01  6.620900e-03
  1.680000e-01  6.620900e-03
  1.636000e-01  4.815200e-03
  1.594000e-01  5.417100e-03
  1.553000e-01  3.611400e-03
  1.512000e-01  5.417100e-03
  1.473000e-01  6.019000e-04
  1.435000e-01  4.815200e-03
  1.398000e-01  0.000000e+00
  1.362000e-01  1.203800e-03
  1.326000e-01  2.407600e-03
  1.292000e-01  2.407600e-03
  1.259000e-01  2.407600e-03
  1.226000e-01  2.407600e-03
  1.194000e-01  0.000000e+00
  1.163000e-01  1.805700e-03
  1.133000e-01  1.805700e-03
  1.104000e-01  1.203800e-03
  1.075000e-01  2.407600e-03
  1.047000e-01  3.009500e-03
  1.020000e-01  4.213300e-03
  9.940000e-02  6.019000e-04
  9.680000e-02  3.009500e-03
  9.430000e-02  3.009500e-03
  9.190000e-02  2.407600e-03
  8.950000e-02  6.019000e-04
  8.720000e-02  3.009500e-03
  8.490000e-02  2.407600e-03
  8.270000e-02  3.009500e-03
  8.060000e-02  3.009500e-03
  7.850000e-02  2.407600e-03
  7.640000e-02  3.009500e-03
  7.450000e-02  6.019000e-04
  7.250000e-02  4.213300e-03
  7.070000e-02  1.203800e-03
  6.880000e-02  6.019000e-04
  6.700000e-02  1.203800e-03
  6.530000e-02  2.407600e-03
  6.360000e-02  0.000000e+00
  6.200000e-02  1.203800e-03
  6.040000e-02  6.019000e-04
  5.880000e-02  6.019000e-04
  5.730000e-02  6.019000e-04
  5.580000e-02  2.407600e-03
  5.430000e-02  6.019000e-04
  5.290000e-02  6.019000e-04
  5.160000e-02  6.019000e-04
  5.020000e-02  1.203800e-03
  4.890000e-02  6.019000e-04
  4.770000e-02  1.203800e-03
  4.640000e-02  6.019000e-04
  4.520000e-02  6.019000e-04
  4.410000e-02  1.805700e-03
  4.290000e-02  2.407600e-03
  4.180000e-02  1.203800e-03
  4.070000e-02  1.805700e-03
  3.970000e-02  6.019000e-04
  3.860000e-02  6.019000e-04
  3.760000e-02  0.000000e+00
  3.670000e-02  0.000000e+00
  3.570000e-02  6.019000e-04
  3.480000e-02  1.203800e-03
  3.390000e-02  6.019000e-04
  3.300000e-02  0.000000e+00
  3.220000e-02  0.000000e+00
  3.130000e-02  6.019000e-04
  3.050000e-02  6.019000e-04
  2.970000e-02  0.000000e+00
  2.890000e-02  6.019000e-04
  2.820000e-02  0.000000e+00
  2.750000e-02  0.000000e+00
  2.680000e-02  6.019000e-04
  2.610000e-02  0.000000e+00
  2.540000e-02  0.000000e+00
  2.470000e-02  0.000000e+00
  2.410000e-02  0.000000e+00
  2.350000e-02  0.000000e+00
  2.290000e-02  6.019000e-04
  2.230000e-02  0.000000e+00
  2.170000e-02  0.000000e+00
  2.110000e-02  0.000000e+00
  2.060000e-02  0.000000e+00
  2.000000e-02  0.000000e+00
  1.950000e-02  0.000000e+00
  1.900000e-02  0.000000e+00
  1.850000e-02  0.000000e+00
  1.800000e-02  0.000000e+00
  1.760000e-02  0.000000e+00
  1.710000e-02  0.000000e+00
  1.670000e-02  0.000000e+00
  1.630000e-02  0.000000e+00
  1.580000e-02  0.000000e+00
  1.540000e-02  0.000000e+00
  1.500000e-02  0.000000e+00
  1.460000e-02  0.000000e+00
  1.430000e-02  0.000000e+00
  1.390000e-02  0.000000e+00
  1.350000e-02  0.000000e+00
  1.320000e-02  0.000000e+00
  1.280000e-02  0.000000e+00
  1.250000e-02  0.000000e+00
  1.220000e-02  0.000000e+00
  1.190000e-02  0.000000e+00
  1.160000e-02  0.000000e+00
  1.130000e-02  0.000000e+00
  1.100000e-02  0.000000e+00
  1.070000e-02  0.000000e+00
  1.040000e-02  0.000000e+00
  1.010000e-02  1.203800e-03
