  4.934820e+03  4.539000e-03
  4.806990e+03  3.026000e-04
  4.682470e+03  6.052000e-04
  4.561180e+03  3.026000e-04
  4.443030e+03  3.026000e-04
  4.327940e+03  3.026000e-04
  4.215830e+03  0.000000e+00
  4.106630e+03  3.026000e-04
  4.000250e+03  1.513000e-03
  3.896630e+03  3.026000e-04
  3.795700e+03  9.078000e-04
  3.697380e+03  9.078000e-04
  3.601600e+03  6.052000e-04
  3.508310e+03  3.026000e-04
  3.417430e+03  6.052000e-04
  3.328910e+03  1.513000e-03
  3.242680e+03  1.513000e-03
  3.158680e+03  1.815600e-03
  3.076860e+03  1.210400e-03
  2.997160e+03  2.723400e-03
  2.919530e+03  3.026000e-03
  2.843900e+03  2.420800e-03
  2.770230e+03  3.328600e-03
  2.698480e+03  5.446800e-03
  2.628580e+03  2.118200e-03
  2.560490e+03  5.144200e-03
  2.494160e+03  4.236400e-03
  2.429550e+03  3.933800e-03
  2.366620e+03  5.446800e-03
  2.305320e+03  7.262400e-03
  2.245600e+03  8.170200e-03
  2.187430e+03  9.078000e-03
  2.130770e+03  8.775400e-03
  2.075580e+03  1.331440e-02
  2.021810e+03  1.452480e-02
  1.969440e+03  1.270920e-02
  1.918430e+03  1.391960e-02
  1.868730e+03  1.724820e-02
  1.820330e+03  1.270920e-02
  1.773170e+03  2.511580e-02
  1.727240e+03  2.118200e-02
  1.682500e+03  2.269500e-02
  1.638920e+03  2.723400e-02
  1.596470e+03  2.874700e-02
  1.555110e+03  3.268080e-02
  1.514830e+03  4.236400e-02
  1.475590e+03  3.964060e-02
  1.437370e+03  4.811345e-02
  1.400140e+03  5.507320e-02
  1.363870e+03  5.900705e-02
  1.328540e+03  6.445380e-02
  1.294120e+03  7.292615e-02
  1.260600e+03  7.565010e-02
  1.227950e+03  7.686080e-02
  1.196140e+03  9.168825e-02
  1.165160e+03  1.004626e-01
  1.134980e+03  1.056075e-01
  1.105580e+03  1.213425e-01
  1.076940e+03  1.358670e-01
  1.049040e+03  1.579575e-01
  1.021870e+03  1.561420e-01
  9.953980e+02  1.812575e-01
  9.696140e+02  1.997185e-01
  9.444970e+02  2.378455e-01
  9.200320e+02  2.556995e-01
  8.962000e+02  2.871690e-01
  8.729850e+02  3.361910e-01
  8.503720e+02  3.794625e-01
  8.283450e+02  4.227350e-01
  8.068880e+02  4.835570e-01
  7.859870e+02  4.953595e-01
  7.656270e+02  6.300165e-01
  7.457950e+02  6.799455e-01
  7.264760e+02  7.437950e-01
  7.076580e+02  8.720970e-01
  6.893270e+02  9.504675e-01
  6.714710e+02  1.090880e+00
  6.540780e+02  1.221605e+00
  6.371350e+02  1.368360e+00
  6.206310e+02  1.552045e+00
  6.045550e+02  1.735120e+00
  5.888950e+02  1.964485e+00
  5.736410e+02  2.179040e+00
  5.587810e+02  2.426860e+00
  5.443070e+02  2.704955e+00
  5.302080e+02  3.051430e+00
  5.164740e+02  3.349510e+00
  5.030950e+02  3.750145e+00
  4.900630e+02  4.197095e+00
  4.773690e+02  4.676415e+00
  4.650040e+02  5.288265e+00
  4.529580e+02  5.846870e+00
  4.412250e+02  6.489900e+00
  4.297960e+02  7.196770e+00
  4.186630e+02  8.107005e+00
  4.078180e+02  8.855340e+00
  3.972540e+02  9.893860e+00
  3.869640e+02  1.093090e+01
  3.769400e+02  1.228295e+01
  3.671770e+02  1.368560e+01
  3.576650e+02  1.511430e+01
  3.484010e+02  1.682475e+01
  3.393760e+02  1.866375e+01
  3.305850e+02  2.050305e+01
  3.220220e+02  2.262295e+01
  3.136800e+02  2.463030e+01
  3.055550e+02  2.738855e+01
  2.976400e+02  3.010100e+01
  2.899300e+02  3.305590e+01
  2.824200e+02  3.624105e+01
  2.751040e+02  3.996860e+01
  2.679780e+02  4.379675e+01
  2.610370e+02  4.803380e+01
  2.542750e+02  5.245535e+01
  2.476890e+02  5.746560e+01
  2.412730e+02  6.315605e+01
  2.350230e+02  6.917640e+01
  2.289350e+02  7.553470e+01
  2.230050e+02  8.269410e+01
  2.172280e+02  8.981995e+01
  2.116010e+02  9.725440e+01
  2.061200e+02  1.052440e+02
  2.007810e+02  1.140945e+02
  1.955800e+02  1.240315e+02
  1.905140e+02  1.348520e+02
  1.855790e+02  1.464000e+02
  1.807720e+02  1.579245e+02
  1.760890e+02  1.701730e+02
  1.715280e+02  1.823065e+02
  1.670850e+02  1.949020e+02
  1.627570e+02  2.074935e+02
  1.585410e+02  2.199285e+02
  1.544340e+02  2.327325e+02
  1.504340e+02  2.462375e+02
  1.465370e+02  2.587285e+02
  1.427410e+02  2.717630e+02
  1.390440e+02  2.846755e+02
  1.354420e+02  2.968135e+02
  1.319340e+02  3.087610e+02
  1.285160e+02  3.191680e+02
  1.251870e+02  3.305295e+02
  1.219440e+02  3.409420e+02
  1.187850e+02  3.503415e+02
  1.157090e+02  3.597140e+02
  1.127110e+02  3.676525e+02
  1.097920e+02  3.743710e+02
  1.069480e+02  3.805155e+02
  1.041770e+02  3.845990e+02
  1.014790e+02  3.872845e+02
  9.885030e+01  3.890370e+02
  9.628970e+01  3.891095e+02
  9.379550e+01  3.864425e+02
  9.136590e+01  3.821440e+02
  8.899920e+01  3.765300e+02
  8.669380e+01  3.681835e+02
  8.444820e+01  3.580610e+02
  8.226070e+01  3.458470e+02
  8.012980e+01  3.314060e+02
  7.805420e+01  3.147100e+02
  7.603240e+01  2.966485e+02
  7.406290e+01  2.765140e+02
  7.214440e+01  2.570140e+02
  7.027560e+01  2.359905e+02
  6.845520e+01  2.134025e+02
  6.668200e+01  1.907995e+02
  6.495470e+01  1.696075e+02
  6.327220e+01  1.514405e+02
  6.163320e+01  1.345885e+02
  6.003670e+01  1.182565e+02
  5.848160e+01  1.053710e+02
  5.696670e+01  9.267905e+01
  5.549110e+01  8.116740e+01
  5.405370e+01  6.836549e+01
  5.265350e+01  5.571710e+01
  5.128960e+01  4.520240e+01
  4.996100e+01  3.611195e+01
  4.866690e+01  2.751030e+01
  4.740620e+01  2.051375e+01
  4.617830e+01  1.514495e+01
  4.498210e+01  1.123790e+01
  4.381690e+01  9.037505e+00
  4.268190e+01  7.407090e+00
  4.157630e+01  6.004220e+00
  4.049930e+01  4.760530e+00
  3.945030e+01  3.929280e+00
  3.842840e+01  3.318330e+00
  3.743290e+01  2.714030e+00
  3.646330e+01  2.241060e+00
  3.551880e+01  1.913955e+00
  3.459870e+01  1.516935e+00
  3.370250e+01  1.182570e+00
  3.282950e+01  9.419960e-01
  3.197910e+01  6.956815e-01
  3.115070e+01  5.283435e-01
  3.034380e+01  4.218260e-01
  2.955780e+01  2.886820e-01
  2.879220e+01  2.148470e-01
  2.804640e+01  1.600760e-01
  2.731990e+01  1.140815e-01
  2.661220e+01  7.262425e-02
  2.592290e+01  4.508740e-02
  2.525140e+01  3.237820e-02
  2.459730e+01  1.936640e-02
  2.396010e+01  1.149880e-02
  2.333950e+01  7.262400e-03
  2.273490e+01  4.539000e-03
  2.214600e+01  3.631200e-03
  2.157230e+01  2.118200e-03
  2.101350e+01  9.078000e-04
  2.046920e+01  6.052000e-04
  1.993900e+01  6.052000e-04
  1.942250e+01  0.000000e+00
  1.891940e+01  0.000000e+00
  1.842930e+01  0.000000e+00
  1.795200e+01  0.000000e+00
  1.748690e+01  6.052000e-04
  1.703400e+01  3.026000e-04
  1.659270e+01  0.000000e+00
  1.616290e+01  0.000000e+00
  1.574430e+01  0.000000e+00
  1.533640e+01  0.000000e+00
  1.493920e+01  0.000000e+00
  1.455220e+01  0.000000e+00
  1.417520e+01  0.000000e+00
  1.380800e+01  0.000000e+00
  1.345040e+01  0.000000e+00
  1.310200e+01  0.000000e+00
  1.276260e+01  0.000000e+00
  1.243200e+01  0.000000e+00
  1.211000e+01  0.000000e+00
  1.179630e+01  0.000000e+00
  1.149070e+01  0.000000e+00
  1.119310e+01  0.000000e+00
  1.090310e+01  0.000000e+00
  1.062070e+01  0.000000e+00
  1.034560e+01  0.000000e+00
  1.007760e+01  0.000000e+00
  9.816600e+00  0.000000e+00
  9.562300e+00  0.000000e+00
  9.314600e+00  0.000000e+00
  9.073300e+00  0.000000e+00
  8.838300e+00  0.000000e+00
  8.609300e+00  0.000000e+00
  8.386300e+00  0.000000e+00
  8.169100e+00  0.000000e+00
  7.957500e+00  0.000000e+00
  7.751400e+00  6.052000e-04
  7.550600e+00  3.026000e-04
  7.355000e+00  0.000000e+00
  7.164500e+00  0.000000e+00
  6.978900e+00  3.026000e-04
  6.798100e+00  3.026000e-04
  6.622000e+00  0.000000e+00
  6.450500e+00  0.000000e+00
  6.283400e+00  0.000000e+00
  6.120600e+00  6.052000e-04
  5.962100e+00  0.000000e+00
  5.807600e+00  3.026000e-04
  5.657200e+00  6.052000e-04
  5.510700e+00  9.078000e-04
  5.367900e+00  6.052000e-04
  5.228900e+00  6.052000e-04
  5.093400e+00  0.000000e+00
  4.961500e+00  0.000000e+00
  4.833000e+00  3.026000e-04
  4.707800e+00  0.000000e+00
  4.585800e+00  6.052000e-04
  4.467100e+00  0.000000e+00
  4.351300e+00  3.026000e-04
  4.238600e+00  0.000000e+00
  4.128800e+00  3.026000e-04
  4.021900e+00  3.026000e-04
  3.917700e+00  6.052000e-04
  3.816200e+00  3.026000e-04
  3.717400e+00  3.026000e-04
  3.621100e+00  0.000000e+00
  3.527300e+00  0.000000e+00
  3.435900e+00  0.000000e+00
  3.346900e+00  0.000000e+00
  3.260200e+00  0.000000e+00
  3.175800e+00  0.000000e+00
  3.093500e+00  0.000000e+00
  3.013400e+00  6.052000e-04
  2.935300e+00  0.000000e+00
  2.859300e+00  3.026000e-04
  2.785200e+00  0.000000e+00
  2.713100e+00  0.000000e+00
  2.642800e+00  0.000000e+00
  2.574300e+00  6.052000e-04
  2.507600e+00  3.026000e-04
  2.442700e+00  6.052000e-04
  2.379400e+00  6.052000e-04
  2.317800e+00  0.000000e+00
  2.257700e+00  0.000000e+00
  2.199300e+00  0.000000e+00
  2.142300e+00  0.000000e+00
  2.086800e+00  0.000000e+00
  2.032700e+00  0.000000e+00
  1.980100e+00  0.000000e+00
  1.928800e+00  0.000000e+00
  1.878800e+00  0.000000e+00
  1.830200e+00  0.000000e+00
  1.782800e+00  0.000000e+00
  1.736600e+00  0.000000e+00
  1.691600e+00  3.026000e-04
  1.647800e+00  0.000000e+00
  1.605100e+00  3.026000e-04
  1.563500e+00  0.000000e+00
  1.523000e+00  0.000000e+00
  1.483600e+00  0.000000e+00
  1.445100e+00  0.000000e+00
  1.407700e+00  0.000000e+00
  1.371200e+00  0.000000e+00
  1.335700e+00  0.000000e+00
  1.301100e+00  0.000000e+00
  1.267400e+00  0.000000e+00
  1.234600e+00  0.000000e+00
  1.202600e+00  3.026000e-04
  1.171500e+00  0.000000e+00
  1.141100e+00  0.000000e+00
  1.111600e+00  0.000000e+00
  1.082800e+00  0.000000e+00
  1.054700e+00  0.000000e+00
  1.027400e+00  0.000000e+00
  1.000800e+00  0.000000e+00
  9.749000e-01  3.026000e-04
  9.496000e-01  0.000000e+00
  9.250000e-01  3.026000e-04
  9.010000e-01  0.000000e+00
  8.777000e-01  0.000000e+00
  8.550000e-01  0.000000e+00
  8.328000e-01  0.000000e+00
  8.113000e-01  0.000000e+00
  7.902000e-01  0.000000e+00
  7.698000e-01  0.000000e+00
  7.498000e-01  0.000000e+00
  7.304000e-01  3.026000e-04
  7.115000e-01  0.000000e+00
  6.931000e-01  0.000000e+00
  6.751000e-01  0.000000e+00
  6.576000e-01  0.000000e+00
  6.406000e-01  0.000000e+00
  6.240000e-01  0.000000e+00
  6.078000e-01  0.000000e+00
  5.921000e-01  0.000000e+00
  5.767000e-01  0.000000e+00
  5.618000e-01  0.000000e+00
  5.472000e-01  0.000000e+00
  5.331000e-01  0.000000e+00
  5.193000e-01  6.052000e-04
  5.058000e-01  0.000000e+00
  4.927000e-01  3.026000e-04
  4.799000e-01  0.000000e+00
  4.675000e-01  0.000000e+00
  4.554000e-01  0.000000e+00
  4.436000e-01  3.026000e-04
  4.321000e-01  0.000000e+00
  4.209000e-01  0.000000e+00
  4.100000e-01  0.000000e+00
  3.994000e-01  0.000000e+00
  3.891000e-01  0.000000e+00
  3.790000e-01  3.026000e-04
  3.692000e-01  0.000000e+00
  3.596000e-01  0.000000e+00
  3.503000e-01  0.000000e+00
  3.412000e-01  0.000000e+00
  3.324000e-01  0.000000e+00
  3.238000e-01  0.000000e+00
  3.154000e-01  0.000000e+00
  3.072000e-01  0.000000e+00
  2.992000e-01  0.000000e+00
  2.915000e-01  0.000000e+00
  2.839000e-01  0.000000e+00
  2.766000e-01  0.000000e+00
  2.694000e-01  0.000000e+00
  2.624000e-01  0.000000e+00
  2.556000e-01  0.000000e+00
  2.490000e-01  0.000000e+00
  2.426000e-01  0.000000e+00
  2.363000e-01  0.000000e+00
  2.302000e-01  0.000000e+00
  2.242000e-01  0.000000e+00
  2.184000e-01  0.000000e+00
  2.127000e-01  0.000000e+00
  2.072000e-01  0.000000e+00
  2.019000e-01  0.000000e+00
  1.966000e-01  0.000000e+00
  1.915000e-01  0.000000e+00
  1.866000e-01  0.000000e+00
  1.817000e-01  0.000000e+00
  1.770000e-01  0.000000e+00
  1.725000e-01  0.000000e+00
  1.680000e-01  0.000000e+00
  1.636000e-01  0.000000e+00
  1.594000e-01  0.000000e+00
  1.553000e-01  0.000000e+00
  1.512000e-01  0.000000e+00
  1.473000e-01  0.000000e+00
  1.435000e-01  0.000000e+00
  1.398000e-01  0.000000e+00
  1.362000e-01  0.000000e+00
  1.326000e-01  0.000000e+00
  1.292000e-01  0.000000e+00
  1.259000e-01  0.000000e+00
  1.226000e-01  0.000000e+00
  1.194000e-01  0.000000e+00
  1.163000e-01  0.000000e+00
  1.133000e-01  0.000000e+00
  1.104000e-01  0.000000e+00
  1.075000e-01  0.000000e+00
  1.047000e-01  0.000000e+00
  1.020000e-01  0.000000e+00
  9.940000e-02  0.000000e+00
  9.680000e-02  0.000000e+00
  9.430000e-02  0.000000e+00
  9.190000e-02  0.000000e+00
  8.950000e-02  0.000000e+00
  8.720000e-02  0.000000e+00
  8.490000e-02  0.000000e+00
  8.270000e-02  0.000000e+00
  8.060000e-02  0.000000e+00
  7.850000e-02  0.000000e+00
  7.640000e-02  0.000000e+00
  7.450000e-02  0.000000e+00
  7.250000e-02  0.000000e+00
  7.070000e-02  0.000000e+00
  6.880000e-02  0.000000e+00
  6.700000e-02  0.000000e+00
  6.530000e-02  0.000000e+00
  6.360000e-02  0.000000e+00
  6.200000e-02  0.000000e+00
  6.040000e-02  0.000000e+00
  5.880000e-02  0.000000e+00
  5.730000e-02  0.000000e+00
  5.580000e-02  0.000000e+00
  5.430000e-02  0.000000e+00
  5.290000e-02  0.000000e+00
  5.160000e-02  0.000000e+00
  5.020000e-02  0.000000e+00
  4.890000e-02  0.000000e+00
  4.770000e-02  0.000000e+00
  4.640000e-02  0.000000e+00
  4.520000e-02  0.000000e+00
  4.410000e-02  0.000000e+00
  4.290000e-02  0.000000e+00
  4.180000e-02  0.000000e+00
  4.070000e-02  0.000000e+00
  3.970000e-02  0.000000e+00
  3.860000e-02  0.000000e+00
  3.760000e-02  0.000000e+00
  3.670000e-02  0.000000e+00
  3.570000e-02  0.000000e+00
  3.480000e-02  0.000000e+00
  3.390000e-02  0.000000e+00
  3.300000e-02  0.000000e+00
  3.220000e-02  0.000000e+00
  3.130000e-02  0.000000e+00
  3.050000e-02  0.000000e+00
  2.970000e-02  0.000000e+00
  2.890000e-02  0.000000e+00
  2.820000e-02  0.000000e+00
  2.750000e-02  0.000000e+00
  2.680000e-02  0.000000e+00
  2.610000e-02  0.000000e+00
  2.540000e-02  0.000000e+00
  2.470000e-02  0.000000e+00
  2.410000e-02  0.000000e+00
  2.350000e-02  0.000000e+00
  2.290000e-02  0.000000e+00
  2.230000e-02  0.000000e+00
  2.170000e-02  0.000000e+00
  2.110000e-02  0.000000e+00
  2.060000e-02  0.000000e+00
  2.000000e-02  0.000000e+00
  1.950000e-02  0.000000e+00
  1.900000e-02  0.000000e+00
  1.850000e-02  0.000000e+00
  1.800000e-02  0.000000e+00
  1.760000e-02  0.000000e+00
  1.710000e-02  0.000000e+00
  1.670000e-02  0.000000e+00
  1.630000e-02  0.000000e+00
  1.580000e-02  0.000000e+00
  1.540000e-02  0.000000e+00
  1.500000e-02  0.000000e+00
  1.460000e-02  0.000000e+00
  1.430000e-02  0.000000e+00
  1.390000e-02  0.000000e+00
  1.350000e-02  0.000000e+00
  1.320000e-02  0.000000e+00
  1.280000e-02  0.000000e+00
  1.250000e-02  0.000000e+00
  1.220000e-02  0.000000e+00
  1.190000e-02  0.000000e+00
  1.160000e-02  0.000000e+00
  1.130000e-02  0.000000e+00
  1.100000e-02  0.000000e+00
  1.070000e-02  0.000000e+00
  1.040000e-02  0.000000e+00
  1.010000e-02  6.052000e-04
