  4.934820e+03  5.132500e-02
  4.806990e+03  0.000000e+00
  4.682470e+03  0.000000e+00
  4.561180e+03  0.000000e+00
  4.443030e+03  0.000000e+00
  4.327940e+03  5.132500e-02
  4.215830e+03  0.000000e+00
  4.106630e+03  0.000000e+00
  4.000250e+03  0.000000e+00
  3.896630e+03  0.000000e+00
  3.795700e+03  0.000000e+00
  3.697380e+03  0.000000e+00
  3.601600e+03  0.000000e+00
  3.508310e+03  0.000000e+00
  3.417430e+03  0.000000e+00
  3.328910e+03  0.000000e+00
  3.242680e+03  0.000000e+00
  3.158680e+03  5.132500e-02
  3.076860e+03  0.000000e+00
  2.997160e+03  5.132500e-02
  2.919530e+03  0.000000e+00
  2.843900e+03  0.000000e+00
  2.770230e+03  5.132500e-02
  2.698480e+03  0.000000e+00
  2.628580e+03  5.132500e-02
  2.560490e+03  0.000000e+00
  2.494160e+03  0.000000e+00
  2.429550e+03  1.026500e-01
  2.366620e+03  5.132500e-02
  2.305320e+03  0.000000e+00
  2.245600e+03  0.000000e+00
  2.187430e+03  5.132500e-02
  2.130770e+03  0.000000e+00
  2.075580e+03  0.000000e+00
  2.021810e+03  0.000000e+00
  1.969440e+03  0.000000e+00
  1.918430e+03  5.132500e-02
  1.868730e+03  0.000000e+00
  1.820330e+03  1.026500e-01
  1.773170e+03  1.026500e-01
  1.727240e+03  5.132500e-02
  1.682500e+03  5.132500e-02
  1.638920e+03  5.132500e-02
  1.596470e+03  5.132500e-02
  1.555110e+03  5.132500e-02
  1.514830e+03  1.026500e-01
  1.475590e+03  5.132500e-02
  1.437370e+03  5.132500e-02
  1.400140e+03  5.132500e-02
  1.363870e+03  2.566250e-01
  1.328540e+03  0.000000e+00
  1.294120e+03  1.539750e-01
  1.260600e+03  2.053000e-01
  1.227950e+03  0.000000e+00
  1.196140e+03  3.079500e-01
  1.165160e+03  1.539750e-01
  1.134980e+03  2.053000e-01
  1.105580e+03  2.566250e-01
  1.076940e+03  3.079500e-01
  1.049040e+03  2.053000e-01
  1.021870e+03  1.539750e-01
  9.953980e+02  2.053000e-01
  9.696140e+02  6.672300e-01
  9.444970e+02  4.106000e-01
  9.200320e+02  7.698800e-01
  8.962000e+02  7.698800e-01
  8.729850e+02  5.645750e-01
  8.503720e+02  4.619250e-01
  8.283450e+02  6.672250e-01
  8.068880e+02  1.077830e+00
  7.859870e+02  9.751750e-01
  7.656270e+02  8.725300e-01
  7.457950e+02  1.385785e+00
  7.264760e+02  6.159000e-01
  7.076580e+02  9.238500e-01
  6.893270e+02  1.385780e+00
  6.714710e+02  9.751850e-01
  6.540780e+02  2.155690e+00
  6.371350e+02  2.104365e+00
  6.206310e+02  2.258330e+00
  6.045550e+02  2.104370e+00
  5.888950e+02  1.796405e+00
  5.736410e+02  3.130900e+00
  5.587810e+02  3.592825e+00
  5.443070e+02  3.336195e+00
  5.302080e+02  3.952100e+00
  5.164740e+02  4.927310e+00
  5.030950e+02  5.594535e+00
  4.900630e+02  5.440575e+00
  4.773690e+02  6.313105e+00
  4.650040e+02  7.031645e+00
  4.529580e+02  6.518410e+00
  4.412250e+02  8.725375e+00
  4.297960e+02  9.187349e+00
  4.186630e+02  1.093250e+01
  4.078180e+02  1.283145e+01
  3.972540e+02  1.324200e+01
  3.869640e+02  1.421720e+01
  3.769400e+02  1.750230e+01
  3.671770e+02  1.734820e+01
  3.576650e+02  1.955515e+01
  3.484010e+02  2.576580e+01
  3.393760e+02  2.586840e+01
  3.305850e+02  2.817815e+01
  3.220220e+02  3.264365e+01
  3.136800e+02  3.736535e+01
  3.055550e+02  4.116355e+01
  2.976400e+02  4.157405e+01
  2.899300e+02  4.901645e+01
  2.824200e+02  5.722875e+01
  2.751040e+02  6.082160e+01
  2.679780e+02  6.487625e+01
  2.610370e+02  7.319120e+01
  2.542750e+02  8.905090e+01
  2.476890e+02  9.592860e+01
  2.412730e+02  1.080410e+02
  2.350230e+02  1.168170e+02
  2.289350e+02  1.318570e+02
  2.230050e+02  1.438170e+02
  2.172280e+02  1.646535e+02
  2.116010e+02  1.804115e+02
  2.061200e+02  1.989925e+02
  2.007810e+02  2.216765e+02
  1.955800e+02  2.517035e+02
  1.905140e+02  2.791125e+02
  1.855790e+02  3.036965e+02
  1.807720e+02  3.512765e+02
  1.760890e+02  3.908485e+02
  1.715280e+02  4.379665e+02
  1.670850e+02  4.780005e+02
  1.627570e+02  5.375405e+02
  1.585410e+02  5.912255e+02
  1.544340e+02  6.576940e+02
  1.504340e+02  7.106110e+02
  1.465370e+02  7.944265e+02
  1.427410e+02  8.631025e+02
  1.390440e+02  9.536915e+02
  1.354420e+02  1.029395e+03
  1.319340e+02  1.141450e+03
  1.285160e+02  1.237520e+03
  1.251870e+02  1.351425e+03
  1.219440e+02  1.462380e+03
  1.187850e+02  1.600965e+03
  1.157090e+02  1.713330e+03
  1.127110e+02  1.886905e+03
  1.097920e+02  2.020250e+03
  1.069480e+02  2.231090e+03
  1.041770e+02  2.403815e+03
  1.014790e+02  2.598900e+03
  9.885030e+01  2.818675e+03
  9.628970e+01  3.038050e+03
  9.379550e+01  3.295295e+03
  9.136590e+01  3.552395e+03
  8.899920e+01  3.817380e+03
  8.669380e+01  4.100705e+03
  8.444820e+01  4.433660e+03
  8.226070e+01  4.735000e+03
  8.012980e+01  5.102855e+03
  7.805420e+01  5.457355e+03
  7.603240e+01  5.813560e+03
  7.406290e+01  6.231460e+03
  7.214440e+01  6.610185e+03
  7.027560e+01  7.068280e+03
  6.845520e+01  7.493320e+03
  6.668200e+01  7.937790e+03
  6.495470e+01  8.356015e+03
  6.327220e+01  8.747830e+03
  6.163320e+01  9.085760e+03
  6.003670e+01  9.423995e+03
  5.848160e+01  9.775575e+03
  5.696670e+01  1.000842e+04
  5.549110e+01  1.034485e+04
  5.405370e+01  1.063170e+04
  5.265350e+01  1.105465e+04
  5.128960e+01  1.140645e+04
  4.996100e+01  1.182570e+04
  4.866690e+01  1.217360e+04
  4.740620e+01  1.253115e+04
  4.617830e+01  1.280875e+04
  4.498210e+01  1.307365e+04
  4.381690e+01  1.328375e+04
  4.268190e+01  1.334475e+04
  4.157630e+01  1.346330e+04
  4.049930e+01  1.353520e+04
  3.945030e+01  1.366200e+04
  3.842840e+01  1.363385e+04
  3.743290e+01  1.367375e+04
  3.646330e+01  1.366425e+04
  3.551880e+01  1.367005e+04
  3.459870e+01  1.377980e+04
  3.370250e+01  1.385910e+04
  3.282950e+01  1.393495e+04
  3.197910e+01  1.403325e+04
  3.115070e+01  1.407910e+04
  3.034380e+01  1.419490e+04
  2.955780e+01  1.426800e+04
  2.879220e+01  1.443345e+04
  2.804640e+01  1.451650e+04
  2.731990e+01  1.460340e+04
  2.661220e+01  1.477790e+04
  2.592290e+01  1.487290e+04
  2.525140e+01  1.503995e+04
  2.459730e+01  1.518745e+04
  2.396010e+01  1.535885e+04
  2.333950e+01  1.551980e+04
  2.273490e+01  1.581065e+04
  2.214600e+01  1.596415e+04
  2.157230e+01  1.624200e+04
  2.101350e+01  1.643850e+04
  2.046920e+01  1.666365e+04
  1.993900e+01  1.693230e+04
  1.942250e+01  1.710465e+04
  1.891940e+01  1.729340e+04
  1.842930e+01  1.734950e+04
  1.795200e+01  1.737290e+04
  1.748690e+01  1.728305e+04
  1.703400e+01  1.717200e+04
  1.659270e+01  1.697805e+04
  1.616290e+01  1.675695e+04
  1.574430e+01  1.652235e+04
  1.533640e+01  1.635530e+04
  1.493920e+01  1.619420e+04
  1.455220e+01  1.602730e+04
  1.417520e+01  1.608665e+04
  1.380800e+01  1.634770e+04
  1.345040e+01  1.663955e+04
  1.310200e+01  1.700290e+04
  1.276260e+01  1.758665e+04
  1.243200e+01  1.817330e+04
  1.211000e+01  1.869130e+04
  1.179630e+01  1.923300e+04
  1.149070e+01  1.980745e+04
  1.119310e+01  2.033835e+04
  1.090310e+01  2.087335e+04
  1.062070e+01  2.127085e+04
  1.034560e+01  2.169380e+04
  1.007760e+01  2.207435e+04
  9.816600e+00  2.252805e+04
  9.562300e+00  2.262885e+04
  9.314600e+00  2.226275e+04
  9.073300e+00  2.120330e+04
  8.838300e+00  1.998135e+04
  8.609300e+00  1.877865e+04
  8.386300e+00  1.741920e+04
  8.169100e+00  1.625390e+04
  7.957500e+00  1.519590e+04
  7.751400e+00  1.432930e+04
  7.550600e+00  1.380515e+04
  7.355000e+00  1.360360e+04
  7.164500e+00  1.339010e+04
  6.978900e+00  1.324235e+04
  6.798100e+00  1.314960e+04
  6.622000e+00  1.301855e+04
  6.450500e+00  1.305805e+04
  6.283400e+00  1.321805e+04
  6.120600e+00  1.317340e+04
  5.962100e+00  1.302775e+04
  5.807600e+00  1.302630e+04
  5.657200e+00  1.303155e+04
  5.510700e+00  1.311945e+04
  5.367900e+00  1.351485e+04
  5.228900e+00  1.340055e+04
  5.093400e+00  1.332750e+04
  4.961500e+00  1.325735e+04
  4.833000e+00  1.456985e+04
  4.707800e+00  1.649065e+04
  4.585800e+00  1.439160e+04
  4.467100e+00  1.404775e+04
  4.351300e+00  1.454065e+04
  4.238600e+00  1.515530e+04
  4.128800e+00  1.539600e+04
  4.021900e+00  2.227445e+04
  3.917700e+00  1.700295e+04
  3.816200e+00  1.375225e+04
  3.717400e+00  1.377450e+04
  3.621100e+00  1.384655e+04
  3.527300e+00  1.390905e+04
  3.435900e+00  1.391895e+04
  3.346900e+00  1.396640e+04
  3.260200e+00  1.401395e+04
  3.175800e+00  1.425175e+04
  3.093500e+00  1.418770e+04
  3.013400e+00  1.429520e+04
  2.935300e+00  1.457090e+04
  2.859300e+00  1.468515e+04
  2.785200e+00  1.500615e+04
  2.713100e+00  1.504495e+04
  2.642800e+00  1.494355e+04
  2.574300e+00  1.565140e+04
  2.507600e+00  1.532430e+04
  2.442700e+00  1.619820e+04
  2.379400e+00  1.642145e+04
  2.317800e+00  1.595635e+04
  2.257700e+00  1.540375e+04
  2.199300e+00  1.680460e+04
  2.142300e+00  1.544005e+04
  2.086800e+00  1.530255e+04
  2.032700e+00  1.588285e+04
  1.980100e+00  1.990660e+04
  1.928800e+00  1.438130e+04
  1.878800e+00  1.248800e+04
  1.830200e+00  1.783640e+04
  1.782800e+00  4.108585e+04
  1.736600e+00  2.179515e+04
  1.691600e+00  1.600015e+04
  1.647800e+00  1.421815e+04
  1.605100e+00  1.395095e+04
  1.563500e+00  1.352170e+04
  1.523000e+00  1.322870e+04
  1.483600e+00  1.303525e+04
  1.445100e+00  1.249055e+04
  1.407700e+00  1.213510e+04
  1.371200e+00  1.143875e+04
  1.335700e+00  1.185545e+04
  1.301100e+00  1.019475e+04
  1.267400e+00  8.205520e+03
  1.234600e+00  1.096305e+04
  1.202600e+00  1.137995e+04
  1.171500e+00  1.083175e+04
  1.141100e+00  1.196880e+04
  1.111600e+00  8.327515e+03
  1.082800e+00  7.328855e+03
  1.054700e+00  1.202560e+04
  1.027400e+00  8.989375e+03
  1.000800e+00  6.829820e+03
  9.749000e-01  9.675766e+03
  9.496000e-01  7.204295e+03
  9.250000e-01  7.290430e+03
  9.010000e-01  8.279625e+03
  8.777000e-01  8.706405e+03
  8.550000e-01  8.607141e+03
  8.328000e-01  8.939635e+03
  8.113000e-01  9.443910e+03
  7.902000e-01  9.871550e+03
  7.698000e-01  1.004695e+04
  7.498000e-01  1.057200e+04
  7.304000e-01  1.066345e+04
  7.115000e-01  1.084910e+04
  6.931000e-01  1.621340e+04
  6.751000e-01  9.442590e+04
  6.576000e-01  9.653205e+04
  6.406000e-01  2.388985e+05
  6.240000e-01  5.082380e+04
  6.078000e-01  1.322665e+04
  5.921000e-01  1.249700e+04
  5.767000e-01  1.243305e+04
  5.618000e-01  1.264920e+04
  5.472000e-01  1.215645e+04
  5.331000e-01  1.477510e+04
  5.193000e-01  1.381715e+04
  5.058000e-01  1.356845e+04
  4.927000e-01  1.972605e+04
  4.799000e-01  2.104175e+04
  4.675000e-01  1.571390e+04
  4.554000e-01  1.346285e+04
  4.436000e-01  2.450120e+04
  4.321000e-01  2.356045e+04
  4.209000e-01  2.068950e+04
  4.100000e-01  1.405910e+04
  3.994000e-01  2.724175e+04
  3.891000e-01  3.417615e+04
  3.790000e-01  3.437660e+04
  3.692000e-01  1.215985e+04
  3.596000e-01  1.006725e+04
  3.503000e-01  9.829905e+03
  3.412000e-01  9.692119e+03
  3.324000e-01  1.046640e+04
  3.238000e-01  8.860330e+03
  3.154000e-01  7.133615e+03
  3.072000e-01  1.049355e+04
  2.992000e-01  1.341940e+04
  2.915000e-01  1.225525e+04
  2.839000e-01  1.087725e+04
  2.766000e-01  5.322125e+03
  2.694000e-01  9.193490e+03
  2.624000e-01  1.565515e+04
  2.556000e-01  1.709740e+04
  2.490000e-01  7.486800e+03
  2.426000e-01  6.289250e+03
  2.363000e-01  6.774180e+03
  2.302000e-01  4.557305e+03
  2.242000e-01  3.328605e+03
  2.184000e-01  3.362575e+03
  2.127000e-01  3.681985e+03
  2.072000e-01  3.324495e+03
  2.019000e-01  3.727350e+03
  1.966000e-01  5.171210e+03
  1.915000e-01  4.830050e+03
  1.866000e-01  5.086880e+03
  1.817000e-01  4.194160e+03
  1.770000e-01  4.076620e+03
  1.725000e-01  3.079975e+03
  1.680000e-01  6.640365e+03
  1.636000e-01  8.325676e+03
  1.594000e-01  9.441240e+03
  1.553000e-01  1.051275e+04
  1.512000e-01  1.103120e+04
  1.473000e-01  1.103085e+04
  1.435000e-01  1.375695e+04
  1.398000e-01  7.867890e+03
  1.362000e-01  5.699620e+03
  1.326000e-01  4.535490e+03
  1.292000e-01  4.361585e+03
  1.259000e-01  4.347175e+03
  1.226000e-01  4.438950e+03
  1.194000e-01  4.358055e+03
  1.163000e-01  4.245405e+03
  1.133000e-01  4.209530e+03
  1.104000e-01  4.112665e+03
  1.075000e-01  4.002825e+03
  1.047000e-01  3.937585e+03
  1.020000e-01  3.882515e+03
  9.940000e-02  3.897710e+03
  9.680000e-02  4.035470e+03
  9.430000e-02  4.172760e+03
  9.190000e-02  4.336645e+03
  8.950000e-02  4.585735e+03
  8.720000e-02  4.310475e+03
  8.490000e-02  4.058560e+03
  8.270000e-02  3.796240e+03
  8.060000e-02  3.524930e+03
  7.850000e-02  3.535450e+03
  7.640000e-02  3.604375e+03
  7.450000e-02  3.689220e+03
  7.250000e-02  3.798550e+03
  7.070000e-02  3.911510e+03
  6.880000e-02  3.950215e+03
  6.700000e-02  4.032800e+03
  6.530000e-02  4.052310e+03
  6.360000e-02  4.128530e+03
  6.200000e-02  4.149100e+03
  6.040000e-02  4.235285e+03
  5.880000e-02  4.170210e+03
  5.730000e-02  4.107790e+03
  5.580000e-02  4.037060e+03
  5.430000e-02  3.958480e+03
  5.290000e-02  3.820050e+03
  5.160000e-02  3.730035e+03
  5.020000e-02  3.482680e+03
  4.890000e-02  3.127200e+03
  4.770000e-02  2.826830e+03
  4.640000e-02  2.506005e+03
  4.520000e-02  2.215085e+03
  4.410000e-02  1.961015e+03
  4.290000e-02  1.721790e+03
  4.180000e-02  1.508415e+03
  4.070000e-02  1.309430e+03
  3.970000e-02  1.116805e+03
  3.860000e-02  9.648790e+02
  3.760000e-02  8.083350e+02
  3.670000e-02  6.743230e+02
  3.570000e-02  5.762910e+02
  3.480000e-02  4.870340e+02
  3.390000e-02  3.924395e+02
  3.300000e-02  3.256640e+02
  3.220000e-02  2.681805e+02
  3.130000e-02  2.170080e+02
  3.050000e-02  1.829270e+02
  2.970000e-02  1.391970e+02
  2.890000e-02  1.102995e+02
  2.820000e-02  9.084715e+01
  2.750000e-02  7.447430e+01
  2.680000e-02  5.938440e+01
  2.610000e-02  4.860600e+01
  2.540000e-02  3.808395e+01
  2.470000e-02  3.264355e+01
  2.410000e-02  2.858870e+01
  2.350000e-02  2.289150e+01
  2.290000e-02  2.119765e+01
  2.230000e-02  1.909335e+01
  2.170000e-02  1.514115e+01
  2.110000e-02  1.529520e+01
  2.060000e-02  1.360135e+01
  2.000000e-02  1.591095e+01
  1.950000e-02  1.544915e+01
  1.900000e-02  1.406330e+01
  1.850000e-02  1.390925e+01
  1.800000e-02  1.488455e+01
  1.760000e-02  1.616765e+01
  1.710000e-02  1.416590e+01
  1.670000e-02  1.467910e+01
  1.630000e-02  1.652695e+01
  1.580000e-02  1.591100e+01
  1.540000e-02  1.755350e+01
  1.500000e-02  1.704010e+01
  1.460000e-02  1.852870e+01
  1.430000e-02  1.863125e+01
  1.390000e-02  2.006835e+01
  1.350000e-02  1.960650e+01
  1.320000e-02  2.053060e+01
  1.280000e-02  2.212155e+01
  1.250000e-02  2.181375e+01
  1.220000e-02  2.201885e+01
  1.190000e-02  2.104390e+01
  1.160000e-02  2.268620e+01
  1.130000e-02  2.417460e+01
  1.100000e-02  2.063315e+01
  1.070000e-02  2.160830e+01
  1.040000e-02  1.822070e+01
  1.010000e-02  1.459205e+02
