  4.934820e+03  0.000000e+00
  4.806990e+03  0.000000e+00
  4.682470e+03  0.000000e+00
  4.561180e+03  0.000000e+00
  4.443030e+03  0.000000e+00
  4.327940e+03  0.000000e+00
  4.215830e+03  0.000000e+00
  4.106630e+03  0.000000e+00
  4.000250e+03  0.000000e+00
  3.896630e+03  0.000000e+00
  3.795700e+03  0.000000e+00
  3.697380e+03  0.000000e+00
  3.601600e+03  5.132500e-02
  3.508310e+03  0.000000e+00
  3.417430e+03  0.000000e+00
  3.328910e+03  0.000000e+00
  3.242680e+03  0.000000e+00
  3.158680e+03  0.000000e+00
  3.076860e+03  5.132500e-02
  2.997160e+03  0.000000e+00
  2.919530e+03  0.000000e+00
  2.843900e+03  0.000000e+00
  2.770230e+03  0.000000e+00
  2.698480e+03  0.000000e+00
  2.628580e+03  0.000000e+00
  2.560490e+03  0.000000e+00
  2.494160e+03  5.132500e-02
  2.429550e+03  0.000000e+00
  2.366620e+03  0.000000e+00
  2.305320e+03  0.000000e+00
  2.245600e+03  0.000000e+00
  2.187430e+03  0.000000e+00
  2.130770e+03  1.026500e-01
  2.075580e+03  0.000000e+00
  2.021810e+03  5.132500e-02
  1.969440e+03  0.000000e+00
  1.918430e+03  0.000000e+00
  1.868730e+03  0.000000e+00
  1.820330e+03  5.132500e-02
  1.773170e+03  0.000000e+00
  1.727240e+03  0.000000e+00
  1.682500e+03  0.000000e+00
  1.638920e+03  0.000000e+00
  1.596470e+03  1.026500e-01
  1.555110e+03  0.000000e+00
  1.514830e+03  0.000000e+00
  1.475590e+03  1.539750e-01
  1.437370e+03  5.132500e-02
  1.400140e+03  1.539750e-01
  1.363870e+03  2.053000e-01
  1.328540e+03  1.539750e-01
  1.294120e+03  5.132500e-02
  1.260600e+03  1.539750e-01
  1.227950e+03  5.132500e-02
  1.196140e+03  1.026500e-01
  1.165160e+03  0.000000e+00
  1.134980e+03  2.053000e-01
  1.105580e+03  5.132500e-02
  1.076940e+03  2.053000e-01
  1.049040e+03  2.566250e-01
  1.021870e+03  1.539750e-01
  9.953980e+02  1.539750e-01
  9.696140e+02  5.645800e-01
  9.444970e+02  2.566250e-01
  9.200320e+02  2.566250e-01
  8.962000e+02  4.619250e-01
  8.729850e+02  6.672350e-01
  8.503720e+02  3.592750e-01
  8.283450e+02  5.132550e-01
  8.068880e+02  7.185550e-01
  7.859870e+02  5.645800e-01
  7.656270e+02  7.185550e-01
  7.457950e+02  9.751800e-01
  7.264760e+02  8.725300e-01
  7.076580e+02  1.026510e+00
  6.893270e+02  1.129160e+00
  6.714710e+02  8.212000e-01
  6.540780e+02  1.437120e+00
  6.371350e+02  1.539770e+00
  6.206310e+02  1.437115e+00
  6.045550e+02  1.488455e+00
  5.888950e+02  2.104360e+00
  5.736410e+02  2.822910e+00
  5.587810e+02  2.617620e+00
  5.443070e+02  3.490165e+00
  5.302080e+02  4.362720e+00
  5.164740e+02  4.773325e+00
  5.030950e+02  4.414055e+00
  4.900630e+02  4.722020e+00
  4.773690e+02  4.978635e+00
  4.650040e+02  6.929000e+00
  4.529580e+02  7.288345e+00
  4.412250e+02  7.596285e+00
  4.297960e+02  7.544920e+00
  4.186630e+02  9.649400e+00
  4.078180e+02  1.026529e+01
  3.972540e+02  1.278010e+01
  3.869640e+02  1.211285e+01
  3.769400e+02  1.278020e+01
  3.671770e+02  1.668090e+01
  3.576650e+02  1.888790e+01
  3.484010e+02  1.996575e+01
  3.393760e+02  2.325080e+01
  3.305850e+02  2.807550e+01
  3.220220e+02  2.966665e+01
  3.136800e+02  3.248945e+01
  3.055550e+02  3.710875e+01
  2.976400e+02  4.075300e+01
  2.899300e+02  4.578300e+01
  2.824200e+02  5.045355e+01
  2.751040e+02  5.692070e+01
  2.679780e+02  6.241265e+01
  2.610370e+02  6.949565e+01
  2.542750e+02  8.165985e+01
  2.476890e+02  8.930760e+01
  2.412730e+02  9.644099e+01
  2.350230e+02  1.093765e+02
  2.289350e+02  1.259545e+02
  2.230050e+02  1.381695e+02
  2.172280e+02  1.550570e+02
  2.116010e+02  1.735340e+02
  2.061200e+02  1.979140e+02
  2.007810e+02  2.160325e+02
  1.955800e+02  2.459030e+02
  1.905140e+02  2.735170e+02
  1.855790e+02  3.034400e+02
  1.807720e+02  3.322855e+02
  1.760890e+02  3.723715e+02
  1.715280e+02  4.159475e+02
  1.670850e+02  4.633210e+02
  1.627570e+02  4.993010e+02
  1.585410e+02  5.590960e+02
  1.544340e+02  6.173521e+02
  1.504340e+02  6.782245e+02
  1.465370e+02  7.399680e+02
  1.427410e+02  8.138790e+02
  1.390440e+02  8.901500e+02
  1.354420e+02  9.691885e+02
  1.319340e+02  1.055020e+03
  1.285160e+02  1.144070e+03
  1.251870e+02  1.259755e+03
  1.219440e+02  1.358960e+03
  1.187850e+02  1.485170e+03
  1.157090e+02  1.615020e+03
  1.127110e+02  1.726980e+03
  1.097920e+02  1.905895e+03
  1.069480e+02  2.023895e+03
  1.041770e+02  2.185420e+03
  1.014790e+02  2.364430e+03
  9.885030e+01  2.558765e+03
  9.628970e+01  2.746720e+03
  9.379550e+01  2.944425e+03
  9.136590e+01  3.172170e+03
  8.899920e+01  3.376955e+03
  8.669380e+01  3.623730e+03
  8.444820e+01  3.840175e+03
  8.226070e+01  4.109370e+03
  8.012980e+01  4.344505e+03
  7.805420e+01  4.635530e+03
  7.603240e+01  4.918485e+03
  7.406290e+01  5.190715e+03
  7.214440e+01  5.440020e+03
  7.027560e+01  5.726105e+03
  6.845520e+01  5.992175e+03
  6.668200e+01  6.256915e+03
  6.495470e+01  6.484650e+03
  6.327220e+01  6.667985e+03
  6.163320e+01  6.787070e+03
  6.003670e+01  6.973325e+03
  5.848160e+01  7.034830e+03
  5.696670e+01  7.111865e+03
  5.549110e+01  7.215140e+03
  5.405370e+01  7.224160e+03
  5.265350e+01  7.261570e+03
  5.128960e+01  7.290115e+03
  4.996100e+01  7.355965e+03
  4.866690e+01  7.273225e+03
  4.740620e+01  7.167545e+03
  4.617830e+01  7.084395e+03
  4.498210e+01  6.902045e+03
  4.381690e+01  6.755190e+03
  4.268190e+01  6.555480e+03
  4.157630e+01  6.380150e+03
  4.049930e+01  6.152765e+03
  3.945030e+01  5.922420e+03
  3.842840e+01  5.714560e+03
  3.743290e+01  5.513770e+03
  3.646330e+01  5.338290e+03
  3.551880e+01  5.155305e+03
  3.459870e+01  4.941330e+03
  3.370250e+01  4.743660e+03
  3.282950e+01  4.517730e+03
  3.197910e+01  4.294870e+03
  3.115070e+01  4.104600e+03
  3.034380e+01  3.906740e+03
  2.955780e+01  3.693830e+03
  2.879220e+01  3.509895e+03
  2.804640e+01  3.312345e+03
  2.731990e+01  3.144150e+03
  2.661220e+01  2.940320e+03
  2.592290e+01  2.765300e+03
  2.525140e+01  2.571950e+03
  2.459730e+01  2.412290e+03
  2.396010e+01  2.231555e+03
  2.333950e+01  2.080085e+03
  2.273490e+01  1.916530e+03
  2.214600e+01  1.792770e+03
  2.157230e+01  1.640390e+03
  2.101350e+01  1.512490e+03
  2.046920e+01  1.397660e+03
  1.993900e+01  1.314725e+03
  1.942250e+01  1.217755e+03
  1.891940e+01  1.126865e+03
  1.842930e+01  1.065330e+03
  1.795200e+01  9.969120e+02
  1.748690e+01  9.438920e+02
  1.703400e+01  9.057020e+02
  1.659270e+01  8.847085e+02
  1.616290e+01  8.447760e+02
  1.574430e+01  8.221415e+02
  1.533640e+01  7.845725e+02
  1.493920e+01  7.484385e+02
  1.455220e+01  7.126630e+02
  1.417520e+01  6.642125e+02
  1.380800e+01  5.767015e+02
  1.345040e+01  5.011480e+02
  1.310200e+01  4.449470e+02
  1.276260e+01  3.997790e+02
  1.243200e+01  3.583085e+02
  1.211000e+01  3.393165e+02
  1.179630e+01  3.242780e+02
  1.149070e+01  3.239715e+02
  1.119310e+01  3.189920e+02
  1.090310e+01  3.248425e+02
  1.062070e+01  3.204290e+02
  1.034560e+01  3.222775e+02
  1.007760e+01  3.239185e+02
  9.816600e+00  3.243305e+02
  9.562300e+00  3.022085e+02
  9.314600e+00  2.771100e+02
  9.073300e+00  2.464170e+02
  8.838300e+00  2.120810e+02
  8.609300e+00  1.852870e+02
  8.386300e+00  1.653715e+02
  8.169100e+00  1.592135e+02
  7.957500e+00  1.625505e+02
  7.751400e+00  1.565960e+02
  7.550600e+00  1.612160e+02
  7.355000e+00  1.472045e+02
  7.164500e+00  1.388370e+02
  6.978900e+00  1.250305e+02
  6.798100e+00  1.174840e+02
  6.622000e+00  1.031133e+02
  6.450500e+00  9.752000e+01
  6.283400e+00  8.710035e+01
  6.120600e+00  8.063340e+01
  5.962100e+00  7.883695e+01
  5.807600e+00  7.149741e+01
  5.657200e+00  7.011160e+01
  5.510700e+00  6.400370e+01
  5.367900e+00  6.369580e+01
  5.228900e+00  5.804990e+01
  5.093400e+00  5.476495e+01
  4.961500e+00  5.327665e+01
  4.833000e+00  5.071020e+01
  4.707800e+00  5.127475e+01
  4.585800e+00  4.070155e+01
  4.467100e+00  4.029095e+01
  4.351300e+00  4.136880e+01
  4.238600e+00  4.116360e+01
  4.128800e+00  3.921320e+01
  4.021900e+00  4.896520e+01
  3.917700e+00  4.080430e+01
  3.816200e+00  3.238685e+01
  3.717400e+00  3.408055e+01
  3.621100e+00  3.084705e+01
  3.527300e+00  2.935860e+01
  3.435900e+00  2.956395e+01
  3.346900e+00  2.853745e+01
  3.260200e+00  2.371270e+01
  3.175800e+00  2.088975e+01
  3.093500e+00  1.555185e+01
  3.013400e+00  1.442260e+01
  2.935300e+00  1.565445e+01
  2.859300e+00  2.053045e+01
  2.785200e+00  2.355875e+01
  2.713100e+00  2.812680e+01
  2.642800e+00  2.658710e+01
  2.574300e+00  2.833200e+01
  2.507600e+00  2.899935e+01
  2.442700e+00  2.689490e+01
  2.379400e+00  2.802410e+01
  2.317800e+00  2.653575e+01
  2.257700e+00  2.576585e+01
  2.199300e+00  2.617640e+01
  2.142300e+00  2.479045e+01
  2.086800e+00  2.448270e+01
  2.032700e+00  2.386675e+01
  1.980100e+00  2.940995e+01
  1.928800e+00  2.109500e+01
  1.878800e+00  1.811820e+01
  1.830200e+00  2.607380e+01
  1.782800e+00  5.476500e+01
  1.736600e+00  3.387525e+01
  1.691600e+00  2.078715e+01
  1.647800e+00  1.883665e+01
  1.605100e+00  2.083835e+01
  1.563500e+00  1.627035e+01
  1.523000e+00  1.909320e+01
  1.483600e+00  1.883660e+01
  1.445100e+00  1.698895e+01
  1.407700e+00  1.724570e+01
  1.371200e+00  1.688620e+01
  1.335700e+00  1.739940e+01
  1.301100e+00  1.252355e+01
  1.267400e+00  1.093245e+01
  1.234600e+00  1.637295e+01
  1.202600e+00  1.632170e+01
  1.171500e+00  1.483315e+01
  1.141100e+00  1.473060e+01
  1.111600e+00  1.077847e+01
  1.082800e+00  1.005991e+01
  1.054700e+00  1.827200e+01
  1.027400e+00  1.221555e+01
  1.000800e+00  1.016255e+01
  9.749000e-01  1.483315e+01
  9.496000e-01  1.057316e+01
  9.250000e-01  1.190760e+01
  9.010000e-01  1.339605e+01
  8.777000e-01  1.308820e+01
  8.550000e-01  1.503850e+01
  8.328000e-01  1.483320e+01
  8.113000e-01  1.647560e+01
  7.902000e-01  1.585970e+01
  7.698000e-01  1.657830e+01
  7.498000e-01  1.811800e+01
  7.304000e-01  2.032515e+01
  7.115000e-01  2.078715e+01
  6.931000e-01  3.053915e+01
  6.751000e-01  1.747665e+02
  6.576000e-01  1.812330e+02
  6.406000e-01  4.503360e+02
  6.240000e-01  9.746885e+01
  6.078000e-01  2.941005e+01
  5.921000e-01  2.787020e+01
  5.767000e-01  2.802420e+01
  5.618000e-01  3.017985e+01
  5.472000e-01  2.920460e+01
  5.331000e-01  3.623635e+01
  5.193000e-01  3.582565e+01
  5.058000e-01  3.443975e+01
  4.927000e-01  5.214745e+01
  4.799000e-01  5.964105e+01
  4.675000e-01  4.398660e+01
  4.554000e-01  3.941850e+01
  4.436000e-01  7.170255e+01
  4.321000e-01  6.975215e+01
  4.209000e-01  6.261800e+01
  4.100000e-01  4.424315e+01
  3.994000e-01  8.684400e+01
  3.891000e-01  1.097360e+02
  3.790000e-01  1.189745e+02
  3.692000e-01  4.280605e+01
  3.596000e-01  3.659550e+01
  3.503000e-01  3.803265e+01
  3.412000e-01  3.685220e+01
  3.324000e-01  4.342195e+01
  3.238000e-01  3.685220e+01
  3.154000e-01  3.151425e+01
  3.072000e-01  4.942710e+01
  2.992000e-01  6.323390e+01
  2.915000e-01  7.262656e+01
  2.839000e-01  7.052220e+01
  2.766000e-01  4.070165e+01
  2.694000e-01  9.018045e+01
  2.624000e-01  1.967335e+02
  2.556000e-01  2.142875e+02
  2.490000e-01  8.242990e+01
  2.426000e-01  8.248120e+01
  2.363000e-01  8.987234e+01
  2.302000e-01  5.938435e+01
  2.242000e-01  4.593700e+01
  2.184000e-01  4.470505e+01
  2.127000e-01  4.449985e+01
  2.072000e-01  4.675820e+01
  2.019000e-01  4.506440e+01
  1.966000e-01  5.301990e+01
  1.915000e-01  6.179670e+01
  1.866000e-01  6.272060e+01
  1.817000e-01  5.122350e+01
  1.770000e-01  4.819535e+01
  1.725000e-01  4.937585e+01
  1.680000e-01  6.077015e+01
  1.636000e-01  5.702340e+01
  1.594000e-01  5.938440e+01
  1.553000e-01  6.246395e+01
  1.512000e-01  6.200205e+01
  1.473000e-01  6.687790e+01
  1.435000e-01  9.084715e+01
  1.398000e-01  6.698070e+01
  1.362000e-01  7.149745e+01
  1.326000e-01  6.970110e+01
  1.292000e-01  7.344785e+01
  1.259000e-01  6.882835e+01
  1.226000e-01  7.632210e+01
  1.194000e-01  7.935025e+01
  1.163000e-01  8.386736e+01
  1.133000e-01  8.489360e+01
  1.104000e-01  8.961525e+01
  1.075000e-01  9.228475e+01
  1.047000e-01  9.300290e+01
  1.020000e-01  9.736605e+01
  9.940000e-02  9.905960e+01
  9.680000e-02  1.016769e+02
  9.430000e-02  9.947075e+01
  9.190000e-02  1.001370e+02
  8.950000e-02  1.105050e+02
  8.720000e-02  1.043445e+02
  8.490000e-02  1.010609e+02
  8.270000e-02  9.736646e+01
  8.060000e-02  9.705730e+01
  7.850000e-02  9.377320e+01
  7.640000e-02  8.730600e+01
  7.450000e-02  8.314835e+01
  7.250000e-02  8.022295e+01
  7.070000e-02  7.442300e+01
  6.880000e-02  7.154875e+01
  6.700000e-02  6.846910e+01
  6.530000e-02  5.953850e+01
  6.360000e-02  5.579160e+01
  6.200000e-02  5.378985e+01
  6.040000e-02  5.029970e+01
  5.880000e-02  4.449990e+01
  5.730000e-02  3.597960e+01
  5.580000e-02  3.490180e+01
  5.430000e-02  2.869150e+01
  5.290000e-02  2.638180e+01
  5.160000e-02  2.176220e+01
  5.020000e-02  1.822070e+01
  4.890000e-02  1.508990e+01
  4.770000e-02  1.524390e+01
  4.640000e-02  1.201030e+01
  4.520000e-02  1.021390e+01
  4.410000e-02  1.041914e+01
  4.290000e-02  9.136040e+00
  4.180000e-02  8.468835e+00
  4.070000e-02  7.442275e+00
  3.970000e-02  7.339635e+00
  3.860000e-02  5.953820e+00
  3.760000e-02  4.106090e+00
  3.670000e-02  3.284865e+00
  3.570000e-02  2.976915e+00
  3.480000e-02  3.182220e+00
  3.390000e-02  2.514980e+00
  3.300000e-02  1.591095e+00
  3.220000e-02  1.950385e+00
  3.130000e-02  1.385800e+00
  3.050000e-02  1.026505e+00
  2.970000e-02  4.619250e-01
  2.890000e-02  6.672250e-01
  2.820000e-02  5.645800e-01
  2.750000e-02  4.106000e-01
  2.680000e-02  3.079500e-01
  2.610000e-02  4.106050e-01
  2.540000e-02  1.026500e-01
  2.470000e-02  2.053000e-01
  2.410000e-02  4.106000e-01
  2.350000e-02  1.539750e-01
  2.290000e-02  2.053000e-01
  2.230000e-02  5.132500e-02
  2.170000e-02  1.026500e-01
  2.110000e-02  2.566250e-01
  2.060000e-02  1.539750e-01
  2.000000e-02  1.539750e-01
  1.950000e-02  1.539750e-01
  1.900000e-02  1.026500e-01
  1.850000e-02  1.539750e-01
  1.800000e-02  1.026500e-01
  1.760000e-02  5.132500e-02
  1.710000e-02  0.000000e+00
  1.670000e-02  5.132500e-02
  1.630000e-02  5.132500e-02
  1.580000e-02  1.026500e-01
  1.540000e-02  5.132500e-02
  1.500000e-02  0.000000e+00
  1.460000e-02  0.000000e+00
  1.430000e-02  0.000000e+00
  1.390000e-02  1.539750e-01
  1.350000e-02  0.000000e+00
  1.320000e-02  1.026500e-01
  1.280000e-02  0.000000e+00
  1.250000e-02  5.132500e-02
  1.220000e-02  0.000000e+00
  1.190000e-02  0.000000e+00
  1.160000e-02  0.000000e+00
  1.130000e-02  1.026500e-01
  1.100000e-02  4.465360e+00
  1.070000e-02  6.159095e+00
  1.040000e-02  6.107815e+00
  1.010000e-02  5.091555e+01
