  4.934820e+03  4.779150e-02
  4.806990e+03  0.000000e+00
  4.682470e+03  0.000000e+00
  4.561180e+03  2.389550e-02
  4.443030e+03  2.389550e-02
  4.327940e+03  0.000000e+00
  4.215830e+03  4.779100e-02
  4.106630e+03  0.000000e+00
  4.000250e+03  2.389550e-02
  3.896630e+03  0.000000e+00
  3.795700e+03  4.779100e-02
  3.697380e+03  0.000000e+00
  3.601600e+03  2.389550e-02
  3.508310e+03  0.000000e+00
  3.417430e+03  0.000000e+00
  3.328910e+03  2.389550e-02
  3.242680e+03  0.000000e+00
  3.158680e+03  0.000000e+00
  3.076860e+03  2.389550e-02
  2.997160e+03  0.000000e+00
  2.919530e+03  0.000000e+00
  2.843900e+03  0.000000e+00
  2.770230e+03  0.000000e+00
  2.698480e+03  0.000000e+00
  2.628580e+03  0.000000e+00
  2.560490e+03  2.389550e-02
  2.494160e+03  2.389550e-02
  2.429550e+03  9.558250e-02
  2.366620e+03  2.389550e-02
  2.305320e+03  2.389550e-02
  2.245600e+03  2.389550e-02
  2.187430e+03  2.389550e-02
  2.130770e+03  4.779100e-02
  2.075580e+03  4.779100e-02
  2.021810e+03  9.558200e-02
  1.969440e+03  4.779100e-02
  1.918430e+03  2.389550e-02
  1.868730e+03  4.779100e-02
  1.820330e+03  2.389550e-02
  1.773170e+03  1.433730e-01
  1.727240e+03  4.779100e-02
  1.682500e+03  7.168700e-02
  1.638920e+03  7.168650e-02
  1.596470e+03  1.672695e-01
  1.555110e+03  1.194775e-01
  1.514830e+03  1.433715e-01
  1.475590e+03  2.150585e-01
  1.437370e+03  1.433715e-01
  1.400140e+03  1.672690e-01
  1.363870e+03  1.672675e-01
  1.328540e+03  1.672695e-01
  1.294120e+03  1.672690e-01
  1.260600e+03  2.628520e-01
  1.227950e+03  1.672690e-01
  1.196140e+03  3.106425e-01
  1.165160e+03  1.672685e-01
  1.134980e+03  3.823255e-01
  1.105580e+03  3.345385e-01
  1.076940e+03  2.389560e-01
  1.049040e+03  5.018065e-01
  1.021870e+03  2.628520e-01
  9.953980e+02  4.779130e-01
  9.696140e+02  6.929685e-01
  9.444970e+02  5.734890e-01
  9.200320e+02  7.168685e-01
  8.962000e+02  7.885555e-01
  8.729850e+02  6.212910e-01
  8.503720e+02  9.319335e-01
  8.283450e+02  8.841435e-01
  8.068880e+02  1.123105e+00
  7.859870e+02  9.797280e-01
  7.656270e+02  1.218690e+00
  7.457950e+02  1.170890e+00
  7.264760e+02  1.146995e+00
  7.076580e+02  1.266470e+00
  6.893270e+02  1.314270e+00
  6.714710e+02  1.553235e+00
  6.540780e+02  1.887760e+00
  6.371350e+02  2.102820e+00
  6.206310e+02  1.935555e+00
  6.045550e+02  2.102845e+00
  5.888950e+02  1.839970e+00
  5.736410e+02  2.915275e+00
  5.587810e+02  3.058655e+00
  5.443070e+02  2.891375e+00
  5.302080e+02  3.297620e+00
  5.164740e+02  3.512680e+00
  5.030950e+02  4.349010e+00
  4.900630e+02  4.420700e+00
  4.773690e+02  4.564085e+00
  4.650040e+02  4.635770e+00
  4.529580e+02  5.041990e+00
  4.412250e+02  5.639385e+00
  4.297960e+02  5.806665e+00
  4.186630e+02  6.834175e+00
  4.078180e+02  7.957255e+00
  3.972540e+02  7.861680e+00
  3.869640e+02  9.080400e+00
  3.769400e+02  9.749460e+00
  3.671770e+02  1.120720e+01
  3.576650e+02  1.144615e+01
  3.484010e+02  1.364445e+01
  3.393760e+02  1.311885e+01
  3.305850e+02  1.536500e+01
  3.220220e+02  1.675105e+01
  3.136800e+02  1.835190e+01
  3.055550e+02  1.945110e+01
  2.976400e+02  2.141065e+01
  2.899300e+02  2.315485e+01
  2.824200e+02  2.387185e+01
  2.751040e+02  2.640470e+01
  2.679780e+02  2.779070e+01
  2.610370e+02  3.223540e+01
  2.542750e+02  3.338230e+01
  2.476890e+02  3.646490e+01
  2.412730e+02  4.126790e+01
  2.350230e+02  4.406375e+01
  2.289350e+02  4.776760e+01
  2.230050e+02  5.331130e+01
  2.172280e+02  5.780375e+01
  2.116010e+02  6.308475e+01
  2.061200e+02  6.795935e+01
  2.007810e+02  6.984710e+01
  1.955800e+02  8.157996e+01
  1.905140e+02  8.714745e+01
  1.855790e+02  9.441250e+01
  1.807720e+02  1.041845e+02
  1.760890e+02  1.098950e+02
  1.715280e+02  1.262895e+02
  1.670850e+02  1.342225e+02
  1.627570e+02  1.473170e+02
  1.585410e+02  1.571605e+02
  1.544340e+02  1.651200e+02
  1.504340e+02  1.785975e+02
  1.465370e+02  1.942010e+02
  1.427410e+02  2.088010e+02
  1.390440e+02  2.200090e+02
  1.354420e+02  2.375000e+02
  1.319340e+02  2.575000e+02
  1.285160e+02  2.761625e+02
  1.251870e+02  2.942280e+02
  1.219440e+02  3.141335e+02
  1.187850e+02  3.336795e+02
  1.157090e+02  3.509560e+02
  1.127110e+02  3.746135e+02
  1.097920e+02  4.024520e+02
  1.069480e+02  4.312220e+02
  1.041770e+02  4.511030e+02
  1.014790e+02  4.821195e+02
  9.885030e+01  5.125625e+02
  9.628970e+01  5.393515e+02
  9.379550e+01  5.816215e+02
  9.136590e+01  6.165325e+02
  8.899920e+01  6.503935e+02
  8.669380e+01  6.863565e+02
  8.444820e+01  7.249475e+02
  8.226070e+01  7.721425e+02
  8.012980e+01  8.149640e+02
  7.805420e+01  8.580470e+02
  7.603240e+01  9.229720e+02
  7.406290e+01  9.639550e+02
  7.214440e+01  1.025990e+03
  7.027560e+01  1.075210e+03
  6.845520e+01  1.134375e+03
  6.668200e+01  1.200010e+03
  6.495470e+01  1.257795e+03
  6.327220e+01  1.316415e+03
  6.163320e+01  1.369030e+03
  6.003670e+01  1.424970e+03
  5.848160e+01  1.469445e+03
  5.696670e+01  1.512050e+03
  5.549110e+01  1.556995e+03
  5.405370e+01  1.622970e+03
  5.265350e+01  1.702000e+03
  5.128960e+01  1.762975e+03
  4.996100e+01  1.838540e+03
  4.866690e+01  1.920370e+03
  4.740620e+01  2.021000e+03
  4.617830e+01  2.115240e+03
  4.498210e+01  2.185890e+03
  4.381690e+01  2.221690e+03
  4.268190e+01  2.246250e+03
  4.157630e+01  2.296230e+03
  4.049930e+01  2.329290e+03
  3.945030e+01  2.347710e+03
  3.842840e+01  2.347495e+03
  3.743290e+01  2.368930e+03
  3.646330e+01  2.366175e+03
  3.551880e+01  2.361050e+03
  3.459870e+01  2.381715e+03
  3.370250e+01  2.396890e+03
  3.282950e+01  2.414095e+03
  3.197910e+01  2.432765e+03
  3.115070e+01  2.446270e+03
  3.034380e+01  2.459800e+03
  2.955780e+01  2.474040e+03
  2.879220e+01  2.498110e+03
  2.804640e+01  2.533590e+03
  2.731990e+01  2.534205e+03
  2.661220e+01  2.546660e+03
  2.592290e+01  2.570190e+03
  2.525140e+01  2.584730e+03
  2.459730e+01  2.602460e+03
  2.396010e+01  2.628255e+03
  2.333950e+01  2.634810e+03
  2.273490e+01  2.663655e+03
  2.214600e+01  2.676295e+03
  2.157230e+01  2.698335e+03
  2.101350e+01  2.722460e+03
  2.046920e+01  2.745460e+03
  1.993900e+01  2.761220e+03
  1.942250e+01  2.776305e+03
  1.891940e+01  2.770435e+03
  1.842930e+01  2.782510e+03
  1.795200e+01  2.743965e+03
  1.748690e+01  2.731155e+03
  1.703400e+01  2.686745e+03
  1.659270e+01  2.634955e+03
  1.616290e+01  2.613605e+03
  1.574430e+01  2.585595e+03
  1.533640e+01  2.562735e+03
  1.493920e+01  2.538120e+03
  1.455220e+01  2.530515e+03
  1.417520e+01  2.537270e+03
  1.380800e+01  2.575860e+03
  1.345040e+01  2.617865e+03
  1.310200e+01  2.674035e+03
  1.276260e+01  2.729325e+03
  1.243200e+01  2.790910e+03
  1.211000e+01  2.880435e+03
  1.179630e+01  2.945000e+03
  1.149070e+01  3.026750e+03
  1.119310e+01  3.125435e+03
  1.090310e+01  3.257650e+03
  1.062070e+01  3.348060e+03
  1.034560e+01  3.479780e+03
  1.007760e+01  3.582365e+03
  9.816600e+00  3.699515e+03
  9.562300e+00  3.780875e+03
  9.314600e+00  3.779250e+03
  9.073300e+00  3.697740e+03
  8.838300e+00  3.557095e+03
  8.609300e+00  3.441070e+03
  8.386300e+00  3.320595e+03
  8.169100e+00  3.185915e+03
  7.957500e+00  3.080685e+03
  7.751400e+00  2.996450e+03
  7.550600e+00  2.932290e+03
  7.355000e+00  2.944970e+03
  7.164500e+00  2.954430e+03
  6.978900e+00  2.921340e+03
  6.798100e+00  2.901870e+03
  6.622000e+00  2.910665e+03
  6.450500e+00  2.951030e+03
  6.283400e+00  2.991170e+03
  6.120600e+00  2.964630e+03
  5.962100e+00  2.982440e+03
  5.807600e+00  2.993250e+03
  5.657200e+00  3.000085e+03
  5.510700e+00  3.061555e+03
  5.367900e+00  3.181375e+03
  5.228900e+00  3.182680e+03
  5.093400e+00  3.137810e+03
  4.961500e+00  3.134430e+03
  4.833000e+00  3.512935e+03
  4.707800e+00  4.093970e+03
  4.585800e+00  3.532025e+03
  4.467100e+00  3.436075e+03
  4.351300e+00  3.603115e+03
  4.238600e+00  3.803500e+03
  4.128800e+00  3.826985e+03
  4.021900e+00  6.637150e+03
  3.917700e+00  4.662030e+03
  3.816200e+00  3.357145e+03
  3.717400e+00  3.311675e+03
  3.621100e+00  3.361735e+03
  3.527300e+00  3.402710e+03
  3.435900e+00  3.432500e+03
  3.346900e+00  3.436545e+03
  3.260200e+00  3.504400e+03
  3.175800e+00  3.596555e+03
  3.093500e+00  3.533525e+03
  3.013400e+00  3.600195e+03
  2.935300e+00  3.730765e+03
  2.859300e+00  3.681010e+03
  2.785200e+00  3.783770e+03
  2.713100e+00  3.763850e+03
  2.642800e+00  3.763590e+03
  2.574300e+00  4.025940e+03
  2.507600e+00  4.028745e+03
  2.442700e+00  4.379740e+03
  2.379400e+00  4.543720e+03
  2.317800e+00  4.406080e+03
  2.257700e+00  4.261800e+03
  2.199300e+00  5.013130e+03
  2.142300e+00  4.593310e+03
  2.086800e+00  4.602290e+03
  2.032700e+00  4.966030e+03
  1.980100e+00  6.966960e+03
  1.928800e+00  4.214315e+03
  1.878800e+00  3.484870e+03
  1.830200e+00  6.226645e+03
  1.782800e+00  1.749945e+04
  1.736600e+00  8.408939e+03
  1.691600e+00  5.558790e+03
  1.647800e+00  4.997525e+03
  1.605100e+00  4.987415e+03
  1.563500e+00  4.933640e+03
  1.523000e+00  4.926225e+03
  1.483600e+00  4.941175e+03
  1.445100e+00  4.771725e+03
  1.407700e+00  4.700380e+03
  1.371200e+00  4.492810e+03
  1.335700e+00  4.860430e+03
  1.301100e+00  4.110740e+03
  1.267400e+00  3.133115e+03
  1.234600e+00  4.692420e+03
  1.202600e+00  5.158085e+03
  1.171500e+00  4.738165e+03
  1.141100e+00  5.724825e+03
  1.111600e+00  3.799410e+03
  1.082800e+00  3.422350e+03
  1.054700e+00  5.858015e+03
  1.027400e+00  4.611510e+03
  1.000800e+00  3.775580e+03
  9.749000e-01  5.045645e+03
  9.496000e-01  4.214885e+03
  9.250000e-01  4.387095e+03
  9.010000e-01  5.080115e+03
  8.777000e-01  5.386775e+03
  8.550000e-01  5.733815e+03
  8.328000e-01  5.817965e+03
  8.113000e-01  6.326555e+03
  7.902000e-01  6.542360e+03
  7.698000e-01  6.648180e+03
  7.498000e-01  7.210480e+03
  7.304000e-01  7.247655e+03
  7.115000e-01  7.477855e+03
  6.931000e-01  1.086165e+04
  6.751000e-01  5.453550e+04
  6.576000e-01  5.386000e+04
  6.406000e-01  1.284640e+05
  6.240000e-01  2.585945e+04
  6.078000e-01  9.722035e+03
  5.921000e-01  9.643300e+03
  5.767000e-01  9.814609e+03
  5.618000e-01  1.014665e+04
  5.472000e-01  1.006840e+04
  5.331000e-01  1.166970e+04
  5.193000e-01  1.104655e+04
  5.058000e-01  1.129415e+04
  4.927000e-01  1.644145e+04
  4.799000e-01  1.768810e+04
  4.675000e-01  1.324625e+04
  4.554000e-01  1.242295e+04
  4.436000e-01  1.875980e+04
  4.321000e-01  1.830820e+04
  4.209000e-01  1.740950e+04
  4.100000e-01  1.349740e+04
  3.994000e-01  2.196200e+04
  3.891000e-01  3.395340e+04
  3.790000e-01  3.669920e+04
  3.692000e-01  1.413925e+04
  3.596000e-01  1.151535e+04
  3.503000e-01  1.169925e+04
  3.412000e-01  1.170200e+04
  3.324000e-01  1.296510e+04
  3.238000e-01  1.169675e+04
  3.154000e-01  1.126470e+04
  3.072000e-01  1.375950e+04
  2.992000e-01  1.715265e+04
  2.915000e-01  2.045020e+04
  2.839000e-01  2.305480e+04
  2.766000e-01  2.040935e+04
  2.694000e-01  3.389915e+04
  2.624000e-01  6.413695e+04
  2.556000e-01  7.759355e+04
  2.490000e-01  2.953845e+04
  2.426000e-01  3.290935e+04
  2.363000e-01  3.461070e+04
  2.302000e-01  2.411185e+04
  2.242000e-01  1.803955e+04
  2.184000e-01  1.767365e+04
  2.127000e-01  1.824820e+04
  2.072000e-01  1.791440e+04
  2.019000e-01  1.846995e+04
  1.966000e-01  1.984085e+04
  1.915000e-01  2.706995e+04
  1.866000e-01  2.904135e+04
  1.817000e-01  2.435815e+04
  1.770000e-01  2.475540e+04
  1.725000e-01  2.581270e+04
  1.680000e-01  2.508285e+04
  1.636000e-01  2.386585e+04
  1.594000e-01  2.418350e+04
  1.553000e-01  2.490990e+04
  1.512000e-01  2.553665e+04
  1.473000e-01  2.609330e+04
  1.435000e-01  3.021000e+04
  1.398000e-01  2.768795e+04
  1.362000e-01  2.816120e+04
  1.326000e-01  2.838280e+04
  1.292000e-01  2.828795e+04
  1.259000e-01  2.839820e+04
  1.226000e-01  2.903990e+04
  1.194000e-01  2.903420e+04
  1.163000e-01  2.857190e+04
  1.133000e-01  2.919560e+04
  1.104000e-01  2.928430e+04
  1.075000e-01  2.851495e+04
  1.047000e-01  2.780295e+04
  1.020000e-01  2.766135e+04
  9.940000e-02  2.858330e+04
  9.680000e-02  2.834850e+04
  9.430000e-02  2.776775e+04
  9.190000e-02  2.690900e+04
  8.950000e-02  2.590690e+04
  8.720000e-02  2.490280e+04
  8.490000e-02  2.411225e+04
  8.270000e-02  2.339035e+04
  8.060000e-02  2.257145e+04
  7.850000e-02  2.168205e+04
  7.640000e-02  2.082050e+04
  7.450000e-02  1.993915e+04
  7.250000e-02  1.897770e+04
  7.070000e-02  1.804815e+04
  6.880000e-02  1.703155e+04
  6.700000e-02  1.597070e+04
  6.530000e-02  1.495700e+04
  6.360000e-02  1.389795e+04
  6.200000e-02  1.288115e+04
  6.040000e-02  1.188425e+04
  5.880000e-02  1.092770e+04
  5.730000e-02  9.981615e+03
  5.580000e-02  9.076641e+03
  5.430000e-02  8.224176e+03
  5.290000e-02  7.381785e+03
  5.160000e-02  6.611905e+03
  5.020000e-02  5.864645e+03
  4.890000e-02  5.200430e+03
  4.770000e-02  4.578085e+03
  4.640000e-02  4.004880e+03
  4.520000e-02  3.484695e+03
  4.410000e-02  3.010045e+03
  4.290000e-02  2.599790e+03
  4.180000e-02  2.217885e+03
  4.070000e-02  1.883375e+03
  3.970000e-02  1.595560e+03
  3.860000e-02  1.335250e+03
  3.760000e-02  1.127540e+03
  3.670000e-02  9.407730e+02
  3.570000e-02  7.745070e+02
  3.480000e-02  6.508955e+02
  3.390000e-02  5.350255e+02
  3.300000e-02  4.420470e+02
  3.220000e-02  3.593675e+02
  3.130000e-02  3.040255e+02
  3.050000e-02  2.562580e+02
  2.970000e-02  2.137955e+02
  2.890000e-02  1.820620e+02
  2.820000e-02  1.575210e+02
  2.750000e-02  1.388585e+02
  2.680000e-02  1.221780e+02
  2.610000e-02  1.096575e+02
  2.540000e-02  1.024650e+02
  2.470000e-02  9.527265e+01
  2.410000e-02  8.855770e+01
  2.350000e-02  8.870090e+01
  2.290000e-02  8.401735e+01
  2.230000e-02  7.926210e+01
  2.170000e-02  7.735040e+01
  2.110000e-02  7.390950e+01
  2.060000e-02  7.412450e+01
  2.000000e-02  7.022955e+01
  1.950000e-02  7.020555e+01
  1.900000e-02  6.920200e+01
  1.850000e-02  6.576105e+01
  1.800000e-02  6.506800e+01
  1.760000e-02  6.334765e+01
  1.710000e-02  5.885515e+01
  1.670000e-02  5.577265e+01
  1.630000e-02  5.455400e+01
  1.580000e-02  4.767195e+01
  1.540000e-02  4.901020e+01
  1.500000e-02  4.733735e+01
  1.460000e-02  4.478045e+01
  1.430000e-02  4.327520e+01
  1.390000e-02  3.949950e+01
  1.350000e-02  3.722945e+01
  1.320000e-02  3.624960e+01
  1.280000e-02  3.271315e+01
  1.250000e-02  2.953510e+01
  1.220000e-02  2.915280e+01
  1.190000e-02  2.681090e+01
  1.160000e-02  2.444530e+01
  1.130000e-02  2.284430e+01
  1.100000e-02  2.136265e+01
  1.070000e-02  1.918825e+01
  1.040000e-02  1.632080e+01
  1.010000e-02  1.160380e+02
