  4.934820e+03  1.203800e-02
  4.806990e+03  2.407600e-03
  4.682470e+03  6.019000e-04
  4.561180e+03  6.019000e-04
  4.443030e+03  1.805700e-03
  4.327940e+03  6.019000e-04
  4.215830e+03  1.203800e-03
  4.106630e+03  2.407600e-03
  4.000250e+03  2.407600e-03
  3.896630e+03  6.019000e-04
  3.795700e+03  3.009500e-03
  3.697380e+03  6.019000e-04
  3.601600e+03  6.019000e-04
  3.508310e+03  4.213300e-03
  3.417430e+03  2.407600e-03
  3.328910e+03  1.203800e-03
  3.242680e+03  1.805700e-03
  3.158680e+03  3.009500e-03
  3.076860e+03  4.815200e-03
  2.997160e+03  4.213300e-03
  2.919530e+03  7.222800e-03
  2.843900e+03  6.019000e-03
  2.770230e+03  1.263990e-02
  2.698480e+03  7.222800e-03
  2.628580e+03  1.143610e-02
  2.560490e+03  1.083420e-02
  2.494160e+03  9.028500e-03
  2.429550e+03  7.222800e-03
  2.366620e+03  1.203800e-02
  2.305320e+03  1.384370e-02
  2.245600e+03  1.263990e-02
  2.187430e+03  1.745510e-02
  2.130770e+03  1.865890e-02
  2.075580e+03  1.865890e-02
  2.021810e+03  1.564940e-02
  1.969440e+03  2.227030e-02
  1.918430e+03  2.949310e-02
  1.868730e+03  2.287220e-02
  1.820330e+03  3.129880e-02
  1.773170e+03  3.190070e-02
  1.727240e+03  3.129880e-02
  1.682500e+03  3.310450e-02
  1.638920e+03  4.213300e-02
  1.596470e+03  4.273490e-02
  1.555110e+03  4.454060e-02
  1.514830e+03  5.838430e-02
  1.475590e+03  6.079190e-02
  1.437370e+03  5.778220e-02
  1.400140e+03  7.222800e-02
  1.363870e+03  6.982040e-02
  1.328540e+03  8.005260e-02
  1.294120e+03  8.366390e-02
  1.260600e+03  1.005176e-01
  1.227950e+03  1.011195e-01
  1.196140e+03  1.113510e-01
  1.165160e+03  1.221850e-01
  1.134980e+03  1.348255e-01
  1.105580e+03  1.348265e-01
  1.076940e+03  1.504755e-01
  1.049040e+03  1.576980e-01
  1.021870e+03  1.950155e-01
  9.953980e+02  2.172855e-01
  9.696140e+02  2.227020e-01
  9.444970e+02  2.383510e-01
  9.200320e+02  2.636310e-01
  8.962000e+02  2.961325e-01
  8.729850e+02  3.460900e-01
  8.503720e+02  3.671575e-01
  8.283450e+02  4.104940e-01
  8.068880e+02  4.586470e-01
  7.859870e+02  4.839245e-01
  7.656270e+02  5.868505e-01
  7.457950e+02  6.079165e-01
  7.264760e+02  7.168605e-01
  7.076580e+02  7.644095e-01
  6.893270e+02  8.318230e-01
  6.714710e+02  9.184990e-01
  6.540780e+02  1.059945e+00
  6.371350e+02  1.150835e+00
  6.206310e+02  1.286250e+00
  6.045550e+02  1.416250e+00
  5.888950e+02  1.597430e+00
  5.736410e+02  1.740700e+00
  5.587810e+02  1.883345e+00
  5.443070e+02  2.029600e+00
  5.302080e+02  2.298050e+00
  5.164740e+02  2.509910e+00
  5.030950e+02  2.692875e+00
  4.900630e+02  3.051615e+00
  4.773690e+02  3.394705e+00
  4.650040e+02  3.678790e+00
  4.529580e+02  4.222925e+00
  4.412250e+02  4.477520e+00
  4.297960e+02  4.994550e+00
  4.186630e+02  5.427900e+00
  4.078180e+02  5.976845e+00
  3.972540e+02  6.592575e+00
  3.869640e+02  7.369030e+00
  3.769400e+02  8.013050e+00
  3.671770e+02  8.777475e+00
  3.576650e+02  9.665855e+00
  3.484010e+02  1.058965e+01
  3.393760e+02  1.142865e+01
  3.305850e+02  1.278190e+01
  3.220220e+02  1.386290e+01
  3.136800e+02  1.479230e+01
  3.055550e+02  1.638485e+01
  2.976400e+02  1.790145e+01
  2.899300e+02  1.942805e+01
  2.824200e+02  2.136435e+01
  2.751040e+02  2.324775e+01
  2.679780e+02  2.532420e+01
  2.610370e+02  2.720280e+01
  2.542750e+02  2.947980e+01
  2.476890e+02  3.191920e+01
  2.412730e+02  3.488290e+01
  2.350230e+02  3.807735e+01
  2.289350e+02  4.084965e+01
  2.230050e+02  4.402340e+01
  2.172280e+02  4.782670e+01
  2.116010e+02  5.107810e+01
  2.061200e+02  5.516505e+01
  2.007810e+02  5.915080e+01
  1.955800e+02  6.397625e+01
  1.905140e+02  6.891969e+01
  1.855790e+02  7.479660e+01
  1.807720e+02  8.055485e+01
  1.760890e+02  8.587579e+01
  1.715280e+02  9.199640e+01
  1.670850e+02  9.715645e+01
  1.627570e+02  1.036175e+02
  1.585410e+02  1.096105e+02
  1.544340e+02  1.154940e+02
  1.504340e+02  1.219095e+02
  1.465370e+02  1.279930e+02
  1.427410e+02  1.346870e+02
  1.390440e+02  1.415725e+02
  1.354420e+02  1.475985e+02
  1.319340e+02  1.542605e+02
  1.285160e+02  1.601230e+02
  1.251870e+02  1.669720e+02
  1.219440e+02  1.730390e+02
  1.187850e+02  1.801900e+02
  1.157090e+02  1.869665e+02
  1.127110e+02  1.936530e+02
  1.097920e+02  2.009560e+02
  1.069480e+02  2.088545e+02
  1.041770e+02  2.164900e+02
  1.014790e+02  2.238800e+02
  9.885030e+01  2.324635e+02
  9.628970e+01  2.406355e+02
  9.379550e+01  2.489520e+02
  9.136590e+01  2.579930e+02
  8.899920e+01  2.670015e+02
  8.669380e+01  2.759900e+02
  8.444820e+01  2.858625e+02
  8.226070e+01  2.963650e+02
  8.012980e+01  3.078285e+02
  7.805420e+01  3.188870e+02
  7.603240e+01  3.310270e+02
  7.406290e+01  3.430365e+02
  7.214440e+01  3.549520e+02
  7.027560e+01  3.682070e+02
  6.845520e+01  3.824820e+02
  6.668200e+01  3.966525e+02
  6.495470e+01  4.087170e+02
  6.327220e+01  4.201005e+02
  6.163320e+01  4.300185e+02
  6.003670e+01  4.376775e+02
  5.848160e+01  4.443740e+02
  5.696670e+01  4.495110e+02
  5.549110e+01  4.574965e+02
  5.405370e+01  4.676800e+02
  5.265350e+01  4.810070e+02
  5.128960e+01  4.935860e+02
  4.996100e+01  5.091265e+02
  4.866690e+01  5.247360e+02
  4.740620e+01  5.397680e+02
  4.617830e+01  5.555745e+02
  4.498210e+01  5.651110e+02
  4.381690e+01  5.684035e+02
  4.268190e+01  5.698645e+02
  4.157630e+01  5.695785e+02
  4.049930e+01  5.703020e+02
  3.945030e+01  5.682460e+02
  3.842840e+01  5.646075e+02
  3.743290e+01  5.608030e+02
  3.646330e+01  5.579025e+02
  3.551880e+01  5.542205e+02
  3.459870e+01  5.523650e+02
  3.370250e+01  5.507060e+02
  3.282950e+01  5.501800e+02
  3.197910e+01  5.493060e+02
  3.115070e+01  5.504800e+02
  3.034380e+01  5.494390e+02
  2.955780e+01  5.484285e+02
  2.879220e+01  5.491700e+02
  2.804640e+01  5.513050e+02
  2.731990e+01  5.516135e+02
  2.661220e+01  5.532030e+02
  2.592290e+01  5.537415e+02
  2.525140e+01  5.563870e+02
  2.459730e+01  5.581479e+02
  2.396010e+01  5.582955e+02
  2.333950e+01  5.617890e+02
  2.273490e+01  5.636375e+02
  2.214600e+01  5.668265e+02
  2.157230e+01  5.700590e+02
  2.101350e+01  5.728080e+02
  2.046920e+01  5.769640e+02
  1.993900e+01  5.791851e+02
  1.942250e+01  5.817250e+02
  1.891940e+01  5.810145e+02
  1.842930e+01  5.796490e+02
  1.795200e+01  5.730535e+02
  1.748690e+01  5.651005e+02
  1.703400e+01  5.551460e+02
  1.659270e+01  5.425180e+02
  1.616290e+01  5.300970e+02
  1.574430e+01  5.171420e+02
  1.533640e+01  5.057775e+02
  1.493920e+01  4.962775e+02
  1.455220e+01  4.881630e+02
  1.417520e+01  4.863845e+02
  1.380800e+01  4.886790e+02
  1.345040e+01  4.973060e+02
  1.310200e+01  5.055510e+02
  1.276260e+01  5.182955e+02
  1.243200e+01  5.316630e+02
  1.211000e+01  5.457335e+02
  1.179630e+01  5.581930e+02
  1.149070e+01  5.700025e+02
  1.119310e+01  5.791534e+02
  1.090310e+01  5.887175e+02
  1.062070e+01  5.967005e+02
  1.034560e+01  6.056695e+02
  1.007760e+01  6.111450e+02
  9.816600e+00  6.175235e+02
  9.562300e+00  6.193980e+02
  9.314600e+00  6.025580e+02
  9.073300e+00  5.754955e+02
  8.838300e+00  5.423105e+02
  8.609300e+00  5.143835e+02
  8.386300e+00  4.875025e+02
  8.169100e+00  4.618120e+02
  7.957500e+00  4.418330e+02
  7.751400e+00  4.241845e+02
  7.550600e+00  4.204255e+02
  7.355000e+00  4.233840e+02
  7.164500e+00  4.201635e+02
  6.978900e+00  4.130960e+02
  6.798100e+00  4.099370e+02
  6.622000e+00  4.078700e+02
  6.450500e+00  4.141140e+02
  6.283400e+00  4.258390e+02
  6.120600e+00  4.246820e+02
  5.962100e+00  4.238795e+02
  5.807600e+00  4.250120e+02
  5.657200e+00  4.279535e+02
  5.510700e+00  4.384010e+02
  5.367900e+00  4.694060e+02
  5.228900e+00  4.581780e+02
  5.093400e+00  4.445325e+02
  4.961500e+00  4.381845e+02
  4.833000e+00  5.133480e+02
  4.707800e+00  6.164955e+02
  4.585800e+00  4.802025e+02
  4.467100e+00  4.565970e+02
  4.351300e+00  4.778005e+02
  4.238600e+00  5.035230e+02
  4.128800e+00  5.184475e+02
  4.021900e+00  1.191420e+03
  3.917700e+00  7.838640e+02
  3.816200e+00  4.704900e+02
  3.717400e+00  4.497270e+02
  3.621100e+00  4.557175e+02
  3.527300e+00  4.609100e+02
  3.435900e+00  4.658280e+02
  3.346900e+00  4.622045e+02
  3.260200e+00  4.753195e+02
  3.175800e+00  5.003485e+02
  3.093500e+00  4.898550e+02
  3.013400e+00  5.004410e+02
  2.935300e+00  5.147355e+02
  2.859300e+00  5.222075e+02
  2.785200e+00  5.545985e+02
  2.713100e+00  5.541855e+02
  2.642800e+00  5.435700e+02
  2.574300e+00  6.123145e+02
  2.507600e+00  5.683635e+02
  2.442700e+00  5.886470e+02
  2.379400e+00  6.344835e+02
  2.317800e+00  5.876575e+02
  2.257700e+00  5.645845e+02
  2.199300e+00  8.073510e+02
  2.142300e+00  6.053820e+02
  2.086800e+00  6.048820e+02
  2.032700e+00  6.538110e+02
  1.980100e+00  7.627950e+02
  1.928800e+00  5.702900e+02
  1.878800e+00  5.521115e+02
  1.830200e+00  6.805785e+02
  1.782800e+00  1.356730e+03
  1.736600e+00  8.326215e+02
  1.691600e+00  6.984045e+02
  1.647800e+00  6.887545e+02
  1.605100e+00  6.877820e+02
  1.563500e+00  6.666500e+02
  1.523000e+00  6.711165e+02
  1.483600e+00  6.895620e+02
  1.445100e+00  6.565375e+02
  1.407700e+00  6.546485e+02
  1.371200e+00  6.269170e+02
  1.335700e+00  6.607645e+02
  1.301100e+00  6.573940e+02
  1.267400e+00  5.605020e+02
  1.234600e+00  6.475345e+02
  1.202600e+00  7.209040e+02
  1.171500e+00  6.199075e+02
  1.141100e+00  7.674460e+02
  1.111600e+00  6.334965e+02
  1.082800e+00  6.445690e+02
  1.054700e+00  7.607000e+02
  1.027400e+00  7.013890e+02
  1.000800e+00  6.897880e+02
  9.749000e-01  6.804480e+02
  9.496000e-01  7.428075e+02
  9.250000e-01  7.967745e+02
  9.010000e-01  7.601475e+02
  8.777000e-01  8.305535e+02
  8.550000e-01  9.270080e+02
  8.328000e-01  8.083945e+02
  8.113000e-01  9.129030e+02
  7.902000e-01  9.040905e+02
  7.698000e-01  8.617605e+02
  7.498000e-01  9.867025e+02
  7.304000e-01  9.234070e+02
  7.115000e-01  8.926490e+02
  6.931000e-01  1.024385e+03
  6.751000e-01  1.284440e+03
  6.576000e-01  1.867785e+03
  6.406000e-01  1.678700e+03
  6.240000e-01  1.100890e+03
  6.078000e-01  1.574565e+03
  5.921000e-01  1.202385e+03
  5.767000e-01  8.740030e+02
  5.618000e-01  8.744880e+02
  5.472000e-01  8.839480e+02
  5.331000e-01  1.137920e+03
  5.193000e-01  1.551505e+03
  5.058000e-01  1.518680e+03
  4.927000e-01  1.021555e+03
  4.799000e-01  7.978645e+02
  4.675000e-01  7.351660e+02
  4.554000e-01  7.334146e+02
  4.436000e-01  7.590341e+02
  4.321000e-01  6.443450e+02
  4.209000e-01  6.435380e+02
  4.100000e-01  6.236405e+02
  3.994000e-01  9.462560e+02
  3.891000e-01  6.514030e+02
  3.790000e-01  6.339075e+02
  3.692000e-01  5.889580e+02
  3.596000e-01  5.321675e+02
  3.503000e-01  4.908690e+02
  3.412000e-01  4.397385e+02
  3.324000e-01  4.050665e+02
  3.238000e-01  3.406320e+02
  3.154000e-01  3.126340e+02
  3.072000e-01  2.887480e+02
  2.992000e-01  2.876540e+02
  2.915000e-01  2.649065e+02
  2.839000e-01  2.421840e+02
  2.766000e-01  2.190160e+02
  2.694000e-01  1.946490e+02
  2.624000e-01  1.712320e+02
  2.556000e-01  1.505980e+02
  2.490000e-01  1.323930e+02
  2.426000e-01  1.150795e+02
  2.363000e-01  1.003800e+02
  2.302000e-01  8.759895e+01
  2.242000e-01  7.641200e+01
  2.184000e-01  6.570015e+01
  2.127000e-01  5.636405e+01
  2.072000e-01  4.811580e+01
  2.019000e-01  4.103910e+01
  1.966000e-01  3.528090e+01
  1.915000e-01  3.061610e+01
  1.866000e-01  2.634815e+01
  1.817000e-01  2.648170e+01
  1.770000e-01  2.421605e+01
  1.725000e-01  2.054150e+01
  1.680000e-01  1.829290e+01
  1.636000e-01  1.613800e+01
  1.594000e-01  1.446720e+01
  1.553000e-01  1.316775e+01
  1.512000e-01  1.223780e+01
  1.473000e-01  1.146855e+01
  1.435000e-01  1.073235e+01
  1.398000e-01  9.982550e+00
  1.362000e-01  9.639970e+00
  1.326000e-01  9.266200e+00
  1.292000e-01  8.758210e+00
  1.259000e-01  8.519260e+00
  1.226000e-01  8.227930e+00
  1.194000e-01  8.049775e+00
  1.163000e-01  7.890265e+00
  1.133000e-01  7.688640e+00
  1.104000e-01  7.539970e+00
  1.075000e-01  7.358800e+00
  1.047000e-01  7.217350e+00
  1.020000e-01  7.156560e+00
  9.940000e-02  7.031975e+00
  9.680000e-02  6.726205e+00
  9.430000e-02  6.769540e+00
  9.190000e-02  6.706945e+00
  8.950000e-02  6.666000e+00
  8.720000e-02  6.516750e+00
  8.490000e-02  6.323535e+00
  8.270000e-02  6.381925e+00
  8.060000e-02  6.350620e+00
  7.850000e-02  6.276590e+00
  7.640000e-02  6.321120e+00
  7.450000e-02  6.232040e+00
  7.250000e-02  6.346410e+00
  7.070000e-02  6.368060e+00
  6.880000e-02  6.350015e+00
  6.700000e-02  6.350015e+00
  6.530000e-02  6.383720e+00
  6.360000e-02  6.328945e+00
  6.200000e-02  6.320525e+00
  6.040000e-02  6.263955e+00
  5.880000e-02  6.203745e+00
  5.730000e-02  6.097820e+00
  5.580000e-02  6.104440e+00
  5.430000e-02  5.956385e+00
  5.290000e-02  5.872705e+00
  5.160000e-02  5.810715e+00
  5.020000e-02  5.529640e+00
  4.890000e-02  5.570540e+00
  4.770000e-02  5.415870e+00
  4.640000e-02  5.167285e+00
  4.520000e-02  4.990335e+00
  4.410000e-02  4.618965e+00
  4.290000e-02  4.679745e+00
  4.180000e-02  4.428160e+00
  4.070000e-02  4.031510e+00
  3.970000e-02  4.005025e+00
  3.860000e-02  3.907510e+00
  3.760000e-02  3.518680e+00
  3.670000e-02  3.392295e+00
  3.570000e-02  3.193070e+00
  3.480000e-02  3.006485e+00
  3.390000e-02  2.665800e+00
  3.300000e-02  2.527960e+00
  3.220000e-02  2.359445e+00
  3.130000e-02  2.159000e+00
  3.050000e-02  1.995885e+00
  2.970000e-02  1.919445e+00
  2.890000e-02  1.665455e+00
  2.820000e-02  1.481265e+00
  2.750000e-02  1.372315e+00
  2.680000e-02  1.222460e+00
  2.610000e-02  1.130965e+00
  2.540000e-02  9.931300e-01
  2.470000e-02  8.733560e-01
  2.410000e-02  7.517690e-01
  2.350000e-02  6.476400e-01
  2.290000e-02  5.603665e-01
  2.230000e-02  5.176315e-01
  2.170000e-02  4.664700e-01
  2.110000e-02  4.020675e-01
  2.060000e-02  3.509050e-01
  2.000000e-02  2.570100e-01
  1.950000e-02  2.347380e-01
  1.900000e-02  2.016355e-01
  1.850000e-02  1.589005e-01
  1.800000e-02  1.402430e-01
  1.760000e-02  9.690590e-02
  1.710000e-02  9.630420e-02
  1.670000e-02  7.162610e-02
  1.630000e-02  6.139370e-02
  1.580000e-02  5.477270e-02
  1.540000e-02  3.370640e-02
  1.500000e-02  2.588170e-02
  1.460000e-02  2.166840e-02
  1.430000e-02  1.504750e-02
  1.390000e-02  7.824700e-03
  1.350000e-02  1.143610e-02
  1.320000e-02  7.222800e-03
  1.280000e-02  5.417100e-03
  1.250000e-02  3.009500e-03
  1.220000e-02  3.611400e-03
  1.190000e-02  6.019000e-04
  1.160000e-02  3.009500e-03
  1.130000e-02  1.203800e-03
  1.100000e-02  1.203800e-03
  1.070000e-02  6.019000e-04
  1.040000e-02  0.000000e+00
  1.010000e-02  1.203800e-03
