  4.934820e+03  0.000000e+00
  4.806990e+03  0.000000e+00
  4.682470e+03  0.000000e+00
  4.561180e+03  0.000000e+00
  4.443030e+03  0.000000e+00
  4.327940e+03  0.000000e+00
  4.215830e+03  0.000000e+00
  4.106630e+03  0.000000e+00
  4.000250e+03  0.000000e+00
  3.896630e+03  0.000000e+00
  3.795700e+03  0.000000e+00
  3.697380e+03  0.000000e+00
  3.601600e+03  3.875800e-02
  3.508310e+03  0.000000e+00
  3.417430e+03  0.000000e+00
  3.328910e+03  0.000000e+00
  3.242680e+03  3.875800e-02
  3.158680e+03  0.000000e+00
  3.076860e+03  0.000000e+00
  2.997160e+03  0.000000e+00
  2.919530e+03  0.000000e+00
  2.843900e+03  0.000000e+00
  2.770230e+03  0.000000e+00
  2.698480e+03  3.875800e-02
  2.628580e+03  3.875800e-02
  2.560490e+03  0.000000e+00
  2.494160e+03  0.000000e+00
  2.429550e+03  0.000000e+00
  2.366620e+03  0.000000e+00
  2.305320e+03  0.000000e+00
  2.245600e+03  0.000000e+00
  2.187430e+03  3.875800e-02
  2.130770e+03  0.000000e+00
  2.075580e+03  0.000000e+00
  2.021810e+03  3.875800e-02
  1.969440e+03  7.751600e-02
  1.918430e+03  0.000000e+00
  1.868730e+03  0.000000e+00
  1.820330e+03  0.000000e+00
  1.773170e+03  1.162740e-01
  1.727240e+03  3.875800e-02
  1.682500e+03  3.875800e-02
  1.638920e+03  3.875800e-02
  1.596470e+03  7.751600e-02
  1.555110e+03  7.751600e-02
  1.514830e+03  3.875800e-02
  1.475590e+03  3.875800e-02
  1.437370e+03  1.937900e-01
  1.400140e+03  1.550320e-01
  1.363870e+03  1.550320e-01
  1.328540e+03  7.751600e-02
  1.294120e+03  3.100640e-01
  1.260600e+03  1.937900e-01
  1.227950e+03  1.162740e-01
  1.196140e+03  2.713070e-01
  1.165160e+03  1.937900e-01
  1.134980e+03  1.162740e-01
  1.105580e+03  1.550310e-01
  1.076940e+03  3.488210e-01
  1.049040e+03  2.325470e-01
  1.021870e+03  3.100620e-01
  9.953980e+02  5.038530e-01
  9.696140e+02  5.426110e-01
  9.444970e+02  5.813660e-01
  9.200320e+02  8.526731e-01
  8.962000e+02  6.588810e-01
  8.729850e+02  7.751590e-01
  8.503720e+02  1.046460e+00
  8.283450e+02  1.317770e+00
  8.068880e+02  1.046460e+00
  7.859870e+02  1.279005e+00
  7.656270e+02  1.085222e+00
  7.457950e+02  1.589070e+00
  7.264760e+02  1.240255e+00
  7.076580e+02  2.247960e+00
  6.893270e+02  2.480500e+00
  6.714710e+02  2.790560e+00
  6.540780e+02  2.713050e+00
  6.371350e+02  2.868075e+00
  6.206310e+02  4.534665e+00
  6.045550e+02  3.565710e+00
  5.888950e+02  4.960985e+00
  5.736410e+02  5.309820e+00
  5.587810e+02  6.239995e+00
  5.443070e+02  6.123720e+00
  5.302080e+02  8.759250e+00
  5.164740e+02  8.410395e+00
  5.030950e+02  1.007697e+01
  4.900630e+02  1.108470e+01
  4.773690e+02  1.189850e+01
  4.650040e+02  1.406900e+01
  4.529580e+02  1.511540e+01
  4.412250e+02  1.682095e+01
  4.297960e+02  1.972765e+01
  4.186630e+02  2.333225e+01
  4.078180e+02  2.589010e+01
  3.972540e+02  2.542520e+01
  3.869640e+02  3.224650e+01
  3.769400e+02  3.592850e+01
  3.671770e+02  4.236220e+01
  3.576650e+02  4.670305e+01
  3.484010e+02  5.011385e+01
  3.393760e+02  5.786535e+01
  3.305850e+02  6.530690e+01
  3.220220e+02  7.212840e+01
  3.136800e+02  7.836815e+01
  3.055550e+02  9.088699e+01
  2.976400e+02  9.918085e+01
  2.899300e+02  1.145675e+02
  2.824200e+02  1.345285e+02
  2.751040e+02  1.459220e+02
  2.679780e+02  1.616205e+02
  2.610370e+02  1.761535e+02
  2.542750e+02  2.007275e+02
  2.476890e+02  2.274690e+02
  2.412730e+02  2.551425e+02
  2.350230e+02  2.890165e+02
  2.289350e+02  3.221160e+02
  2.230050e+02  3.573850e+02
  2.172280e+02  4.079635e+02
  2.116010e+02  4.631165e+02
  2.061200e+02  5.133465e+02
  2.007810e+02  5.771030e+02
  1.955800e+02  6.443095e+02
  1.905140e+02  7.241520e+02
  1.855790e+02  8.149590e+02
  1.807720e+02  9.117365e+02
  1.760890e+02  1.019840e+03
  1.715280e+02  1.126110e+03
  1.670850e+02  1.263475e+03
  1.627570e+02  1.390475e+03
  1.585410e+02  1.526095e+03
  1.544340e+02  1.688870e+03
  1.504340e+02  1.852505e+03
  1.465370e+02  2.039055e+03
  1.427410e+02  2.246980e+03
  1.390440e+02  2.464340e+03
  1.354420e+02  2.710050e+03
  1.319340e+02  2.924455e+03
  1.285160e+02  3.189605e+03
  1.251870e+02  3.490640e+03
  1.219440e+02  3.761990e+03
  1.187850e+02  4.101765e+03
  1.157090e+02  4.434860e+03
  1.127110e+02  4.789330e+03
  1.097920e+02  5.210280e+03
  1.069480e+02  5.607005e+03
  1.041770e+02  6.057380e+03
  1.014790e+02  6.504745e+03
  9.885030e+01  6.988880e+03
  9.628970e+01  7.487610e+03
  9.379550e+01  8.019795e+03
  9.136590e+01  8.526945e+03
  8.899920e+01  9.099814e+03
  8.669380e+01  9.668516e+03
  8.444820e+01  1.028555e+04
  8.226070e+01  1.084095e+04
  8.012980e+01  1.148095e+04
  7.805420e+01  1.205455e+04
  7.603240e+01  1.262080e+04
  7.406290e+01  1.324465e+04
  7.214440e+01  1.379590e+04
  7.027560e+01  1.436835e+04
  6.845520e+01  1.487305e+04
  6.668200e+01  1.539130e+04
  6.495470e+01  1.583215e+04
  6.327220e+01  1.628875e+04
  6.163320e+01  1.664580e+04
  6.003670e+01  1.705600e+04
  5.848160e+01  1.742345e+04
  5.696670e+01  1.776510e+04
  5.549110e+01  1.821580e+04
  5.405370e+01  1.848565e+04
  5.265350e+01  1.867385e+04
  5.128960e+01  1.892460e+04
  4.996100e+01  1.919060e+04
  4.866690e+01  1.935245e+04
  4.740620e+01  1.952820e+04
  4.617830e+01  1.961455e+04
  4.498210e+01  1.968355e+04
  4.381690e+01  2.004420e+04
  4.268190e+01  2.022250e+04
  4.157630e+01  2.043240e+04
  4.049930e+01  2.062135e+04
  3.945030e+01  2.077455e+04
  3.842840e+01  2.102040e+04
  3.743290e+01  2.122810e+04
  3.646330e+01  2.138425e+04
  3.551880e+01  2.159530e+04
  3.459870e+01  2.180220e+04
  3.370250e+01  2.194370e+04
  3.282950e+01  2.221145e+04
  3.197910e+01  2.241490e+04
  3.115070e+01  2.254940e+04
  3.034380e+01  2.278730e+04
  2.955780e+01  2.299500e+04
  2.879220e+01  2.321695e+04
  2.804640e+01  2.349685e+04
  2.731990e+01  2.372090e+04
  2.661220e+01  2.401425e+04
  2.592290e+01  2.432560e+04
  2.525140e+01  2.458710e+04
  2.459730e+01  2.488735e+04
  2.396010e+01  2.521225e+04
  2.333950e+01  2.554215e+04
  2.273490e+01  2.591785e+04
  2.214600e+01  2.622910e+04
  2.157230e+01  2.666490e+04
  2.101350e+01  2.709495e+04
  2.046920e+01  2.754855e+04
  1.993900e+01  2.788945e+04
  1.942250e+01  2.825510e+04
  1.891940e+01  2.855430e+04
  1.842930e+01  2.888580e+04
  1.795200e+01  2.903240e+04
  1.748690e+01  2.927330e+04
  1.703400e+01  2.938445e+04
  1.659270e+01  2.947865e+04
  1.616290e+01  2.954705e+04
  1.574430e+01  2.954415e+04
  1.533640e+01  2.949315e+04
  1.493920e+01  2.964855e+04
  1.455220e+01  2.986220e+04
  1.417520e+01  3.014660e+04
  1.380800e+01  3.044935e+04
  1.345040e+01  3.095750e+04
  1.310200e+01  3.159110e+04
  1.276260e+01  3.224275e+04
  1.243200e+01  3.292315e+04
  1.211000e+01  3.377630e+04
  1.179630e+01  3.447070e+04
  1.149070e+01  3.524010e+04
  1.119310e+01  3.602765e+04
  1.090310e+01  3.672190e+04
  1.062070e+01  3.740165e+04
  1.034560e+01  3.806455e+04
  1.007760e+01  3.882585e+04
  9.816600e+00  3.934490e+04
  9.562300e+00  3.936200e+04
  9.314600e+00  3.906635e+04
  9.073300e+00  3.845090e+04
  8.838300e+00  3.738060e+04
  8.609300e+00  3.622765e+04
  8.386300e+00  3.487540e+04
  8.169100e+00  3.369275e+04
  7.957500e+00  3.266995e+04
  7.751400e+00  3.132185e+04
  7.550600e+00  3.110160e+04
  7.355000e+00  3.092920e+04
  7.164500e+00  3.047225e+04
  6.978900e+00  2.992855e+04
  6.798100e+00  2.948450e+04
  6.622000e+00  2.930540e+04
  6.450500e+00  2.940055e+04
  6.283400e+00  2.966515e+04
  6.120600e+00  2.946640e+04
  5.962100e+00  2.916075e+04
  5.807600e+00  2.889720e+04
  5.657200e+00  2.868815e+04
  5.510700e+00  2.897730e+04
  5.367900e+00  3.016115e+04
  5.228900e+00  2.915840e+04
  5.093400e+00  2.796890e+04
  4.961500e+00  2.775060e+04
  4.833000e+00  3.053695e+04
  4.707800e+00  3.386240e+04
  4.585800e+00  2.806960e+04
  4.467100e+00  2.682125e+04
  4.351300e+00  2.711085e+04
  4.238600e+00  2.766785e+04
  4.128800e+00  2.869915e+04
  4.021900e+00  7.987195e+04
  3.917700e+00  5.352930e+04
  3.816200e+00  2.668520e+04
  3.717400e+00  2.468520e+04
  3.621100e+00  2.438170e+04
  3.527300e+00  2.430885e+04
  3.435900e+00  2.397615e+04
  3.346900e+00  2.348115e+04
  3.260200e+00  2.405280e+04
  3.175800e+00  2.554170e+04
  3.093500e+00  2.428080e+04
  3.013400e+00  2.408495e+04
  2.935300e+00  2.410765e+04
  2.859300e+00  2.383165e+04
  2.785200e+00  2.497885e+04
  2.713100e+00  2.397000e+04
  2.642800e+00  2.292455e+04
  2.574300e+00  2.662655e+04
  2.507600e+00  2.350380e+04
  2.442700e+00  2.439480e+04
  2.379400e+00  2.702630e+04
  2.317800e+00  2.430505e+04
  2.257700e+00  2.259000e+04
  2.199300e+00  3.688880e+04
  2.142300e+00  2.344915e+04
  2.086800e+00  2.279220e+04
  2.032700e+00  2.439870e+04
  1.980100e+00  2.677650e+04
  1.928800e+00  2.151250e+04
  1.878800e+00  2.139870e+04
  1.830200e+00  2.640660e+04
  1.782800e+00  4.175190e+04
  1.736600e+00  2.675950e+04
  1.691600e+00  2.553225e+04
  1.647800e+00  2.382130e+04
  1.605100e+00  2.430330e+04
  1.563500e+00  2.401415e+04
  1.523000e+00  2.423250e+04
  1.483600e+00  2.580805e+04
  1.445100e+00  2.421085e+04
  1.407700e+00  2.496815e+04
  1.371200e+00  2.340520e+04
  1.335700e+00  2.454620e+04
  1.301100e+00  2.405760e+04
  1.267400e+00  2.044770e+04
  1.234600e+00  2.421835e+04
  1.202600e+00  2.635755e+04
  1.171500e+00  2.432755e+04
  1.141100e+00  2.805660e+04
  1.111600e+00  2.421170e+04
  1.082800e+00  2.361620e+04
  1.054700e+00  2.772205e+04
  1.027400e+00  2.687005e+04
  1.000800e+00  2.520660e+04
  9.749000e-01  2.602245e+04
  9.496000e-01  2.589140e+04
  9.250000e-01  2.976980e+04
  9.010000e-01  2.824135e+04
  8.777000e-01  3.082240e+04
  8.550000e-01  3.181880e+04
  8.328000e-01  2.858955e+04
  8.113000e-01  3.228010e+04
  7.902000e-01  3.295075e+04
  7.698000e-01  3.020245e+04
  7.498000e-01  3.622735e+04
  7.304000e-01  3.274450e+04
  7.115000e-01  2.990870e+04
  6.931000e-01  3.561845e+04
  6.751000e-01  3.422180e+04
  6.576000e-01  4.181385e+04
  6.406000e-01  4.294050e+04
  6.240000e-01  3.211930e+04
  6.078000e-01  4.122550e+04
  5.921000e-01  3.235165e+04
  5.767000e-01  2.843945e+04
  5.618000e-01  2.768555e+04
  5.472000e-01  2.845155e+04
  5.331000e-01  4.260935e+04
  5.193000e-01  4.782940e+04
  5.058000e-01  4.676305e+04
  4.927000e-01  2.871405e+04
  4.799000e-01  2.599050e+04
  4.675000e-01  2.500200e+04
  4.554000e-01  2.536625e+04
  4.436000e-01  2.797880e+04
  4.321000e-01  2.526010e+04
  4.209000e-01  2.534795e+04
  4.100000e-01  2.653215e+04
  3.994000e-01  4.831635e+04
  3.891000e-01  2.973535e+04
  3.790000e-01  2.928820e+04
  3.692000e-01  2.746795e+04
  3.596000e-01  2.500685e+04
  3.503000e-01  2.424325e+04
  3.412000e-01  2.255805e+04
  3.324000e-01  2.253755e+04
  3.238000e-01  2.036920e+04
  3.154000e-01  1.967085e+04
  3.072000e-01  1.904595e+04
  2.992000e-01  2.244395e+04
  2.915000e-01  1.822255e+04
  2.839000e-01  1.726460e+04
  2.766000e-01  1.624700e+04
  2.694000e-01  1.527975e+04
  2.624000e-01  1.425650e+04
  2.556000e-01  1.324555e+04
  2.490000e-01  1.230520e+04
  2.426000e-01  1.150650e+04
  2.363000e-01  1.076155e+04
  2.302000e-01  9.982220e+03
  2.242000e-01  9.302165e+03
  2.184000e-01  8.586045e+03
  2.127000e-01  7.879790e+03
  2.072000e-01  7.229205e+03
  2.019000e-01  6.618235e+03
  1.966000e-01  6.170555e+03
  1.915000e-01  5.832185e+03
  1.866000e-01  5.506035e+03
  1.817000e-01  5.242605e+03
  1.770000e-01  4.871540e+03
  1.725000e-01  4.542525e+03
  1.680000e-01  4.182820e+03
  1.636000e-01  3.880390e+03
  1.594000e-01  3.548620e+03
  1.553000e-01  3.273635e+03
  1.512000e-01  2.989540e+03
  1.473000e-01  2.637595e+03
  1.435000e-01  2.278180e+03
  1.398000e-01  1.951455e+03
  1.362000e-01  1.657620e+03
  1.326000e-01  1.405970e+03
  1.292000e-01  1.190520e+03
  1.259000e-01  1.008096e+03
  1.226000e-01  8.399600e+02
  1.194000e-01  6.984540e+02
  1.163000e-01  5.569110e+02
  1.133000e-01  4.373430e+02
  1.104000e-01  3.514555e+02
  1.075000e-01  2.670025e+02
  1.047000e-01  2.183615e+02
  1.020000e-01  1.674340e+02
  9.940000e-02  1.314265e+02
  9.680000e-02  1.060425e+02
  9.430000e-02  8.232145e+01
  9.190000e-02  6.840740e+01
  8.950000e-02  5.468720e+01
  8.720000e-02  4.399010e+01
  8.490000e-02  3.914530e+01
  8.270000e-02  3.026975e+01
  8.060000e-02  2.496000e+01
  7.850000e-02  2.461130e+01
  7.640000e-02  2.092925e+01
  7.450000e-02  1.848750e+01
  7.250000e-02  1.992160e+01
  7.070000e-02  1.786740e+01
  6.880000e-02  1.682090e+01
  6.700000e-02  1.817740e+01
  6.530000e-02  1.903000e+01
  6.360000e-02  1.953390e+01
  6.200000e-02  1.972770e+01
  6.040000e-02  2.038660e+01
  5.880000e-02  2.189820e+01
  5.730000e-02  2.209195e+01
  5.580000e-02  2.154940e+01
  5.430000e-02  2.441725e+01
  5.290000e-02  2.488250e+01
  5.160000e-02  2.523145e+01
  5.020000e-02  2.848700e+01
  4.890000e-02  2.550270e+01
  4.770000e-02  2.666535e+01
  4.640000e-02  2.569640e+01
  4.520000e-02  2.414615e+01
  4.410000e-02  2.410745e+01
  4.290000e-02  2.348735e+01
  4.180000e-02  2.213070e+01
  4.070000e-02  2.112300e+01
  3.970000e-02  2.151055e+01
  3.860000e-02  1.996030e+01
  3.760000e-02  2.073535e+01
  3.670000e-02  1.980525e+01
  3.570000e-02  1.984400e+01
  3.480000e-02  1.771225e+01
  3.390000e-02  1.872010e+01
  3.300000e-02  1.651075e+01
  3.220000e-02  1.581310e+01
  3.130000e-02  1.705340e+01
  3.050000e-02  1.534805e+01
  2.970000e-02  1.530930e+01
  2.890000e-02  1.530935e+01
  2.820000e-02  1.461155e+01
  2.750000e-02  1.209235e+01
  2.680000e-02  1.216990e+01
  2.610000e-02  1.081333e+01
  2.540000e-02  1.178230e+01
  2.470000e-02  1.092965e+01
  2.410000e-02  1.123970e+01
  2.350000e-02  1.054205e+01
  2.290000e-02  8.526690e+00
  2.230000e-02  7.790270e+00
  2.170000e-02  8.565420e+00
  2.110000e-02  7.518960e+00
  2.060000e-02  7.751540e+00
  2.000000e-02  7.402715e+00
  1.950000e-02  6.201240e+00
  1.900000e-02  5.309785e+00
  1.850000e-02  5.968690e+00
  1.800000e-02  5.968690e+00
  1.760000e-02  4.495895e+00
  1.710000e-02  5.736165e+00
  1.670000e-02  4.960990e+00
  1.630000e-02  4.883480e+00
  1.580000e-02  4.495905e+00
  1.540000e-02  3.953300e+00
  1.500000e-02  3.875770e+00
  1.460000e-02  3.953305e+00
  1.430000e-02  2.092930e+00
  1.390000e-02  2.829320e+00
  1.350000e-02  2.868075e+00
  1.320000e-02  3.023110e+00
  1.280000e-02  2.558020e+00
  1.250000e-02  2.015405e+00
  1.220000e-02  1.976655e+00
  1.190000e-02  2.092930e+00
  1.160000e-02  1.782860e+00
  1.130000e-02  1.123980e+00
  1.100000e-02  1.472795e+00
  1.070000e-02  1.317775e+00
  1.040000e-02  1.123977e+00
  1.010000e-02  3.914540e+00
