  4.934820e+03  1.810350e-02
  4.806990e+03  1.810350e-02
  4.682470e+03  0.000000e+00
  4.561180e+03  0.000000e+00
  4.443030e+03  1.810350e-02
  4.327940e+03  0.000000e+00
  4.215830e+03  0.000000e+00
  4.106630e+03  1.810350e-02
  4.000250e+03  0.000000e+00
  3.896630e+03  0.000000e+00
  3.795700e+03  0.000000e+00
  3.697380e+03  0.000000e+00
  3.601600e+03  0.000000e+00
  3.508310e+03  0.000000e+00
  3.417430e+03  0.000000e+00
  3.328910e+03  0.000000e+00
  3.242680e+03  5.431050e-02
  3.158680e+03  0.000000e+00
  3.076860e+03  0.000000e+00
  2.997160e+03  1.810350e-02
  2.919530e+03  0.000000e+00
  2.843900e+03  0.000000e+00
  2.770230e+03  0.000000e+00
  2.698480e+03  3.620700e-02
  2.628580e+03  0.000000e+00
  2.560490e+03  0.000000e+00
  2.494160e+03  5.431050e-02
  2.429550e+03  0.000000e+00
  2.366620e+03  3.620700e-02
  2.305320e+03  3.620700e-02
  2.245600e+03  0.000000e+00
  2.187430e+03  5.431050e-02
  2.130770e+03  1.810350e-02
  2.075580e+03  9.051751e-02
  2.021810e+03  5.431050e-02
  1.969440e+03  5.431050e-02
  1.918430e+03  1.810350e-02
  1.868730e+03  1.810350e-02
  1.820330e+03  1.810350e-02
  1.773170e+03  3.620700e-02
  1.727240e+03  9.051750e-02
  1.682500e+03  5.431050e-02
  1.638920e+03  1.086215e-01
  1.596470e+03  9.051801e-02
  1.555110e+03  1.267250e-01
  1.514830e+03  3.620700e-02
  1.475590e+03  1.086210e-01
  1.437370e+03  1.086215e-01
  1.400140e+03  1.810350e-02
  1.363870e+03  1.267250e-01
  1.328540e+03  9.051801e-02
  1.294120e+03  1.267250e-01
  1.260600e+03  1.267255e-01
  1.227950e+03  1.810350e-01
  1.196140e+03  2.172435e-01
  1.165160e+03  1.267250e-01
  1.134980e+03  1.810355e-01
  1.105580e+03  9.051800e-02
  1.076940e+03  3.620710e-01
  1.049040e+03  3.620700e-01
  1.021870e+03  3.982770e-01
  9.953980e+02  3.077590e-01
  9.696140e+02  3.620720e-01
  9.444970e+02  3.077620e-01
  9.200320e+02  3.982790e-01
  8.962000e+02  5.250050e-01
  8.729850e+02  5.793110e-01
  8.503720e+02  6.155180e-01
  8.283450e+02  4.525915e-01
  8.068880e+02  8.327665e-01
  7.859870e+02  9.775970e-01
  7.656270e+02  7.060405e-01
  7.457950e+02  9.413844e-01
  7.264760e+02  1.104320e+00
  7.076580e+02  1.249155e+00
  6.893270e+02  1.665520e+00
  6.714710e+02  1.629335e+00
  6.540780e+02  1.864680e+00
  6.371350e+02  1.973290e+00
  6.206310e+02  1.991395e+00
  6.045550e+02  2.516415e+00
  5.888950e+02  2.570730e+00
  5.736410e+02  2.769875e+00
  5.587810e+02  3.312960e+00
  5.443070e+02  3.240565e+00
  5.302080e+02  3.675050e+00
  5.164740e+02  4.019035e+00
  5.030950e+02  4.435400e+00
  4.900630e+02  5.014730e+00
  4.773690e+02  5.521625e+00
  4.650040e+02  6.354385e+00
  4.529580e+02  7.259570e+00
  4.412250e+02  7.422470e+00
  4.297960e+02  9.015570e+00
  4.186630e+02  9.649205e+00
  4.078180e+02  1.044570e+01
  3.972540e+02  1.165865e+01
  3.869640e+02  1.223795e+01
  3.769400e+02  1.388555e+01
  3.671770e+02  1.636570e+01
  3.576650e+02  1.719855e+01
  3.484010e+02  1.991395e+01
  3.393760e+02  2.148910e+01
  3.305850e+02  2.349855e+01
  3.220220e+02  2.554420e+01
  3.136800e+02  2.883920e+01
  3.055550e+02  3.334690e+01
  2.976400e+02  3.506690e+01
  2.899300e+02  3.952030e+01
  2.824200e+02  4.310485e+01
  2.751040e+02  4.826440e+01
  2.679780e+02  5.317035e+01
  2.610370e+02  5.872820e+01
  2.542750e+02  6.562580e+01
  2.476890e+02  7.324750e+01
  2.412730e+02  8.028965e+01
  2.350230e+02  9.077185e+01
  2.289350e+02  9.958804e+01
  2.230050e+02  1.094550e+02
  2.172280e+02  1.169860e+02
  2.116010e+02  1.306900e+02
  2.061200e+02  1.435805e+02
  2.007810e+02  1.633855e+02
  1.955800e+02  1.768365e+02
  1.905140e+02  1.983065e+02
  1.855790e+02  2.205020e+02
  1.807720e+02  2.417560e+02
  1.760890e+02  2.662325e+02
  1.715280e+02  2.954515e+02
  1.670850e+02  3.239470e+02
  1.627570e+02  3.478980e+02
  1.585410e+02  3.866940e+02
  1.544340e+02  4.173070e+02
  1.504340e+02  4.587640e+02
  1.465370e+02  4.968900e+02
  1.427410e+02  5.420050e+02
  1.390440e+02  5.802040e+02
  1.354420e+02  6.309675e+02
  1.319340e+02  6.712475e+02
  1.285160e+02  7.350975e+02
  1.251870e+02  7.849920e+02
  1.219440e+02  8.443730e+02
  1.187850e+02  9.029740e+02
  1.157090e+02  9.764565e+02
  1.127110e+02  1.038890e+03
  1.097920e+02  1.113330e+03
  1.069480e+02  1.196295e+03
  1.041770e+02  1.284700e+03
  1.014790e+02  1.379260e+03
  9.885030e+01  1.471350e+03
  9.628970e+01  1.566790e+03
  9.379550e+01  1.672260e+03
  9.136590e+01  1.780270e+03
  8.899920e+01  1.887640e+03
  8.669380e+01  2.012615e+03
  8.444820e+01  2.131455e+03
  8.226070e+01  2.277810e+03
  8.012980e+01  2.412405e+03
  7.805420e+01  2.564510e+03
  7.603240e+01  2.722700e+03
  7.406290e+01  2.878570e+03
  7.214440e+01  3.042130e+03
  7.027560e+01  3.234055e+03
  6.845520e+01  3.406110e+03
  6.668200e+01  3.599465e+03
  6.495470e+01  3.782115e+03
  6.327220e+01  3.934180e+03
  6.163320e+01  4.064835e+03
  6.003670e+01  4.229415e+03
  5.848160e+01  4.335705e+03
  5.696670e+01  4.423615e+03
  5.549110e+01  4.547365e+03
  5.405370e+01  4.678010e+03
  5.265350e+01  4.882480e+03
  5.128960e+01  5.061010e+03
  4.996100e+01  5.265695e+03
  4.866690e+01  5.497260e+03
  4.740620e+01  5.728015e+03
  4.617830e+01  5.961465e+03
  4.498210e+01  6.093180e+03
  4.381690e+01  6.159795e+03
  4.268190e+01  6.204860e+03
  4.157630e+01  6.254035e+03
  4.049930e+01  6.252020e+03
  3.945030e+01  6.264130e+03
  3.842840e+01  6.248895e+03
  3.743290e+01  6.218555e+03
  3.646330e+01  6.178190e+03
  3.551880e+01  6.164945e+03
  3.459870e+01  6.161950e+03
  3.370250e+01  6.170780e+03
  3.282950e+01  6.187190e+03
  3.197910e+01  6.191585e+03
  3.115070e+01  6.197090e+03
  3.034380e+01  6.205925e+03
  2.955780e+01  6.207290e+03
  2.879220e+01  6.256045e+03
  2.804640e+01  6.283035e+03
  2.731990e+01  6.268715e+03
  2.661220e+01  6.291605e+03
  2.592290e+01  6.334780e+03
  2.525140e+01  6.352000e+03
  2.459730e+01  6.370105e+03
  2.396010e+01  6.407180e+03
  2.333950e+01  6.396370e+03
  2.273490e+01  6.441840e+03
  2.214600e+01  6.472530e+03
  2.157230e+01  6.508175e+03
  2.101350e+01  6.573210e+03
  2.046920e+01  6.585490e+03
  1.993900e+01  6.607615e+03
  1.942250e+01  6.636145e+03
  1.891940e+01  6.630100e+03
  1.842930e+01  6.548105e+03
  1.795200e+01  6.468015e+03
  1.748690e+01  6.363580e+03
  1.703400e+01  6.205130e+03
  1.659270e+01  6.012680e+03
  1.616290e+01  5.898240e+03
  1.574430e+01  5.699025e+03
  1.533640e+01  5.545150e+03
  1.493920e+01  5.406000e+03
  1.455220e+01  5.345450e+03
  1.417520e+01  5.312280e+03
  1.380800e+01  5.360805e+03
  1.345040e+01  5.436290e+03
  1.310200e+01  5.586420e+03
  1.276260e+01  5.760140e+03
  1.243200e+01  5.946625e+03
  1.211000e+01  6.161140e+03
  1.179630e+01  6.381430e+03
  1.149070e+01  6.586195e+03
  1.119310e+01  6.781915e+03
  1.090310e+01  6.985390e+03
  1.062070e+01  7.207315e+03
  1.034560e+01  7.427900e+03
  1.007760e+01  7.613615e+03
  9.816600e+00  7.801630e+03
  9.562300e+00  7.884260e+03
  9.314600e+00  7.740710e+03
  9.073300e+00  7.447555e+03
  8.838300e+00  7.048045e+03
  8.609300e+00  6.666380e+03
  8.386300e+00  6.293830e+03
  8.169100e+00  5.962875e+03
  7.957500e+00  5.703370e+03
  7.751400e+00  5.467930e+03
  7.550600e+00  5.391500e+03
  7.355000e+00  5.372585e+03
  7.164500e+00  5.379620e+03
  6.978900e+00  5.419805e+03
  6.798100e+00  5.471430e+03
  6.622000e+00  5.485840e+03
  6.450500e+00  5.607360e+03
  6.283400e+00  5.713555e+03
  6.120600e+00  5.748945e+03
  5.962100e+00  5.816400e+03
  5.807600e+00  5.858705e+03
  5.657200e+00  5.942470e+03
  5.510700e+00  6.054195e+03
  5.367900e+00  6.257180e+03
  5.228900e+00  6.304360e+03
  5.093400e+00  6.328100e+03
  4.961500e+00  6.371980e+03
  4.833000e+00  6.867200e+03
  4.707800e+00  7.533925e+03
  4.585800e+00  6.935505e+03
  4.467100e+00  6.795055e+03
  4.351300e+00  7.030380e+03
  4.238600e+00  7.288740e+03
  4.128800e+00  7.388015e+03
  4.021900e+00  9.936855e+03
  3.917700e+00  8.076595e+03
  3.816200e+00  6.895610e+03
  3.717400e+00  6.874400e+03
  3.621100e+00  6.900410e+03
  3.527300e+00  6.868740e+03
  3.435900e+00  6.868585e+03
  3.346900e+00  6.860405e+03
  3.260200e+00  6.839370e+03
  3.175800e+00  6.860155e+03
  3.093500e+00  6.779825e+03
  3.013400e+00  6.779125e+03
  2.935300e+00  6.853830e+03
  2.859300e+00  6.799555e+03
  2.785200e+00  6.852195e+03
  2.713100e+00  6.813470e+03
  2.642800e+00  6.754005e+03
  2.574300e+00  6.953745e+03
  2.507600e+00  6.824550e+03
  2.442700e+00  7.190690e+03
  2.379400e+00  7.283800e+03
  2.317800e+00  7.040280e+03
  2.257700e+00  6.794305e+03
  2.199300e+00  7.222435e+03
  2.142300e+00  6.845035e+03
  2.086800e+00  6.793385e+03
  2.032700e+00  7.077545e+03
  1.980100e+00  8.725615e+03
  1.928800e+00  5.975770e+03
  1.878800e+00  5.210830e+03
  1.830200e+00  7.557630e+03
  1.782800e+00  1.908050e+04
  1.736600e+00  9.650725e+03
  1.691600e+00  6.798720e+03
  1.647800e+00  6.301500e+03
  1.605100e+00  6.263415e+03
  1.563500e+00  6.121095e+03
  1.523000e+00  6.049625e+03
  1.483600e+00  5.973205e+03
  1.445100e+00  5.760475e+03
  1.407700e+00  5.600620e+03
  1.371200e+00  5.241590e+03
  1.335700e+00  5.613390e+03
  1.301100e+00  4.671030e+03
  1.267400e+00  3.619130e+03
  1.234600e+00  5.144790e+03
  1.202600e+00  5.530145e+03
  1.171500e+00  5.174355e+03
  1.141100e+00  5.866520e+03
  1.111600e+00  4.055825e+03
  1.082800e+00  3.553040e+03
  1.054700e+00  5.938115e+03
  1.027400e+00  4.640920e+03
  1.000800e+00  3.662610e+03
  9.749000e-01  5.093110e+03
  9.496000e-01  4.012930e+03
  9.250000e-01  4.145750e+03
  9.010000e-01  4.906725e+03
  8.777000e-01  5.156350e+03
  8.550000e-01  5.314595e+03
  8.328000e-01  5.515360e+03
  8.113000e-01  5.957915e+03
  7.902000e-01  6.226710e+03
  7.698000e-01  6.349925e+03
  7.498000e-01  6.808505e+03
  7.304000e-01  6.917665e+03
  7.115000e-01  7.148045e+03
  6.931000e-01  1.036300e+04
  6.751000e-01  4.867330e+04
  6.576000e-01  5.342595e+04
  6.406000e-01  1.258250e+05
  6.240000e-01  2.512460e+04
  6.078000e-01  9.134234e+03
  5.921000e-01  9.158710e+03
  5.767000e-01  9.289605e+03
  5.618000e-01  9.576930e+03
  5.472000e-01  9.466550e+03
  5.331000e-01  1.112270e+04
  5.193000e-01  1.036830e+04
  5.058000e-01  1.057140e+04
  4.927000e-01  1.486395e+04
  4.799000e-01  1.574655e+04
  4.675000e-01  1.252985e+04
  4.554000e-01  1.138310e+04
  4.436000e-01  1.670380e+04
  4.321000e-01  1.638705e+04
  4.209000e-01  1.612340e+04
  4.100000e-01  1.247015e+04
  3.994000e-01  2.090020e+04
  3.891000e-01  3.282990e+04
  3.790000e-01  3.062415e+04
  3.692000e-01  1.121660e+04
  3.596000e-01  9.725270e+03
  3.503000e-01  9.728505e+03
  3.412000e-01  9.713061e+03
  3.324000e-01  1.067010e+04
  3.238000e-01  9.636715e+03
  3.154000e-01  9.124220e+03
  3.072000e-01  1.120595e+04
  2.992000e-01  1.378105e+04
  2.915000e-01  1.622385e+04
  2.839000e-01  1.779345e+04
  2.766000e-01  1.261635e+04
  2.694000e-01  2.317610e+04
  2.624000e-01  4.481380e+04
  2.556000e-01  5.088575e+04
  2.490000e-01  2.078890e+04
  2.426000e-01  2.329315e+04
  2.363000e-01  2.426300e+04
  2.302000e-01  1.716965e+04
  2.242000e-01  1.313775e+04
  2.184000e-01  1.286410e+04
  2.127000e-01  1.337265e+04
  2.072000e-01  1.309425e+04
  2.019000e-01  1.347330e+04
  1.966000e-01  1.455180e+04
  1.915000e-01  1.688120e+04
  1.866000e-01  1.903615e+04
  1.817000e-01  1.618350e+04
  1.770000e-01  1.766165e+04
  1.725000e-01  1.821120e+04
  1.680000e-01  1.812410e+04
  1.636000e-01  1.757095e+04
  1.594000e-01  1.779915e+04
  1.553000e-01  1.825205e+04
  1.512000e-01  1.869260e+04
  1.473000e-01  1.891005e+04
  1.435000e-01  2.122050e+04
  1.398000e-01  1.985885e+04
  1.362000e-01  1.997200e+04
  1.326000e-01  1.990290e+04
  1.292000e-01  1.971630e+04
  1.259000e-01  1.960610e+04
  1.226000e-01  1.955995e+04
  1.194000e-01  1.944720e+04
  1.163000e-01  1.919350e+04
  1.133000e-01  1.923870e+04
  1.104000e-01  1.898345e+04
  1.075000e-01  1.853750e+04
  1.047000e-01  1.808980e+04
  1.020000e-01  1.770705e+04
  9.940000e-02  1.762130e+04
  9.680000e-02  1.734295e+04
  9.430000e-02  1.690085e+04
  9.190000e-02  1.640080e+04
  8.950000e-02  1.590100e+04
  8.720000e-02  1.524190e+04
  8.490000e-02  1.466575e+04
  8.270000e-02  1.403775e+04
  8.060000e-02  1.338635e+04
  7.850000e-02  1.286035e+04
  7.640000e-02  1.230405e+04
  7.450000e-02  1.176880e+04
  7.250000e-02  1.118390e+04
  7.070000e-02  1.064895e+04
  6.880000e-02  1.002120e+04
  6.700000e-02  9.423266e+03
  6.530000e-02  8.815266e+03
  6.360000e-02  8.203295e+03
  6.200000e-02  7.632625e+03
  6.040000e-02  7.018820e+03
  5.880000e-02  6.450805e+03
  5.730000e-02  5.913205e+03
  5.580000e-02  5.345310e+03
  5.430000e-02  4.825260e+03
  5.290000e-02  4.345045e+03
  5.160000e-02  3.870560e+03
  5.020000e-02  3.416555e+03
  4.890000e-02  3.028990e+03
  4.770000e-02  2.628905e+03
  4.640000e-02  2.295380e+03
  4.520000e-02  1.971200e+03
  4.410000e-02  1.699500e+03
  4.290000e-02  1.448800e+03
  4.180000e-02  1.238095e+03
  4.070000e-02  1.039735e+03
  3.970000e-02  8.729585e+02
  3.860000e-02  7.409285e+02
  3.760000e-02  6.122660e+02
  3.670000e-02  5.046210e+02
  3.570000e-02  4.292370e+02
  3.480000e-02  3.437345e+02
  3.390000e-02  2.919210e+02
  3.300000e-02  2.468790e+02
  3.220000e-02  2.064360e+02
  3.130000e-02  1.705370e+02
  3.050000e-02  1.483240e+02
  2.970000e-02  1.315045e+02
  2.890000e-02  1.169680e+02
  2.820000e-02  1.013080e+02
  2.750000e-02  9.316150e+01
  2.680000e-02  8.582930e+01
  2.610000e-02  7.994585e+01
  2.540000e-02  7.422490e+01
  2.470000e-02  7.243270e+01
  2.410000e-02  7.035075e+01
  2.350000e-02  6.910165e+01
  2.290000e-02  6.685685e+01
  2.230000e-02  6.392400e+01
  2.170000e-02  6.611455e+01
  2.110000e-02  6.638610e+01
  2.060000e-02  6.528180e+01
  2.000000e-02  5.997740e+01
  1.950000e-02  6.325405e+01
  1.900000e-02  6.066540e+01
  1.850000e-02  6.133515e+01
  1.800000e-02  5.988685e+01
  1.760000e-02  5.883695e+01
  1.710000e-02  5.595850e+01
  1.670000e-02  5.738860e+01
  1.630000e-02  5.396700e+01
  1.580000e-02  5.166775e+01
  1.540000e-02  5.121525e+01
  1.500000e-02  4.817380e+01
  1.460000e-02  4.799275e+01
  1.430000e-02  4.509615e+01
  1.390000e-02  4.712390e+01
  1.350000e-02  4.221775e+01
  1.320000e-02  4.207290e+01
  1.280000e-02  4.009955e+01
  1.250000e-02  3.754705e+01
  1.220000e-02  3.367285e+01
  1.190000e-02  3.354605e+01
  1.160000e-02  3.166325e+01
  1.130000e-02  2.896580e+01
  1.100000e-02  2.800640e+01
  1.070000e-02  2.585195e+01
  1.040000e-02  2.304600e+01
  1.010000e-02  1.999550e+02
