  4.934820e+03  6.344950e-03
  4.806990e+03  0.000000e+00
  4.682470e+03  0.000000e+00
  4.561180e+03  0.000000e+00
  4.443030e+03  0.000000e+00
  4.327940e+03  1.586250e-03
  4.215830e+03  0.000000e+00
  4.106630e+03  1.586250e-03
  4.000250e+03  0.000000e+00
  3.896630e+03  1.586250e-03
  3.795700e+03  0.000000e+00
  3.697380e+03  3.172500e-03
  3.601600e+03  6.345000e-03
  3.508310e+03  1.586250e-03
  3.417430e+03  3.172500e-03
  3.328910e+03  1.586250e-03
  3.242680e+03  6.345000e-03
  3.158680e+03  0.000000e+00
  3.076860e+03  6.345000e-03
  2.997160e+03  1.586250e-03
  2.919530e+03  4.758750e-03
  2.843900e+03  3.172500e-03
  2.770230e+03  4.758750e-03
  2.698480e+03  3.172500e-03
  2.628580e+03  0.000000e+00
  2.560490e+03  3.172500e-03
  2.494160e+03  4.758750e-03
  2.429550e+03  3.172450e-03
  2.366620e+03  6.345000e-03
  2.305320e+03  1.268985e-02
  2.245600e+03  2.379355e-02
  2.187430e+03  1.268995e-02
  2.130770e+03  1.269000e-02
  2.075580e+03  1.110370e-02
  2.021810e+03  1.586240e-02
  1.969440e+03  2.220735e-02
  1.918430e+03  2.855235e-02
  1.868730e+03  1.586240e-02
  1.820330e+03  3.965595e-02
  1.773170e+03  2.062120e-02
  1.727240e+03  3.806970e-02
  1.682500e+03  3.489720e-02
  1.638920e+03  2.855235e-02
  1.596470e+03  3.965595e-02
  1.555110e+03  3.965590e-02
  1.514830e+03  5.234595e-02
  1.475590e+03  6.662175e-02
  1.437370e+03  6.027685e-02
  1.400140e+03  6.662209e-02
  1.363870e+03  8.407075e-02
  1.328540e+03  7.772545e-02
  1.294120e+03  1.046911e-01
  1.260600e+03  8.565645e-02
  1.227950e+03  1.046908e-01
  1.196140e+03  1.189675e-01
  1.165160e+03  1.205535e-01
  1.134980e+03  1.522775e-01
  1.105580e+03  1.966920e-01
  1.076940e+03  1.919335e-01
  1.049040e+03  2.300040e-01
  1.021870e+03  2.204870e-01
  9.953980e+02  2.918665e-01
  9.696140e+02  3.013845e-01
  9.444970e+02  3.362815e-01
  9.200320e+02  4.108355e-01
  8.962000e+02  3.838705e-01
  8.729850e+02  4.489035e-01
  8.503720e+02  5.678715e-01
  8.283450e+02  6.075270e-01
  8.068880e+02  6.725620e-01
  7.859870e+02  8.089810e-01
  7.656270e+02  8.518065e-01
  7.457950e+02  9.438045e-01
  7.264760e+02  1.061190e+00
  7.076580e+02  1.218230e+00
  6.893270e+02  1.443470e+00
  6.714710e+02  1.548175e+00
  6.540780e+02  1.711550e+00
  6.371350e+02  1.927280e+00
  6.206310e+02  2.304795e+00
  6.045550e+02  2.507835e+00
  5.888950e+02  2.818710e+00
  5.736410e+02  3.167690e+00
  5.587810e+02  3.597585e+00
  5.443070e+02  4.051230e+00
  5.302080e+02  4.454140e+00
  5.164740e+02  5.152080e+00
  5.030950e+02  5.635900e+00
  4.900630e+02  6.276730e+00
  4.773690e+02  6.971485e+00
  4.650040e+02  7.977160e+00
  4.529580e+02  8.952695e+00
  4.412250e+02  9.980540e+00
  4.297960e+02  1.121455e+01
  4.186630e+02  1.257095e+01
  4.078180e+02  1.416030e+01
  3.972540e+02  1.577200e+01
  3.869640e+02  1.786575e+01
  3.769400e+02  1.982320e+01
  3.671770e+02  2.224060e+01
  3.576650e+02  2.488310e+01
  3.484010e+02  2.753210e+01
  3.393760e+02  3.092200e+01
  3.305850e+02  3.437520e+01
  3.220220e+02  3.777290e+01
  3.136800e+02  4.240795e+01
  3.055550e+02  4.713490e+01
  2.976400e+02  5.133195e+01
  2.899300e+02  5.768970e+01
  2.824200e+02  6.490230e+01
  2.751040e+02  7.149935e+01
  2.679780e+02  7.917830e+01
  2.610370e+02  8.818820e+01
  2.542750e+02  9.684260e+01
  2.476890e+02  1.086000e+02
  2.412730e+02  1.196880e+02
  2.350230e+02  1.326180e+02
  2.289350e+02  1.477735e+02
  2.230050e+02  1.619755e+02
  2.172280e+02  1.775460e+02
  2.116010e+02  1.954725e+02
  2.061200e+02  2.160160e+02
  2.007810e+02  2.356135e+02
  1.955800e+02  2.602055e+02
  1.905140e+02  2.868185e+02
  1.855790e+02  3.174295e+02
  1.807720e+02  3.475140e+02
  1.760890e+02  3.812660e+02
  1.715280e+02  4.146495e+02
  1.670850e+02  4.517690e+02
  1.627570e+02  4.882965e+02
  1.585410e+02  5.276675e+02
  1.544340e+02  5.680095e+02
  1.504340e+02  6.125245e+02
  1.465370e+02  6.572455e+02
  1.427410e+02  7.041145e+02
  1.390440e+02  7.510200e+02
  1.354420e+02  7.992830e+02
  1.319340e+02  8.474890e+02
  1.285160e+02  8.984115e+02
  1.251870e+02  9.499530e+02
  1.219440e+02  1.000385e+03
  1.187850e+02  1.051830e+03
  1.157090e+02  1.107055e+03
  1.127110e+02  1.162490e+03
  1.097920e+02  1.214480e+03
  1.069480e+02  1.266255e+03
  1.041770e+02  1.313395e+03
  1.014790e+02  1.362955e+03
  9.885030e+01  1.410770e+03
  9.628970e+01  1.456740e+03
  9.379550e+01  1.496645e+03
  9.136590e+01  1.530345e+03
  8.899920e+01  1.554680e+03
  8.669380e+01  1.581700e+03
  8.444820e+01  1.597980e+03
  8.226070e+01  1.606925e+03
  8.012980e+01  1.607080e+03
  7.805420e+01  1.598630e+03
  7.603240e+01  1.582400e+03
  7.406290e+01  1.554970e+03
  7.214440e+01  1.516995e+03
  7.027560e+01  1.471795e+03
  6.845520e+01  1.415720e+03
  6.668200e+01  1.348680e+03
  6.495470e+01  1.274015e+03
  6.327220e+01  1.207450e+03
  6.163320e+01  1.134835e+03
  6.003670e+01  1.058620e+03
  5.848160e+01  9.911775e+02
  5.696670e+01  9.191630e+02
  5.549110e+01  8.555540e+02
  5.405370e+01  7.694615e+02
  5.265350e+01  6.843870e+02
  5.128960e+01  6.048265e+02
  4.996100e+01  5.269795e+02
  4.866690e+01  4.431425e+02
  4.740620e+01  3.709460e+02
  4.617830e+01  3.078370e+02
  4.498210e+01  2.518165e+02
  4.381690e+01  2.191715e+02
  4.268190e+01  1.918325e+02
  4.157630e+01  1.653660e+02
  4.049930e+01  1.415445e+02
  3.945030e+01  1.223325e+02
  3.842840e+01  1.089245e+02
  3.743290e+01  9.503915e+01
  3.646330e+01  8.312335e+01
  3.551880e+01  7.294605e+01
  3.459870e+01  6.267690e+01
  3.370250e+01  5.236475e+01
  3.282950e+01  4.463180e+01
  3.197910e+01  3.699895e+01
  3.115070e+01  3.068565e+01
  3.034380e+01  2.522110e+01
  2.955780e+01  1.988500e+01
  2.879220e+01  1.633020e+01
  2.804640e+01  1.278825e+01
  2.731990e+01  1.020105e+01
  2.661220e+01  7.601225e+00
  2.592290e+01  5.570840e+00
  2.525140e+01  4.038565e+00
  2.459730e+01  3.056670e+00
  2.396010e+01  2.258795e+00
  2.333950e+01  1.571960e+00
  2.273490e+01  1.037393e+00
  2.214600e+01  6.900105e-01
  2.157230e+01  4.393870e-01
  2.101350e+01  3.109025e-01
  2.046920e+01  1.681405e-01
  1.993900e+01  1.602100e-01
  1.942250e+01  6.503515e-02
  1.891940e+01  6.186315e-02
  1.842930e+01  2.537980e-02
  1.795200e+01  3.489710e-02
  1.748690e+01  3.331085e-02
  1.703400e+01  2.696600e-02
  1.659270e+01  1.268990e-02
  1.616290e+01  3.806975e-02
  1.574430e+01  3.965580e-02
  1.533640e+01  3.013855e-02
  1.493920e+01  3.965585e-02
  1.455220e+01  4.441460e-02
  1.417520e+01  3.172475e-02
  1.380800e+01  2.220725e-02
  1.345040e+01  1.110370e-02
  1.310200e+01  9.517450e-03
  1.276260e+01  4.758750e-03
  1.243200e+01  1.110370e-02
  1.211000e+01  0.000000e+00
  1.179630e+01  1.586250e-03
  1.149070e+01  1.586250e-03
  1.119310e+01  0.000000e+00
  1.090310e+01  3.172500e-03
  1.062070e+01  0.000000e+00
  1.034560e+01  0.000000e+00
  1.007760e+01  3.172500e-03
  9.816600e+00  3.172500e-03
  9.562300e+00  1.586250e-03
  9.314600e+00  1.586250e-03
  9.073300e+00  1.586250e-03
  8.838300e+00  1.586250e-03
  8.609300e+00  4.758750e-03
  8.386300e+00  7.931200e-03
  8.169100e+00  3.172500e-03
  7.957500e+00  1.744875e-02
  7.751400e+00  1.427625e-02
  7.550600e+00  4.282830e-02
  7.355000e+00  4.758710e-02
  7.164500e+00  5.075955e-02
  6.978900e+00  3.965590e-02
  6.798100e+00  4.758710e-02
  6.622000e+00  4.600095e-02
  6.450500e+00  4.600075e-02
  6.283400e+00  4.600075e-02
  6.120600e+00  4.441465e-02
  5.962100e+00  2.696620e-02
  5.807600e+00  3.172480e-02
  5.657200e+00  3.172485e-02
  5.510700e+00  3.172460e-02
  5.367900e+00  5.393180e-02
  5.228900e+00  5.075975e-02
  5.093400e+00  3.013850e-02
  4.961500e+00  3.648365e-02
  4.833000e+00  3.648340e-02
  4.707800e+00  4.441455e-02
  4.585800e+00  2.537975e-02
  4.467100e+00  2.696610e-02
  4.351300e+00  3.489725e-02
  4.238600e+00  3.172485e-02
  4.128800e+00  3.806960e-02
  4.021900e+00  3.013840e-02
  3.917700e+00  2.855230e-02
  3.816200e+00  1.744845e-02
  3.717400e+00  1.110375e-02
  3.621100e+00  2.220735e-02
  3.527300e+00  1.903485e-02
  3.435900e+00  1.744855e-02
  3.346900e+00  6.345000e-03
  3.260200e+00  1.268990e-02
  3.175800e+00  9.517450e-03
  3.093500e+00  1.110370e-02
  3.013400e+00  3.172500e-03
  2.935300e+00  1.110370e-02
  2.859300e+00  7.931250e-03
  2.785200e+00  7.931200e-03
  2.713100e+00  1.744860e-02
  2.642800e+00  2.062100e-02
  2.574300e+00  1.268990e-02
  2.507600e+00  1.427620e-02
  2.442700e+00  1.744870e-02
  2.379400e+00  1.268995e-02
  2.317800e+00  1.903495e-02
  2.257700e+00  9.517450e-03
  2.199300e+00  7.931250e-03
  2.142300e+00  1.110370e-02
  2.086800e+00  4.758750e-03
  2.032700e+00  6.345000e-03
  1.980100e+00  4.758750e-03
  1.928800e+00  6.344950e-03
  1.878800e+00  9.517500e-03
  1.830200e+00  7.931250e-03
  1.782800e+00  7.931200e-03
  1.736600e+00  3.172500e-03
  1.691600e+00  7.931200e-03
  1.647800e+00  1.427610e-02
  1.605100e+00  9.517400e-03
  1.563500e+00  7.931250e-03
  1.523000e+00  1.586250e-03
  1.483600e+00  1.586250e-03
  1.445100e+00  3.172500e-03
  1.407700e+00  4.758750e-03
  1.371200e+00  6.345000e-03
  1.335700e+00  6.344950e-03
  1.301100e+00  1.586250e-03
  1.267400e+00  1.586250e-03
  1.234600e+00  6.345000e-03
  1.202600e+00  1.586250e-03
  1.171500e+00  6.345000e-03
  1.141100e+00  4.758750e-03
  1.111600e+00  3.172500e-03
  1.082800e+00  4.758750e-03
  1.054700e+00  0.000000e+00
  1.027400e+00  1.586250e-03
  1.000800e+00  1.586250e-03
  9.749000e-01  3.172500e-03
  9.496000e-01  4.758750e-03
  9.250000e-01  1.586250e-03
  9.010000e-01  1.586250e-03
  8.777000e-01  0.000000e+00
  8.550000e-01  3.172500e-03
  8.328000e-01  1.586250e-03
  8.113000e-01  1.586250e-03
  7.902000e-01  0.000000e+00
  7.698000e-01  1.586250e-03
  7.498000e-01  3.172500e-03
  7.304000e-01  0.000000e+00
  7.115000e-01  3.172500e-03
  6.931000e-01  3.172500e-03
  6.751000e-01  1.586250e-03
  6.576000e-01  6.344950e-03
  6.406000e-01  3.172500e-03
  6.240000e-01  3.172500e-03
  6.078000e-01  0.000000e+00
  5.921000e-01  1.586250e-03
  5.767000e-01  0.000000e+00
  5.618000e-01  0.000000e+00
  5.472000e-01  3.172500e-03
  5.331000e-01  1.586250e-03
  5.193000e-01  1.586250e-03
  5.058000e-01  3.172500e-03
  4.927000e-01  3.172500e-03
  4.799000e-01  1.586250e-03
  4.675000e-01  3.172500e-03
  4.554000e-01  3.172500e-03
  4.436000e-01  0.000000e+00
  4.321000e-01  0.000000e+00
  4.209000e-01  0.000000e+00
  4.100000e-01  3.172500e-03
  3.994000e-01  4.758700e-03
  3.891000e-01  3.172500e-03
  3.790000e-01  0.000000e+00
  3.692000e-01  3.172500e-03
  3.596000e-01  4.758750e-03
  3.503000e-01  1.586250e-03
  3.412000e-01  1.586250e-03
  3.324000e-01  3.172500e-03
  3.238000e-01  0.000000e+00
  3.154000e-01  1.586250e-03
  3.072000e-01  3.172500e-03
  2.992000e-01  3.172500e-03
  2.915000e-01  3.172500e-03
  2.839000e-01  1.586250e-03
  2.766000e-01  0.000000e+00
  2.694000e-01  1.586250e-03
  2.624000e-01  1.586250e-03
  2.556000e-01  1.586250e-03
  2.490000e-01  3.172500e-03
  2.426000e-01  0.000000e+00
  2.363000e-01  0.000000e+00
  2.302000e-01  3.172450e-03
  2.242000e-01  1.586250e-03
  2.184000e-01  0.000000e+00
  2.127000e-01  0.000000e+00
  2.072000e-01  3.172500e-03
  2.019000e-01  1.586250e-03
  1.966000e-01  4.758700e-03
  1.915000e-01  0.000000e+00
  1.866000e-01  0.000000e+00
  1.817000e-01  0.000000e+00
  1.770000e-01  0.000000e+00
  1.725000e-01  0.000000e+00
  1.680000e-01  0.000000e+00
  1.636000e-01  0.000000e+00
  1.594000e-01  0.000000e+00
  1.553000e-01  1.586250e-03
  1.512000e-01  0.000000e+00
  1.473000e-01  0.000000e+00
  1.435000e-01  0.000000e+00
  1.398000e-01  1.586250e-03
  1.362000e-01  1.586250e-03
  1.326000e-01  3.172500e-03
  1.292000e-01  0.000000e+00
  1.259000e-01  0.000000e+00
  1.226000e-01  0.000000e+00
  1.194000e-01  0.000000e+00
  1.163000e-01  0.000000e+00
  1.133000e-01  0.000000e+00
  1.104000e-01  0.000000e+00
  1.075000e-01  0.000000e+00
  1.047000e-01  0.000000e+00
  1.020000e-01  0.000000e+00
  9.940000e-02  0.000000e+00
  9.680000e-02  0.000000e+00
  9.430000e-02  0.000000e+00
  9.190000e-02  0.000000e+00
  8.950000e-02  0.000000e+00
  8.720000e-02  0.000000e+00
  8.490000e-02  0.000000e+00
  8.270000e-02  0.000000e+00
  8.060000e-02  0.000000e+00
  7.850000e-02  0.000000e+00
  7.640000e-02  0.000000e+00
  7.450000e-02  0.000000e+00
  7.250000e-02  0.000000e+00
  7.070000e-02  0.000000e+00
  6.880000e-02  0.000000e+00
  6.700000e-02  0.000000e+00
  6.530000e-02  0.000000e+00
  6.360000e-02  0.000000e+00
  6.200000e-02  0.000000e+00
  6.040000e-02  0.000000e+00
  5.880000e-02  0.000000e+00
  5.730000e-02  0.000000e+00
  5.580000e-02  0.000000e+00
  5.430000e-02  0.000000e+00
  5.290000e-02  0.000000e+00
  5.160000e-02  0.000000e+00
  5.020000e-02  0.000000e+00
  4.890000e-02  0.000000e+00
  4.770000e-02  0.000000e+00
  4.640000e-02  0.000000e+00
  4.520000e-02  0.000000e+00
  4.410000e-02  0.000000e+00
  4.290000e-02  0.000000e+00
  4.180000e-02  0.000000e+00
  4.070000e-02  0.000000e+00
  3.970000e-02  0.000000e+00
  3.860000e-02  0.000000e+00
  3.760000e-02  0.000000e+00
  3.670000e-02  0.000000e+00
  3.570000e-02  0.000000e+00
  3.480000e-02  0.000000e+00
  3.390000e-02  0.000000e+00
  3.300000e-02  0.000000e+00
  3.220000e-02  0.000000e+00
  3.130000e-02  0.000000e+00
  3.050000e-02  0.000000e+00
  2.970000e-02  0.000000e+00
  2.890000e-02  0.000000e+00
  2.820000e-02  0.000000e+00
  2.750000e-02  0.000000e+00
  2.680000e-02  0.000000e+00
  2.610000e-02  0.000000e+00
  2.540000e-02  0.000000e+00
  2.470000e-02  0.000000e+00
  2.410000e-02  0.000000e+00
  2.350000e-02  0.000000e+00
  2.290000e-02  0.000000e+00
  2.230000e-02  0.000000e+00
  2.170000e-02  0.000000e+00
  2.110000e-02  0.000000e+00
  2.060000e-02  0.000000e+00
  2.000000e-02  0.000000e+00
  1.950000e-02  0.000000e+00
  1.900000e-02  0.000000e+00
  1.850000e-02  0.000000e+00
  1.800000e-02  0.000000e+00
  1.760000e-02  0.000000e+00
  1.710000e-02  0.000000e+00
  1.670000e-02  0.000000e+00
  1.630000e-02  0.000000e+00
  1.580000e-02  0.000000e+00
  1.540000e-02  0.000000e+00
  1.500000e-02  0.000000e+00
  1.460000e-02  0.000000e+00
  1.430000e-02  0.000000e+00
  1.390000e-02  0.000000e+00
  1.350000e-02  0.000000e+00
  1.320000e-02  0.000000e+00
  1.280000e-02  0.000000e+00
  1.250000e-02  0.000000e+00
  1.220000e-02  0.000000e+00
  1.190000e-02  0.000000e+00
  1.160000e-02  0.000000e+00
  1.130000e-02  0.000000e+00
  1.100000e-02  0.000000e+00
  1.070000e-02  1.586250e-03
  1.040000e-02  1.586250e-03
  1.010000e-02  1.110370e-02
