  4.934820e+03  2.389550e-02
  4.806990e+03  0.000000e+00
  4.682470e+03  2.389550e-02
  4.561180e+03  0.000000e+00
  4.443030e+03  0.000000e+00
  4.327940e+03  0.000000e+00
  4.215830e+03  0.000000e+00
  4.106630e+03  0.000000e+00
  4.000250e+03  2.389550e-02
  3.896630e+03  0.000000e+00
  3.795700e+03  0.000000e+00
  3.697380e+03  0.000000e+00
  3.601600e+03  2.389550e-02
  3.508310e+03  0.000000e+00
  3.417430e+03  0.000000e+00
  3.328910e+03  0.000000e+00
  3.242680e+03  2.389550e-02
  3.158680e+03  0.000000e+00
  3.076860e+03  4.779100e-02
  2.997160e+03  0.000000e+00
  2.919530e+03  2.389550e-02
  2.843900e+03  2.389550e-02
  2.770230e+03  2.389550e-02
  2.698480e+03  0.000000e+00
  2.628580e+03  0.000000e+00
  2.560490e+03  0.000000e+00
  2.494160e+03  2.389550e-02
  2.429550e+03  0.000000e+00
  2.366620e+03  0.000000e+00
  2.305320e+03  0.000000e+00
  2.245600e+03  2.389550e-02
  2.187430e+03  0.000000e+00
  2.130770e+03  2.389550e-02
  2.075580e+03  2.389550e-02
  2.021810e+03  4.779100e-02
  1.969440e+03  0.000000e+00
  1.918430e+03  9.558250e-02
  1.868730e+03  7.168650e-02
  1.820330e+03  9.558250e-02
  1.773170e+03  2.389550e-02
  1.727240e+03  4.779150e-02
  1.682500e+03  4.779100e-02
  1.638920e+03  1.194775e-01
  1.596470e+03  9.558250e-02
  1.555110e+03  4.779100e-02
  1.514830e+03  1.433735e-01
  1.475590e+03  1.194775e-01
  1.437370e+03  1.672685e-01
  1.400140e+03  3.106410e-01
  1.363870e+03  1.194775e-01
  1.328540e+03  9.558200e-02
  1.294120e+03  2.150605e-01
  1.260600e+03  3.345365e-01
  1.227950e+03  1.194775e-01
  1.196140e+03  1.194775e-01
  1.165160e+03  3.345345e-01
  1.134980e+03  1.672685e-01
  1.105580e+03  2.389555e-01
  1.076940e+03  2.628505e-01
  1.049040e+03  1.911645e-01
  1.021870e+03  2.389555e-01
  9.953980e+02  5.257040e-01
  9.696140e+02  4.062235e-01
  9.444970e+02  2.628510e-01
  9.200320e+02  4.779150e-01
  8.962000e+02  6.690785e-01
  8.729850e+02  2.389555e-01
  8.503720e+02  6.212806e-01
  8.283450e+02  7.168680e-01
  8.068880e+02  6.929765e-01
  7.859870e+02  6.451765e-01
  7.656270e+02  5.973935e-01
  7.457950e+02  1.075300e+00
  7.264760e+02  7.407530e-01
  7.076580e+02  9.319255e-01
  6.893270e+02  1.290370e+00
  6.714710e+02  1.194785e+00
  6.540780e+02  1.266482e+00
  6.371350e+02  1.314260e+00
  6.206310e+02  1.338155e+00
  6.045550e+02  1.457641e+00
  5.888950e+02  1.959450e+00
  5.736410e+02  1.672705e+00
  5.587810e+02  2.652430e+00
  5.443070e+02  2.365695e+00
  5.302080e+02  2.700220e+00
  5.164740e+02  2.819690e+00
  5.030950e+02  3.249810e+00
  4.900630e+02  3.488775e+00
  4.773690e+02  3.584365e+00
  4.650040e+02  3.679950e+00
  4.529580e+02  4.205655e+00
  4.412250e+02  4.587970e+00
  4.297960e+02  5.424335e+00
  4.186630e+02  5.663295e+00
  4.078180e+02  6.404035e+00
  3.972540e+02  6.881965e+00
  3.869640e+02  6.595205e+00
  3.769400e+02  8.339575e+00
  3.671770e+02  8.936955e+00
  3.576650e+02  9.558226e+00
  3.484010e+02  9.940639e+00
  3.393760e+02  1.113550e+01
  3.305850e+02  1.223460e+01
  3.220220e+02  1.338165e+01
  3.136800e+02  1.565175e+01
  3.055550e+02  1.627295e+01
  2.976400e+02  1.720485e+01
  2.899300e+02  1.890155e+01
  2.824200e+02  2.057425e+01
  2.751040e+02  2.167345e+01
  2.679780e+02  2.489930e+01
  2.610370e+02  2.795810e+01
  2.542750e+02  3.013255e+01
  2.476890e+02  3.190075e+01
  2.412730e+02  3.656040e+01
  2.350230e+02  3.730115e+01
  2.289350e+02  4.174575e+01
  2.230050e+02  4.478065e+01
  2.172280e+02  4.998990e+01
  2.116010e+02  5.498405e+01
  2.061200e+02  6.050390e+01
  2.007810e+02  6.607166e+01
  1.955800e+02  7.037290e+01
  1.905140e+02  7.950100e+01
  1.855790e+02  8.370665e+01
  1.807720e+02  9.436415e+01
  1.760890e+02  1.027035e+02
  1.715280e+02  1.064560e+02
  1.670850e+02  1.179255e+02
  1.627570e+02  1.301110e+02
  1.585410e+02  1.412950e+02
  1.544340e+02  1.500655e+02
  1.504340e+02  1.604830e+02
  1.465370e+02  1.750840e+02
  1.427410e+02  1.916905e+02
  1.390440e+02  2.038065e+02
  1.354420e+02  2.126960e+02
  1.319340e+02  2.358990e+02
  1.285160e+02  2.413235e+02
  1.251870e+02  2.606775e+02
  1.219440e+02  2.795570e+02
  1.187850e+02  2.970715e+02
  1.157090e+02  3.161405e+02
  1.127110e+02  3.418515e+02
  1.097920e+02  3.661300e+02
  1.069480e+02  3.851510e+02
  1.041770e+02  4.093100e+02
  1.014790e+02  4.360720e+02
  9.885030e+01  4.704835e+02
  9.628970e+01  4.934000e+02
  9.379550e+01  5.202575e+02
  9.136590e+01  5.518945e+02
  8.899920e+01  5.853020e+02
  8.669380e+01  6.265475e+02
  8.444820e+01  6.590920e+02
  8.226070e+01  6.928555e+02
  8.012980e+01  7.350080e+02
  7.805420e+01  7.843055e+02
  7.603240e+01  8.195515e+02
  7.406290e+01  8.757065e+02
  7.214440e+01  9.204865e+02
  7.027560e+01  9.836670e+02
  6.845520e+01  1.029230e+03
  6.668200e+01  1.081470e+03
  6.495470e+01  1.139095e+03
  6.327220e+01  1.192970e+03
  6.163320e+01  1.235340e+03
  6.003670e+01  1.277525e+03
  5.848160e+01  1.323040e+03
  5.696670e+01  1.358445e+03
  5.549110e+01  1.398145e+03
  5.405370e+01  1.453305e+03
  5.265350e+01  1.508030e+03
  5.128960e+01  1.576165e+03
  4.996100e+01  1.628515e+03
  4.866690e+01  1.714875e+03
  4.740620e+01  1.798535e+03
  4.617830e+01  1.869615e+03
  4.498210e+01  1.943245e+03
  4.381690e+01  1.956935e+03
  4.268190e+01  1.998835e+03
  4.157630e+01  2.019170e+03
  4.049930e+01  2.034010e+03
  3.945030e+01  2.045350e+03
  3.842840e+01  2.054235e+03
  3.743290e+01  2.048630e+03
  3.646330e+01  2.034970e+03
  3.551880e+01  2.038545e+03
  3.459870e+01  2.056790e+03
  3.370250e+01  2.055510e+03
  3.282950e+01  2.064670e+03
  3.197910e+01  2.077190e+03
  3.115070e+01  2.088805e+03
  3.034380e+01  2.089290e+03
  2.955780e+01  2.091780e+03
  2.879220e+01  2.112020e+03
  2.804640e+01  2.106885e+03
  2.731990e+01  2.116460e+03
  2.661220e+01  2.129435e+03
  2.592290e+01  2.132765e+03
  2.525140e+01  2.133230e+03
  2.459730e+01  2.153220e+03
  2.396010e+01  2.160255e+03
  2.333950e+01  2.171205e+03
  2.273490e+01  2.182105e+03
  2.214600e+01  2.182640e+03
  2.157230e+01  2.200650e+03
  2.101350e+01  2.214730e+03
  2.046920e+01  2.230115e+03
  1.993900e+01  2.234320e+03
  1.942250e+01  2.221710e+03
  1.891940e+01  2.228250e+03
  1.842930e+01  2.211000e+03
  1.795200e+01  2.195315e+03
  1.748690e+01  2.152010e+03
  1.703400e+01  2.127380e+03
  1.659270e+01  2.098515e+03
  1.616290e+01  2.047645e+03
  1.574430e+01  2.028155e+03
  1.533640e+01  2.005665e+03
  1.493920e+01  1.973665e+03
  1.455220e+01  1.959730e+03
  1.417520e+01  1.960690e+03
  1.380800e+01  1.976745e+03
  1.345040e+01  2.022855e+03
  1.310200e+01  2.049220e+03
  1.276260e+01  2.108310e+03
  1.243200e+01  2.173525e+03
  1.211000e+01  2.234535e+03
  1.179630e+01  2.296370e+03
  1.149070e+01  2.371935e+03
  1.119310e+01  2.473890e+03
  1.090310e+01  2.572105e+03
  1.062070e+01  2.681590e+03
  1.034560e+01  2.784230e+03
  1.007760e+01  2.898675e+03
  9.816600e+00  3.001375e+03
  9.562300e+00  3.080685e+03
  9.314600e+00  3.062780e+03
  9.073300e+00  2.977520e+03
  8.838300e+00  2.879885e+03
  8.609300e+00  2.754135e+03
  8.386300e+00  2.629315e+03
  8.169100e+00  2.513240e+03
  7.957500e+00  2.399805e+03
  7.751400e+00  2.311440e+03
  7.550600e+00  2.243975e+03
  7.355000e+00  2.262460e+03
  7.164500e+00  2.238345e+03
  6.978900e+00  2.231075e+03
  6.798100e+00  2.225365e+03
  6.622000e+00  2.225165e+03
  6.450500e+00  2.255680e+03
  6.283400e+00  2.303950e+03
  6.120600e+00  2.311500e+03
  5.962100e+00  2.318315e+03
  5.807600e+00  2.319725e+03
  5.657200e+00  2.339205e+03
  5.510700e+00  2.404475e+03
  5.367900e+00  2.503850e+03
  5.228900e+00  2.503955e+03
  5.093400e+00  2.488495e+03
  4.961500e+00  2.504310e+03
  4.833000e+00  2.821720e+03
  4.707800e+00  3.342780e+03
  4.585800e+00  2.858555e+03
  4.467100e+00  2.776630e+03
  4.351300e+00  2.912455e+03
  4.238600e+00  3.078955e+03
  4.128800e+00  3.156815e+03
  4.021900e+00  5.554340e+03
  3.917700e+00  3.852745e+03
  3.816200e+00  2.728335e+03
  3.717400e+00  2.747075e+03
  3.621100e+00  2.769900e+03
  3.527300e+00  2.808570e+03
  3.435900e+00  2.827445e+03
  3.346900e+00  2.847100e+03
  3.260200e+00  2.906125e+03
  3.175800e+00  3.000125e+03
  3.093500e+00  2.980530e+03
  3.013400e+00  3.073835e+03
  2.935300e+00  3.161385e+03
  2.859300e+00  3.161950e+03
  2.785200e+00  3.248630e+03
  2.713100e+00  3.288820e+03
  2.642800e+00  3.262225e+03
  2.574300e+00  3.480145e+03
  2.507600e+00  3.435680e+03
  2.442700e+00  3.684860e+03
  2.379400e+00  3.805985e+03
  2.317800e+00  3.698235e+03
  2.257700e+00  3.551100e+03
  2.199300e+00  4.081245e+03
  2.142300e+00  3.691710e+03
  2.086800e+00  3.690360e+03
  2.032700e+00  4.013380e+03
  1.980100e+00  5.830955e+03
  1.928800e+00  3.628830e+03
  1.878800e+00  3.009300e+03
  1.830200e+00  5.400200e+03
  1.782800e+00  1.563895e+04
  1.736600e+00  6.961620e+03
  1.691600e+00  4.331885e+03
  1.647800e+00  3.794135e+03
  1.605100e+00  3.756280e+03
  1.563500e+00  3.669690e+03
  1.523000e+00  3.643790e+03
  1.483600e+00  3.636715e+03
  1.445100e+00  3.499440e+03
  1.407700e+00  3.445325e+03
  1.371200e+00  3.258145e+03
  1.335700e+00  3.470440e+03
  1.301100e+00  2.973765e+03
  1.267400e+00  2.275300e+03
  1.234600e+00  3.269245e+03
  1.202600e+00  3.607650e+03
  1.171500e+00  3.301495e+03
  1.141100e+00  4.025060e+03
  1.111600e+00  2.703730e+03
  1.082800e+00  2.466040e+03
  1.054700e+00  4.132045e+03
  1.027400e+00  3.201865e+03
  1.000800e+00  2.590295e+03
  9.749000e-01  3.488005e+03
  9.496000e-01  2.820690e+03
  9.250000e-01  2.933005e+03
  9.010000e-01  3.399145e+03
  8.777000e-01  3.593025e+03
  8.550000e-01  3.808050e+03
  8.328000e-01  3.833860e+03
  8.113000e-01  4.210355e+03
  7.902000e-01  4.388715e+03
  7.698000e-01  4.457235e+03
  7.498000e-01  4.846675e+03
  7.304000e-01  4.902900e+03
  7.115000e-01  5.047225e+03
  6.931000e-01  8.005725e+03
  6.751000e-01  4.802910e+04
  6.576000e-01  4.781965e+04
  6.406000e-01  1.130440e+05
  6.240000e-01  2.102945e+04
  6.078000e-01  6.678895e+03
  5.921000e-01  6.543910e+03
  5.767000e-01  6.613015e+03
  5.618000e-01  6.835175e+03
  5.472000e-01  6.783700e+03
  5.331000e-01  8.183975e+03
  5.193000e-01  7.833195e+03
  5.058000e-01  7.981570e+03
  4.927000e-01  1.222545e+04
  4.799000e-01  1.345590e+04
  4.675000e-01  9.147995e+03
  4.554000e-01  8.423029e+03
  4.436000e-01  1.401535e+04
  4.321000e-01  1.389020e+04
  4.209000e-01  1.262055e+04
  4.100000e-01  9.610779e+03
  3.994000e-01  1.693000e+04
  3.891000e-01  2.704495e+04
  3.790000e-01  2.759150e+04
  3.692000e-01  9.626061e+03
  3.596000e-01  7.722065e+03
  3.503000e-01  7.835225e+03
  3.412000e-01  7.874020e+03
  3.324000e-01  8.743380e+03
  3.238000e-01  8.050865e+03
  3.154000e-01  7.267285e+03
  3.072000e-01  9.187180e+03
  2.992000e-01  1.224425e+04
  2.915000e-01  1.371240e+04
  2.839000e-01  1.415365e+04
  2.766000e-01  6.610725e+03
  2.694000e-01  1.567230e+04
  2.624000e-01  2.862100e+04
  2.556000e-01  4.305375e+04
  2.490000e-01  1.613075e+04
  2.426000e-01  8.861230e+03
  2.363000e-01  1.198650e+04
  2.302000e-01  1.173860e+04
  2.242000e-01  9.704359e+03
  2.184000e-01  9.752359e+03
  2.127000e-01  1.040910e+04
  2.072000e-01  1.033285e+04
  2.019000e-01  1.100225e+04
  1.966000e-01  1.238830e+04
  1.915000e-01  1.262955e+04
  1.866000e-01  8.978436e+03
  1.817000e-01  9.038721e+03
  1.770000e-01  8.191355e+03
  1.725000e-01  5.975330e+03
  1.680000e-01  1.357770e+04
  1.636000e-01  1.527110e+04
  1.594000e-01  1.699940e+04
  1.553000e-01  1.783435e+04
  1.512000e-01  1.833010e+04
  1.473000e-01  1.875755e+04
  1.435000e-01  2.140705e+04
  1.398000e-01  1.549000e+04
  1.362000e-01  1.299545e+04
  1.326000e-01  1.131055e+04
  1.292000e-01  1.115585e+04
  1.259000e-01  1.141175e+04
  1.226000e-01  1.180300e+04
  1.194000e-01  1.208215e+04
  1.163000e-01  1.231755e+04
  1.133000e-01  1.277250e+04
  1.104000e-01  1.286455e+04
  1.075000e-01  1.271075e+04
  1.047000e-01  1.264145e+04
  1.020000e-01  1.301830e+04
  9.940000e-02  1.363325e+04
  9.680000e-02  1.375655e+04
  9.430000e-02  1.394110e+04
  9.190000e-02  1.400245e+04
  8.950000e-02  1.547805e+04
  8.720000e-02  1.538305e+04
  8.490000e-02  1.499100e+04
  8.270000e-02  1.465360e+04
  8.060000e-02  1.423890e+04
  7.850000e-02  1.389515e+04
  7.640000e-02  1.359990e+04
  7.450000e-02  1.320705e+04
  7.250000e-02  1.289260e+04
  7.070000e-02  1.242180e+04
  6.880000e-02  1.181835e+04
  6.700000e-02  1.118520e+04
  6.530000e-02  1.052560e+04
  6.360000e-02  9.915165e+03
  6.200000e-02  9.283814e+03
  6.040000e-02  8.648770e+03
  5.880000e-02  8.006565e+03
  5.730000e-02  7.365495e+03
  5.580000e-02  6.744350e+03
  5.430000e-02  6.142120e+03
  5.290000e-02  5.561225e+03
  5.160000e-02  5.014055e+03
  5.020000e-02  4.478540e+03
  4.890000e-02  3.957980e+03
  4.770000e-02  3.461455e+03
  4.640000e-02  3.034335e+03
  4.520000e-02  2.640710e+03
  4.410000e-02  2.290045e+03
  4.290000e-02  1.960335e+03
  4.180000e-02  1.668345e+03
  4.070000e-02  1.411835e+03
  3.970000e-02  1.186065e+03
  3.860000e-02  9.971910e+02
  3.760000e-02  8.283440e+02
  3.670000e-02  6.841825e+02
  3.570000e-02  5.577500e+02
  3.480000e-02  4.540190e+02
  3.390000e-02  3.684005e+02
  3.300000e-02  2.959000e+02
  3.220000e-02  2.423745e+02
  3.130000e-02  1.898995e+02
  3.050000e-02  1.528850e+02
  2.970000e-02  1.217960e+02
  2.890000e-02  1.000995e+02
  2.820000e-02  7.935755e+01
  2.750000e-02  6.322815e+01
  2.680000e-02  5.524685e+01
  2.610000e-02  4.482840e+01
  2.540000e-02  3.959525e+01
  2.470000e-02  3.512675e+01
  2.410000e-02  2.951130e+01
  2.350000e-02  2.874650e+01
  2.290000e-02  2.518610e+01
  2.230000e-02  2.466030e+01
  2.170000e-02  2.430190e+01
  2.110000e-02  2.196020e+01
  2.060000e-02  2.040700e+01
  2.000000e-02  2.083690e+01
  1.950000e-02  2.081315e+01
  1.900000e-02  1.904485e+01
  1.850000e-02  1.868645e+01
  1.800000e-02  1.868655e+01
  1.760000e-02  1.854310e+01
  1.710000e-02  1.818470e+01
  1.670000e-02  1.799340e+01
  1.630000e-02  1.610580e+01
  1.580000e-02  1.627290e+01
  1.540000e-02  1.550835e+01
  1.500000e-02  1.347715e+01
  1.460000e-02  1.259315e+01
  1.430000e-02  1.335765e+01
  1.390000e-02  1.221065e+01
  1.350000e-02  1.137440e+01
  1.320000e-02  1.158945e+01
  1.280000e-02  1.051410e+01
  1.250000e-02  9.534460e+00
  1.220000e-02  8.411325e+00
  1.190000e-02  8.459045e+00
  1.160000e-02  7.837760e+00
  1.130000e-02  7.192600e+00
  1.100000e-02  6.714685e+00
  1.070000e-02  5.878345e+00
  1.040000e-02  4.970300e+00
  1.010000e-02  3.885445e+01
