  4.934820e+03  4.147800e-02
  4.806990e+03  1.036950e-02
  4.682470e+03  0.000000e+00
  4.561180e+03  0.000000e+00
  4.443030e+03  0.000000e+00
  4.327940e+03  0.000000e+00
  4.215830e+03  1.036950e-02
  4.106630e+03  0.000000e+00
  4.000250e+03  1.036950e-02
  3.896630e+03  0.000000e+00
  3.795700e+03  1.036950e-02
  3.697380e+03  0.000000e+00
  3.601600e+03  3.110850e-02
  3.508310e+03  2.073900e-02
  3.417430e+03  0.000000e+00
  3.328910e+03  1.036950e-02
  3.242680e+03  0.000000e+00
  3.158680e+03  0.000000e+00
  3.076860e+03  0.000000e+00
  2.997160e+03  0.000000e+00
  2.919530e+03  1.036950e-02
  2.843900e+03  2.073900e-02
  2.770230e+03  1.036950e-02
  2.698480e+03  1.036950e-02
  2.628580e+03  0.000000e+00
  2.560490e+03  1.036950e-02
  2.494160e+03  0.000000e+00
  2.429550e+03  1.036950e-02
  2.366620e+03  0.000000e+00
  2.305320e+03  2.073900e-02
  2.245600e+03  2.073900e-02
  2.187430e+03  1.036950e-02
  2.130770e+03  2.073900e-02
  2.075580e+03  2.073900e-02
  2.021810e+03  1.036950e-02
  1.969440e+03  2.073850e-02
  1.918430e+03  3.110800e-02
  1.868730e+03  5.184700e-02
  1.820330e+03  1.036950e-02
  1.773170e+03  3.110800e-02
  1.727240e+03  4.147800e-02
  1.682500e+03  3.110850e-02
  1.638920e+03  1.036950e-02
  1.596470e+03  6.221650e-02
  1.555110e+03  5.184700e-02
  1.514830e+03  1.036935e-01
  1.475590e+03  9.332500e-02
  1.437370e+03  1.348020e-01
  1.400140e+03  1.140640e-01
  1.363870e+03  6.221650e-02
  1.328540e+03  1.348010e-01
  1.294120e+03  1.244330e-01
  1.260600e+03  1.140635e-01
  1.227950e+03  1.451705e-01
  1.196140e+03  1.244330e-01
  1.165160e+03  1.451710e-01
  1.134980e+03  1.970185e-01
  1.105580e+03  2.177570e-01
  1.076940e+03  1.762795e-01
  1.049040e+03  3.836635e-01
  1.021870e+03  2.073885e-01
  9.953980e+02  1.451710e-01
  9.696140e+02  3.940335e-01
  9.444970e+02  2.903400e-01
  9.200320e+02  3.110800e-01
  8.962000e+02  3.525540e-01
  8.729850e+02  3.836625e-01
  8.503720e+02  3.732940e-01
  8.283450e+02  5.910450e-01
  8.068880e+02  4.666160e-01
  7.859870e+02  6.117855e-01
  7.656270e+02  5.910510e-01
  7.457950e+02  6.739980e-01
  7.264760e+02  8.295365e-01
  7.076580e+02  6.843705e-01
  6.893270e+02  9.332295e-01
  6.714710e+02  9.643315e-01
  6.540780e+02  9.643355e-01
  6.371350e+02  1.109510e+00
  6.206310e+02  1.285790e+00
  6.045550e+02  1.265055e+00
  5.888950e+02  1.565760e+00
  5.736410e+02  1.752420e+00
  5.587810e+02  1.970150e+00
  5.443070e+02  2.177550e+00
  5.302080e+02  2.125710e+00
  5.164740e+02  2.136080e+00
  5.030950e+02  2.467895e+00
  4.900630e+02  2.934500e+00
  4.773690e+02  3.141900e+00
  4.650040e+02  3.079685e+00
  4.529580e+02  3.784795e+00
  4.412250e+02  3.701835e+00
  4.297960e+02  4.427685e+00
  4.186630e+02  4.645440e+00
  4.078180e+02  5.060220e+00
  3.972540e+02  5.506100e+00
  3.869640e+02  6.470430e+00
  3.769400e+02  6.729670e+00
  3.671770e+02  8.108785e+00
  3.576650e+02  8.606515e+00
  3.484010e+02  9.332350e+00
  3.393760e+02  1.017228e+01
  3.305850e+02  1.162395e+01
  3.220220e+02  1.188320e+01
  3.136800e+02  1.369785e+01
  3.055550e+02  1.475550e+01
  2.976400e+02  1.647680e+01
  2.899300e+02  1.793895e+01
  2.824200e+02  1.904835e+01
  2.751040e+02  2.164075e+01
  2.679780e+02  2.308195e+01
  2.610370e+02  2.517670e+01
  2.542750e+02  2.831855e+01
  2.476890e+02  2.919995e+01
  2.412730e+02  3.379355e+01
  2.350230e+02  3.540070e+01
  2.289350e+02  3.981815e+01
  2.230050e+02  4.475395e+01
  2.172280e+02  4.720080e+01
  2.116010e+02  5.203305e+01
  2.061200e+02  5.613925e+01
  2.007810e+02  6.107510e+01
  1.955800e+02  6.736920e+01
  1.905140e+02  7.282346e+01
  1.855790e+02  7.972950e+01
  1.807720e+02  8.630360e+01
  1.760890e+02  9.724315e+01
  1.715280e+02  1.053415e+02
  1.670850e+02  1.126320e+02
  1.627570e+02  1.210725e+02
  1.585410e+02  1.296780e+02
  1.544340e+02  1.397675e+02
  1.504340e+02  1.497740e+02
  1.465370e+02  1.583395e+02
  1.427410e+02  1.702320e+02
  1.390440e+02  1.838790e+02
  1.354420e+02  1.951705e+02
  1.319340e+02  2.082160e+02
  1.285160e+02  2.228670e+02
  1.251870e+02  2.332990e+02
  1.219440e+02  2.473075e+02
  1.187850e+02  2.624570e+02
  1.157090e+02  2.775350e+02
  1.127110e+02  2.958145e+02
  1.097920e+02  3.091500e+02
  1.069480e+02  3.280420e+02
  1.041770e+02  3.463550e+02
  1.014790e+02  3.657660e+02
  9.885030e+01  3.876660e+02
  9.628970e+01  4.070250e+02
  9.379550e+01  4.238645e+02
  9.136590e+01  4.526815e+02
  8.899920e+01  4.743950e+02
  8.669380e+01  4.951855e+02
  8.444820e+01  5.229220e+02
  8.226070e+01  5.493035e+02
  8.012980e+01  5.773000e+02
  7.805420e+01  6.020105e+02
  7.603240e+01  6.386335e+02
  7.406290e+01  6.692960e+02
  7.214440e+01  7.064290e+02
  7.027560e+01  7.333770e+02
  6.845520e+01  7.770215e+02
  6.668200e+01  8.135015e+02
  6.495470e+01  8.465385e+02
  6.327220e+01  8.757180e+02
  6.163320e+01  9.026045e+02
  6.003670e+01  9.246190e+02
  5.848160e+01  9.502415e+02
  5.696670e+01  9.663240e+02
  5.549110e+01  9.882420e+02
  5.405370e+01  1.020415e+03
  5.265350e+01  1.061475e+03
  5.128960e+01  1.091930e+03
  4.996100e+01  1.134695e+03
  4.866690e+01  1.182970e+03
  4.740620e+01  1.226875e+03
  4.617830e+01  1.270130e+03
  4.498210e+01  1.310675e+03
  4.381690e+01  1.326435e+03
  4.268190e+01  1.329215e+03
  4.157630e+01  1.322080e+03
  4.049930e+01  1.335340e+03
  3.945030e+01  1.319270e+03
  3.842840e+01  1.313135e+03
  3.743290e+01  1.294870e+03
  3.646330e+01  1.283365e+03
  3.551880e+01  1.276805e+03
  3.459870e+01  1.259930e+03
  3.370250e+01  1.261210e+03
  3.282950e+01  1.255580e+03
  3.197910e+01  1.250405e+03
  3.115070e+01  1.240395e+03
  3.034380e+01  1.235195e+03
  2.955780e+01  1.236320e+03
  2.879220e+01  1.229700e+03
  2.804640e+01  1.225720e+03
  2.731990e+01  1.228130e+03
  2.661220e+01  1.221595e+03
  2.592290e+01  1.220095e+03
  2.525140e+01  1.216860e+03
  2.459730e+01  1.222725e+03
  2.396010e+01  1.220545e+03
  2.333950e+01  1.223245e+03
  2.273490e+01  1.220560e+03
  2.214600e+01  1.215275e+03
  2.157230e+01  1.230675e+03
  2.101350e+01  1.217835e+03
  2.046920e+01  1.222945e+03
  1.993900e+01  1.228480e+03
  1.942250e+01  1.226290e+03
  1.891940e+01  1.232910e+03
  1.842930e+01  1.206975e+03
  1.795200e+01  1.184990e+03
  1.748690e+01  1.158875e+03
  1.703400e+01  1.126395e+03
  1.659270e+01  1.088990e+03
  1.616290e+01  1.051100e+03
  1.574430e+01  1.025945e+03
  1.533640e+01  9.912245e+02
  1.493920e+01  9.718595e+02
  1.455220e+01  9.534255e+02
  1.417520e+01  9.470890e+02
  1.380800e+01  9.677865e+02
  1.345040e+01  9.896555e+02
  1.310200e+01  1.021715e+03
  1.276260e+01  1.061490e+03
  1.243200e+01  1.102700e+03
  1.211000e+01  1.150485e+03
  1.179630e+01  1.203755e+03
  1.149070e+01  1.252920e+03
  1.119310e+01  1.309690e+03
  1.090310e+01  1.380995e+03
  1.062070e+01  1.450965e+03
  1.034560e+01  1.514970e+03
  1.007760e+01  1.585775e+03
  9.816600e+00  1.645900e+03
  9.562300e+00  1.678500e+03
  9.314600e+00  1.667230e+03
  9.073300e+00  1.621315e+03
  8.838300e+00  1.548375e+03
  8.609300e+00  1.469030e+03
  8.386300e+00  1.382870e+03
  8.169100e+00  1.308565e+03
  7.957500e+00  1.240655e+03
  7.751400e+00  1.188090e+03
  7.550600e+00  1.164070e+03
  7.355000e+00  1.153400e+03
  7.164500e+00  1.159745e+03
  6.978900e+00  1.169825e+03
  6.798100e+00  1.177505e+03
  6.622000e+00  1.189540e+03
  6.450500e+00  1.208500e+03
  6.283400e+00  1.240035e+03
  6.120600e+00  1.262095e+03
  5.962100e+00  1.266745e+03
  5.807600e+00  1.279845e+03
  5.657200e+00  1.303195e+03
  5.510700e+00  1.325805e+03
  5.367900e+00  1.379360e+03
  5.228900e+00  1.389130e+03
  5.093400e+00  1.395940e+03
  4.961500e+00  1.409440e+03
  4.833000e+00  1.528450e+03
  4.707800e+00  1.690245e+03
  4.585800e+00  1.549075e+03
  4.467100e+00  1.528910e+03
  4.351300e+00  1.584170e+03
  4.238600e+00  1.632030e+03
  4.128800e+00  1.668075e+03
  4.021900e+00  2.398170e+03
  3.917700e+00  1.898830e+03
  3.816200e+00  1.567925e+03
  3.717400e+00  1.560200e+03
  3.621100e+00  1.560250e+03
  3.527300e+00  1.572960e+03
  3.435900e+00  1.572435e+03
  3.346900e+00  1.587460e+03
  3.260200e+00  1.594840e+03
  3.175800e+00  1.621645e+03
  3.093500e+00  1.614665e+03
  3.013400e+00  1.634320e+03
  2.935300e+00  1.666130e+03
  2.859300e+00  1.672835e+03
  2.785200e+00  1.698865e+03
  2.713100e+00  1.693365e+03
  2.642800e+00  1.687740e+03
  2.574300e+00  1.761825e+03
  2.507600e+00  1.730270e+03
  2.442700e+00  1.784670e+03
  2.379400e+00  1.801595e+03
  2.317800e+00  1.741855e+03
  2.257700e+00  1.683360e+03
  2.199300e+00  1.765600e+03
  2.142300e+00  1.648025e+03
  2.086800e+00  1.639780e+03
  2.032700e+00  1.782270e+03
  1.980100e+00  2.507960e+03
  1.928800e+00  1.676830e+03
  1.878800e+00  1.402710e+03
  1.830200e+00  2.192995e+03
  1.782800e+00  5.394135e+03
  1.736600e+00  2.603920e+03
  1.691600e+00  1.567170e+03
  1.647800e+00  1.425900e+03
  1.605100e+00  1.396585e+03
  1.563500e+00  1.353825e+03
  1.523000e+00  1.326605e+03
  1.483600e+00  1.302850e+03
  1.445100e+00  1.247355e+03
  1.407700e+00  1.192560e+03
  1.371200e+00  1.097960e+03
  1.335700e+00  1.158150e+03
  1.301100e+00  9.755840e+02
  1.267400e+00  7.675770e+02
  1.234600e+00  9.643020e+02
  1.202600e+00  1.044570e+03
  1.171500e+00  9.390120e+02
  1.141100e+00  1.104410e+03
  1.111600e+00  8.207615e+02
  1.082800e+00  7.364785e+02
  1.054700e+00  1.056395e+03
  1.027400e+00  8.458530e+02
  1.000800e+00  7.350370e+02
  9.749000e-01  8.628075e+02
  9.496000e-01  7.650050e+02
  9.250000e-01  7.624340e+02
  9.010000e-01  8.567000e+02
  8.777000e-01  8.672355e+02
  8.550000e-01  9.044410e+02
  8.328000e-01  8.970475e+02
  8.113000e-01  9.681070e+02
  7.902000e-01  1.016050e+03
  7.698000e-01  1.000980e+03
  7.498000e-01  1.101090e+03
  7.304000e-01  1.077505e+03
  7.115000e-01  1.077470e+03
  6.931000e-01  1.722585e+03
  6.751000e-01  1.003015e+04
  6.576000e-01  1.092355e+04
  6.406000e-01  2.235590e+04
  6.240000e-01  4.444130e+03
  6.078000e-01  1.391620e+03
  5.921000e-01  1.311840e+03
  5.767000e-01  1.290130e+03
  5.618000e-01  1.309180e+03
  5.472000e-01  1.291860e+03
  5.331000e-01  1.599970e+03
  5.193000e-01  1.588240e+03
  5.058000e-01  1.625950e+03
  4.927000e-01  2.320510e+03
  4.799000e-01  2.481050e+03
  4.675000e-01  1.658820e+03
  4.554000e-01  1.464925e+03
  4.436000e-01  2.291050e+03
  4.321000e-01  2.108010e+03
  4.209000e-01  2.092055e+03
  4.100000e-01  1.735315e+03
  3.994000e-01  3.055360e+03
  3.891000e-01  5.363245e+03
  3.790000e-01  5.339945e+03
  3.692000e-01  1.582235e+03
  3.596000e-01  1.327000e+03
  3.503000e-01  1.337525e+03
  3.412000e-01  1.354600e+03
  3.324000e-01  1.455730e+03
  3.238000e-01  1.448630e+03
  3.154000e-01  1.318400e+03
  3.072000e-01  1.491090e+03
  2.992000e-01  1.954640e+03
  2.915000e-01  2.033510e+03
  2.839000e-01  1.973800e+03
  2.766000e-01  9.744540e+02
  2.694000e-01  2.102545e+03
  2.624000e-01  3.218215e+03
  2.556000e-01  4.443770e+03
  2.490000e-01  1.870865e+03
  2.426000e-01  1.067790e+03
  2.363000e-01  1.323570e+03
  2.302000e-01  1.254085e+03
  2.242000e-01  1.155045e+03
  2.184000e-01  1.136515e+03
  2.127000e-01  1.175475e+03
  2.072000e-01  1.101545e+03
  2.019000e-01  1.137375e+03
  1.966000e-01  1.287470e+03
  1.915000e-01  1.021195e+03
  1.866000e-01  7.014605e+02
  1.817000e-01  6.880330e+02
  1.770000e-01  6.321110e+02
  1.725000e-01  4.668985e+02
  1.680000e-01  1.242705e+03
  1.636000e-01  1.540710e+03
  1.594000e-01  1.806665e+03
  1.553000e-01  1.913155e+03
  1.512000e-01  1.961340e+03
  1.473000e-01  1.941735e+03
  1.435000e-01  1.989035e+03
  1.398000e-01  1.230820e+03
  1.362000e-01  8.984465e+02
  1.326000e-01  6.964550e+02
  1.292000e-01  6.530890e+02
  1.259000e-01  6.389755e+02
  1.226000e-01  6.317285e+02
  1.194000e-01  6.054225e+02
  1.163000e-01  5.745625e+02
  1.133000e-01  5.352715e+02
  1.104000e-01  4.946675e+02
  1.075000e-01  4.459725e+02
  1.047000e-01  4.104065e+02
  1.020000e-01  3.912850e+02
  9.940000e-02  3.550960e+02
  9.680000e-02  3.179630e+02
  9.430000e-02  3.025245e+02
  9.190000e-02  2.953790e+02
  8.950000e-02  3.686800e+02
  8.720000e-02  3.526905e+02
  8.490000e-02  3.189685e+02
  8.270000e-02  2.899055e+02
  8.060000e-02  2.608705e+02
  7.850000e-02  2.561110e+02
  7.640000e-02  2.647680e+02
  7.450000e-02  2.708565e+02
  7.250000e-02  2.717170e+02
  7.070000e-02  2.746715e+02
  6.880000e-02  2.777620e+02
  6.700000e-02  2.729510e+02
  6.530000e-02  2.750350e+02
  6.360000e-02  2.751065e+02
  6.200000e-02  2.676105e+02
  6.040000e-02  2.659820e+02
  5.880000e-02  2.624270e+02
  5.730000e-02  2.508745e+02
  5.580000e-02  2.347090e+02
  5.430000e-02  2.257490e+02
  5.290000e-02  2.159915e+02
  5.160000e-02  1.992565e+02
  5.020000e-02  1.805705e+02
  4.890000e-02  1.552900e+02
  4.770000e-02  1.318670e+02
  4.640000e-02  1.109105e+02
  4.520000e-02  9.354124e+01
  4.410000e-02  7.685725e+01
  4.290000e-02  6.531615e+01
  4.180000e-02  5.338115e+01
  4.070000e-02  4.398645e+01
  3.970000e-02  3.612660e+01
  3.860000e-02  2.870220e+01
  3.760000e-02  2.342430e+01
  3.670000e-02  1.922465e+01
  3.570000e-02  1.515990e+01
  3.480000e-02  1.239125e+01
  3.390000e-02  9.819635e+00
  3.300000e-02  8.067290e+00
  3.220000e-02  7.393305e+00
  3.130000e-02  5.692745e+00
  3.050000e-02  5.018735e+00
  2.970000e-02  4.230660e+00
  2.890000e-02  3.753675e+00
  2.820000e-02  3.245585e+00
  2.750000e-02  3.235220e+00
  2.680000e-02  3.204100e+00
  2.610000e-02  2.789345e+00
  2.540000e-02  2.633805e+00
  2.470000e-02  2.706385e+00
  2.410000e-02  2.581955e+00
  2.350000e-02  2.281235e+00
  2.290000e-02  2.436790e+00
  2.230000e-02  2.011640e+00
  2.170000e-02  2.405675e+00
  2.110000e-02  2.457515e+00
  2.060000e-02  2.478255e+00
  2.000000e-02  2.613070e+00
  1.950000e-02  2.353835e+00
  1.900000e-02  2.602690e+00
  1.850000e-02  2.571585e+00
  1.800000e-02  2.685655e+00
  1.760000e-02  2.602685e+00
  1.710000e-02  2.716755e+00
  1.670000e-02  3.007095e+00
  1.630000e-02  2.986345e+00
  1.580000e-02  3.349280e+00
  1.540000e-02  3.359645e+00
  1.500000e-02  3.276710e+00
  1.460000e-02  3.173000e+00
  1.430000e-02  3.245590e+00
  1.390000e-02  3.048585e+00
  1.350000e-02  3.214475e+00
  1.320000e-02  3.722585e+00
  1.280000e-02  3.370015e+00
  1.250000e-02  3.390745e+00
  1.220000e-02  3.919590e+00
  1.190000e-02  4.002545e+00
  1.160000e-02  4.126975e+00
  1.130000e-02  4.126965e+00
  1.100000e-02  4.116610e+00
  1.070000e-02  3.681095e+00
  1.040000e-02  3.753690e+00
  1.010000e-02  2.818380e+01
