  4.934820e+03  1.790275e-03
  4.806990e+03  3.315250e-04
  4.682470e+03  1.326100e-04
  4.561180e+03  1.989150e-04
  4.443030e+03  7.956800e-04
  4.327940e+03  3.978300e-04
  4.215830e+03  2.652200e-04
  4.106630e+03  5.304450e-04
  4.000250e+03  7.956700e-04
  3.896630e+03  7.293650e-04
  3.795700e+03  7.293600e-04
  3.697380e+03  5.304500e-04
  3.601600e+03  1.259820e-03
  3.508310e+03  7.293750e-04
  3.417430e+03  7.293600e-04
  3.328910e+03  9.945950e-04
  3.242680e+03  7.956800e-04
  3.158680e+03  1.458740e-03
  3.076860e+03  1.259815e-03
  2.997160e+03  1.723970e-03
  2.919530e+03  1.392425e-03
  2.843900e+03  1.392445e-03
  2.770230e+03  1.922890e-03
  2.698480e+03  2.585975e-03
  2.628580e+03  2.851200e-03
  2.560490e+03  2.718590e-03
  2.494160e+03  2.917515e-03
  2.429550e+03  3.713195e-03
  2.366620e+03  3.249050e-03
  2.305320e+03  3.912105e-03
  2.245600e+03  4.906710e-03
  2.187430e+03  3.845810e-03
  2.130770e+03  6.365465e-03
  2.075580e+03  5.636085e-03
  2.021810e+03  7.227465e-03
  1.969440e+03  6.895945e-03
  1.918430e+03  9.813480e-03
  1.868730e+03  9.084060e-03
  1.820330e+03  9.282940e-03
  1.773170e+03  1.094065e-02
  1.727240e+03  1.193525e-02
  1.682500e+03  1.173635e-02
  1.638920e+03  1.273090e-02
  1.596470e+03  1.518435e-02
  1.555110e+03  1.564850e-02
  1.514830e+03  1.922900e-02
  1.475590e+03  2.062155e-02
  1.437370e+03  2.532930e-02
  1.400140e+03  2.433480e-02
  1.363870e+03  2.685440e-02
  1.328540e+03  2.818065e-02
  1.294120e+03  3.235790e-02
  1.260600e+03  3.772875e-02
  1.227950e+03  3.985055e-02
  1.196140e+03  4.462485e-02
  1.165160e+03  4.794010e-02
  1.134980e+03  5.271415e-02
  1.105580e+03  6.113515e-02
  1.076940e+03  5.848280e-02
  1.049040e+03  6.763310e-02
  1.021870e+03  7.665069e-02
  9.953980e+02  8.560225e-02
  9.696140e+02  9.561510e-02
  9.444970e+02  1.069535e-01
  9.200320e+02  1.161700e-01
  8.962000e+02  1.281045e-01
  8.729850e+02  1.430230e-01
  8.503720e+02  1.645080e-01
  8.283450e+02  1.835385e-01
  8.068880e+02  2.046235e-01
  7.859870e+02  2.345945e-01
  7.656270e+02  2.518345e-01
  7.457950e+02  2.789550e-01
  7.264760e+02  3.060735e-01
  7.076580e+02  3.383655e-01
  6.893270e+02  3.746350e-01
  6.714710e+02  4.202545e-01
  6.540780e+02  4.639500e-01
  6.371350e+02  5.260145e-01
  6.206310e+02  5.872155e-01
  6.045550e+02  6.445040e-01
  5.888950e+02  7.208240e-01
  5.736410e+02  7.734060e-01
  5.587810e+02  8.729990e-01
  5.443070e+02  9.498470e-01
  5.302080e+02  1.054490e+00
  5.164740e+02  1.168650e+00
  5.030950e+02  1.248080e+00
  4.900630e+02  1.384155e+00
  4.773690e+02  1.509685e+00
  4.650040e+02  1.664380e+00
  4.529580e+02  1.837625e+00
  4.412250e+02  2.015465e+00
  4.297960e+02  2.200275e+00
  4.186630e+02  2.409075e+00
  4.078180e+02  2.610635e+00
  3.972540e+02  2.860825e+00
  3.869640e+02  3.112705e+00
  3.769400e+02  3.378610e+00
  3.671770e+02  3.712925e+00
  3.576650e+02  4.027690e+00
  3.484010e+02  4.398620e+00
  3.393760e+02  4.727955e+00
  3.305850e+02  5.125205e+00
  3.220220e+02  5.436585e+00
  3.136800e+02  5.883025e+00
  3.055550e+02  6.280330e+00
  2.976400e+02  6.822205e+00
  2.899300e+02  7.282645e+00
  2.824200e+02  7.836840e+00
  2.751040e+02  8.402835e+00
  2.679780e+02  9.051250e+00
  2.610370e+02  9.604640e+00
  2.542750e+02  1.020555e+01
  2.476890e+02  1.092750e+01
  2.412730e+02  1.169260e+01
  2.350230e+02  1.247815e+01
  2.289350e+02  1.336230e+01
  2.230050e+02  1.420630e+01
  2.172280e+02  1.507830e+01
  2.116010e+02  1.588155e+01
  2.061200e+02  1.675955e+01
  2.007810e+02  1.766250e+01
  1.955800e+02  1.870730e+01
  1.905140e+02  1.992460e+01
  1.855790e+02  2.110130e+01
  1.807720e+02  2.228775e+01
  1.760890e+02  2.353670e+01
  1.715280e+02  2.468505e+01
  1.670850e+02  2.581680e+01
  1.627570e+02  2.685250e+01
  1.585410e+02  2.800650e+01
  1.544340e+02  2.898500e+01
  1.504340e+02  3.017935e+01
  1.465370e+02  3.129180e+01
  1.427410e+02  3.224295e+01
  1.390440e+02  3.331190e+01
  1.354420e+02  3.422665e+01
  1.319340e+02  3.513760e+01
  1.285160e+02  3.615350e+01
  1.251870e+02  3.700050e+01
  1.219440e+02  3.785135e+01
  1.187850e+02  3.873120e+01
  1.157090e+02  3.971775e+01
  1.127110e+02  4.059655e+01
  1.097920e+02  4.152240e+01
  1.069480e+02  4.262615e+01
  1.041770e+02  4.347535e+01
  1.014790e+02  4.438745e+01
  9.885030e+01  4.543290e+01
  9.628970e+01  4.646845e+01
  9.379550e+01  4.735975e+01
  9.136590e+01  4.821485e+01
  8.899920e+01  4.923795e+01
  8.669380e+01  5.013755e+01
  8.444820e+01  5.090060e+01
  8.226070e+01  5.178290e+01
  8.012980e+01  5.268275e+01
  7.805420e+01  5.335650e+01
  7.603240e+01  5.412765e+01
  7.406290e+01  5.483390e+01
  7.214440e+01  5.523520e+01
  7.027560e+01  5.559565e+01
  6.845520e+01  5.567690e+01
  6.668200e+01  5.583385e+01
  6.495470e+01  5.549020e+01
  6.327220e+01  5.510680e+01
  6.163320e+01  5.417880e+01
  6.003670e+01  5.336645e+01
  5.848160e+01  5.233715e+01
  5.696670e+01  5.118900e+01
  5.549110e+01  5.011330e+01
  5.405370e+01  4.876060e+01
  5.265350e+01  4.724150e+01
  5.128960e+01  4.560650e+01
  4.996100e+01  4.388805e+01
  4.866690e+01  4.169670e+01
  4.740620e+01  3.928575e+01
  4.617830e+01  3.671480e+01
  4.498210e+01  3.407780e+01
  4.381690e+01  3.248795e+01
  4.268190e+01  3.072790e+01
  4.157630e+01  2.907425e+01
  4.049930e+01  2.745010e+01
  3.945030e+01  2.604440e+01
  3.842840e+01  2.494360e+01
  3.743290e+01  2.381290e+01
  3.646330e+01  2.274660e+01
  3.551880e+01  2.167370e+01
  3.459870e+01  2.055900e+01
  3.370250e+01  1.939015e+01
  3.282950e+01  1.815130e+01
  3.197910e+01  1.695225e+01
  3.115070e+01  1.589085e+01
  3.034380e+01  1.480435e+01
  2.955780e+01  1.372165e+01
  2.879220e+01  1.264415e+01
  2.804640e+01  1.154460e+01
  2.731990e+01  1.052450e+01
  2.661220e+01  9.548745e+00
  2.592290e+01  8.612620e+00
  2.525140e+01  7.689230e+00
  2.459730e+01  6.819945e+00
  2.396010e+01  6.010400e+00
  2.333950e+01  5.262990e+00
  2.273490e+01  4.555225e+00
  2.214600e+01  3.805900e+00
  2.157230e+01  3.192815e+00
  2.101350e+01  2.629080e+00
  2.046920e+01  2.132105e+00
  1.993900e+01  1.734580e+00
  1.942250e+01  1.401870e+00
  1.891940e+01  1.176685e+00
  1.842930e+01  1.079290e+00
  1.795200e+01  9.880425e-01
  1.748690e+01  1.020855e+00
  1.703400e+01  1.050380e+00
  1.659270e+01  1.160500e+00
  1.616290e+01  1.286950e+00
  1.574430e+01  1.412285e+00
  1.533640e+01  1.544815e+00
  1.493920e+01  1.640840e+00
  1.455220e+01  1.643555e+00
  1.417520e+01  1.450150e+00
  1.380800e+01  1.092210e+00
  1.345040e+01  7.181065e-01
  1.310200e+01  4.235705e-01
  1.276260e+01  2.187460e-01
  1.243200e+01  1.027765e-01
  1.211000e+01  5.350985e-02
  1.179630e+01  2.029005e-02
  1.149070e+01  9.216635e-03
  1.119310e+01  5.105630e-03
  1.090310e+01  3.116425e-03
  1.062070e+01  1.525050e-03
  1.034560e+01  1.326130e-03
  1.007760e+01  5.967550e-04
  9.816600e+00  5.304450e-04
  9.562300e+00  1.326100e-04
  9.314600e+00  3.315300e-04
  9.073300e+00  5.304450e-04
  8.838300e+00  2.121815e-03
  8.609300e+00  6.498050e-03
  8.386300e+00  2.214655e-02
  8.169100e+00  5.941100e-02
  7.957500e+00  1.556220e-01
  7.751400e+00  2.713945e-01
  7.550600e+00  4.494285e-01
  7.355000e+00  4.929935e-01
  7.164500e+00  4.409420e-01
  6.978900e+00  3.825260e-01
  6.798100e+00  3.229150e-01
  6.622000e+00  2.576030e-01
  6.450500e+00  2.068780e-01
  6.283400e+00  1.572140e-01
  6.120600e+00  1.225340e-01
  5.962100e+00  1.015165e-01
  5.807600e+00  9.289670e-02
  5.657200e+00  8.619930e-02
  5.510700e+00  6.982125e-02
  5.367900e+00  5.967635e-02
  5.228900e+00  4.290060e-02
  5.093400e+00  3.587220e-02
  4.961500e+00  3.063390e-02
  4.833000e+00  2.413585e-02
  4.707800e+00  2.048895e-02
  4.585800e+00  1.200145e-02
  4.467100e+00  1.047650e-02
  4.351300e+00  1.021117e-02
  4.238600e+00  8.421000e-03
  4.128800e+00  7.227445e-03
  4.021900e+00  1.306240e-02
  3.917700e+00  8.222025e-03
  3.816200e+00  4.376265e-03
  3.717400e+00  4.774100e-03
  3.621100e+00  4.177345e-03
  3.527300e+00  3.580575e-03
  3.435900e+00  3.514280e-03
  3.346900e+00  2.121815e-03
  3.260200e+00  2.188115e-03
  3.175800e+00  8.619750e-04
  3.093500e+00  7.293600e-04
  3.013400e+00  7.293650e-04
  2.935300e+00  5.304450e-04
  2.859300e+00  7.956800e-04
  2.785200e+00  1.259825e-03
  2.713100e+00  1.591360e-03
  2.642800e+00  1.723970e-03
  2.574300e+00  1.458740e-03
  2.507600e+00  1.723960e-03
  2.442700e+00  1.790285e-03
  2.379400e+00  1.259815e-03
  2.317800e+00  9.282900e-04
  2.257700e+00  7.956800e-04
  2.199300e+00  1.525045e-03
  2.142300e+00  7.956600e-04
  2.086800e+00  1.060895e-03
  2.032700e+00  6.630500e-04
  1.980100e+00  1.193515e-03
  1.928800e+00  5.304450e-04
  1.878800e+00  4.641350e-04
  1.830200e+00  4.641400e-04
  1.782800e+00  9.945950e-04
  1.736600e+00  8.619800e-04
  1.691600e+00  3.978350e-04
  1.647800e+00  5.304400e-04
  1.605100e+00  2.652250e-04
  1.563500e+00  3.978350e-04
  1.523000e+00  5.967550e-04
  1.483600e+00  3.315250e-04
  1.445100e+00  6.630550e-04
  1.407700e+00  1.326100e-04
  1.371200e+00  1.326100e-04
  1.335700e+00  5.304450e-04
  1.301100e+00  3.315250e-04
  1.267400e+00  3.315250e-04
  1.234600e+00  5.304500e-04
  1.202600e+00  1.326100e-04
  1.171500e+00  6.630500e-05
  1.141100e+00  1.326100e-04
  1.111600e+00  1.989150e-04
  1.082800e+00  0.000000e+00
  1.054700e+00  2.652200e-04
  1.027400e+00  1.989150e-04
  1.000800e+00  6.630500e-05
  9.749000e-01  1.326100e-04
  9.496000e-01  2.652200e-04
  9.250000e-01  1.326100e-04
  9.010000e-01  2.652200e-04
  8.777000e-01  3.978300e-04
  8.550000e-01  1.326100e-04
  8.328000e-01  1.326150e-04
  8.113000e-01  3.315250e-04
  7.902000e-01  6.630500e-05
  7.698000e-01  1.326150e-04
  7.498000e-01  0.000000e+00
  7.304000e-01  1.326100e-04
  7.115000e-01  6.630500e-05
  6.931000e-01  3.315250e-04
  6.751000e-01  2.652200e-04
  6.576000e-01  3.315250e-04
  6.406000e-01  4.641450e-04
  6.240000e-01  0.000000e+00
  6.078000e-01  6.630500e-05
  5.921000e-01  6.630500e-05
  5.767000e-01  1.989150e-04
  5.618000e-01  2.652200e-04
  5.472000e-01  1.989150e-04
  5.331000e-01  1.326100e-04
  5.193000e-01  1.989150e-04
  5.058000e-01  6.630500e-05
  4.927000e-01  1.326100e-04
  4.799000e-01  0.000000e+00
  4.675000e-01  3.978300e-04
  4.554000e-01  1.326100e-04
  4.436000e-01  1.989150e-04
  4.321000e-01  6.630500e-05
  4.209000e-01  0.000000e+00
  4.100000e-01  1.326100e-04
  3.994000e-01  6.630500e-05
  3.891000e-01  6.630500e-05
  3.790000e-01  6.630500e-05
  3.692000e-01  0.000000e+00
  3.596000e-01  6.630500e-05
  3.503000e-01  1.326100e-04
  3.412000e-01  1.326100e-04
  3.324000e-01  6.630500e-05
  3.238000e-01  6.630500e-05
  3.154000e-01  1.326100e-04
  3.072000e-01  0.000000e+00
  2.992000e-01  6.630500e-05
  2.915000e-01  0.000000e+00
  2.839000e-01  6.630500e-05
  2.766000e-01  0.000000e+00
  2.694000e-01  1.326100e-04
  2.624000e-01  6.630500e-05
  2.556000e-01  0.000000e+00
  2.490000e-01  1.326100e-04
  2.426000e-01  0.000000e+00
  2.363000e-01  6.630500e-05
  2.302000e-01  0.000000e+00
  2.242000e-01  0.000000e+00
  2.184000e-01  6.630500e-05
  2.127000e-01  0.000000e+00
  2.072000e-01  1.989150e-04
  2.019000e-01  6.630500e-05
  1.966000e-01  0.000000e+00
  1.915000e-01  0.000000e+00
  1.866000e-01  0.000000e+00
  1.817000e-01  0.000000e+00
  1.770000e-01  0.000000e+00
  1.725000e-01  0.000000e+00
  1.680000e-01  0.000000e+00
  1.636000e-01  0.000000e+00
  1.594000e-01  0.000000e+00
  1.553000e-01  0.000000e+00
  1.512000e-01  0.000000e+00
  1.473000e-01  0.000000e+00
  1.435000e-01  0.000000e+00
  1.398000e-01  0.000000e+00
  1.362000e-01  0.000000e+00
  1.326000e-01  0.000000e+00
  1.292000e-01  0.000000e+00
  1.259000e-01  0.000000e+00
  1.226000e-01  0.000000e+00
  1.194000e-01  0.000000e+00
  1.163000e-01  0.000000e+00
  1.133000e-01  0.000000e+00
  1.104000e-01  0.000000e+00
  1.075000e-01  0.000000e+00
  1.047000e-01  0.000000e+00
  1.020000e-01  0.000000e+00
  9.940000e-02  0.000000e+00
  9.680000e-02  0.000000e+00
  9.430000e-02  0.000000e+00
  9.190000e-02  0.000000e+00
  8.950000e-02  0.000000e+00
  8.720000e-02  0.000000e+00
  8.490000e-02  0.000000e+00
  8.270000e-02  0.000000e+00
  8.060000e-02  0.000000e+00
  7.850000e-02  0.000000e+00
  7.640000e-02  0.000000e+00
  7.450000e-02  0.000000e+00
  7.250000e-02  0.000000e+00
  7.070000e-02  0.000000e+00
  6.880000e-02  0.000000e+00
  6.700000e-02  0.000000e+00
  6.530000e-02  0.000000e+00
  6.360000e-02  0.000000e+00
  6.200000e-02  0.000000e+00
  6.040000e-02  0.000000e+00
  5.880000e-02  0.000000e+00
  5.730000e-02  0.000000e+00
  5.580000e-02  0.000000e+00
  5.430000e-02  0.000000e+00
  5.290000e-02  0.000000e+00
  5.160000e-02  0.000000e+00
  5.020000e-02  0.000000e+00
  4.890000e-02  0.000000e+00
  4.770000e-02  0.000000e+00
  4.640000e-02  0.000000e+00
  4.520000e-02  0.000000e+00
  4.410000e-02  0.000000e+00
  4.290000e-02  0.000000e+00
  4.180000e-02  0.000000e+00
  4.070000e-02  0.000000e+00
  3.970000e-02  0.000000e+00
  3.860000e-02  0.000000e+00
  3.760000e-02  0.000000e+00
  3.670000e-02  0.000000e+00
  3.570000e-02  0.000000e+00
  3.480000e-02  0.000000e+00
  3.390000e-02  0.000000e+00
  3.300000e-02  0.000000e+00
  3.220000e-02  0.000000e+00
  3.130000e-02  0.000000e+00
  3.050000e-02  0.000000e+00
  2.970000e-02  0.000000e+00
  2.890000e-02  0.000000e+00
  2.820000e-02  0.000000e+00
  2.750000e-02  0.000000e+00
  2.680000e-02  0.000000e+00
  2.610000e-02  0.000000e+00
  2.540000e-02  0.000000e+00
  2.470000e-02  0.000000e+00
  2.410000e-02  0.000000e+00
  2.350000e-02  0.000000e+00
  2.290000e-02  0.000000e+00
  2.230000e-02  0.000000e+00
  2.170000e-02  0.000000e+00
  2.110000e-02  0.000000e+00
  2.060000e-02  0.000000e+00
  2.000000e-02  0.000000e+00
  1.950000e-02  0.000000e+00
  1.900000e-02  0.000000e+00
  1.850000e-02  0.000000e+00
  1.800000e-02  0.000000e+00
  1.760000e-02  0.000000e+00
  1.710000e-02  0.000000e+00
  1.670000e-02  0.000000e+00
  1.630000e-02  0.000000e+00
  1.580000e-02  0.000000e+00
  1.540000e-02  0.000000e+00
  1.500000e-02  0.000000e+00
  1.460000e-02  0.000000e+00
  1.430000e-02  0.000000e+00
  1.390000e-02  0.000000e+00
  1.350000e-02  0.000000e+00
  1.320000e-02  0.000000e+00
  1.280000e-02  0.000000e+00
  1.250000e-02  0.000000e+00
  1.220000e-02  0.000000e+00
  1.190000e-02  0.000000e+00
  1.160000e-02  0.000000e+00
  1.130000e-02  0.000000e+00
  1.100000e-02  0.000000e+00
  1.070000e-02  0.000000e+00
  1.040000e-02  0.000000e+00
  1.010000e-02  0.000000e+00
