  4.934820e+03  4.253940e-03
  4.806990e+03  0.000000e+00
  4.682470e+03  7.089800e-04
  4.561180e+03  0.000000e+00
  4.443030e+03  0.000000e+00
  4.327940e+03  3.544900e-04
  4.215830e+03  1.063470e-03
  4.106630e+03  1.063490e-03
  4.000250e+03  3.544900e-04
  3.896630e+03  7.089800e-04
  3.795700e+03  1.772450e-03
  3.697380e+03  1.063470e-03
  3.601600e+03  1.772450e-03
  3.508310e+03  1.063470e-03
  3.417430e+03  1.772450e-03
  3.328910e+03  1.063470e-03
  3.242680e+03  2.835940e-03
  3.158680e+03  3.544960e-03
  3.076860e+03  4.253960e-03
  2.997160e+03  4.608460e-03
  2.919530e+03  3.190450e-03
  2.843900e+03  2.481480e-03
  2.770230e+03  1.772470e-03
  2.698480e+03  4.253940e-03
  2.628580e+03  4.608430e-03
  2.560490e+03  4.962920e-03
  2.494160e+03  5.317400e-03
  2.429550e+03  6.380870e-03
  2.366620e+03  6.026430e-03
  2.305320e+03  7.798900e-03
  2.245600e+03  8.862410e-03
  2.187430e+03  7.798860e-03
  2.130770e+03  1.276195e-02
  2.075580e+03  1.134382e-02
  2.021810e+03  1.028034e-02
  1.969440e+03  1.276195e-02
  1.918430e+03  2.020605e-02
  1.868730e+03  1.559765e-02
  1.820330e+03  1.985165e-02
  1.773170e+03  2.268765e-02
  1.727240e+03  2.020615e-02
  1.682500e+03  2.516900e-02
  1.638920e+03  3.190435e-02
  1.596470e+03  2.906845e-02
  1.555110e+03  3.332230e-02
  1.514830e+03  4.112105e-02
  1.475590e+03  3.580360e-02
  1.437370e+03  4.537505e-02
  1.400140e+03  5.671875e-02
  1.363870e+03  6.097260e-02
  1.328540e+03  6.239070e-02
  1.294120e+03  6.451755e-02
  1.260600e+03  8.117899e-02
  1.227950e+03  6.841730e-02
  1.196140e+03  9.500510e-02
  1.165160e+03  1.077670e-01
  1.134980e+03  1.003223e-01
  1.105580e+03  1.081215e-01
  1.076940e+03  1.364825e-01
  1.049040e+03  1.418000e-01
  1.021870e+03  1.563345e-01
  9.953980e+02  1.744130e-01
  9.696140e+02  1.974530e-01
  9.444970e+02  2.343185e-01
  9.200320e+02  2.484970e-01
  8.962000e+02  2.718920e-01
  8.729850e+02  3.307385e-01
  8.503720e+02  3.605165e-01
  8.283450e+02  4.048290e-01
  8.068880e+02  4.661575e-01
  7.859870e+02  5.281945e-01
  7.656270e+02  5.600990e-01
  7.457950e+02  6.551005e-01
  7.264760e+02  7.405310e-01
  7.076580e+02  8.071770e-01
  6.893270e+02  8.695705e-01
  6.714710e+02  9.585479e-01
  6.540780e+02  1.092545e+00
  6.371350e+02  1.273335e+00
  6.206310e+02  1.440660e+00
  6.045550e+02  1.564015e+00
  5.888950e+02  1.788070e+00
  5.736410e+02  1.986565e+00
  5.587810e+02  2.182250e+00
  5.443070e+02  2.521855e+00
  5.302080e+02  2.661165e+00
  5.164740e+02  2.997935e+00
  5.030950e+02  3.399220e+00
  4.900630e+02  3.701240e+00
  4.773690e+02  4.136205e+00
  4.650040e+02  4.560895e+00
  4.529580e+02  5.097235e+00
  4.412250e+02  5.638900e+00
  4.297960e+02  6.262450e+00
  4.186630e+02  6.941310e+00
  4.078180e+02  7.717275e+00
  3.972540e+02  8.581881e+00
  3.869640e+02  9.327390e+00
  3.769400e+02  1.055610e+01
  3.671770e+02  1.141535e+01
  3.576650e+02  1.281425e+01
  3.484010e+02  1.404505e+01
  3.393760e+02  1.552215e+01
  3.305850e+02  1.693870e+01
  3.220220e+02  1.856830e+01
  3.136800e+02  2.022960e+01
  3.055550e+02  2.218120e+01
  2.976400e+02  2.431750e+01
  2.899300e+02  2.659645e+01
  2.824200e+02  2.916935e+01
  2.751040e+02  3.185995e+01
  2.679780e+02  3.470505e+01
  2.610370e+02  3.783780e+01
  2.542750e+02  4.111285e+01
  2.476890e+02  4.476100e+01
  2.412730e+02  4.867275e+01
  2.350230e+02  5.352785e+01
  2.289350e+02  5.818000e+01
  2.230050e+02  6.292935e+01
  2.172280e+02  6.830875e+01
  2.116010e+02  7.371665e+01
  2.061200e+02  7.900455e+01
  2.007810e+02  8.538785e+01
  1.955800e+02  9.301656e+01
  1.905140e+02  1.006755e+02
  1.855790e+02  1.091955e+02
  1.807720e+02  1.175260e+02
  1.760890e+02  1.256460e+02
  1.715280e+02  1.355640e+02
  1.670850e+02  1.439755e+02
  1.627570e+02  1.532315e+02
  1.585410e+02  1.624315e+02
  1.544340e+02  1.715880e+02
  1.504340e+02  1.810235e+02
  1.465370e+02  1.904865e+02
  1.427410e+02  2.012660e+02
  1.390440e+02  2.105785e+02
  1.354420e+02  2.198740e+02
  1.319340e+02  2.289000e+02
  1.285160e+02  2.383540e+02
  1.251870e+02  2.476450e+02
  1.219440e+02  2.572080e+02
  1.187850e+02  2.663240e+02
  1.157090e+02  2.755520e+02
  1.127110e+02  2.846835e+02
  1.097920e+02  2.936755e+02
  1.069480e+02  3.023790e+02
  1.041770e+02  3.107470e+02
  1.014790e+02  3.199195e+02
  9.885030e+01  3.280325e+02
  9.628970e+01  3.350185e+02
  9.379550e+01  3.421895e+02
  9.136590e+01  3.490235e+02
  8.899920e+01  3.539965e+02
  8.669380e+01  3.586895e+02
  8.444820e+01  3.630475e+02
  8.226070e+01  3.658810e+02
  8.012980e+01  3.671820e+02
  7.805420e+01  3.683215e+02
  7.603240e+01  3.679215e+02
  7.406290e+01  3.652130e+02
  7.214440e+01  3.607665e+02
  7.027560e+01  3.547010e+02
  6.845520e+01  3.484215e+02
  6.668200e+01  3.380910e+02
  6.495470e+01  3.258375e+02
  6.327220e+01  3.140850e+02
  6.163320e+01  3.009125e+02
  6.003670e+01  2.878215e+02
  5.848160e+01  2.740525e+02
  5.696670e+01  2.610990e+02
  5.549110e+01  2.483040e+02
  5.405370e+01  2.315680e+02
  5.265350e+01  2.127250e+02
  5.128960e+01  1.950435e+02
  4.996100e+01  1.769095e+02
  4.866690e+01  1.563035e+02
  4.740620e+01  1.372070e+02
  4.617830e+01  1.188855e+02
  4.498210e+01  1.023295e+02
  4.381690e+01  9.326434e+01
  4.268190e+01  8.454870e+01
  4.157630e+01  7.649040e+01
  4.049930e+01  6.877100e+01
  3.945030e+01  6.290060e+01
  3.842840e+01  5.815480e+01
  3.743290e+01  5.427505e+01
  3.646330e+01  5.014505e+01
  3.551880e+01  4.636970e+01
  3.459870e+01  4.236045e+01
  3.370250e+01  3.816885e+01
  3.282950e+01  3.401560e+01
  3.197910e+01  3.041760e+01
  3.115070e+01  2.708200e+01
  3.034380e+01  2.400125e+01
  2.955780e+01  2.089770e+01
  2.879220e+01  1.809460e+01
  2.804640e+01  1.573805e+01
  2.731990e+01  1.319455e+01
  2.661220e+01  1.109520e+01
  2.592290e+01  9.275274e+00
  2.525140e+01  7.597825e+00
  2.459730e+01  6.148305e+00
  2.396010e+01  4.985575e+00
  2.333950e+01  3.981305e+00
  2.273490e+01  3.090455e+00
  2.214600e+01  2.280095e+00
  2.157230e+01  1.699785e+00
  2.101350e+01  1.212370e+00
  2.046920e+01  7.968960e-01
  1.993900e+01  5.792420e-01
  1.942250e+01  4.023475e-01
  1.891940e+01  3.289660e-01
  1.842930e+01  2.704750e-01
  1.795200e+01  2.488515e-01
  1.748690e+01  2.424700e-01
  1.703400e+01  2.523960e-01
  1.659270e+01  3.048605e-01
  1.616290e+01  3.520085e-01
  1.574430e+01  4.420515e-01
  1.533640e+01  5.384750e-01
  1.493920e+01  6.139795e-01
  1.455220e+01  5.778240e-01
  1.417520e+01  4.562315e-01
  1.380800e+01  2.967070e-01
  1.345040e+01  1.403820e-01
  1.310200e+01  5.281940e-02
  1.276260e+01  1.878825e-02
  1.243200e+01  3.899450e-03
  1.211000e+01  2.126980e-03
  1.179630e+01  3.544900e-04
  1.149070e+01  3.544900e-04
  1.119310e+01  3.544900e-04
  1.090310e+01  3.544900e-04
  1.062070e+01  3.544900e-04
  1.034560e+01  1.063470e-03
  1.007760e+01  0.000000e+00
  9.816600e+00  3.544900e-04
  9.562300e+00  7.089800e-04
  9.314600e+00  1.063470e-03
  9.073300e+00  7.089800e-04
  8.838300e+00  1.063470e-03
  8.609300e+00  1.063470e-03
  8.386300e+00  2.481450e-03
  8.169100e+00  8.862380e-03
  7.957500e+00  1.488870e-02
  7.751400e+00  2.623240e-02
  7.550600e+00  6.629040e-02
  7.355000e+00  7.267095e-02
  7.164500e+00  5.033790e-02
  6.978900e+00  5.600985e-02
  6.798100e+00  4.076670e-02
  6.622000e+00  3.544935e-02
  6.450500e+00  2.658700e-02
  6.283400e+00  2.694135e-02
  6.120600e+00  2.729600e-02
  5.962100e+00  2.339670e-02
  5.807600e+00  1.843360e-02
  5.657200e+00  2.375100e-02
  5.510700e+00  2.410565e-02
  5.367900e+00  2.304215e-02
  5.228900e+00  2.091520e-02
  5.093400e+00  2.162400e-02
  4.961500e+00  1.595225e-02
  4.833000e+00  1.701580e-02
  4.707800e+00  1.807930e-02
  4.585800e+00  1.949720e-02
  4.467100e+00  1.772480e-02
  4.351300e+00  2.126960e-02
  4.238600e+00  1.595230e-02
  4.128800e+00  1.595225e-02
  4.021900e+00  2.942285e-02
  3.917700e+00  2.552350e-02
  3.816200e+00  2.056050e-02
  3.717400e+00  1.559780e-02
  3.621100e+00  2.056055e-02
  3.527300e+00  1.666140e-02
  3.435900e+00  1.488875e-02
  3.346900e+00  1.205290e-02
  3.260200e+00  1.169830e-02
  3.175800e+00  9.925811e-03
  3.093500e+00  8.153460e-03
  3.013400e+00  8.507930e-03
  2.935300e+00  8.862440e-03
  2.859300e+00  8.507920e-03
  2.785200e+00  1.630675e-02
  2.713100e+00  1.666115e-02
  2.642800e+00  1.240735e-02
  2.574300e+00  1.347090e-02
  2.507600e+00  1.276180e-02
  2.442700e+00  1.382540e-02
  2.379400e+00  1.524330e-02
  2.317800e+00  1.453440e-02
  2.257700e+00  1.453430e-02
  2.199300e+00  1.524329e-02
  2.142300e+00  1.417980e-02
  2.086800e+00  1.453430e-02
  2.032700e+00  1.169840e-02
  1.980100e+00  9.216840e-03
  1.928800e+00  1.240730e-02
  1.878800e+00  9.216860e-03
  1.830200e+00  1.134380e-02
  1.782800e+00  1.630670e-02
  1.736600e+00  8.862350e-03
  1.691600e+00  9.216879e-03
  1.647800e+00  9.925810e-03
  1.605100e+00  1.098935e-02
  1.563500e+00  9.216840e-03
  1.523000e+00  8.507879e-03
  1.483600e+00  5.671860e-03
  1.445100e+00  1.169841e-02
  1.407700e+00  7.444380e-03
  1.371200e+00  5.317390e-03
  1.335700e+00  7.089940e-03
  1.301100e+00  4.608430e-03
  1.267400e+00  3.190450e-03
  1.234600e+00  4.608450e-03
  1.202600e+00  6.026470e-03
  1.171500e+00  7.444390e-03
  1.141100e+00  7.089900e-03
  1.111600e+00  3.899410e-03
  1.082800e+00  6.026420e-03
  1.054700e+00  7.089910e-03
  1.027400e+00  5.671930e-03
  1.000800e+00  2.835920e-03
  9.749000e-01  5.317450e-03
  9.496000e-01  3.190430e-03
  9.250000e-01  4.253960e-03
  9.010000e-01  5.317410e-03
  8.777000e-01  6.026380e-03
  8.550000e-01  6.026430e-03
  8.328000e-01  3.544950e-03
  8.113000e-01  6.735370e-03
  7.902000e-01  6.380900e-03
  7.698000e-01  4.608390e-03
  7.498000e-01  6.380900e-03
  7.304000e-01  6.026430e-03
  7.115000e-01  7.089920e-03
  6.931000e-01  9.216940e-03
  6.751000e-01  1.240745e-02
  6.576000e-01  1.417975e-02
  6.406000e-01  2.835940e-02
  6.240000e-01  5.317440e-03
  6.078000e-01  3.899410e-03
  5.921000e-01  6.380930e-03
  5.767000e-01  6.380950e-03
  5.618000e-01  8.153331e-03
  5.472000e-01  4.253910e-03
  5.331000e-01  8.153370e-03
  5.193000e-01  7.089890e-03
  5.058000e-01  8.507930e-03
  4.927000e-01  9.216920e-03
  4.799000e-01  7.798910e-03
  4.675000e-01  7.089910e-03
  4.554000e-01  6.735400e-03
  4.436000e-01  6.026430e-03
  4.321000e-01  5.671900e-03
  4.209000e-01  6.380930e-03
  4.100000e-01  4.962900e-03
  3.994000e-01  1.098937e-02
  3.891000e-01  8.862360e-03
  3.790000e-01  8.507860e-03
  3.692000e-01  6.735420e-03
  3.596000e-01  7.089880e-03
  3.503000e-01  4.608380e-03
  3.412000e-01  7.089940e-03
  3.324000e-01  6.380910e-03
  3.238000e-01  6.735440e-03
  3.154000e-01  4.253950e-03
  3.072000e-01  4.608400e-03
  2.992000e-01  3.190450e-03
  2.915000e-01  5.317440e-03
  2.839000e-01  8.153380e-03
  2.766000e-01  4.608450e-03
  2.694000e-01  6.026340e-03
  2.624000e-01  6.026380e-03
  2.556000e-01  5.671930e-03
  2.490000e-01  6.735410e-03
  2.426000e-01  3.544920e-03
  2.363000e-01  3.544940e-03
  2.302000e-01  4.608430e-03
  2.242000e-01  2.481470e-03
  2.184000e-01  3.190480e-03
  2.127000e-01  4.253960e-03
  2.072000e-01  2.835940e-03
  2.019000e-01  4.608440e-03
  1.966000e-01  2.126980e-03
  1.915000e-01  2.481430e-03
  1.866000e-01  3.190450e-03
  1.817000e-01  2.481470e-03
  1.770000e-01  3.190430e-03
  1.725000e-01  2.481430e-03
  1.680000e-01  1.417960e-03
  1.636000e-01  2.126980e-03
  1.594000e-01  1.772470e-03
  1.553000e-01  2.481450e-03
  1.512000e-01  3.544900e-04
  1.473000e-01  3.544900e-04
  1.435000e-01  2.481460e-03
  1.398000e-01  1.417980e-03
  1.362000e-01  0.000000e+00
  1.326000e-01  3.544900e-04
  1.292000e-01  3.544900e-04
  1.259000e-01  1.063490e-03
  1.226000e-01  1.063470e-03
  1.194000e-01  7.089800e-04
  1.163000e-01  0.000000e+00
  1.133000e-01  3.544900e-04
  1.104000e-01  0.000000e+00
  1.075000e-01  3.544900e-04
  1.047000e-01  0.000000e+00
  1.020000e-01  0.000000e+00
  9.940000e-02  3.544900e-04
  9.680000e-02  0.000000e+00
  9.430000e-02  0.000000e+00
  9.190000e-02  0.000000e+00
  8.950000e-02  0.000000e+00
  8.720000e-02  0.000000e+00
  8.490000e-02  0.000000e+00
  8.270000e-02  3.544900e-04
  8.060000e-02  0.000000e+00
  7.850000e-02  0.000000e+00
  7.640000e-02  3.544900e-04
  7.450000e-02  0.000000e+00
  7.250000e-02  0.000000e+00
  7.070000e-02  0.000000e+00
  6.880000e-02  0.000000e+00
  6.700000e-02  0.000000e+00
  6.530000e-02  0.000000e+00
  6.360000e-02  0.000000e+00
  6.200000e-02  0.000000e+00
  6.040000e-02  3.544900e-04
  5.880000e-02  0.000000e+00
  5.730000e-02  0.000000e+00
  5.580000e-02  0.000000e+00
  5.430000e-02  0.000000e+00
  5.290000e-02  0.000000e+00
  5.160000e-02  0.000000e+00
  5.020000e-02  0.000000e+00
  4.890000e-02  0.000000e+00
  4.770000e-02  0.000000e+00
  4.640000e-02  0.000000e+00
  4.520000e-02  0.000000e+00
  4.410000e-02  0.000000e+00
  4.290000e-02  0.000000e+00
  4.180000e-02  0.000000e+00
  4.070000e-02  0.000000e+00
  3.970000e-02  0.000000e+00
  3.860000e-02  0.000000e+00
  3.760000e-02  0.000000e+00
  3.670000e-02  0.000000e+00
  3.570000e-02  0.000000e+00
  3.480000e-02  0.000000e+00
  3.390000e-02  0.000000e+00
  3.300000e-02  0.000000e+00
  3.220000e-02  0.000000e+00
  3.130000e-02  0.000000e+00
  3.050000e-02  0.000000e+00
  2.970000e-02  0.000000e+00
  2.890000e-02  0.000000e+00
  2.820000e-02  3.544900e-04
  2.750000e-02  0.000000e+00
  2.680000e-02  0.000000e+00
  2.610000e-02  0.000000e+00
  2.540000e-02  0.000000e+00
  2.470000e-02  0.000000e+00
  2.410000e-02  0.000000e+00
  2.350000e-02  0.000000e+00
  2.290000e-02  0.000000e+00
  2.230000e-02  0.000000e+00
  2.170000e-02  0.000000e+00
  2.110000e-02  0.000000e+00
  2.060000e-02  0.000000e+00
  2.000000e-02  0.000000e+00
  1.950000e-02  0.000000e+00
  1.900000e-02  0.000000e+00
  1.850000e-02  0.000000e+00
  1.800000e-02  0.000000e+00
  1.760000e-02  0.000000e+00
  1.710000e-02  0.000000e+00
  1.670000e-02  0.000000e+00
  1.630000e-02  0.000000e+00
  1.580000e-02  0.000000e+00
  1.540000e-02  0.000000e+00
  1.500000e-02  0.000000e+00
  1.460000e-02  0.000000e+00
  1.430000e-02  0.000000e+00
  1.390000e-02  0.000000e+00
  1.350000e-02  0.000000e+00
  1.320000e-02  0.000000e+00
  1.280000e-02  0.000000e+00
  1.250000e-02  0.000000e+00
  1.220000e-02  0.000000e+00
  1.190000e-02  0.000000e+00
  1.160000e-02  0.000000e+00
  1.130000e-02  0.000000e+00
  1.100000e-02  2.942295e-02
  1.070000e-02  3.686730e-02
  1.040000e-02  3.190430e-02
  1.010000e-02  1.318735e-01
