  4.934820e+03  4.680000e-03
  4.806990e+03  3.120000e-04
  4.682470e+03  6.240000e-04
  4.561180e+03  6.240000e-04
  4.443030e+03  3.120000e-04
  4.327940e+03  6.240000e-04
  4.215830e+03  7.800000e-04
  4.106630e+03  6.240000e-04
  4.000250e+03  4.680000e-04
  3.896630e+03  1.248000e-03
  3.795700e+03  1.716000e-03
  3.697380e+03  1.560000e-03
  3.601600e+03  3.120000e-04
  3.508310e+03  2.184000e-03
  3.417430e+03  1.404000e-03
  3.328910e+03  2.652000e-03
  3.242680e+03  2.808000e-03
  3.158680e+03  2.184000e-03
  3.076860e+03  1.872000e-03
  2.997160e+03  2.184000e-03
  2.919530e+03  2.496000e-03
  2.843900e+03  4.056000e-03
  2.770230e+03  4.212000e-03
  2.698480e+03  3.432000e-03
  2.628580e+03  4.992000e-03
  2.560490e+03  4.524000e-03
  2.494160e+03  5.148000e-03
  2.429550e+03  5.616000e-03
  2.366620e+03  7.800000e-03
  2.305320e+03  8.892000e-03
  2.245600e+03  6.240000e-03
  2.187430e+03  7.956000e-03
  2.130770e+03  9.827999e-03
  2.075580e+03  1.045200e-02
  2.021810e+03  1.060800e-02
  1.969440e+03  1.279200e-02
  1.918430e+03  9.516000e-03
  1.868730e+03  1.388400e-02
  1.820330e+03  1.606800e-02
  1.773170e+03  1.653600e-02
  1.727240e+03  2.059200e-02
  1.682500e+03  2.043600e-02
  1.638920e+03  2.199600e-02
  1.596470e+03  2.808000e-02
  1.555110e+03  2.917200e-02
  1.514830e+03  3.260400e-02
  1.475590e+03  3.588000e-02
  1.437370e+03  3.822000e-02
  1.400140e+03  3.962400e-02
  1.363870e+03  4.524000e-02
  1.328540e+03  4.274400e-02
  1.294120e+03  5.522400e-02
  1.260600e+03  5.257200e-02
  1.227950e+03  6.333600e-02
  1.196140e+03  7.113600e-02
  1.165160e+03  7.940400e-02
  1.134980e+03  9.235200e-02
  1.105580e+03  8.938800e-02
  1.076940e+03  1.068600e-01
  1.049040e+03  1.113840e-01
  1.021870e+03  1.255800e-01
  9.953980e+02  1.357200e-01
  9.696140e+02  1.517880e-01
  9.444970e+02  1.695720e-01
  9.200320e+02  1.854840e-01
  8.962000e+02  2.163720e-01
  8.729850e+02  2.318160e-01
  8.503720e+02  2.623920e-01
  8.283450e+02  2.882880e-01
  8.068880e+02  3.285360e-01
  7.859870e+02  3.442920e-01
  7.656270e+02  3.856320e-01
  7.457950e+02  4.218240e-01
  7.264760e+02  4.673760e-01
  7.076580e+02  5.445960e-01
  6.893270e+02  5.970120e-01
  6.714710e+02  6.548880e-01
  6.540780e+02  7.459919e-01
  6.371350e+02  7.945080e-01
  6.206310e+02  9.349070e-01
  6.045550e+02  1.009305e+00
  5.888950e+02  1.132710e+00
  5.736410e+02  1.259070e+00
  5.587810e+02  1.400250e+00
  5.443070e+02  1.542525e+00
  5.302080e+02  1.704915e+00
  5.164740e+02  1.828785e+00
  5.030950e+02  2.052650e+00
  4.900630e+02  2.297575e+00
  4.773690e+02  2.469330e+00
  4.650040e+02  2.693655e+00
  4.529580e+02  3.000050e+00
  4.412250e+02  3.318145e+00
  4.297960e+02  3.597690e+00
  4.186630e+02  3.974430e+00
  4.078180e+02  4.300940e+00
  3.972540e+02  4.741330e+00
  3.869640e+02  5.232570e+00
  3.769400e+02  5.701965e+00
  3.671770e+02  6.296175e+00
  3.576650e+02  6.838595e+00
  3.484010e+02  7.444810e+00
  3.393760e+02  8.068815e+00
  3.305850e+02  8.800776e+00
  3.220220e+02  9.538031e+00
  3.136800e+02  1.034515e+01
  3.055550e+02  1.109605e+01
  2.976400e+02  1.200635e+01
  2.899300e+02  1.304310e+01
  2.824200e+02  1.416780e+01
  2.751040e+02  1.527350e+01
  2.679780e+02  1.625560e+01
  2.610370e+02  1.748055e+01
  2.542750e+02  1.876865e+01
  2.476890e+02  2.013780e+01
  2.412730e+02  2.169395e+01
  2.350230e+02  2.349145e+01
  2.289350e+02  2.500385e+01
  2.230050e+02  2.682695e+01
  2.172280e+02  2.862075e+01
  2.116010e+02  3.036075e+01
  2.061200e+02  3.222765e+01
  2.007810e+02  3.426390e+01
  1.955800e+02  3.656245e+01
  1.905140e+02  3.919005e+01
  1.855790e+02  4.176630e+01
  1.807720e+02  4.432115e+01
  1.760890e+02  4.701200e+01
  1.715280e+02  4.955780e+01
  1.670850e+02  5.218745e+01
  1.627570e+02  5.472120e+01
  1.585410e+02  5.714000e+01
  1.544340e+02  5.945175e+01
  1.504340e+02  6.214770e+01
  1.465370e+02  6.472270e+01
  1.427410e+02  6.737199e+01
  1.390440e+02  6.959205e+01
  1.354420e+02  7.195580e+01
  1.319340e+02  7.444846e+01
  1.285160e+02  7.658791e+01
  1.251870e+02  7.889474e+01
  1.219440e+02  8.092160e+01
  1.187850e+02  8.343980e+01
  1.157090e+02  8.602859e+01
  1.127110e+02  8.825340e+01
  1.097920e+02  9.064530e+01
  1.069480e+02  9.317345e+01
  1.041770e+02  9.564075e+01
  1.014790e+02  9.828485e+01
  9.885030e+01  1.008050e+02
  9.628970e+01  1.034965e+02
  9.379550e+01  1.061415e+02
  9.136590e+01  1.091475e+02
  8.899920e+01  1.116110e+02
  8.669380e+01  1.145455e+02
  8.444820e+01  1.173165e+02
  8.226070e+01  1.198635e+02
  8.012980e+01  1.230185e+02
  7.805420e+01  1.261280e+02
  7.603240e+01  1.288685e+02
  7.406290e+01  1.319340e+02
  7.214440e+01  1.345920e+02
  7.027560e+01  1.372010e+02
  6.845520e+01  1.393795e+02
  6.668200e+01  1.416970e+02
  6.495470e+01  1.431915e+02
  6.327220e+01  1.442750e+02
  6.163320e+01  1.445920e+02
  6.003670e+01  1.448435e+02
  5.848160e+01  1.444225e+02
  5.696670e+01  1.434180e+02
  5.549110e+01  1.432485e+02
  5.405370e+01  1.427190e+02
  5.265350e+01  1.424495e+02
  5.128960e+01  1.414730e+02
  4.996100e+01  1.405940e+02
  4.866690e+01  1.388330e+02
  4.740620e+01  1.366810e+02
  4.617830e+01  1.339385e+02
  4.498210e+01  1.304895e+02
  4.381690e+01  1.284445e+02
  4.268190e+01  1.257475e+02
  4.157630e+01  1.230620e+02
  4.049930e+01  1.202550e+02
  3.945030e+01  1.179130e+02
  3.842840e+01  1.159390e+02
  3.743290e+01  1.141020e+02
  3.646330e+01  1.121705e+02
  3.551880e+01  1.104135e+02
  3.459870e+01  1.084325e+02
  3.370250e+01  1.064125e+02
  3.282950e+01  1.044530e+02
  3.197910e+01  1.023170e+02
  3.115070e+01  1.003690e+02
  3.034380e+01  9.844405e+01
  2.955780e+01  9.675535e+01
  2.879220e+01  9.446291e+01
  2.804640e+01  9.267540e+01
  2.731990e+01  9.075070e+01
  2.661220e+01  8.880745e+01
  2.592290e+01  8.703820e+01
  2.525140e+01  8.493360e+01
  2.459730e+01  8.314605e+01
  2.396010e+01  8.108995e+01
  2.333950e+01  7.912680e+01
  2.273490e+01  7.748855e+01
  2.214600e+01  7.544540e+01
  2.157230e+01  7.354210e+01
  2.101350e+01  7.165590e+01
  2.046920e+01  6.987115e+01
  1.993900e+01  6.845915e+01
  1.942250e+01  6.705535e+01
  1.891940e+01  6.624555e+01
  1.842930e+01  6.685295e+01
  1.795200e+01  6.731410e+01
  1.748690e+01  6.877715e+01
  1.703400e+01  6.998790e+01
  1.659270e+01  7.272200e+01
  1.616290e+01  7.542395e+01
  1.574430e+01  7.786215e+01
  1.533640e+01  8.047795e+01
  1.493920e+01  8.308055e+01
  1.455220e+01  8.505005e+01
  1.417520e+01  8.497455e+01
  1.380800e+01  8.284645e+01
  1.345040e+01  7.990005e+01
  1.310200e+01  7.646605e+01
  1.276260e+01  7.386625e+01
  1.243200e+01  7.197025e+01
  1.211000e+01  7.059270e+01
  1.179630e+01  6.948780e+01
  1.149070e+01  6.903290e+01
  1.119310e+01  6.967986e+01
  1.090310e+01  7.080045e+01
  1.062070e+01  7.162895e+01
  1.034560e+01  7.243930e+01
  1.007760e+01  7.348650e+01
  9.816600e+00  7.485530e+01
  9.562300e+00  7.542696e+01
  9.314600e+00  7.646415e+01
  9.073300e+00  7.883570e+01
  8.838300e+00  8.050220e+01
  8.609300e+00  8.329640e+01
  8.386300e+00  8.657045e+01
  8.169100e+00  9.038091e+01
  7.957500e+00  9.604115e+01
  7.751400e+00  9.907760e+01
  7.550600e+00  1.054635e+02
  7.355000e+00  1.073660e+02
  7.164500e+00  1.064170e+02
  6.978900e+00  1.048730e+02
  6.798100e+00  1.030020e+02
  6.622000e+00  1.008400e+02
  6.450500e+00  1.007365e+02
  6.283400e+00  1.006000e+02
  6.120600e+00  9.938935e+01
  5.962100e+00  9.821470e+01
  5.807600e+00  9.809675e+01
  5.657200e+00  9.731830e+01
  5.510700e+00  9.797655e+01
  5.367900e+00  1.007025e+02
  5.228900e+00  9.838465e+01
  5.093400e+00  9.520620e+01
  4.961500e+00  9.306406e+01
  4.833000e+00  1.010370e+02
  4.707800e+00  1.126465e+02
  4.585800e+00  9.459925e+01
  4.467100e+00  9.120505e+01
  4.351300e+00  9.245320e+01
  4.238600e+00  9.463910e+01
  4.128800e+00  9.650700e+01
  4.021900e+00  1.624795e+02
  3.917700e+00  1.178230e+02
  3.816200e+00  8.833340e+01
  3.717400e+00  8.707675e+01
  3.621100e+00  8.622169e+01
  3.527300e+00  8.611259e+01
  3.435900e+00  8.557675e+01
  3.346900e+00  8.437730e+01
  3.260200e+00  8.474745e+01
  3.175800e+00  8.604691e+01
  3.093500e+00  8.407185e+01
  3.013400e+00  8.371040e+01
  2.935300e+00  8.354370e+01
  2.859300e+00  8.056910e+01
  2.785200e+00  8.033685e+01
  2.713100e+00  7.767860e+01
  2.642800e+00  7.471955e+01
  2.574300e+00  8.000340e+01
  2.507600e+00  7.525215e+01
  2.442700e+00  7.810020e+01
  2.379400e+00  8.105250e+01
  2.317800e+00  7.605450e+01
  2.257700e+00  7.262010e+01
  2.199300e+00  8.372010e+01
  2.142300e+00  7.561690e+01
  2.086800e+00  7.497660e+01
  2.032700e+00  7.724130e+01
  1.980100e+00  8.414205e+01
  1.928800e+00  5.783200e+01
  1.878800e+00  5.379670e+01
  1.830200e+00  6.368665e+01
  1.782800e+00  1.165555e+02
  1.736600e+00  8.092580e+01
  1.691600e+00  7.310565e+01
  1.647800e+00  7.173385e+01
  1.605100e+00  7.145735e+01
  1.563500e+00  7.008485e+01
  1.523000e+00  6.945515e+01
  1.483600e+00  6.875245e+01
  1.445100e+00  6.500555e+01
  1.407700e+00  6.296300e+01
  1.371200e+00  5.854745e+01
  1.335700e+00  6.446104e+01
  1.301100e+00  5.506255e+01
  1.267400e+00  4.196910e+01
  1.234600e+00  5.586905e+01
  1.202600e+00  6.497200e+01
  1.171500e+00  5.356830e+01
  1.141100e+00  6.745515e+01
  1.111600e+00  5.322645e+01
  1.082800e+00  4.624195e+01
  1.054700e+00  6.057565e+01
  1.027400e+00  5.504950e+01
  1.000800e+00  5.123755e+01
  9.749000e-01  4.879950e+01
  9.496000e-01  5.626035e+01
  9.250000e-01  5.581355e+01
  9.010000e-01  5.726995e+01
  8.777000e-01  5.701285e+01
  8.550000e-01  6.261780e+01
  8.328000e-01  5.987655e+01
  8.113000e-01  6.694670e+01
  7.902000e-01  6.682890e+01
  7.698000e-01  6.394830e+01
  7.498000e-01  7.122945e+01
  7.304000e-01  6.918195e+01
  7.115000e-01  6.589550e+01
  6.931000e-01  7.773970e+01
  6.751000e-01  1.221920e+02
  6.576000e-01  1.719080e+02
  6.406000e-01  2.101740e+02
  6.240000e-01  7.876445e+01
  6.078000e-01  7.484300e+01
  5.921000e-01  7.527185e+01
  5.767000e-01  7.269466e+01
  5.618000e-01  7.298150e+01
  5.472000e-01  7.032985e+01
  5.331000e-01  8.257245e+01
  5.193000e-01  7.917870e+01
  5.058000e-01  8.495370e+01
  4.927000e-01  8.961670e+01
  4.799000e-01  7.780230e+01
  4.675000e-01  7.352956e+01
  4.554000e-01  7.134760e+01
  4.436000e-01  7.326151e+01
  4.321000e-01  6.268650e+01
  4.209000e-01  7.018735e+01
  4.100000e-01  7.014575e+01
  3.994000e-01  1.050285e+02
  3.891000e-01  1.046950e+02
  3.790000e-01  9.405970e+01
  3.692000e-01  7.563914e+01
  3.596000e-01  6.983604e+01
  3.503000e-01  6.678795e+01
  3.412000e-01  6.544345e+01
  3.324000e-01  6.480265e+01
  3.238000e-01  5.958445e+01
  3.154000e-01  5.684315e+01
  3.072000e-01  5.647620e+01
  2.992000e-01  6.588385e+01
  2.915000e-01  7.314085e+01
  2.839000e-01  7.426040e+01
  2.766000e-01  6.914865e+01
  2.694000e-01  6.674400e+01
  2.624000e-01  6.071590e+01
  2.556000e-01  5.643045e+01
  2.490000e-01  5.243220e+01
  2.426000e-01  4.832230e+01
  2.363000e-01  4.545335e+01
  2.302000e-01  4.195240e+01
  2.242000e-01  3.915455e+01
  2.184000e-01  3.627510e+01
  2.127000e-01  3.365625e+01
  2.072000e-01  3.137460e+01
  2.019000e-01  2.902545e+01
  1.966000e-01  2.700040e+01
  1.915000e-01  2.490530e+01
  1.866000e-01  2.315840e+01
  1.817000e-01  2.158830e+01
  1.770000e-01  2.007160e+01
  1.725000e-01  1.832225e+01
  1.680000e-01  1.683760e+01
  1.636000e-01  1.531630e+01
  1.594000e-01  1.390525e+01
  1.553000e-01  1.260120e+01
  1.512000e-01  1.139565e+01
  1.473000e-01  1.011420e+01
  1.435000e-01  9.221195e+00
  1.398000e-01  7.905795e+00
  1.362000e-01  6.984130e+00
  1.326000e-01  6.032850e+00
  1.292000e-01  5.227115e+00
  1.259000e-01  4.527295e+00
  1.226000e-01  3.915775e+00
  1.194000e-01  3.328750e+00
  1.163000e-01  2.805825e+00
  1.133000e-01  2.412850e+00
  1.104000e-01  2.022555e+00
  1.075000e-01  1.711790e+00
  1.047000e-01  1.443320e+00
  1.020000e-01  1.210565e+00
  9.940000e-02  1.025235e+00
  9.680000e-02  8.815580e-01
  9.430000e-02  7.566000e-01
  9.190000e-02  6.494280e-01
  8.950000e-02  5.745480e-01
  8.720000e-02  5.104320e-01
  8.490000e-02  4.739280e-01
  8.270000e-02  4.230720e-01
  8.060000e-02  3.957720e-01
  7.850000e-02  3.656640e-01
  7.640000e-02  3.438240e-01
  7.450000e-02  3.466320e-01
  7.250000e-02  3.258840e-01
  7.070000e-02  3.321240e-01
  6.880000e-02  3.294720e-01
  6.700000e-02  3.332160e-01
  6.530000e-02  3.294720e-01
  6.360000e-02  3.286920e-01
  6.200000e-02  3.293160e-01
  6.040000e-02  3.430440e-01
  5.880000e-02  3.400800e-01
  5.730000e-02  3.290040e-01
  5.580000e-02  3.349320e-01
  5.430000e-02  3.461640e-01
  5.290000e-02  3.371160e-01
  5.160000e-02  3.644160e-01
  5.020000e-02  3.754920e-01
  4.890000e-02  3.569280e-01
  4.770000e-02  3.520920e-01
  4.640000e-02  3.425760e-01
  4.520000e-02  3.514680e-01
  4.410000e-02  3.519360e-01
  4.290000e-02  3.475680e-01
  4.180000e-02  3.588000e-01
  4.070000e-02  3.288480e-01
  3.970000e-02  3.494400e-01
  3.860000e-02  3.338400e-01
  3.760000e-02  3.414840e-01
  3.670000e-02  3.261960e-01
  3.570000e-02  3.091920e-01
  3.480000e-02  3.056040e-01
  3.390000e-02  3.042000e-01
  3.300000e-02  3.003000e-01
  3.220000e-02  2.931240e-01
  3.130000e-02  2.804880e-01
  3.050000e-02  2.759640e-01
  2.970000e-02  2.723760e-01
  2.890000e-02  2.524080e-01
  2.820000e-02  2.383680e-01
  2.750000e-02  2.305680e-01
  2.680000e-02  2.141880e-01
  2.610000e-02  2.020200e-01
  2.540000e-02  2.026440e-01
  2.470000e-02  1.784640e-01
  2.410000e-02  1.701960e-01
  2.350000e-02  1.594320e-01
  2.290000e-02  1.542840e-01
  2.230000e-02  1.436760e-01
  2.170000e-02  1.287000e-01
  2.110000e-02  1.224600e-01
  2.060000e-02  1.077960e-01
  2.000000e-02  1.009320e-01
  1.950000e-02  8.954400e-02
  1.900000e-02  8.720400e-02
  1.850000e-02  7.441200e-02
  1.800000e-02  7.207200e-02
  1.760000e-02  5.584800e-02
  1.710000e-02  5.397600e-02
  1.670000e-02  4.602000e-02
  1.630000e-02  4.305600e-02
  1.580000e-02  3.588000e-02
  1.540000e-02  3.229200e-02
  1.500000e-02  2.620800e-02
  1.460000e-02  2.324400e-02
  1.430000e-02  2.246400e-02
  1.390000e-02  1.856400e-02
  1.350000e-02  1.575600e-02
  1.320000e-02  1.279200e-02
  1.280000e-02  1.076400e-02
  1.250000e-02  7.956000e-03
  1.220000e-02  6.864000e-03
  1.190000e-02  6.396000e-03
  1.160000e-02  4.836000e-03
  1.130000e-02  4.368000e-03
  1.100000e-02  9.360000e-03
  1.070000e-02  5.616000e-03
  1.040000e-02  4.680000e-03
  1.010000e-02  1.669200e-02
