  4.934820e+03  2.025950e-02
  4.806990e+03  0.000000e+00
  4.682470e+03  0.000000e+00
  4.561180e+03  0.000000e+00
  4.443030e+03  0.000000e+00
  4.327940e+03  0.000000e+00
  4.215830e+03  0.000000e+00
  4.106630e+03  0.000000e+00
  4.000250e+03  0.000000e+00
  3.896630e+03  0.000000e+00
  3.795700e+03  2.025950e-02
  3.697380e+03  2.025950e-02
  3.601600e+03  0.000000e+00
  3.508310e+03  0.000000e+00
  3.417430e+03  0.000000e+00
  3.328910e+03  0.000000e+00
  3.242680e+03  2.025950e-02
  3.158680e+03  0.000000e+00
  3.076860e+03  0.000000e+00
  2.997160e+03  2.025950e-02
  2.919530e+03  0.000000e+00
  2.843900e+03  0.000000e+00
  2.770230e+03  0.000000e+00
  2.698480e+03  0.000000e+00
  2.628580e+03  0.000000e+00
  2.560490e+03  0.000000e+00
  2.494160e+03  0.000000e+00
  2.429550e+03  0.000000e+00
  2.366620e+03  0.000000e+00
  2.305320e+03  0.000000e+00
  2.245600e+03  6.077850e-02
  2.187430e+03  0.000000e+00
  2.130770e+03  0.000000e+00
  2.075580e+03  2.025950e-02
  2.021810e+03  4.051900e-02
  1.969440e+03  2.025950e-02
  1.918430e+03  4.051900e-02
  1.868730e+03  0.000000e+00
  1.820330e+03  2.025950e-02
  1.773170e+03  2.025950e-02
  1.727240e+03  4.051900e-02
  1.682500e+03  2.025950e-02
  1.638920e+03  4.051900e-02
  1.596470e+03  4.051900e-02
  1.555110e+03  2.025950e-02
  1.514830e+03  2.025950e-02
  1.475590e+03  6.077900e-02
  1.437370e+03  4.051900e-02
  1.400140e+03  1.012975e-01
  1.363870e+03  2.025950e-02
  1.328540e+03  8.103800e-02
  1.294120e+03  4.051900e-02
  1.260600e+03  1.012975e-01
  1.227950e+03  8.103800e-02
  1.196140e+03  8.103800e-02
  1.165160e+03  4.051900e-02
  1.134980e+03  8.103850e-02
  1.105580e+03  1.620765e-01
  1.076940e+03  1.823365e-01
  1.049040e+03  1.823360e-01
  1.021870e+03  1.823360e-01
  9.953980e+02  1.620775e-01
  9.696140e+02  2.431160e-01
  9.444970e+02  3.849340e-01
  9.200320e+02  4.457155e-01
  8.962000e+02  5.064945e-01
  8.729850e+02  3.038965e-01
  8.503720e+02  4.659745e-01
  8.283450e+02  4.862335e-01
  8.068880e+02  5.470145e-01
  7.859870e+02  5.470155e-01
  7.656270e+02  7.090945e-01
  7.457950e+02  7.698745e-01
  7.264760e+02  1.012994e+00
  7.076580e+02  9.319575e-01
  6.893270e+02  1.134555e+00
  6.714710e+02  1.539760e+00
  6.540780e+02  1.397940e+00
  6.371350e+02  1.438460e+00
  6.206310e+02  2.269110e+00
  6.045550e+02  2.795870e+00
  5.888950e+02  2.532490e+00
  5.736410e+02  2.998460e+00
  5.587810e+02  3.018710e+00
  5.443070e+02  2.694570e+00
  5.302080e+02  3.970910e+00
  5.164740e+02  4.497645e+00
  5.030950e+02  4.274800e+00
  4.900630e+02  5.551155e+00
  4.773690e+02  5.713230e+00
  4.650040e+02  6.766745e+00
  4.529580e+02  7.192200e+00
  4.412250e+02  8.407750e+00
  4.297960e+02  1.063636e+01
  4.186630e+02  1.173035e+01
  4.078180e+02  1.168970e+01
  3.972540e+02  1.381720e+01
  3.869640e+02  1.608630e+01
  3.769400e+02  1.738290e+01
  3.671770e+02  1.869975e+01
  3.576650e+02  2.068530e+01
  3.484010e+02  2.378495e+01
  3.393760e+02  2.690480e+01
  3.305850e+02  3.024770e+01
  3.220220e+02  3.344875e+01
  3.136800e+02  3.683220e+01
  3.055550e+02  3.906090e+01
  2.976400e+02  4.467275e+01
  2.899300e+02  4.819790e+01
  2.824200e+02  5.670705e+01
  2.751040e+02  6.507430e+01
  2.679780e+02  7.303640e+01
  2.610370e+02  7.974240e+01
  2.542750e+02  8.912250e+01
  2.476890e+02  9.710464e+01
  2.412730e+02  1.098080e+02
  2.350230e+02  1.194110e+02
  2.289350e+02  1.364095e+02
  2.230050e+02  1.509350e+02
  2.172280e+02  1.642855e+02
  2.116010e+02  1.836755e+02
  2.061200e+02  2.055560e+02
  2.007810e+02  2.315075e+02
  1.955800e+02  2.514235e+02
  1.905140e+02  2.782270e+02
  1.855790e+02  3.166195e+02
  1.807720e+02  3.446185e+02
  1.760890e+02  3.825650e+02
  1.715280e+02  4.241175e+02
  1.670850e+02  4.663785e+02
  1.627570e+02  5.139885e+02
  1.585410e+02  5.585005e+02
  1.544340e+02  6.101220e+02
  1.504340e+02  6.649865e+02
  1.465370e+02  7.238005e+02
  1.427410e+02  7.951335e+02
  1.390440e+02  8.555075e+02
  1.354420e+02  9.285040e+02
  1.319340e+02  9.905425e+02
  1.285160e+02  1.066215e+03
  1.251870e+02  1.145160e+03
  1.219440e+02  1.240105e+03
  1.187850e+02  1.331755e+03
  1.157090e+02  1.427295e+03
  1.127110e+02  1.526455e+03
  1.097920e+02  1.630415e+03
  1.069480e+02  1.742470e+03
  1.041770e+02  1.866450e+03
  1.014790e+02  1.990740e+03
  9.885030e+01  2.131210e+03
  9.628970e+01  2.257385e+03
  9.379550e+01  2.402630e+03
  9.136590e+01  2.571050e+03
  8.899920e+01  2.715800e+03
  8.669380e+01  2.876270e+03
  8.444820e+01  3.027595e+03
  8.226070e+01  3.188430e+03
  8.012980e+01  3.363820e+03
  7.805420e+01  3.543550e+03
  7.603240e+01  3.734300e+03
  7.406290e+01  3.896655e+03
  7.214440e+01  4.074330e+03
  7.027560e+01  4.248365e+03
  6.845520e+01  4.417260e+03
  6.668200e+01  4.565800e+03
  6.495470e+01  4.718950e+03
  6.327220e+01  4.811965e+03
  6.163320e+01  4.905630e+03
  6.003670e+01  4.953130e+03
  5.848160e+01  4.969635e+03
  5.696670e+01  4.997870e+03
  5.549110e+01  4.990640e+03
  5.405370e+01  5.019220e+03
  5.265350e+01  5.031500e+03
  5.128960e+01  5.033900e+03
  4.996100e+01  5.040325e+03
  4.866690e+01  5.018480e+03
  4.740620e+01  4.968885e+03
  4.617830e+01  4.879585e+03
  4.498210e+01  4.733835e+03
  4.381690e+01  4.620195e+03
  4.268190e+01  4.487030e+03
  4.157630e+01  4.334210e+03
  4.049930e+01  4.161940e+03
  3.945030e+01  3.996075e+03
  3.842840e+01  3.878565e+03
  3.743290e+01  3.719010e+03
  3.646330e+01  3.566945e+03
  3.551880e+01  3.436130e+03
  3.459870e+01  3.296555e+03
  3.370250e+01  3.159825e+03
  3.282950e+01  3.008940e+03
  3.197910e+01  2.862055e+03
  3.115070e+01  2.732325e+03
  3.034380e+01  2.597040e+03
  2.955780e+01  2.461660e+03
  2.879220e+01  2.337080e+03
  2.804640e+01  2.191715e+03
  2.731990e+01  2.047250e+03
  2.661220e+01  1.916940e+03
  2.592290e+01  1.784660e+03
  2.525140e+01  1.658845e+03
  2.459730e+01  1.530050e+03
  2.396010e+01  1.411200e+03
  2.333950e+01  1.286405e+03
  2.273490e+01  1.168405e+03
  2.214600e+01  1.051105e+03
  2.157230e+01  9.349875e+02
  2.101350e+01  8.281170e+02
  2.046920e+01  7.278710e+02
  1.993900e+01  6.373510e+02
  1.942250e+01  5.668270e+02
  1.891940e+01  5.004960e+02
  1.842930e+01  4.641295e+02
  1.795200e+01  4.275420e+02
  1.748690e+01  4.130555e+02
  1.703400e+01  3.987325e+02
  1.659270e+01  4.039180e+02
  1.616290e+01  4.047285e+02
  1.574430e+01  4.039785e+02
  1.533640e+01  4.024395e+02
  1.493920e+01  3.963020e+02
  1.455220e+01  3.735895e+02
  1.417520e+01  3.340825e+02
  1.380800e+01  2.750670e+02
  1.345040e+01  2.185825e+02
  1.310200e+01  1.590590e+02
  1.276260e+01  1.152165e+02
  1.243200e+01  7.676414e+01
  1.211000e+01  5.652460e+01
  1.179630e+01  3.887840e+01
  1.149070e+01  3.097710e+01
  1.119310e+01  2.184000e+01
  1.090310e+01  1.914555e+01
  1.062070e+01  1.551900e+01
  1.034560e+01  1.410085e+01
  1.007760e+01  1.136575e+01
  9.816600e+00  1.019061e+01
  9.562300e+00  7.718930e+00
  9.314600e+00  7.050370e+00
  9.073300e+00  8.650890e+00
  8.838300e+00  1.118330e+01
  8.609300e+00  1.491120e+01
  8.386300e+00  2.275160e+01
  8.169100e+00  3.324605e+01
  7.957500e+00  4.635425e+01
  7.751400e+00  5.893550e+01
  7.550600e+00  6.963280e+01
  7.355000e+00  7.348220e+01
  7.164500e+00  6.898440e+01
  6.978900e+00  6.321055e+01
  6.798100e+00  5.753770e+01
  6.622000e+00  5.417450e+01
  6.450500e+00  4.835990e+01
  6.283400e+00  4.560470e+01
  6.120600e+00  4.264685e+01
  5.962100e+00  3.764255e+01
  5.807600e+00  3.829095e+01
  5.657200e+00  3.664985e+01
  5.510700e+00  3.533295e+01
  5.367900e+00  3.440100e+01
  5.228900e+00  3.417815e+01
  5.093400e+00  3.069340e+01
  4.961500e+00  2.767480e+01
  4.833000e+00  2.645925e+01
  4.707800e+00  2.643900e+01
  4.585800e+00  2.179945e+01
  4.467100e+00  1.827430e+01
  4.351300e+00  1.890235e+01
  4.238600e+00  1.788945e+01
  4.128800e+00  1.641035e+01
  4.021900e+00  1.869975e+01
  3.917700e+00  1.574175e+01
  3.816200e+00  1.260155e+01
  3.717400e+00  1.223680e+01
  3.621100e+00  1.073766e+01
  3.527300e+00  9.339775e+00
  3.435900e+00  8.367285e+00
  3.346900e+00  6.645185e+00
  3.260200e+00  4.943355e+00
  3.175800e+00  3.525210e+00
  3.093500e+00  2.451445e+00
  3.013400e+00  2.289375e+00
  2.935300e+00  1.560020e+00
  2.859300e+00  2.856650e+00
  2.785200e+00  3.099755e+00
  2.713100e+00  4.902845e+00
  2.642800e+00  4.132980e+00
  2.574300e+00  4.254540e+00
  2.507600e+00  3.970910e+00
  2.442700e+00  3.565735e+00
  2.379400e+00  3.423910e+00
  2.317800e+00  2.856650e+00
  2.257700e+00  2.491965e+00
  2.199300e+00  2.978205e+00
  2.142300e+00  2.451445e+00
  2.086800e+00  2.917415e+00
  2.032700e+00  2.512220e+00
  1.980100e+00  2.694565e+00
  1.928800e+00  1.924700e+00
  1.878800e+00  1.884175e+00
  1.830200e+00  1.722100e+00
  1.782800e+00  4.578685e+00
  1.736600e+00  2.431190e+00
  1.691600e+00  1.803140e+00
  1.647800e+00  1.377680e+00
  1.605100e+00  1.296640e+00
  1.563500e+00  1.215600e+00
  1.523000e+00  1.215598e+00
  1.483600e+00  9.927375e-01
  1.445100e+00  1.094035e+00
  1.407700e+00  1.114300e+00
  1.371200e+00  7.496145e-01
  1.335700e+00  1.094035e+00
  1.301100e+00  7.496150e-01
  1.267400e+00  6.483155e-01
  1.234600e+00  1.012997e+00
  1.202600e+00  7.090930e-01
  1.171500e+00  6.888320e-01
  1.141100e+00  8.914355e-01
  1.111600e+00  6.888350e-01
  1.082800e+00  3.646750e-01
  1.054700e+00  7.496130e-01
  1.027400e+00  6.483135e-01
  1.000800e+00  4.862330e-01
  9.749000e-01  1.033257e+00
  9.496000e-01  4.659750e-01
  9.250000e-01  5.267555e-01
  9.010000e-01  6.483170e-01
  8.777000e-01  7.698760e-01
  8.550000e-01  7.496140e-01
  8.328000e-01  9.724755e-01
  8.113000e-01  8.509110e-01
  7.902000e-01  8.103955e-01
  7.698000e-01  8.914330e-01
  7.498000e-01  7.090945e-01
  7.304000e-01  9.724720e-01
  7.115000e-01  9.522130e-01
  6.931000e-01  1.681580e+00
  6.751000e-01  7.455615e+00
  6.576000e-01  8.468545e+00
  6.406000e-01  1.817300e+01
  6.240000e-01  3.606235e+00
  6.078000e-01  1.539760e+00
  5.921000e-01  1.377680e+00
  5.767000e-01  1.337155e+00
  5.618000e-01  1.438460e+00
  5.472000e-01  1.478980e+00
  5.331000e-01  1.944960e+00
  5.193000e-01  1.843660e+00
  5.058000e-01  1.641060e+00
  4.927000e-01  2.167820e+00
  4.799000e-01  2.694555e+00
  4.675000e-01  2.066510e+00
  4.554000e-01  2.107040e+00
  4.436000e-01  3.201050e+00
  4.321000e-01  2.552760e+00
  4.209000e-01  2.552745e+00
  4.100000e-01  2.410935e+00
  3.994000e-01  3.585970e+00
  3.891000e-01  4.821795e+00
  3.790000e-01  4.842070e+00
  3.692000e-01  1.701840e+00
  3.596000e-01  1.316900e+00
  3.503000e-01  1.843660e+00
  3.412000e-01  1.458720e+00
  3.324000e-01  1.641060e+00
  3.238000e-01  2.005735e+00
  3.154000e-01  1.641060e+00
  3.072000e-01  2.289375e+00
  2.992000e-01  2.350160e+00
  2.915000e-01  2.775610e+00
  2.839000e-01  3.302355e+00
  2.766000e-01  2.228595e+00
  2.694000e-01  4.538180e+00
  2.624000e-01  9.319445e+00
  2.556000e-01  1.106176e+01
  2.490000e-01  3.991160e+00
  2.426000e-01  4.659725e+00
  2.363000e-01  4.477380e+00
  2.302000e-01  3.180800e+00
  2.242000e-01  2.350155e+00
  2.184000e-01  2.066510e+00
  2.127000e-01  2.370410e+00
  2.072000e-01  2.390670e+00
  2.019000e-01  2.410930e+00
  1.966000e-01  2.410935e+00
  1.915000e-01  2.491965e+00
  1.866000e-01  2.957945e+00
  1.817000e-01  2.127300e+00
  1.770000e-01  2.775605e+00
  1.725000e-01  2.451460e+00
  1.680000e-01  2.532485e+00
  1.636000e-01  2.512230e+00
  1.594000e-01  2.633785e+00
  1.553000e-01  2.370410e+00
  1.512000e-01  2.329895e+00
  1.473000e-01  2.471720e+00
  1.435000e-01  2.856650e+00
  1.398000e-01  2.613520e+00
  1.362000e-01  2.573010e+00
  1.326000e-01  2.208340e+00
  1.292000e-01  2.674300e+00
  1.259000e-01  3.079485e+00
  1.226000e-01  2.714815e+00
  1.194000e-01  2.998465e+00
  1.163000e-01  3.221325e+00
  1.133000e-01  3.241575e+00
  1.104000e-01  3.342865e+00
  1.075000e-01  3.626505e+00
  1.047000e-01  3.565720e+00
  1.020000e-01  4.376095e+00
  9.940000e-02  4.214025e+00
  9.680000e-02  3.991170e+00
  9.430000e-02  4.457130e+00
  9.190000e-02  3.322615e+00
  8.950000e-02  3.667015e+00
  8.720000e-02  3.383380e+00
  8.490000e-02  3.484685e+00
  8.270000e-02  3.099745e+00
  8.060000e-02  2.856640e+00
  7.850000e-02  2.836395e+00
  7.640000e-02  2.674310e+00
  7.450000e-02  2.390680e+00
  7.250000e-02  1.823400e+00
  7.070000e-02  2.026000e+00
  6.880000e-02  2.167820e+00
  6.700000e-02  1.377680e+00
  6.530000e-02  1.600540e+00
  6.360000e-02  1.296640e+00
  6.200000e-02  1.012993e+00
  6.040000e-02  1.114298e+00
  5.880000e-02  8.509145e-01
  5.730000e-02  7.496145e-01
  5.580000e-02  7.698750e-01
  5.430000e-02  6.077940e-01
  5.290000e-02  3.849335e-01
  5.160000e-02  3.444140e-01
  5.020000e-02  2.431145e-01
  4.890000e-02  2.431155e-01
  4.770000e-02  4.051950e-01
  4.640000e-02  2.431155e-01
  4.520000e-02  1.620760e-01
  4.410000e-02  2.431140e-01
  4.290000e-02  1.012975e-01
  4.180000e-02  1.012980e-01
  4.070000e-02  1.012980e-01
  3.970000e-02  1.215575e-01
  3.860000e-02  6.077850e-02
  3.760000e-02  1.012975e-01
  3.670000e-02  6.077850e-02
  3.570000e-02  4.051900e-02
  3.480000e-02  0.000000e+00
  3.390000e-02  2.025950e-02
  3.300000e-02  2.025950e-02
  3.220000e-02  4.051900e-02
  3.130000e-02  2.025950e-02
  3.050000e-02  2.025950e-02
  2.970000e-02  0.000000e+00
  2.890000e-02  2.025950e-02
  2.820000e-02  0.000000e+00
  2.750000e-02  0.000000e+00
  2.680000e-02  2.025950e-02
  2.610000e-02  2.025950e-02
  2.540000e-02  0.000000e+00
  2.470000e-02  2.025950e-02
  2.410000e-02  0.000000e+00
  2.350000e-02  0.000000e+00
  2.290000e-02  0.000000e+00
  2.230000e-02  2.025950e-02
  2.170000e-02  0.000000e+00
  2.110000e-02  0.000000e+00
  2.060000e-02  0.000000e+00
  2.000000e-02  2.025950e-02
  1.950000e-02  0.000000e+00
  1.900000e-02  0.000000e+00
  1.850000e-02  0.000000e+00
  1.800000e-02  2.025950e-02
  1.760000e-02  0.000000e+00
  1.710000e-02  2.025950e-02
  1.670000e-02  0.000000e+00
  1.630000e-02  0.000000e+00
  1.580000e-02  2.025950e-02
  1.540000e-02  0.000000e+00
  1.500000e-02  0.000000e+00
  1.460000e-02  0.000000e+00
  1.430000e-02  0.000000e+00
  1.390000e-02  0.000000e+00
  1.350000e-02  0.000000e+00
  1.320000e-02  0.000000e+00
  1.280000e-02  0.000000e+00
  1.250000e-02  0.000000e+00
  1.220000e-02  0.000000e+00
  1.190000e-02  0.000000e+00
  1.160000e-02  2.025950e-02
  1.130000e-02  0.000000e+00
  1.100000e-02  4.051900e-02
  1.070000e-02  0.000000e+00
  1.040000e-02  0.000000e+00
  1.010000e-02  4.051900e-02
