  4.934820e+03  3.337350e-02
  4.806990e+03  0.000000e+00
  4.682470e+03  0.000000e+00
  4.561180e+03  0.000000e+00
  4.443030e+03  0.000000e+00
  4.327940e+03  0.000000e+00
  4.215830e+03  1.112450e-02
  4.106630e+03  2.224900e-02
  4.000250e+03  1.112450e-02
  3.896630e+03  1.112450e-02
  3.795700e+03  0.000000e+00
  3.697380e+03  0.000000e+00
  3.601600e+03  1.112450e-02
  3.508310e+03  1.112450e-02
  3.417430e+03  0.000000e+00
  3.328910e+03  0.000000e+00
  3.242680e+03  1.112450e-02
  3.158680e+03  1.112450e-02
  3.076860e+03  0.000000e+00
  2.997160e+03  0.000000e+00
  2.919530e+03  0.000000e+00
  2.843900e+03  1.112450e-02
  2.770230e+03  0.000000e+00
  2.698480e+03  1.112450e-02
  2.628580e+03  1.112450e-02
  2.560490e+03  1.112450e-02
  2.494160e+03  1.112450e-02
  2.429550e+03  1.112450e-02
  2.366620e+03  2.224900e-02
  2.305320e+03  1.112450e-02
  2.245600e+03  3.337350e-02
  2.187430e+03  2.224900e-02
  2.130770e+03  1.112450e-02
  2.075580e+03  1.112450e-02
  2.021810e+03  2.224900e-02
  1.969440e+03  1.112450e-02
  1.918430e+03  2.224900e-02
  1.868730e+03  4.449800e-02
  1.820330e+03  4.449800e-02
  1.773170e+03  4.449800e-02
  1.727240e+03  4.449800e-02
  1.682500e+03  6.674700e-02
  1.638920e+03  4.449800e-02
  1.596470e+03  1.223695e-01
  1.555110e+03  6.674700e-02
  1.514830e+03  1.001205e-01
  1.475590e+03  1.001205e-01
  1.437370e+03  8.899600e-02
  1.400140e+03  7.787150e-02
  1.363870e+03  1.112450e-01
  1.328540e+03  1.557430e-01
  1.294120e+03  1.223695e-01
  1.260600e+03  1.334940e-01
  1.227950e+03  1.112450e-01
  1.196140e+03  7.787150e-02
  1.165160e+03  1.557430e-01
  1.134980e+03  1.223695e-01
  1.105580e+03  2.892370e-01
  1.076940e+03  1.779920e-01
  1.049040e+03  2.336145e-01
  1.021870e+03  2.669855e-01
  9.953980e+02  2.224900e-01
  9.696140e+02  3.782280e-01
  9.444970e+02  3.003615e-01
  9.200320e+02  2.781125e-01
  8.962000e+02  3.671060e-01
  8.729850e+02  4.338530e-01
  8.503720e+02  6.340895e-01
  8.283450e+02  5.005975e-01
  8.068880e+02  6.785820e-01
  7.859870e+02  5.339735e-01
  7.656270e+02  7.564520e-01
  7.457950e+02  7.564565e-01
  7.264760e+02  7.453350e-01
  7.076580e+02  7.898255e-01
  6.893270e+02  1.001189e+00
  6.714710e+02  1.079057e+00
  6.540780e+02  1.357170e+00
  6.371350e+02  1.346040e+00
  6.206310e+02  1.813280e+00
  6.045550e+02  2.135885e+00
  5.888950e+02  1.846650e+00
  5.736410e+02  1.957910e+00
  5.587810e+02  2.135885e+00
  5.443070e+02  2.569760e+00
  5.302080e+02  2.614250e+00
  5.164740e+02  3.114840e+00
  5.030950e+02  3.315085e+00
  4.900630e+02  4.004795e+00
  4.773690e+02  4.238415e+00
  4.650040e+02  4.494285e+00
  4.529580e+02  5.595615e+00
  4.412250e+02  5.384245e+00
  4.297960e+02  6.685810e+00
  4.186630e+02  6.908290e+00
  4.078180e+02  7.987345e+00
  3.972540e+02  8.309984e+00
  3.869640e+02  9.300005e+00
  3.769400e+02  1.018990e+01
  3.671770e+02  1.138025e+01
  3.576650e+02  1.268170e+01
  3.484010e+02  1.406120e+01
  3.393760e+02  1.545180e+01
  3.305850e+02  1.670900e+01
  3.220220e+02  1.837775e+01
  3.136800e+02  2.011310e+01
  3.055550e+02  2.220430e+01
  2.976400e+02  2.437365e+01
  2.899300e+02  2.771110e+01
  2.824200e+02  2.975795e+01
  2.751040e+02  3.289500e+01
  2.679780e+02  3.623240e+01
  2.610370e+02  4.035950e+01
  2.542750e+02  4.364125e+01
  2.476890e+02  4.775740e+01
  2.412730e+02  5.255195e+01
  2.350230e+02  5.929335e+01
  2.289350e+02  6.284210e+01
  2.230050e+02  6.939450e+01
  2.172280e+02  7.705905e+01
  2.116010e+02  8.405635e+01
  2.061200e+02  9.098710e+01
  2.007810e+02  9.732805e+01
  1.955800e+02  1.110545e+02
  1.905140e+02  1.193755e+02
  1.855790e+02  1.303675e+02
  1.807720e+02  1.426160e+02
  1.760890e+02  1.582780e+02
  1.715280e+02  1.711145e+02
  1.670850e+02  1.860335e+02
  1.627570e+02  2.015980e+02
  1.585410e+02  2.201085e+02
  1.544340e+02  2.322345e+02
  1.504340e+02  2.504895e+02
  1.465370e+02  2.708910e+02
  1.427410e+02  2.900480e+02
  1.390440e+02  3.085470e+02
  1.354420e+02  3.312410e+02
  1.319340e+02  3.488745e+02
  1.285160e+02  3.729575e+02
  1.251870e+02  3.918710e+02
  1.219440e+02  4.169435e+02
  1.187850e+02  4.461575e+02
  1.157090e+02  4.698295e+02
  1.127110e+02  4.948820e+02
  1.097920e+02  5.237180e+02
  1.069480e+02  5.539530e+02
  1.041770e+02  5.801855e+02
  1.014790e+02  6.127905e+02
  9.885030e+01  6.491010e+02
  9.628970e+01  6.833740e+02
  9.379550e+01  7.177050e+02
  9.136590e+01  7.509350e+02
  8.899920e+01  7.946420e+02
  8.669380e+01  8.229870e+02
  8.444820e+01  8.672170e+02
  8.226070e+01  9.066110e+02
  8.012980e+01  9.554590e+02
  7.805420e+01  9.904980e+02
  7.603240e+01  1.049210e+03
  7.406290e+01  1.093370e+03
  7.214440e+01  1.138835e+03
  7.027560e+01  1.195360e+03
  6.845520e+01  1.249055e+03
  6.668200e+01  1.303540e+03
  6.495470e+01  1.351775e+03
  6.327220e+01  1.379135e+03
  6.163320e+01  1.410690e+03
  6.003670e+01  1.442665e+03
  5.848160e+01  1.474405e+03
  5.696670e+01  1.486915e+03
  5.549110e+01  1.506390e+03
  5.405370e+01  1.528315e+03
  5.265350e+01  1.574035e+03
  5.128960e+01  1.614390e+03
  4.996100e+01  1.648585e+03
  4.866690e+01  1.692435e+03
  4.740620e+01  1.739065e+03
  4.617830e+01  1.779200e+03
  4.498210e+01  1.797720e+03
  4.381690e+01  1.794380e+03
  4.268190e+01  1.781515e+03
  4.157630e+01  1.759860e+03
  4.049930e+01  1.740105e+03
  3.945030e+01  1.713330e+03
  3.842840e+01  1.685270e+03
  3.743290e+01  1.654590e+03
  3.646330e+01  1.632090e+03
  3.551880e+01  1.595125e+03
  3.459870e+01  1.568045e+03
  3.370250e+01  1.540455e+03
  3.282950e+01  1.513580e+03
  3.197910e+01  1.488490e+03
  3.115070e+01  1.472420e+03
  3.034380e+01  1.440400e+03
  2.955780e+01  1.413040e+03
  2.879220e+01  1.402195e+03
  2.804640e+01  1.370695e+03
  2.731990e+01  1.340125e+03
  2.661220e+01  1.317855e+03
  2.592290e+01  1.290995e+03
  2.525140e+01  1.265435e+03
  2.459730e+01  1.228490e+03
  2.396010e+01  1.203095e+03
  2.333950e+01  1.170080e+03
  2.273490e+01  1.140790e+03
  2.214600e+01  1.110925e+03
  2.157230e+01  1.078930e+03
  2.101350e+01  1.037800e+03
  2.046920e+01  1.009145e+03
  1.993900e+01  9.641790e+02
  1.942250e+01  9.345105e+02
  1.891940e+01  8.853630e+02
  1.842930e+01  8.704445e+02
  1.795200e+01  8.403750e+02
  1.748690e+01  8.135980e+02
  1.703400e+01  7.931625e+02
  1.659270e+01  7.818825e+02
  1.616290e+01  7.663315e+02
  1.574430e+01  7.493105e+02
  1.533640e+01  7.315105e+02
  1.493920e+01  7.230780e+02
  1.455220e+01  7.062480e+02
  1.417520e+01  6.830855e+02
  1.380800e+01  6.525500e+02
  1.345040e+01  6.173410e+02
  1.310200e+01  5.698840e+02
  1.276260e+01  5.194570e+02
  1.243200e+01  4.699745e+02
  1.211000e+01  4.245765e+02
  1.179630e+01  3.761295e+02
  1.149070e+01  3.335895e+02
  1.119310e+01  3.037545e+02
  1.090310e+01  2.845975e+02
  1.062070e+01  2.674535e+02
  1.034560e+01  2.453850e+02
  1.007760e+01  2.263605e+02
  9.816600e+00  2.058690e+02
  9.562300e+00  1.836220e+02
  9.314600e+00  1.919080e+02
  9.073300e+00  2.301655e+02
  8.838300e+00  2.675980e+02
  8.609300e+00  3.234100e+02
  8.386300e+00  3.823810e+02
  8.169100e+00  4.521210e+02
  7.957500e+00  5.171865e+02
  7.751400e+00  5.429730e+02
  7.550600e+00  5.890505e+02
  7.355000e+00  5.904425e+02
  7.164500e+00  5.819310e+02
  6.978900e+00  5.717750e+02
  6.798100e+00  5.514160e+02
  6.622000e+00  5.329610e+02
  6.450500e+00  5.190110e+02
  6.283400e+00  5.029350e+02
  6.120600e+00  4.772385e+02
  5.962100e+00  4.595620e+02
  5.807600e+00  4.567935e+02
  5.657200e+00  4.488715e+02
  5.510700e+00  4.377030e+02
  5.367900e+00  4.272570e+02
  5.228900e+00  4.079445e+02
  5.093400e+00  3.863425e+02
  4.961500e+00  3.653600e+02
  4.833000e+00  3.576965e+02
  4.707800e+00  3.567275e+02
  4.585800e+00  3.061895e+02
  4.467100e+00  2.771550e+02
  4.351300e+00  2.662190e+02
  4.238600e+00  2.553515e+02
  4.128800e+00  2.402660e+02
  4.021900e+00  2.898365e+02
  3.917700e+00  2.220110e+02
  3.816200e+00  1.717490e+02
  3.717400e+00  1.547740e+02
  3.621100e+00  1.391555e+02
  3.527300e+00  1.249500e+02
  3.435900e+00  1.061715e+02
  3.346900e+00  8.842820e+01
  3.260200e+00  6.418800e+01
  3.175800e+00  4.284025e+01
  3.093500e+00  2.391760e+01
  3.013400e+00  1.819960e+01
  2.935300e+00  2.056910e+01
  2.859300e+00  2.718830e+01
  2.785200e+00  3.705570e+01
  2.713100e+00  4.572145e+01
  2.642800e+00  4.453110e+01
  2.574300e+00  4.020380e+01
  2.507600e+00  3.725580e+01
  2.442700e+00  3.469715e+01
  2.379400e+00  3.053665e+01
  2.317800e+00  2.810040e+01
  2.257700e+00  2.495220e+01
  2.199300e+00  2.408440e+01
  2.142300e+00  2.113655e+01
  2.086800e+00  1.963475e+01
  2.032700e+00  1.880035e+01
  1.980100e+00  2.236005e+01
  1.928800e+00  1.494010e+01
  1.878800e+00  1.241475e+01
  1.830200e+00  1.636410e+01
  1.782800e+00  3.554265e+01
  1.736600e+00  1.684245e+01
  1.691600e+00  1.129120e+01
  1.647800e+00  9.789380e+00
  1.605100e+00  8.721525e+00
  1.563500e+00  7.820495e+00
  1.523000e+00  7.353275e+00
  1.483600e+00  8.009610e+00
  1.445100e+00  6.730305e+00
  1.407700e+00  5.951595e+00
  1.371200e+00  5.673480e+00
  1.335700e+00  5.706855e+00
  1.301100e+00  4.772400e+00
  1.267400e+00  3.582065e+00
  1.234600e+00  4.661155e+00
  1.202600e+00  4.828025e+00
  1.171500e+00  4.171680e+00
  1.141100e+00  4.727900e+00
  1.111600e+00  3.404080e+00
  1.082800e+00  2.447370e+00
  1.054700e+00  3.871320e+00
  1.027400e+00  3.504215e+00
  1.000800e+00  2.491870e+00
  9.749000e-01  3.281705e+00
  9.496000e-01  2.480760e+00
  9.250000e-01  2.669860e+00
  9.010000e-01  3.092600e+00
  8.777000e-01  2.914615e+00
  8.550000e-01  2.947975e+00
  8.328000e-01  2.814480e+00
  8.113000e-01  3.048105e+00
  7.902000e-01  3.281715e+00
  7.698000e-01  2.981350e+00
  7.498000e-01  3.125975e+00
  7.304000e-01  3.470820e+00
  7.115000e-01  3.003600e+00
  6.931000e-01  4.739035e+00
  6.751000e-01  2.466290e+01
  6.576000e-01  2.653195e+01
  6.406000e-01  5.901520e+01
  6.240000e-01  1.332705e+01
  6.078000e-01  4.049295e+00
  5.921000e-01  3.760065e+00
  5.767000e-01  3.537565e+00
  5.618000e-01  3.404090e+00
  5.472000e-01  3.570955e+00
  5.331000e-01  3.837940e+00
  5.193000e-01  4.171665e+00
  5.058000e-01  3.938055e+00
  4.927000e-01  5.439855e+00
  4.799000e-01  5.428745e+00
  4.675000e-01  4.160550e+00
  4.554000e-01  3.659935e+00
  4.436000e-01  5.117255e+00
  4.321000e-01  5.106130e+00
  4.209000e-01  5.028255e+00
  4.100000e-01  3.782305e+00
  3.994000e-01  7.698130e+00
  3.891000e-01  1.194770e+01
  3.790000e-01  1.118000e+01
  3.692000e-01  3.114840e+00
  3.596000e-01  2.736630e+00
  3.503000e-01  2.514130e+00
  3.412000e-01  3.003595e+00
  3.324000e-01  2.959100e+00
  3.238000e-01  2.970230e+00
  3.154000e-01  2.714375e+00
  3.072000e-01  3.059220e+00
  2.992000e-01  4.338530e+00
  2.915000e-01  4.994885e+00
  2.839000e-01  5.228510e+00
  2.766000e-01  2.747740e+00
  2.694000e-01  5.161755e+00
  2.624000e-01  9.544735e+00
  2.556000e-01  1.264840e+01
  2.490000e-01  5.384240e+00
  2.426000e-01  4.093800e+00
  2.363000e-01  4.405270e+00
  2.302000e-01  3.537560e+00
  2.242000e-01  2.825610e+00
  2.184000e-01  2.658745e+00
  2.127000e-01  2.669860e+00
  2.072000e-01  2.291630e+00
  2.019000e-01  2.658740e+00
  1.966000e-01  2.803365e+00
  1.915000e-01  2.992470e+00
  1.866000e-01  2.881245e+00
  1.817000e-01  2.291645e+00
  1.770000e-01  2.369505e+00
  1.725000e-01  1.791030e+00
  1.680000e-01  2.836725e+00
  1.636000e-01  2.769985e+00
  1.594000e-01  3.003600e+00
  1.553000e-01  3.148220e+00
  1.512000e-01  2.992475e+00
  1.473000e-01  3.337335e+00
  1.435000e-01  2.959105e+00
  1.398000e-01  2.447375e+00
  1.362000e-01  2.703240e+00
  1.326000e-01  2.681000e+00
  1.292000e-01  2.925735e+00
  1.259000e-01  2.447385e+00
  1.226000e-01  2.402890e+00
  1.194000e-01  2.402875e+00
  1.163000e-01  2.514125e+00
  1.133000e-01  2.658750e+00
  1.104000e-01  2.369515e+00
  1.075000e-01  2.436255e+00
  1.047000e-01  2.491890e+00
  1.020000e-01  2.569745e+00
  9.940000e-02  2.836735e+00
  9.680000e-02  2.580875e+00
  9.430000e-02  2.703245e+00
  9.190000e-02  2.347260e+00
  8.950000e-02  2.325010e+00
  8.720000e-02  2.135895e+00
  8.490000e-02  1.824410e+00
  8.270000e-02  2.102525e+00
  8.060000e-02  2.180395e+00
  7.850000e-02  1.601905e+00
  7.640000e-02  1.590785e+00
  7.450000e-02  1.446165e+00
  7.250000e-02  1.323790e+00
  7.070000e-02  1.390535e+00
  6.880000e-02  1.223680e+00
  6.700000e-02  1.090177e+00
  6.530000e-02  9.566900e-01
  6.360000e-02  8.454450e-01
  6.200000e-02  7.787035e-01
  6.040000e-02  8.788215e-01
  5.880000e-02  7.342080e-01
  5.730000e-02  5.895910e-01
  5.580000e-02  4.227310e-01
  5.430000e-02  3.114835e-01
  5.290000e-02  2.669880e-01
  5.160000e-02  3.559840e-01
  5.020000e-02  3.337325e-01
  4.890000e-02  2.336145e-01
  4.770000e-02  1.668675e-01
  4.640000e-02  8.899600e-02
  4.520000e-02  1.223695e-01
  4.410000e-02  1.112450e-01
  4.290000e-02  2.224900e-02
  4.180000e-02  5.562250e-02
  4.070000e-02  6.674700e-02
  3.970000e-02  5.562250e-02
  3.860000e-02  3.337350e-02
  3.760000e-02  2.224900e-02
  3.670000e-02  2.224900e-02
  3.570000e-02  3.337350e-02
  3.480000e-02  1.112450e-02
  3.390000e-02  0.000000e+00
  3.300000e-02  1.112450e-02
  3.220000e-02  0.000000e+00
  3.130000e-02  0.000000e+00
  3.050000e-02  0.000000e+00
  2.970000e-02  1.112450e-02
  2.890000e-02  0.000000e+00
  2.820000e-02  0.000000e+00
  2.750000e-02  4.449800e-02
  2.680000e-02  1.112450e-02
  2.610000e-02  1.112450e-02
  2.540000e-02  0.000000e+00
  2.470000e-02  1.112450e-02
  2.410000e-02  0.000000e+00
  2.350000e-02  1.112450e-02
  2.290000e-02  1.112450e-02
  2.230000e-02  1.112450e-02
  2.170000e-02  1.112450e-02
  2.110000e-02  0.000000e+00
  2.060000e-02  2.224900e-02
  2.000000e-02  0.000000e+00
  1.950000e-02  0.000000e+00
  1.900000e-02  1.112450e-02
  1.850000e-02  0.000000e+00
  1.800000e-02  0.000000e+00
  1.760000e-02  1.112450e-02
  1.710000e-02  0.000000e+00
  1.670000e-02  1.112450e-02
  1.630000e-02  0.000000e+00
  1.580000e-02  0.000000e+00
  1.540000e-02  1.112450e-02
  1.500000e-02  0.000000e+00
  1.460000e-02  0.000000e+00
  1.430000e-02  0.000000e+00
  1.390000e-02  0.000000e+00
  1.350000e-02  1.112450e-02
  1.320000e-02  1.112450e-02
  1.280000e-02  0.000000e+00
  1.250000e-02  0.000000e+00
  1.220000e-02  1.112450e-02
  1.190000e-02  0.000000e+00
  1.160000e-02  0.000000e+00
  1.130000e-02  4.449800e-02
  1.100000e-02  1.702030e+00
  1.070000e-02  2.213770e+00
  1.040000e-02  1.802145e+00
  1.010000e-02  1.502920e+01
