  4.934820e+03  3.337350e-02
  4.806990e+03  0.000000e+00
  4.682470e+03  0.000000e+00
  4.561180e+03  0.000000e+00
  4.443030e+03  0.000000e+00
  4.327940e+03  0.000000e+00
  4.215830e+03  0.000000e+00
  4.106630e+03  0.000000e+00
  4.000250e+03  0.000000e+00
  3.896630e+03  1.112450e-02
  3.795700e+03  0.000000e+00
  3.697380e+03  0.000000e+00
  3.601600e+03  0.000000e+00
  3.508310e+03  0.000000e+00
  3.417430e+03  0.000000e+00
  3.328910e+03  0.000000e+00
  3.242680e+03  0.000000e+00
  3.158680e+03  1.112450e-02
  3.076860e+03  0.000000e+00
  2.997160e+03  0.000000e+00
  2.919530e+03  0.000000e+00
  2.843900e+03  0.000000e+00
  2.770230e+03  0.000000e+00
  2.698480e+03  0.000000e+00
  2.628580e+03  0.000000e+00
  2.560490e+03  1.112450e-02
  2.494160e+03  0.000000e+00
  2.429550e+03  1.112450e-02
  2.366620e+03  0.000000e+00
  2.305320e+03  1.112450e-02
  2.245600e+03  0.000000e+00
  2.187430e+03  2.224900e-02
  2.130770e+03  1.112450e-02
  2.075580e+03  1.112450e-02
  2.021810e+03  4.449800e-02
  1.969440e+03  1.112450e-02
  1.918430e+03  1.112450e-02
  1.868730e+03  0.000000e+00
  1.820330e+03  2.224900e-02
  1.773170e+03  1.112450e-02
  1.727240e+03  1.112450e-02
  1.682500e+03  1.112450e-02
  1.638920e+03  3.337350e-02
  1.596470e+03  2.224900e-02
  1.555110e+03  5.562250e-02
  1.514830e+03  1.112450e-02
  1.475590e+03  5.562250e-02
  1.437370e+03  7.787150e-02
  1.400140e+03  4.449800e-02
  1.363870e+03  3.337350e-02
  1.328540e+03  4.449800e-02
  1.294120e+03  6.674700e-02
  1.260600e+03  6.674700e-02
  1.227950e+03  8.899600e-02
  1.196140e+03  1.779920e-01
  1.165160e+03  1.112450e-01
  1.134980e+03  7.787150e-02
  1.105580e+03  1.112450e-01
  1.076940e+03  1.001205e-01
  1.049040e+03  1.557430e-01
  1.021870e+03  1.557430e-01
  9.953980e+02  1.334940e-01
  9.696140e+02  1.334940e-01
  9.444970e+02  1.779920e-01
  9.200320e+02  1.891165e-01
  8.962000e+02  2.113655e-01
  8.729850e+02  3.003615e-01
  8.503720e+02  2.892345e-01
  8.283450e+02  4.227285e-01
  8.068880e+02  4.449800e-01
  7.859870e+02  5.339710e-01
  7.656270e+02  5.005975e-01
  7.457950e+02  7.119545e-01
  7.264760e+02  4.672245e-01
  7.076580e+02  7.453360e-01
  6.893270e+02  7.453320e-01
  6.714710e+02  9.678165e-01
  6.540780e+02  9.455670e-01
  6.371350e+02  1.156920e+00
  6.206310e+02  1.112430e+00
  6.045550e+02  1.334915e+00
  5.888950e+02  1.334920e+00
  5.736410e+02  1.802155e+00
  5.587810e+02  1.757645e+00
  5.443070e+02  1.902280e+00
  5.302080e+02  2.236010e+00
  5.164740e+02  2.569750e+00
  5.030950e+02  2.503005e+00
  4.900630e+02  3.092605e+00
  4.773690e+02  3.092595e+00
  4.650040e+02  3.837945e+00
  4.529580e+02  4.149420e+00
  4.412250e+02  4.917005e+00
  4.297960e+02  5.028255e+00
  4.186630e+02  5.662340e+00
  4.078180e+02  6.185200e+00
  3.972540e+02  6.507815e+00
  3.869640e+02  7.920640e+00
  3.769400e+02  8.432310e+00
  3.671770e+02  9.878506e+00
  3.576650e+02  1.094640e+01
  3.484010e+02  1.217010e+01
  3.393760e+02  1.348285e+01
  3.305850e+02  1.486230e+01
  3.220220e+02  1.630830e+01
  3.136800e+02  1.799945e+01
  3.055550e+02  1.935665e+01
  2.976400e+02  2.198190e+01
  2.899300e+02  2.477395e+01
  2.824200e+02  2.662085e+01
  2.751040e+02  3.059220e+01
  2.679780e+02  3.320645e+01
  2.610370e+02  3.693320e+01
  2.542750e+02  4.052640e+01
  2.476890e+02  4.483155e+01
  2.412730e+02  4.805755e+01
  2.350230e+02  5.303035e+01
  2.289350e+02  5.835890e+01
  2.230050e+02  6.317570e+01
  2.172280e+02  7.138565e+01
  2.116010e+02  7.689230e+01
  2.061200e+02  8.471265e+01
  2.007810e+02  9.292255e+01
  1.955800e+02  1.019000e+02
  1.905140e+02  1.113890e+02
  1.855790e+02  1.252610e+02
  1.807720e+02  1.367200e+02
  1.760890e+02  1.477555e+02
  1.715280e+02  1.599580e+02
  1.670850e+02  1.785140e+02
  1.627570e+02  1.897395e+02
  1.585410e+02  2.032320e+02
  1.544340e+02  2.214090e+02
  1.504340e+02  2.393215e+02
  1.465370e+02  2.580430e+02
  1.427410e+02  2.729935e+02
  1.390440e+02  2.940865e+02
  1.354420e+02  3.152215e+02
  1.319340e+02  3.340905e+02
  1.285160e+02  3.576960e+02
  1.251870e+02  3.771630e+02
  1.219440e+02  3.982005e+02
  1.187850e+02  4.244750e+02
  1.157090e+02  4.458565e+02
  1.127110e+02  4.719440e+02
  1.097920e+02  4.999990e+02
  1.069480e+02  5.300910e+02
  1.041770e+02  5.608400e+02
  1.014790e+02  5.877500e+02
  9.885030e+01  6.182310e+02
  9.628970e+01  6.494120e+02
  9.379550e+01  6.840975e+02
  9.136590e+01  7.212880e+02
  8.899920e+01  7.512355e+02
  8.669380e+01  7.889460e+02
  8.444820e+01  8.233880e+02
  8.226070e+01  8.681755e+02
  8.012980e+01  9.086245e+02
  7.805420e+01  9.532995e+02
  7.603240e+01  9.898140e+02
  7.406290e+01  1.033255e+03
  7.214440e+01  1.086860e+03
  7.027560e+01  1.130565e+03
  6.845520e+01  1.180695e+03
  6.668200e+01  1.225630e+03
  6.495470e+01  1.264665e+03
  6.327220e+01  1.300395e+03
  6.163320e+01  1.334835e+03
  6.003670e+01  1.350835e+03
  5.848160e+01  1.364600e+03
  5.696670e+01  1.384575e+03
  5.549110e+01  1.400625e+03
  5.405370e+01  1.426095e+03
  5.265350e+01  1.455675e+03
  5.128960e+01  1.481285e+03
  4.996100e+01  1.518885e+03
  4.866690e+01  1.561930e+03
  4.740620e+01  1.591180e+03
  4.617830e+01  1.618725e+03
  4.498210e+01  1.630835e+03
  4.381690e+01  1.617915e+03
  4.268190e+01  1.595195e+03
  4.157630e+01  1.567820e+03
  4.049930e+01  1.550720e+03
  3.945030e+01  1.517220e+03
  3.842840e+01  1.491385e+03
  3.743290e+01  1.449475e+03
  3.646330e+01  1.415495e+03
  3.551880e+01  1.378140e+03
  3.459870e+01  1.345370e+03
  3.370250e+01  1.313325e+03
  3.282950e+01  1.282020e+03
  3.197910e+01  1.252140e+03
  3.115070e+01  1.225420e+03
  3.034380e+01  1.192270e+03
  2.955780e+01  1.157790e+03
  2.879220e+01  1.131850e+03
  2.804640e+01  1.101110e+03
  2.731990e+01  1.062955e+03
  2.661220e+01  1.034685e+03
  2.592290e+01  1.005425e+03
  2.525140e+01  9.741355e+02
  2.459730e+01  9.310730e+02
  2.396010e+01  8.994680e+02
  2.333950e+01  8.607315e+02
  2.273490e+01  8.357690e+02
  2.214600e+01  7.967115e+02
  2.157230e+01  7.530370e+02
  2.101350e+01  7.155925e+02
  2.046920e+01  6.819730e+02
  1.993900e+01  6.423930e+02
  1.942250e+01  6.021775e+02
  1.891940e+01  5.671705e+02
  1.842930e+01  5.379570e+02
  1.795200e+01  5.076430e+02
  1.748690e+01  4.848265e+02
  1.703400e+01  4.612870e+02
  1.659270e+01  4.364785e+02
  1.616290e+01  4.167770e+02
  1.574430e+01  3.941405e+02
  1.533640e+01  3.749485e+02
  1.493920e+01  3.521120e+02
  1.455220e+01  3.284595e+02
  1.417520e+01  3.061890e+02
  1.380800e+01  2.875125e+02
  1.345040e+01  2.583205e+02
  1.310200e+01  2.303550e+02
  1.276260e+01  2.013865e+02
  1.243200e+01  1.753550e+02
  1.211000e+01  1.497030e+02
  1.179630e+01  1.294785e+02
  1.149070e+01  1.063935e+02
  1.119310e+01  9.244415e+01
  1.090310e+01  8.215410e+01
  1.062070e+01  7.461176e+01
  1.034560e+01  6.576770e+01
  1.007760e+01  5.835890e+01
  9.816600e+00  4.865845e+01
  9.562300e+00  4.240630e+01
  9.314600e+00  4.169445e+01
  9.073300e+00  4.930365e+01
  8.838300e+00  5.765805e+01
  8.609300e+00  6.573440e+01
  8.386300e+00  7.415559e+01
  8.169100e+00  8.287730e+01
  7.957500e+00  8.906250e+01
  7.751400e+00  8.966320e+01
  7.550600e+00  8.965190e+01
  7.355000e+00  8.521340e+01
  7.164500e+00  8.471275e+01
  6.978900e+00  8.030750e+01
  6.798100e+00  7.908375e+01
  6.622000e+00  7.605790e+01
  6.450500e+00  7.394430e+01
  6.283400e+00  7.258705e+01
  6.120600e+00  7.243135e+01
  5.962100e+00  7.115190e+01
  5.807600e+00  7.111860e+01
  5.657200e+00  7.135230e+01
  5.510700e+00  7.287621e+01
  5.367900e+00  7.369955e+01
  5.228900e+00  7.206420e+01
  5.093400e+00  6.983935e+01
  4.961500e+00  6.860464e+01
  4.833000e+00  7.016216e+01
  4.707800e+00  7.187505e+01
  4.585800e+00  6.490005e+01
  4.467100e+00  6.063935e+01
  4.351300e+00  6.256390e+01
  4.238600e+00  5.922660e+01
  4.128800e+00  6.000530e+01
  4.021900e+00  7.566855e+01
  3.917700e+00  6.102875e+01
  3.816200e+00  5.053840e+01
  3.717400e+00  4.761275e+01
  3.621100e+00  4.577720e+01
  3.527300e+00  4.294045e+01
  3.435900e+00  3.809010e+01
  3.346900e+00  3.360695e+01
  3.260200e+00  2.615355e+01
  3.175800e+00  1.769915e+01
  3.093500e+00  1.119100e+01
  3.013400e+00  8.688185e+00
  2.935300e+00  1.002310e+01
  2.859300e+00  1.319350e+01
  2.785200e+00  1.838880e+01
  2.713100e+00  2.392865e+01
  2.642800e+00  2.397315e+01
  2.574300e+00  2.116985e+01
  2.507600e+00  2.022420e+01
  2.442700e+00  1.907845e+01
  2.379400e+00  1.804395e+01
  2.317800e+00  1.551870e+01
  2.257700e+00  1.367200e+01
  2.199300e+00  1.396110e+01
  2.142300e+00  1.171400e+01
  2.086800e+00  1.083505e+01
  2.032700e+00  1.080185e+01
  1.980100e+00  1.205875e+01
  1.928800e+00  8.376715e+00
  1.878800e+00  6.518935e+00
  1.830200e+00  8.042980e+00
  1.782800e+00  1.685360e+01
  1.736600e+00  8.788260e+00
  1.691600e+00  5.428740e+00
  1.647800e+00  4.427540e+00
  1.605100e+00  4.182790e+00
  1.563500e+00  3.715565e+00
  1.523000e+00  3.782315e+00
  1.483600e+00  3.137085e+00
  1.445100e+00  2.736625e+00
  1.407700e+00  2.814490e+00
  1.371200e+00  2.336130e+00
  1.335700e+00  2.236000e+00
  1.301100e+00  1.468415e+00
  1.267400e+00  1.112435e+00
  1.234600e+00  1.768785e+00
  1.202600e+00  1.724285e+00
  1.171500e+00  1.156930e+00
  1.141100e+00  1.557405e+00
  1.111600e+00  8.565750e-01
  1.082800e+00  8.899440e-01
  1.054700e+00  1.312675e+00
  1.027400e+00  9.233225e-01
  1.000800e+00  6.674650e-01
  9.749000e-01  9.789415e-01
  9.496000e-01  7.898310e-01
  9.250000e-01  7.008340e-01
  9.010000e-01  6.785840e-01
  8.777000e-01  7.230810e-01
  8.550000e-01  8.677025e-01
  8.328000e-01  6.118455e-01
  8.113000e-01  8.565725e-01
  7.902000e-01  6.563359e-01
  7.698000e-01  7.008385e-01
  7.498000e-01  7.675850e-01
  7.304000e-01  7.787055e-01
  7.115000e-01  8.454460e-01
  6.931000e-01  1.134685e+00
  6.751000e-01  5.762475e+00
  6.576000e-01  6.007215e+00
  6.406000e-01  1.364970e+01
  6.240000e-01  2.959105e+00
  6.078000e-01  9.344420e-01
  5.921000e-01  7.564580e-01
  5.767000e-01  7.230855e-01
  5.618000e-01  7.342105e-01
  5.472000e-01  8.343285e-01
  5.331000e-01  8.676980e-01
  5.193000e-01  8.231970e-01
  5.058000e-01  8.454495e-01
  4.927000e-01  1.112420e+00
  4.799000e-01  1.368300e+00
  4.675000e-01  9.344400e-01
  4.554000e-01  7.342090e-01
  4.436000e-01  1.245920e+00
  4.321000e-01  1.212555e+00
  4.209000e-01  1.001194e+00
  4.100000e-01  8.232000e-01
  3.994000e-01  1.935650e+00
  3.891000e-01  2.736610e+00
  3.790000e-01  2.725495e+00
  3.692000e-01  6.452146e-01
  3.596000e-01  6.785885e-01
  3.503000e-01  6.229690e-01
  3.412000e-01  5.895960e-01
  3.324000e-01  7.008385e-01
  3.238000e-01  7.008370e-01
  3.154000e-01  4.672290e-01
  3.072000e-01  8.899485e-01
  2.992000e-01  1.001183e+00
  2.915000e-01  1.234800e+00
  2.839000e-01  1.067935e+00
  2.766000e-01  7.675805e-01
  2.694000e-01  1.245925e+00
  2.624000e-01  2.369515e+00
  2.556000e-01  3.248345e+00
  2.490000e-01  1.312675e+00
  2.426000e-01  8.009555e-01
  2.363000e-01  1.201425e+00
  2.302000e-01  9.789410e-01
  2.242000e-01  8.231945e-01
  2.184000e-01  7.564590e-01
  2.127000e-01  8.565735e-01
  2.072000e-01  5.228465e-01
  2.019000e-01  5.673460e-01
  1.966000e-01  7.119625e-01
  1.915000e-01  6.674665e-01
  1.866000e-01  6.340940e-01
  1.817000e-01  5.784670e-01
  1.770000e-01  5.895945e-01
  1.725000e-01  6.452115e-01
  1.680000e-01  8.231970e-01
  1.636000e-01  8.899450e-01
  1.594000e-01  6.340870e-01
  1.553000e-01  6.452150e-01
  1.512000e-01  5.228465e-01
  1.473000e-01  6.674655e-01
  1.435000e-01  7.342085e-01
  1.398000e-01  8.231960e-01
  1.362000e-01  5.117250e-01
  1.326000e-01  5.673475e-01
  1.292000e-01  7.342135e-01
  1.259000e-01  6.118410e-01
  1.226000e-01  5.117220e-01
  1.194000e-01  6.785880e-01
  1.163000e-01  5.784700e-01
  1.133000e-01  6.897085e-01
  1.104000e-01  7.787025e-01
  1.075000e-01  7.787050e-01
  1.047000e-01  8.009550e-01
  1.020000e-01  6.563325e-01
  9.940000e-02  8.565705e-01
  9.680000e-02  9.121915e-01
  9.430000e-02  6.118425e-01
  9.190000e-02  8.009560e-01
  8.950000e-02  7.675805e-01
  8.720000e-02  5.228490e-01
  8.490000e-02  6.229680e-01
  8.270000e-02  5.673470e-01
  8.060000e-02  4.783485e-01
  7.850000e-02  5.784680e-01
  7.640000e-02  5.006005e-01
  7.450000e-02  5.117220e-01
  7.250000e-02  4.004795e-01
  7.070000e-02  3.003595e-01
  6.880000e-02  3.559840e-01
  6.700000e-02  2.781125e-01
  6.530000e-02  2.558635e-01
  6.360000e-02  2.113655e-01
  6.200000e-02  1.446185e-01
  6.040000e-02  1.891165e-01
  5.880000e-02  1.446185e-01
  5.730000e-02  1.112450e-01
  5.580000e-02  1.223695e-01
  5.430000e-02  8.899600e-02
  5.290000e-02  5.562250e-02
  5.160000e-02  6.674700e-02
  5.020000e-02  4.449800e-02
  4.890000e-02  1.001205e-01
  4.770000e-02  3.337350e-02
  4.640000e-02  5.562250e-02
  4.520000e-02  4.449800e-02
  4.410000e-02  3.337350e-02
  4.290000e-02  2.224900e-02
  4.180000e-02  2.224900e-02
  4.070000e-02  0.000000e+00
  3.970000e-02  1.112450e-02
  3.860000e-02  3.337350e-02
  3.760000e-02  0.000000e+00
  3.670000e-02  1.112450e-02
  3.570000e-02  2.224900e-02
  3.480000e-02  1.112450e-02
  3.390000e-02  0.000000e+00
  3.300000e-02  1.112450e-02
  3.220000e-02  0.000000e+00
  3.130000e-02  0.000000e+00
  3.050000e-02  0.000000e+00
  2.970000e-02  0.000000e+00
  2.890000e-02  0.000000e+00
  2.820000e-02  1.112450e-02
  2.750000e-02  0.000000e+00
  2.680000e-02  0.000000e+00
  2.610000e-02  0.000000e+00
  2.540000e-02  0.000000e+00
  2.470000e-02  0.000000e+00
  2.410000e-02  0.000000e+00
  2.350000e-02  0.000000e+00
  2.290000e-02  0.000000e+00
  2.230000e-02  0.000000e+00
  2.170000e-02  0.000000e+00
  2.110000e-02  0.000000e+00
  2.060000e-02  0.000000e+00
  2.000000e-02  0.000000e+00
  1.950000e-02  0.000000e+00
  1.900000e-02  0.000000e+00
  1.850000e-02  0.000000e+00
  1.800000e-02  0.000000e+00
  1.760000e-02  0.000000e+00
  1.710000e-02  0.000000e+00
  1.670000e-02  0.000000e+00
  1.630000e-02  0.000000e+00
  1.580000e-02  0.000000e+00
  1.540000e-02  0.000000e+00
  1.500000e-02  0.000000e+00
  1.460000e-02  0.000000e+00
  1.430000e-02  0.000000e+00
  1.390000e-02  0.000000e+00
  1.350000e-02  0.000000e+00
  1.320000e-02  0.000000e+00
  1.280000e-02  0.000000e+00
  1.250000e-02  0.000000e+00
  1.220000e-02  0.000000e+00
  1.190000e-02  0.000000e+00
  1.160000e-02  0.000000e+00
  1.130000e-02  0.000000e+00
  1.100000e-02  3.337350e-02
  1.070000e-02  0.000000e+00
  1.040000e-02  0.000000e+00
  1.010000e-02  2.224900e-02
