  4.934820e+03  6.380940e-03
  4.806990e+03  0.000000e+00
  4.682470e+03  1.417960e-03
  4.561180e+03  3.544900e-04
  4.443030e+03  3.544900e-04
  4.327940e+03  3.544900e-04
  4.215830e+03  1.417960e-03
  4.106630e+03  3.544900e-04
  4.000250e+03  1.417980e-03
  3.896630e+03  7.089800e-04
  3.795700e+03  2.126960e-03
  3.697380e+03  0.000000e+00
  3.601600e+03  3.544900e-04
  3.508310e+03  1.417960e-03
  3.417430e+03  1.063490e-03
  3.328910e+03  7.089800e-04
  3.242680e+03  2.835920e-03
  3.158680e+03  3.899430e-03
  3.076860e+03  1.772450e-03
  2.997160e+03  1.772470e-03
  2.919530e+03  3.544960e-03
  2.843900e+03  3.544950e-03
  2.770230e+03  3.190430e-03
  2.698480e+03  3.190450e-03
  2.628580e+03  4.962940e-03
  2.560490e+03  3.544940e-03
  2.494160e+03  4.608430e-03
  2.429550e+03  7.798930e-03
  2.366620e+03  6.735420e-03
  2.305320e+03  5.671940e-03
  2.245600e+03  9.216850e-03
  2.187430e+03  7.089950e-03
  2.130770e+03  1.240732e-02
  2.075580e+03  8.507799e-03
  2.021810e+03  1.382540e-02
  1.969440e+03  1.134390e-02
  1.918430e+03  1.843380e-02
  1.868730e+03  2.339660e-02
  1.820330e+03  1.559775e-02
  1.773170e+03  2.765040e-02
  1.727240e+03  2.375105e-02
  1.682500e+03  3.013180e-02
  1.638920e+03  3.474025e-02
  1.596470e+03  3.119540e-02
  1.555110e+03  3.509475e-02
  1.514830e+03  3.722175e-02
  1.475590e+03  4.431150e-02
  1.437370e+03  4.537500e-02
  1.400140e+03  5.033785e-02
  1.363870e+03  5.600975e-02
  1.328540e+03  5.104685e-02
  1.294120e+03  6.841705e-02
  1.260600e+03  6.239055e-02
  1.227950e+03  8.117899e-02
  1.196140e+03  8.791460e-02
  1.165160e+03  9.677730e-02
  1.134980e+03  1.176930e-01
  1.105580e+03  1.155660e-01
  1.076940e+03  1.297470e-01
  1.049040e+03  1.396725e-01
  1.021870e+03  1.648415e-01
  9.953980e+02  1.878830e-01
  9.696140e+02  1.967435e-01
  9.444970e+02  2.229755e-01
  9.200320e+02  2.920980e-01
  8.962000e+02  2.959980e-01
  8.729850e+02  3.349925e-01
  8.503720e+02  3.622890e-01
  8.283450e+02  4.023475e-01
  8.068880e+02  4.594220e-01
  7.859870e+02  5.313855e-01
  7.656270e+02  5.710880e-01
  7.457950e+02  6.302875e-01
  7.264760e+02  7.298965e-01
  7.076580e+02  7.944145e-01
  6.893270e+02  9.011165e-01
  6.714710e+02  9.606715e-01
  6.540780e+02  1.134385e+00
  6.371350e+02  1.293185e+00
  6.206310e+02  1.419745e+00
  6.045550e+02  1.622505e+00
  5.888950e+02  1.794070e+00
  5.736410e+02  1.973105e+00
  5.587810e+02  2.207420e+00
  5.443070e+02  2.360215e+00
  5.302080e+02  2.707975e+00
  5.164740e+02  2.960005e+00
  5.030950e+02  3.321240e+00
  4.900630e+02  3.704110e+00
  4.773690e+02  4.092265e+00
  4.650040e+02  4.572955e+00
  4.529580e+02  5.061795e+00
  4.412250e+02  5.627570e+00
  4.297960e+02  6.288685e+00
  4.186630e+02  6.956545e+00
  4.078180e+02  7.637875e+00
  3.972540e+02  8.415640e+00
  3.869640e+02  9.391895e+00
  3.769400e+02  1.041220e+01
  3.671770e+02  1.155250e+01
  3.576650e+02  1.277015e+01
  3.484010e+02  1.400455e+01
  3.393760e+02  1.542180e+01
  3.305850e+02  1.687160e+01
  3.220220e+02  1.842360e+01
  3.136800e+02  2.028295e+01
  3.055550e+02  2.206045e+01
  2.976400e+02  2.410835e+01
  2.899300e+02  2.656915e+01
  2.824200e+02  2.908745e+01
  2.751040e+02  3.197695e+01
  2.679780e+02  3.450535e+01
  2.610370e+02  3.781290e+01
  2.542750e+02  4.110220e+01
  2.476890e+02  4.499175e+01
  2.412730e+02  4.885395e+01
  2.350230e+02  5.334145e+01
  2.289350e+02  5.783710e+01
  2.230050e+02  6.312000e+01
  2.172280e+02  6.796635e+01
  2.116010e+02  7.331320e+01
  2.061200e+02  7.912020e+01
  2.007810e+02  8.526555e+01
  1.955800e+02  9.249825e+01
  1.905140e+02  1.003450e+02
  1.855790e+02  1.088445e+02
  1.807720e+02  1.169685e+02
  1.760890e+02  1.260445e+02
  1.715280e+02  1.349245e+02
  1.670850e+02  1.435835e+02
  1.627570e+02  1.527895e+02
  1.585410e+02  1.622610e+02
  1.544340e+02  1.713405e+02
  1.504340e+02  1.805940e+02
  1.465370e+02  1.908365e+02
  1.427410e+02  2.001870e+02
  1.390440e+02  2.097670e+02
  1.354420e+02  2.195605e+02
  1.319340e+02  2.287945e+02
  1.285160e+02  2.380800e+02
  1.251870e+02  2.464085e+02
  1.219440e+02  2.557865e+02
  1.187850e+02  2.650405e+02
  1.157090e+02  2.744755e+02
  1.127110e+02  2.840785e+02
  1.097920e+02  2.922315e+02
  1.069480e+02  3.013930e+02
  1.041770e+02  3.099130e+02
  1.014790e+02  3.183845e+02
  9.885030e+01  3.266325e+02
  9.628970e+01  3.343365e+02
  9.379550e+01  3.409670e+02
  9.136590e+01  3.472250e+02
  8.899920e+01  3.523195e+02
  8.669380e+01  3.572205e+02
  8.444820e+01  3.616295e+02
  8.226070e+01  3.637025e+02
  8.012980e+01  3.661090e+02
  7.805420e+01  3.664585e+02
  7.603240e+01  3.660730e+02
  7.406290e+01  3.621805e+02
  7.214440e+01  3.579800e+02
  7.027560e+01  3.527490e+02
  6.845520e+01  3.450185e+02
  6.668200e+01  3.342520e+02
  6.495470e+01  3.227130e+02
  6.327220e+01  3.110810e+02
  6.163320e+01  2.977330e+02
  6.003670e+01  2.838580e+02
  5.848160e+01  2.710470e+02
  5.696670e+01  2.575055e+02
  5.549110e+01  2.445530e+02
  5.405370e+01  2.278275e+02
  5.265350e+01  2.095775e+02
  5.128960e+01  1.912875e+02
  4.996100e+01  1.734865e+02
  4.866690e+01  1.537120e+02
  4.740620e+01  1.341860e+02
  4.617830e+01  1.160565e+02
  4.498210e+01  9.988610e+01
  4.381690e+01  9.078395e+01
  4.268190e+01  8.206620e+01
  4.157630e+01  7.404520e+01
  4.049930e+01  6.696526e+01
  3.945030e+01  6.054850e+01
  3.842840e+01  5.631180e+01
  3.743290e+01  5.187665e+01
  3.646330e+01  4.796810e+01
  3.551880e+01  4.440050e+01
  3.459870e+01  4.034970e+01
  3.370250e+01  3.620635e+01
  3.282950e+01  3.221975e+01
  3.197910e+01  2.885740e+01
  3.115070e+01  2.555855e+01
  3.034380e+01  2.271825e+01
  2.955780e+01  1.973810e+01
  2.879220e+01  1.701560e+01
  2.804640e+01  1.453485e+01
  2.731990e+01  1.223875e+01
  2.661220e+01  1.040505e+01
  2.592290e+01  8.614850e+00
  2.525140e+01  7.061835e+00
  2.459730e+01  5.626145e+00
  2.396010e+01  4.507365e+00
  2.333950e+01  3.572215e+00
  2.273490e+01  2.717175e+00
  2.214600e+01  2.037260e+00
  2.157230e+01  1.515095e+00
  2.101350e+01  1.064535e+00
  2.046920e+01  7.334415e-01
  1.993900e+01  5.125970e-01
  1.942250e+01  3.424370e-01
  1.891940e+01  2.729560e-01
  1.842930e+01  2.126960e-01
  1.795200e+01  2.077320e-01
  1.748690e+01  2.027715e-01
  1.703400e+01  1.970985e-01
  1.659270e+01  2.442425e-01
  1.616290e+01  2.818180e-01
  1.574430e+01  3.647705e-01
  1.533640e+01  4.491415e-01
  1.493920e+01  4.845915e-01
  1.455220e+01  4.619035e-01
  1.417520e+01  3.824955e-01
  1.380800e+01  2.282915e-01
  1.345040e+01  1.106030e-01
  1.310200e+01  3.722175e-02
  1.276260e+01  1.488895e-02
  1.243200e+01  3.899430e-03
  1.211000e+01  1.063470e-03
  1.179630e+01  7.089800e-04
  1.149070e+01  3.544900e-04
  1.119310e+01  3.544900e-04
  1.090310e+01  0.000000e+00
  1.062070e+01  0.000000e+00
  1.034560e+01  0.000000e+00
  1.007760e+01  0.000000e+00
  9.816600e+00  0.000000e+00
  9.562300e+00  1.063470e-03
  9.314600e+00  3.544900e-04
  9.073300e+00  0.000000e+00
  8.838300e+00  0.000000e+00
  8.609300e+00  7.089800e-04
  8.386300e+00  2.126940e-03
  8.169100e+00  3.899410e-03
  7.957500e+00  1.098940e-02
  7.751400e+00  2.020615e-02
  7.550600e+00  4.289345e-02
  7.355000e+00  4.502055e-02
  7.164500e+00  4.005760e-02
  6.978900e+00  4.466605e-02
  6.798100e+00  3.084090e-02
  6.622000e+00  2.552345e-02
  6.450500e+00  1.701570e-02
  6.283400e+00  1.807920e-02
  6.120600e+00  1.772475e-02
  5.962100e+00  1.772475e-02
  5.807600e+00  1.417972e-02
  5.657200e+00  1.878810e-02
  5.510700e+00  2.126965e-02
  5.367900e+00  1.701580e-02
  5.228900e+00  1.595225e-02
  5.093400e+00  1.417985e-02
  4.961500e+00  1.205275e-02
  4.833000e+00  1.382535e-02
  4.707800e+00  1.453435e-02
  4.585800e+00  1.382545e-02
  4.467100e+00  1.311632e-02
  4.351300e+00  1.098932e-02
  4.238600e+00  1.347090e-02
  4.128800e+00  1.205284e-02
  4.021900e+00  2.162410e-02
  3.917700e+00  1.666135e-02
  3.816200e+00  1.134380e-02
  3.717400e+00  1.134394e-02
  3.621100e+00  9.571380e-03
  3.527300e+00  1.134380e-02
  3.435900e+00  8.507850e-03
  3.346900e+00  9.925810e-03
  3.260200e+00  7.089960e-03
  3.175800e+00  8.862300e-03
  3.093500e+00  6.026430e-03
  3.013400e+00  3.544920e-03
  2.935300e+00  6.026450e-03
  2.859300e+00  5.317400e-03
  2.785200e+00  8.862380e-03
  2.713100e+00  1.063484e-02
  2.642800e+00  9.216880e-03
  2.574300e+00  1.205297e-02
  2.507600e+00  8.862400e-03
  2.442700e+00  5.317430e-03
  2.379400e+00  7.089870e-03
  2.317800e+00  9.216970e-03
  2.257700e+00  9.216880e-03
  2.199300e+00  7.444430e-03
  2.142300e+00  5.671950e-03
  2.086800e+00  5.671930e-03
  2.032700e+00  9.925850e-03
  1.980100e+00  6.380950e-03
  1.928800e+00  6.026440e-03
  1.878800e+00  4.608450e-03
  1.830200e+00  5.671930e-03
  1.782800e+00  9.925870e-03
  1.736600e+00  7.444430e-03
  1.691600e+00  4.253960e-03
  1.647800e+00  6.380950e-03
  1.605100e+00  5.671950e-03
  1.563500e+00  5.317380e-03
  1.523000e+00  2.481430e-03
  1.483600e+00  3.899460e-03
  1.445100e+00  3.899480e-03
  1.407700e+00  2.835940e-03
  1.371200e+00  3.899430e-03
  1.335700e+00  2.835940e-03
  1.301100e+00  2.481450e-03
  1.267400e+00  3.190410e-03
  1.234600e+00  2.835940e-03
  1.202600e+00  4.608420e-03
  1.171500e+00  1.772470e-03
  1.141100e+00  2.481450e-03
  1.111600e+00  2.126940e-03
  1.082800e+00  1.772470e-03
  1.054700e+00  4.253900e-03
  1.027400e+00  1.772450e-03
  1.000800e+00  1.772470e-03
  9.749000e-01  1.417960e-03
  9.496000e-01  1.772450e-03
  9.250000e-01  2.481430e-03
  9.010000e-01  1.417980e-03
  8.777000e-01  1.063470e-03
  8.550000e-01  3.899450e-03
  8.328000e-01  1.063470e-03
  8.113000e-01  2.481450e-03
  7.902000e-01  1.417980e-03
  7.698000e-01  3.544900e-04
  7.498000e-01  3.544940e-03
  7.304000e-01  1.772470e-03
  7.115000e-01  3.544900e-04
  6.931000e-01  3.190430e-03
  6.751000e-01  1.417960e-03
  6.576000e-01  7.444420e-03
  6.406000e-01  9.216790e-03
  6.240000e-01  3.190440e-03
  6.078000e-01  5.317410e-03
  5.921000e-01  2.126960e-03
  5.767000e-01  2.126940e-03
  5.618000e-01  2.835940e-03
  5.472000e-01  4.608410e-03
  5.331000e-01  2.481450e-03
  5.193000e-01  3.544920e-03
  5.058000e-01  2.835920e-03
  4.927000e-01  3.190430e-03
  4.799000e-01  4.253920e-03
  4.675000e-01  2.126980e-03
  4.554000e-01  2.481450e-03
  4.436000e-01  1.772450e-03
  4.321000e-01  4.608430e-03
  4.209000e-01  2.481450e-03
  4.100000e-01  2.481470e-03
  3.994000e-01  3.544950e-03
  3.891000e-01  2.126960e-03
  3.790000e-01  5.671950e-03
  3.692000e-01  2.126940e-03
  3.596000e-01  2.481430e-03
  3.503000e-01  2.126940e-03
  3.412000e-01  1.417980e-03
  3.324000e-01  2.481450e-03
  3.238000e-01  4.253900e-03
  3.154000e-01  2.481430e-03
  3.072000e-01  2.126940e-03
  2.992000e-01  4.253900e-03
  2.915000e-01  3.190430e-03
  2.839000e-01  1.417990e-03
  2.766000e-01  2.835960e-03
  2.694000e-01  1.417960e-03
  2.624000e-01  2.126960e-03
  2.556000e-01  1.772470e-03
  2.490000e-01  1.772450e-03
  2.426000e-01  2.481430e-03
  2.363000e-01  2.481450e-03
  2.302000e-01  1.063470e-03
  2.242000e-01  3.544900e-04
  2.184000e-01  7.089800e-04
  2.127000e-01  1.417960e-03
  2.072000e-01  1.063470e-03
  2.019000e-01  3.544900e-04
  1.966000e-01  7.089800e-04
  1.915000e-01  1.063470e-03
  1.866000e-01  1.063490e-03
  1.817000e-01  0.000000e+00
  1.770000e-01  1.063470e-03
  1.725000e-01  1.063470e-03
  1.680000e-01  1.063470e-03
  1.636000e-01  7.089800e-04
  1.594000e-01  7.089800e-04
  1.553000e-01  7.090000e-04
  1.512000e-01  1.417960e-03
  1.473000e-01  7.089800e-04
  1.435000e-01  1.063470e-03
  1.398000e-01  0.000000e+00
  1.362000e-01  3.544900e-04
  1.326000e-01  7.089800e-04
  1.292000e-01  3.544900e-04
  1.259000e-01  0.000000e+00
  1.226000e-01  3.544900e-04
  1.194000e-01  3.544900e-04
  1.163000e-01  0.000000e+00
  1.133000e-01  3.544900e-04
  1.104000e-01  0.000000e+00
  1.075000e-01  0.000000e+00
  1.047000e-01  0.000000e+00
  1.020000e-01  0.000000e+00
  9.940000e-02  0.000000e+00
  9.680000e-02  0.000000e+00
  9.430000e-02  0.000000e+00
  9.190000e-02  0.000000e+00
  8.950000e-02  0.000000e+00
  8.720000e-02  0.000000e+00
  8.490000e-02  0.000000e+00
  8.270000e-02  0.000000e+00
  8.060000e-02  0.000000e+00
  7.850000e-02  0.000000e+00
  7.640000e-02  0.000000e+00
  7.450000e-02  0.000000e+00
  7.250000e-02  0.000000e+00
  7.070000e-02  0.000000e+00
  6.880000e-02  0.000000e+00
  6.700000e-02  0.000000e+00
  6.530000e-02  0.000000e+00
  6.360000e-02  0.000000e+00
  6.200000e-02  0.000000e+00
  6.040000e-02  0.000000e+00
  5.880000e-02  0.000000e+00
  5.730000e-02  0.000000e+00
  5.580000e-02  0.000000e+00
  5.430000e-02  0.000000e+00
  5.290000e-02  0.000000e+00
  5.160000e-02  0.000000e+00
  5.020000e-02  0.000000e+00
  4.890000e-02  0.000000e+00
  4.770000e-02  0.000000e+00
  4.640000e-02  0.000000e+00
  4.520000e-02  0.000000e+00
  4.410000e-02  0.000000e+00
  4.290000e-02  0.000000e+00
  4.180000e-02  0.000000e+00
  4.070000e-02  0.000000e+00
  3.970000e-02  0.000000e+00
  3.860000e-02  0.000000e+00
  3.760000e-02  0.000000e+00
  3.670000e-02  0.000000e+00
  3.570000e-02  0.000000e+00
  3.480000e-02  0.000000e+00
  3.390000e-02  0.000000e+00
  3.300000e-02  0.000000e+00
  3.220000e-02  0.000000e+00
  3.130000e-02  0.000000e+00
  3.050000e-02  0.000000e+00
  2.970000e-02  0.000000e+00
  2.890000e-02  0.000000e+00
  2.820000e-02  0.000000e+00
  2.750000e-02  0.000000e+00
  2.680000e-02  0.000000e+00
  2.610000e-02  0.000000e+00
  2.540000e-02  0.000000e+00
  2.470000e-02  0.000000e+00
  2.410000e-02  0.000000e+00
  2.350000e-02  0.000000e+00
  2.290000e-02  0.000000e+00
  2.230000e-02  0.000000e+00
  2.170000e-02  0.000000e+00
  2.110000e-02  0.000000e+00
  2.060000e-02  0.000000e+00
  2.000000e-02  0.000000e+00
  1.950000e-02  0.000000e+00
  1.900000e-02  0.000000e+00
  1.850000e-02  0.000000e+00
  1.800000e-02  0.000000e+00
  1.760000e-02  0.000000e+00
  1.710000e-02  0.000000e+00
  1.670000e-02  0.000000e+00
  1.630000e-02  0.000000e+00
  1.580000e-02  0.000000e+00
  1.540000e-02  0.000000e+00
  1.500000e-02  0.000000e+00
  1.460000e-02  0.000000e+00
  1.430000e-02  0.000000e+00
  1.390000e-02  0.000000e+00
  1.350000e-02  0.000000e+00
  1.320000e-02  0.000000e+00
  1.280000e-02  0.000000e+00
  1.250000e-02  0.000000e+00
  1.220000e-02  0.000000e+00
  1.190000e-02  0.000000e+00
  1.160000e-02  0.000000e+00
  1.130000e-02  0.000000e+00
  1.100000e-02  3.544920e-03
  1.070000e-02  5.317430e-03
  1.040000e-02  5.671910e-03
  1.010000e-02  7.373485e-02
