  4.934820e+03  9.909500e-03
  4.806990e+03  0.000000e+00
  4.682470e+03  0.000000e+00
  4.561180e+03  9.909500e-03
  4.443030e+03  0.000000e+00
  4.327940e+03  0.000000e+00
  4.215830e+03  0.000000e+00
  4.106630e+03  0.000000e+00
  4.000250e+03  9.909500e-03
  3.896630e+03  0.000000e+00
  3.795700e+03  9.909500e-03
  3.697380e+03  0.000000e+00
  3.601600e+03  0.000000e+00
  3.508310e+03  0.000000e+00
  3.417430e+03  0.000000e+00
  3.328910e+03  0.000000e+00
  3.242680e+03  0.000000e+00
  3.158680e+03  9.909500e-03
  3.076860e+03  0.000000e+00
  2.997160e+03  9.909500e-03
  2.919530e+03  9.909500e-03
  2.843900e+03  1.981900e-02
  2.770230e+03  3.963800e-02
  2.698480e+03  0.000000e+00
  2.628580e+03  0.000000e+00
  2.560490e+03  1.981900e-02
  2.494160e+03  0.000000e+00
  2.429550e+03  0.000000e+00
  2.366620e+03  1.981850e-02
  2.305320e+03  9.909500e-03
  2.245600e+03  1.981900e-02
  2.187430e+03  0.000000e+00
  2.130770e+03  3.963750e-02
  2.075580e+03  9.909500e-03
  2.021810e+03  1.981900e-02
  1.969440e+03  0.000000e+00
  1.918430e+03  4.954700e-02
  1.868730e+03  4.954750e-02
  1.820330e+03  3.963800e-02
  1.773170e+03  2.972850e-02
  1.727240e+03  3.963800e-02
  1.682500e+03  3.963750e-02
  1.638920e+03  4.954700e-02
  1.596470e+03  8.918500e-02
  1.555110e+03  4.954700e-02
  1.514830e+03  6.936650e-02
  1.475590e+03  1.486410e-01
  1.437370e+03  7.927550e-02
  1.400140e+03  1.684595e-01
  1.363870e+03  1.486405e-01
  1.328540e+03  1.090040e-01
  1.294120e+03  7.927550e-02
  1.260600e+03  1.882780e-01
  1.227950e+03  1.486410e-01
  1.196140e+03  1.783685e-01
  1.165160e+03  2.774615e-01
  1.134980e+03  1.585490e-01
  1.105580e+03  2.576440e-01
  1.076940e+03  2.972800e-01
  1.049040e+03  3.071895e-01
  1.021870e+03  2.972805e-01
  9.953980e+02  4.657375e-01
  9.696140e+02  5.450105e-01
  9.444970e+02  5.450095e-01
  9.200320e+02  5.053745e-01
  8.962000e+02  8.026510e-01
  8.729850e+02  6.341945e-01
  8.503720e+02  8.621095e-01
  8.283450e+02  9.612030e-01
  8.068880e+02  1.248575e+00
  7.859870e+02  1.298115e+00
  7.656270e+02  9.909260e-01
  7.457950e+02  1.476495e+00
  7.264760e+02  1.813400e+00
  7.076580e+02  1.902575e+00
  6.893270e+02  2.130500e+00
  6.714710e+02  2.249415e+00
  6.540780e+02  2.665590e+00
  6.371350e+02  3.022345e+00
  6.206310e+02  2.863785e+00
  6.045550e+02  3.795270e+00
  5.888950e+02  3.725885e+00
  5.736410e+02  4.756465e+00
  5.587810e+02  5.014095e+00
  5.443070e+02  6.421220e+00
  5.302080e+02  6.926605e+00
  5.164740e+02  7.540945e+00
  5.030950e+02  8.383190e+00
  4.900630e+02  9.800295e+00
  4.773690e+02  1.035510e+01
  4.650040e+02  1.197050e+01
  4.529580e+02  1.333785e+01
  4.412250e+02  1.544865e+01
  4.297960e+02  1.662795e+01
  4.186630e+02  1.904575e+01
  4.078180e+02  2.212745e+01
  3.972540e+02  2.367325e+01
  3.869640e+02  2.727040e+01
  3.769400e+02  3.126380e+01
  3.671770e+02  3.431580e+01
  3.576650e+02  3.825965e+01
  3.484010e+02  4.218390e+01
  3.393760e+02  4.742580e+01
  3.305850e+02  5.406515e+01
  3.220220e+02  5.988185e+01
  3.136800e+02  6.550050e+01
  3.055550e+02  7.516200e+01
  2.976400e+02  8.323810e+01
  2.899300e+02  9.253320e+01
  2.824200e+02  1.019070e+02
  2.751040e+02  1.133030e+02
  2.679780e+02  1.269085e+02
  2.610370e+02  1.414955e+02
  2.542750e+02  1.595990e+02
  2.476890e+02  1.765240e+02
  2.412730e+02  1.992160e+02
  2.350230e+02  2.184300e+02
  2.289350e+02  2.457905e+02
  2.230050e+02  2.736745e+02
  2.172280e+02  3.036205e+02
  2.116010e+02  3.380850e+02
  2.061200e+02  3.776235e+02
  2.007810e+02  4.159020e+02
  1.955800e+02  4.585040e+02
  1.905140e+02  5.135495e+02
  1.855790e+02  5.765916e+02
  1.807720e+02  6.359771e+02
  1.760890e+02  7.076615e+02
  1.715280e+02  7.855905e+02
  1.670850e+02  8.677475e+02
  1.627570e+02  9.473885e+02
  1.585410e+02  1.038010e+03
  1.544340e+02  1.133965e+03
  1.504340e+02  1.245610e+03
  1.465370e+02  1.347910e+03
  1.427410e+02  1.467580e+03
  1.390440e+02  1.596625e+03
  1.354420e+02  1.723645e+03
  1.319340e+02  1.860725e+03
  1.285160e+02  1.998455e+03
  1.251870e+02  2.159415e+03
  1.219440e+02  2.310635e+03
  1.187850e+02  2.481885e+03
  1.157090e+02  2.669780e+03
  1.127110e+02  2.848055e+03
  1.097920e+02  3.036700e+03
  1.069480e+02  3.257885e+03
  1.041770e+02  3.460525e+03
  1.014790e+02  3.686515e+03
  9.885030e+01  3.913810e+03
  9.628970e+01  4.141210e+03
  9.379550e+01  4.377200e+03
  9.136590e+01  4.605125e+03
  8.899920e+01  4.840025e+03
  8.669380e+01  5.072300e+03
  8.444820e+01  5.299475e+03
  8.226070e+01  5.522225e+03
  8.012980e+01  5.747550e+03
  7.805420e+01  5.966365e+03
  7.603240e+01  6.147655e+03
  7.406290e+01  6.315285e+03
  7.214440e+01  6.458675e+03
  7.027560e+01  6.578400e+03
  6.845520e+01  6.678635e+03
  6.668200e+01  6.718010e+03
  6.495470e+01  6.725030e+03
  6.327220e+01  6.722985e+03
  6.163320e+01  6.666025e+03
  6.003670e+01  6.576445e+03
  5.848160e+01  6.477310e+03
  5.696670e+01  6.345565e+03
  5.549110e+01  6.223105e+03
  5.405370e+01  6.024880e+03
  5.265350e+01  5.794350e+03
  5.128960e+01  5.559500e+03
  4.996100e+01  5.321520e+03
  4.866690e+01  4.992760e+03
  4.740620e+01  4.662750e+03
  4.617830e+01  4.334870e+03
  4.498210e+01  4.001520e+03
  4.381690e+01  3.783765e+03
  4.268190e+01  3.529205e+03
  4.157630e+01  3.294305e+03
  4.049930e+01  3.079915e+03
  3.945030e+01  2.880220e+03
  3.842840e+01  2.700805e+03
  3.743290e+01  2.523560e+03
  3.646330e+01  2.365435e+03
  3.551880e+01  2.206040e+03
  3.459870e+01  2.050410e+03
  3.370250e+01  1.882395e+03
  3.282950e+01  1.722205e+03
  3.197910e+01  1.584385e+03
  3.115070e+01  1.442440e+03
  3.034380e+01  1.314310e+03
  2.955780e+01  1.190530e+03
  2.879220e+01  1.083675e+03
  2.804640e+01  9.697835e+02
  2.731990e+01  8.632585e+02
  2.661220e+01  7.702110e+02
  2.592290e+01  6.785985e+02
  2.525140e+01  5.981350e+02
  2.459730e+01  5.257970e+02
  2.396010e+01  4.600480e+02
  2.333950e+01  4.014555e+02
  2.273490e+01  3.479745e+02
  2.214600e+01  2.978535e+02
  2.157230e+01  2.540645e+02
  2.101350e+01  2.153585e+02
  2.046920e+01  1.796260e+02
  1.993900e+01  1.564575e+02
  1.942250e+01  1.324490e+02
  1.891940e+01  1.130845e+02
  1.842930e+01  1.001730e+02
  1.795200e+01  8.933231e+01
  1.748690e+01  8.062199e+01
  1.703400e+01  7.588525e+01
  1.659270e+01  7.253615e+01
  1.616290e+01  6.841380e+01
  1.574430e+01  6.817585e+01
  1.533640e+01  6.392485e+01
  1.493920e+01  6.421220e+01
  1.455220e+01  5.855400e+01
  1.417520e+01  4.953660e+01
  1.380800e+01  3.810120e+01
  1.345040e+01  2.727040e+01
  1.310200e+01  1.917445e+01
  1.276260e+01  1.450715e+01
  1.243200e+01  1.108855e+01
  1.211000e+01  7.511265e+00
  1.179630e+01  6.540140e+00
  1.149070e+01  6.014940e+00
  1.119310e+01  5.440195e+00
  1.090310e+01  4.954650e+00
  1.062070e+01  4.558285e+00
  1.034560e+01  3.755615e+00
  1.007760e+01  3.963710e+00
  9.816600e+00  3.270060e+00
  9.562300e+00  2.576400e+00
  9.314600e+00  2.526855e+00
  9.073300e+00  2.318775e+00
  8.838300e+00  2.358405e+00
  8.609300e+00  2.616060e+00
  8.386300e+00  2.992610e+00
  8.169100e+00  3.696165e+00
  7.957500e+00  5.043840e+00
  7.751400e+00  7.124790e+00
  7.550600e+00  9.086800e+00
  7.355000e+00  9.562480e+00
  7.164500e+00  9.542601e+00
  6.978900e+00  9.116520e+00
  6.798100e+00  8.343590e+00
  6.622000e+00  9.017485e+00
  6.450500e+00  8.383260e+00
  6.283400e+00  8.512094e+00
  6.120600e+00  8.006725e+00
  5.962100e+00  7.481515e+00
  5.807600e+00  8.006715e+00
  5.657200e+00  8.105780e+00
  5.510700e+00  8.284195e+00
  5.367900e+00  8.858919e+00
  5.228900e+00  9.215715e+00
  5.093400e+00  8.739995e+00
  4.961500e+00  8.313869e+00
  4.833000e+00  8.085985e+00
  4.707800e+00  8.591410e+00
  4.585800e+00  8.403100e+00
  4.467100e+00  8.105815e+00
  4.351300e+00  8.006680e+00
  4.238600e+00  7.560795e+00
  4.128800e+00  7.867960e+00
  4.021900e+00  1.032550e+01
  3.917700e+00  9.116545e+00
  3.816200e+00  7.580630e+00
  3.717400e+00  7.501345e+00
  3.621100e+00  7.709415e+00
  3.527300e+00  7.689625e+00
  3.435900e+00  7.283340e+00
  3.346900e+00  7.035615e+00
  3.260200e+00  6.034765e+00
  3.175800e+00  5.103275e+00
  3.093500e+00  4.459180e+00
  3.013400e+00  4.062800e+00
  2.935300e+00  4.617725e+00
  2.859300e+00  4.627640e+00
  2.785200e+00  5.450110e+00
  2.713100e+00  6.530230e+00
  2.642800e+00  6.005045e+00
  2.574300e+00  6.877045e+00
  2.507600e+00  6.361775e+00
  2.442700e+00  6.252770e+00
  2.379400e+00  6.599595e+00
  2.317800e+00  6.619420e+00
  2.257700e+00  6.302325e+00
  2.199300e+00  6.500495e+00
  2.142300e+00  6.005040e+00
  2.086800e+00  6.292400e+00
  2.032700e+00  6.114040e+00
  1.980100e+00  6.272585e+00
  1.928800e+00  5.281665e+00
  1.878800e+00  5.400555e+00
  1.830200e+00  5.995135e+00
  1.782800e+00  9.909365e+00
  1.736600e+00  6.014945e+00
  1.691600e+00  5.301470e+00
  1.647800e+00  5.608665e+00
  1.605100e+00  5.549190e+00
  1.563500e+00  4.974470e+00
  1.523000e+00  5.192465e+00
  1.483600e+00  5.549210e+00
  1.445100e+00  5.014100e+00
  1.407700e+00  5.123110e+00
  1.371200e+00  4.578085e+00
  1.335700e+00  5.142930e+00
  1.301100e+00  4.677190e+00
  1.267400e+00  4.350175e+00
  1.234600e+00  4.756460e+00
  1.202600e+00  5.569025e+00
  1.171500e+00  5.380760e+00
  1.141100e+00  5.856390e+00
  1.111600e+00  5.519470e+00
  1.082800e+00  5.390665e+00
  1.054700e+00  6.421235e+00
  1.027400e+00  6.223045e+00
  1.000800e+00  5.925745e+00
  9.749000e-01  5.559105e+00
  9.496000e-01  6.153675e+00
  9.250000e-01  7.005870e+00
  9.010000e-01  7.630155e+00
  8.777000e-01  7.491430e+00
  8.550000e-01  7.897705e+00
  8.328000e-01  8.858835e+00
  8.113000e-01  9.096729e+00
  7.902000e-01  9.275105e+00
  7.698000e-01  1.024620e+01
  7.498000e-01  1.163360e+01
  7.304000e-01  1.159385e+01
  7.115000e-01  1.198035e+01
  6.931000e-01  1.396225e+01
  6.751000e-01  2.332650e+01
  6.576000e-01  3.148180e+01
  6.406000e-01  3.419710e+01
  6.240000e-01  1.694485e+01
  6.078000e-01  1.802510e+01
  5.921000e-01  1.709355e+01
  5.767000e-01  1.728195e+01
  5.618000e-01  1.812415e+01
  5.472000e-01  1.872865e+01
  5.331000e-01  2.387150e+01
  5.193000e-01  2.549660e+01
  5.058000e-01  2.418865e+01
  4.927000e-01  2.407960e+01
  4.799000e-01  2.279135e+01
  4.675000e-01  2.341565e+01
  4.554000e-01  2.349495e+01
  4.436000e-01  2.527865e+01
  4.321000e-01  2.547695e+01
  4.209000e-01  2.588300e+01
  4.100000e-01  2.592270e+01
  3.994000e-01  4.141105e+01
  3.891000e-01  3.364200e+01
  3.790000e-01  3.487085e+01
  3.692000e-01  3.297815e+01
  3.596000e-01  3.149165e+01
  3.503000e-01  3.093665e+01
  3.412000e-01  2.825140e+01
  3.324000e-01  2.997560e+01
  3.238000e-01  2.766685e+01
  3.154000e-01  2.878645e+01
  3.072000e-01  2.847925e+01
  2.992000e-01  3.519775e+01
  2.915000e-01  3.775445e+01
  2.839000e-01  4.170835e+01
  2.766000e-01  3.621845e+01
  2.694000e-01  3.749675e+01
  2.624000e-01  3.331505e+01
  2.556000e-01  3.056020e+01
  2.490000e-01  2.977760e+01
  2.426000e-01  2.536780e+01
  2.363000e-01  2.417870e+01
  2.302000e-01  2.156260e+01
  2.242000e-01  1.916480e+01
  2.184000e-01  1.821335e+01
  2.127000e-01  1.675670e+01
  2.072000e-01  1.495315e+01
  2.019000e-01  1.327840e+01
  1.966000e-01  1.189120e+01
  1.915000e-01  1.049400e+01
  1.866000e-01  9.572371e+00
  1.817000e-01  9.086835e+00
  1.770000e-01  7.679725e+00
  1.725000e-01  7.630165e+00
  1.680000e-01  5.965405e+00
  1.636000e-01  5.351035e+00
  1.594000e-01  5.113205e+00
  1.553000e-01  4.429455e+00
  1.512000e-01  3.666435e+00
  1.473000e-01  3.061970e+00
  1.435000e-01  3.071870e+00
  1.398000e-01  2.556595e+00
  1.362000e-01  2.269230e+00
  1.326000e-01  1.862950e+00
  1.292000e-01  1.803480e+00
  1.259000e-01  1.308030e+00
  1.226000e-01  1.218850e+00
  1.194000e-01  1.070197e+00
  1.163000e-01  1.030571e+00
  1.133000e-01  7.531035e-01
  1.104000e-01  6.738320e-01
  1.075000e-01  5.648295e-01
  1.047000e-01  5.152830e-01
  1.020000e-01  4.459195e-01
  9.940000e-02  4.855555e-01
  9.680000e-02  3.270070e-01
  9.430000e-02  2.576425e-01
  9.190000e-02  3.666445e-01
  8.950000e-02  2.080970e-01
  8.720000e-02  3.468260e-01
  8.490000e-02  1.981865e-01
  8.270000e-02  2.972805e-01
  8.060000e-02  2.477335e-01
  7.850000e-02  2.279145e-01
  7.640000e-02  1.585500e-01
  7.450000e-02  2.576430e-01
  7.250000e-02  1.981880e-01
  7.070000e-02  1.486415e-01
  6.880000e-02  2.180060e-01
  6.700000e-02  2.576435e-01
  6.530000e-02  2.378245e-01
  6.360000e-02  1.981885e-01
  6.200000e-02  1.684585e-01
  6.040000e-02  1.882775e-01
  5.880000e-02  2.080965e-01
  5.730000e-02  1.288215e-01
  5.580000e-02  2.080970e-01
  5.430000e-02  2.378240e-01
  5.290000e-02  1.882775e-01
  5.160000e-02  1.882780e-01
  5.020000e-02  1.882775e-01
  4.890000e-02  1.684600e-01
  4.770000e-02  2.080975e-01
  4.640000e-02  1.090035e-01
  4.520000e-02  1.486410e-01
  4.410000e-02  1.486400e-01
  4.290000e-02  1.783690e-01
  4.180000e-02  8.918500e-02
  4.070000e-02  1.189125e-01
  3.970000e-02  8.918450e-02
  3.860000e-02  1.090030e-01
  3.760000e-02  9.909500e-02
  3.670000e-02  1.882780e-01
  3.570000e-02  1.288220e-01
  3.480000e-02  1.585500e-01
  3.390000e-02  7.927550e-02
  3.300000e-02  7.927550e-02
  3.220000e-02  1.981875e-01
  3.130000e-02  1.387315e-01
  3.050000e-02  1.585500e-01
  2.970000e-02  1.387315e-01
  2.890000e-02  1.090030e-01
  2.820000e-02  5.945650e-02
  2.750000e-02  1.090035e-01
  2.680000e-02  5.945700e-02
  2.610000e-02  3.963800e-02
  2.540000e-02  5.945650e-02
  2.470000e-02  2.972800e-02
  2.410000e-02  8.918450e-02
  2.350000e-02  2.972850e-02
  2.290000e-02  4.954750e-02
  2.230000e-02  3.963750e-02
  2.170000e-02  2.972850e-02
  2.110000e-02  2.972850e-02
  2.060000e-02  2.972850e-02
  2.000000e-02  1.981900e-02
  1.950000e-02  0.000000e+00
  1.900000e-02  3.963800e-02
  1.850000e-02  1.981900e-02
  1.800000e-02  3.963800e-02
  1.760000e-02  0.000000e+00
  1.710000e-02  0.000000e+00
  1.670000e-02  1.981900e-02
  1.630000e-02  9.909500e-03
  1.580000e-02  9.909500e-03
  1.540000e-02  9.909500e-03
  1.500000e-02  0.000000e+00
  1.460000e-02  0.000000e+00
  1.430000e-02  9.909500e-03
  1.390000e-02  0.000000e+00
  1.350000e-02  0.000000e+00
  1.320000e-02  0.000000e+00
  1.280000e-02  9.909500e-03
  1.250000e-02  0.000000e+00
  1.220000e-02  0.000000e+00
  1.190000e-02  0.000000e+00
  1.160000e-02  0.000000e+00
  1.130000e-02  0.000000e+00
  1.100000e-02  5.945650e-02
  1.070000e-02  1.585510e-01
  1.040000e-02  2.972850e-02
  1.010000e-02  1.387315e-01
