  4.934820e+03  0.000000e+00
  4.806990e+03  0.000000e+00
  4.682470e+03  0.000000e+00
  4.561180e+03  0.000000e+00
  4.443030e+03  0.000000e+00
  4.327940e+03  5.736500e-02
  4.215830e+03  0.000000e+00
  4.106630e+03  0.000000e+00
  4.000250e+03  0.000000e+00
  3.896630e+03  0.000000e+00
  3.795700e+03  0.000000e+00
  3.697380e+03  0.000000e+00
  3.601600e+03  0.000000e+00
  3.508310e+03  0.000000e+00
  3.417430e+03  0.000000e+00
  3.328910e+03  0.000000e+00
  3.242680e+03  0.000000e+00
  3.158680e+03  5.736500e-02
  3.076860e+03  0.000000e+00
  2.997160e+03  5.736500e-02
  2.919530e+03  0.000000e+00
  2.843900e+03  5.736500e-02
  2.770230e+03  0.000000e+00
  2.698480e+03  0.000000e+00
  2.628580e+03  0.000000e+00
  2.560490e+03  0.000000e+00
  2.494160e+03  0.000000e+00
  2.429550e+03  0.000000e+00
  2.366620e+03  0.000000e+00
  2.305320e+03  0.000000e+00
  2.245600e+03  0.000000e+00
  2.187430e+03  0.000000e+00
  2.130770e+03  0.000000e+00
  2.075580e+03  5.736500e-02
  2.021810e+03  5.736500e-02
  1.969440e+03  0.000000e+00
  1.918430e+03  5.736500e-02
  1.868730e+03  0.000000e+00
  1.820330e+03  5.736500e-02
  1.773170e+03  5.736500e-02
  1.727240e+03  0.000000e+00
  1.682500e+03  1.720950e-01
  1.638920e+03  5.736500e-02
  1.596470e+03  5.736500e-02
  1.555110e+03  5.736500e-02
  1.514830e+03  5.736500e-02
  1.475590e+03  5.736500e-02
  1.437370e+03  1.147300e-01
  1.400140e+03  5.736500e-02
  1.363870e+03  5.736500e-02
  1.328540e+03  2.294550e-01
  1.294120e+03  0.000000e+00
  1.260600e+03  2.294600e-01
  1.227950e+03  1.147300e-01
  1.196140e+03  5.736500e-02
  1.165160e+03  6.310050e-01
  1.134980e+03  0.000000e+00
  1.105580e+03  4.589200e-01
  1.076940e+03  4.015550e-01
  1.049040e+03  2.868250e-01
  1.021870e+03  2.294600e-01
  9.953980e+02  2.294600e-01
  9.696140e+02  5.162750e-01
  9.444970e+02  1.720900e-01
  9.200320e+02  7.457350e-01
  8.962000e+02  1.720950e-01
  8.729850e+02  5.736400e-01
  8.503720e+02  4.589150e-01
  8.283450e+02  6.883650e-01
  8.068880e+02  8.030900e-01
  7.859870e+02  1.032550e+00
  7.656270e+02  1.262010e+00
  7.457950e+02  1.032540e+00
  7.264760e+02  1.720910e+00
  7.076580e+02  1.950365e+00
  6.893270e+02  1.376725e+00
  6.714710e+02  1.835625e+00
  6.540780e+02  1.950355e+00
  6.371350e+02  2.065085e+00
  6.206310e+02  2.982900e+00
  6.045550e+02  2.982900e+00
  5.888950e+02  2.810820e+00
  5.736410e+02  4.244885e+00
  5.587810e+02  4.244895e+00
  5.443070e+02  4.646455e+00
  5.302080e+02  5.679025e+00
  5.164740e+02  6.596790e+00
  5.030950e+02  5.851070e+00
  4.900630e+02  7.457240e+00
  4.773690e+02  8.776660e+00
  4.650040e+02  8.948720e+00
  4.529580e+02  1.147270e+01
  4.412250e+02  1.284950e+01
  4.297960e+02  1.474265e+01
  4.186630e+02  1.399665e+01
  4.078180e+02  1.560270e+01
  3.972540e+02  1.818430e+01
  3.869640e+02  1.990520e+01
  3.769400e+02  2.460895e+01
  3.671770e+02  2.420750e+01
  3.576650e+02  2.793600e+01
  3.484010e+02  3.407400e+01
  3.393760e+02  3.866305e+01
  3.305850e+02  4.153115e+01
  3.220220e+02  4.824270e+01
  3.136800e+02  5.225825e+01
  3.055550e+02  5.799460e+01
  2.976400e+02  6.264105e+01
  2.899300e+02  7.761290e+01
  2.824200e+02  8.472600e+01
  2.751040e+02  9.401895e+01
  2.679780e+02  1.065815e+02
  2.610370e+02  1.170225e+02
  2.542750e+02  1.291255e+02
  2.476890e+02  1.478825e+02
  2.412730e+02  1.723210e+02
  2.350230e+02  1.857435e+02
  2.289350e+02  2.094920e+02
  2.230050e+02  2.354770e+02
  2.172280e+02  2.595140e+02
  2.116010e+02  2.873340e+02
  2.061200e+02  3.237595e+02
  2.007810e+02  3.615620e+02
  1.955800e+02  4.125575e+02
  1.905140e+02  4.529420e+02
  1.855790e+02  5.125425e+02
  1.807720e+02  5.657770e+02
  1.760890e+02  6.315730e+02
  1.715280e+02  7.189365e+02
  1.670850e+02  7.820380e+02
  1.627570e+02  8.627480e+02
  1.585410e+02  9.595775e+02
  1.544340e+02  1.049060e+03
  1.504340e+02  1.154610e+03
  1.465370e+02  1.276570e+03
  1.427410e+02  1.407935e+03
  1.390440e+02  1.538780e+03
  1.354420e+02  1.676160e+03
  1.319340e+02  1.836725e+03
  1.285160e+02  2.005140e+03
  1.251870e+02  2.166460e+03
  1.219440e+02  2.365790e+03
  1.187850e+02  2.574600e+03
  1.157090e+02  2.796130e+03
  1.127110e+02  3.015320e+03
  1.097920e+02  3.240875e+03
  1.069480e+02  3.517360e+03
  1.041770e+02  3.802855e+03
  1.014790e+02  4.077975e+03
  9.885030e+01  4.443560e+03
  9.628970e+01  4.752690e+03
  9.379550e+01  5.120275e+03
  9.136590e+01  5.473180e+03
  8.899920e+01  5.831350e+03
  8.669380e+01  6.227610e+03
  8.444820e+01  6.642300e+03
  8.226070e+01  7.076415e+03
  8.012980e+01  7.484155e+03
  7.805420e+01  7.937395e+03
  7.603240e+01  8.396990e+03
  7.406290e+01  8.786085e+03
  7.214440e+01  9.204210e+03
  7.027560e+01  9.651875e+03
  6.845520e+01  1.002052e+04
  6.668200e+01  1.039740e+04
  6.495470e+01  1.070480e+04
  6.327220e+01  1.095325e+04
  6.163320e+01  1.118770e+04
  6.003670e+01  1.139255e+04
  5.848160e+01  1.139800e+04
  5.696670e+01  1.147440e+04
  5.549110e+01  1.157975e+04
  5.405370e+01  1.158215e+04
  5.265350e+01  1.146030e+04
  5.128960e+01  1.144830e+04
  4.996100e+01  1.128155e+04
  4.866690e+01  1.102200e+04
  4.740620e+01  1.073280e+04
  4.617830e+01  1.042415e+04
  4.498210e+01  9.991785e+03
  4.381690e+01  9.628744e+03
  4.268190e+01  9.265355e+03
  4.157630e+01  8.889290e+03
  4.049930e+01  8.479705e+03
  3.945030e+01  8.074035e+03
  3.842840e+01  7.758540e+03
  3.743290e+01  7.419355e+03
  3.646330e+01  7.077920e+03
  3.551880e+01  6.770050e+03
  3.459870e+01  6.347565e+03
  3.370250e+01  5.995185e+03
  3.282950e+01  5.639515e+03
  3.197910e+01  5.319770e+03
  3.115070e+01  4.928045e+03
  3.034380e+01  4.587985e+03
  2.955780e+01  4.283290e+03
  2.879220e+01  3.951655e+03
  2.804640e+01  3.644200e+03
  2.731990e+01  3.338785e+03
  2.661220e+01  3.047680e+03
  2.592290e+01  2.770600e+03
  2.525140e+01  2.519470e+03
  2.459730e+01  2.297700e+03
  2.396010e+01  2.072250e+03
  2.333950e+01  1.847060e+03
  2.273490e+01  1.648055e+03
  2.214600e+01  1.491215e+03
  2.157230e+01  1.322645e+03
  2.101350e+01  1.186895e+03
  2.046920e+01  1.053140e+03
  1.993900e+01  9.396140e+02
  1.942250e+01  8.532825e+02
  1.891940e+01  7.732035e+02
  1.842930e+01  7.255350e+02
  1.795200e+01  6.693180e+02
  1.748690e+01  6.300245e+02
  1.703400e+01  5.952050e+02
  1.659270e+01  5.836165e+02
  1.616290e+01  5.504035e+02
  1.574430e+01  5.258510e+02
  1.533640e+01  5.039390e+02
  1.493920e+01  4.785840e+02
  1.455220e+01  4.460595e+02
  1.417520e+01  4.028060e+02
  1.380800e+01  3.448110e+02
  1.345040e+01  2.826310e+02
  1.310200e+01  2.380025e+02
  1.276260e+01  2.141380e+02
  1.243200e+01  1.973890e+02
  1.211000e+01  1.821295e+02
  1.179630e+01  1.725495e+02
  1.149070e+01  1.691085e+02
  1.119310e+01  1.620515e+02
  1.090310e+01  1.678465e+02
  1.062070e+01  1.591840e+02
  1.034560e+01  1.601595e+02
  1.007760e+01  1.502360e+02
  9.816600e+00  1.445560e+02
  9.562300e+00  1.324520e+02
  9.314600e+00  1.152420e+02
  9.073300e+00  1.004446e+02
  8.838300e+00  8.753700e+01
  8.609300e+00  7.635100e+01
  8.386300e+00  6.791840e+01
  8.169100e+00  6.522240e+01
  7.957500e+00  6.092005e+01
  7.751400e+00  6.505035e+01
  7.550600e+00  6.992610e+01
  7.355000e+00  7.440055e+01
  7.164500e+00  6.160850e+01
  6.978900e+00  6.275590e+01
  6.798100e+00  5.248755e+01
  6.622000e+00  4.824265e+01
  6.450500e+00  4.875900e+01
  6.283400e+00  4.170325e+01
  6.120600e+00  3.717155e+01
  5.962100e+00  3.441815e+01
  5.807600e+00  3.493450e+01
  5.657200e+00  3.522110e+01
  5.510700e+00  3.241035e+01
  5.367900e+00  3.212365e+01
  5.228900e+00  3.120570e+01
  5.093400e+00  2.902605e+01
  4.961500e+00  2.873915e+01
  4.833000e+00  2.696095e+01
  4.707800e+00  2.581350e+01
  4.585800e+00  2.392070e+01
  4.467100e+00  2.208505e+01
  4.351300e+00  2.076560e+01
  4.238600e+00  2.254390e+01
  4.128800e+00  2.151135e+01
  4.021900e+00  2.719035e+01
  3.917700e+00  2.116715e+01
  3.816200e+00  2.093780e+01
  3.717400e+00  1.858570e+01
  3.621100e+00  1.852840e+01
  3.527300e+00  1.875795e+01
  3.435900e+00  1.508655e+01
  3.346900e+00  1.629135e+01
  3.260200e+00  1.296410e+01
  3.175800e+00  1.267730e+01
  3.093500e+00  8.833879e+00
  3.013400e+00  7.858760e+00
  2.935300e+00  8.661880e+00
  2.859300e+00  1.038280e+01
  2.785200e+00  1.221845e+01
  2.713100e+00  1.273465e+01
  2.642800e+00  1.422615e+01
  2.574300e+00  1.577495e+01
  2.507600e+00  1.365255e+01
  2.442700e+00  1.405425e+01
  2.379400e+00  1.359525e+01
  2.317800e+00  1.376720e+01
  2.257700e+00  1.193170e+01
  2.199300e+00  1.164490e+01
  2.142300e+00  1.118595e+01
  2.086800e+00  1.262000e+01
  2.032700e+00  1.130066e+01
  1.980100e+00  1.445560e+01
  1.928800e+00  1.101375e+01
  1.878800e+00  8.776634e+00
  1.830200e+00  1.198900e+01
  1.782800e+00  2.541220e+01
  1.736600e+00  1.393940e+01
  1.691600e+00  9.923900e+00
  1.647800e+00  1.044028e+01
  1.605100e+00  9.292900e+00
  1.563500e+00  8.317730e+00
  1.523000e+00  8.891275e+00
  1.483600e+00  9.292910e+00
  1.445100e+00  8.776550e+00
  1.407700e+00  9.120825e+00
  1.371200e+00  7.457220e+00
  1.335700e+00  7.801465e+00
  1.301100e+00  5.506865e+00
  1.267400e+00  6.137915e+00
  1.234600e+00  7.571995e+00
  1.202600e+00  8.202971e+00
  1.171500e+00  8.030840e+00
  1.141100e+00  9.407675e+00
  1.111600e+00  5.908430e+00
  1.082800e+00  5.564260e+00
  1.054700e+00  9.350201e+00
  1.027400e+00  7.916180e+00
  1.000800e+00  4.933285e+00
  9.749000e-01  8.260405e+00
  9.496000e-01  5.793730e+00
  9.250000e-01  5.851060e+00
  9.010000e-01  6.883635e+00
  8.777000e-01  8.145585e+00
  8.550000e-01  6.998325e+00
  8.328000e-01  9.407591e+00
  8.113000e-01  1.009600e+01
  7.902000e-01  1.141545e+01
  7.698000e-01  1.009590e+01
  7.498000e-01  1.107120e+01
  7.304000e-01  1.198900e+01
  7.115000e-01  1.175955e+01
  6.931000e-01  1.772540e+01
  6.751000e-01  9.682980e+01
  6.576000e-01  1.056060e+02
  6.406000e-01  2.509655e+02
  6.240000e-01  5.615885e+01
  6.078000e-01  1.835635e+01
  5.921000e-01  1.766800e+01
  5.767000e-01  1.761065e+01
  5.618000e-01  1.893000e+01
  5.472000e-01  1.852855e+01
  5.331000e-01  2.386330e+01
  5.193000e-01  2.179825e+01
  5.058000e-01  2.334700e+01
  4.927000e-01  3.367245e+01
  4.799000e-01  3.745840e+01
  4.675000e-01  2.489570e+01
  4.554000e-01  2.455160e+01
  4.436000e-01  4.130175e+01
  4.321000e-01  4.583345e+01
  4.209000e-01  3.757325e+01
  4.100000e-01  2.862445e+01
  3.994000e-01  5.340550e+01
  3.891000e-01  9.189640e+01
  3.790000e-01  8.099740e+01
  3.692000e-01  2.954225e+01
  3.596000e-01  2.334695e+01
  3.503000e-01  2.156870e+01
  3.412000e-01  2.495325e+01
  3.324000e-01  2.690355e+01
  3.238000e-01  2.179820e+01
  3.154000e-01  2.197010e+01
  3.072000e-01  2.856715e+01
  2.992000e-01  3.481970e+01
  2.915000e-01  4.646455e+01
  2.839000e-01  4.279310e+01
  2.766000e-01  2.707575e+01
  2.694000e-01  5.977295e+01
  2.624000e-01  1.185705e+02
  2.556000e-01  1.499475e+02
  2.490000e-01  5.604410e+01
  2.426000e-01  5.518365e+01
  2.363000e-01  5.753555e+01
  2.302000e-01  4.118700e+01
  2.242000e-01  3.017315e+01
  2.184000e-01  3.263975e+01
  2.127000e-01  3.017325e+01
  2.072000e-01  2.931275e+01
  2.019000e-01  3.126315e+01
  1.966000e-01  3.327080e+01
  1.915000e-01  4.061335e+01
  1.866000e-01  3.986760e+01
  1.817000e-01  3.344310e+01
  1.770000e-01  3.252510e+01
  1.725000e-01  3.430340e+01
  1.680000e-01  3.418875e+01
  1.636000e-01  3.504905e+01
  1.594000e-01  3.579480e+01
  1.553000e-01  3.636835e+01
  1.512000e-01  3.814680e+01
  1.473000e-01  3.740110e+01
  1.435000e-01  5.053735e+01
  1.398000e-01  3.826140e+01
  1.362000e-01  3.963830e+01
  1.326000e-01  4.233425e+01
  1.292000e-01  4.279310e+01
  1.259000e-01  4.457150e+01
  1.226000e-01  4.411250e+01
  1.194000e-01  4.692330e+01
  1.163000e-01  4.916055e+01
  1.133000e-01  5.323335e+01
  1.104000e-01  5.472490e+01
  1.075000e-01  5.495430e+01
  1.047000e-01  5.501150e+01
  1.020000e-01  5.954345e+01
  9.940000e-02  6.332930e+01
  9.680000e-02  5.937130e+01
  9.430000e-02  6.000230e+01
  9.190000e-02  5.954335e+01
  8.950000e-02  6.252615e+01
  8.720000e-02  5.948605e+01
  8.490000e-02  5.759295e+01
  8.270000e-02  5.736350e+01
  8.060000e-02  5.592945e+01
  7.850000e-02  5.346270e+01
  7.640000e-02  5.306135e+01
  7.450000e-02  4.824265e+01
  7.250000e-02  4.319470e+01
  7.070000e-02  4.457135e+01
  6.880000e-02  3.860565e+01
  6.700000e-02  3.464760e+01
  6.530000e-02  3.395915e+01
  6.360000e-02  3.160740e+01
  6.200000e-02  2.770680e+01
  6.040000e-02  2.501055e+01
  5.880000e-02  2.283070e+01
  5.730000e-02  1.835625e+01
  5.580000e-02  1.457040e+01
  5.430000e-02  1.439830e+01
  5.290000e-02  1.061225e+01
  5.160000e-02  1.089910e+01
  5.020000e-02  8.317659e+00
  4.890000e-02  7.973535e+00
  4.770000e-02  5.851075e+00
  4.640000e-02  5.851070e+00
  4.520000e-02  5.506925e+00
  4.410000e-02  5.277425e+00
  4.290000e-02  4.015435e+00
  4.180000e-02  3.958090e+00
  4.070000e-02  2.696085e+00
  3.970000e-02  1.950365e+00
  3.860000e-02  2.351900e+00
  3.760000e-02  2.581350e+00
  3.670000e-02  1.892990e+00
  3.570000e-02  1.376735e+00
  3.480000e-02  1.204640e+00
  3.390000e-02  1.319360e+00
  3.300000e-02  9.751900e-01
  3.220000e-02  9.178250e-01
  3.130000e-02  6.883750e-01
  3.050000e-02  2.294550e-01
  2.970000e-02  3.441900e-01
  2.890000e-02  4.015500e-01
  2.820000e-02  1.147300e-01
  2.750000e-02  4.015500e-01
  2.680000e-02  4.015450e-01
  2.610000e-02  4.589150e-01
  2.540000e-02  2.294600e-01
  2.470000e-02  2.294600e-01
  2.410000e-02  1.147300e-01
  2.350000e-02  5.736500e-02
  2.290000e-02  0.000000e+00
  2.230000e-02  1.720950e-01
  2.170000e-02  0.000000e+00
  2.110000e-02  5.736500e-02
  2.060000e-02  1.147300e-01
  2.000000e-02  1.147300e-01
  1.950000e-02  5.736500e-02
  1.900000e-02  5.736500e-02
  1.850000e-02  0.000000e+00
  1.800000e-02  5.736500e-02
  1.760000e-02  0.000000e+00
  1.710000e-02  0.000000e+00
  1.670000e-02  1.147300e-01
  1.630000e-02  5.736500e-02
  1.580000e-02  5.736500e-02
  1.540000e-02  5.736500e-02
  1.500000e-02  5.736500e-02
  1.460000e-02  0.000000e+00
  1.430000e-02  0.000000e+00
  1.390000e-02  5.736500e-02
  1.350000e-02  0.000000e+00
  1.320000e-02  1.147300e-01
  1.280000e-02  0.000000e+00
  1.250000e-02  5.736500e-02
  1.220000e-02  0.000000e+00
  1.190000e-02  0.000000e+00
  1.160000e-02  0.000000e+00
  1.130000e-02  0.000000e+00
  1.100000e-02  5.736500e-02
  1.070000e-02  0.000000e+00
  1.040000e-02  0.000000e+00
  1.010000e-02  1.898735e+01
