  4.934820e+03  1.759950e-02
  4.806990e+03  0.000000e+00
  4.682470e+03  0.000000e+00
  4.561180e+03  0.000000e+00
  4.443030e+03  0.000000e+00
  4.327940e+03  0.000000e+00
  4.215830e+03  0.000000e+00
  4.106630e+03  0.000000e+00
  4.000250e+03  0.000000e+00
  3.896630e+03  0.000000e+00
  3.795700e+03  0.000000e+00
  3.697380e+03  5.866500e-03
  3.601600e+03  0.000000e+00
  3.508310e+03  5.866500e-03
  3.417430e+03  0.000000e+00
  3.328910e+03  1.173300e-02
  3.242680e+03  0.000000e+00
  3.158680e+03  1.759950e-02
  3.076860e+03  1.173300e-02
  2.997160e+03  1.173300e-02
  2.919530e+03  1.759950e-02
  2.843900e+03  1.173300e-02
  2.770230e+03  5.866500e-03
  2.698480e+03  1.173300e-02
  2.628580e+03  5.866500e-03
  2.560490e+03  5.866500e-03
  2.494160e+03  0.000000e+00
  2.429550e+03  1.173300e-02
  2.366620e+03  1.759950e-02
  2.305320e+03  1.173300e-02
  2.245600e+03  3.519900e-02
  2.187430e+03  4.106550e-02
  2.130770e+03  0.000000e+00
  2.075580e+03  3.519900e-02
  2.021810e+03  2.346600e-02
  1.969440e+03  5.866500e-02
  1.918430e+03  5.279850e-02
  1.868730e+03  4.106550e-02
  1.820330e+03  5.866500e-02
  1.773170e+03  6.453150e-02
  1.727240e+03  7.626450e-02
  1.682500e+03  4.693200e-02
  1.638920e+03  5.279850e-02
  1.596470e+03  8.213100e-02
  1.555110e+03  7.039800e-02
  1.514830e+03  1.055970e-01
  1.475590e+03  1.642620e-01
  1.437370e+03  9.386400e-02
  1.400140e+03  1.349295e-01
  1.363870e+03  1.818615e-01
  1.328540e+03  1.407960e-01
  1.294120e+03  2.053275e-01
  1.260600e+03  2.405265e-01
  1.227950e+03  2.346600e-01
  1.196140e+03  2.346600e-01
  1.165160e+03  3.343905e-01
  1.134980e+03  2.815920e-01
  1.105580e+03  4.223880e-01
  1.076940e+03  3.578565e-01
  1.049040e+03  3.871890e-01
  1.021870e+03  4.165230e-01
  9.953980e+02  5.749170e-01
  9.696140e+02  5.338515e-01
  9.444970e+02  6.805125e-01
  9.200320e+02  7.802435e-01
  8.962000e+02  7.626500e-01
  8.729850e+02  9.503790e-01
  8.503720e+02  1.196775e+00
  8.283450e+02  1.243705e+00
  8.068880e+02  1.449030e+00
  7.859870e+02  1.578090e+00
  7.656270e+02  1.789295e+00
  7.457950e+02  1.947685e+00
  7.264760e+02  2.199945e+00
  7.076580e+02  2.540210e+00
  6.893270e+02  2.927395e+00
  6.714710e+02  3.291130e+00
  6.540780e+02  3.543370e+00
  6.371350e+02  4.399895e+00
  6.206310e+02  5.127345e+00
  6.045550e+02  5.784390e+00
  5.888950e+02  6.200915e+00
  5.736410e+02  7.432880e+00
  5.587810e+02  7.421150e+00
  5.443070e+02  8.770430e+00
  5.302080e+02  9.445080e+00
  5.164740e+02  1.088230e+01
  5.030950e+02  1.235485e+01
  4.900630e+02  1.355175e+01
  4.773690e+02  1.603310e+01
  4.650040e+02  1.805735e+01
  4.529580e+02  1.982895e+01
  4.412250e+02  2.228685e+01
  4.297960e+02  2.598855e+01
  4.186630e+02  2.848205e+01
  4.078180e+02  3.201370e+01
  3.972540e+02  3.637235e+01
  3.869640e+02  4.131200e+01
  3.769400e+02  4.568260e+01
  3.671770e+02  5.063975e+01
  3.576650e+02  5.881775e+01
  3.484010e+02  6.424995e+01
  3.393760e+02  7.143671e+01
  3.305850e+02  8.068235e+01
  3.220220e+02  9.094285e+01
  3.136800e+02  1.000714e+02
  3.055550e+02  1.134885e+02
  2.976400e+02  1.260825e+02
  2.899300e+02  1.400110e+02
  2.824200e+02  1.559560e+02
  2.751040e+02  1.776380e+02
  2.679780e+02  1.963995e+02
  2.610370e+02  2.195370e+02
  2.542750e+02  2.433560e+02
  2.476890e+02  2.709210e+02
  2.412730e+02  3.041910e+02
  2.350230e+02  3.383110e+02
  2.289350e+02  3.733870e+02
  2.230050e+02  4.161780e+02
  2.172280e+02  4.626525e+02
  2.116010e+02  5.142595e+02
  2.061200e+02  5.647230e+02
  2.007810e+02  6.297770e+02
  1.955800e+02  6.963205e+02
  1.905140e+02  7.692250e+02
  1.855790e+02  8.537605e+02
  1.807720e+02  9.429490e+02
  1.760890e+02  1.042220e+03
  1.715280e+02  1.140295e+03
  1.670850e+02  1.245120e+03
  1.627570e+02  1.360400e+03
  1.585410e+02  1.479965e+03
  1.544340e+02  1.611370e+03
  1.504340e+02  1.744230e+03
  1.465370e+02  1.889160e+03
  1.427410e+02  2.037380e+03
  1.390440e+02  2.189155e+03
  1.354420e+02  2.350495e+03
  1.319340e+02  2.517935e+03
  1.285160e+02  2.691390e+03
  1.251870e+02  2.865745e+03
  1.219440e+02  3.057175e+03
  1.187850e+02  3.248450e+03
  1.157090e+02  3.439620e+03
  1.127110e+02  3.638175e+03
  1.097920e+02  3.840275e+03
  1.069480e+02  4.038045e+03
  1.041770e+02  4.252950e+03
  1.014790e+02  4.445505e+03
  9.885030e+01  4.636525e+03
  9.628970e+01  4.830865e+03
  9.379550e+01  5.007850e+03
  9.136590e+01  5.179600e+03
  8.899920e+01  5.347645e+03
  8.669380e+01  5.492215e+03
  8.444820e+01  5.621850e+03
  8.226070e+01  5.725000e+03
  8.012980e+01  5.824190e+03
  7.805420e+01  5.894575e+03
  7.603240e+01  5.955150e+03
  7.406290e+01  5.976605e+03
  7.214440e+01  5.991650e+03
  7.027560e+01  5.987380e+03
  6.845520e+01  5.941150e+03
  6.668200e+01  5.866040e+03
  6.495470e+01  5.794255e+03
  6.327220e+01  5.749970e+03
  6.163320e+01  5.691315e+03
  6.003670e+01  5.629025e+03
  5.848160e+01  5.578290e+03
  5.696670e+01  5.531645e+03
  5.549110e+01  5.493030e+03
  5.405370e+01  5.381635e+03
  5.265350e+01  5.257375e+03
  5.128960e+01  5.145400e+03
  4.996100e+01  5.054755e+03
  4.866690e+01  4.910915e+03
  4.740620e+01  4.809775e+03
  4.617830e+01  4.716995e+03
  4.498210e+01  4.619835e+03
  4.381690e+01  4.630955e+03
  4.268190e+01  4.630600e+03
  4.157630e+01  4.645825e+03
  4.049930e+01  4.654795e+03
  3.945030e+01  4.681750e+03
  3.842840e+01  4.733450e+03
  3.743290e+01  4.766305e+03
  3.646330e+01  4.830820e+03
  3.551880e+01  4.891370e+03
  3.459870e+01  4.942405e+03
  3.370250e+01  4.985360e+03
  3.282950e+01  5.035805e+03
  3.197910e+01  5.100495e+03
  3.115070e+01  5.170205e+03
  3.034380e+01  5.244855e+03
  2.955780e+01  5.316450e+03
  2.879220e+01  5.397855e+03
  2.804640e+01  5.461950e+03
  2.731990e+01  5.559555e+03
  2.661220e+01  5.651465e+03
  2.592290e+01  5.739875e+03
  2.525140e+01  5.822805e+03
  2.459730e+01  5.908365e+03
  2.396010e+01  6.025135e+03
  2.333950e+01  6.131025e+03
  2.273490e+01  6.223640e+03
  2.214600e+01  6.328420e+03
  2.157230e+01  6.434925e+03
  2.101350e+01  6.543280e+03
  2.046920e+01  6.665520e+03
  1.993900e+01  6.782205e+03
  1.942250e+01  6.880685e+03
  1.891940e+01  6.989930e+03
  1.842930e+01  7.141200e+03
  1.795200e+01  7.253410e+03
  1.748690e+01  7.418880e+03
  1.703400e+01  7.556705e+03
  1.659270e+01  7.712845e+03
  1.616290e+01  7.888430e+03
  1.574430e+01  8.037280e+03
  1.533640e+01  8.207040e+03
  1.493920e+01  8.405615e+03
  1.455220e+01  8.595846e+03
  1.417520e+01  8.752195e+03
  1.380800e+01  8.866234e+03
  1.345040e+01  8.984875e+03
  1.310200e+01  9.091430e+03
  1.276260e+01  9.255520e+03
  1.243200e+01  9.425975e+03
  1.211000e+01  9.603654e+03
  1.179630e+01  9.773346e+03
  1.149070e+01  9.961080e+03
  1.119310e+01  1.019710e+04
  1.090310e+01  1.044560e+04
  1.062070e+01  1.064855e+04
  1.034560e+01  1.085940e+04
  1.007760e+01  1.108970e+04
  9.816600e+00  1.128425e+04
  9.562300e+00  1.139370e+04
  9.314600e+00  1.154510e+04
  9.073300e+00  1.180260e+04
  8.838300e+00  1.192000e+04
  8.609300e+00  1.211195e+04
  8.386300e+00  1.222995e+04
  8.169100e+00  1.243635e+04
  7.957500e+00  1.270060e+04
  7.751400e+00  1.270880e+04
  7.550600e+00  1.312550e+04
  7.355000e+00  1.325575e+04
  7.164500e+00  1.331430e+04
  6.978900e+00  1.345120e+04
  6.798100e+00  1.358715e+04
  6.622000e+00  1.371820e+04
  6.450500e+00  1.396485e+04
  6.283400e+00  1.421685e+04
  6.120600e+00  1.435110e+04
  5.962100e+00  1.447780e+04
  5.807600e+00  1.470480e+04
  5.657200e+00  1.486980e+04
  5.510700e+00  1.512960e+04
  5.367900e+00  1.555605e+04
  5.228900e+00  1.562165e+04
  5.093400e+00  1.565735e+04
  4.961500e+00  1.575815e+04
  4.833000e+00  1.652265e+04
  4.707800e+00  1.760760e+04
  4.585800e+00  1.658220e+04
  4.467100e+00  1.642615e+04
  4.351300e+00  1.679290e+04
  4.238600e+00  1.716045e+04
  4.128800e+00  1.739190e+04
  4.021900e+00  2.422395e+04
  3.917700e+00  1.963615e+04
  3.816200e+00  1.682320e+04
  3.717400e+00  1.685015e+04
  3.621100e+00  1.684275e+04
  3.527300e+00  1.684245e+04
  3.435900e+00  1.686715e+04
  3.346900e+00  1.686325e+04
  3.260200e+00  1.700420e+04
  3.175800e+00  1.722765e+04
  3.093500e+00  1.693660e+04
  3.013400e+00  1.678165e+04
  2.935300e+00  1.694775e+04
  2.859300e+00  1.678490e+04
  2.785200e+00  1.675925e+04
  2.713100e+00  1.663560e+04
  2.642800e+00  1.612845e+04
  2.574300e+00  1.640880e+04
  2.507600e+00  1.583020e+04
  2.442700e+00  1.601420e+04
  2.379400e+00  1.603320e+04
  2.317800e+00  1.541680e+04
  2.257700e+00  1.483460e+04
  2.199300e+00  1.572975e+04
  2.142300e+00  1.423600e+04
  2.086800e+00  1.390715e+04
  2.032700e+00  1.399150e+04
  1.980100e+00  1.464355e+04
  1.928800e+00  1.219660e+04
  1.878800e+00  1.145810e+04
  1.830200e+00  1.327325e+04
  1.782800e+00  2.184995e+04
  1.736600e+00  1.400670e+04
  1.691600e+00  1.139620e+04
  1.647800e+00  1.068105e+04
  1.605100e+00  1.047700e+04
  1.563500e+00  1.006000e+04
  1.523000e+00  9.695785e+03
  1.483600e+00  9.466490e+03
  1.445100e+00  8.940744e+03
  1.407700e+00  8.571475e+03
  1.371200e+00  7.962910e+03
  1.335700e+00  8.104095e+03
  1.301100e+00  7.210970e+03
  1.267400e+00  5.931650e+03
  1.234600e+00  7.214775e+03
  1.202600e+00  7.512315e+03
  1.171500e+00  6.956375e+03
  1.141100e+00  7.348480e+03
  1.111600e+00  5.830175e+03
  1.082800e+00  5.001470e+03
  1.054700e+00  6.778355e+03
  1.027400e+00  6.036750e+03
  1.000800e+00  4.980260e+03
  9.749000e-01  5.644095e+03
  9.496000e-01  4.995940e+03
  9.250000e-01  5.277680e+03
  9.010000e-01  5.251640e+03
  8.777000e-01  5.504535e+03
  8.550000e-01  5.618460e+03
  8.328000e-01  5.485725e+03
  8.113000e-01  5.914830e+03
  7.902000e-01  5.874050e+03
  7.698000e-01  5.732135e+03
  7.498000e-01  6.113355e+03
  7.304000e-01  5.964570e+03
  7.115000e-01  5.993320e+03
  6.931000e-01  6.829825e+03
  6.751000e-01  1.467870e+04
  6.576000e-01  2.192110e+04
  6.406000e-01  2.767255e+04
  6.240000e-01  7.869345e+03
  6.078000e-01  6.980110e+03
  5.921000e-01  6.890145e+03
  5.767000e-01  6.684815e+03
  5.618000e-01  6.795250e+03
  5.472000e-01  6.587505e+03
  5.331000e-01  8.370100e+03
  5.193000e-01  8.233186e+03
  5.058000e-01  8.233285e+03
  4.927000e-01  8.260555e+03
  4.799000e-01  7.574445e+03
  4.675000e-01  7.216290e+03
  4.554000e-01  7.108315e+03
  4.436000e-01  8.009840e+03
  4.321000e-01  6.894410e+03
  4.209000e-01  7.819510e+03
  4.100000e-01  7.318405e+03
  3.994000e-01  1.339685e+04
  3.891000e-01  1.016535e+04
  3.790000e-01  1.030340e+04
  3.692000e-01  8.469535e+03
  3.596000e-01  8.089875e+03
  3.503000e-01  7.834575e+03
  3.412000e-01  7.911460e+03
  3.324000e-01  8.172375e+03
  3.238000e-01  7.552640e+03
  3.154000e-01  7.503485e+03
  3.072000e-01  8.112285e+03
  2.992000e-01  1.028680e+04
  2.915000e-01  1.144015e+04
  2.839000e-01  1.200920e+04
  2.766000e-01  9.475990e+03
  2.694000e-01  1.153200e+04
  2.624000e-01  1.096755e+04
  2.556000e-01  1.013165e+04
  2.490000e-01  9.111189e+03
  2.426000e-01  8.314710e+03
  2.363000e-01  8.932750e+03
  2.302000e-01  8.087450e+03
  2.242000e-01  7.512955e+03
  2.184000e-01  7.439300e+03
  2.127000e-01  7.291010e+03
  2.072000e-01  6.662070e+03
  2.019000e-01  6.531700e+03
  1.966000e-01  6.651245e+03
  1.915000e-01  6.177950e+03
  1.866000e-01  6.035415e+03
  1.817000e-01  5.916720e+03
  1.770000e-01  5.761355e+03
  1.725000e-01  5.641900e+03
  1.680000e-01  5.517855e+03
  1.636000e-01  5.396460e+03
  1.594000e-01  5.260585e+03
  1.553000e-01  5.108995e+03
  1.512000e-01  4.939980e+03
  1.473000e-01  4.747845e+03
  1.435000e-01  4.606535e+03
  1.398000e-01  4.322980e+03
  1.362000e-01  4.122175e+03
  1.326000e-01  3.914700e+03
  1.292000e-01  3.711895e+03
  1.259000e-01  3.490955e+03
  1.226000e-01  3.277710e+03
  1.194000e-01  3.070185e+03
  1.163000e-01  2.862285e+03
  1.133000e-01  2.648865e+03
  1.104000e-01  2.441025e+03
  1.075000e-01  2.246350e+03
  1.047000e-01  2.045635e+03
  1.020000e-01  1.856960e+03
  9.940000e-02  1.689530e+03
  9.680000e-02  1.519705e+03
  9.430000e-02  1.367425e+03
  9.190000e-02  1.219205e+03
  8.950000e-02  1.088630e+03
  8.720000e-02  9.599790e+02
  8.490000e-02  8.488850e+02
  8.270000e-02  7.424255e+02
  8.060000e-02  6.438265e+02
  7.850000e-02  5.578879e+02
  7.640000e-02  4.873325e+02
  7.450000e-02  4.145525e+02
  7.250000e-02  3.551420e+02
  7.070000e-02  3.011290e+02
  6.880000e-02  2.572295e+02
  6.700000e-02  2.167090e+02
  6.530000e-02  1.837455e+02
  6.360000e-02  1.543650e+02
  6.200000e-02  1.301715e+02
  6.040000e-02  1.093940e+02
  5.880000e-02  9.331290e+01
  5.730000e-02  7.889880e+01
  5.580000e-02  6.618610e+01
  5.430000e-02  5.736285e+01
  5.290000e-02  5.027595e+01
  5.160000e-02  4.528965e+01
  5.020000e-02  4.023250e+01
  4.890000e-02  3.700590e+01
  4.770000e-02  3.455965e+01
  4.640000e-02  3.339815e+01
  4.520000e-02  3.160305e+01
  4.410000e-02  3.126855e+01
  4.290000e-02  3.080515e+01
  4.180000e-02  3.046500e+01
  4.070000e-02  2.963775e+01
  3.970000e-02  3.007185e+01
  3.860000e-02  3.179655e+01
  3.760000e-02  3.069375e+01
  3.670000e-02  3.082875e+01
  3.570000e-02  3.226015e+01
  3.480000e-02  3.248305e+01
  3.390000e-02  3.169100e+01
  3.300000e-02  3.275870e+01
  3.220000e-02  3.278805e+01
  3.130000e-02  3.399655e+01
  3.050000e-02  3.306955e+01
  2.970000e-02  3.401415e+01
  2.890000e-02  3.414305e+01
  2.820000e-02  3.372085e+01
  2.750000e-02  3.436610e+01
  2.680000e-02  3.382630e+01
  2.610000e-02  3.334535e+01
  2.540000e-02  3.424295e+01
  2.470000e-02  3.421935e+01
  2.410000e-02  3.305795e+01
  2.350000e-02  3.263550e+01
  2.290000e-02  3.214870e+01
  2.230000e-02  3.245945e+01
  2.170000e-02  3.164995e+01
  2.110000e-02  3.168505e+01
  2.060000e-02  2.948520e+01
  2.000000e-02  2.947350e+01
  1.950000e-02  2.847615e+01
  1.900000e-02  2.777215e+01
  1.850000e-02  2.707390e+01
  1.800000e-02  2.571295e+01
  1.760000e-02  2.484455e+01
  1.710000e-02  2.422300e+01
  1.670000e-02  2.300255e+01
  1.630000e-02  2.104900e+01
  1.580000e-02  2.112525e+01
  1.540000e-02  2.030400e+01
  1.500000e-02  1.842685e+01
  1.460000e-02  1.747645e+01
  1.430000e-02  1.622685e+01
  1.390000e-02  1.547000e+01
  1.350000e-02  1.419705e+01
  1.320000e-02  1.281835e+01
  1.280000e-02  1.254845e+01
  1.250000e-02  1.074150e+01
  1.220000e-02  1.036015e+01
  1.190000e-02  9.122416e+00
  1.160000e-02  8.430185e+00
  1.130000e-02  7.180615e+00
  1.100000e-02  7.327290e+00
  1.070000e-02  6.593975e+00
  1.040000e-02  5.678785e+00
  1.010000e-02  3.391435e+01
