  4.934820e+03  4.755450e-03
  4.806990e+03  0.000000e+00
  4.682470e+03  1.358750e-03
  4.561180e+03  2.717450e-03
  4.443030e+03  0.000000e+00
  4.327940e+03  1.358700e-03
  4.215830e+03  1.358700e-03
  4.106630e+03  0.000000e+00
  4.000250e+03  1.358700e-03
  3.896630e+03  2.717400e-03
  3.795700e+03  1.358700e-03
  3.697380e+03  1.358700e-03
  3.601600e+03  1.358700e-03
  3.508310e+03  2.717450e-03
  3.417430e+03  1.358700e-03
  3.328910e+03  6.793500e-04
  3.242680e+03  0.000000e+00
  3.158680e+03  6.793500e-04
  3.076860e+03  3.396800e-03
  2.997160e+03  2.717400e-03
  2.919530e+03  4.755550e-03
  2.843900e+03  1.358700e-03
  2.770230e+03  7.473000e-03
  2.698480e+03  3.396800e-03
  2.628580e+03  6.793550e-03
  2.560490e+03  4.755500e-03
  2.494160e+03  4.755500e-03
  2.429550e+03  6.114250e-03
  2.366620e+03  7.472900e-03
  2.305320e+03  1.494600e-02
  2.245600e+03  9.511050e-03
  2.187430e+03  9.511050e-03
  2.130770e+03  8.831700e-03
  2.075580e+03  1.834295e-02
  2.021810e+03  1.290795e-02
  1.969440e+03  1.154910e-02
  1.918430e+03  1.426665e-02
  1.868730e+03  1.698415e-02
  1.820330e+03  1.902230e-02
  1.773170e+03  1.834290e-02
  1.727240e+03  3.260970e-02
  1.682500e+03  2.173970e-02
  1.638920e+03  2.989225e-02
  1.596470e+03  2.717475e-02
  1.555110e+03  3.057160e-02
  1.514830e+03  5.163225e-02
  1.475590e+03  4.144150e-02
  1.437370e+03  5.163220e-02
  1.400140e+03  5.706715e-02
  1.363870e+03  5.842575e-02
  1.328540e+03  6.182275e-02
  1.294120e+03  6.522000e-02
  1.260600e+03  6.250215e-02
  1.227950e+03  8.628030e-02
  1.196140e+03  8.695950e-02
  1.165160e+03  9.035615e-02
  1.134980e+03  1.134545e-01
  1.105580e+03  1.168515e-01
  1.076940e+03  1.256845e-01
  1.049040e+03  1.324775e-01
  1.021870e+03  1.494615e-01
  9.953980e+02  1.684830e-01
  9.696140e+02  1.868270e-01
  9.444970e+02  2.024520e-01
  9.200320e+02  2.642750e-01
  8.962000e+02  2.669920e-01
  8.729850e+02  2.805800e-01
  8.503720e+02  3.179445e-01
  8.283450e+02  3.376475e-01
  8.068880e+02  3.940340e-01
  7.859870e+02  4.687640e-01
  7.656270e+02  5.170010e-01
  7.457950e+02  5.564045e-01
  7.264760e+02  6.501570e-01
  7.076580e+02  7.330400e-01
  6.893270e+02  8.220405e-01
  6.714710e+02  8.573635e-01
  6.540780e+02  9.830560e-01
  6.371350e+02  1.126405e+00
  6.206310e+02  1.221510e+00
  6.045550e+02  1.441630e+00
  5.888950e+02  1.476960e+00
  5.736410e+02  1.662420e+00
  5.587810e+02  1.928055e+00
  5.443070e+02  2.109435e+00
  5.302080e+02  2.292870e+00
  5.164740e+02  2.612850e+00
  5.030950e+02  2.799685e+00
  4.900630e+02  3.232440e+00
  4.773690e+02  3.519140e+00
  4.650040e+02  3.961400e+00
  4.529580e+02  4.360870e+00
  4.412250e+02  4.928150e+00
  4.297960e+02  5.223685e+00
  4.186630e+02  5.846655e+00
  4.078180e+02  6.553200e+00
  3.972540e+02  7.057300e+00
  3.869640e+02  7.780155e+00
  3.769400e+02  8.702055e+00
  3.671770e+02  9.756425e+00
  3.576650e+02  1.054720e+01
  3.484010e+02  1.161795e+01
  3.393760e+02  1.271990e+01
  3.305850e+02  1.406025e+01
  3.220220e+02  1.538220e+01
  3.136800e+02  1.668405e+01
  3.055550e+02  1.828400e+01
  2.976400e+02  1.979555e+01
  2.899300e+02  2.179695e+01
  2.824200e+02  2.381005e+01
  2.751040e+02  2.586365e+01
  2.679780e+02  2.836020e+01
  2.610370e+02  3.079645e+01
  2.542750e+02  3.340400e+01
  2.476890e+02  3.619950e+01
  2.412730e+02  3.952655e+01
  2.350230e+02  4.295655e+01
  2.289350e+02  4.624410e+01
  2.230050e+02  5.025985e+01
  2.172280e+02  5.469205e+01
  2.116010e+02  5.837015e+01
  2.061200e+02  6.272145e+01
  2.007810e+02  6.774125e+01
  1.955800e+02  7.294265e+01
  1.905140e+02  7.942175e+01
  1.855790e+02  8.555385e+01
  1.807720e+02  9.180060e+01
  1.760890e+02  9.860155e+01
  1.715280e+02  1.051780e+02
  1.670850e+02  1.115890e+02
  1.627570e+02  1.179995e+02
  1.585410e+02  1.249350e+02
  1.544340e+02  1.320965e+02
  1.504340e+02  1.391825e+02
  1.465370e+02  1.460320e+02
  1.427410e+02  1.528930e+02
  1.390440e+02  1.602205e+02
  1.354420e+02  1.677685e+02
  1.319340e+02  1.739665e+02
  1.285160e+02  1.800885e+02
  1.251870e+02  1.876820e+02
  1.219440e+02  1.932610e+02
  1.187850e+02  2.008675e+02
  1.157090e+02  2.087375e+02
  1.127110e+02  2.151825e+02
  1.097920e+02  2.219705e+02
  1.069480e+02  2.288755e+02
  1.041770e+02  2.367435e+02
  1.014790e+02  2.435855e+02
  9.885030e+01  2.516435e+02
  9.628970e+01  2.601055e+02
  9.379550e+01  2.664610e+02
  9.136590e+01  2.749510e+02
  8.899920e+01  2.820130e+02
  8.669380e+01  2.907770e+02
  8.444820e+01  2.969310e+02
  8.226070e+01  3.062875e+02
  8.012980e+01  3.142675e+02
  7.805420e+01  3.230750e+02
  7.603240e+01  3.318980e+02
  7.406290e+01  3.387200e+02
  7.214440e+01  3.475835e+02
  7.027560e+01  3.553305e+02
  6.845520e+01  3.630450e+02
  6.668200e+01  3.710675e+02
  6.495470e+01  3.759635e+02
  6.327220e+01  3.803390e+02
  6.163320e+01  3.817955e+02
  6.003670e+01  3.815400e+02
  5.848160e+01  3.797060e+02
  5.696670e+01  3.773615e+02
  5.549110e+01  3.757635e+02
  5.405370e+01  3.745020e+02
  5.265350e+01  3.763170e+02
  5.128960e+01  3.740295e+02
  4.996100e+01  3.730255e+02
  4.866690e+01  3.697195e+02
  4.740620e+01  3.657955e+02
  4.617830e+01  3.604115e+02
  4.498210e+01  3.507825e+02
  4.381690e+01  3.425070e+02
  4.268190e+01  3.320410e+02
  4.157630e+01  3.220195e+02
  4.049930e+01  3.102200e+02
  3.945030e+01  2.998550e+02
  3.842840e+01  2.896270e+02
  3.743290e+01  2.797675e+02
  3.646330e+01  2.698255e+02
  3.551880e+01  2.606310e+02
  3.459870e+01  2.505930e+02
  3.370250e+01  2.403710e+02
  3.282950e+01  2.306590e+02
  3.197910e+01  2.210015e+02
  3.115070e+01  2.119825e+02
  3.034380e+01  2.021490e+02
  2.955780e+01  1.923015e+02
  2.879220e+01  1.834190e+02
  2.804640e+01  1.732140e+02
  2.731990e+01  1.640300e+02
  2.661220e+01  1.544040e+02
  2.592290e+01  1.449580e+02
  2.525140e+01  1.352045e+02
  2.459730e+01  1.262540e+02
  2.396010e+01  1.173520e+02
  2.333950e+01  1.082060e+02
  2.273490e+01  9.940685e+01
  2.214600e+01  9.019315e+01
  2.157230e+01  8.133015e+01
  2.101350e+01  7.308205e+01
  2.046920e+01  6.466455e+01
  1.993900e+01  5.747480e+01
  1.942250e+01  5.131555e+01
  1.891940e+01  4.566250e+01
  1.842930e+01  4.222420e+01
  1.795200e+01  3.965270e+01
  1.748690e+01  3.855085e+01
  1.703400e+01  3.759170e+01
  1.659270e+01  3.770785e+01
  1.616290e+01  3.809500e+01
  1.574430e+01  3.804480e+01
  1.533640e+01  3.776210e+01
  1.493920e+01  3.743600e+01
  1.455220e+01  3.590810e+01
  1.417520e+01  3.262540e+01
  1.380800e+01  2.733105e+01
  1.345040e+01  2.200685e+01
  1.310200e+01  1.636675e+01
  1.276260e+01  1.166955e+01
  1.243200e+01  8.144979e+00
  1.211000e+01  5.392845e+00
  1.179630e+01  3.623085e+00
  1.149070e+01  2.351300e+00
  1.119310e+01  1.667190e+00
  1.090310e+01  1.301675e+00
  1.062070e+01  9.714965e-01
  1.034560e+01  6.691805e-01
  1.007760e+01  4.714820e-01
  9.816600e+00  3.818055e-01
  9.562300e+00  2.629165e-01
  9.314600e+00  3.036790e-01
  9.073300e+00  4.633305e-01
  8.838300e+00  7.282855e-01
  8.609300e+00  1.257515e+00
  8.386300e+00  1.971540e+00
  8.169100e+00  3.301745e+00
  7.957500e+00  4.957365e+00
  7.751400e+00  6.108220e+00
  7.550600e+00  7.486660e+00
  7.355000e+00  7.696575e+00
  7.164500e+00  7.294405e+00
  6.978900e+00  6.818175e+00
  6.798100e+00  6.326985e+00
  6.622000e+00  5.835785e+00
  6.450500e+00  5.307235e+00
  6.283400e+00  4.951265e+00
  6.120600e+00  4.480440e+00
  5.962100e+00  4.089130e+00
  5.807600e+00  4.127850e+00
  5.657200e+00  4.023225e+00
  5.510700e+00  4.036125e+00
  5.367900e+00  4.013030e+00
  5.228900e+00  3.635310e+00
  5.093400e+00  3.307180e+00
  4.961500e+00  3.024565e+00
  4.833000e+00  2.965445e+00
  4.707800e+00  3.226325e+00
  4.585800e+00  2.374385e+00
  4.467100e+00  2.004810e+00
  4.351300e+00  1.925340e+00
  4.238600e+00  1.843125e+00
  4.128800e+00  1.750745e+00
  4.021900e+00  3.316015e+00
  3.917700e+00  1.990550e+00
  3.816200e+00  1.195015e+00
  3.717400e+00  1.019737e+00
  3.621100e+00  9.028840e-01
  3.527300e+00  8.274745e-01
  3.435900e+00  6.841249e-01
  3.346900e+00  5.197181e-01
  3.260200e+00  3.831650e-01
  3.175800e+00  1.990555e-01
  3.093500e+00  9.511195e-02
  3.013400e+00  7.473105e-02
  2.935300e+00  8.560134e-02
  2.859300e+00  1.345155e-01
  2.785200e+00  2.065285e-01
  2.713100e+00  3.193045e-01
  2.642800e+00  3.254185e-01
  2.574300e+00  3.193040e-01
  2.507600e+00  2.683520e-01
  2.442700e+00  2.248725e-01
  2.379400e+00  2.275900e-01
  2.317800e+00  1.990555e-01
  2.257700e+00  1.657665e-01
  2.199300e+00  1.970180e-01
  2.142300e+00  1.535375e-01
  2.086800e+00  1.324765e-01
  2.032700e+00  1.508200e-01
  1.980100e+00  1.630485e-01
  1.928800e+00  1.120960e-01
  1.878800e+00  1.046236e-01
  1.830200e+00  9.443360e-02
  1.782800e+00  1.739190e-01
  1.736600e+00  1.134550e-01
  1.691600e+00  8.763905e-02
  1.647800e+00  8.220395e-02
  1.605100e+00  7.744830e-02
  1.563500e+00  5.842600e-02
  1.523000e+00  6.725755e-02
  1.483600e+00  6.521945e-02
  1.445100e+00  5.367015e-02
  1.407700e+00  4.959405e-02
  1.371200e+00  5.231150e-02
  1.335700e+00  4.280045e-02
  1.301100e+00  4.008285e-02
  1.267400e+00  3.804480e-02
  1.234600e+00  3.804465e-02
  1.202600e+00  4.076235e-02
  1.171500e+00  4.008265e-02
  1.141100e+00  4.619720e-02
  1.111600e+00  3.260970e-02
  1.082800e+00  3.260970e-02
  1.054700e+00  4.076225e-02
  1.027400e+00  2.853345e-02
  1.000800e+00  3.125095e-02
  9.749000e-01  2.581595e-02
  9.496000e-01  3.328915e-02
  9.250000e-01  3.125100e-02
  9.010000e-01  4.280045e-02
  8.777000e-01  4.415915e-02
  8.550000e-01  3.736535e-02
  8.328000e-01  3.532725e-02
  8.113000e-01  3.872405e-02
  7.902000e-01  3.940345e-02
  7.698000e-01  2.989210e-02
  7.498000e-01  3.464790e-02
  7.304000e-01  3.260970e-02
  7.115000e-01  4.008290e-02
  6.931000e-01  3.464775e-02
  6.751000e-01  4.280025e-02
  6.576000e-01  6.250200e-02
  6.406000e-01  6.793695e-02
  6.240000e-01  4.076220e-02
  6.078000e-01  5.706715e-02
  5.921000e-01  4.891465e-02
  5.767000e-01  3.804460e-02
  5.618000e-01  2.853345e-02
  5.472000e-01  3.125095e-02
  5.331000e-01  4.959410e-02
  5.193000e-01  5.774675e-02
  5.058000e-01  5.299100e-02
  4.927000e-01  3.532715e-02
  4.799000e-01  3.193035e-02
  4.675000e-01  2.989230e-02
  4.554000e-01  2.921295e-02
  4.436000e-01  2.445715e-02
  4.321000e-01  3.328915e-02
  4.209000e-01  2.921285e-02
  4.100000e-01  1.902240e-02
  3.994000e-01  3.872415e-02
  3.891000e-01  2.717480e-02
  3.790000e-01  2.785420e-02
  3.692000e-01  1.766355e-02
  3.596000e-01  2.377780e-02
  3.503000e-01  1.698415e-02
  3.412000e-01  1.698410e-02
  3.324000e-01  1.766350e-02
  3.238000e-01  1.630485e-02
  3.154000e-01  8.831700e-03
  3.072000e-01  1.494605e-02
  2.992000e-01  1.290785e-02
  2.915000e-01  8.831700e-03
  2.839000e-01  1.222855e-02
  2.766000e-01  1.290795e-02
  2.694000e-01  1.086980e-02
  2.624000e-01  5.434900e-03
  2.556000e-01  5.434800e-03
  2.490000e-01  8.152300e-03
  2.426000e-01  7.473000e-03
  2.363000e-01  5.434850e-03
  2.302000e-01  4.076150e-03
  2.242000e-01  4.755500e-03
  2.184000e-01  1.358700e-03
  2.127000e-01  3.396750e-03
  2.072000e-01  3.396800e-03
  2.019000e-01  2.717400e-03
  1.966000e-01  1.358700e-03
  1.915000e-01  0.000000e+00
  1.866000e-01  6.793500e-04
  1.817000e-01  6.793500e-04
  1.770000e-01  2.038050e-03
  1.725000e-01  6.793500e-04
  1.680000e-01  6.793500e-04
  1.636000e-01  6.793500e-04
  1.594000e-01  0.000000e+00
  1.553000e-01  6.793500e-04
  1.512000e-01  0.000000e+00
  1.473000e-01  0.000000e+00
  1.435000e-01  6.793500e-04
  1.398000e-01  0.000000e+00
  1.362000e-01  6.793500e-04
  1.326000e-01  6.793500e-04
  1.292000e-01  6.793500e-04
  1.259000e-01  0.000000e+00
  1.226000e-01  0.000000e+00
  1.194000e-01  0.000000e+00
  1.163000e-01  0.000000e+00
  1.133000e-01  0.000000e+00
  1.104000e-01  0.000000e+00
  1.075000e-01  6.793500e-04
  1.047000e-01  0.000000e+00
  1.020000e-01  0.000000e+00
  9.940000e-02  6.793500e-04
  9.680000e-02  6.793500e-04
  9.430000e-02  0.000000e+00
  9.190000e-02  0.000000e+00
  8.950000e-02  6.793500e-04
  8.720000e-02  0.000000e+00
  8.490000e-02  0.000000e+00
  8.270000e-02  6.793500e-04
  8.060000e-02  0.000000e+00
  7.850000e-02  0.000000e+00
  7.640000e-02  6.793500e-04
  7.450000e-02  0.000000e+00
  7.250000e-02  0.000000e+00
  7.070000e-02  0.000000e+00
  6.880000e-02  6.793500e-04
  6.700000e-02  0.000000e+00
  6.530000e-02  6.793500e-04
  6.360000e-02  0.000000e+00
  6.200000e-02  0.000000e+00
  6.040000e-02  0.000000e+00
  5.880000e-02  6.793500e-04
  5.730000e-02  6.793500e-04
  5.580000e-02  0.000000e+00
  5.430000e-02  0.000000e+00
  5.290000e-02  6.793500e-04
  5.160000e-02  0.000000e+00
  5.020000e-02  0.000000e+00
  4.890000e-02  0.000000e+00
  4.770000e-02  0.000000e+00
  4.640000e-02  1.358700e-03
  4.520000e-02  0.000000e+00
  4.410000e-02  0.000000e+00
  4.290000e-02  0.000000e+00
  4.180000e-02  6.793500e-04
  4.070000e-02  0.000000e+00
  3.970000e-02  0.000000e+00
  3.860000e-02  0.000000e+00
  3.760000e-02  0.000000e+00
  3.670000e-02  0.000000e+00
  3.570000e-02  0.000000e+00
  3.480000e-02  0.000000e+00
  3.390000e-02  0.000000e+00
  3.300000e-02  0.000000e+00
  3.220000e-02  0.000000e+00
  3.130000e-02  0.000000e+00
  3.050000e-02  0.000000e+00
  2.970000e-02  0.000000e+00
  2.890000e-02  0.000000e+00
  2.820000e-02  0.000000e+00
  2.750000e-02  0.000000e+00
  2.680000e-02  0.000000e+00
  2.610000e-02  0.000000e+00
  2.540000e-02  6.793500e-04
  2.470000e-02  0.000000e+00
  2.410000e-02  0.000000e+00
  2.350000e-02  0.000000e+00
  2.290000e-02  0.000000e+00
  2.230000e-02  0.000000e+00
  2.170000e-02  0.000000e+00
  2.110000e-02  0.000000e+00
  2.060000e-02  0.000000e+00
  2.000000e-02  0.000000e+00
  1.950000e-02  0.000000e+00
  1.900000e-02  0.000000e+00
  1.850000e-02  0.000000e+00
  1.800000e-02  0.000000e+00
  1.760000e-02  0.000000e+00
  1.710000e-02  0.000000e+00
  1.670000e-02  0.000000e+00
  1.630000e-02  0.000000e+00
  1.580000e-02  0.000000e+00
  1.540000e-02  0.000000e+00
  1.500000e-02  0.000000e+00
  1.460000e-02  0.000000e+00
  1.430000e-02  0.000000e+00
  1.390000e-02  0.000000e+00
  1.350000e-02  0.000000e+00
  1.320000e-02  0.000000e+00
  1.280000e-02  0.000000e+00
  1.250000e-02  0.000000e+00
  1.220000e-02  0.000000e+00
  1.190000e-02  0.000000e+00
  1.160000e-02  0.000000e+00
  1.130000e-02  0.000000e+00
  1.100000e-02  0.000000e+00
  1.070000e-02  0.000000e+00
  1.040000e-02  0.000000e+00
  1.010000e-02  0.000000e+00
