  4.934820e+03  6.368400e-03
  4.806990e+03  0.000000e+00
  4.682470e+03  7.960500e-04
  4.561180e+03  7.960500e-04
  4.443030e+03  0.000000e+00
  4.327940e+03  2.388150e-03
  4.215830e+03  7.960500e-04
  4.106630e+03  3.980250e-03
  4.000250e+03  3.184200e-03
  3.896630e+03  1.592100e-03
  3.795700e+03  2.388150e-03
  3.697380e+03  0.000000e+00
  3.601600e+03  0.000000e+00
  3.508310e+03  3.184200e-03
  3.417430e+03  3.184200e-03
  3.328910e+03  5.572350e-03
  3.242680e+03  3.980250e-03
  3.158680e+03  2.388150e-03
  3.076860e+03  3.980250e-03
  2.997160e+03  5.572350e-03
  2.919530e+03  4.776300e-03
  2.843900e+03  3.184200e-03
  2.770230e+03  3.184200e-03
  2.698480e+03  3.980250e-03
  2.628580e+03  7.164500e-03
  2.560490e+03  1.194080e-02
  2.494160e+03  9.552650e-03
  2.429550e+03  1.114470e-02
  2.366620e+03  1.512505e-02
  2.305320e+03  8.756550e-03
  2.245600e+03  1.512505e-02
  2.187430e+03  1.194080e-02
  2.130770e+03  1.194080e-02
  2.075580e+03  1.353290e-02
  2.021810e+03  2.069740e-02
  1.969440e+03  1.671705e-02
  1.918430e+03  1.910525e-02
  1.868730e+03  2.388170e-02
  1.820330e+03  3.423060e-02
  1.773170e+03  2.547380e-02
  1.727240e+03  3.821085e-02
  1.682500e+03  4.059905e-02
  1.638920e+03  4.935590e-02
  1.596470e+03  4.537540e-02
  1.555110e+03  5.492820e-02
  1.514830e+03  5.333615e-02
  1.475590e+03  5.731645e-02
  1.437370e+03  6.527695e-02
  1.400140e+03  6.925745e-02
  1.363870e+03  7.403354e-02
  1.328540e+03  7.881024e-02
  1.294120e+03  1.202055e-01
  1.260600e+03  1.313495e-01
  1.227950e+03  1.162245e-01
  1.196140e+03  1.496585e-01
  1.165160e+03  1.432900e-01
  1.134980e+03  1.409020e-01
  1.105580e+03  1.799095e-01
  1.076940e+03  1.974225e-01
  1.049040e+03  2.173235e-01
  1.021870e+03  2.634960e-01
  9.953980e+02  2.778260e-01
  9.696140e+02  2.865815e-01
  9.444970e+02  3.534500e-01
  9.200320e+02  4.083795e-01
  8.962000e+02  4.378340e-01
  8.729850e+02  5.198280e-01
  8.503720e+02  6.217230e-01
  8.283450e+02  6.479945e-01
  8.068880e+02  7.689950e-01
  7.859870e+02  8.183500e-01
  7.656270e+02  8.390470e-01
  7.457950e+02  1.014181e+00
  7.264760e+02  1.163050e+00
  7.076580e+02  1.272905e+00
  6.893270e+02  1.412215e+00
  6.714710e+02  1.633505e+00
  6.540780e+02  1.805460e+00
  6.371350e+02  2.126285e+00
  6.206310e+02  2.337230e+00
  6.045550e+02  2.607895e+00
  5.888950e+02  2.909610e+00
  5.736410e+02  3.338690e+00
  5.587810e+02  3.632440e+00
  5.443070e+02  4.078230e+00
  5.302080e+02  4.573370e+00
  5.164740e+02  5.332025e+00
  5.030950e+02  5.808070e+00
  4.900630e+02  6.493475e+00
  4.773690e+02  7.291125e+00
  4.650040e+02  8.163605e+00
  4.529580e+02  9.330640e+00
  4.412250e+02  1.023260e+01
  4.297960e+02  1.131370e+01
  4.186630e+02  1.269390e+01
  4.078180e+02  1.432595e+01
  3.972540e+02  1.582575e+01
  3.869640e+02  1.764400e+01
  3.769400e+02  1.947085e+01
  3.671770e+02  2.225625e+01
  3.576650e+02  2.477985e+01
  3.484010e+02  2.725395e+01
  3.393760e+02  3.048825e+01
  3.305850e+02  3.353485e+01
  3.220220e+02  3.695875e+01
  3.136800e+02  4.114125e+01
  3.055550e+02  4.514630e+01
  2.976400e+02  4.994020e+01
  2.899300e+02  5.565045e+01
  2.824200e+02  6.180550e+01
  2.751040e+02  6.804255e+01
  2.679780e+02  7.527330e+01
  2.610370e+02  8.279600e+01
  2.542750e+02  9.095155e+01
  2.476890e+02  1.004130e+02
  2.412730e+02  1.104750e+02
  2.350230e+02  1.224220e+02
  2.289350e+02  1.349335e+02
  2.230050e+02  1.486840e+02
  2.172280e+02  1.628085e+02
  2.116010e+02  1.778190e+02
  2.061200e+02  1.926180e+02
  2.007810e+02  2.114885e+02
  1.955800e+02  2.320915e+02
  1.905140e+02  2.543800e+02
  1.855790e+02  2.786890e+02
  1.807720e+02  3.040435e+02
  1.760890e+02  3.301645e+02
  1.715280e+02  3.575350e+02
  1.670850e+02  3.853790e+02
  1.627570e+02  4.151355e+02
  1.585410e+02  4.455665e+02
  1.544340e+02  4.747220e+02
  1.504340e+02  5.079580e+02
  1.465370e+02  5.407770e+02
  1.427410e+02  5.749530e+02
  1.390440e+02  6.090220e+02
  1.354420e+02  6.418790e+02
  1.319340e+02  6.755135e+02
  1.285160e+02  7.098345e+02
  1.251870e+02  7.442335e+02
  1.219440e+02  7.774835e+02
  1.187850e+02  8.111505e+02
  1.157090e+02  8.431380e+02
  1.127110e+02  8.741435e+02
  1.097920e+02  9.064050e+02
  1.069480e+02  9.351490e+02
  1.041770e+02  9.636900e+02
  1.014790e+02  9.887275e+02
  9.885030e+01  1.010090e+03
  9.628970e+01  1.031005e+03
  9.379550e+01  1.046800e+03
  9.136590e+01  1.057295e+03
  8.899920e+01  1.062630e+03
  8.669380e+01  1.065450e+03
  8.444820e+01  1.062130e+03
  8.226070e+01  1.052875e+03
  8.012980e+01  1.039535e+03
  7.805420e+01  1.017160e+03
  7.603240e+01  9.923740e+02
  7.406290e+01  9.598755e+02
  7.214440e+01  9.216635e+02
  7.027560e+01  8.820155e+02
  6.845520e+01  8.314230e+02
  6.668200e+01  7.800405e+02
  6.495470e+01  7.262115e+02
  6.327220e+01  6.808920e+02
  6.163320e+01  6.322225e+02
  6.003670e+01  5.845700e+02
  5.848160e+01  5.439430e+02
  5.696670e+01  5.040080e+02
  5.549110e+01  4.674875e+02
  5.405370e+01  4.193985e+02
  5.265350e+01  3.695885e+02
  5.128960e+01  3.271980e+02
  4.996100e+01  2.869680e+02
  4.866690e+01  2.456205e+02
  4.740620e+01  2.078600e+02
  4.617830e+01  1.773410e+02
  4.498210e+01  1.522120e+02
  4.381690e+01  1.385975e+02
  4.268190e+01  1.278165e+02
  4.157630e+01  1.166250e+02
  4.049930e+01  1.079600e+02
  3.945030e+01  1.007235e+02
  3.842840e+01  9.661156e+01
  3.743290e+01  9.170790e+01
  3.646330e+01  8.857460e+01
  3.551880e+01  8.455920e+01
  3.459870e+01  8.146250e+01
  3.370250e+01  7.779829e+01
  3.282950e+01  7.463715e+01
  3.197910e+01  7.192170e+01
  3.115070e+01  6.954150e+01
  3.034380e+01  6.779340e+01
  2.955780e+01  6.609460e+01
  2.879220e+01  6.409650e+01
  2.804640e+01  6.268915e+01
  2.731990e+01  6.125615e+01
  2.661220e+01  6.039555e+01
  2.592290e+01  6.031910e+01
  2.525140e+01  5.889725e+01
  2.459730e+01  5.865135e+01
  2.396010e+01  5.852725e+01
  2.333950e+01  5.837120e+01
  2.273490e+01  5.827250e+01
  2.214600e+01  5.831715e+01
  2.157230e+01  5.791920e+01
  2.101350e+01  5.834640e+01
  2.046920e+01  5.863305e+01
  1.993900e+01  5.907895e+01
  1.942250e+01  5.985920e+01
  1.891940e+01  6.084375e+01
  1.842930e+01  6.275030e+01
  1.795200e+01  6.405910e+01
  1.748690e+01  6.628955e+01
  1.703400e+01  6.881786e+01
  1.659270e+01  7.201245e+01
  1.616290e+01  7.535201e+01
  1.574430e+01  7.818510e+01
  1.533640e+01  8.171735e+01
  1.493920e+01  8.548190e+01
  1.455220e+01  8.895910e+01
  1.417520e+01  9.112370e+01
  1.380800e+01  9.133765e+01
  1.345040e+01  9.135284e+01
  1.310200e+01  9.143885e+01
  1.276260e+01  9.210120e+01
  1.243200e+01  9.186465e+01
  1.211000e+01  9.412075e+01
  1.179630e+01  9.535870e+01
  1.149070e+01  9.719675e+01
  1.119310e+01  9.967160e+01
  1.090310e+01  1.038190e+02
  1.062070e+01  1.068510e+02
  1.034560e+01  1.107860e+02
  1.007760e+01  1.136735e+02
  9.816600e+00  1.173520e+02
  9.562300e+00  1.207950e+02
  9.314600e+00  1.233290e+02
  9.073300e+00  1.290670e+02
  8.838300e+00  1.326960e+02
  8.609300e+00  1.402675e+02
  8.386300e+00  1.479510e+02
  8.169100e+00  1.573860e+02
  7.957500e+00  1.666125e+02
  7.751400e+00  1.726385e+02
  7.550600e+00  1.853425e+02
  7.355000e+00  1.968165e+02
  7.164500e+00  1.985140e+02
  6.978900e+00  1.986335e+02
  6.798100e+00  1.990710e+02
  6.622000e+00  2.018205e+02
  6.450500e+00  2.090505e+02
  6.283400e+00  2.178175e+02
  6.120600e+00  2.203005e+02
  5.962100e+00  2.229500e+02
  5.807600e+00  2.283930e+02
  5.657200e+00  2.337750e+02
  5.510700e+00  2.431105e+02
  5.367900e+00  2.649835e+02
  5.228900e+00  2.606940e+02
  5.093400e+00  2.564735e+02
  4.961500e+00  2.550305e+02
  4.833000e+00  2.941595e+02
  4.707800e+00  3.488080e+02
  4.585800e+00  2.793210e+02
  4.467100e+00  2.703415e+02
  4.351300e+00  2.837240e+02
  4.238600e+00  3.019580e+02
  4.128800e+00  3.176120e+02
  4.021900e+00  8.093850e+02
  3.917700e+00  4.950655e+02
  3.816200e+00  3.002300e+02
  3.717400e+00  3.032395e+02
  3.621100e+00  3.054025e+02
  3.527300e+00  3.085680e+02
  3.435900e+00  3.112055e+02
  3.346900e+00  3.118300e+02
  3.260200e+00  3.196590e+02
  3.175800e+00  3.367220e+02
  3.093500e+00  3.265145e+02
  3.013400e+00  3.275780e+02
  2.935300e+00  3.377915e+02
  2.859300e+00  3.383570e+02
  2.785200e+00  3.544045e+02
  2.713100e+00  3.532180e+02
  2.642800e+00  3.429730e+02
  2.574300e+00  3.757380e+02
  2.507600e+00  3.474895e+02
  2.442700e+00  3.617055e+02
  2.379400e+00  3.828565e+02
  2.317800e+00  3.566485e+02
  2.257700e+00  3.373470e+02
  2.199300e+00  4.401805e+02
  2.142300e+00  3.314010e+02
  2.086800e+00  3.258275e+02
  2.032700e+00  3.390475e+02
  1.980100e+00  3.684610e+02
  1.928800e+00  2.932940e+02
  1.878800e+00  2.866730e+02
  1.830200e+00  3.404690e+02
  1.782800e+00  6.046545e+02
  1.736600e+00  3.607505e+02
  1.691600e+00  3.092100e+02
  1.647800e+00  2.919750e+02
  1.605100e+00  2.900505e+02
  1.563500e+00  2.775325e+02
  1.523000e+00  2.712490e+02
  1.483600e+00  2.759590e+02
  1.445100e+00  2.572520e+02
  1.407700e+00  2.515585e+02
  1.371200e+00  2.379185e+02
  1.335700e+00  2.414975e+02
  1.301100e+00  2.206255e+02
  1.267400e+00  1.702075e+02
  1.234600e+00  2.172535e+02
  1.202600e+00  2.434590e+02
  1.171500e+00  2.135615e+02
  1.141100e+00  2.463705e+02
  1.111600e+00  1.884340e+02
  1.082800e+00  1.681750e+02
  1.054700e+00  2.277590e+02
  1.027400e+00  1.992620e+02
  1.000800e+00  1.673550e+02
  9.749000e-01  1.795470e+02
  9.496000e-01  1.789310e+02
  9.250000e-01  1.924980e+02
  9.010000e-01  1.854580e+02
  8.777000e-01  2.005585e+02
  8.550000e-01  1.984940e+02
  8.328000e-01  1.893895e+02
  8.113000e-01  2.146030e+02
  7.902000e-01  2.170535e+02
  7.698000e-01  2.045510e+02
  7.498000e-01  2.330580e+02
  7.304000e-01  2.214445e+02
  7.115000e-01  2.101950e+02
  6.931000e-01  2.597690e+02
  6.751000e-01  5.252650e+02
  6.576000e-01  7.979185e+02
  6.406000e-01  9.359830e+02
  6.240000e-01  2.578115e+02
  6.078000e-01  2.554685e+02
  5.921000e-01  2.400800e+02
  5.767000e-01  2.310510e+02
  5.618000e-01  2.325930e+02
  5.472000e-01  2.248605e+02
  5.331000e-01  3.041770e+02
  5.193000e-01  3.016470e+02
  5.058000e-01  3.081850e+02
  4.927000e-01  2.982885e+02
  4.799000e-01  2.704045e+02
  4.675000e-01  2.420220e+02
  4.554000e-01  2.389535e+02
  4.436000e-01  2.798785e+02
  4.321000e-01  2.551075e+02
  4.209000e-01  2.597495e+02
  4.100000e-01  2.596595e+02
  3.994000e-01  5.032410e+02
  3.891000e-01  3.692595e+02
  3.790000e-01  3.427435e+02
  3.692000e-01  2.980080e+02
  3.596000e-01  2.765785e+02
  3.503000e-01  2.660520e+02
  3.412000e-01  2.613800e+02
  3.324000e-01  2.700800e+02
  3.238000e-01  2.442705e+02
  3.154000e-01  2.506850e+02
  3.072000e-01  2.546960e+02
  2.992000e-01  3.461685e+02
  2.915000e-01  3.721705e+02
  2.839000e-01  3.935730e+02
  2.766000e-01  3.385735e+02
  2.694000e-01  3.527430e+02
  2.624000e-01  3.452065e+02
  2.556000e-01  3.100720e+02
  2.490000e-01  2.874100e+02
  2.426000e-01  2.708585e+02
  2.363000e-01  2.605205e+02
  2.302000e-01  2.476545e+02
  2.242000e-01  2.362235e+02
  2.184000e-01  2.274555e+02
  2.127000e-01  2.189600e+02
  2.072000e-01  2.105680e+02
  2.019000e-01  2.033255e+02
  1.966000e-01  1.965565e+02
  1.915000e-01  1.885205e+02
  1.866000e-01  1.828725e+02
  1.817000e-01  1.763930e+02
  1.770000e-01  1.697360e+02
  1.725000e-01  1.625420e+02
  1.680000e-01  1.557460e+02
  1.636000e-01  1.491145e+02
  1.594000e-01  1.421610e+02
  1.553000e-01  1.364060e+02
  1.512000e-01  1.290500e+02
  1.473000e-01  1.226010e+02
  1.435000e-01  1.231605e+02
  1.398000e-01  1.087660e+02
  1.362000e-01  1.022215e+02
  1.326000e-01  9.558235e+01
  1.292000e-01  8.844080e+01
  1.259000e-01  8.204140e+01
  1.226000e-01  7.562260e+01
  1.194000e-01  6.943960e+01
  1.163000e-01  6.382350e+01
  1.133000e-01  5.810775e+01
  1.104000e-01  5.306220e+01
  1.075000e-01  4.773185e+01
  1.047000e-01  4.273340e+01
  1.020000e-01  3.838130e+01
  9.940000e-02  3.446320e+01
  9.680000e-02  3.036015e+01
  9.430000e-02  2.726035e+01
  9.190000e-02  2.383340e+01
  8.950000e-02  2.094275e+01
  8.720000e-02  1.833255e+01
  8.490000e-02  1.572950e+01
  8.270000e-02  1.363815e+01
  8.060000e-02  1.184630e+01
  7.850000e-02  1.014730e+01
  7.640000e-02  8.601444e+00
  7.450000e-02  7.380285e+00
  7.250000e-02  6.298445e+00
  7.070000e-02  5.432320e+00
  6.880000e-02  4.559845e+00
  6.700000e-02  3.788460e+00
  6.530000e-02  3.299665e+00
  6.360000e-02  2.845120e+00
  6.200000e-02  2.366675e+00
  6.040000e-02  2.104785e+00
  5.880000e-02  1.828540e+00
  5.730000e-02  1.711535e+00
  5.580000e-02  1.521275e+00
  5.430000e-02  1.404265e+00
  5.290000e-02  1.356500e+00
  5.160000e-02  1.202050e+00
  5.020000e-02  1.173405e+00
  4.890000e-02  1.164635e+00
  4.770000e-02  1.138375e+00
  4.640000e-02  1.115275e+00
  4.520000e-02  1.097770e+00
  4.410000e-02  1.094585e+00
  4.290000e-02  1.153485e+00
  4.180000e-02  1.111310e+00
  4.070000e-02  1.109705e+00
  3.970000e-02  1.115275e+00
  3.860000e-02  1.122450e+00
  3.760000e-02  1.161450e+00
  3.670000e-02  1.116090e+00
  3.570000e-02  1.105725e+00
  3.480000e-02  1.124040e+00
  3.390000e-02  1.192505e+00
  3.300000e-02  1.165435e+00
  3.220000e-02  1.176570e+00
  3.130000e-02  1.164635e+00
  3.050000e-02  1.189305e+00
  2.970000e-02  1.237085e+00
  2.890000e-02  1.177375e+00
  2.820000e-02  1.156680e+00
  2.750000e-02  1.163045e+00
  2.680000e-02  1.188520e+00
  2.610000e-02  1.161450e+00
  2.540000e-02  1.177370e+00
  2.470000e-02  1.076280e+00
  2.410000e-02  1.100950e+00
  2.350000e-02  1.112890e+00
  2.290000e-02  1.052397e+00
  2.230000e-02  1.033295e+00
  2.170000e-02  1.033280e+00
  2.110000e-02  9.942865e-01
  2.060000e-02  9.950780e-01
  2.000000e-02  9.496995e-01
  1.950000e-02  8.756670e-01
  1.900000e-02  8.788500e-01
  1.850000e-02  8.724810e-01
  1.800000e-02  8.151660e-01
  1.760000e-02  7.299891e-01
  1.710000e-02  7.626275e-01
  1.670000e-02  6.925725e-01
  1.630000e-02  6.416255e-01
  1.580000e-02  5.954525e-01
  1.540000e-02  5.747560e-01
  1.500000e-02  5.293810e-01
  1.460000e-02  5.054990e-01
  1.430000e-02  4.489780e-01
  1.390000e-02  4.067875e-01
  1.350000e-02  4.043990e-01
  1.320000e-02  3.335485e-01
  1.280000e-02  3.152400e-01
  1.250000e-02  2.841940e-01
  1.220000e-02  2.587205e-01
  1.190000e-02  2.324500e-01
  1.160000e-02  2.053830e-01
  1.130000e-02  1.767250e-01
  1.100000e-02  5.007230e-01
  1.070000e-02  6.217235e-01
  1.040000e-02  5.421180e-01
  1.010000e-02  2.757555e+00
