  4.934820e+03  5.572350e-03
  4.806990e+03  0.000000e+00
  4.682470e+03  1.592100e-03
  4.561180e+03  1.592100e-03
  4.443030e+03  0.000000e+00
  4.327940e+03  1.592100e-03
  4.215830e+03  7.960500e-04
  4.106630e+03  7.960500e-04
  4.000250e+03  7.960500e-04
  3.896630e+03  7.960500e-04
  3.795700e+03  0.000000e+00
  3.697380e+03  7.960500e-04
  3.601600e+03  1.592100e-03
  3.508310e+03  1.592100e-03
  3.417430e+03  1.592100e-03
  3.328910e+03  3.980250e-03
  3.242680e+03  1.592100e-03
  3.158680e+03  3.184200e-03
  3.076860e+03  7.960500e-04
  2.997160e+03  0.000000e+00
  2.919530e+03  3.980250e-03
  2.843900e+03  4.776300e-03
  2.770230e+03  7.164450e-03
  2.698480e+03  0.000000e+00
  2.628580e+03  7.960500e-03
  2.560490e+03  5.572350e-03
  2.494160e+03  7.164500e-03
  2.429550e+03  7.960550e-03
  2.366620e+03  9.552600e-03
  2.305320e+03  1.273685e-02
  2.245600e+03  1.034865e-02
  2.187430e+03  1.114470e-02
  2.130770e+03  1.114480e-02
  2.075580e+03  1.273680e-02
  2.021810e+03  1.751320e-02
  1.969440e+03  3.263845e-02
  1.918430e+03  1.751320e-02
  1.868730e+03  2.467770e-02
  1.820330e+03  2.706590e-02
  1.773170e+03  3.423060e-02
  1.727240e+03  2.865800e-02
  1.682500e+03  2.786200e-02
  1.638920e+03  4.378340e-02
  1.596470e+03  3.661865e-02
  1.555110e+03  4.776350e-02
  1.514830e+03  5.731640e-02
  1.475590e+03  5.811255e-02
  1.437370e+03  7.562575e-02
  1.400140e+03  6.766525e-02
  1.363870e+03  6.846125e-02
  1.328540e+03  8.517870e-02
  1.294120e+03  1.018963e-01
  1.260600e+03  1.066720e-01
  1.227950e+03  1.138365e-01
  1.196140e+03  1.305530e-01
  1.165160e+03  1.297570e-01
  1.134980e+03  1.727445e-01
  1.105580e+03  1.783180e-01
  1.076940e+03  1.910545e-01
  1.049040e+03  2.077715e-01
  1.021870e+03  2.459815e-01
  9.953980e+02  2.475745e-01
  9.696140e+02  2.993190e-01
  9.444970e+02  3.470825e-01
  9.200320e+02  3.693720e-01
  8.962000e+02  4.497750e-01
  8.729850e+02  5.102750e-01
  8.503720e+02  5.739595e-01
  8.283450e+02  6.217230e-01
  8.068880e+02  7.204360e-01
  7.859870e+02  8.159655e-01
  7.656270e+02  9.122865e-01
  7.457950e+02  9.672125e-01
  7.264760e+02  1.191700e+00
  7.076580e+02  1.348525e+00
  6.893270e+02  1.422560e+00
  6.714710e+02  1.652630e+00
  6.540780e+02  1.896225e+00
  6.371350e+02  2.080895e+00
  6.206310e+02  2.350775e+00
  6.045550e+02  2.723325e+00
  5.888950e+02  2.928720e+00
  5.736410e+02  3.317995e+00
  5.587810e+02  3.672245e+00
  5.443070e+02  4.102115e+00
  5.302080e+02  4.655370e+00
  5.164740e+02  5.060560e+00
  5.030950e+02  5.745965e+00
  4.900630e+02  6.432975e+00
  4.773690e+02  7.396210e+00
  4.650040e+02  8.185900e+00
  4.529580e+02  9.083065e+00
  4.412250e+02  1.010840e+01
  4.297960e+02  1.151750e+01
  4.186630e+02  1.244160e+01
  4.078180e+02  1.402425e+01
  3.972540e+02  1.580500e+01
  3.869640e+02  1.764550e+01
  3.769400e+02  1.970095e+01
  3.671770e+02  2.192285e+01
  3.576650e+02  2.445580e+01
  3.484010e+02  2.722610e+01
  3.393760e+02  3.045485e+01
  3.305850e+02  3.365120e+01
  3.220220e+02  3.710605e+01
  3.136800e+02  4.091360e+01
  3.055550e+02  4.539385e+01
  2.976400e+02  4.995290e+01
  2.899300e+02  5.515110e+01
  2.824200e+02  6.136035e+01
  2.751040e+02  6.811425e+01
  2.679780e+02  7.423911e+01
  2.610370e+02  8.171495e+01
  2.542750e+02  9.061020e+01
  2.476890e+02  9.994810e+01
  2.412730e+02  1.110720e+02
  2.350230e+02  1.216310e+02
  2.289350e+02  1.341045e+02
  2.230050e+02  1.472055e+02
  2.172280e+02  1.610315e+02
  2.116010e+02  1.764150e+02
  2.061200e+02  1.931100e+02
  2.007810e+02  2.100775e+02
  1.955800e+02  2.300435e+02
  1.905140e+02  2.523995e+02
  1.855790e+02  2.768685e+02
  1.807720e+02  3.007010e+02
  1.760890e+02  3.272660e+02
  1.715280e+02  3.538460e+02
  1.670850e+02  3.815020e+02
  1.627570e+02  4.091845e+02
  1.585410e+02  4.396505e+02
  1.544340e+02  4.691155e+02
  1.504340e+02  5.014105e+02
  1.465370e+02  5.325060e+02
  1.427410e+02  5.655910e+02
  1.390440e+02  5.982185e+02
  1.354420e+02  6.303635e+02
  1.319340e+02  6.624830e+02
  1.285160e+02  6.948560e+02
  1.251870e+02  7.268050e+02
  1.219440e+02  7.577030e+02
  1.187850e+02  7.890340e+02
  1.157090e+02  8.201180e+02
  1.127110e+02  8.493695e+02
  1.097920e+02  8.773800e+02
  1.069480e+02  9.024640e+02
  1.041770e+02  9.270910e+02
  1.014790e+02  9.493960e+02
  9.885030e+01  9.676510e+02
  9.628970e+01  9.824330e+02
  9.379550e+01  9.937195e+02
  9.136590e+01  9.993165e+02
  8.899920e+01  1.001510e+03
  8.669380e+01  9.985470e+02
  8.444820e+01  9.904495e+02
  8.226070e+01  9.756015e+02
  8.012980e+01  9.553055e+02
  7.805420e+01  9.308890e+02
  7.603240e+01  8.997980e+02
  7.406290e+01  8.623140e+02
  7.214440e+01  8.199970e+02
  7.027560e+01  7.754135e+02
  6.845520e+01  7.222130e+02
  6.668200e+01  6.679090e+02
  6.495470e+01  6.112830e+02
  6.327220e+01  5.646180e+02
  6.163320e+01  5.157230e+02
  6.003670e+01  4.683095e+02
  5.848160e+01  4.265840e+02
  5.696670e+01  3.867015e+02
  5.549110e+01  3.494680e+02
  5.405370e+01  3.043935e+02
  5.265350e+01  2.588555e+02
  5.128960e+01  2.189725e+02
  4.996100e+01  1.833970e+02
  4.866690e+01  1.471715e+02
  4.740620e+01  1.164040e+02
  4.617830e+01  9.172065e+01
  4.498210e+01  7.151890e+01
  4.381690e+01  6.008520e+01
  4.268190e+01  5.066540e+01
  4.157630e+01  4.178670e+01
  4.049930e+01  3.492640e+01
  3.945030e+01  2.945520e+01
  3.842840e+01  2.543180e+01
  3.743290e+01  2.185675e+01
  3.646330e+01  1.852290e+01
  3.551880e+01  1.586710e+01
  3.459870e+01  1.320675e+01
  3.370250e+01  1.073810e+01
  3.282950e+01  8.650801e+00
  3.197910e+01  6.894685e+00
  3.115070e+01  5.507955e+00
  3.034380e+01  4.335360e+00
  2.955780e+01  3.379290e+00
  2.879220e+01  2.533865e+00
  2.804640e+01  1.943180e+00
  2.731990e+01  1.364455e+00
  2.661220e+01  1.001454e+00
  2.592290e+01  7.244174e-01
  2.525140e+01  5.182370e-01
  2.459730e+01  3.534510e-01
  2.396010e+01  2.316530e-01
  2.333950e+01  1.687645e-01
  2.273490e+01  1.082645e-01
  2.214600e+01  6.448110e-02
  2.157230e+01  3.184230e-02
  2.101350e+01  1.910525e-02
  2.046920e+01  1.034870e-02
  1.993900e+01  5.572350e-03
  1.942250e+01  2.388150e-03
  1.891940e+01  1.592100e-03
  1.842930e+01  2.388150e-03
  1.795200e+01  1.592100e-03
  1.748690e+01  7.960500e-04
  1.703400e+01  7.960500e-04
  1.659270e+01  1.592100e-03
  1.616290e+01  7.960500e-04
  1.574430e+01  2.388150e-03
  1.533640e+01  7.960500e-04
  1.493920e+01  3.980250e-03
  1.455220e+01  7.960500e-04
  1.417520e+01  1.592100e-03
  1.380800e+01  1.592100e-03
  1.345040e+01  0.000000e+00
  1.310200e+01  7.960500e-04
  1.276260e+01  0.000000e+00
  1.243200e+01  0.000000e+00
  1.211000e+01  0.000000e+00
  1.179630e+01  0.000000e+00
  1.149070e+01  0.000000e+00
  1.119310e+01  0.000000e+00
  1.090310e+01  7.960500e-04
  1.062070e+01  0.000000e+00
  1.034560e+01  0.000000e+00
  1.007760e+01  0.000000e+00
  9.816600e+00  7.960500e-04
  9.562300e+00  0.000000e+00
  9.314600e+00  0.000000e+00
  9.073300e+00  7.960500e-04
  8.838300e+00  0.000000e+00
  8.609300e+00  0.000000e+00
  8.386300e+00  3.184200e-03
  8.169100e+00  1.592100e-03
  7.957500e+00  2.388150e-03
  7.751400e+00  1.592100e-03
  7.550600e+00  5.572350e-03
  7.355000e+00  8.756600e-03
  7.164500e+00  2.388150e-03
  6.978900e+00  6.368400e-03
  6.798100e+00  5.572350e-03
  6.622000e+00  3.184200e-03
  6.450500e+00  4.776300e-03
  6.283400e+00  5.572350e-03
  6.120600e+00  3.184200e-03
  5.962100e+00  3.980250e-03
  5.807600e+00  3.184250e-03
  5.657200e+00  1.034870e-02
  5.510700e+00  3.980250e-03
  5.367900e+00  7.960500e-03
  5.228900e+00  6.368400e-03
  5.093400e+00  2.388150e-03
  4.961500e+00  3.980250e-03
  4.833000e+00  5.572350e-03
  4.707800e+00  7.960500e-03
  4.585800e+00  3.980250e-03
  4.467100e+00  6.368450e-03
  4.351300e+00  2.388150e-03
  4.238600e+00  3.980250e-03
  4.128800e+00  4.776300e-03
  4.021900e+00  7.960500e-03
  3.917700e+00  7.164450e-03
  3.816200e+00  6.368400e-03
  3.717400e+00  3.980250e-03
  3.621100e+00  2.388150e-03
  3.527300e+00  4.776300e-03
  3.435900e+00  3.980250e-03
  3.346900e+00  6.368400e-03
  3.260200e+00  4.776350e-03
  3.175800e+00  5.572350e-03
  3.093500e+00  1.592100e-03
  3.013400e+00  1.592100e-03
  2.935300e+00  0.000000e+00
  2.859300e+00  1.592100e-03
  2.785200e+00  3.980250e-03
  2.713100e+00  8.756550e-03
  2.642800e+00  3.980250e-03
  2.574300e+00  3.184200e-03
  2.507600e+00  3.980300e-03
  2.442700e+00  3.184200e-03
  2.379400e+00  3.184200e-03
  2.317800e+00  5.572350e-03
  2.257700e+00  4.776300e-03
  2.199300e+00  2.388150e-03
  2.142300e+00  3.184200e-03
  2.086800e+00  7.960500e-04
  2.032700e+00  1.592100e-03
  1.980100e+00  3.184200e-03
  1.928800e+00  1.592100e-03
  1.878800e+00  3.184200e-03
  1.830200e+00  2.388150e-03
  1.782800e+00  7.960500e-04
  1.736600e+00  7.960500e-04
  1.691600e+00  7.960500e-04
  1.647800e+00  1.592100e-03
  1.605100e+00  3.184200e-03
  1.563500e+00  3.980250e-03
  1.523000e+00  1.592100e-03
  1.483600e+00  2.388150e-03
  1.445100e+00  0.000000e+00
  1.407700e+00  2.388150e-03
  1.371200e+00  2.388150e-03
  1.335700e+00  0.000000e+00
  1.301100e+00  7.960500e-04
  1.267400e+00  0.000000e+00
  1.234600e+00  0.000000e+00
  1.202600e+00  7.960500e-04
  1.171500e+00  0.000000e+00
  1.141100e+00  2.388150e-03
  1.111600e+00  1.592100e-03
  1.082800e+00  0.000000e+00
  1.054700e+00  0.000000e+00
  1.027400e+00  2.388150e-03
  1.000800e+00  0.000000e+00
  9.749000e-01  0.000000e+00
  9.496000e-01  1.592100e-03
  9.250000e-01  7.960500e-04
  9.010000e-01  0.000000e+00
  8.777000e-01  1.592100e-03
  8.550000e-01  0.000000e+00
  8.328000e-01  0.000000e+00
  8.113000e-01  2.388150e-03
  7.902000e-01  7.960500e-04
  7.698000e-01  7.960500e-04
  7.498000e-01  2.388150e-03
  7.304000e-01  1.592100e-03
  7.115000e-01  0.000000e+00
  6.931000e-01  1.592100e-03
  6.751000e-01  2.388150e-03
  6.576000e-01  5.572400e-03
  6.406000e-01  3.980250e-03
  6.240000e-01  2.388150e-03
  6.078000e-01  7.960500e-04
  5.921000e-01  7.960500e-04
  5.767000e-01  7.960500e-04
  5.618000e-01  0.000000e+00
  5.472000e-01  1.592100e-03
  5.331000e-01  7.960500e-04
  5.193000e-01  7.960500e-04
  5.058000e-01  1.592100e-03
  4.927000e-01  7.960500e-04
  4.799000e-01  3.184200e-03
  4.675000e-01  2.388150e-03
  4.554000e-01  1.592100e-03
  4.436000e-01  0.000000e+00
  4.321000e-01  0.000000e+00
  4.209000e-01  7.960500e-04
  4.100000e-01  7.960500e-04
  3.994000e-01  2.388150e-03
  3.891000e-01  2.388150e-03
  3.790000e-01  0.000000e+00
  3.692000e-01  7.960500e-04
  3.596000e-01  7.960500e-04
  3.503000e-01  1.592100e-03
  3.412000e-01  0.000000e+00
  3.324000e-01  7.960500e-04
  3.238000e-01  0.000000e+00
  3.154000e-01  7.960500e-04
  3.072000e-01  7.960500e-04
  2.992000e-01  7.960500e-04
  2.915000e-01  1.592100e-03
  2.839000e-01  7.960500e-04
  2.766000e-01  0.000000e+00
  2.694000e-01  0.000000e+00
  2.624000e-01  1.592100e-03
  2.556000e-01  7.960500e-04
  2.490000e-01  3.184200e-03
  2.426000e-01  7.960500e-04
  2.363000e-01  1.592100e-03
  2.302000e-01  0.000000e+00
  2.242000e-01  7.960500e-04
  2.184000e-01  7.960500e-04
  2.127000e-01  0.000000e+00
  2.072000e-01  1.592100e-03
  2.019000e-01  1.592100e-03
  1.966000e-01  0.000000e+00
  1.915000e-01  0.000000e+00
  1.866000e-01  7.960500e-04
  1.817000e-01  0.000000e+00
  1.770000e-01  0.000000e+00
  1.725000e-01  0.000000e+00
  1.680000e-01  0.000000e+00
  1.636000e-01  0.000000e+00
  1.594000e-01  7.960500e-04
  1.553000e-01  7.960500e-04
  1.512000e-01  7.960500e-04
  1.473000e-01  0.000000e+00
  1.435000e-01  0.000000e+00
  1.398000e-01  7.960500e-04
  1.362000e-01  0.000000e+00
  1.326000e-01  0.000000e+00
  1.292000e-01  0.000000e+00
  1.259000e-01  0.000000e+00
  1.226000e-01  0.000000e+00
  1.194000e-01  0.000000e+00
  1.163000e-01  0.000000e+00
  1.133000e-01  0.000000e+00
  1.104000e-01  0.000000e+00
  1.075000e-01  0.000000e+00
  1.047000e-01  0.000000e+00
  1.020000e-01  0.000000e+00
  9.940000e-02  7.960500e-04
  9.680000e-02  0.000000e+00
  9.430000e-02  0.000000e+00
  9.190000e-02  0.000000e+00
  8.950000e-02  0.000000e+00
  8.720000e-02  7.960500e-04
  8.490000e-02  0.000000e+00
  8.270000e-02  0.000000e+00
  8.060000e-02  0.000000e+00
  7.850000e-02  0.000000e+00
  7.640000e-02  0.000000e+00
  7.450000e-02  0.000000e+00
  7.250000e-02  0.000000e+00
  7.070000e-02  0.000000e+00
  6.880000e-02  0.000000e+00
  6.700000e-02  0.000000e+00
  6.530000e-02  0.000000e+00
  6.360000e-02  0.000000e+00
  6.200000e-02  0.000000e+00
  6.040000e-02  0.000000e+00
  5.880000e-02  0.000000e+00
  5.730000e-02  0.000000e+00
  5.580000e-02  0.000000e+00
  5.430000e-02  0.000000e+00
  5.290000e-02  0.000000e+00
  5.160000e-02  0.000000e+00
  5.020000e-02  0.000000e+00
  4.890000e-02  0.000000e+00
  4.770000e-02  0.000000e+00
  4.640000e-02  0.000000e+00
  4.520000e-02  0.000000e+00
  4.410000e-02  0.000000e+00
  4.290000e-02  0.000000e+00
  4.180000e-02  0.000000e+00
  4.070000e-02  0.000000e+00
  3.970000e-02  0.000000e+00
  3.860000e-02  0.000000e+00
  3.760000e-02  0.000000e+00
  3.670000e-02  0.000000e+00
  3.570000e-02  0.000000e+00
  3.480000e-02  0.000000e+00
  3.390000e-02  0.000000e+00
  3.300000e-02  0.000000e+00
  3.220000e-02  0.000000e+00
  3.130000e-02  0.000000e+00
  3.050000e-02  0.000000e+00
  2.970000e-02  0.000000e+00
  2.890000e-02  0.000000e+00
  2.820000e-02  0.000000e+00
  2.750000e-02  0.000000e+00
  2.680000e-02  0.000000e+00
  2.610000e-02  0.000000e+00
  2.540000e-02  0.000000e+00
  2.470000e-02  0.000000e+00
  2.410000e-02  0.000000e+00
  2.350000e-02  0.000000e+00
  2.290000e-02  0.000000e+00
  2.230000e-02  0.000000e+00
  2.170000e-02  0.000000e+00
  2.110000e-02  0.000000e+00
  2.060000e-02  0.000000e+00
  2.000000e-02  0.000000e+00
  1.950000e-02  0.000000e+00
  1.900000e-02  0.000000e+00
  1.850000e-02  0.000000e+00
  1.800000e-02  0.000000e+00
  1.760000e-02  0.000000e+00
  1.710000e-02  0.000000e+00
  1.670000e-02  0.000000e+00
  1.630000e-02  0.000000e+00
  1.580000e-02  0.000000e+00
  1.540000e-02  0.000000e+00
  1.500000e-02  0.000000e+00
  1.460000e-02  0.000000e+00
  1.430000e-02  0.000000e+00
  1.390000e-02  0.000000e+00
  1.350000e-02  0.000000e+00
  1.320000e-02  0.000000e+00
  1.280000e-02  0.000000e+00
  1.250000e-02  0.000000e+00
  1.220000e-02  0.000000e+00
  1.190000e-02  0.000000e+00
  1.160000e-02  0.000000e+00
  1.130000e-02  0.000000e+00
  1.100000e-02  2.388150e-03
  1.070000e-02  2.388150e-03
  1.040000e-02  1.592100e-03
  1.010000e-02  7.960500e-03
