  4.934820e+03  3.357870e-03
  4.806990e+03  5.596450e-04
  4.682470e+03  4.197300e-04
  4.561180e+03  4.197350e-04
  4.443030e+03  2.798200e-04
  4.327940e+03  8.394649e-04
  4.215830e+03  8.394649e-04
  4.106630e+03  4.197300e-04
  4.000250e+03  4.197350e-04
  3.896630e+03  4.197300e-04
  3.795700e+03  1.399110e-03
  3.697380e+03  6.995500e-04
  3.601600e+03  5.596400e-04
  3.508310e+03  6.995550e-04
  3.417430e+03  1.818845e-03
  3.328910e+03  1.399110e-03
  3.242680e+03  9.793750e-04
  3.158680e+03  2.938145e-03
  3.076860e+03  1.399105e-03
  2.997160e+03  1.958755e-03
  2.919530e+03  1.958755e-03
  2.843900e+03  1.399105e-03
  2.770230e+03  2.658310e-03
  2.698480e+03  2.658320e-03
  2.628580e+03  3.217960e-03
  2.560490e+03  3.637715e-03
  2.494160e+03  3.917530e-03
  2.429550e+03  5.596465e-03
  2.366620e+03  5.876295e-03
  2.305320e+03  4.337250e-03
  2.245600e+03  6.715780e-03
  2.187430e+03  8.114845e-03
  2.130770e+03  7.415335e-03
  2.075580e+03  8.674480e-03
  2.021810e+03  9.234100e-03
  1.969440e+03  1.049333e-02
  1.918430e+03  1.441085e-02
  1.868730e+03  1.315175e-02
  1.820330e+03  1.455080e-02
  1.773170e+03  1.594990e-02
  1.727240e+03  1.594990e-02
  1.682500e+03  2.056705e-02
  1.638920e+03  2.126660e-02
  1.596470e+03  2.406485e-02
  1.555110e+03  2.336525e-02
  1.514830e+03  3.148030e-02
  1.475590e+03  3.413845e-02
  1.437370e+03  3.413850e-02
  1.400140e+03  3.819595e-02
  1.363870e+03  4.309290e-02
  1.328540e+03  4.197355e-02
  1.294120e+03  5.316640e-02
  1.260600e+03  6.128135e-02
  1.227950e+03  5.960230e-02
  1.196140e+03  7.107520e-02
  1.165160e+03  8.156800e-02
  1.134980e+03  8.366715e-02
  1.105580e+03  9.220090e-02
  1.076940e+03  1.001775e-01
  1.049040e+03  1.092705e-01
  1.021870e+03  1.248010e-01
  9.953980e+02  1.358540e-01
  9.696140e+02  1.509645e-01
  9.444970e+02  1.761490e-01
  9.200320e+02  1.957370e-01
  8.962000e+02  2.230190e-01
  8.729850e+02  2.451255e-01
  8.503720e+02  2.736680e-01
  8.283450e+02  3.155005e-01
  8.068880e+02  3.515990e-01
  7.859870e+02  3.753820e-01
  7.656270e+02  4.347055e-01
  7.457950e+02  4.671660e-01
  7.264760e+02  5.318055e-01
  7.076580e+02  5.912670e-01
  6.893270e+02  6.546465e-01
  6.714710e+02  7.357965e-01
  6.540780e+02  8.390515e-01
  6.371350e+02  9.190830e-01
  6.206310e+02  1.047935e+00
  6.045550e+02  1.176660e+00
  5.888950e+02  1.289700e+00
  5.736410e+02  1.415215e+00
  5.587810e+02  1.583520e+00
  5.443070e+02  1.771705e+00
  5.302080e+02  1.964915e+00
  5.164740e+02  2.190455e+00
  5.030950e+02  2.378630e+00
  4.900630e+02  2.670630e+00
  4.773690e+02  2.941510e+00
  4.650040e+02  3.263305e+00
  4.529580e+02  3.575025e+00
  4.412250e+02  3.950405e+00
  4.297960e+02  4.400370e+00
  4.186630e+02  4.759385e+00
  4.078180e+02  5.264610e+00
  3.972540e+02  5.872100e+00
  3.869640e+02  6.412440e+00
  3.769400e+02  7.109200e+00
  3.671770e+02  7.716825e+00
  3.576650e+02  8.511545e+00
  3.484010e+02  9.360245e+00
  3.393760e+02  1.012680e+01
  3.305850e+02  1.111390e+01
  3.220220e+02  1.211010e+01
  3.136800e+02  1.314895e+01
  3.055550e+02  1.416665e+01
  2.976400e+02  1.550650e+01
  2.899300e+02  1.672935e+01
  2.824200e+02  1.833470e+01
  2.751040e+02  1.989825e+01
  2.679780e+02  2.149845e+01
  2.610370e+02  2.323460e+01
  2.542750e+02  2.506970e+01
  2.476890e+02  2.715780e+01
  2.412730e+02  2.931460e+01
  2.350230e+02  3.177790e+01
  2.289350e+02  3.425755e+01
  2.230050e+02  3.690470e+01
  2.172280e+02  3.966785e+01
  2.116010e+02  4.219865e+01
  2.061200e+02  4.513145e+01
  2.007810e+02  4.819410e+01
  1.955800e+02  5.180855e+01
  1.905140e+02  5.561800e+01
  1.855790e+02  5.974195e+01
  1.807720e+02  6.394555e+01
  1.760890e+02  6.797665e+01
  1.715280e+02  7.214495e+01
  1.670850e+02  7.619714e+01
  1.627570e+02  8.026675e+01
  1.585410e+02  8.425770e+01
  1.544340e+02  8.839395e+01
  1.504340e+02  9.242755e+01
  1.465370e+02  9.657535e+01
  1.427410e+02  1.007425e+02
  1.390440e+02  1.045425e+02
  1.354420e+02  1.085110e+02
  1.319340e+02  1.121130e+02
  1.285160e+02  1.157700e+02
  1.251870e+02  1.192950e+02
  1.219440e+02  1.227175e+02
  1.187850e+02  1.260725e+02
  1.157090e+02  1.294755e+02
  1.127110e+02  1.325785e+02
  1.097920e+02  1.359810e+02
  1.069480e+02  1.386350e+02
  1.041770e+02  1.415875e+02
  1.014790e+02  1.443150e+02
  9.885030e+01  1.466085e+02
  9.628970e+01  1.484950e+02
  9.379550e+01  1.498820e+02
  9.136590e+01  1.515780e+02
  8.899920e+01  1.520640e+02
  8.669380e+01  1.526110e+02
  8.444820e+01  1.522845e+02
  8.226070e+01  1.516645e+02
  8.012980e+01  1.504390e+02
  7.805420e+01  1.487600e+02
  7.603240e+01  1.462130e+02
  7.406290e+01  1.425700e+02
  7.214440e+01  1.384315e+02
  7.027560e+01  1.340750e+02
  6.845520e+01  1.278530e+02
  6.668200e+01  1.217340e+02
  6.495470e+01  1.149500e+02
  6.327220e+01  1.084675e+02
  6.163320e+01  1.017085e+02
  6.003670e+01  9.512230e+01
  5.848160e+01  8.891065e+01
  5.696670e+01  8.303391e+01
  5.549110e+01  7.723495e+01
  5.405370e+01  6.986330e+01
  5.265350e+01  6.220190e+01
  5.128960e+01  5.503335e+01
  4.996100e+01  4.815580e+01
  4.866690e+01  4.065970e+01
  4.740620e+01  3.386400e+01
  4.617830e+01  2.778640e+01
  4.498210e+01  2.280375e+01
  4.381690e+01  2.009290e+01
  4.268190e+01  1.776000e+01
  4.157630e+01  1.553015e+01
  4.049930e+01  1.367505e+01
  3.945030e+01  1.217585e+01
  3.842840e+01  1.105505e+01
  3.743290e+01  1.002571e+01
  3.646330e+01  9.082245e+00
  3.551880e+01  8.214360e+00
  3.459870e+01  7.329985e+00
  3.370250e+01  6.404190e+00
  3.282950e+01  5.517140e+00
  3.197910e+01  4.799950e+00
  3.115070e+01  4.100965e+00
  3.034380e+01  3.506600e+00
  2.955780e+01  2.979570e+00
  2.879220e+01  2.441190e+00
  2.804640e+01  2.032350e+00
  2.731990e+01  1.627595e+00
  2.661220e+01  1.290830e+00
  2.592290e+01  1.032830e+00
  2.525140e+01  7.896630e-01
  2.459730e+01  6.160315e-01
  2.396010e+01  4.555520e-01
  2.333950e+01  3.384470e-01
  2.273490e+01  2.416275e-01
  2.214600e+01  1.548820e-01
  2.157230e+01  1.094105e-01
  2.101350e+01  7.303394e-02
  2.046920e+01  4.743005e-02
  1.993900e+01  2.728275e-02
  1.942250e+01  1.650955e-02
  1.891940e+01  9.933755e-03
  1.842930e+01  8.534600e-03
  1.795200e+01  8.674551e-03
  1.748690e+01  8.114856e-03
  1.703400e+01  8.814421e-03
  1.659270e+01  1.161265e-02
  1.616290e+01  1.692940e-02
  1.574430e+01  1.846835e-02
  1.533640e+01  1.846830e-02
  1.493920e+01  2.826225e-02
  1.455220e+01  2.518415e-02
  1.417520e+01  1.874815e-02
  1.380800e+01  9.374030e-03
  1.345040e+01  4.337245e-03
  1.310200e+01  1.259200e-03
  1.276260e+01  2.798200e-04
  1.243200e+01  0.000000e+00
  1.211000e+01  1.399100e-04
  1.179630e+01  0.000000e+00
  1.149070e+01  0.000000e+00
  1.119310e+01  0.000000e+00
  1.090310e+01  0.000000e+00
  1.062070e+01  1.399100e-04
  1.034560e+01  0.000000e+00
  1.007760e+01  0.000000e+00
  9.816600e+00  0.000000e+00
  9.562300e+00  0.000000e+00
  9.314600e+00  0.000000e+00
  9.073300e+00  0.000000e+00
  8.838300e+00  0.000000e+00
  8.609300e+00  2.798200e-04
  8.386300e+00  1.399100e-04
  8.169100e+00  1.399100e-04
  7.957500e+00  1.399100e-04
  7.751400e+00  6.995550e-04
  7.550600e+00  1.958750e-03
  7.355000e+00  1.399105e-03
  7.164500e+00  1.399100e-03
  6.978900e+00  1.259195e-03
  6.798100e+00  9.793700e-04
  6.622000e+00  9.793700e-04
  6.450500e+00  5.596400e-04
  6.283400e+00  1.259195e-03
  6.120600e+00  9.793700e-04
  5.962100e+00  1.119280e-03
  5.807600e+00  6.995500e-04
  5.657200e+00  1.399105e-03
  5.510700e+00  4.197300e-04
  5.367900e+00  5.596400e-04
  5.228900e+00  9.793800e-04
  5.093400e+00  6.995500e-04
  4.961500e+00  8.394600e-04
  4.833000e+00  9.793700e-04
  4.707800e+00  2.798200e-04
  4.585800e+00  1.399100e-04
  4.467100e+00  5.596450e-04
  4.351300e+00  2.798200e-04
  4.238600e+00  8.394650e-04
  4.128800e+00  8.394700e-04
  4.021900e+00  2.658315e-03
  3.917700e+00  8.394600e-04
  3.816200e+00  4.197300e-04
  3.717400e+00  9.793750e-04
  3.621100e+00  6.995500e-04
  3.527300e+00  2.798200e-04
  3.435900e+00  4.197300e-04
  3.346900e+00  2.798200e-04
  3.260200e+00  2.798200e-04
  3.175800e+00  4.197300e-04
  3.093500e+00  4.197300e-04
  3.013400e+00  2.798200e-04
  2.935300e+00  0.000000e+00
  2.859300e+00  2.798200e-04
  2.785200e+00  1.399100e-04
  2.713100e+00  1.399100e-04
  2.642800e+00  4.197300e-04
  2.574300e+00  6.995600e-04
  2.507600e+00  5.596400e-04
  2.442700e+00  4.197300e-04
  2.379400e+00  5.596400e-04
  2.317800e+00  1.399100e-04
  2.257700e+00  0.000000e+00
  2.199300e+00  5.596400e-04
  2.142300e+00  2.798200e-04
  2.086800e+00  1.399100e-04
  2.032700e+00  4.197300e-04
  1.980100e+00  4.197350e-04
  1.928800e+00  1.399100e-04
  1.878800e+00  1.399100e-04
  1.830200e+00  1.399100e-04
  1.782800e+00  1.399100e-04
  1.736600e+00  1.399100e-04
  1.691600e+00  1.399100e-04
  1.647800e+00  1.399100e-04
  1.605100e+00  1.399100e-04
  1.563500e+00  1.399100e-04
  1.523000e+00  0.000000e+00
  1.483600e+00  1.399100e-04
  1.445100e+00  2.798200e-04
  1.407700e+00  1.399100e-04
  1.371200e+00  1.399100e-04
  1.335700e+00  1.399100e-04
  1.301100e+00  1.399100e-04
  1.267400e+00  2.798200e-04
  1.234600e+00  2.798200e-04
  1.202600e+00  1.399100e-04
  1.171500e+00  2.798200e-04
  1.141100e+00  0.000000e+00
  1.111600e+00  0.000000e+00
  1.082800e+00  0.000000e+00
  1.054700e+00  0.000000e+00
  1.027400e+00  0.000000e+00
  1.000800e+00  0.000000e+00
  9.749000e-01  1.399100e-04
  9.496000e-01  0.000000e+00
  9.250000e-01  1.399100e-04
  9.010000e-01  1.399100e-04
  8.777000e-01  1.399100e-04
  8.550000e-01  1.399100e-04
  8.328000e-01  0.000000e+00
  8.113000e-01  2.798200e-04
  7.902000e-01  0.000000e+00
  7.698000e-01  1.399100e-04
  7.498000e-01  0.000000e+00
  7.304000e-01  1.399100e-04
  7.115000e-01  0.000000e+00
  6.931000e-01  4.197350e-04
  6.751000e-01  2.798200e-04
  6.576000e-01  2.798200e-04
  6.406000e-01  4.197300e-04
  6.240000e-01  1.399100e-04
  6.078000e-01  0.000000e+00
  5.921000e-01  0.000000e+00
  5.767000e-01  0.000000e+00
  5.618000e-01  0.000000e+00
  5.472000e-01  0.000000e+00
  5.331000e-01  0.000000e+00
  5.193000e-01  0.000000e+00
  5.058000e-01  2.798200e-04
  4.927000e-01  4.197300e-04
  4.799000e-01  1.399100e-04
  4.675000e-01  1.399100e-04
  4.554000e-01  1.399100e-04
  4.436000e-01  0.000000e+00
  4.321000e-01  0.000000e+00
  4.209000e-01  0.000000e+00
  4.100000e-01  0.000000e+00
  3.994000e-01  0.000000e+00
  3.891000e-01  0.000000e+00
  3.790000e-01  0.000000e+00
  3.692000e-01  1.399100e-04
  3.596000e-01  0.000000e+00
  3.503000e-01  2.798200e-04
  3.412000e-01  0.000000e+00
  3.324000e-01  1.399100e-04
  3.238000e-01  0.000000e+00
  3.154000e-01  0.000000e+00
  3.072000e-01  0.000000e+00
  2.992000e-01  1.399100e-04
  2.915000e-01  0.000000e+00
  2.839000e-01  2.798200e-04
  2.766000e-01  0.000000e+00
  2.694000e-01  0.000000e+00
  2.624000e-01  0.000000e+00
  2.556000e-01  1.399100e-04
  2.490000e-01  0.000000e+00
  2.426000e-01  0.000000e+00
  2.363000e-01  0.000000e+00
  2.302000e-01  0.000000e+00
  2.242000e-01  0.000000e+00
  2.184000e-01  0.000000e+00
  2.127000e-01  0.000000e+00
  2.072000e-01  0.000000e+00
  2.019000e-01  0.000000e+00
  1.966000e-01  0.000000e+00
  1.915000e-01  0.000000e+00
  1.866000e-01  0.000000e+00
  1.817000e-01  0.000000e+00
  1.770000e-01  0.000000e+00
  1.725000e-01  0.000000e+00
  1.680000e-01  0.000000e+00
  1.636000e-01  1.399100e-04
  1.594000e-01  0.000000e+00
  1.553000e-01  0.000000e+00
  1.512000e-01  0.000000e+00
  1.473000e-01  0.000000e+00
  1.435000e-01  0.000000e+00
  1.398000e-01  0.000000e+00
  1.362000e-01  0.000000e+00
  1.326000e-01  0.000000e+00
  1.292000e-01  0.000000e+00
  1.259000e-01  0.000000e+00
  1.226000e-01  0.000000e+00
  1.194000e-01  0.000000e+00
  1.163000e-01  0.000000e+00
  1.133000e-01  0.000000e+00
  1.104000e-01  0.000000e+00
  1.075000e-01  0.000000e+00
  1.047000e-01  0.000000e+00
  1.020000e-01  0.000000e+00
  9.940000e-02  0.000000e+00
  9.680000e-02  0.000000e+00
  9.430000e-02  0.000000e+00
  9.190000e-02  0.000000e+00
  8.950000e-02  0.000000e+00
  8.720000e-02  0.000000e+00
  8.490000e-02  0.000000e+00
  8.270000e-02  0.000000e+00
  8.060000e-02  0.000000e+00
  7.850000e-02  0.000000e+00
  7.640000e-02  0.000000e+00
  7.450000e-02  0.000000e+00
  7.250000e-02  0.000000e+00
  7.070000e-02  0.000000e+00
  6.880000e-02  0.000000e+00
  6.700000e-02  0.000000e+00
  6.530000e-02  0.000000e+00
  6.360000e-02  0.000000e+00
  6.200000e-02  0.000000e+00
  6.040000e-02  0.000000e+00
  5.880000e-02  0.000000e+00
  5.730000e-02  0.000000e+00
  5.580000e-02  0.000000e+00
  5.430000e-02  0.000000e+00
  5.290000e-02  0.000000e+00
  5.160000e-02  0.000000e+00
  5.020000e-02  0.000000e+00
  4.890000e-02  0.000000e+00
  4.770000e-02  0.000000e+00
  4.640000e-02  0.000000e+00
  4.520000e-02  0.000000e+00
  4.410000e-02  0.000000e+00
  4.290000e-02  0.000000e+00
  4.180000e-02  0.000000e+00
  4.070000e-02  0.000000e+00
  3.970000e-02  0.000000e+00
  3.860000e-02  0.000000e+00
  3.760000e-02  0.000000e+00
  3.670000e-02  0.000000e+00
  3.570000e-02  0.000000e+00
  3.480000e-02  0.000000e+00
  3.390000e-02  0.000000e+00
  3.300000e-02  0.000000e+00
  3.220000e-02  0.000000e+00
  3.130000e-02  0.000000e+00
  3.050000e-02  0.000000e+00
  2.970000e-02  0.000000e+00
  2.890000e-02  0.000000e+00
  2.820000e-02  0.000000e+00
  2.750000e-02  0.000000e+00
  2.680000e-02  0.000000e+00
  2.610000e-02  0.000000e+00
  2.540000e-02  0.000000e+00
  2.470000e-02  0.000000e+00
  2.410000e-02  0.000000e+00
  2.350000e-02  0.000000e+00
  2.290000e-02  0.000000e+00
  2.230000e-02  0.000000e+00
  2.170000e-02  0.000000e+00
  2.110000e-02  0.000000e+00
  2.060000e-02  0.000000e+00
  2.000000e-02  0.000000e+00
  1.950000e-02  0.000000e+00
  1.900000e-02  0.000000e+00
  1.850000e-02  0.000000e+00
  1.800000e-02  0.000000e+00
  1.760000e-02  0.000000e+00
  1.710000e-02  0.000000e+00
  1.670000e-02  0.000000e+00
  1.630000e-02  0.000000e+00
  1.580000e-02  0.000000e+00
  1.540000e-02  0.000000e+00
  1.500000e-02  0.000000e+00
  1.460000e-02  0.000000e+00
  1.430000e-02  0.000000e+00
  1.390000e-02  0.000000e+00
  1.350000e-02  0.000000e+00
  1.320000e-02  0.000000e+00
  1.280000e-02  0.000000e+00
  1.250000e-02  0.000000e+00
  1.220000e-02  0.000000e+00
  1.190000e-02  0.000000e+00
  1.160000e-02  0.000000e+00
  1.130000e-02  0.000000e+00
  1.100000e-02  0.000000e+00
  1.070000e-02  0.000000e+00
  1.040000e-02  0.000000e+00
  1.010000e-02  1.259200e-03
