  4.934820e+03  0.000000e+00
  4.806990e+03  0.000000e+00
  4.682470e+03  0.000000e+00
  4.561180e+03  0.000000e+00
  4.443030e+03  0.000000e+00
  4.327940e+03  0.000000e+00
  4.215830e+03  0.000000e+00
  4.106630e+03  1.883350e-02
  4.000250e+03  1.883350e-02
  3.896630e+03  0.000000e+00
  3.795700e+03  3.766700e-02
  3.697380e+03  0.000000e+00
  3.601600e+03  0.000000e+00
  3.508310e+03  1.883350e-02
  3.417430e+03  0.000000e+00
  3.328910e+03  3.766700e-02
  3.242680e+03  0.000000e+00
  3.158680e+03  1.883350e-02
  3.076860e+03  1.883350e-02
  2.997160e+03  1.883350e-02
  2.919530e+03  1.883350e-02
  2.843900e+03  0.000000e+00
  2.770230e+03  0.000000e+00
  2.698480e+03  0.000000e+00
  2.628580e+03  0.000000e+00
  2.560490e+03  0.000000e+00
  2.494160e+03  5.650050e-02
  2.429550e+03  3.766700e-02
  2.366620e+03  3.766700e-02
  2.305320e+03  1.883350e-02
  2.245600e+03  0.000000e+00
  2.187430e+03  5.650050e-02
  2.130770e+03  3.766700e-02
  2.075580e+03  5.650050e-02
  2.021810e+03  5.650050e-02
  1.969440e+03  0.000000e+00
  1.918430e+03  7.533400e-02
  1.868730e+03  1.130010e-01
  1.820330e+03  0.000000e+00
  1.773170e+03  9.416750e-02
  1.727240e+03  3.766700e-02
  1.682500e+03  5.650050e-02
  1.638920e+03  0.000000e+00
  1.596470e+03  3.766700e-02
  1.555110e+03  3.766700e-02
  1.514830e+03  2.071695e-01
  1.475590e+03  9.416750e-02
  1.437370e+03  7.533400e-02
  1.400140e+03  7.533400e-02
  1.363870e+03  2.071700e-01
  1.328540e+03  1.695020e-01
  1.294120e+03  1.883350e-01
  1.260600e+03  2.260035e-01
  1.227950e+03  2.071690e-01
  1.196140e+03  2.825050e-01
  1.165160e+03  2.260025e-01
  1.134980e+03  2.260035e-01
  1.105580e+03  1.883355e-01
  1.076940e+03  2.825040e-01
  1.049040e+03  3.955065e-01
  1.021870e+03  2.636705e-01
  9.953980e+02  3.766710e-01
  9.696140e+02  2.825035e-01
  9.444970e+02  4.331730e-01
  9.200320e+02  5.085045e-01
  8.962000e+02  4.143380e-01
  8.729850e+02  5.838405e-01
  8.503720e+02  6.780075e-01
  8.283450e+02  7.345120e-01
  8.068880e+02  6.026735e-01
  7.859870e+02  6.215080e-01
  7.656270e+02  7.910070e-01
  7.457950e+02  7.345110e-01
  7.264760e+02  1.054685e+00
  7.076580e+02  9.793495e-01
  6.893270e+02  1.017015e+00
  6.714710e+02  8.286780e-01
  6.540780e+02  1.619690e+00
  6.371350e+02  1.393695e+00
  6.206310e+02  1.695020e+00
  6.045550e+02  1.525520e+00
  5.888950e+02  1.638535e+00
  5.736410e+02  2.448385e+00
  5.587810e+02  1.977530e+00
  5.443070e+02  2.034040e+00
  5.302080e+02  2.241215e+00
  5.164740e+02  2.523715e+00
  5.030950e+02  2.448385e+00
  4.900630e+02  3.107560e+00
  4.773690e+02  3.126385e+00
  4.650040e+02  3.277065e+00
  4.529580e+02  3.201730e+00
  4.412250e+02  4.218750e+00
  4.297960e+02  4.294095e+00
  4.186630e+02  4.557770e+00
  4.078180e+02  4.877930e+00
  3.972540e+02  5.160435e+00
  3.869640e+02  5.555940e+00
  3.769400e+02  5.744265e+00
  3.671770e+02  6.968460e+00
  3.576650e+02  7.043795e+00
  3.484010e+02  8.230320e+00
  3.393760e+02  8.267965e+00
  3.305850e+02  8.833040e+00
  3.220220e+02  9.699390e+00
  3.136800e+02  9.906560e+00
  3.055550e+02  1.077285e+01
  2.976400e+02  1.254325e+01
  2.899300e+02  1.329665e+01
  2.824200e+02  1.431360e+01
  2.751040e+02  1.482215e+01
  2.679780e+02  1.574505e+01
  2.610370e+02  1.770370e+01
  2.542750e+02  1.904080e+01
  2.476890e+02  2.115020e+01
  2.412730e+02  2.329730e+01
  2.350230e+02  2.342900e+01
  2.289350e+02  2.391880e+01
  2.230050e+02  2.655540e+01
  2.172280e+02  2.951245e+01
  2.116010e+02  3.071770e+01
  2.061200e+02  3.228095e+01
  2.007810e+02  3.529430e+01
  1.955800e+02  3.860890e+01
  1.905140e+02  4.205545e+01
  1.855790e+02  4.595420e+01
  1.807720e+02  4.889230e+01
  1.760890e+02  5.194330e+01
  1.715280e+02  5.780055e+01
  1.670850e+02  6.051255e+01
  1.627570e+02  6.156725e+01
  1.585410e+02  7.085229e+01
  1.544340e+02  7.365860e+01
  1.504340e+02  7.810325e+01
  1.465370e+02  8.126720e+01
  1.427410e+02  8.684210e+01
  1.390440e+02  9.081595e+01
  1.354420e+02  9.705085e+01
  1.319340e+02  1.023445e+02
  1.285160e+02  1.089920e+02
  1.251870e+02  1.134165e+02
  1.219440e+02  1.185210e+02
  1.187850e+02  1.269215e+02
  1.157090e+02  1.340215e+02
  1.127110e+02  1.355095e+02
  1.097920e+02  1.446620e+02
  1.069480e+02  1.508200e+02
  1.041770e+02  1.592215e+02
  1.014790e+02  1.665650e+02
  9.885030e+01  1.734590e+02
  9.628970e+01  1.829305e+02
  9.379550e+01  1.934970e+02
  9.136590e+01  2.037420e+02
  8.899920e+01  2.098260e+02
  8.669380e+01  2.178680e+02
  8.444820e+01  2.305420e+02
  8.226070e+01  2.386975e+02
  8.012980e+01  2.510705e+02
  7.805420e+01  2.622770e+02
  7.603240e+01  2.719585e+02
  7.406290e+01  2.844270e+02
  7.214440e+01  2.907745e+02
  7.027560e+01  3.094390e+02
  6.845520e+01  3.250700e+02
  6.668200e+01  3.359930e+02
  6.495470e+01  3.504195e+02
  6.327220e+01  3.557680e+02
  6.163320e+01  3.679905e+02
  6.003670e+01  3.774275e+02
  5.848160e+01  3.852240e+02
  5.696670e+01  3.912880e+02
  5.549110e+01  3.947910e+02
  5.405370e+01  4.098395e+02
  5.265350e+01  4.144335e+02
  5.128960e+01  4.316485e+02
  4.996100e+01  4.386360e+02
  4.866690e+01  4.614070e+02
  4.740620e+01  4.700330e+02
  4.617830e+01  4.747405e+02
  4.498210e+01  4.915980e+02
  4.381690e+01  4.958720e+02
  4.268190e+01  4.981710e+02
  4.157630e+01  5.007120e+02
  4.049930e+01  4.938580e+02
  3.945030e+01  4.907125e+02
  3.842840e+01  4.947615e+02
  3.743290e+01  4.800535e+02
  3.646330e+01  4.812395e+02
  3.551880e+01  4.763045e+02
  3.459870e+01  4.732715e+02
  3.370250e+01  4.693740e+02
  3.282950e+01  4.699205e+02
  3.197910e+01  4.688095e+02
  3.115070e+01  4.634220e+02
  3.034380e+01  4.710890e+02
  2.955780e+01  4.688845e+02
  2.879220e+01  4.709745e+02
  2.804640e+01  4.660780e+02
  2.731990e+01  4.677920e+02
  2.661220e+01  4.760400e+02
  2.592290e+01  4.806740e+02
  2.525140e+01  4.832735e+02
  2.459730e+01  4.865875e+02
  2.396010e+01  4.927475e+02
  2.333950e+01  5.046120e+02
  2.273490e+01  5.118815e+02
  2.214600e+01  5.170800e+02
  2.157230e+01  5.271750e+02
  2.101350e+01  5.359125e+02
  2.046920e+01  5.515630e+02
  1.993900e+01  5.658580e+02
  1.942250e+01  5.787025e+02
  1.891940e+01  5.854635e+02
  1.842930e+01  5.956525e+02
  1.795200e+01  6.013199e+02
  1.748690e+01  6.077990e+02
  1.703400e+01  6.116225e+02
  1.659270e+01  6.188185e+02
  1.616290e+01  6.160680e+02
  1.574430e+01  6.252030e+02
  1.533640e+01  6.282920e+02
  1.493920e+01  6.350535e+02
  1.455220e+01  6.414375e+02
  1.417520e+01  6.565995e+02
  1.380800e+01  6.796145e+02
  1.345040e+01  6.933815e+02
  1.310200e+01  7.273000e+02
  1.276260e+01  7.611425e+02
  1.243200e+01  8.035390e+02
  1.211000e+01  8.471595e+02
  1.179630e+01  8.895890e+02
  1.149070e+01  9.324365e+02
  1.119310e+01  9.885425e+02
  1.090310e+01  1.055615e+03
  1.062070e+01  1.116765e+03
  1.034560e+01  1.179470e+03
  1.007760e+01  1.248310e+03
  9.816600e+00  1.304975e+03
  9.562300e+00  1.351435e+03
  9.314600e+00  1.356905e+03
  9.073300e+00  1.340930e+03
  8.838300e+00  1.286360e+03
  8.609300e+00  1.226075e+03
  8.386300e+00  1.163115e+03
  8.169100e+00  1.102325e+03
  7.957500e+00  1.044315e+03
  7.751400e+00  1.004605e+03
  7.550600e+00  9.670525e+02
  7.355000e+00  9.720780e+02
  7.164500e+00  9.725145e+02
  6.978900e+00  9.725510e+02
  6.798100e+00  9.848710e+02
  6.622000e+00  9.982230e+02
  6.450500e+00  1.011115e+03
  6.283400e+00  1.034940e+03
  6.120600e+00  1.046570e+03
  5.962100e+00  1.055450e+03
  5.807600e+00  1.073985e+03
  5.657200e+00  1.084800e+03
  5.510700e+00  1.102160e+03
  5.367900e+00  1.150770e+03
  5.228900e+00  1.168465e+03
  5.093400e+00  1.158125e+03
  4.961500e+00  1.178355e+03
  4.833000e+00  1.295095e+03
  4.707800e+00  1.471350e+03
  4.585800e+00  1.319215e+03
  4.467100e+00  1.301465e+03
  4.351300e+00  1.349165e+03
  4.238600e+00  1.413575e+03
  4.128800e+00  1.452650e+03
  4.021900e+00  2.600590e+03
  3.917700e+00  1.868695e+03
  3.816200e+00  1.347020e+03
  3.717400e+00  1.335480e+03
  3.621100e+00  1.360735e+03
  3.527300e+00  1.373920e+03
  3.435900e+00  1.398785e+03
  3.346900e+00  1.391055e+03
  3.260200e+00  1.439065e+03
  3.175800e+00  1.492105e+03
  3.093500e+00  1.483380e+03
  3.013400e+00  1.511400e+03
  2.935300e+00  1.541430e+03
  2.859300e+00  1.549670e+03
  2.785200e+00  1.584630e+03
  2.713100e+00  1.591300e+03
  2.642800e+00  1.587260e+03
  2.574300e+00  1.663920e+03
  2.507600e+00  1.632690e+03
  2.442700e+00  1.682330e+03
  2.379400e+00  1.713760e+03
  2.317800e+00  1.668980e+03
  2.257700e+00  1.607115e+03
  2.199300e+00  1.834895e+03
  2.142300e+00  1.612635e+03
  2.086800e+00  1.597430e+03
  2.032700e+00  1.769235e+03
  1.980100e+00  2.705395e+03
  1.928800e+00  1.753790e+03
  1.878800e+00  1.442305e+03
  1.830200e+00  2.380625e+03
  1.782800e+00  6.411360e+03
  1.736600e+00  2.861110e+03
  1.691600e+00  1.690275e+03
  1.647800e+00  1.471305e+03
  1.605100e+00  1.417815e+03
  1.563500e+00  1.384230e+03
  1.523000e+00  1.382755e+03
  1.483600e+00  1.379015e+03
  1.445100e+00  1.318360e+03
  1.407700e+00  1.267995e+03
  1.371200e+00  1.194615e+03
  1.335700e+00  1.249030e+03
  1.301100e+00  1.103780e+03
  1.267400e+00  8.978965e+02
  1.234600e+00  1.069470e+03
  1.202600e+00  1.233475e+03
  1.171500e+00  1.126745e+03
  1.141100e+00  1.445020e+03
  1.111600e+00  1.005420e+03
  1.082800e+00  9.378600e+02
  1.054700e+00  1.291345e+03
  1.027400e+00  1.066705e+03
  1.000800e+00  9.540575e+02
  9.749000e-01  1.093360e+03
  9.496000e-01  1.047200e+03
  9.250000e-01  1.086990e+03
  9.010000e-01  1.122330e+03
  8.777000e-01  1.203660e+03
  8.550000e-01  1.333745e+03
  8.328000e-01  1.265670e+03
  8.113000e-01  1.416420e+03
  7.902000e-01  1.431000e+03
  7.698000e-01  1.407585e+03
  7.498000e-01  1.594760e+03
  7.304000e-01  1.565820e+03
  7.115000e-01  1.601030e+03
  6.931000e-01  2.949585e+03
  6.751000e-01  2.081880e+04
  6.576000e-01  2.539540e+04
  6.406000e-01  5.160980e+04
  6.240000e-01  1.025075e+04
  6.078000e-01  2.290525e+03
  5.921000e-01  2.194910e+03
  5.767000e-01  2.225185e+03
  5.618000e-01  2.329820e+03
  5.472000e-01  2.299515e+03
  5.331000e-01  2.667630e+03
  5.193000e-01  2.694785e+03
  5.058000e-01  3.015370e+03
  4.927000e-01  4.449695e+03
  4.799000e-01  4.890430e+03
  4.675000e-01  3.516645e+03
  4.554000e-01  3.043415e+03
  4.436000e-01  4.714160e+03
  4.321000e-01  4.493170e+03
  4.209000e-01  4.390470e+03
  4.100000e-01  3.735175e+03
  3.994000e-01  6.937040e+03
  3.891000e-01  1.676245e+04
  3.790000e-01  1.328485e+04
  3.692000e-01  3.741045e+03
  3.596000e-01  3.378745e+03
  3.503000e-01  3.472915e+03
  3.412000e-01  3.629870e+03
  3.324000e-01  3.957215e+03
  3.238000e-01  4.024605e+03
  3.154000e-01  3.873265e+03
  3.072000e-01  4.334170e+03
  2.992000e-01  5.553875e+03
  2.915000e-01  6.661315e+03
  2.839000e-01  7.137815e+03
  2.766000e-01  3.999275e+03
  2.694000e-01  9.053370e+03
  2.624000e-01  1.269745e+04
  2.556000e-01  2.203285e+04
  2.490000e-01  1.080460e+04
  2.426000e-01  4.104165e+03
  2.363000e-01  8.032675e+03
  2.302000e-01  7.624780e+03
  2.242000e-01  6.399650e+03
  2.184000e-01  6.368070e+03
  2.127000e-01  6.574440e+03
  2.072000e-01  6.190635e+03
  2.019000e-01  6.502085e+03
  1.966000e-01  7.229410e+03
  1.915000e-01  4.368755e+03
  1.866000e-01  1.508030e+03
  1.817000e-01  1.037135e+03
  1.770000e-01  1.012480e+03
  1.725000e-01  1.629485e+03
  1.680000e-01  6.453550e+03
  1.636000e-01  8.692625e+03
  1.594000e-01  9.195645e+03
  1.553000e-01  9.502580e+03
  1.512000e-01  9.793420e+03
  1.473000e-01  9.979360e+03
  1.435000e-01  1.080590e+04
  1.398000e-01  9.234230e+03
  1.362000e-01  8.013265e+03
  1.326000e-01  6.986755e+03
  1.292000e-01  6.397510e+03
  1.259000e-01  6.504200e+03
  1.226000e-01  6.730655e+03
  1.194000e-01  7.007335e+03
  1.163000e-01  7.316960e+03
  1.133000e-01  5.255025e+03
  1.104000e-01  4.549450e+03
  1.075000e-01  5.004235e+03
  1.047000e-01  5.499460e+03
  1.020000e-01  5.659785e+03
  9.940000e-02  3.759035e+03
  9.680000e-02  2.326745e+03
  9.430000e-02  2.214125e+03
  9.190000e-02  2.420820e+03
  8.950000e-02  5.318555e+03
  8.720000e-02  5.664755e+03
  8.490000e-02  5.443315e+03
  8.270000e-02  5.260105e+03
  8.060000e-02  5.184420e+03
  7.850000e-02  5.126830e+03
  7.640000e-02  5.114885e+03
  7.450000e-02  5.092715e+03
  7.250000e-02  5.080290e+03
  7.070000e-02  4.948185e+03
  6.880000e-02  4.725365e+03
  6.700000e-02  4.530425e+03
  6.530000e-02  4.301930e+03
  6.360000e-02  4.078085e+03
  6.200000e-02  3.856760e+03
  6.040000e-02  3.618365e+03
  5.880000e-02  3.358915e+03
  5.730000e-02  3.108100e+03
  5.580000e-02  2.856515e+03
  5.430000e-02  2.614960e+03
  5.290000e-02  2.374270e+03
  5.160000e-02  2.153565e+03
  5.020000e-02  1.909995e+03
  4.890000e-02  1.672060e+03
  4.770000e-02  1.463700e+03
  4.640000e-02  1.253650e+03
  4.520000e-02  1.086855e+03
  4.410000e-02  9.352990e+02
  4.290000e-02  7.915040e+02
  4.180000e-02  6.737940e+02
  4.070000e-02  5.552540e+02
  3.970000e-02  4.596185e+02
  3.860000e-02  3.818325e+02
  3.760000e-02  3.143165e+02
  3.670000e-02  2.567575e+02
  3.570000e-02  2.085640e+02
  3.480000e-02  1.664900e+02
  3.390000e-02  1.368650e+02
  3.300000e-02  1.094250e+02
  3.220000e-02  8.912105e+01
  3.130000e-02  6.832860e+01
  3.050000e-02  5.676465e+01
  2.970000e-02  4.493705e+01
  2.890000e-02  3.672565e+01
  2.820000e-02  3.039770e+01
  2.750000e-02  2.874030e+01
  2.680000e-02  2.250615e+01
  2.610000e-02  1.981305e+01
  2.540000e-02  1.760950e+01
  2.470000e-02  1.619705e+01
  2.410000e-02  1.521770e+01
  2.350000e-02  1.533060e+01
  2.290000e-02  1.386180e+01
  2.230000e-02  1.389940e+01
  2.170000e-02  1.380520e+01
  2.110000e-02  1.265640e+01
  2.060000e-02  1.269395e+01
  2.000000e-02  1.239270e+01
  1.950000e-02  1.203480e+01
  1.900000e-02  1.269395e+01
  1.850000e-02  1.180885e+01
  1.800000e-02  1.227960e+01
  1.760000e-02  1.254330e+01
  1.710000e-02  1.220425e+01
  1.670000e-02  1.222315e+01
  1.630000e-02  1.227960e+01
  1.580000e-02  1.180885e+01
  1.540000e-02  1.175235e+01
  1.500000e-02  1.137560e+01
  1.460000e-02  1.024557e+01
  1.430000e-02  9.774685e+00
  1.390000e-02  1.005718e+01
  1.350000e-02  9.661711e+00
  1.320000e-02  9.454519e+00
  1.280000e-02  9.567545e+00
  1.250000e-02  9.190875e+00
  1.220000e-02  8.475161e+00
  1.190000e-02  7.721795e+00
  1.160000e-02  7.684140e+00
  1.130000e-02  7.250965e+00
  1.100000e-02  6.911955e+00
  1.070000e-02  6.478795e+00
  1.040000e-02  5.876125e+00
  1.010000e-02  4.642510e+01
