  4.934820e+03  0.000000e+00
  4.806990e+03  0.000000e+00
  4.682470e+03  0.000000e+00
  4.561180e+03  0.000000e+00
  4.443030e+03  0.000000e+00
  4.327940e+03  1.283700e-02
  4.215830e+03  0.000000e+00
  4.106630e+03  0.000000e+00
  4.000250e+03  0.000000e+00
  3.896630e+03  3.851100e-02
  3.795700e+03  0.000000e+00
  3.697380e+03  1.283700e-02
  3.601600e+03  0.000000e+00
  3.508310e+03  0.000000e+00
  3.417430e+03  1.283700e-02
  3.328910e+03  0.000000e+00
  3.242680e+03  1.283700e-02
  3.158680e+03  1.283700e-02
  3.076860e+03  1.283700e-02
  2.997160e+03  1.283700e-02
  2.919530e+03  1.283700e-02
  2.843900e+03  2.567400e-02
  2.770230e+03  1.283700e-02
  2.698480e+03  2.567400e-02
  2.628580e+03  0.000000e+00
  2.560490e+03  0.000000e+00
  2.494160e+03  0.000000e+00
  2.429550e+03  0.000000e+00
  2.366620e+03  2.567400e-02
  2.305320e+03  1.283700e-02
  2.245600e+03  0.000000e+00
  2.187430e+03  1.283700e-02
  2.130770e+03  2.567400e-02
  2.075580e+03  5.134800e-02
  2.021810e+03  5.134800e-02
  1.969440e+03  6.418500e-02
  1.918430e+03  3.851100e-02
  1.868730e+03  2.567400e-02
  1.820330e+03  3.851100e-02
  1.773170e+03  6.418500e-02
  1.727240e+03  6.418500e-02
  1.682500e+03  2.567400e-02
  1.638920e+03  3.851100e-02
  1.596470e+03  8.985900e-02
  1.555110e+03  8.985900e-02
  1.514830e+03  5.134800e-02
  1.475590e+03  1.412070e-01
  1.437370e+03  1.155330e-01
  1.400140e+03  1.797180e-01
  1.363870e+03  2.824130e-01
  1.328540e+03  1.540440e-01
  1.294120e+03  1.540440e-01
  1.260600e+03  2.310680e-01
  1.227950e+03  2.053910e-01
  1.196140e+03  2.182290e-01
  1.165160e+03  2.567395e-01
  1.134980e+03  3.080865e-01
  1.105580e+03  2.439050e-01
  1.076940e+03  3.722715e-01
  1.049040e+03  5.134800e-01
  1.021870e+03  4.749690e-01
  9.953980e+02  4.878055e-01
  9.696140e+02  6.033440e-01
  9.444970e+02  7.958960e-01
  9.200320e+02  6.803679e-01
  8.962000e+02  8.985960e-01
  8.729850e+02  9.627770e-01
  8.503720e+02  9.370965e-01
  8.283450e+02  1.335050e+00
  8.068880e+02  1.489090e+00
  7.859870e+02  1.450575e+00
  7.656270e+02  1.745825e+00
  7.457950e+02  2.053900e+00
  7.264760e+02  2.528870e+00
  7.076580e+02  2.721420e+00
  6.893270e+02  2.888305e+00
  6.714710e+02  3.119370e+00
  6.540780e+02  4.210505e+00
  6.371350e+02  4.544255e+00
  6.206310e+02  5.006390e+00
  6.045550e+02  6.046175e+00
  5.888950e+02  6.341415e+00
  5.736410e+02  7.047440e+00
  5.587810e+02  7.560915e+00
  5.443070e+02  9.152781e+00
  5.302080e+02  1.073160e+01
  5.164740e+02  1.133505e+01
  5.030950e+02  1.293960e+01
  4.900630e+02  1.430035e+01
  4.773690e+02  1.695750e+01
  4.650040e+02  1.847235e+01
  4.529580e+02  2.075735e+01
  4.412250e+02  2.299080e+01
  4.297960e+02  2.702180e+01
  4.186630e+02  2.992280e+01
  4.078180e+02  3.273405e+01
  3.972540e+02  3.813835e+01
  3.869640e+02  4.195095e+01
  3.769400e+02  4.843360e+01
  3.671770e+02  5.254140e+01
  3.576650e+02  6.025630e+01
  3.484010e+02  6.675175e+01
  3.393760e+02  7.696996e+01
  3.305850e+02  8.657195e+01
  3.220220e+02  9.598125e+01
  3.136800e+02  1.065715e+02
  3.055550e+02  1.202040e+02
  2.976400e+02  1.338380e+02
  2.899300e+02  1.501530e+02
  2.824200e+02  1.663015e+02
  2.751040e+02  1.867120e+02
  2.679780e+02  2.083690e+02
  2.610370e+02  2.323095e+02
  2.542750e+02  2.605375e+02
  2.476890e+02  2.888165e+02
  2.412730e+02  3.226930e+02
  2.350230e+02  3.639390e+02
  2.289350e+02  4.039375e+02
  2.230050e+02  4.491620e+02
  2.172280e+02  5.051050e+02
  2.116010e+02  5.599709e+02
  2.061200e+02  6.194820e+02
  2.007810e+02  6.884030e+02
  1.955800e+02  7.617400e+02
  1.905140e+02  8.544875e+02
  1.855790e+02  9.404675e+02
  1.807720e+02  1.046870e+03
  1.760890e+02  1.156380e+03
  1.715280e+02  1.277725e+03
  1.670850e+02  1.406710e+03
  1.627570e+02  1.536900e+03
  1.585410e+02  1.686945e+03
  1.544340e+02  1.838000e+03
  1.504340e+02  1.994810e+03
  1.465370e+02  2.169715e+03
  1.427410e+02  2.357545e+03
  1.390440e+02  2.540180e+03
  1.354420e+02  2.744815e+03
  1.319340e+02  2.951860e+03
  1.285160e+02  3.174350e+03
  1.251870e+02  3.411340e+03
  1.219440e+02  3.656870e+03
  1.187850e+02  3.895885e+03
  1.157090e+02  4.149645e+03
  1.127110e+02  4.416790e+03
  1.097920e+02  4.694940e+03
  1.069480e+02  4.980120e+03
  1.041770e+02  5.255895e+03
  1.014790e+02  5.543505e+03
  9.885030e+01  5.832855e+03
  9.628970e+01  6.113135e+03
  9.379550e+01  6.371040e+03
  9.136590e+01  6.644675e+03
  8.899920e+01  6.909180e+03
  8.669380e+01  7.139085e+03
  8.444820e+01  7.350815e+03
  8.226070e+01  7.540430e+03
  8.012980e+01  7.708600e+03
  7.805420e+01  7.839210e+03
  7.603240e+01  7.933035e+03
  7.406290e+01  8.020900e+03
  7.214440e+01  8.038155e+03
  7.027560e+01  8.048015e+03
  6.845520e+01  7.985430e+03
  6.668200e+01  7.894235e+03
  6.495470e+01  7.768480e+03
  6.327220e+01  7.650420e+03
  6.163320e+01  7.530905e+03
  6.003670e+01  7.327255e+03
  5.848160e+01  7.179540e+03
  5.696670e+01  6.998160e+03
  5.549110e+01  6.816475e+03
  5.405370e+01  6.526025e+03
  5.265350e+01  6.206600e+03
  5.128960e+01  5.899855e+03
  4.996100e+01  5.596815e+03
  4.866690e+01  5.239380e+03
  4.740620e+01  4.888365e+03
  4.617830e+01  4.533520e+03
  4.498210e+01  4.224645e+03
  4.381690e+01  3.981185e+03
  4.268190e+01  3.776445e+03
  4.157630e+01  3.536065e+03
  4.049930e+01  3.323445e+03
  3.945030e+01  3.114395e+03
  3.842840e+01  2.943410e+03
  3.743290e+01  2.753945e+03
  3.646330e+01  2.576730e+03
  3.551880e+01  2.404865e+03
  3.459870e+01  2.243880e+03
  3.370250e+01  2.056015e+03
  3.282950e+01  1.888530e+03
  3.197910e+01  1.734060e+03
  3.115070e+01  1.590775e+03
  3.034380e+01  1.452995e+03
  2.955780e+01  1.327505e+03
  2.879220e+01  1.206230e+03
  2.804640e+01  1.091540e+03
  2.731990e+01  9.864005e+02
  2.661220e+01  8.946390e+02
  2.592290e+01  8.010205e+02
  2.525140e+01  7.194820e+02
  2.459730e+01  6.425360e+02
  2.396010e+01  5.790850e+02
  2.333950e+01  5.103040e+02
  2.273490e+01  4.576480e+02
  2.214600e+01  4.040160e+02
  2.157230e+01  3.558245e+02
  2.101350e+01  3.225015e+02
  2.046920e+01  2.821930e+02
  1.993900e+01  2.515765e+02
  1.942250e+01  2.227445e+02
  1.891940e+01  1.959805e+02
  1.842930e+01  1.692925e+02
  1.795200e+01  1.474195e+02
  1.748690e+01  1.278815e+02
  1.703400e+01  1.117065e+02
  1.659270e+01  9.544244e+01
  1.616290e+01  8.006360e+01
  1.574430e+01  6.817665e+01
  1.533640e+01  6.028195e+01
  1.493920e+01  5.075705e+01
  1.455220e+01  4.462100e+01
  1.417520e+01  3.730400e+01
  1.380800e+01  2.985850e+01
  1.345040e+01  2.608455e+01
  1.310200e+01  2.172010e+01
  1.276260e+01  1.888305e+01
  1.243200e+01  1.609745e+01
  1.211000e+01  1.558395e+01
  1.179630e+01  1.320905e+01
  1.149070e+01  1.129655e+01
  1.119310e+01  9.833040e+00
  1.090310e+01  9.576336e+00
  1.062070e+01  8.549370e+00
  1.034560e+01  7.342700e+00
  1.007760e+01  7.509570e+00
  9.816600e+00  6.431280e+00
  9.562300e+00  5.160425e+00
  9.314600e+00  4.621280e+00
  9.073300e+00  3.620005e+00
  8.838300e+00  3.799720e+00
  8.609300e+00  3.337595e+00
  8.386300e+00  3.517305e+00
  8.169100e+00  3.812555e+00
  7.957500e+00  4.711135e+00
  7.751400e+00  5.981990e+00
  7.550600e+00  6.367095e+00
  7.355000e+00  7.150145e+00
  7.164500e+00  7.856165e+00
  6.978900e+00  7.817675e+00
  6.798100e+00  8.292610e+00
  6.622000e+00  8.023045e+00
  6.450500e+00  8.767640e+00
  6.283400e+00  8.318330e+00
  6.120600e+00  8.729111e+00
  5.962100e+00  8.690580e+00
  5.807600e+00  8.857410e+00
  5.657200e+00  9.602030e+00
  5.510700e+00  9.460770e+00
  5.367900e+00  9.935656e+00
  5.228900e+00  1.032090e+01
  5.093400e+00  1.044920e+01
  4.961500e+00  9.768875e+00
  4.833000e+00  1.048770e+01
  4.707800e+00  1.064175e+01
  4.585800e+00  1.003842e+01
  4.467100e+00  1.097545e+01
  4.351300e+00  1.061610e+01
  4.238600e+00  1.077010e+01
  4.128800e+00  1.042360e+01
  4.021900e+00  1.272130e+01
  3.917700e+00  1.205390e+01
  3.816200e+00  1.125800e+01
  3.717400e+00  1.105255e+01
  3.621100e+00  1.124515e+01
  3.527300e+00  1.029520e+01
  3.435900e+00  1.123220e+01
  3.346900e+00  1.064175e+01
  3.260200e+00  1.051340e+01
  3.175800e+00  9.537809e+00
  3.093500e+00  8.510830e+00
  3.013400e+00  7.458235e+00
  2.935300e+00  8.125765e+00
  2.859300e+00  8.806154e+00
  2.785200e+00  1.008983e+01
  2.713100e+00  1.164305e+01
  2.642800e+00  1.077015e+01
  2.574300e+00  1.193815e+01
  2.507600e+00  1.101415e+01
  2.442700e+00  1.110395e+01
  2.379400e+00  1.173295e+01
  2.317800e+00  1.105260e+01
  2.257700e+00  1.128370e+01
  2.199300e+00  1.128360e+01
  2.142300e+00  1.041070e+01
  2.086800e+00  1.116810e+01
  2.032700e+00  1.124515e+01
  1.980100e+00  1.091130e+01
  1.928800e+00  1.091140e+01
  1.878800e+00  9.987101e+00
  1.830200e+00  1.134785e+01
  1.782800e+00  1.066740e+01
  1.736600e+00  9.948535e+00
  1.691600e+00  1.024385e+01
  1.647800e+00  1.042365e+01
  1.605100e+00  9.935745e+00
  1.563500e+00  1.059045e+01
  1.523000e+00  9.768835e+00
  1.483600e+00  9.987225e+00
  1.445100e+00  1.006415e+01
  1.407700e+00  1.044920e+01
  1.371200e+00  1.048785e+01
  1.335700e+00  1.033375e+01
  1.301100e+00  1.025660e+01
  1.267400e+00  9.499310e+00
  1.234600e+00  1.065450e+01
  1.202600e+00  1.150190e+01
  1.171500e+00  1.183560e+01
  1.141100e+00  1.145045e+01
  1.111600e+00  1.151480e+01
  1.082800e+00  1.154025e+01
  1.054700e+00  1.346600e+01
  1.027400e+00  1.279830e+01
  1.000800e+00  1.323485e+01
  9.749000e-01  1.406930e+01
  9.496000e-01  1.525015e+01
  9.250000e-01  1.681625e+01
  9.010000e-01  1.648255e+01
  8.777000e-01  1.797160e+01
  8.550000e-01  2.121930e+01
  8.328000e-01  2.056460e+01
  8.113000e-01  2.211790e+01
  7.902000e-01  2.404355e+01
  7.698000e-01  2.308075e+01
  7.498000e-01  2.659800e+01
  7.304000e-01  2.727845e+01
  7.115000e-01  2.767625e+01
  6.931000e-01  3.050035e+01
  6.751000e-01  4.205355e+01
  6.576000e-01  5.689290e+01
  6.406000e-01  5.288795e+01
  6.240000e-01  3.784305e+01
  6.078000e-01  4.392780e+01
  5.921000e-01  4.177115e+01
  5.767000e-01  3.717555e+01
  5.618000e-01  3.863895e+01
  5.472000e-01  4.166850e+01
  5.331000e-01  4.908825e+01
  5.193000e-01  5.739360e+01
  5.058000e-01  7.694430e+01
  4.927000e-01  4.974290e+01
  4.799000e-01  4.137335e+01
  4.675000e-01  3.990990e+01
  4.554000e-01  4.401765e+01
  4.436000e-01  4.623840e+01
  4.321000e-01  4.332450e+01
  4.209000e-01  4.354260e+01
  4.100000e-01  4.270825e+01
  3.994000e-01  6.259265e+01
  3.891000e-01  4.906245e+01
  3.790000e-01  4.965305e+01
  3.692000e-01  4.586615e+01
  3.596000e-01  4.404335e+01
  3.503000e-01  4.169410e+01
  3.412000e-01  3.836945e+01
  3.324000e-01  3.612295e+01
  3.238000e-01  3.319610e+01
  3.154000e-01  3.210500e+01
  3.072000e-01  3.124495e+01
  2.992000e-01  3.532710e+01
  2.915000e-01  3.706000e+01
  2.839000e-01  3.456970e+01
  2.766000e-01  3.168140e+01
  2.694000e-01  2.956335e+01
  2.624000e-01  2.698315e+01
  2.556000e-01  2.499335e+01
  2.490000e-01  2.242605e+01
  2.426000e-01  1.911415e+01
  2.363000e-01  1.732970e+01
  2.302000e-01  1.435150e+01
  2.242000e-01  1.313210e+01
  2.184000e-01  1.068030e+01
  2.127000e-01  9.216820e+00
  2.072000e-01  7.804850e+00
  2.019000e-01  6.521140e+00
  1.966000e-01  5.121925e+00
  1.915000e-01  4.197660e+00
  1.866000e-01  4.441565e+00
  1.817000e-01  3.709855e+00
  1.770000e-01  2.605895e+00
  1.725000e-01  2.503200e+00
  1.680000e-01  2.028235e+00
  1.636000e-01  1.655960e+00
  1.594000e-01  1.437740e+00
  1.553000e-01  1.399230e+00
  1.512000e-01  1.026965e+00
  1.473000e-01  1.142486e+00
  1.435000e-01  6.675240e-01
  1.398000e-01  7.188730e-01
  1.362000e-01  6.161785e-01
  1.326000e-01  4.621295e-01
  1.292000e-01  5.776660e-01
  1.259000e-01  4.492955e-01
  1.226000e-01  4.236185e-01
  1.194000e-01  3.722765e-01
  1.163000e-01  4.236205e-01
  1.133000e-01  3.080895e-01
  1.104000e-01  5.263180e-01
  1.075000e-01  4.364625e-01
  1.047000e-01  3.979475e-01
  1.020000e-01  5.776660e-01
  9.940000e-02  4.236240e-01
  9.680000e-02  3.080890e-01
  9.430000e-02  6.546820e-01
  9.190000e-02  4.364570e-01
  8.950000e-02  3.722785e-01
  8.720000e-02  4.236205e-01
  8.490000e-02  4.107850e-01
  8.270000e-02  3.465970e-01
  8.060000e-02  4.364585e-01
  7.850000e-02  2.952505e-01
  7.640000e-02  4.749710e-01
  7.450000e-02  2.952490e-01
  7.250000e-02  3.594345e-01
  7.070000e-02  3.080875e-01
  6.880000e-02  2.952525e-01
  6.700000e-02  3.722750e-01
  6.530000e-02  3.209260e-01
  6.360000e-02  2.695765e-01
  6.200000e-02  2.824135e-01
  6.040000e-02  2.695760e-01
  5.880000e-02  3.594395e-01
  5.730000e-02  1.540435e-01
  5.580000e-02  2.439015e-01
  5.430000e-02  1.797175e-01
  5.290000e-02  1.283690e-01
  5.160000e-02  1.925550e-01
  5.020000e-02  6.418500e-02
  4.890000e-02  6.418500e-02
  4.770000e-02  1.155330e-01
  4.640000e-02  1.540435e-01
  4.520000e-02  8.985900e-02
  4.410000e-02  7.702200e-02
  4.290000e-02  1.155325e-01
  4.180000e-02  1.412070e-01
  4.070000e-02  5.134800e-02
  3.970000e-02  1.155330e-01
  3.860000e-02  6.418500e-02
  3.760000e-02  8.985900e-02
  3.670000e-02  1.026955e-01
  3.570000e-02  1.412070e-01
  3.480000e-02  6.418500e-02
  3.390000e-02  7.702200e-02
  3.300000e-02  7.702200e-02
  3.220000e-02  7.702200e-02
  3.130000e-02  3.851100e-02
  3.050000e-02  2.567400e-02
  2.970000e-02  2.567400e-02
  2.890000e-02  5.134800e-02
  2.820000e-02  2.567400e-02
  2.750000e-02  2.567400e-02
  2.680000e-02  0.000000e+00
  2.610000e-02  1.283700e-02
  2.540000e-02  1.283700e-02
  2.470000e-02  2.567400e-02
  2.410000e-02  1.283700e-02
  2.350000e-02  3.851100e-02
  2.290000e-02  1.283700e-02
  2.230000e-02  0.000000e+00
  2.170000e-02  0.000000e+00
  2.110000e-02  0.000000e+00
  2.060000e-02  1.283700e-02
  2.000000e-02  1.283700e-02
  1.950000e-02  0.000000e+00
  1.900000e-02  2.567400e-02
  1.850000e-02  0.000000e+00
  1.800000e-02  0.000000e+00
  1.760000e-02  0.000000e+00
  1.710000e-02  0.000000e+00
  1.670000e-02  1.283700e-02
  1.630000e-02  0.000000e+00
  1.580000e-02  0.000000e+00
  1.540000e-02  0.000000e+00
  1.500000e-02  0.000000e+00
  1.460000e-02  0.000000e+00
  1.430000e-02  0.000000e+00
  1.390000e-02  1.283700e-02
  1.350000e-02  0.000000e+00
  1.320000e-02  0.000000e+00
  1.280000e-02  0.000000e+00
  1.250000e-02  0.000000e+00
  1.220000e-02  0.000000e+00
  1.190000e-02  0.000000e+00
  1.160000e-02  0.000000e+00
  1.130000e-02  0.000000e+00
  1.100000e-02  0.000000e+00
  1.070000e-02  0.000000e+00
  1.040000e-02  0.000000e+00
  1.010000e-02  0.000000e+00
