  4.934820e+03  3.399700e-03
  4.806990e+03  0.000000e+00
  4.682470e+03  0.000000e+00
  4.561180e+03  1.699850e-03
  4.443030e+03  0.000000e+00
  4.327940e+03  1.699850e-03
  4.215830e+03  1.699850e-03
  4.106630e+03  0.000000e+00
  4.000250e+03  0.000000e+00
  3.896630e+03  1.699850e-03
  3.795700e+03  0.000000e+00
  3.697380e+03  3.399700e-03
  3.601600e+03  1.699850e-03
  3.508310e+03  3.399700e-03
  3.417430e+03  1.699850e-03
  3.328910e+03  5.099550e-03
  3.242680e+03  5.099550e-03
  3.158680e+03  3.399700e-03
  3.076860e+03  5.099550e-03
  2.997160e+03  5.099600e-03
  2.919530e+03  3.399700e-03
  2.843900e+03  0.000000e+00
  2.770230e+03  6.799400e-03
  2.698480e+03  5.099550e-03
  2.628580e+03  3.399700e-03
  2.560490e+03  6.799450e-03
  2.494160e+03  6.799400e-03
  2.429550e+03  8.499300e-03
  2.366620e+03  8.499300e-03
  2.305320e+03  1.529870e-02
  2.245600e+03  6.799450e-03
  2.187430e+03  1.359885e-02
  2.130770e+03  1.359885e-02
  2.075580e+03  1.529865e-02
  2.021810e+03  1.529870e-02
  1.969440e+03  2.379810e-02
  1.918430e+03  1.869840e-02
  1.868730e+03  2.379795e-02
  1.820330e+03  2.209820e-02
  1.773170e+03  4.249620e-02
  1.727240e+03  2.379800e-02
  1.682500e+03  4.419605e-02
  1.638920e+03  3.909660e-02
  1.596470e+03  4.249675e-02
  1.555110e+03  6.459435e-02
  1.514830e+03  6.119525e-02
  1.475590e+03  8.669260e-02
  1.437370e+03  6.289496e-02
  1.400140e+03  8.839305e-02
  1.363870e+03  6.969400e-02
  1.328540e+03  9.519251e-02
  1.294120e+03  9.349220e-02
  1.260600e+03  1.308885e-01
  1.227950e+03  1.546880e-01
  1.196140e+03  1.529880e-01
  1.165160e+03  1.512885e-01
  1.134980e+03  1.835850e-01
  1.105580e+03  2.141820e-01
  1.076940e+03  2.039845e-01
  1.049040e+03  2.464795e-01
  1.021870e+03  2.311825e-01
  9.953980e+02  3.263735e-01
  9.696140e+02  3.535725e-01
  9.444970e+02  3.722715e-01
  9.200320e+02  4.793625e-01
  8.962000e+02  4.759640e-01
  8.729850e+02  6.153520e-01
  8.503720e+02  6.850470e-01
  8.283450e+02  6.612490e-01
  8.068880e+02  8.142355e-01
  7.859870e+02  9.264235e-01
  7.656270e+02  1.110010e+00
  7.457950e+02  1.191605e+00
  7.264760e+02  1.329300e+00
  7.076580e+02  1.470395e+00
  6.893270e+02  1.689690e+00
  6.714710e+02  1.891970e+00
  6.540780e+02  2.118040e+00
  6.371350e+02  2.310100e+00
  6.206310e+02  2.684095e+00
  6.045550e+02  3.127760e+00
  5.888950e+02  3.428630e+00
  5.736410e+02  3.952200e+00
  5.587810e+02  4.363560e+00
  5.443070e+02  4.917710e+00
  5.302080e+02  5.410685e+00
  5.164740e+02  5.939355e+00
  5.030950e+02  6.959260e+00
  4.900630e+02  7.640910e+00
  4.773690e+02  8.582645e+00
  4.650040e+02  9.480135e+00
  4.529580e+02  1.073620e+01
  4.412250e+02  1.199590e+01
  4.297960e+02  1.377920e+01
  4.186630e+02  1.488420e+01
  4.078180e+02  1.722000e+01
  3.972540e+02  1.877015e+01
  3.869640e+02  2.143840e+01
  3.769400e+02  2.417710e+01
  3.671770e+02  2.661150e+01
  3.576650e+02  2.969360e+01
  3.484010e+02  3.359085e+01
  3.393760e+02  3.728650e+01
  3.305850e+02  4.101630e+01
  3.220220e+02  4.550040e+01
  3.136800e+02  5.012900e+01
  3.055550e+02  5.610105e+01
  2.976400e+02  6.247170e+01
  2.899300e+02  6.883305e+01
  2.824200e+02  7.687990e+01
  2.751040e+02  8.507490e+01
  2.679780e+02  9.457245e+01
  2.610370e+02  1.042970e+02
  2.542750e+02  1.153545e+02
  2.476890e+02  1.276100e+02
  2.412730e+02  1.419600e+02
  2.350230e+02  1.573115e+02
  2.289350e+02  1.746380e+02
  2.230050e+02  1.922615e+02
  2.172280e+02  2.120850e+02
  2.116010e+02  2.322685e+02
  2.061200e+02  2.550580e+02
  2.007810e+02  2.798185e+02
  1.955800e+02  3.075915e+02
  1.905140e+02  3.411555e+02
  1.855790e+02  3.754145e+02
  1.807720e+02  4.116675e+02
  1.760890e+02  4.522000e+02
  1.715280e+02  4.940130e+02
  1.670850e+02  5.345950e+02
  1.627570e+02  5.783420e+02
  1.585410e+02  6.236490e+02
  1.544340e+02  6.724105e+02
  1.504340e+02  7.220916e+02
  1.465370e+02  7.751390e+02
  1.427410e+02  8.305995e+02
  1.390440e+02  8.847745e+02
  1.354420e+02  9.420970e+02
  1.319340e+02  1.000114e+03
  1.285160e+02  1.057015e+03
  1.251870e+02  1.114340e+03
  1.219440e+02  1.176800e+03
  1.187850e+02  1.235310e+03
  1.157090e+02  1.298480e+03
  1.127110e+02  1.359435e+03
  1.097920e+02  1.419800e+03
  1.069480e+02  1.479355e+03
  1.041770e+02  1.537555e+03
  1.014790e+02  1.593485e+03
  9.885030e+01  1.649475e+03
  9.628970e+01  1.693730e+03
  9.379550e+01  1.738900e+03
  9.136590e+01  1.777795e+03
  8.899920e+01  1.806075e+03
  8.669380e+01  1.831260e+03
  8.444820e+01  1.850860e+03
  8.226070e+01  1.854590e+03
  8.012980e+01  1.854655e+03
  7.805420e+01  1.840675e+03
  7.603240e+01  1.814770e+03
  7.406290e+01  1.781550e+03
  7.214440e+01  1.737100e+03
  7.027560e+01  1.681305e+03
  6.845520e+01  1.609435e+03
  6.668200e+01  1.531935e+03
  6.495470e+01  1.444000e+03
  6.327220e+01  1.363820e+03
  6.163320e+01  1.275600e+03
  6.003670e+01  1.191010e+03
  5.848160e+01  1.113240e+03
  5.696670e+01  1.031595e+03
  5.549110e+01  9.555450e+02
  5.405370e+01  8.621415e+02
  5.265350e+01  7.612100e+02
  5.128960e+01  6.692420e+02
  4.996100e+01  5.826515e+02
  4.866690e+01  4.922205e+02
  4.740620e+01  4.095415e+02
  4.617830e+01  3.382310e+02
  4.498210e+01  2.779490e+02
  4.381690e+01  2.408320e+02
  4.268190e+01  2.098070e+02
  4.157630e+01  1.794075e+02
  4.049930e+01  1.552335e+02
  3.945030e+01  1.341875e+02
  3.842840e+01  1.168835e+02
  3.743290e+01  1.043980e+02
  3.646330e+01  9.050439e+01
  3.551880e+01  7.870740e+01
  3.459870e+01  6.761245e+01
  3.370250e+01  5.751015e+01
  3.282950e+01  4.815870e+01
  3.197910e+01  3.955940e+01
  3.115070e+01  3.259660e+01
  3.034380e+01  2.706540e+01
  2.955780e+01  2.182260e+01
  2.879220e+01  1.725740e+01
  2.804640e+01  1.375540e+01
  2.731990e+01  1.071240e+01
  2.661220e+01  8.329355e+00
  2.592290e+01  6.221520e+00
  2.525140e+01  4.718835e+00
  2.459730e+01  3.381030e+00
  2.396010e+01  2.393405e+00
  2.333950e+01  1.642095e+00
  2.273490e+01  1.234105e+00
  2.214600e+01  8.278315e-01
  2.157230e+01  5.065605e-01
  2.101350e+01  3.382735e-01
  2.046920e+01  2.107835e-01
  1.993900e+01  1.121902e-01
  1.942250e+01  7.989290e-02
  1.891940e+01  6.459480e-02
  1.842930e+01  6.969420e-02
  1.795200e+01  3.909675e-02
  1.748690e+01  3.909700e-02
  1.703400e+01  3.059750e-02
  1.659270e+01  3.909685e-02
  1.616290e+01  4.759600e-02
  1.574430e+01  5.949500e-02
  1.533640e+01  5.439550e-02
  1.493920e+01  4.419635e-02
  1.455220e+01  5.439530e-02
  1.417520e+01  3.739680e-02
  1.380800e+01  2.379810e-02
  1.345040e+01  1.359885e-02
  1.310200e+01  1.529870e-02
  1.276260e+01  6.799400e-03
  1.243200e+01  5.099550e-03
  1.211000e+01  3.399700e-03
  1.179630e+01  1.189895e-02
  1.149070e+01  5.099550e-03
  1.119310e+01  3.399700e-03
  1.090310e+01  1.699850e-03
  1.062070e+01  3.399700e-03
  1.034560e+01  1.699850e-03
  1.007760e+01  5.099550e-03
  9.816600e+00  1.699850e-03
  9.562300e+00  3.399700e-03
  9.314600e+00  3.399700e-03
  9.073300e+00  3.399700e-03
  8.838300e+00  1.019915e-02
  8.609300e+00  1.019915e-02
  8.386300e+00  1.699860e-02
  8.169100e+00  1.189900e-02
  7.957500e+00  3.229745e-02
  7.751400e+00  5.779530e-02
  7.550600e+00  6.289475e-02
  7.355000e+00  6.119490e-02
  7.164500e+00  6.289505e-02
  6.978900e+00  7.989315e-02
  6.798100e+00  7.479385e-02
  6.622000e+00  6.459440e-02
  6.450500e+00  6.119465e-02
  6.283400e+00  5.609520e-02
  6.120600e+00  6.629450e-02
  5.962100e+00  6.119490e-02
  5.807600e+00  6.459465e-02
  5.657200e+00  7.139415e-02
  5.510700e+00  8.329335e-02
  5.367900e+00  6.289435e-02
  5.228900e+00  6.459475e-02
  5.093400e+00  1.002918e-01
  4.961500e+00  6.289490e-02
  4.833000e+00  7.309325e-02
  4.707800e+00  7.479399e-02
  4.585800e+00  6.119510e-02
  4.467100e+00  8.669360e-02
  4.351300e+00  6.969455e-02
  4.238600e+00  6.799451e-02
  4.128800e+00  5.779520e-02
  4.021900e+00  9.179255e-02
  3.917700e+00  7.819395e-02
  3.816200e+00  5.269570e-02
  3.717400e+00  6.799455e-02
  3.621100e+00  4.589620e-02
  3.527300e+00  7.309414e-02
  3.435900e+00  6.629455e-02
  3.346900e+00  6.969420e-02
  3.260200e+00  4.589630e-02
  3.175800e+00  5.439580e-02
  3.093500e+00  3.059745e-02
  3.013400e+00  3.909665e-02
  2.935300e+00  3.229720e-02
  2.859300e+00  5.269560e-02
  2.785200e+00  5.099575e-02
  2.713100e+00  5.099585e-02
  2.642800e+00  7.139445e-02
  2.574300e+00  5.099585e-02
  2.507600e+00  5.439575e-02
  2.442700e+00  5.609535e-02
  2.379400e+00  4.589625e-02
  2.317800e+00  5.439550e-02
  2.257700e+00  4.079640e-02
  2.199300e+00  6.799435e-02
  2.142300e+00  5.609520e-02
  2.086800e+00  4.759605e-02
  2.032700e+00  5.269570e-02
  1.980100e+00  4.589630e-02
  1.928800e+00  2.719775e-02
  1.878800e+00  4.079650e-02
  1.830200e+00  4.929580e-02
  1.782800e+00  5.269515e-02
  1.736600e+00  2.719780e-02
  1.691600e+00  2.889755e-02
  1.647800e+00  2.549780e-02
  1.605100e+00  4.929590e-02
  1.563500e+00  2.719785e-02
  1.523000e+00  1.529870e-02
  1.483600e+00  2.039820e-02
  1.445100e+00  2.379795e-02
  1.407700e+00  2.209820e-02
  1.371200e+00  1.699855e-02
  1.335700e+00  2.039835e-02
  1.301100e+00  2.039820e-02
  1.267400e+00  1.189900e-02
  1.234600e+00  1.359895e-02
  1.202600e+00  2.549790e-02
  1.171500e+00  2.209815e-02
  1.141100e+00  2.039825e-02
  1.111600e+00  1.019915e-02
  1.082800e+00  1.359875e-02
  1.054700e+00  1.019905e-02
  1.027400e+00  8.499250e-03
  1.000800e+00  1.359890e-02
  9.749000e-01  8.499250e-03
  9.496000e-01  1.019910e-02
  9.250000e-01  1.869845e-02
  9.010000e-01  1.189900e-02
  8.777000e-01  2.039835e-02
  8.550000e-01  1.529865e-02
  8.328000e-01  1.359885e-02
  8.113000e-01  1.529870e-02
  7.902000e-01  1.189895e-02
  7.698000e-01  2.209825e-02
  7.498000e-01  1.529870e-02
  7.304000e-01  1.699845e-02
  7.115000e-01  6.799400e-03
  6.931000e-01  1.019910e-02
  6.751000e-01  3.569680e-02
  6.576000e-01  5.779545e-02
  6.406000e-01  4.249620e-02
  6.240000e-01  1.359885e-02
  6.078000e-01  1.869850e-02
  5.921000e-01  2.039820e-02
  5.767000e-01  1.699855e-02
  5.618000e-01  1.359895e-02
  5.472000e-01  2.209820e-02
  5.331000e-01  1.529880e-02
  5.193000e-01  1.869845e-02
  5.058000e-01  2.039830e-02
  4.927000e-01  2.039835e-02
  4.799000e-01  2.889770e-02
  4.675000e-01  1.699850e-02
  4.554000e-01  1.189900e-02
  4.436000e-01  1.869845e-02
  4.321000e-01  2.379790e-02
  4.209000e-01  2.039825e-02
  4.100000e-01  2.379800e-02
  3.994000e-01  1.869845e-02
  3.891000e-01  1.359885e-02
  3.790000e-01  1.869845e-02
  3.692000e-01  1.699865e-02
  3.596000e-01  2.039830e-02
  3.503000e-01  1.529870e-02
  3.412000e-01  1.529870e-02
  3.324000e-01  1.359880e-02
  3.238000e-01  6.799400e-03
  3.154000e-01  1.699855e-02
  3.072000e-01  1.869840e-02
  2.992000e-01  2.039825e-02
  2.915000e-01  2.549795e-02
  2.839000e-01  1.189905e-02
  2.766000e-01  2.039840e-02
  2.694000e-01  1.869860e-02
  2.624000e-01  3.059760e-02
  2.556000e-01  1.699855e-02
  2.490000e-01  1.359890e-02
  2.426000e-01  1.529870e-02
  2.363000e-01  1.529870e-02
  2.302000e-01  1.019915e-02
  2.242000e-01  3.399700e-03
  2.184000e-01  2.039820e-02
  2.127000e-01  6.799400e-03
  2.072000e-01  3.399700e-03
  2.019000e-01  6.799400e-03
  1.966000e-01  1.699850e-03
  1.915000e-01  5.099550e-03
  1.866000e-01  8.499300e-03
  1.817000e-01  3.399700e-03
  1.770000e-01  1.189900e-02
  1.725000e-01  5.099600e-03
  1.680000e-01  8.499250e-03
  1.636000e-01  1.699850e-03
  1.594000e-01  0.000000e+00
  1.553000e-01  0.000000e+00
  1.512000e-01  5.099550e-03
  1.473000e-01  5.099550e-03
  1.435000e-01  3.399700e-03
  1.398000e-01  5.099550e-03
  1.362000e-01  1.699850e-03
  1.326000e-01  8.499250e-03
  1.292000e-01  3.399700e-03
  1.259000e-01  5.099550e-03
  1.226000e-01  3.399700e-03
  1.194000e-01  0.000000e+00
  1.163000e-01  1.699850e-03
  1.133000e-01  0.000000e+00
  1.104000e-01  0.000000e+00
  1.075000e-01  0.000000e+00
  1.047000e-01  0.000000e+00
  1.020000e-01  1.699850e-03
  9.940000e-02  3.399700e-03
  9.680000e-02  0.000000e+00
  9.430000e-02  0.000000e+00
  9.190000e-02  0.000000e+00
  8.950000e-02  0.000000e+00
  8.720000e-02  1.699850e-03
  8.490000e-02  0.000000e+00
  8.270000e-02  0.000000e+00
  8.060000e-02  0.000000e+00
  7.850000e-02  0.000000e+00
  7.640000e-02  1.699850e-03
  7.450000e-02  0.000000e+00
  7.250000e-02  1.699850e-03
  7.070000e-02  0.000000e+00
  6.880000e-02  0.000000e+00
  6.700000e-02  0.000000e+00
  6.530000e-02  0.000000e+00
  6.360000e-02  0.000000e+00
  6.200000e-02  0.000000e+00
  6.040000e-02  0.000000e+00
  5.880000e-02  0.000000e+00
  5.730000e-02  0.000000e+00
  5.580000e-02  0.000000e+00
  5.430000e-02  0.000000e+00
  5.290000e-02  0.000000e+00
  5.160000e-02  0.000000e+00
  5.020000e-02  0.000000e+00
  4.890000e-02  0.000000e+00
  4.770000e-02  0.000000e+00
  4.640000e-02  0.000000e+00
  4.520000e-02  0.000000e+00
  4.410000e-02  0.000000e+00
  4.290000e-02  0.000000e+00
  4.180000e-02  0.000000e+00
  4.070000e-02  0.000000e+00
  3.970000e-02  0.000000e+00
  3.860000e-02  0.000000e+00
  3.760000e-02  0.000000e+00
  3.670000e-02  0.000000e+00
  3.570000e-02  1.699850e-03
  3.480000e-02  0.000000e+00
  3.390000e-02  0.000000e+00
  3.300000e-02  0.000000e+00
  3.220000e-02  0.000000e+00
  3.130000e-02  0.000000e+00
  3.050000e-02  0.000000e+00
  2.970000e-02  0.000000e+00
  2.890000e-02  0.000000e+00
  2.820000e-02  0.000000e+00
  2.750000e-02  0.000000e+00
  2.680000e-02  0.000000e+00
  2.610000e-02  0.000000e+00
  2.540000e-02  0.000000e+00
  2.470000e-02  0.000000e+00
  2.410000e-02  0.000000e+00
  2.350000e-02  0.000000e+00
  2.290000e-02  0.000000e+00
  2.230000e-02  0.000000e+00
  2.170000e-02  0.000000e+00
  2.110000e-02  0.000000e+00
  2.060000e-02  0.000000e+00
  2.000000e-02  0.000000e+00
  1.950000e-02  0.000000e+00
  1.900000e-02  0.000000e+00
  1.850000e-02  0.000000e+00
  1.800000e-02  0.000000e+00
  1.760000e-02  0.000000e+00
  1.710000e-02  0.000000e+00
  1.670000e-02  0.000000e+00
  1.630000e-02  0.000000e+00
  1.580000e-02  0.000000e+00
  1.540000e-02  0.000000e+00
  1.500000e-02  0.000000e+00
  1.460000e-02  0.000000e+00
  1.430000e-02  0.000000e+00
  1.390000e-02  0.000000e+00
  1.350000e-02  0.000000e+00
  1.320000e-02  0.000000e+00
  1.280000e-02  0.000000e+00
  1.250000e-02  0.000000e+00
  1.220000e-02  0.000000e+00
  1.190000e-02  0.000000e+00
  1.160000e-02  0.000000e+00
  1.130000e-02  0.000000e+00
  1.100000e-02  5.099550e-03
  1.070000e-02  5.099550e-03
  1.040000e-02  1.019910e-02
  1.010000e-02  1.052215e+00
