  4.934820e+03  1.302800e-01
  4.806990e+03  6.514000e-02
  4.682470e+03  0.000000e+00
  4.561180e+03  0.000000e+00
  4.443030e+03  0.000000e+00
  4.327940e+03  0.000000e+00
  4.215830e+03  0.000000e+00
  4.106630e+03  0.000000e+00
  4.000250e+03  0.000000e+00
  3.896630e+03  6.514000e-02
  3.795700e+03  0.000000e+00
  3.697380e+03  0.000000e+00
  3.601600e+03  0.000000e+00
  3.508310e+03  0.000000e+00
  3.417430e+03  0.000000e+00
  3.328910e+03  0.000000e+00
  3.242680e+03  6.514000e-02
  3.158680e+03  0.000000e+00
  3.076860e+03  0.000000e+00
  2.997160e+03  0.000000e+00
  2.919530e+03  0.000000e+00
  2.843900e+03  0.000000e+00
  2.770230e+03  0.000000e+00
  2.698480e+03  0.000000e+00
  2.628580e+03  0.000000e+00
  2.560490e+03  0.000000e+00
  2.494160e+03  0.000000e+00
  2.429550e+03  0.000000e+00
  2.366620e+03  0.000000e+00
  2.305320e+03  0.000000e+00
  2.245600e+03  0.000000e+00
  2.187430e+03  0.000000e+00
  2.130770e+03  6.514000e-02
  2.075580e+03  1.302800e-01
  2.021810e+03  6.514000e-02
  1.969440e+03  0.000000e+00
  1.918430e+03  0.000000e+00
  1.868730e+03  0.000000e+00
  1.820330e+03  1.302800e-01
  1.773170e+03  0.000000e+00
  1.727240e+03  6.514000e-02
  1.682500e+03  0.000000e+00
  1.638920e+03  6.514000e-02
  1.596470e+03  0.000000e+00
  1.555110e+03  1.302800e-01
  1.514830e+03  6.514000e-02
  1.475590e+03  0.000000e+00
  1.437370e+03  3.908400e-01
  1.400140e+03  1.954200e-01
  1.363870e+03  2.605600e-01
  1.328540e+03  2.605600e-01
  1.294120e+03  6.514000e-02
  1.260600e+03  6.514000e-02
  1.227950e+03  1.954200e-01
  1.196140e+03  2.605600e-01
  1.165160e+03  1.302800e-01
  1.134980e+03  2.605600e-01
  1.105580e+03  6.514000e-01
  1.076940e+03  5.211200e-01
  1.049040e+03  4.559800e-01
  1.021870e+03  3.908400e-01
  9.953980e+02  7.165400e-01
  9.696140e+02  9.771000e-01
  9.444970e+02  8.468200e-01
  9.200320e+02  8.468200e-01
  8.962000e+02  1.302800e+00
  8.729850e+02  1.367940e+00
  8.503720e+02  1.042240e+00
  8.283450e+02  1.563360e+00
  8.068880e+02  1.237660e+00
  7.859870e+02  1.758780e+00
  7.656270e+02  1.693640e+00
  7.457950e+02  2.475320e+00
  7.264760e+02  2.279900e+00
  7.076580e+02  2.149620e+00
  6.893270e+02  2.996440e+00
  6.714710e+02  3.582700e+00
  6.540780e+02  3.908400e+00
  6.371350e+02  5.211190e+00
  6.206310e+02  5.146050e+00
  6.045550e+02  4.494650e+00
  5.888950e+02  6.448830e+00
  5.736410e+02  7.230490e+00
  5.587810e+02  7.491070e+00
  5.443070e+02  8.012180e+00
  5.302080e+02  1.029203e+01
  5.164740e+02  1.016177e+01
  5.030950e+02  1.237660e+01
  4.900630e+02  1.074805e+01
  4.773690e+02  1.576390e+01
  4.650040e+02  1.765295e+01
  4.529580e+02  2.175690e+01
  4.412250e+02  2.149620e+01
  4.297960e+02  2.221275e+01
  4.186630e+02  2.931310e+01
  4.078180e+02  3.217920e+01
  3.972540e+02  3.576185e+01
  3.869640e+02  3.960510e+01
  3.769400e+02  4.553285e+01
  3.671770e+02  5.191655e+01
  3.576650e+02  5.953790e+01
  3.484010e+02  6.579125e+01
  3.393760e+02  7.406405e+01
  3.305850e+02  7.849385e+01
  3.220220e+02  9.210815e+01
  3.136800e+02  1.005113e+02
  3.055550e+02  1.122365e+02
  2.976400e+02  1.255250e+02
  2.899300e+02  1.446745e+02
  2.824200e+02  1.542515e+02
  2.751040e+02  1.917070e+02
  2.679780e+02  1.949635e+02
  2.610370e+02  2.309865e+02
  2.542750e+02  2.550880e+02
  2.476890e+02  2.881130e+02
  2.412730e+02  3.190550e+02
  2.350230e+02  3.621120e+02
  2.289350e+02  4.009355e+02
  2.230050e+02  4.564350e+02
  2.172280e+02  5.011855e+02
  2.116010e+02  5.626785e+02
  2.061200e+02  6.347890e+02
  2.007810e+02  7.032510e+02
  1.955800e+02  7.887135e+02
  1.905140e+02  8.880510e+02
  1.855790e+02  9.895415e+02
  1.807720e+02  1.096690e+03
  1.760890e+02  1.246785e+03
  1.715280e+02  1.367875e+03
  1.670850e+02  1.524350e+03
  1.627570e+02  1.677540e+03
  1.585410e+02  1.881240e+03
  1.544340e+02  2.067740e+03
  1.504340e+02  2.247715e+03
  1.465370e+02  2.504820e+03
  1.427410e+02  2.751500e+03
  1.390440e+02  3.026330e+03
  1.354420e+02  3.284105e+03
  1.319340e+02  3.555530e+03
  1.285160e+02  3.921750e+03
  1.251870e+02  4.252855e+03
  1.219440e+02  4.661275e+03
  1.187850e+02  5.005940e+03
  1.157090e+02  5.455275e+03
  1.127110e+02  5.930345e+03
  1.097920e+02  6.418355e+03
  1.069480e+02  6.930040e+03
  1.041770e+02  7.531665e+03
  1.014790e+02  8.139295e+03
  9.885030e+01  8.752525e+03
  9.628970e+01  9.404891e+03
  9.379550e+01  1.011350e+04
  9.136590e+01  1.083490e+04
  8.899920e+01  1.164900e+04
  8.669380e+01  1.234710e+04
  8.444820e+01  1.312475e+04
  8.226070e+01  1.398840e+04
  8.012980e+01  1.487615e+04
  7.805420e+01  1.569325e+04
  7.603240e+01  1.659235e+04
  7.406290e+01  1.742870e+04
  7.214440e+01  1.818590e+04
  7.027560e+01  1.902215e+04
  6.845520e+01  1.981320e+04
  6.668200e+01  2.043965e+04
  6.495470e+01  2.111660e+04
  6.327220e+01  2.158825e+04
  6.163320e+01  2.201820e+04
  6.003670e+01  2.223890e+04
  5.848160e+01  2.252860e+04
  5.696670e+01  2.257030e+04
  5.549110e+01  2.273045e+04
  5.405370e+01  2.268310e+04
  5.265350e+01  2.258225e+04
  5.128960e+01  2.241815e+04
  4.996100e+01  2.208370e+04
  4.866690e+01  2.154975e+04
  4.740620e+01  2.102990e+04
  4.617830e+01  2.022530e+04
  4.498210e+01  1.934990e+04
  4.381690e+01  1.876955e+04
  4.268190e+01  1.803315e+04
  4.157630e+01  1.738710e+04
  4.049930e+01  1.659165e+04
  3.945030e+01  1.586965e+04
  3.842840e+01  1.512540e+04
  3.743290e+01  1.441700e+04
  3.646330e+01  1.379805e+04
  3.551880e+01  1.311275e+04
  3.459870e+01  1.233360e+04
  3.370250e+01  1.167285e+04
  3.282950e+01  1.100350e+04
  3.197910e+01  1.021795e+04
  3.115070e+01  9.510295e+03
  3.034380e+01  8.912955e+03
  2.955780e+01  8.215904e+03
  2.879220e+01  7.549325e+03
  2.804640e+01  6.959410e+03
  2.731990e+01  6.372965e+03
  2.661220e+01  5.805925e+03
  2.592290e+01  5.264215e+03
  2.525140e+01  4.734050e+03
  2.459730e+01  4.263335e+03
  2.396010e+01  3.829515e+03
  2.333950e+01  3.429625e+03
  2.273490e+01  3.037730e+03
  2.214600e+01  2.689815e+03
  2.157230e+01  2.360805e+03
  2.101350e+01  2.053660e+03
  2.046920e+01  1.821635e+03
  1.993900e+01  1.616000e+03
  1.942250e+01  1.433410e+03
  1.891940e+01  1.289825e+03
  1.842930e+01  1.165035e+03
  1.795200e+01  1.049140e+03
  1.748690e+01  9.873890e+02
  1.703400e+01  9.199709e+02
  1.659270e+01  8.706595e+02
  1.616290e+01  8.412825e+02
  1.574430e+01  7.904716e+02
  1.533640e+01  7.722985e+02
  1.493920e+01  7.257235e+02
  1.455220e+01  6.806455e+02
  1.417520e+01  6.025445e+02
  1.380800e+01  5.036620e+02
  1.345040e+01  4.045185e+02
  1.310200e+01  3.237460e+02
  1.276260e+01  2.703315e+02
  1.243200e+01  2.405610e+02
  1.211000e+01  2.201085e+02
  1.179630e+01  2.046695e+02
  1.149070e+01  1.853230e+02
  1.119310e+01  1.872770e+02
  1.090310e+01  1.829125e+02
  1.062070e+01  1.861045e+02
  1.034560e+01  1.795905e+02
  1.007760e+01  1.655190e+02
  9.816600e+00  1.621325e+02
  9.562300e+00  1.525575e+02
  9.314600e+00  1.318430e+02
  9.073300e+00  1.087850e+02
  8.838300e+00  9.497330e+01
  8.609300e+00  8.220615e+01
  8.386300e+00  7.458515e+01
  8.169100e+00  7.295660e+01
  7.957500e+00  7.432480e+01
  7.751400e+00  8.429120e+01
  7.550600e+00  9.751495e+01
  7.355000e+00  9.262885e+01
  7.164500e+00  8.780905e+01
  6.978900e+00  8.513760e+01
  6.798100e+00  8.051280e+01
  6.622000e+00  7.054650e+01
  6.450500e+00  6.839680e+01
  6.283400e+00  6.044990e+01
  6.120600e+00  5.634590e+01
  5.962100e+00  5.706265e+01
  5.807600e+00  5.953785e+01
  5.657200e+00  5.621585e+01
  5.510700e+00  5.419645e+01
  5.367900e+00  5.510830e+01
  5.228900e+00  5.250280e+01
  5.093400e+00  4.820360e+01
  4.961500e+00  4.774760e+01
  4.833000e+00  4.390440e+01
  4.707800e+00  4.696600e+01
  4.585800e+00  4.527235e+01
  4.467100e+00  4.201530e+01
  4.351300e+00  4.025645e+01
  4.238600e+00  4.025645e+01
  4.128800e+00  4.077770e+01
  4.021900e+00  4.266670e+01
  3.917700e+00  4.142905e+01
  3.816200e+00  3.784635e+01
  3.717400e+00  3.856290e+01
  3.621100e+00  3.673905e+01
  3.527300e+00  3.608750e+01
  3.435900e+00  3.452415e+01
  3.346900e+00  3.048550e+01
  3.260200e+00  2.612110e+01
  3.175800e+00  2.462305e+01
  3.093500e+00  1.791340e+01
  3.013400e+00  1.374460e+01
  2.935300e+00  1.771805e+01
  2.859300e+00  2.156125e+01
  2.785200e+00  2.188700e+01
  2.713100e+00  2.722855e+01
  2.642800e+00  2.514405e+01
  2.574300e+00  2.742390e+01
  2.507600e+00  2.599095e+01
  2.442700e+00  2.488355e+01
  2.379400e+00  2.592580e+01
  2.317800e+00  2.390635e+01
  2.257700e+00  2.410170e+01
  2.199300e+00  2.566510e+01
  2.142300e+00  2.312475e+01
  2.086800e+00  2.351545e+01
  2.032700e+00  2.266875e+01
  1.980100e+00  2.201730e+01
  1.928800e+00  1.921630e+01
  1.878800e+00  1.849970e+01
  1.830200e+00  2.377605e+01
  1.782800e+00  4.592365e+01
  1.736600e+00  2.410175e+01
  1.691600e+00  1.863005e+01
  1.647800e+00  1.726220e+01
  1.605100e+00  1.719700e+01
  1.563500e+00  1.569870e+01
  1.523000e+00  1.589415e+01
  1.483600e+00  1.524280e+01
  1.445100e+00  1.680610e+01
  1.407700e+00  1.595940e+01
  1.371200e+00  1.276750e+01
  1.335700e+00  1.374455e+01
  1.301100e+00  1.211600e+01
  1.267400e+00  1.003154e+01
  1.234600e+00  1.361425e+01
  1.202600e+00  1.276730e+01
  1.171500e+00  1.198565e+01
  1.141100e+00  1.595930e+01
  1.111600e+00  9.640699e+00
  1.082800e+00  9.380159e+00
  1.054700e+00  1.341865e+01
  1.027400e+00  1.087831e+01
  1.000800e+00  8.924100e+00
  9.749000e-01  1.165995e+01
  9.496000e-01  1.074795e+01
  9.250000e-01  8.924080e+00
  9.010000e-01  1.237655e+01
  8.777000e-01  1.250685e+01
  8.550000e-01  1.146465e+01
  8.328000e-01  1.478675e+01
  8.113000e-01  1.491710e+01
  7.902000e-01  1.595920e+01
  7.698000e-01  1.862995e+01
  7.498000e-01  1.706670e+01
  7.304000e-01  1.830435e+01
  7.115000e-01  2.006320e+01
  6.931000e-01  2.853150e+01
  6.751000e-01  1.642170e+02
  6.576000e-01  1.833690e+02
  6.406000e-01  4.016515e+02
  6.240000e-01  9.256430e+01
  6.078000e-01  2.599090e+01
  5.921000e-01  3.152775e+01
  5.767000e-01  3.048545e+01
  5.618000e-01  2.944325e+01
  5.472000e-01  3.191860e+01
  5.331000e-01  3.986565e+01
  5.193000e-01  3.452415e+01
  5.058000e-01  3.550130e+01
  4.927000e-01  5.830030e+01
  4.799000e-01  6.325085e+01
  4.675000e-01  4.149415e+01
  4.554000e-01  3.745540e+01
  4.436000e-01  6.468380e+01
  4.321000e-01  6.383705e+01
  4.209000e-01  6.513990e+01
  4.100000e-01  4.664020e+01
  3.994000e-01  8.383521e+01
  3.891000e-01  1.162755e+02
  3.790000e-01  1.040935e+02
  3.692000e-01  4.507685e+01
  3.596000e-01  3.843270e+01
  3.503000e-01  3.791150e+01
  3.412000e-01  3.752050e+01
  3.324000e-01  4.318785e+01
  3.238000e-01  3.628300e+01
  3.154000e-01  3.784625e+01
  3.072000e-01  4.748695e+01
  2.992000e-01  6.214345e+01
  2.915000e-01  7.302174e+01
  2.839000e-01  7.979630e+01
  2.766000e-01  5.282855e+01
  2.694000e-01  1.061780e+02
  2.624000e-01  2.156770e+02
  2.556000e-01  2.367180e+02
  2.490000e-01  9.432285e+01
  2.426000e-01  1.100870e+02
  2.363000e-01  1.062435e+02
  2.302000e-01  7.367315e+01
  2.242000e-01  5.947275e+01
  2.184000e-01  5.413115e+01
  2.127000e-01  5.523870e+01
  2.072000e-01  5.295885e+01
  2.019000e-01  5.380560e+01
  1.966000e-01  6.116645e+01
  1.915000e-01  6.800600e+01
  1.866000e-01  6.891800e+01
  1.817000e-01  5.940755e+01
  1.770000e-01  7.041615e+01
  1.725000e-01  6.657290e+01
  1.680000e-01  6.579130e+01
  1.636000e-01  6.657300e+01
  1.594000e-01  6.253435e+01
  1.553000e-01  6.448855e+01
  1.512000e-01  6.435830e+01
  1.473000e-01  6.572615e+01
  1.435000e-01  7.816785e+01
  1.398000e-01  7.028595e+01
  1.362000e-01  7.406395e+01
  1.326000e-01  7.816780e+01
  1.292000e-01  8.031730e+01
  1.259000e-01  7.764680e+01
  1.226000e-01  8.188060e+01
  1.194000e-01  7.934040e+01
  1.163000e-01  8.214165e+01
  1.133000e-01  8.507300e+01
  1.104000e-01  9.308485e+01
  1.075000e-01  8.663585e+01
  1.047000e-01  9.523505e+01
  1.020000e-01  9.021875e+01
  9.940000e-02  9.562635e+01
  9.680000e-02  9.556094e+01
  9.430000e-02  9.705894e+01
  9.190000e-02  9.100035e+01
  8.950000e-02  9.562669e+01
  8.720000e-02  8.982765e+01
  8.490000e-02  8.272755e+01
  8.270000e-02  8.683125e+01
  8.060000e-02  8.162035e+01
  7.850000e-02  7.934030e+01
  7.640000e-02  7.184920e+01
  7.450000e-02  7.308690e+01
  7.250000e-02  6.579135e+01
  7.070000e-02  6.351140e+01
  6.880000e-02  6.201310e+01
  6.700000e-02  5.269825e+01
  6.530000e-02  5.204680e+01
  6.360000e-02  4.729160e+01
  6.200000e-02  4.299240e+01
  6.040000e-02  3.934450e+01
  5.880000e-02  3.191865e+01
  5.730000e-02  2.996430e+01
  5.580000e-02  2.410175e+01
  5.430000e-02  2.397155e+01
  5.290000e-02  1.817405e+01
  5.160000e-02  1.674100e+01
  5.020000e-02  1.504730e+01
  4.890000e-02  1.224620e+01
  4.770000e-02  1.133430e+01
  4.640000e-02  9.184731e+00
  4.520000e-02  7.816770e+00
  4.410000e-02  6.579120e+00
  4.290000e-02  7.230490e+00
  4.180000e-02  5.341440e+00
  4.070000e-02  4.494660e+00
  3.970000e-02  4.299240e+00
  3.860000e-02  2.996440e+00
  3.760000e-02  3.191860e+00
  3.670000e-02  2.214760e+00
  3.570000e-02  1.954200e+00
  3.480000e-02  1.954200e+00
  3.390000e-02  1.628500e+00
  3.300000e-02  1.172520e+00
  3.220000e-02  1.237660e+00
  3.130000e-02  7.816800e-01
  3.050000e-02  6.514000e-01
  2.970000e-02  5.211200e-01
  2.890000e-02  1.107380e+00
  2.820000e-02  5.862600e-01
  2.750000e-02  6.514000e-01
  2.680000e-02  2.605600e-01
  2.610000e-02  3.257000e-01
  2.540000e-02  1.302800e-01
  2.470000e-02  2.605600e-01
  2.410000e-02  6.514000e-02
  2.350000e-02  3.257000e-01
  2.290000e-02  6.514000e-02
  2.230000e-02  2.605600e-01
  2.170000e-02  1.954200e-01
  2.110000e-02  3.257000e-01
  2.060000e-02  1.954200e-01
  2.000000e-02  1.302800e-01
  1.950000e-02  1.954200e-01
  1.900000e-02  1.302800e-01
  1.850000e-02  1.954200e-01
  1.800000e-02  1.302800e-01
  1.760000e-02  1.302800e-01
  1.710000e-02  0.000000e+00
  1.670000e-02  6.514000e-02
  1.630000e-02  1.302800e-01
  1.580000e-02  1.302800e-01
  1.540000e-02  6.514000e-02
  1.500000e-02  2.605600e-01
  1.460000e-02  6.514000e-02
  1.430000e-02  0.000000e+00
  1.390000e-02  6.514000e-02
  1.350000e-02  6.514000e-02
  1.320000e-02  6.514000e-02
  1.280000e-02  6.514000e-02
  1.250000e-02  0.000000e+00
  1.220000e-02  0.000000e+00
  1.190000e-02  0.000000e+00
  1.160000e-02  6.514000e-02
  1.130000e-02  0.000000e+00
  1.100000e-02  9.184640e+00
  1.070000e-02  1.374465e+01
  1.040000e-02  1.263715e+01
  1.010000e-02  9.738420e+01
