  4.934820e+03  2.795975e-03
  4.806990e+03  2.097000e-04
  4.682470e+03  1.398000e-04
  4.561180e+03  4.194000e-04
  4.443030e+03  5.592000e-04
  4.327940e+03  6.990000e-04
  4.215830e+03  3.495000e-04
  4.106630e+03  9.087001e-04
  4.000250e+03  2.796000e-04
  3.896630e+03  1.048500e-03
  3.795700e+03  2.796000e-04
  3.697380e+03  4.194000e-04
  3.601600e+03  9.086900e-04
  3.508310e+03  1.328095e-03
  3.417430e+03  1.328085e-03
  3.328910e+03  1.537790e-03
  3.242680e+03  1.537800e-03
  3.158680e+03  1.258195e-03
  3.076860e+03  1.537785e-03
  2.997160e+03  2.027075e-03
  2.919530e+03  1.957185e-03
  2.843900e+03  2.446480e-03
  2.770230e+03  2.236785e-03
  2.698480e+03  3.215360e-03
  2.628580e+03  3.425060e-03
  2.560490e+03  3.494960e-03
  2.494160e+03  4.613335e-03
  2.429550e+03  5.941435e-03
  2.366620e+03  4.683225e-03
  2.305320e+03  4.823040e-03
  2.245600e+03  6.500605e-03
  2.187430e+03  6.710310e-03
  2.130770e+03  8.457815e-03
  2.075580e+03  9.506315e-03
  2.021810e+03  8.318010e-03
  1.969440e+03  8.597620e-03
  1.918430e+03  1.048492e-02
  1.868730e+03  1.209270e-02
  1.820330e+03  1.363045e-02
  1.773170e+03  1.467900e-02
  1.727240e+03  1.586730e-02
  1.682500e+03  1.691580e-02
  1.638920e+03  1.845360e-02
  1.596470e+03  2.013120e-02
  1.555110e+03  2.306700e-02
  1.514830e+03  2.656180e-02
  1.475590e+03  2.726075e-02
  1.437370e+03  3.012655e-02
  1.400140e+03  3.557835e-02
  1.363870e+03  3.984215e-02
  1.328540e+03  3.809470e-02
  1.294120e+03  4.249820e-02
  1.260600e+03  4.941830e-02
  1.227950e+03  5.347250e-02
  1.196140e+03  5.969360e-02
  1.165160e+03  6.612440e-02
  1.134980e+03  7.430245e-02
  1.105580e+03  7.402310e-02
  1.076940e+03  8.625530e-02
  1.049040e+03  9.834720e-02
  1.021870e+03  9.960620e-02
  9.953980e+02  1.085525e-01
  9.696140e+02  1.288935e-01
  9.444970e+02  1.467875e-01
  9.200320e+02  1.580420e-01
  8.962000e+02  1.770550e-01
  8.729850e+02  2.062015e-01
  8.503720e+02  2.262620e-01
  8.283450e+02  2.527540e-01
  8.068880e+02  2.781290e-01
  7.859870e+02  3.144755e-01
  7.656270e+02  3.412465e-01
  7.457950e+02  3.822770e-01
  7.264760e+02  4.166685e-01
  7.076580e+02  4.539930e-01
  6.893270e+02  5.133370e-01
  6.714710e+02  5.634545e-01
  6.540780e+02  6.413225e-01
  6.371350e+02  7.073770e-01
  6.206310e+02  7.951005e-01
  6.045550e+02  8.501110e-01
  5.888950e+02  9.690770e-01
  5.736410e+02  1.058475e+00
  5.587810e+02  1.134890e+00
  5.443070e+02  1.257890e+00
  5.302080e+02  1.367710e+00
  5.164740e+02  1.525760e+00
  5.030950e+02  1.656180e+00
  4.900630e+02  1.827085e+00
  4.773690e+02  2.012600e+00
  4.650040e+02  2.194965e+00
  4.529580e+02  2.411305e+00
  4.412250e+02  2.607925e+00
  4.297960e+02  2.863415e+00
  4.186630e+02  3.106090e+00
  4.078180e+02  3.393935e+00
  3.972540e+02  3.628655e+00
  3.869640e+02  3.988355e+00
  3.769400e+02  4.341415e+00
  3.671770e+02  4.726490e+00
  3.576650e+02  5.122825e+00
  3.484010e+02  5.492875e+00
  3.393760e+02  5.925955e+00
  3.305850e+02  6.399030e+00
  3.220220e+02  6.861475e+00
  3.136800e+02  7.345750e+00
  3.055550e+02  7.864255e+00
  2.976400e+02  8.377029e+00
  2.899300e+02  8.980115e+00
  2.824200e+02  9.616335e+00
  2.751040e+02  1.029905e+01
  2.679780e+02  1.098895e+01
  2.610370e+02  1.166440e+01
  2.542750e+02  1.242385e+01
  2.476890e+02  1.315660e+01
  2.412730e+02  1.404785e+01
  2.350230e+02  1.497485e+01
  2.289350e+02  1.593385e+01
  2.230050e+02  1.689885e+01
  2.172280e+02  1.779925e+01
  2.116010e+02  1.874650e+01
  2.061200e+02  1.969135e+01
  2.007810e+02  2.072570e+01
  1.955800e+02  2.190420e+01
  1.905140e+02  2.323830e+01
  1.855790e+02  2.466415e+01
  1.807720e+02  2.593735e+01
  1.760890e+02  2.715335e+01
  1.715280e+02  2.850590e+01
  1.670850e+02  2.975805e+01
  1.627570e+02  3.091890e+01
  1.585410e+02  3.216365e+01
  1.544340e+02  3.319620e+01
  1.504340e+02  3.445575e+01
  1.465370e+02  3.564900e+01
  1.427410e+02  3.678275e+01
  1.390440e+02  3.790930e+01
  1.354420e+02  3.893885e+01
  1.319340e+02  3.994505e+01
  1.285160e+02  4.086610e+01
  1.251870e+02  4.180520e+01
  1.219440e+02  4.281930e+01
  1.187850e+02  4.381210e+01
  1.157090e+02  4.490090e+01
  1.127110e+02  4.585225e+01
  1.097920e+02  4.684265e+01
  1.069480e+02  4.779890e+01
  1.041770e+02  4.893075e+01
  1.014790e+02  5.007495e+01
  9.885030e+01  5.107625e+01
  9.628970e+01  5.211760e+01
  9.379550e+01  5.312875e+01
  9.136590e+01  5.394715e+01
  8.899920e+01  5.487950e+01
  8.669380e+01  5.572290e+01
  8.444820e+01  5.659550e+01
  8.226070e+01  5.741295e+01
  8.012980e+01  5.827035e+01
  7.805420e+01  5.878695e+01
  7.603240e+01  5.935400e+01
  7.406290e+01  5.990560e+01
  7.214440e+01  6.014140e+01
  7.027560e+01  6.029260e+01
  6.845520e+01  6.016010e+01
  6.668200e+01  5.982450e+01
  6.495470e+01  5.892805e+01
  6.327220e+01  5.818300e+01
  6.163320e+01  5.697895e+01
  6.003670e+01  5.563120e+01
  5.848160e+01  5.432810e+01
  5.696670e+01  5.277155e+01
  5.549110e+01  5.137015e+01
  5.405370e+01  4.946650e+01
  5.265350e+01  4.748380e+01
  5.128960e+01  4.538420e+01
  4.996100e+01  4.307020e+01
  4.866690e+01  4.027580e+01
  4.740620e+01  3.735870e+01
  4.617830e+01  3.442865e+01
  4.498210e+01  3.130105e+01
  4.381690e+01  2.954560e+01
  4.268190e+01  2.771670e+01
  4.157630e+01  2.603005e+01
  4.049930e+01  2.424470e+01
  3.945030e+01  2.284220e+01
  3.842840e+01  2.164970e+01
  3.743290e+01  2.049320e+01
  3.646330e+01  1.941380e+01
  3.551880e+01  1.842075e+01
  3.459870e+01  1.730355e+01
  3.370250e+01  1.606245e+01
  3.282950e+01  1.484785e+01
  3.197910e+01  1.378395e+01
  3.115070e+01  1.271065e+01
  3.034380e+01  1.165195e+01
  2.955780e+01  1.061370e+01
  2.879220e+01  9.595245e+00
  2.804640e+01  8.654195e+00
  2.731990e+01  7.728025e+00
  2.661220e+01  6.825065e+00
  2.592290e+01  6.021655e+00
  2.525140e+01  5.274780e+00
  2.459730e+01  4.532935e+00
  2.396010e+01  3.899110e+00
  2.333950e+01  3.310905e+00
  2.273490e+01  2.776025e+00
  2.214600e+01  2.240050e+00
  2.157230e+01  1.792410e+00
  2.101350e+01  1.408530e+00
  2.046920e+01  1.088255e+00
  1.993900e+01  8.543046e-01
  1.942250e+01  6.635505e-01
  1.891940e+01  5.343775e-01
  1.842930e+01  4.670640e-01
  1.795200e+01  4.247055e-01
  1.748690e+01  4.263835e-01
  1.703400e+01  4.300180e-01
  1.659270e+01  4.856570e-01
  1.616290e+01  5.398290e-01
  1.574430e+01  5.898065e-01
  1.533640e+01  6.488015e-01
  1.493920e+01  6.809550e-01
  1.455220e+01  6.600550e-01
  1.417520e+01  5.575835e-01
  1.380800e+01  3.963970e-01
  1.345040e+01  2.301770e-01
  1.310200e+01  1.198765e-01
  1.276260e+01  5.242400e-02
  1.243200e+01  1.964185e-02
  1.211000e+01  8.318005e-03
  1.179630e+01  3.704655e-03
  1.149070e+01  1.747485e-03
  1.119310e+01  9.086950e-04
  1.090310e+01  2.097000e-04
  1.062070e+01  1.398000e-04
  1.034560e+01  1.398000e-04
  1.007760e+01  6.990000e-05
  9.816600e+00  0.000000e+00
  9.562300e+00  6.990000e-05
  9.314600e+00  6.990000e-05
  9.073300e+00  0.000000e+00
  8.838300e+00  0.000000e+00
  8.609300e+00  4.194000e-04
  8.386300e+00  2.096975e-03
  8.169100e+00  9.646095e-03
  7.957500e+00  3.131475e-02
  7.751400e+00  6.626420e-02
  7.550600e+00  1.252595e-01
  7.355000e+00  1.410560e-01
  7.164500e+00  1.266575e-01
  6.978900e+00  1.173600e-01
  6.798100e+00  8.891150e-02
  6.622000e+00  7.667930e-02
  6.450500e+00  6.088190e-02
  6.283400e+00  4.976785e-02
  6.120600e+00  3.397080e-02
  5.962100e+00  2.879850e-02
  5.807600e+00  2.404555e-02
  5.657200e+00  2.236800e-02
  5.510700e+00  2.034085e-02
  5.367900e+00  1.481880e-02
  5.228900e+00  1.237230e-02
  5.093400e+00  1.041500e-02
  4.961500e+00  6.430720e-03
  4.833000e+00  5.661835e-03
  4.707800e+00  4.473530e-03
  4.585800e+00  4.054135e-03
  4.467100e+00  2.586275e-03
  4.351300e+00  2.376570e-03
  4.238600e+00  1.048500e-03
  4.128800e+00  2.446470e-03
  4.021900e+00  3.634745e-03
  3.917700e+00  2.166885e-03
  3.816200e+00  1.328095e-03
  3.717400e+00  9.087001e-04
  3.621100e+00  9.786000e-04
  3.527300e+00  1.048495e-03
  3.435900e+00  9.087001e-04
  3.346900e+00  4.892950e-04
  3.260200e+00  4.194000e-04
  3.175800e+00  6.990000e-05
  3.093500e+00  3.495000e-04
  3.013400e+00  2.097000e-04
  2.935300e+00  2.796000e-04
  2.859300e+00  2.796000e-04
  2.785200e+00  2.796000e-04
  2.713100e+00  5.592000e-04
  2.642800e+00  4.893000e-04
  2.574300e+00  3.495000e-04
  2.507600e+00  4.893000e-04
  2.442700e+00  2.796000e-04
  2.379400e+00  6.990000e-05
  2.317800e+00  3.495000e-04
  2.257700e+00  4.194000e-04
  2.199300e+00  3.495000e-04
  2.142300e+00  3.495000e-04
  2.086800e+00  6.990000e-05
  2.032700e+00  6.990000e-05
  1.980100e+00  4.194000e-04
  1.928800e+00  1.398000e-04
  1.878800e+00  0.000000e+00
  1.830200e+00  1.398000e-04
  1.782800e+00  4.193950e-04
  1.736600e+00  6.990000e-05
  1.691600e+00  6.990000e-05
  1.647800e+00  1.398000e-04
  1.605100e+00  1.398000e-04
  1.563500e+00  2.796000e-04
  1.523000e+00  0.000000e+00
  1.483600e+00  0.000000e+00
  1.445100e+00  6.990000e-05
  1.407700e+00  6.990000e-05
  1.371200e+00  0.000000e+00
  1.335700e+00  6.990000e-05
  1.301100e+00  0.000000e+00
  1.267400e+00  0.000000e+00
  1.234600e+00  6.990000e-05
  1.202600e+00  1.398000e-04
  1.171500e+00  6.990000e-05
  1.141100e+00  0.000000e+00
  1.111600e+00  0.000000e+00
  1.082800e+00  6.990000e-05
  1.054700e+00  0.000000e+00
  1.027400e+00  6.990000e-05
  1.000800e+00  6.990000e-05
  9.749000e-01  0.000000e+00
  9.496000e-01  0.000000e+00
  9.250000e-01  6.990000e-05
  9.010000e-01  6.990000e-05
  8.777000e-01  6.990000e-05
  8.550000e-01  0.000000e+00
  8.328000e-01  0.000000e+00
  8.113000e-01  6.990000e-05
  7.902000e-01  6.990000e-05
  7.698000e-01  0.000000e+00
  7.498000e-01  0.000000e+00
  7.304000e-01  0.000000e+00
  7.115000e-01  0.000000e+00
  6.931000e-01  0.000000e+00
  6.751000e-01  6.990000e-05
  6.576000e-01  0.000000e+00
  6.406000e-01  6.990000e-05
  6.240000e-01  0.000000e+00
  6.078000e-01  0.000000e+00
  5.921000e-01  0.000000e+00
  5.767000e-01  0.000000e+00
  5.618000e-01  0.000000e+00
  5.472000e-01  0.000000e+00
  5.331000e-01  6.990000e-05
  5.193000e-01  0.000000e+00
  5.058000e-01  6.990000e-05
  4.927000e-01  0.000000e+00
  4.799000e-01  0.000000e+00
  4.675000e-01  0.000000e+00
  4.554000e-01  0.000000e+00
  4.436000e-01  0.000000e+00
  4.321000e-01  0.000000e+00
  4.209000e-01  0.000000e+00
  4.100000e-01  6.990000e-05
  3.994000e-01  6.990000e-05
  3.891000e-01  0.000000e+00
  3.790000e-01  6.990000e-05
  3.692000e-01  0.000000e+00
  3.596000e-01  0.000000e+00
  3.503000e-01  0.000000e+00
  3.412000e-01  0.000000e+00
  3.324000e-01  0.000000e+00
  3.238000e-01  6.990000e-05
  3.154000e-01  6.990000e-05
  3.072000e-01  0.000000e+00
  2.992000e-01  6.990000e-05
  2.915000e-01  6.990000e-05
  2.839000e-01  0.000000e+00
  2.766000e-01  0.000000e+00
  2.694000e-01  0.000000e+00
  2.624000e-01  0.000000e+00
  2.556000e-01  0.000000e+00
  2.490000e-01  0.000000e+00
  2.426000e-01  0.000000e+00
  2.363000e-01  0.000000e+00
  2.302000e-01  0.000000e+00
  2.242000e-01  0.000000e+00
  2.184000e-01  0.000000e+00
  2.127000e-01  0.000000e+00
  2.072000e-01  0.000000e+00
  2.019000e-01  0.000000e+00
  1.966000e-01  0.000000e+00
  1.915000e-01  0.000000e+00
  1.866000e-01  0.000000e+00
  1.817000e-01  0.000000e+00
  1.770000e-01  0.000000e+00
  1.725000e-01  0.000000e+00
  1.680000e-01  0.000000e+00
  1.636000e-01  0.000000e+00
  1.594000e-01  0.000000e+00
  1.553000e-01  0.000000e+00
  1.512000e-01  0.000000e+00
  1.473000e-01  0.000000e+00
  1.435000e-01  0.000000e+00
  1.398000e-01  0.000000e+00
  1.362000e-01  0.000000e+00
  1.326000e-01  0.000000e+00
  1.292000e-01  0.000000e+00
  1.259000e-01  0.000000e+00
  1.226000e-01  0.000000e+00
  1.194000e-01  0.000000e+00
  1.163000e-01  0.000000e+00
  1.133000e-01  0.000000e+00
  1.104000e-01  0.000000e+00
  1.075000e-01  0.000000e+00
  1.047000e-01  0.000000e+00
  1.020000e-01  0.000000e+00
  9.940000e-02  0.000000e+00
  9.680000e-02  0.000000e+00
  9.430000e-02  0.000000e+00
  9.190000e-02  0.000000e+00
  8.950000e-02  0.000000e+00
  8.720000e-02  0.000000e+00
  8.490000e-02  0.000000e+00
  8.270000e-02  0.000000e+00
  8.060000e-02  0.000000e+00
  7.850000e-02  0.000000e+00
  7.640000e-02  0.000000e+00
  7.450000e-02  0.000000e+00
  7.250000e-02  0.000000e+00
  7.070000e-02  0.000000e+00
  6.880000e-02  0.000000e+00
  6.700000e-02  0.000000e+00
  6.530000e-02  0.000000e+00
  6.360000e-02  0.000000e+00
  6.200000e-02  0.000000e+00
  6.040000e-02  0.000000e+00
  5.880000e-02  0.000000e+00
  5.730000e-02  0.000000e+00
  5.580000e-02  0.000000e+00
  5.430000e-02  0.000000e+00
  5.290000e-02  0.000000e+00
  5.160000e-02  0.000000e+00
  5.020000e-02  0.000000e+00
  4.890000e-02  0.000000e+00
  4.770000e-02  0.000000e+00
  4.640000e-02  0.000000e+00
  4.520000e-02  0.000000e+00
  4.410000e-02  0.000000e+00
  4.290000e-02  0.000000e+00
  4.180000e-02  0.000000e+00
  4.070000e-02  0.000000e+00
  3.970000e-02  0.000000e+00
  3.860000e-02  0.000000e+00
  3.760000e-02  0.000000e+00
  3.670000e-02  0.000000e+00
  3.570000e-02  0.000000e+00
  3.480000e-02  0.000000e+00
  3.390000e-02  0.000000e+00
  3.300000e-02  0.000000e+00
  3.220000e-02  0.000000e+00
  3.130000e-02  0.000000e+00
  3.050000e-02  0.000000e+00
  2.970000e-02  0.000000e+00
  2.890000e-02  0.000000e+00
  2.820000e-02  0.000000e+00
  2.750000e-02  0.000000e+00
  2.680000e-02  0.000000e+00
  2.610000e-02  0.000000e+00
  2.540000e-02  0.000000e+00
  2.470000e-02  0.000000e+00
  2.410000e-02  0.000000e+00
  2.350000e-02  0.000000e+00
  2.290000e-02  0.000000e+00
  2.230000e-02  0.000000e+00
  2.170000e-02  0.000000e+00
  2.110000e-02  0.000000e+00
  2.060000e-02  0.000000e+00
  2.000000e-02  0.000000e+00
  1.950000e-02  0.000000e+00
  1.900000e-02  0.000000e+00
  1.850000e-02  0.000000e+00
  1.800000e-02  0.000000e+00
  1.760000e-02  0.000000e+00
  1.710000e-02  0.000000e+00
  1.670000e-02  0.000000e+00
  1.630000e-02  0.000000e+00
  1.580000e-02  0.000000e+00
  1.540000e-02  0.000000e+00
  1.500000e-02  0.000000e+00
  1.460000e-02  0.000000e+00
  1.430000e-02  0.000000e+00
  1.390000e-02  0.000000e+00
  1.350000e-02  0.000000e+00
  1.320000e-02  0.000000e+00
  1.280000e-02  0.000000e+00
  1.250000e-02  0.000000e+00
  1.220000e-02  0.000000e+00
  1.190000e-02  0.000000e+00
  1.160000e-02  0.000000e+00
  1.130000e-02  0.000000e+00
  1.100000e-02  0.000000e+00
  1.070000e-02  0.000000e+00
  1.040000e-02  0.000000e+00
  1.010000e-02  0.000000e+00
