  4.934820e+03  0.000000e+00
  4.806990e+03  0.000000e+00
  4.682470e+03  0.000000e+00
  4.561180e+03  0.000000e+00
  4.443030e+03  0.000000e+00
  4.327940e+03  0.000000e+00
  4.215830e+03  0.000000e+00
  4.106630e+03  0.000000e+00
  4.000250e+03  0.000000e+00
  3.896630e+03  0.000000e+00
  3.795700e+03  0.000000e+00
  3.697380e+03  0.000000e+00
  3.601600e+03  0.000000e+00
  3.508310e+03  0.000000e+00
  3.417430e+03  0.000000e+00
  3.328910e+03  0.000000e+00
  3.242680e+03  0.000000e+00
  3.158680e+03  0.000000e+00
  3.076860e+03  0.000000e+00
  2.997160e+03  2.302200e-01
  2.919530e+03  0.000000e+00
  2.843900e+03  0.000000e+00
  2.770230e+03  0.000000e+00
  2.698480e+03  0.000000e+00
  2.628580e+03  0.000000e+00
  2.560490e+03  0.000000e+00
  2.494160e+03  0.000000e+00
  2.429550e+03  0.000000e+00
  2.366620e+03  0.000000e+00
  2.305320e+03  0.000000e+00
  2.245600e+03  0.000000e+00
  2.187430e+03  0.000000e+00
  2.130770e+03  0.000000e+00
  2.075580e+03  0.000000e+00
  2.021810e+03  0.000000e+00
  1.969440e+03  0.000000e+00
  1.918430e+03  0.000000e+00
  1.868730e+03  0.000000e+00
  1.820330e+03  2.302200e-01
  1.773170e+03  0.000000e+00
  1.727240e+03  0.000000e+00
  1.682500e+03  0.000000e+00
  1.638920e+03  0.000000e+00
  1.596470e+03  0.000000e+00
  1.555110e+03  4.604400e-01
  1.514830e+03  0.000000e+00
  1.475590e+03  0.000000e+00
  1.437370e+03  0.000000e+00
  1.400140e+03  2.302200e-01
  1.363870e+03  2.302200e-01
  1.328540e+03  2.302200e-01
  1.294120e+03  6.906550e-01
  1.260600e+03  2.302200e-01
  1.227950e+03  4.604400e-01
  1.196140e+03  0.000000e+00
  1.165160e+03  4.604400e-01
  1.134980e+03  2.302200e-01
  1.105580e+03  0.000000e+00
  1.076940e+03  4.604400e-01
  1.049040e+03  1.151100e+00
  1.021870e+03  6.906600e-01
  9.953980e+02  6.906600e-01
  9.696140e+02  2.302200e-01
  9.444970e+02  6.906600e-01
  9.200320e+02  4.604400e-01
  8.962000e+02  4.604400e-01
  8.729850e+02  6.906600e-01
  8.503720e+02  4.604400e-01
  8.283450e+02  1.381315e+00
  8.068880e+02  1.381315e+00
  7.859870e+02  4.604400e-01
  7.656270e+02  1.611535e+00
  7.457950e+02  1.151095e+00
  7.264760e+02  2.532400e+00
  7.076580e+02  1.611535e+00
  6.893270e+02  3.223075e+00
  6.714710e+02  4.374150e+00
  6.540780e+02  1.841755e+00
  6.371350e+02  2.532410e+00
  6.206310e+02  2.071965e+00
  6.045550e+02  4.374155e+00
  5.888950e+02  4.604370e+00
  5.736410e+02  2.762630e+00
  5.587810e+02  7.827400e+00
  5.443070e+02  6.215870e+00
  5.302080e+02  8.518064e+00
  5.164740e+02  8.978500e+00
  5.030950e+02  8.518024e+00
  4.900630e+02  1.197125e+01
  4.773690e+02  1.035979e+01
  4.650040e+02  1.335255e+01
  4.529580e+02  1.404315e+01
  4.412250e+02  1.749645e+01
  4.297960e+02  1.772655e+01
  4.186630e+02  1.726635e+01
  4.078180e+02  2.210070e+01
  3.972540e+02  2.325195e+01
  3.869640e+02  2.854685e+01
  3.769400e+02  3.292110e+01
  3.671770e+02  3.269085e+01
  3.576650e+02  4.005785e+01
  3.484010e+02  4.120910e+01
  3.393760e+02  4.420185e+01
  3.305850e+02  5.525230e+01
  3.220220e+02  6.077735e+01
  3.136800e+02  7.090715e+01
  3.055550e+02  7.781350e+01
  2.976400e+02  7.482085e+01
  2.899300e+02  8.725266e+01
  2.824200e+02  1.162595e+02
  2.751040e+02  1.273100e+02
  2.679780e+02  1.445765e+02
  2.610370e+02  1.434265e+02
  2.542750e+02  1.547065e+02
  2.476890e+02  1.793395e+02
  2.412730e+02  2.143335e+02
  2.350230e+02  2.251530e+02
  2.289350e+02  2.840885e+02
  2.230050e+02  2.962900e+02
  2.172280e+02  3.409515e+02
  2.116010e+02  3.860750e+02
  2.061200e+02  4.523775e+02
  2.007810e+02  4.786220e+02
  1.955800e+02  5.624225e+02
  1.905140e+02  5.879760e+02
  1.855790e+02  6.798330e+02
  1.807720e+02  7.472855e+02
  1.760890e+02  8.573295e+02
  1.715280e+02  9.678385e+02
  1.670850e+02  1.047720e+03
  1.627570e+02  1.190220e+03
  1.585410e+02  1.312465e+03
  1.544340e+02  1.489510e+03
  1.504340e+02  1.604380e+03
  1.465370e+02  1.771755e+03
  1.427410e+02  2.018090e+03
  1.390440e+02  2.249685e+03
  1.354420e+02  2.431330e+03
  1.319340e+02  2.672360e+03
  1.285160e+02  2.957850e+03
  1.251870e+02  3.305460e+03
  1.219440e+02  3.557555e+03
  1.187850e+02  3.934425e+03
  1.157090e+02  4.309215e+03
  1.127110e+02  4.747780e+03
  1.097920e+02  5.161725e+03
  1.069480e+02  5.672805e+03
  1.041770e+02  6.180880e+03
  1.014790e+02  6.789345e+03
  9.885030e+01  7.417610e+03
  9.628970e+01  8.159845e+03
  9.379550e+01  8.858080e+03
  9.136590e+01  9.633240e+03
  8.899920e+01  1.049420e+04
  8.669380e+01  1.142605e+04
  8.444820e+01  1.240605e+04
  8.226070e+01  1.354925e+04
  8.012980e+01  1.467825e+04
  7.805420e+01  1.576905e+04
  7.603240e+01  1.720235e+04
  7.406290e+01  1.850365e+04
  7.214440e+01  1.983235e+04
  7.027560e+01  2.137710e+04
  6.845520e+01  2.288205e+04
  6.668200e+01  2.452840e+04
  6.495470e+01  2.596745e+04
  6.327220e+01  2.755820e+04
  6.163320e+01  2.910315e+04
  6.003670e+01  3.059500e+04
  5.848160e+01  3.185545e+04
  5.696670e+01  3.317320e+04
  5.549110e+01  3.475955e+04
  5.405370e+01  3.627680e+04
  5.265350e+01  3.770100e+04
  5.128960e+01  3.937370e+04
  4.996100e+01  4.139030e+04
  4.866690e+01  4.290980e+04
  4.740620e+01  4.466380e+04
  4.617830e+01  4.606205e+04
  4.498210e+01  4.774365e+04
  4.381690e+01  4.888165e+04
  4.268190e+01  4.988370e+04
  4.157630e+01  5.095485e+04
  4.049930e+01  5.194420e+04
  3.945030e+01  5.280340e+04
  3.842840e+01  5.352335e+04
  3.743290e+01  5.445690e+04
  3.646330e+01  5.534090e+04
  3.551880e+01  5.618820e+04
  3.459870e+01  5.713805e+04
  3.370250e+01  5.769685e+04
  3.282950e+01  5.860200e+04
  3.197910e+01  5.940775e+04
  3.115070e+01  6.034870e+04
  3.034380e+01  6.138465e+04
  2.955780e+01  6.208630e+04
  2.879220e+01  6.306980e+04
  2.804640e+01  6.442865e+04
  2.731990e+01  6.520325e+04
  2.661220e+01  6.642834e+04
  2.592290e+01  6.732195e+04
  2.525140e+01  6.845220e+04
  2.459730e+01  6.937109e+04
  2.396010e+01  7.060680e+04
  2.333950e+01  7.193866e+04
  2.273490e+01  7.324416e+04
  2.214600e+01  7.469865e+04
  2.157230e+01  7.586600e+04
  2.101350e+01  7.794370e+04
  2.046920e+01  7.912584e+04
  1.993900e+01  8.096080e+04
  1.942250e+01  8.253035e+04
  1.891940e+01  8.367245e+04
  1.842930e+01  8.480684e+04
  1.795200e+01  8.530445e+04
  1.748690e+01  8.569730e+04
  1.703400e+01  8.571730e+04
  1.659270e+01  8.602520e+04
  1.616290e+01  8.551415e+04
  1.574430e+01  8.536555e+04
  1.533640e+01  8.534995e+04
  1.493920e+01  8.511235e+04
  1.455220e+01  8.545170e+04
  1.417520e+01  8.660080e+04
  1.380800e+01  8.815950e+04
  1.345040e+01  9.044805e+04
  1.310200e+01  9.342645e+04
  1.276260e+01  9.685991e+04
  1.243200e+01  1.002655e+05
  1.211000e+01  1.043360e+05
  1.179630e+01  1.083340e+05
  1.149070e+01  1.122265e+05
  1.119310e+01  1.159010e+05
  1.090310e+01  1.200845e+05
  1.062070e+01  1.241350e+05
  1.034560e+01  1.283775e+05
  1.007760e+01  1.317570e+05
  9.816600e+00  1.357635e+05
  9.562300e+00  1.373205e+05
  9.314600e+00  1.360835e+05
  9.073300e+00  1.318805e+05
  8.838300e+00  1.258845e+05
  8.609300e+00  1.193495e+05
  8.386300e+00  1.126265e+05
  8.169100e+00  1.059460e+05
  7.957500e+00  1.000314e+05
  7.751400e+00  9.515145e+04
  7.550600e+00  9.211325e+04
  7.355000e+00  9.032350e+04
  7.164500e+00  8.959345e+04
  6.978900e+00  8.901585e+04
  6.798100e+00  8.902870e+04
  6.622000e+00  8.893930e+04
  6.450500e+00  8.902695e+04
  6.283400e+00  8.918835e+04
  6.120600e+00  8.933520e+04
  5.962100e+00  8.911959e+04
  5.807600e+00  8.880670e+04
  5.657200e+00  8.851616e+04
  5.510700e+00  8.838109e+04
  5.367900e+00  8.930255e+04
  5.228900e+00  8.900116e+04
  5.093400e+00  8.827940e+04
  4.961500e+00  8.840050e+04
  4.833000e+00  9.141666e+04
  4.707800e+00  9.673980e+04
  4.585800e+00  9.128265e+04
  4.467100e+00  9.023115e+04
  4.351300e+00  9.126980e+04
  4.238600e+00  9.255460e+04
  4.128800e+00  9.244555e+04
  4.021900e+00  1.210560e+05
  3.917700e+00  9.832330e+04
  3.816200e+00  8.436355e+04
  3.717400e+00  8.417575e+04
  3.621100e+00  8.348034e+04
  3.527300e+00  8.297825e+04
  3.435900e+00  8.228130e+04
  3.346900e+00  8.165134e+04
  3.260200e+00  8.144455e+04
  3.175800e+00  8.177290e+04
  3.093500e+00  8.061280e+04
  3.013400e+00  8.068330e+04
  2.935300e+00  8.064080e+04
  2.859300e+00  7.991759e+04
  2.785200e+00  8.029705e+04
  2.713100e+00  7.989225e+04
  2.642800e+00  7.898835e+04
  2.574300e+00  8.057416e+04
  2.507600e+00  7.908445e+04
  2.442700e+00  8.228184e+04
  2.379400e+00  8.243160e+04
  2.317800e+00  8.049710e+04
  2.257700e+00  7.799430e+04
  2.199300e+00  8.716035e+04
  2.142300e+00  7.856325e+04
  2.086800e+00  7.615605e+04
  2.032700e+00  7.865190e+04
  1.980100e+00  9.222845e+04
  1.928800e+00  6.944545e+04
  1.878800e+00  6.238835e+04
  1.830200e+00  9.020970e+04
  1.782800e+00  2.141190e+05
  1.736600e+00  1.179540e+05
  1.691600e+00  8.985825e+04
  1.647800e+00  7.313800e+04
  1.605100e+00  6.972675e+04
  1.563500e+00  6.628800e+04
  1.523000e+00  6.422085e+04
  1.483600e+00  6.315335e+04
  1.445100e+00  5.965915e+04
  1.407700e+00  5.816655e+04
  1.371200e+00  5.514885e+04
  1.335700e+00  5.753525e+04
  1.301100e+00  5.085275e+04
  1.267400e+00  3.975375e+04
  1.234600e+00  5.529350e+04
  1.202600e+00  5.926115e+04
  1.171500e+00  5.611460e+04
  1.141100e+00  6.455900e+04
  1.111600e+00  4.162755e+04
  1.082800e+00  3.490660e+04
  1.054700e+00  6.853855e+04
  1.027400e+00  4.806460e+04
  1.000800e+00  3.268540e+04
  9.749000e-01  5.403260e+04
  9.496000e-01  3.959595e+04
  9.250000e-01  4.008720e+04
  9.010000e-01  4.569995e+04
  8.777000e-01  4.948760e+04
  8.550000e-01  4.975045e+04
  8.328000e-01  5.408790e+04
  8.113000e-01  5.764875e+04
  7.902000e-01  6.062895e+04
  7.698000e-01  6.436775e+04
  7.498000e-01  6.724245e+04
  7.304000e-01  6.986105e+04
  7.115000e-01  7.446580e+04
  6.931000e-01  1.359535e+05
  6.751000e-01  9.672560e+05
  6.576000e-01  7.285680e+05
  6.406000e-01  2.161335e+06
  6.240000e-01  5.799455e+05
  6.078000e-01  1.050160e+05
  5.921000e-01  9.897820e+04
  5.767000e-01  9.984485e+04
  5.618000e-01  1.038460e+05
  5.472000e-01  1.034115e+05
  5.331000e-01  1.240855e+05
  5.193000e-01  1.156945e+05
  5.058000e-01  1.219145e+05
  4.927000e-01  2.193435e+05
  4.799000e-01  2.655305e+05
  4.675000e-01  1.572650e+05
  4.554000e-01  1.285575e+05
  4.436000e-01  2.720695e+05
  4.321000e-01  2.933385e+05
  4.209000e-01  2.395115e+05
  4.100000e-01  1.596950e+05
  3.994000e-01  2.694320e+05
  3.891000e-01  3.790605e+05
  3.790000e-01  3.786680e+05
  3.692000e-01  1.254340e+05
  3.596000e-01  1.019720e+05
  3.503000e-01  1.033365e+05
  3.412000e-01  1.006830e+05
  3.324000e-01  1.150090e+05
  3.238000e-01  9.101075e+04
  3.154000e-01  7.198950e+04
  3.072000e-01  1.297230e+05
  2.992000e-01  1.535575e+05
  2.915000e-01  1.842780e+05
  2.839000e-01  1.830940e+05
  2.766000e-01  6.207260e+04
  2.694000e-01  1.930625e+05
  2.624000e-01  5.391390e+05
  2.556000e-01  5.476135e+05
  2.490000e-01  1.718285e+05
  2.426000e-01  1.142125e+05
  2.363000e-01  1.378350e+05
  2.302000e-01  1.215385e+05
  2.242000e-01  8.936835e+04
  2.184000e-01  9.456691e+04
  2.127000e-01  1.091445e+05
  2.072000e-01  9.457309e+04
  2.019000e-01  9.815480e+04
  1.966000e-01  1.315965e+05
  1.915000e-01  1.214220e+05
  1.866000e-01  1.071865e+05
  1.817000e-01  6.561935e+04
  1.770000e-01  5.742915e+04
  1.725000e-01  7.600470e+04
  1.680000e-01  1.156375e+05
  1.636000e-01  1.303455e+05
  1.594000e-01  1.365185e+05
  1.553000e-01  1.662005e+05
  1.512000e-01  1.723945e+05
  1.473000e-01  1.626315e+05
  1.435000e-01  2.594165e+05
  1.398000e-01  1.913050e+05
  1.362000e-01  1.864940e+05
  1.326000e-01  1.875255e+05
  1.292000e-01  1.804620e+05
  1.259000e-01  1.914200e+05
  1.226000e-01  2.268410e+05
  1.194000e-01  2.226980e+05
  1.163000e-01  1.950335e+05
  1.133000e-01  2.011325e+05
  1.104000e-01  2.035250e+05
  1.075000e-01  2.055475e+05
  1.047000e-01  2.069995e+05
  1.020000e-01  2.088480e+05
  9.940000e-02  2.123540e+05
  9.680000e-02  2.166855e+05
  9.430000e-02  2.206900e+05
  9.190000e-02  2.203110e+05
  8.950000e-02  2.247395e+05
  8.720000e-02  2.246290e+05
  8.490000e-02  2.247520e+05
  8.270000e-02  2.242055e+05
  8.060000e-02  2.227595e+05
  7.850000e-02  2.229600e+05
  7.640000e-02  2.230030e+05
  7.450000e-02  2.233725e+05
  7.250000e-02  2.248525e+05
  7.070000e-02  2.278415e+05
  6.880000e-02  2.251020e+05
  6.700000e-02  2.223220e+05
  6.530000e-02  2.184420e+05
  6.360000e-02  2.150985e+05
  6.200000e-02  2.097435e+05
  6.040000e-02  2.044030e+05
  5.880000e-02  1.990085e+05
  5.730000e-02  1.924710e+05
  5.580000e-02  1.854170e+05
  5.430000e-02  1.773300e+05
  5.290000e-02  1.691040e+05
  5.160000e-02  1.602775e+05
  5.020000e-02  1.516895e+05
  4.890000e-02  1.419405e+05
  4.770000e-02  1.326455e+05
  4.640000e-02  1.231865e+05
  4.520000e-02  1.146070e+05
  4.410000e-02  1.057110e+05
  4.290000e-02  9.738905e+04
  4.180000e-02  8.861600e+04
  4.070000e-02  8.065215e+04
  3.970000e-02  7.278691e+04
  3.860000e-02  6.542965e+04
  3.760000e-02  5.852105e+04
  3.670000e-02  5.210890e+04
  3.570000e-02  4.613810e+04
  3.480000e-02  4.049175e+04
  3.390000e-02  3.534340e+04
  3.300000e-02  3.081215e+04
  3.220000e-02  2.677815e+04
  3.130000e-02  2.285370e+04
  3.050000e-02  1.950150e+04
  2.970000e-02  1.658595e+04
  2.890000e-02  1.398965e+04
  2.820000e-02  1.171745e+04
  2.750000e-02  9.870805e+03
  2.680000e-02  8.141880e+03
  2.610000e-02  6.753675e+03
  2.540000e-02  5.512560e+03
  2.470000e-02  4.548415e+03
  2.410000e-02  3.709265e+03
  2.350000e-02  2.992835e+03
  2.290000e-02  2.424655e+03
  2.230000e-02  2.021780e+03
  2.170000e-02  1.654815e+03
  2.110000e-02  1.365650e+03
  2.060000e-02  1.158685e+03
  2.000000e-02  9.867135e+02
  1.950000e-02  8.186534e+02
  1.900000e-02  7.410710e+02
  1.850000e-02  6.697030e+02
  1.800000e-02  5.948825e+02
  1.760000e-02  5.377875e+02
  1.710000e-02  5.110835e+02
  1.670000e-02  4.684930e+02
  1.630000e-02  4.645790e+02
  1.580000e-02  4.378730e+02
  1.540000e-02  4.127800e+02
  1.500000e-02  3.996580e+02
  1.460000e-02  3.770970e+02
  1.430000e-02  3.773270e+02
  1.390000e-02  3.619015e+02
  1.350000e-02  3.365780e+02
  1.320000e-02  3.303615e+02
  1.280000e-02  3.206930e+02
  1.250000e-02  3.015855e+02
  1.220000e-02  2.822465e+02
  1.190000e-02  2.746500e+02
  1.160000e-02  2.408090e+02
  1.130000e-02  2.230820e+02
  1.100000e-02  2.166345e+02
  1.070000e-02  1.989080e+02
  1.040000e-02  1.943030e+02
  1.010000e-02  1.507000e+03
