  4.934820e+03  4.360650e-02
  4.806990e+03  0.000000e+00
  4.682470e+03  0.000000e+00
  4.561180e+03  0.000000e+00
  4.443030e+03  0.000000e+00
  4.327940e+03  1.868850e-02
  4.215830e+03  0.000000e+00
  4.106630e+03  1.245900e-02
  4.000250e+03  0.000000e+00
  3.896630e+03  0.000000e+00
  3.795700e+03  0.000000e+00
  3.697380e+03  0.000000e+00
  3.601600e+03  1.245900e-02
  3.508310e+03  0.000000e+00
  3.417430e+03  0.000000e+00
  3.328910e+03  1.245900e-02
  3.242680e+03  1.245900e-02
  3.158680e+03  1.868850e-02
  3.076860e+03  2.491800e-02
  2.997160e+03  4.360650e-02
  2.919530e+03  6.229500e-03
  2.843900e+03  6.229500e-03
  2.770230e+03  1.868850e-02
  2.698480e+03  6.229500e-03
  2.628580e+03  1.868850e-02
  2.560490e+03  3.737700e-02
  2.494160e+03  6.229500e-03
  2.429550e+03  1.868850e-02
  2.366620e+03  6.229500e-03
  2.305320e+03  4.360650e-02
  2.245600e+03  5.606550e-02
  2.187430e+03  3.114750e-02
  2.130770e+03  2.491800e-02
  2.075580e+03  1.245900e-02
  2.021810e+03  4.983650e-02
  1.969440e+03  4.983600e-02
  1.918430e+03  3.737700e-02
  1.868730e+03  4.360700e-02
  1.820330e+03  5.606550e-02
  1.773170e+03  7.475400e-02
  1.727240e+03  6.852500e-02
  1.682500e+03  3.114750e-02
  1.638920e+03  8.098350e-02
  1.596470e+03  9.344300e-02
  1.555110e+03  8.098350e-02
  1.514830e+03  1.059015e-01
  1.475590e+03  1.059025e-01
  1.437370e+03  1.370500e-01
  1.400140e+03  1.432790e-01
  1.363870e+03  1.432795e-01
  1.328540e+03  1.681975e-01
  1.294120e+03  1.744280e-01
  1.260600e+03  1.744275e-01
  1.227950e+03  2.118055e-01
  1.196140e+03  2.180345e-01
  1.165160e+03  2.180345e-01
  1.134980e+03  2.741025e-01
  1.105580e+03  2.118060e-01
  1.076940e+03  3.675470e-01
  1.049040e+03  3.675440e-01
  1.021870e+03  4.734490e-01
  9.953980e+02  3.426285e-01
  9.696140e+02  5.980410e-01
  9.444970e+02  5.855790e-01
  9.200320e+02  6.229590e-01
  8.962000e+02  6.416475e-01
  8.729850e+02  7.973830e-01
  8.503720e+02  9.842680e-01
  8.283450e+02  1.002957e+00
  8.068880e+02  1.277060e+00
  7.859870e+02  1.301980e+00
  7.656270e+02  1.401660e+00
  7.457950e+02  1.582315e+00
  7.264760e+02  1.669540e+00
  7.076580e+02  2.130515e+00
  6.893270e+02  2.167895e+00
  6.714710e+02  2.597740e+00
  6.540780e+02  2.709870e+00
  6.371350e+02  2.977730e+00
  6.206310e+02  3.444965e+00
  6.045550e+02  3.731530e+00
  5.888950e+02  4.304645e+00
  5.736410e+02  4.753175e+00
  5.587810e+02  5.569255e+00
  5.443070e+02  5.805970e+00
  5.302080e+02  6.945985e+00
  5.164740e+02  7.151570e+00
  5.030950e+02  8.135839e+00
  4.900630e+02  9.593625e+00
  4.773690e+02  1.046575e+01
  4.650040e+02  1.153095e+01
  4.529580e+02  1.304475e+01
  4.412250e+02  1.384850e+01
  4.297960e+02  1.585440e+01
  4.186630e+02  1.873870e+01
  4.078180e+02  2.050785e+01
  3.972540e+02  2.153570e+01
  3.869640e+02  2.473150e+01
  3.769400e+02  2.771550e+01
  3.671770e+02  3.119775e+01
  3.576650e+02  3.443090e+01
  3.484010e+02  3.790710e+01
  3.393760e+02  4.208090e+01
  3.305850e+02  4.733870e+01
  3.220220e+02  5.262150e+01
  3.136800e+02  5.865165e+01
  3.055550e+02  6.486250e+01
  2.976400e+02  7.117320e+01
  2.899300e+02  7.960790e+01
  2.824200e+02  8.885275e+01
  2.751040e+02  9.608540e+01
  2.679780e+02  1.091440e+02
  2.610370e+02  1.185920e+02
  2.542750e+02  1.312065e+02
  2.476890e+02  1.465620e+02
  2.412730e+02  1.639565e+02
  2.350230e+02  1.793305e+02
  2.289350e+02  2.006490e+02
  2.230050e+02  2.203900e+02
  2.172280e+02  2.426115e+02
  2.116010e+02  2.659850e+02
  2.061200e+02  2.928340e+02
  2.007810e+02  3.222745e+02
  1.955800e+02  3.557335e+02
  1.905140e+02  3.937470e+02
  1.855790e+02  4.353055e+02
  1.807720e+02  4.829995e+02
  1.760890e+02  5.271545e+02
  1.715280e+02  5.729480e+02
  1.670850e+02  6.301795e+02
  1.627570e+02  6.866565e+02
  1.585410e+02  7.473210e+02
  1.544340e+02  8.048190e+02
  1.504340e+02  8.699630e+02
  1.465370e+02  9.379525e+02
  1.427410e+02  1.016825e+03
  1.390440e+02  1.089675e+03
  1.354420e+02  1.160390e+03
  1.319340e+02  1.246775e+03
  1.285160e+02  1.333685e+03
  1.251870e+02  1.418510e+03
  1.219440e+02  1.508560e+03
  1.187850e+02  1.600320e+03
  1.157090e+02  1.698275e+03
  1.127110e+02  1.802530e+03
  1.097920e+02  1.909095e+03
  1.069480e+02  2.029160e+03
  1.041770e+02  2.142620e+03
  1.014790e+02  2.261825e+03
  9.885030e+01  2.381850e+03
  9.628970e+01  2.503605e+03
  9.379550e+01  2.625015e+03
  9.136590e+01  2.759275e+03
  8.899920e+01  2.886830e+03
  8.669380e+01  3.020460e+03
  8.444820e+01  3.147550e+03
  8.226070e+01  3.278745e+03
  8.012980e+01  3.415690e+03
  7.805420e+01  3.542285e+03
  7.603240e+01  3.664480e+03
  7.406290e+01  3.789085e+03
  7.214440e+01  3.886020e+03
  7.027560e+01  3.994935e+03
  6.845520e+01  4.096475e+03
  6.668200e+01  4.170290e+03
  6.495470e+01  4.226355e+03
  6.327220e+01  4.260060e+03
  6.163320e+01  4.263195e+03
  6.003670e+01  4.259560e+03
  5.848160e+01  4.222535e+03
  5.696670e+01  4.180020e+03
  5.549110e+01  4.141930e+03
  5.405370e+01  4.088750e+03
  5.265350e+01  4.024820e+03
  5.128960e+01  3.959470e+03
  4.996100e+01  3.882920e+03
  4.866690e+01  3.749315e+03
  4.740620e+01  3.623430e+03
  4.617830e+01  3.481075e+03
  4.498210e+01  3.305910e+03
  4.381690e+01  3.172485e+03
  4.268190e+01  3.031800e+03
  4.157630e+01  2.891325e+03
  4.049930e+01  2.755000e+03
  3.945030e+01  2.627850e+03
  3.842840e+01  2.524675e+03
  3.743290e+01  2.401015e+03
  3.646330e+01  2.303485e+03
  3.551880e+01  2.200350e+03
  3.459870e+01  2.100550e+03
  3.370250e+01  1.988630e+03
  3.282950e+01  1.889360e+03
  3.197910e+01  1.788005e+03
  3.115070e+01  1.680635e+03
  3.034380e+01  1.592510e+03
  2.955780e+01  1.486020e+03
  2.879220e+01  1.387715e+03
  2.804640e+01  1.294390e+03
  2.731990e+01  1.199645e+03
  2.661220e+01  1.107245e+03
  2.592290e+01  1.016555e+03
  2.525140e+01  9.309561e+02
  2.459730e+01  8.436670e+02
  2.396010e+01  7.652810e+02
  2.333950e+01  6.871000e+02
  2.273490e+01  6.131790e+02
  2.214600e+01  5.368530e+02
  2.157230e+01  4.674625e+02
  2.101350e+01  4.055650e+02
  2.046920e+01  3.472945e+02
  1.993900e+01  2.976540e+02
  1.942250e+01  2.577120e+02
  1.891940e+01  2.230950e+02
  1.842930e+01  2.048730e+02
  1.795200e+01  1.907695e+02
  1.748690e+01  1.903760e+02
  1.703400e+01  1.914420e+02
  1.659270e+01  1.977840e+02
  1.616290e+01  2.124975e+02
  1.574430e+01  2.231055e+02
  1.533640e+01  2.336090e+02
  1.493920e+01  2.387240e+02
  1.455220e+01  2.375040e+02
  1.417520e+01  2.115940e+02
  1.380800e+01  1.700925e+02
  1.345040e+01  1.227540e+02
  1.310200e+01  8.174475e+01
  1.276260e+01  5.282685e+01
  1.243200e+01  3.294835e+01
  1.211000e+01  2.045795e+01
  1.179630e+01  1.142500e+01
  1.149070e+01  7.363375e+00
  1.119310e+01  5.214160e+00
  1.090310e+01  3.968245e+00
  1.062070e+01  2.871840e+00
  1.034560e+01  2.167890e+00
  1.007760e+01  1.775445e+00
  9.816600e+00  1.358045e+00
  9.562300e+00  1.052790e+00
  9.314600e+00  1.208535e+00
  9.073300e+00  1.513790e+00
  8.838300e+00  2.205275e+00
  8.609300e+00  3.800050e+00
  8.386300e+00  7.575180e+00
  8.169100e+00  1.439045e+01
  7.957500e+00  2.673120e+01
  7.751400e+00  3.867955e+01
  7.550600e+00  5.755525e+01
  7.355000e+00  5.877610e+01
  7.164500e+00  5.298265e+01
  6.978900e+00  4.689635e+01
  6.798100e+00  4.053600e+01
  6.622000e+00  3.350905e+01
  6.450500e+00  2.791480e+01
  6.283400e+00  2.344820e+01
  6.120600e+00  2.010285e+01
  5.962100e+00  1.745515e+01
  5.807600e+00  1.600390e+01
  5.657200e+00  1.541195e+01
  5.510700e+00  1.394175e+01
  5.367900e+00  1.303225e+01
  5.228900e+00  1.141260e+01
  5.093400e+00  1.053420e+01
  4.961500e+00  9.294621e+00
  4.833000e+00  8.733880e+00
  4.707800e+00  8.490925e+00
  4.585800e+00  6.727965e+00
  4.467100e+00  6.622050e+00
  4.351300e+00  6.366640e+00
  4.238600e+00  6.136145e+00
  4.128800e+00  5.432205e+00
  4.021900e+00  7.469275e+00
  3.917700e+00  6.123680e+00
  3.816200e+00  5.077120e+00
  3.717400e+00  4.360710e+00
  3.621100e+00  4.373160e+00
  3.527300e+00  4.155135e+00
  3.435900e+00  3.999390e+00
  3.346900e+00  3.214470e+00
  3.260200e+00  3.089875e+00
  3.175800e+00  2.666265e+00
  3.093500e+00  1.488875e+00
  3.013400e+00  1.326900e+00
  2.935300e+00  1.476415e+00
  2.859300e+00  1.800365e+00
  2.785200e+00  2.404620e+00
  2.713100e+00  2.865610e+00
  2.642800e+00  3.027585e+00
  2.574300e+00  2.660040e+00
  2.507600e+00  2.734790e+00
  2.442700e+00  2.429530e+00
  2.379400e+00  2.647570e+00
  2.317800e+00  2.423315e+00
  2.257700e+00  2.597735e+00
  2.199300e+00  2.261335e+00
  2.142300e+00  2.479385e+00
  2.086800e+00  2.379715e+00
  2.032700e+00  2.628895e+00
  1.980100e+00  2.591510e+00
  1.928800e+00  1.962320e+00
  1.878800e+00  1.750510e+00
  1.830200e+00  2.236425e+00
  1.782800e+00  4.491525e+00
  1.736600e+00  2.566590e+00
  1.691600e+00  2.155445e+00
  1.647800e+00  2.062000e+00
  1.605100e+00  2.099370e+00
  1.563500e+00  1.881360e+00
  1.523000e+00  2.037085e+00
  1.483600e+00  1.900030e+00
  1.445100e+00  1.906250e+00
  1.407700e+00  1.769210e+00
  1.371200e+00  1.557405e+00
  1.335700e+00  1.794130e+00
  1.301100e+00  1.706920e+00
  1.267400e+00  1.482640e+00
  1.234600e+00  1.619700e+00
  1.202600e+00  1.744290e+00
  1.171500e+00  1.638385e+00
  1.141100e+00  2.062000e+00
  1.111600e+00  1.812815e+00
  1.082800e+00  1.520020e+00
  1.054700e+00  2.030850e+00
  1.027400e+00  1.912485e+00
  1.000800e+00  1.831505e+00
  9.749000e-01  1.769220e+00
  9.496000e-01  1.738060e+00
  9.250000e-01  1.781675e+00
  9.010000e-01  2.105610e+00
  8.777000e-01  2.111825e+00
  8.550000e-01  2.230205e+00
  8.328000e-01  2.498065e+00
  8.113000e-01  2.473145e+00
  7.902000e-01  2.610205e+00
  7.698000e-01  2.572820e+00
  7.498000e-01  2.728560e+00
  7.304000e-01  2.822000e+00
  7.115000e-01  3.046275e+00
  6.931000e-01  3.482345e+00
  6.751000e-01  6.167295e+00
  6.576000e-01  8.671625e+00
  6.406000e-01  1.005456e+01
  6.240000e-01  3.831195e+00
  6.078000e-01  3.893490e+00
  5.921000e-01  3.843660e+00
  5.767000e-01  4.248575e+00
  5.618000e-01  4.379400e+00
  5.472000e-01  4.236120e+00
  5.331000e-01  5.276460e+00
  5.193000e-01  5.326295e+00
  5.058000e-01  5.724990e+00
  4.927000e-01  5.064660e+00
  4.799000e-01  5.176790e+00
  4.675000e-01  4.927605e+00
  4.554000e-01  4.983665e+00
  4.436000e-01  5.226625e+00
  4.321000e-01  5.531875e+00
  4.209000e-01  5.170560e+00
  4.100000e-01  5.693835e+00
  3.994000e-01  8.285339e+00
  3.891000e-01  7.388295e+00
  3.790000e-01  7.743395e+00
  3.692000e-01  6.933550e+00
  3.596000e-01  6.939770e+00
  3.503000e-01  6.628290e+00
  3.412000e-01  6.646965e+00
  3.324000e-01  6.372865e+00
  3.238000e-01  6.765330e+00
  3.154000e-01  6.335495e+00
  3.072000e-01  6.771570e+00
  2.992000e-01  8.272881e+00
  2.915000e-01  8.578156e+00
  2.839000e-01  9.606025e+00
  2.766000e-01  8.241780e+00
  2.694000e-01  8.385025e+00
  2.624000e-01  7.867980e+00
  2.556000e-01  7.587645e+00
  2.490000e-01  7.294850e+00
  2.426000e-01  6.192220e+00
  2.363000e-01  6.024010e+00
  2.302000e-01  5.313835e+00
  2.242000e-01  5.021060e+00
  2.184000e-01  4.572510e+00
  2.127000e-01  3.918410e+00
  2.072000e-01  3.538395e+00
  2.019000e-01  3.662995e+00
  1.966000e-01  2.952820e+00
  1.915000e-01  3.052510e+00
  1.866000e-01  2.753485e+00
  1.817000e-01  2.311180e+00
  1.770000e-01  2.410840e+00
  1.725000e-01  2.024630e+00
  1.680000e-01  1.906260e+00
  1.636000e-01  1.538720e+00
  1.594000e-01  1.669540e+00
  1.553000e-01  1.233450e+00
  1.512000e-01  1.108860e+00
  1.473000e-01  9.531230e-01
  1.435000e-01  7.849245e-01
  1.398000e-01  8.659100e-01
  1.362000e-01  7.350880e-01
  1.326000e-01  6.229585e-01
  1.292000e-01  5.357440e-01
  1.259000e-01  5.108260e-01
  1.226000e-01  3.924650e-01
  1.194000e-01  4.236130e-01
  1.163000e-01  3.426285e-01
  1.133000e-01  2.741025e-01
  1.104000e-01  2.491830e-01
  1.075000e-01  1.868875e-01
  1.047000e-01  1.868860e-01
  1.020000e-01  2.367240e-01
  9.940000e-02  1.557390e-01
  9.680000e-02  1.121310e-01
  9.430000e-02  1.183615e-01
  9.190000e-02  4.360650e-02
  8.950000e-02  9.344250e-02
  8.720000e-02  7.475400e-02
  8.490000e-02  6.852449e-02
  8.270000e-02  6.852450e-02
  8.060000e-02  6.852500e-02
  7.850000e-02  4.360650e-02
  7.640000e-02  4.360650e-02
  7.450000e-02  3.737700e-02
  7.250000e-02  3.114750e-02
  7.070000e-02  3.737750e-02
  6.880000e-02  5.606550e-02
  6.700000e-02  2.491800e-02
  6.530000e-02  2.491800e-02
  6.360000e-02  4.983600e-02
  6.200000e-02  3.737700e-02
  6.040000e-02  3.737700e-02
  5.880000e-02  4.983600e-02
  5.730000e-02  2.491800e-02
  5.580000e-02  6.229500e-03
  5.430000e-02  2.491800e-02
  5.290000e-02  1.245900e-02
  5.160000e-02  1.868850e-02
  5.020000e-02  1.245900e-02
  4.890000e-02  2.491800e-02
  4.770000e-02  2.491800e-02
  4.640000e-02  3.114750e-02
  4.520000e-02  3.737700e-02
  4.410000e-02  3.114750e-02
  4.290000e-02  6.229500e-03
  4.180000e-02  3.114750e-02
  4.070000e-02  1.245900e-02
  3.970000e-02  2.491800e-02
  3.860000e-02  1.245900e-02
  3.760000e-02  2.491800e-02
  3.670000e-02  2.491800e-02
  3.570000e-02  6.229500e-03
  3.480000e-02  1.868850e-02
  3.390000e-02  3.114750e-02
  3.300000e-02  3.114750e-02
  3.220000e-02  6.229500e-03
  3.130000e-02  1.868850e-02
  3.050000e-02  3.114750e-02
  2.970000e-02  2.491800e-02
  2.890000e-02  3.114750e-02
  2.820000e-02  3.114750e-02
  2.750000e-02  1.868850e-02
  2.680000e-02  1.245900e-02
  2.610000e-02  6.229500e-03
  2.540000e-02  1.868850e-02
  2.470000e-02  1.245900e-02
  2.410000e-02  2.491800e-02
  2.350000e-02  0.000000e+00
  2.290000e-02  6.229500e-03
  2.230000e-02  0.000000e+00
  2.170000e-02  1.245900e-02
  2.110000e-02  6.229500e-03
  2.060000e-02  1.245900e-02
  2.000000e-02  1.245900e-02
  1.950000e-02  6.229500e-03
  1.900000e-02  1.868850e-02
  1.850000e-02  0.000000e+00
  1.800000e-02  1.245900e-02
  1.760000e-02  2.491800e-02
  1.710000e-02  0.000000e+00
  1.670000e-02  1.245900e-02
  1.630000e-02  1.245900e-02
  1.580000e-02  6.229500e-03
  1.540000e-02  0.000000e+00
  1.500000e-02  0.000000e+00
  1.460000e-02  6.229500e-03
  1.430000e-02  0.000000e+00
  1.390000e-02  0.000000e+00
  1.350000e-02  0.000000e+00
  1.320000e-02  0.000000e+00
  1.280000e-02  0.000000e+00
  1.250000e-02  0.000000e+00
  1.220000e-02  0.000000e+00
  1.190000e-02  0.000000e+00
  1.160000e-02  6.229500e-03
  1.130000e-02  0.000000e+00
  1.100000e-02  6.790240e-01
  1.070000e-02  7.724655e-01
  1.040000e-02  6.541050e-01
  1.010000e-02  3.214480e+00
