  4.934820e+03  7.372000e-03
  4.806990e+03  0.000000e+00
  4.682470e+03  0.000000e+00
  4.561180e+03  0.000000e+00
  4.443030e+03  0.000000e+00
  4.327940e+03  0.000000e+00
  4.215830e+03  0.000000e+00
  4.106630e+03  0.000000e+00
  4.000250e+03  0.000000e+00
  3.896630e+03  0.000000e+00
  3.795700e+03  7.372000e-03
  3.697380e+03  7.372000e-03
  3.601600e+03  0.000000e+00
  3.508310e+03  7.372000e-03
  3.417430e+03  7.372000e-03
  3.328910e+03  0.000000e+00
  3.242680e+03  7.372000e-03
  3.158680e+03  0.000000e+00
  3.076860e+03  1.474400e-02
  2.997160e+03  2.211600e-02
  2.919530e+03  0.000000e+00
  2.843900e+03  1.474400e-02
  2.770230e+03  1.474400e-02
  2.698480e+03  1.474400e-02
  2.628580e+03  0.000000e+00
  2.560490e+03  7.372000e-03
  2.494160e+03  0.000000e+00
  2.429550e+03  7.372000e-03
  2.366620e+03  1.474400e-02
  2.305320e+03  3.685950e-02
  2.245600e+03  0.000000e+00
  2.187430e+03  1.474400e-02
  2.130770e+03  3.686000e-02
  2.075580e+03  1.474400e-02
  2.021810e+03  4.423200e-02
  1.969440e+03  4.423200e-02
  1.918430e+03  4.423200e-02
  1.868730e+03  6.634750e-02
  1.820330e+03  4.423150e-02
  1.773170e+03  3.685950e-02
  1.727240e+03  3.686000e-02
  1.682500e+03  4.423150e-02
  1.638920e+03  1.032070e-01
  1.596470e+03  5.160350e-02
  1.555110e+03  7.371950e-02
  1.514830e+03  5.897500e-02
  1.475590e+03  8.109100e-02
  1.437370e+03  4.423200e-02
  1.400140e+03  8.109050e-02
  1.363870e+03  1.179500e-01
  1.328540e+03  1.253215e-01
  1.294120e+03  1.179500e-01
  1.260600e+03  1.695520e-01
  1.227950e+03  1.400655e-01
  1.196140e+03  1.916675e-01
  1.165160e+03  1.695535e-01
  1.134980e+03  1.842960e-01
  1.105580e+03  2.211560e-01
  1.076940e+03  3.464720e-01
  1.049040e+03  2.948720e-01
  1.021870e+03  3.538470e-01
  9.953980e+02  3.464745e-01
  9.696140e+02  4.054495e-01
  9.444970e+02  5.676260e-01
  9.200320e+02  4.496800e-01
  8.962000e+02  5.086505e-01
  8.729850e+02  6.781980e-01
  8.503720e+02  6.708300e-01
  8.283450e+02  6.413435e-01
  8.068880e+02  8.403790e-01
  7.859870e+02  1.135250e+00
  7.656270e+02  1.186855e+00
  7.457950e+02  1.113140e+00
  7.264760e+02  1.319550e+00
  7.076580e+02  1.503850e+00
  6.893270e+02  1.489100e+00
  6.714710e+02  1.990370e+00
  6.540780e+02  2.403195e+00
  6.371350e+02  2.344225e+00
  6.206310e+02  2.675945e+00
  6.045550e+02  3.206715e+00
  5.888950e+02  3.508945e+00
  5.736410e+02  3.936505e+00
  5.587810e+02  4.246125e+00
  5.443070e+02  4.555745e+00
  5.302080e+02  5.093890e+00
  5.164740e+02  5.831060e+00
  5.030950e+02  6.641950e+00
  4.900630e+02  6.877845e+00
  4.773690e+02  8.551250e+00
  4.650040e+02  9.244220e+00
  4.529580e+02  9.679140e+00
  4.412250e+02  1.155900e+01
  4.297960e+02  1.342405e+01
  4.186630e+02  1.388840e+01
  4.078180e+02  1.537005e+01
  3.972540e+02  1.740480e+01
  3.869640e+02  1.948355e+01
  3.769400e+02  2.214485e+01
  3.671770e+02  2.426040e+01
  3.576650e+02  2.667105e+01
  3.484010e+02  3.043060e+01
  3.393760e+02  3.290010e+01
  3.305850e+02  3.699890e+01
  3.220220e+02  4.151770e+01
  3.136800e+02  4.516670e+01
  3.055550e+02  4.807135e+01
  2.976400e+02  5.559045e+01
  2.899300e+02  6.149520e+01
  2.824200e+02  6.757690e+01
  2.751040e+02  7.474235e+01
  2.679780e+02  8.282905e+01
  2.610370e+02  9.035575e+01
  2.542750e+02  9.975465e+01
  2.476890e+02  1.087555e+02
  2.412730e+02  1.230115e+02
  2.350230e+02  1.350065e+02
  2.289350e+02  1.490570e+02
  2.230050e+02  1.626350e+02
  2.172280e+02  1.816395e+02
  2.116010e+02  1.968115e+02
  2.061200e+02  2.121885e+02
  2.007810e+02  2.349750e+02
  1.955800e+02  2.592500e+02
  1.905140e+02  2.886330e+02
  1.855790e+02  3.158730e+02
  1.807720e+02  3.466425e+02
  1.760890e+02  3.795050e+02
  1.715280e+02  4.125610e+02
  1.670850e+02  4.469360e+02
  1.627570e+02  4.840145e+02
  1.585410e+02  5.243020e+02
  1.544340e+02  5.683115e+02
  1.504340e+02  6.092760e+02
  1.465370e+02  6.553870e+02
  1.427410e+02  7.038925e+02
  1.390440e+02  7.576475e+02
  1.354420e+02  8.012000e+02
  1.319340e+02  8.532581e+02
  1.285160e+02  9.074785e+02
  1.251870e+02  9.607020e+02
  1.219440e+02  1.009285e+03
  1.187850e+02  1.076450e+03
  1.157090e+02  1.140520e+03
  1.127110e+02  1.198745e+03
  1.097920e+02  1.262700e+03
  1.069480e+02  1.334740e+03
  1.041770e+02  1.410920e+03
  1.014790e+02  1.481305e+03
  9.885030e+01  1.555825e+03
  9.628970e+01  1.638620e+03
  9.379550e+01  1.713365e+03
  9.136590e+01  1.798190e+03
  8.899920e+01  1.880945e+03
  8.669380e+01  1.960925e+03
  8.444820e+01  2.050535e+03
  8.226070e+01  2.143040e+03
  8.012980e+01  2.236225e+03
  7.805420e+01  2.329860e+03
  7.603240e+01  2.426515e+03
  7.406290e+01  2.524155e+03
  7.214440e+01  2.626795e+03
  7.027560e+01  2.721895e+03
  6.845520e+01  2.830190e+03
  6.668200e+01  2.908480e+03
  6.495470e+01  3.011015e+03
  6.327220e+01  3.068120e+03
  6.163320e+01  3.118265e+03
  6.003670e+01  3.149885e+03
  5.848160e+01  3.179315e+03
  5.696670e+01  3.188175e+03
  5.549110e+01  3.199460e+03
  5.405370e+01  3.231375e+03
  5.265350e+01  3.289315e+03
  5.128960e+01  3.336340e+03
  4.996100e+01  3.384970e+03
  4.866690e+01  3.421525e+03
  4.740620e+01  3.469915e+03
  4.617830e+01  3.478410e+03
  4.498210e+01  3.469310e+03
  4.381690e+01  3.424715e+03
  4.268190e+01  3.364545e+03
  4.157630e+01  3.296250e+03
  4.049930e+01  3.226055e+03
  3.945030e+01  3.148370e+03
  3.842840e+01  3.079320e+03
  3.743290e+01  3.007355e+03
  3.646330e+01  2.919805e+03
  3.551880e+01  2.833570e+03
  3.459870e+01  2.777210e+03
  3.370250e+01  2.704165e+03
  3.282950e+01  2.632175e+03
  3.197910e+01  2.563005e+03
  3.115070e+01  2.497585e+03
  3.034380e+01  2.425935e+03
  2.955780e+01  2.347370e+03
  2.879220e+01  2.279120e+03
  2.804640e+01  2.198490e+03
  2.731990e+01  2.125310e+03
  2.661220e+01  2.038605e+03
  2.592290e+01  1.961485e+03
  2.525140e+01  1.888940e+03
  2.459730e+01  1.801970e+03
  2.396010e+01  1.715355e+03
  2.333950e+01  1.630715e+03
  2.273490e+01  1.542205e+03
  2.214600e+01  1.451125e+03
  2.157230e+01  1.355260e+03
  2.101350e+01  1.261970e+03
  2.046920e+01  1.155010e+03
  1.993900e+01  1.073640e+03
  1.942250e+01  9.851250e+02
  1.891940e+01  9.129110e+02
  1.842930e+01  8.588395e+02
  1.795200e+01  8.145800e+02
  1.748690e+01  7.919550e+02
  1.703400e+01  7.706950e+02
  1.659270e+01  7.626530e+02
  1.616290e+01  7.598650e+02
  1.574430e+01  7.493835e+02
  1.533640e+01  7.366010e+02
  1.493920e+01  7.167715e+02
  1.455220e+01  6.937710e+02
  1.417520e+01  6.404810e+02
  1.380800e+01  5.726080e+02
  1.345040e+01  4.859970e+02
  1.310200e+01  3.987165e+02
  1.276260e+01  3.169935e+02
  1.243200e+01  2.428480e+02
  1.211000e+01  1.868960e+02
  1.179630e+01  1.373055e+02
  1.149070e+01  1.024080e+02
  1.119310e+01  7.873760e+01
  1.090310e+01  6.349285e+01
  1.062070e+01  5.222890e+01
  1.034560e+01  4.086160e+01
  1.007760e+01  3.178705e+01
  9.816600e+00  2.504185e+01
  9.562300e+00  2.022075e+01
  9.314600e+00  2.058930e+01
  9.073300e+00  2.760720e+01
  8.838300e+00  3.898920e+01
  8.609300e+00  5.507440e+01
  8.386300e+00  7.710855e+01
  8.169100e+00  1.034260e+02
  7.957500e+00  1.361265e+02
  7.751400e+00  1.521825e+02
  7.550600e+00  1.725945e+02
  7.355000e+00  1.703695e+02
  7.164500e+00  1.609780e+02
  6.978900e+00  1.513570e+02
  6.798100e+00  1.369375e+02
  6.622000e+00  1.274865e+02
  6.450500e+00  1.168725e+02
  6.283400e+00  1.068835e+02
  6.120600e+00  9.696809e+01
  5.962100e+00  9.088630e+01
  5.807600e+00  8.655915e+01
  5.657200e+00  8.531335e+01
  5.510700e+00  8.117035e+01
  5.367900e+00  7.708645e+01
  5.228900e+00  7.185255e+01
  5.093400e+00  6.685455e+01
  4.961500e+00  6.224705e+01
  4.833000e+00  5.719015e+01
  4.707800e+00  5.452890e+01
  4.585800e+00  4.580800e+01
  4.467100e+00  4.219595e+01
  4.351300e+00  4.013180e+01
  4.238600e+00  3.730110e+01
  4.128800e+00  3.501580e+01
  4.021900e+00  3.940210e+01
  3.917700e+00  3.061500e+01
  3.816200e+00  2.525550e+01
  3.717400e+00  2.266825e+01
  3.621100e+00  2.083260e+01
  3.527300e+00  1.750795e+01
  3.435900e+00  1.478770e+01
  3.346900e+00  1.170640e+01
  3.260200e+00  8.064711e+00
  3.175800e+00  4.658945e+00
  3.093500e+00  2.366335e+00
  3.013400e+00  1.466975e+00
  2.935300e+00  1.953515e+00
  2.859300e+00  2.668575e+00
  2.785200e+00  4.098695e+00
  2.713100e+00  5.941635e+00
  2.642800e+00  5.912150e+00
  2.574300e+00  5.713120e+00
  2.507600e+00  4.703175e+00
  2.442700e+00  4.408300e+00
  2.379400e+00  4.238765e+00
  2.317800e+00  3.523700e+00
  2.257700e+00  2.948715e+00
  2.199300e+00  2.690695e+00
  2.142300e+00  2.336840e+00
  2.086800e+00  2.410565e+00
  2.032700e+00  2.108325e+00
  1.980100e+00  2.115695e+00
  1.928800e+00  1.562825e+00
  1.878800e+00  1.120515e+00
  1.830200e+00  1.408005e+00
  1.782800e+00  2.653830e+00
  1.736600e+00  1.356400e+00
  1.691600e+00  1.194220e+00
  1.647800e+00  8.330040e-01
  1.605100e+00  8.624930e-01
  1.563500e+00  7.666675e-01
  1.523000e+00  6.634545e-01
  1.483600e+00  6.855695e-01
  1.445100e+00  5.012805e-01
  1.407700e+00  5.455090e-01
  1.371200e+00  4.570485e-01
  1.335700e+00  5.012775e-01
  1.301100e+00  2.727570e-01
  1.267400e+00  2.506425e-01
  1.234600e+00  2.580140e-01
  1.202600e+00  3.759605e-01
  1.171500e+00  2.948720e-01
  1.141100e+00  3.612190e-01
  1.111600e+00  2.137835e-01
  1.082800e+00  2.211555e-01
  1.054700e+00  2.432710e-01
  1.027400e+00  2.211545e-01
  1.000800e+00  2.580130e-01
  9.749000e-01  1.916680e-01
  9.496000e-01  2.064110e-01
  9.250000e-01  1.179500e-01
  9.010000e-01  1.326935e-01
  8.777000e-01  1.916685e-01
  8.550000e-01  1.916670e-01
  8.328000e-01  1.179510e-01
  8.113000e-01  2.653855e-01
  7.902000e-01  1.474375e-01
  7.698000e-01  2.432705e-01
  7.498000e-01  1.621800e-01
  7.304000e-01  1.695525e-01
  7.115000e-01  1.842960e-01
  6.931000e-01  2.948715e-01
  6.751000e-01  8.256385e-01
  6.576000e-01  1.231085e+00
  6.406000e-01  1.968270e+00
  6.240000e-01  5.086545e-01
  6.078000e-01  2.211545e-01
  5.921000e-01  3.169875e-01
  5.767000e-01  1.769230e-01
  5.618000e-01  2.875000e-01
  5.472000e-01  2.285270e-01
  5.331000e-01  3.317315e-01
  5.193000e-01  1.842960e-01
  5.058000e-01  2.359000e-01
  4.927000e-01  4.496750e-01
  4.799000e-01  3.685900e-01
  4.675000e-01  2.285265e-01
  4.554000e-01  3.685905e-01
  4.436000e-01  3.759610e-01
  4.321000e-01  3.538465e-01
  4.209000e-01  2.875015e-01
  4.100000e-01  2.285260e-01
  3.994000e-01  5.012820e-01
  3.891000e-01  5.971125e-01
  3.790000e-01  4.496775e-01
  3.692000e-01  3.685895e-01
  3.596000e-01  2.506415e-01
  3.503000e-01  3.317310e-01
  3.412000e-01  3.169870e-01
  3.324000e-01  3.464745e-01
  3.238000e-01  3.022435e-01
  3.154000e-01  2.727570e-01
  3.072000e-01  3.833340e-01
  2.992000e-01  3.685905e-01
  2.915000e-01  4.201915e-01
  2.839000e-01  6.044835e-01
  2.766000e-01  4.865395e-01
  2.694000e-01  5.381350e-01
  2.624000e-01  7.003120e-01
  2.556000e-01  6.413455e-01
  2.490000e-01  4.644220e-01
  2.426000e-01  5.012795e-01
  2.363000e-01  5.602555e-01
  2.302000e-01  4.128210e-01
  2.242000e-01  3.907055e-01
  2.184000e-01  3.907050e-01
  2.127000e-01  3.833335e-01
  2.072000e-01  3.096150e-01
  2.019000e-01  2.727565e-01
  1.966000e-01  2.432705e-01
  1.915000e-01  3.243595e-01
  1.866000e-01  2.211550e-01
  1.817000e-01  3.243580e-01
  1.770000e-01  2.727560e-01
  1.725000e-01  3.391030e-01
  1.680000e-01  2.506420e-01
  1.636000e-01  3.243595e-01
  1.594000e-01  1.990395e-01
  1.553000e-01  1.990390e-01
  1.512000e-01  1.990400e-01
  1.473000e-01  2.064110e-01
  1.435000e-01  1.916670e-01
  1.398000e-01  2.137830e-01
  1.362000e-01  1.621805e-01
  1.326000e-01  1.621810e-01
  1.292000e-01  1.916675e-01
  1.259000e-01  2.211550e-01
  1.226000e-01  2.506420e-01
  1.194000e-01  2.727570e-01
  1.163000e-01  2.137840e-01
  1.133000e-01  1.916675e-01
  1.104000e-01  1.621805e-01
  1.075000e-01  2.211560e-01
  1.047000e-01  1.842960e-01
  1.020000e-01  9.583450e-02
  9.940000e-02  1.400655e-01
  9.680000e-02  1.474370e-01
  9.430000e-02  1.179510e-01
  9.190000e-02  1.105790e-01
  8.950000e-02  1.400660e-01
  8.720000e-02  4.423200e-02
  8.490000e-02  4.423200e-02
  8.270000e-02  5.160350e-02
  8.060000e-02  4.423200e-02
  7.850000e-02  3.685950e-02
  7.640000e-02  3.685950e-02
  7.450000e-02  2.211600e-02
  7.250000e-02  3.686000e-02
  7.070000e-02  3.686000e-02
  6.880000e-02  2.211600e-02
  6.700000e-02  7.372000e-03
  6.530000e-02  0.000000e+00
  6.360000e-02  1.474400e-02
  6.200000e-02  0.000000e+00
  6.040000e-02  0.000000e+00
  5.880000e-02  0.000000e+00
  5.730000e-02  0.000000e+00
  5.580000e-02  0.000000e+00
  5.430000e-02  7.372000e-03
  5.290000e-02  1.474350e-02
  5.160000e-02  7.372000e-03
  5.020000e-02  7.372000e-03
  4.890000e-02  7.372000e-03
  4.770000e-02  0.000000e+00
  4.640000e-02  0.000000e+00
  4.520000e-02  0.000000e+00
  4.410000e-02  0.000000e+00
  4.290000e-02  0.000000e+00
  4.180000e-02  0.000000e+00
  4.070000e-02  0.000000e+00
  3.970000e-02  0.000000e+00
  3.860000e-02  0.000000e+00
  3.760000e-02  0.000000e+00
  3.670000e-02  0.000000e+00
  3.570000e-02  0.000000e+00
  3.480000e-02  7.372000e-03
  3.390000e-02  0.000000e+00
  3.300000e-02  0.000000e+00
  3.220000e-02  0.000000e+00
  3.130000e-02  0.000000e+00
  3.050000e-02  0.000000e+00
  2.970000e-02  0.000000e+00
  2.890000e-02  0.000000e+00
  2.820000e-02  0.000000e+00
  2.750000e-02  0.000000e+00
  2.680000e-02  0.000000e+00
  2.610000e-02  0.000000e+00
  2.540000e-02  0.000000e+00
  2.470000e-02  0.000000e+00
  2.410000e-02  0.000000e+00
  2.350000e-02  0.000000e+00
  2.290000e-02  0.000000e+00
  2.230000e-02  0.000000e+00
  2.170000e-02  0.000000e+00
  2.110000e-02  0.000000e+00
  2.060000e-02  0.000000e+00
  2.000000e-02  0.000000e+00
  1.950000e-02  0.000000e+00
  1.900000e-02  0.000000e+00
  1.850000e-02  0.000000e+00
  1.800000e-02  0.000000e+00
  1.760000e-02  0.000000e+00
  1.710000e-02  0.000000e+00
  1.670000e-02  0.000000e+00
  1.630000e-02  0.000000e+00
  1.580000e-02  0.000000e+00
  1.540000e-02  0.000000e+00
  1.500000e-02  0.000000e+00
  1.460000e-02  0.000000e+00
  1.430000e-02  0.000000e+00
  1.390000e-02  0.000000e+00
  1.350000e-02  0.000000e+00
  1.320000e-02  0.000000e+00
  1.280000e-02  0.000000e+00
  1.250000e-02  0.000000e+00
  1.220000e-02  7.372000e-03
  1.190000e-02  0.000000e+00
  1.160000e-02  0.000000e+00
  1.130000e-02  0.000000e+00
  1.100000e-02  1.474400e-02
  1.070000e-02  0.000000e+00
  1.040000e-02  0.000000e+00
  1.010000e-02  0.000000e+00
