  4.934820e+03  9.788500e-03
  4.806990e+03  0.000000e+00
  4.682470e+03  0.000000e+00
  4.561180e+03  0.000000e+00
  4.443030e+03  0.000000e+00
  4.327940e+03  9.788500e-03
  4.215830e+03  0.000000e+00
  4.106630e+03  0.000000e+00
  4.000250e+03  9.788500e-03
  3.896630e+03  0.000000e+00
  3.795700e+03  1.957700e-02
  3.697380e+03  0.000000e+00
  3.601600e+03  0.000000e+00
  3.508310e+03  0.000000e+00
  3.417430e+03  9.788500e-03
  3.328910e+03  9.788500e-03
  3.242680e+03  0.000000e+00
  3.158680e+03  0.000000e+00
  3.076860e+03  0.000000e+00
  2.997160e+03  0.000000e+00
  2.919530e+03  0.000000e+00
  2.843900e+03  0.000000e+00
  2.770230e+03  9.788500e-03
  2.698480e+03  2.936550e-02
  2.628580e+03  2.936550e-02
  2.560490e+03  1.957700e-02
  2.494160e+03  9.788500e-03
  2.429550e+03  1.957700e-02
  2.366620e+03  9.788500e-03
  2.305320e+03  0.000000e+00
  2.245600e+03  1.957700e-02
  2.187430e+03  1.957700e-02
  2.130770e+03  0.000000e+00
  2.075580e+03  4.894250e-02
  2.021810e+03  3.915400e-02
  1.969440e+03  4.894250e-02
  1.918430e+03  2.936550e-02
  1.868730e+03  9.788500e-03
  1.820330e+03  1.957700e-02
  1.773170e+03  9.788500e-02
  1.727240e+03  5.873100e-02
  1.682500e+03  4.894250e-02
  1.638920e+03  5.873100e-02
  1.596470e+03  4.894250e-02
  1.555110e+03  8.809650e-02
  1.514830e+03  1.272505e-01
  1.475590e+03  6.851950e-02
  1.437370e+03  8.809650e-02
  1.400140e+03  1.370390e-01
  1.363870e+03  9.788500e-02
  1.328540e+03  1.761930e-01
  1.294120e+03  1.174620e-01
  1.260600e+03  2.936550e-01
  1.227950e+03  2.153470e-01
  1.196140e+03  3.328090e-01
  1.165160e+03  2.251355e-01
  1.134980e+03  2.740780e-01
  1.105580e+03  3.523860e-01
  1.076940e+03  4.013275e-01
  1.049040e+03  5.677320e-01
  1.021870e+03  4.796365e-01
  9.953980e+02  5.677330e-01
  9.696140e+02  5.090010e-01
  9.444970e+02  5.579450e-01
  9.200320e+02  6.558285e-01
  8.962000e+02  7.732875e-01
  8.729850e+02  8.418125e-01
  8.503720e+02  1.203985e+00
  8.283450e+02  1.370395e+00
  8.068880e+02  1.252930e+00
  7.859870e+02  1.311655e+00
  7.656270e+02  1.624895e+00
  7.457950e+02  2.006655e+00
  7.264760e+02  2.153485e+00
  7.076580e+02  2.721215e+00
  6.893270e+02  2.779945e+00
  6.714710e+02  3.249800e+00
  6.540780e+02  3.553225e+00
  6.371350e+02  3.807735e+00
  6.206310e+02  4.267805e+00
  6.045550e+02  5.256445e+00
  5.888950e+02  5.579465e+00
  5.736410e+02  6.538740e+00
  5.587810e+02  7.214160e+00
  5.443070e+02  8.339840e+00
  5.302080e+02  9.083771e+00
  5.164740e+02  1.009195e+01
  5.030950e+02  1.152120e+01
  4.900630e+02  1.236285e+01
  4.773690e+02  1.396820e+01
  4.650040e+02  1.553440e+01
  4.529580e+02  1.733560e+01
  4.412250e+02  2.008610e+01
  4.297960e+02  2.318905e+01
  4.186630e+02  2.541115e+01
  4.078180e+02  2.923835e+01
  3.972540e+02  3.349645e+01
  3.869640e+02  3.637425e+01
  3.769400e+02  4.055385e+01
  3.671770e+02  4.487070e+01
  3.576650e+02  5.225135e+01
  3.484010e+02  5.841800e+01
  3.393760e+02  6.380175e+01
  3.305850e+02  7.157395e+01
  3.220220e+02  7.977666e+01
  3.136800e+02  8.827310e+01
  3.055550e+02  1.028085e+02
  2.976400e+02  1.120390e+02
  2.899300e+02  1.245305e+02
  2.824200e+02  1.407500e+02
  2.751040e+02  1.552955e+02
  2.679780e+02  1.734620e+02
  2.610370e+02  1.924225e+02
  2.542750e+02  2.123730e+02
  2.476890e+02  2.391545e+02
  2.412730e+02  2.705060e+02
  2.350230e+02  3.005075e+02
  2.289350e+02  3.333400e+02
  2.230050e+02  3.685580e+02
  2.172280e+02  4.120390e+02
  2.116010e+02  4.607470e+02
  2.061200e+02  5.025445e+02
  2.007810e+02  5.621855e+02
  1.955800e+02  6.255180e+02
  1.905140e+02  6.969925e+02
  1.855790e+02  7.756745e+02
  1.807720e+02  8.568985e+02
  1.760890e+02  9.554610e+02
  1.715280e+02  1.050345e+03
  1.670850e+02  1.150030e+03
  1.627570e+02  1.268180e+03
  1.585410e+02  1.379905e+03
  1.544340e+02  1.502700e+03
  1.504340e+02  1.642420e+03
  1.465370e+02  1.782890e+03
  1.427410e+02  1.934235e+03
  1.390440e+02  2.092875e+03
  1.354420e+02  2.262440e+03
  1.319340e+02  2.442960e+03
  1.285160e+02  2.622505e+03
  1.251870e+02  2.814270e+03
  1.219440e+02  3.003200e+03
  1.187850e+02  3.222705e+03
  1.157090e+02  3.448655e+03
  1.127110e+02  3.665210e+03
  1.097920e+02  3.914930e+03
  1.069480e+02  4.146475e+03
  1.041770e+02  4.405930e+03
  1.014790e+02  4.655040e+03
  9.885030e+01  4.934925e+03
  9.628970e+01  5.196360e+03
  9.379550e+01  5.456465e+03
  9.136590e+01  5.734755e+03
  8.899920e+01  5.969335e+03
  8.669380e+01  6.222845e+03
  8.444820e+01  6.455690e+03
  8.226070e+01  6.684285e+03
  8.012980e+01  6.892910e+03
  7.805420e+01  7.081360e+03
  7.603240e+01  7.233275e+03
  7.406290e+01  7.363880e+03
  7.214440e+01  7.452090e+03
  7.027560e+01  7.515970e+03
  6.845520e+01  7.519970e+03
  6.668200e+01  7.459330e+03
  6.495470e+01  7.382600e+03
  6.327220e+01  7.278690e+03
  6.163320e+01  7.130945e+03
  6.003670e+01  6.906355e+03
  5.848160e+01  6.729925e+03
  5.696670e+01  6.513095e+03
  5.549110e+01  6.277225e+03
  5.405370e+01  5.963535e+03
  5.265350e+01  5.619275e+03
  5.128960e+01  5.260195e+03
  4.996100e+01  4.881645e+03
  4.866690e+01  4.441540e+03
  4.740620e+01  4.004330e+03
  4.617830e+01  3.591600e+03
  4.498210e+01  3.188825e+03
  4.381690e+01  2.925790e+03
  4.268190e+01  2.672975e+03
  4.157630e+01  2.431390e+03
  4.049930e+01  2.191300e+03
  3.945030e+01  1.996615e+03
  3.842840e+01  1.828910e+03
  3.743290e+01  1.669965e+03
  3.646330e+01  1.524895e+03
  3.551880e+01  1.388270e+03
  3.459870e+01  1.253235e+03
  3.370250e+01  1.115790e+03
  3.282950e+01  9.828555e+02
  3.197910e+01  8.689105e+02
  3.115070e+01  7.611870e+02
  3.034380e+01  6.634680e+02
  2.955780e+01  5.655240e+02
  2.879220e+01  4.925695e+02
  2.804640e+01  4.153870e+02
  2.731990e+01  3.531315e+02
  2.661220e+01  2.935775e+02
  2.592290e+01  2.401040e+02
  2.525140e+01  1.997060e+02
  2.459730e+01  1.616180e+02
  2.396010e+01  1.310975e+02
  2.333950e+01  1.033980e+02
  2.273490e+01  8.049110e+01
  2.214600e+01  6.264670e+01
  2.157230e+01  4.768005e+01
  2.101350e+01  3.584560e+01
  2.046920e+01  2.760375e+01
  1.993900e+01  2.107475e+01
  1.942250e+01  1.633710e+01
  1.891940e+01  1.254890e+01
  1.842930e+01  1.097295e+01
  1.795200e+01  1.036610e+01
  1.748690e+01  8.662855e+00
  1.703400e+01  7.605705e+00
  1.659270e+01  7.507825e+00
  1.616290e+01  7.458885e+00
  1.574430e+01  7.654645e+00
  1.533640e+01  8.026635e+00
  1.493920e+01  7.223940e+00
  1.455220e+01  7.028175e+00
  1.417520e+01  5.687145e+00
  1.380800e+01  3.788165e+00
  1.345040e+01  2.270950e+00
  1.310200e+01  1.585745e+00
  1.276260e+01  7.732945e-01
  1.243200e+01  5.579440e-01
  1.211000e+01  6.362510e-01
  1.179630e+01  3.817515e-01
  1.149070e+01  3.719630e-01
  1.119310e+01  3.132310e-01
  1.090310e+01  3.328080e-01
  1.062070e+01  2.349240e-01
  1.034560e+01  2.642895e-01
  1.007760e+01  1.761930e-01
  9.816600e+00  2.349240e-01
  9.562300e+00  9.788500e-02
  9.314600e+00  6.851950e-02
  9.073300e+00  1.174620e-01
  8.838300e+00  1.957700e-01
  8.609300e+00  1.664045e-01
  8.386300e+00  2.349240e-01
  8.169100e+00  5.187905e-01
  7.957500e+00  7.243485e-01
  7.751400e+00  1.145255e+00
  7.550600e+00  1.634680e+00
  7.355000e+00  1.771725e+00
  7.164500e+00  1.517225e+00
  6.978900e+00  1.527015e+00
  6.798100e+00  1.458500e+00
  6.622000e+00  1.624895e+00
  6.450500e+00  1.615100e+00
  6.283400e+00  1.458495e+00
  6.120600e+00  1.527005e+00
  5.962100e+00  1.507435e+00
  5.807600e+00  1.468280e+00
  5.657200e+00  1.546595e+00
  5.510700e+00  1.595530e+00
  5.367900e+00  1.556380e+00
  5.228900e+00  1.507430e+00
  5.093400e+00  1.517215e+00
  4.961500e+00  1.487865e+00
  4.833000e+00  1.272500e+00
  4.707800e+00  1.331245e+00
  4.585800e+00  1.223560e+00
  4.467100e+00  1.135465e+00
  4.351300e+00  1.341025e+00
  4.238600e+00  1.252930e+00
  4.128800e+00  1.164830e+00
  4.021900e+00  1.478070e+00
  3.917700e+00  1.203990e+00
  3.816200e+00  1.008223e+00
  3.717400e+00  1.125675e+00
  3.621100e+00  1.057165e+00
  3.527300e+00  1.272505e+00
  3.435900e+00  1.008223e+00
  3.346900e+00  9.592700e-01
  3.260200e+00  8.026561e-01
  3.175800e+00  7.243490e-01
  3.093500e+00  5.383645e-01
  3.013400e+00  4.796345e-01
  2.935300e+00  5.970985e-01
  2.859300e+00  8.026565e-01
  2.785200e+00  7.243480e-01
  2.713100e+00  7.928670e-01
  2.642800e+00  8.515980e-01
  2.574300e+00  8.613905e-01
  2.507600e+00  8.320185e-01
  2.442700e+00  8.809610e-01
  2.379400e+00  9.103270e-01
  2.317800e+00  8.418135e-01
  2.257700e+00  6.754015e-01
  2.199300e+00  8.613950e-01
  2.142300e+00  6.460420e-01
  2.086800e+00  7.145575e-01
  2.032700e+00  7.830790e-01
  1.980100e+00  7.439260e-01
  1.928800e+00  6.264630e-01
  1.878800e+00  7.928695e-01
  1.830200e+00  7.830800e-01
  1.782800e+00  1.096315e+00
  1.736600e+00  7.928720e-01
  1.691600e+00  7.635040e-01
  1.647800e+00  5.383665e-01
  1.605100e+00  7.145605e-01
  1.563500e+00  7.047710e-01
  1.523000e+00  7.537120e-01
  1.483600e+00  6.754020e-01
  1.445100e+00  6.460400e-01
  1.407700e+00  5.775215e-01
  1.371200e+00  6.851915e-01
  1.335700e+00  6.754085e-01
  1.301100e+00  6.656190e-01
  1.267400e+00  4.600590e-01
  1.234600e+00  6.851930e-01
  1.202600e+00  5.775215e-01
  1.171500e+00  6.264630e-01
  1.141100e+00  7.732880e-01
  1.111600e+00  6.754035e-01
  1.082800e+00  7.047705e-01
  1.054700e+00  7.341350e-01
  1.027400e+00  8.613935e-01
  1.000800e+00  7.243475e-01
  9.749000e-01  6.264645e-01
  9.496000e-01  8.320215e-01
  9.250000e-01  8.418165e-01
  9.010000e-01  8.222350e-01
  8.777000e-01  1.037580e+00
  8.550000e-01  1.164833e+00
  8.328000e-01  1.174630e+00
  8.113000e-01  1.272510e+00
  7.902000e-01  1.301870e+00
  7.698000e-01  1.556375e+00
  7.498000e-01  1.801095e+00
  7.304000e-01  1.712990e+00
  7.115000e-01  1.752150e+00
  6.931000e-01  2.133890e+00
  6.751000e-01  3.024655e+00
  6.576000e-01  4.346110e+00
  6.406000e-01  4.708290e+00
  6.240000e-01  2.310105e+00
  6.078000e-01  2.124110e+00
  5.921000e-01  2.270945e+00
  5.767000e-01  2.212215e+00
  5.618000e-01  2.770165e+00
  5.472000e-01  2.486295e+00
  5.331000e-01  3.347685e+00
  5.193000e-01  3.220435e+00
  5.058000e-01  3.651125e+00
  4.927000e-01  3.220435e+00
  4.799000e-01  3.083395e+00
  4.675000e-01  2.985515e+00
  4.554000e-01  3.161705e+00
  4.436000e-01  3.367250e+00
  4.321000e-01  3.377050e+00
  4.209000e-01  3.474940e+00
  4.100000e-01  3.592395e+00
  3.994000e-01  5.559895e+00
  3.891000e-01  5.021530e+00
  3.790000e-01  4.776815e+00
  3.692000e-01  4.042665e+00
  3.596000e-01  4.522300e+00
  3.503000e-01  4.062260e+00
  3.412000e-01  4.199295e+00
  3.324000e-01  4.013300e+00
  3.238000e-01  3.602185e+00
  3.154000e-01  4.111185e+00
  3.072000e-01  4.561465e+00
  2.992000e-01  4.943210e+00
  2.915000e-01  5.344545e+00
  2.839000e-01  5.706740e+00
  2.766000e-01  5.442440e+00
  2.694000e-01  5.452230e+00
  2.624000e-01  4.649560e+00
  2.556000e-01  4.375470e+00
  2.490000e-01  4.032880e+00
  2.426000e-01  3.700065e+00
  2.363000e-01  3.347680e+00
  2.302000e-01  2.682065e+00
  2.242000e-01  2.623325e+00
  2.184000e-01  2.359030e+00
  2.127000e-01  2.163270e+00
  2.072000e-01  1.742365e+00
  2.019000e-01  1.732580e+00
  1.966000e-01  1.429120e+00
  1.915000e-01  1.282290e+00
  1.866000e-01  1.096315e+00
  1.817000e-01  9.690645e-01
  1.770000e-01  1.027797e+00
  1.725000e-01  7.928695e-01
  1.680000e-01  7.341360e-01
  1.636000e-01  4.306930e-01
  1.594000e-01  4.698470e-01
  1.553000e-01  4.992135e-01
  1.512000e-01  3.719630e-01
  1.473000e-01  3.230205e-01
  1.435000e-01  3.034435e-01
  1.398000e-01  3.425975e-01
  1.362000e-01  2.642895e-01
  1.326000e-01  2.055585e-01
  1.292000e-01  1.761930e-01
  1.259000e-01  1.174620e-01
  1.226000e-01  2.251355e-01
  1.194000e-01  5.873100e-02
  1.163000e-01  9.788500e-02
  1.133000e-01  8.809650e-02
  1.104000e-01  6.851950e-02
  1.075000e-01  8.809650e-02
  1.047000e-01  8.809650e-02
  1.020000e-01  8.809650e-02
  9.940000e-02  5.873100e-02
  9.680000e-02  3.915400e-02
  9.430000e-02  6.851950e-02
  9.190000e-02  2.936550e-02
  8.950000e-02  6.851950e-02
  8.720000e-02  3.915400e-02
  8.490000e-02  3.915400e-02
  8.270000e-02  3.915400e-02
  8.060000e-02  2.936550e-02
  7.850000e-02  3.915400e-02
  7.640000e-02  9.788500e-03
  7.450000e-02  3.915400e-02
  7.250000e-02  4.894250e-02
  7.070000e-02  3.915400e-02
  6.880000e-02  7.830800e-02
  6.700000e-02  3.915400e-02
  6.530000e-02  3.915400e-02
  6.360000e-02  3.915400e-02
  6.200000e-02  1.957700e-02
  6.040000e-02  6.851950e-02
  5.880000e-02  4.894250e-02
  5.730000e-02  2.936550e-02
  5.580000e-02  9.788500e-03
  5.430000e-02  9.788500e-03
  5.290000e-02  2.936550e-02
  5.160000e-02  2.936550e-02
  5.020000e-02  9.788500e-03
  4.890000e-02  1.957700e-02
  4.770000e-02  9.788500e-03
  4.640000e-02  0.000000e+00
  4.520000e-02  0.000000e+00
  4.410000e-02  9.788500e-03
  4.290000e-02  0.000000e+00
  4.180000e-02  9.788500e-03
  4.070000e-02  0.000000e+00
  3.970000e-02  1.957700e-02
  3.860000e-02  9.788500e-03
  3.760000e-02  1.957700e-02
  3.670000e-02  9.788500e-03
  3.570000e-02  1.957700e-02
  3.480000e-02  9.788500e-03
  3.390000e-02  9.788500e-03
  3.300000e-02  0.000000e+00
  3.220000e-02  0.000000e+00
  3.130000e-02  0.000000e+00
  3.050000e-02  9.788500e-03
  2.970000e-02  9.788500e-03
  2.890000e-02  9.788500e-03
  2.820000e-02  0.000000e+00
  2.750000e-02  0.000000e+00
  2.680000e-02  0.000000e+00
  2.610000e-02  9.788500e-03
  2.540000e-02  0.000000e+00
  2.470000e-02  0.000000e+00
  2.410000e-02  0.000000e+00
  2.350000e-02  0.000000e+00
  2.290000e-02  1.957700e-02
  2.230000e-02  0.000000e+00
  2.170000e-02  0.000000e+00
  2.110000e-02  0.000000e+00
  2.060000e-02  0.000000e+00
  2.000000e-02  0.000000e+00
  1.950000e-02  0.000000e+00
  1.900000e-02  0.000000e+00
  1.850000e-02  0.000000e+00
  1.800000e-02  0.000000e+00
  1.760000e-02  0.000000e+00
  1.710000e-02  0.000000e+00
  1.670000e-02  0.000000e+00
  1.630000e-02  0.000000e+00
  1.580000e-02  0.000000e+00
  1.540000e-02  0.000000e+00
  1.500000e-02  0.000000e+00
  1.460000e-02  0.000000e+00
  1.430000e-02  0.000000e+00
  1.390000e-02  0.000000e+00
  1.350000e-02  0.000000e+00
  1.320000e-02  0.000000e+00
  1.280000e-02  0.000000e+00
  1.250000e-02  0.000000e+00
  1.220000e-02  0.000000e+00
  1.190000e-02  0.000000e+00
  1.160000e-02  0.000000e+00
  1.130000e-02  0.000000e+00
  1.100000e-02  0.000000e+00
  1.070000e-02  0.000000e+00
  1.040000e-02  0.000000e+00
  1.010000e-02  4.894250e-02
