  4.934820e+03  1.228350e-02
  4.806990e+03  0.000000e+00
  4.682470e+03  0.000000e+00
  4.561180e+03  0.000000e+00
  4.443030e+03  0.000000e+00
  4.327940e+03  0.000000e+00
  4.215830e+03  1.228350e-02
  4.106630e+03  0.000000e+00
  4.000250e+03  0.000000e+00
  3.896630e+03  0.000000e+00
  3.795700e+03  0.000000e+00
  3.697380e+03  1.228350e-02
  3.601600e+03  0.000000e+00
  3.508310e+03  0.000000e+00
  3.417430e+03  0.000000e+00
  3.328910e+03  2.456700e-02
  3.242680e+03  1.228350e-02
  3.158680e+03  0.000000e+00
  3.076860e+03  0.000000e+00
  2.997160e+03  1.228350e-02
  2.919530e+03  1.228350e-02
  2.843900e+03  0.000000e+00
  2.770230e+03  0.000000e+00
  2.698480e+03  0.000000e+00
  2.628580e+03  1.228350e-02
  2.560490e+03  0.000000e+00
  2.494160e+03  1.228350e-02
  2.429550e+03  3.685050e-02
  2.366620e+03  2.456700e-02
  2.305320e+03  3.685050e-02
  2.245600e+03  1.228350e-02
  2.187430e+03  2.456700e-02
  2.130770e+03  7.370100e-02
  2.075580e+03  1.228350e-02
  2.021810e+03  1.228350e-02
  1.969440e+03  2.456700e-02
  1.918430e+03  6.141750e-02
  1.868730e+03  6.141750e-02
  1.820330e+03  2.456700e-02
  1.773170e+03  6.141700e-02
  1.727240e+03  4.913350e-02
  1.682500e+03  3.685050e-02
  1.638920e+03  7.370050e-02
  1.596470e+03  7.370050e-02
  1.555110e+03  8.598401e-02
  1.514830e+03  8.598400e-02
  1.475590e+03  1.351170e-01
  1.437370e+03  9.826750e-02
  1.400140e+03  4.913400e-02
  1.363870e+03  2.456700e-02
  1.328540e+03  1.351180e-01
  1.294120e+03  7.370050e-02
  1.260600e+03  2.948010e-01
  1.227950e+03  1.474010e-01
  1.196140e+03  2.088175e-01
  1.165160e+03  1.719680e-01
  1.134980e+03  1.596845e-01
  1.105580e+03  2.333840e-01
  1.076940e+03  2.333850e-01
  1.049040e+03  2.333855e-01
  1.021870e+03  2.825170e-01
  9.953980e+02  2.702335e-01
  9.696140e+02  3.070840e-01
  9.444970e+02  4.790490e-01
  9.200320e+02  3.316505e-01
  8.962000e+02  4.422005e-01
  8.729850e+02  6.264500e-01
  8.503720e+02  5.281820e-01
  8.283450e+02  6.510135e-01
  8.068880e+02  8.229815e-01
  7.859870e+02  6.755830e-01
  7.656270e+02  9.458190e-01
  7.457950e+02  9.458200e-01
  7.264760e+02  1.203760e+00
  7.076580e+02  1.633685e+00
  6.893270e+02  1.486285e+00
  6.714710e+02  1.731950e+00
  6.540780e+02  2.100440e+00
  6.371350e+02  2.002180e+00
  6.206310e+02  2.370680e+00
  6.045550e+02  2.505805e+00
  5.888950e+02  3.070835e+00
  5.736410e+02  3.095405e+00
  5.587810e+02  3.402485e+00
  5.443070e+02  3.476180e+00
  5.302080e+02  4.286880e+00
  5.164740e+02  4.974755e+00
  5.030950e+02  5.527490e+00
  4.900630e+02  5.994280e+00
  4.773690e+02  6.706710e+00
  4.650040e+02  7.075215e+00
  4.529580e+02  8.315825e+00
  4.412250e+02  9.286250e+00
  4.297960e+02  1.083385e+01
  4.186630e+02  1.157090e+01
  4.078180e+02  1.292205e+01
  3.972540e+02  1.402755e+01
  3.869640e+02  1.508395e+01
  3.769400e+02  1.815460e+01
  3.671770e+02  1.996050e+01
  3.576650e+02  2.288375e+01
  3.484010e+02  2.492285e+01
  3.393760e+02  2.720750e+01
  3.305850e+02  3.038895e+01
  3.220220e+02  3.354575e+01
  3.136800e+02  3.635870e+01
  3.055550e+02  3.956465e+01
  2.976400e+02  4.468670e+01
  2.899300e+02  4.862975e+01
  2.824200e+02  5.413265e+01
  2.751040e+02  6.005320e+01
  2.679780e+02  6.647740e+01
  2.610370e+02  7.313515e+01
  2.542750e+02  8.082465e+01
  2.476890e+02  8.949650e+01
  2.412730e+02  9.819365e+01
  2.350230e+02  1.100205e+02
  2.289350e+02  1.202545e+02
  2.230050e+02  1.331270e+02
  2.172280e+02  1.444025e+02
  2.116010e+02  1.587750e+02
  2.061200e+02  1.731340e+02
  2.007810e+02  1.884530e+02
  1.955800e+02  2.112730e+02
  1.905140e+02  2.317385e+02
  1.855790e+02  2.544500e+02
  1.807720e+02  2.838075e+02
  1.760890e+02  3.101680e+02
  1.715280e+02  3.370795e+02
  1.670850e+02  3.654790e+02
  1.627570e+02  4.003645e+02
  1.585410e+02  4.299915e+02
  1.544340e+02  4.637950e+02
  1.504340e+02  4.949210e+02
  1.465370e+02  5.372625e+02
  1.427410e+02  5.798475e+02
  1.390440e+02  6.138240e+02
  1.354420e+02  6.609180e+02
  1.319340e+02  7.051625e+02
  1.285160e+02  7.472090e+02
  1.251870e+02  7.983210e+02
  1.219440e+02  8.389905e+02
  1.187850e+02  8.892770e+02
  1.157090e+02  9.393455e+02
  1.127110e+02  1.000086e+03
  1.097920e+02  1.058235e+03
  1.069480e+02  1.118640e+03
  1.041770e+02  1.180100e+03
  1.014790e+02  1.243955e+03
  9.885030e+01  1.318635e+03
  9.628970e+01  1.389255e+03
  9.379550e+01  1.459890e+03
  9.136590e+01  1.526660e+03
  8.899920e+01  1.605275e+03
  8.669380e+01  1.688430e+03
  8.444820e+01  1.767920e+03
  8.226070e+01  1.844740e+03
  8.012980e+01  1.936395e+03
  7.805420e+01  2.027615e+03
  7.603240e+01  2.121955e+03
  7.406290e+01  2.205605e+03
  7.214440e+01  2.314855e+03
  7.027560e+01  2.406520e+03
  6.845520e+01  2.504540e+03
  6.668200e+01  2.608635e+03
  6.495470e+01  2.685550e+03
  6.327220e+01  2.757190e+03
  6.163320e+01  2.816455e+03
  6.003670e+01  2.853180e+03
  5.848160e+01  2.880865e+03
  5.696670e+01  2.909405e+03
  5.549110e+01  2.932120e+03
  5.405370e+01  2.977660e+03
  5.265350e+01  3.050675e+03
  5.128960e+01  3.105245e+03
  4.996100e+01  3.164975e+03
  4.866690e+01  3.219425e+03
  4.740620e+01  3.280010e+03
  4.617830e+01  3.330155e+03
  4.498210e+01  3.344810e+03
  4.381690e+01  3.311270e+03
  4.268190e+01  3.274010e+03
  4.157630e+01  3.199700e+03
  4.049930e+01  3.154480e+03
  3.945030e+01  3.102865e+03
  3.842840e+01  3.034625e+03
  3.743290e+01  2.948890e+03
  3.646330e+01  2.890205e+03
  3.551880e+01  2.832070e+03
  3.459870e+01  2.767590e+03
  3.370250e+01  2.697450e+03
  3.282950e+01  2.639725e+03
  3.197910e+01  2.572690e+03
  3.115070e+01  2.516810e+03
  3.034380e+01  2.450760e+03
  2.955780e+01  2.397630e+03
  2.879220e+01  2.320675e+03
  2.804640e+01  2.259115e+03
  2.731990e+01  2.194490e+03
  2.661220e+01  2.129680e+03
  2.592290e+01  2.059270e+03
  2.525140e+01  1.991650e+03
  2.459730e+01  1.910425e+03
  2.396010e+01  1.828885e+03
  2.333950e+01  1.751235e+03
  2.273490e+01  1.677865e+03
  2.214600e+01  1.593880e+03
  2.157230e+01  1.517765e+03
  2.101350e+01  1.422395e+03
  2.046920e+01  1.336885e+03
  1.993900e+01  1.249225e+03
  1.942250e+01  1.174030e+03
  1.891940e+01  1.092195e+03
  1.842930e+01  1.039220e+03
  1.795200e+01  9.923985e+02
  1.748690e+01  9.522665e+02
  1.703400e+01  9.177280e+02
  1.659270e+01  9.001860e+02
  1.616290e+01  8.718975e+02
  1.574430e+01  8.476010e+02
  1.533640e+01  8.240660e+02
  1.493920e+01  7.955320e+02
  1.455220e+01  7.588540e+02
  1.417520e+01  7.103090e+02
  1.380800e+01  6.463510e+02
  1.345040e+01  5.669139e+02
  1.310200e+01  4.950560e+02
  1.276260e+01  4.158295e+02
  1.243200e+01  3.419820e+02
  1.211000e+01  2.777880e+02
  1.179630e+01  2.184835e+02
  1.149070e+01  1.764755e+02
  1.119310e+01  1.443655e+02
  1.090310e+01  1.264700e+02
  1.062070e+01  1.079710e+02
  1.034560e+01  9.156030e+01
  1.007760e+01  7.510040e+01
  9.816600e+00  6.274320e+01
  9.562300e+00  5.096350e+01
  9.314600e+00  5.220410e+01
  9.073300e+00  6.554390e+01
  8.838300e+00  7.947360e+01
  8.609300e+00  9.928575e+01
  8.386300e+00  1.218765e+02
  8.169100e+00  1.488490e+02
  7.957500e+00  1.755785e+02
  7.751400e+00  1.861650e+02
  7.550600e+00  1.993595e+02
  7.355000e+00  1.948760e+02
  7.164500e+00  1.815235e+02
  6.978900e+00  1.720530e+02
  6.798100e+00  1.607765e+02
  6.622000e+00  1.516015e+02
  6.450500e+00  1.423515e+02
  6.283400e+00  1.315535e+02
  6.120600e+00  1.250445e+02
  5.962100e+00  1.182885e+02
  5.807600e+00  1.163345e+02
  5.657200e+00  1.135345e+02
  5.510700e+00  1.155985e+02
  5.367900e+00  1.123925e+02
  5.228900e+00  1.066680e+02
  5.093400e+00  9.972850e+01
  4.961500e+00  9.834035e+01
  4.833000e+00  9.440970e+01
  4.707800e+00  9.417650e+01
  4.585800e+00  8.559070e+01
  4.467100e+00  8.003850e+01
  4.351300e+00  7.688165e+01
  4.238600e+00  7.474425e+01
  4.128800e+00  7.322105e+01
  4.021900e+00  8.269180e+01
  3.917700e+00  6.914294e+01
  3.816200e+00  5.658915e+01
  3.717400e+00  5.240080e+01
  3.621100e+00  4.966145e+01
  3.527300e+00  4.424450e+01
  3.435900e+00  3.979800e+01
  3.346900e+00  3.309130e+01
  3.260200e+00  2.534050e+01
  3.175800e+00  1.561205e+01
  3.093500e+00  8.610640e+00
  3.013400e+00  6.301350e+00
  2.935300e+00  8.094770e+00
  2.859300e+00  1.089525e+01
  2.785200e+00  1.481360e+01
  2.713100e+00  2.080800e+01
  2.642800e+00  1.948135e+01
  2.574300e+00  1.869525e+01
  2.507600e+00  1.632460e+01
  2.442700e+00  1.535415e+01
  2.379400e+00  1.370825e+01
  2.317800e+00  1.288515e+01
  2.257700e+00  1.159560e+01
  2.199300e+00  1.023207e+01
  2.142300e+00  9.617865e+00
  2.086800e+00  8.549191e+00
  2.032700e+00  8.524670e+00
  1.980100e+00  8.856315e+00
  1.928800e+00  6.178525e+00
  1.878800e+00  4.987025e+00
  1.830200e+00  6.264510e+00
  1.782800e+00  1.249220e+01
  1.736600e+00  6.731270e+00
  1.691600e+00  4.765940e+00
  1.647800e+00  3.672720e+00
  1.605100e+00  3.377900e+00
  1.563500e+00  2.874300e+00
  1.523000e+00  2.911150e+00
  1.483600e+00  2.518080e+00
  1.445100e+00  2.591785e+00
  1.407700e+00  1.903920e+00
  1.371200e+00  1.879350e+00
  1.335700e+00  1.928480e+00
  1.301100e+00  1.412570e+00
  1.267400e+00  9.949440e-01
  1.234600e+00  1.130065e+00
  1.202600e+00  1.400300e+00
  1.171500e+00  1.166910e+00
  1.141100e+00  1.424870e+00
  1.111600e+00  7.738480e-01
  1.082800e+00  5.158995e-01
  1.054700e+00  1.265180e+00
  1.027400e+00  6.510130e-01
  1.000800e+00  6.387310e-01
  9.749000e-01  8.352600e-01
  9.496000e-01  6.264485e-01
  9.250000e-01  6.264490e-01
  9.010000e-01  5.650330e-01
  8.777000e-01  6.755821e-01
  8.550000e-01  8.352610e-01
  8.328000e-01  9.089565e-01
  8.113000e-01  6.018825e-01
  7.902000e-01  8.966815e-01
  7.698000e-01  7.738505e-01
  7.498000e-01  9.089585e-01
  7.304000e-01  8.721105e-01
  7.115000e-01  9.580985e-01
  6.931000e-01  1.080925e+00
  6.751000e-01  5.834600e+00
  6.576000e-01  5.846870e+00
  6.406000e-01  1.383110e+01
  6.240000e-01  3.119980e+00
  6.078000e-01  8.598340e-01
  5.921000e-01  8.106990e-01
  5.767000e-01  9.335245e-01
  5.618000e-01  7.001470e-01
  5.472000e-01  1.007234e+00
  5.331000e-01  8.844045e-01
  5.193000e-01  9.826570e-01
  5.058000e-01  9.212430e-01
  4.927000e-01  1.474010e+00
  4.799000e-01  1.031796e+00
  4.675000e-01  9.089600e-01
  4.554000e-01  7.247175e-01
  4.436000e-01  1.154625e+00
  4.321000e-01  1.277465e+00
  4.209000e-01  1.412580e+00
  4.100000e-01  8.229790e-01
  3.994000e-01  1.609110e+00
  3.891000e-01  3.033990e+00
  3.790000e-01  2.407540e+00
  3.692000e-01  7.984145e-01
  3.596000e-01  6.878630e-01
  3.503000e-01  5.404625e-01
  3.412000e-01  8.107015e-01
  3.324000e-01  7.492835e-01
  3.238000e-01  7.615645e-01
  3.154000e-01  7.984190e-01
  3.072000e-01  7.492805e-01
  2.992000e-01  9.580965e-01
  2.915000e-01  1.093210e+00
  2.839000e-01  1.179195e+00
  2.766000e-01  9.949530e-01
  2.694000e-01  1.412585e+00
  2.624000e-01  2.690045e+00
  2.556000e-01  3.648155e+00
  2.490000e-01  1.584540e+00
  2.426000e-01  9.703755e-01
  2.363000e-01  1.326600e+00
  2.302000e-01  1.080930e+00
  2.242000e-01  7.738470e-01
  2.184000e-01  8.352610e-01
  2.127000e-01  5.650335e-01
  2.072000e-01  7.984115e-01
  2.019000e-01  5.036155e-01
  1.966000e-01  7.001490e-01
  1.915000e-01  5.527505e-01
  1.866000e-01  9.581020e-01
  1.817000e-01  5.896005e-01
  1.770000e-01  6.264460e-01
  1.725000e-01  7.124275e-01
  1.680000e-01  7.615660e-01
  1.636000e-01  7.124305e-01
  1.594000e-01  5.895965e-01
  1.553000e-01  8.721160e-01
  1.512000e-01  7.124345e-01
  1.473000e-01  8.229825e-01
  1.435000e-01  7.001495e-01
  1.398000e-01  8.598310e-01
  1.362000e-01  6.878595e-01
  1.326000e-01  7.124280e-01
  1.292000e-01  6.878630e-01
  1.259000e-01  6.510120e-01
  1.226000e-01  8.229805e-01
  1.194000e-01  6.755825e-01
  1.163000e-01  7.738485e-01
  1.133000e-01  6.632960e-01
  1.104000e-01  6.141640e-01
  1.075000e-01  8.598280e-01
  1.047000e-01  7.492840e-01
  1.020000e-01  8.229835e-01
  9.940000e-02  7.001460e-01
  9.680000e-02  8.475495e-01
  9.430000e-02  7.861290e-01
  9.190000e-02  9.703835e-01
  8.950000e-02  6.141635e-01
  8.720000e-02  6.510145e-01
  8.490000e-02  6.632980e-01
  8.270000e-02  5.895965e-01
  8.060000e-02  5.773145e-01
  7.850000e-02  5.281825e-01
  7.640000e-02  4.790500e-01
  7.450000e-02  3.930670e-01
  7.250000e-02  3.562165e-01
  7.070000e-02  3.930665e-01
  6.880000e-02  3.439335e-01
  6.700000e-02  3.070830e-01
  6.530000e-02  3.070820e-01
  6.360000e-02  1.965340e-01
  6.200000e-02  2.825170e-01
  6.040000e-02  1.596835e-01
  5.880000e-02  1.719675e-01
  5.730000e-02  1.351165e-01
  5.580000e-02  9.826800e-02
  5.430000e-02  9.826750e-02
  5.290000e-02  8.598450e-02
  5.160000e-02  1.474010e-01
  5.020000e-02  4.913400e-02
  4.890000e-02  3.685000e-02
  4.770000e-02  3.685000e-02
  4.640000e-02  1.228350e-02
  4.520000e-02  4.913400e-02
  4.410000e-02  1.228350e-02
  4.290000e-02  0.000000e+00
  4.180000e-02  0.000000e+00
  4.070000e-02  2.456700e-02
  3.970000e-02  0.000000e+00
  3.860000e-02  1.228350e-02
  3.760000e-02  1.228350e-02
  3.670000e-02  0.000000e+00
  3.570000e-02  0.000000e+00
  3.480000e-02  0.000000e+00
  3.390000e-02  0.000000e+00
  3.300000e-02  1.228350e-02
  3.220000e-02  0.000000e+00
  3.130000e-02  1.228350e-02
  3.050000e-02  1.228350e-02
  2.970000e-02  0.000000e+00
  2.890000e-02  1.228350e-02
  2.820000e-02  0.000000e+00
  2.750000e-02  0.000000e+00
  2.680000e-02  0.000000e+00
  2.610000e-02  0.000000e+00
  2.540000e-02  0.000000e+00
  2.470000e-02  0.000000e+00
  2.410000e-02  1.228350e-02
  2.350000e-02  1.228350e-02
  2.290000e-02  0.000000e+00
  2.230000e-02  1.228350e-02
  2.170000e-02  0.000000e+00
  2.110000e-02  0.000000e+00
  2.060000e-02  0.000000e+00
  2.000000e-02  1.228350e-02
  1.950000e-02  0.000000e+00
  1.900000e-02  0.000000e+00
  1.850000e-02  1.228350e-02
  1.800000e-02  0.000000e+00
  1.760000e-02  0.000000e+00
  1.710000e-02  0.000000e+00
  1.670000e-02  0.000000e+00
  1.630000e-02  1.228350e-02
  1.580000e-02  0.000000e+00
  1.540000e-02  0.000000e+00
  1.500000e-02  1.228350e-02
  1.460000e-02  0.000000e+00
  1.430000e-02  0.000000e+00
  1.390000e-02  0.000000e+00
  1.350000e-02  0.000000e+00
  1.320000e-02  1.228350e-02
  1.280000e-02  0.000000e+00
  1.250000e-02  0.000000e+00
  1.220000e-02  0.000000e+00
  1.190000e-02  0.000000e+00
  1.160000e-02  2.456700e-02
  1.130000e-02  2.456700e-02
  1.100000e-02  4.913400e-02
  1.070000e-02  0.000000e+00
  1.040000e-02  1.228350e-02
  1.010000e-02  5.269555e+00
