  4.934820e+03  0.000000e+00
  4.806990e+03  0.000000e+00
  4.682470e+03  0.000000e+00
  4.561180e+03  0.000000e+00
  4.443030e+03  0.000000e+00
  4.327940e+03  0.000000e+00
  4.215830e+03  0.000000e+00
  4.106630e+03  0.000000e+00
  4.000250e+03  0.000000e+00
  3.896630e+03  0.000000e+00
  3.795700e+03  0.000000e+00
  3.697380e+03  0.000000e+00
  3.601600e+03  0.000000e+00
  3.508310e+03  0.000000e+00
  3.417430e+03  3.558500e-02
  3.328910e+03  0.000000e+00
  3.242680e+03  0.000000e+00
  3.158680e+03  0.000000e+00
  3.076860e+03  0.000000e+00
  2.997160e+03  0.000000e+00
  2.919530e+03  3.558500e-02
  2.843900e+03  7.117000e-02
  2.770230e+03  0.000000e+00
  2.698480e+03  7.117000e-02
  2.628580e+03  0.000000e+00
  2.560490e+03  3.558500e-02
  2.494160e+03  0.000000e+00
  2.429550e+03  3.558500e-02
  2.366620e+03  3.558500e-02
  2.305320e+03  0.000000e+00
  2.245600e+03  0.000000e+00
  2.187430e+03  0.000000e+00
  2.130770e+03  3.558500e-02
  2.075580e+03  0.000000e+00
  2.021810e+03  3.558500e-02
  1.969440e+03  0.000000e+00
  1.918430e+03  1.067550e-01
  1.868730e+03  7.117000e-02
  1.820330e+03  7.117000e-02
  1.773170e+03  3.558500e-02
  1.727240e+03  1.423400e-01
  1.682500e+03  1.067550e-01
  1.638920e+03  3.558500e-02
  1.596470e+03  3.558500e-02
  1.555110e+03  1.423400e-01
  1.514830e+03  1.423400e-01
  1.475590e+03  3.558500e-02
  1.437370e+03  7.117000e-02
  1.400140e+03  3.202650e-01
  1.363870e+03  2.135100e-01
  1.328540e+03  2.135100e-01
  1.294120e+03  3.202650e-01
  1.260600e+03  3.558500e-01
  1.227950e+03  3.914350e-01
  1.196140e+03  1.779250e-01
  1.165160e+03  5.337750e-01
  1.134980e+03  3.202650e-01
  1.105580e+03  6.405300e-01
  1.076940e+03  6.049450e-01
  1.049040e+03  4.270200e-01
  1.021870e+03  8.896250e-01
  9.953980e+02  3.914350e-01
  9.696140e+02  7.472850e-01
  9.444970e+02  8.184550e-01
  9.200320e+02  1.067550e+00
  8.962000e+02  8.184550e-01
  8.729850e+02  1.352230e+00
  8.503720e+02  1.174305e+00
  8.283450e+02  1.245475e+00
  8.068880e+02  1.423400e+00
  7.859870e+02  1.458985e+00
  7.656270e+02  2.170685e+00
  7.457950e+02  2.384195e+00
  7.264760e+02  2.597705e+00
  7.076580e+02  3.558500e+00
  6.893270e+02  3.487330e+00
  6.714710e+02  3.985520e+00
  6.540780e+02  3.522915e+00
  6.371350e+02  4.981900e+00
  6.206310e+02  5.800350e+00
  6.045550e+02  6.262950e+00
  5.888950e+02  6.440865e+00
  5.736410e+02  7.615130e+00
  5.587810e+02  8.896230e+00
  5.443070e+02  9.358815e+00
  5.302080e+02  1.177855e+01
  5.164740e+02  1.177855e+01
  5.030950e+02  1.341540e+01
  4.900630e+02  1.644020e+01
  4.773690e+02  1.775675e+01
  4.650040e+02  1.971400e+01
  4.529580e+02  2.074600e+01
  4.412250e+02  2.384180e+01
  4.297960e+02  2.736485e+01
  4.186630e+02  3.081640e+01
  4.078180e+02  3.562040e+01
  3.972540e+02  3.907205e+01
  3.869640e+02  4.704310e+01
  3.769400e+02  5.120650e+01
  3.671770e+02  5.440910e+01
  3.576650e+02  6.230905e+01
  3.484010e+02  7.092055e+01
  3.393760e+02  8.056395e+01
  3.305850e+02  9.056310e+01
  3.220220e+02  9.942395e+01
  3.136800e+02  1.117360e+02
  3.055550e+02  1.243690e+02
  2.976400e+02  1.405250e+02
  2.899300e+02  1.569280e+02
  2.824200e+02  1.787435e+02
  2.751040e+02  2.003775e+02
  2.679780e+02  2.246470e+02
  2.610370e+02  2.494140e+02
  2.542750e+02  2.786645e+02
  2.476890e+02  3.111535e+02
  2.412730e+02  3.516845e+02
  2.350230e+02  4.010405e+02
  2.289350e+02  4.330675e+02
  2.230050e+02  4.895050e+02
  2.172280e+02  5.485040e+02
  2.116010e+02  6.099945e+02
  2.061200e+02  6.824805e+02
  2.007810e+02  7.708020e+02
  1.955800e+02  8.476635e+02
  1.905140e+02  9.564835e+02
  1.855790e+02  1.069715e+03
  1.807720e+02  1.202940e+03
  1.760890e+02  1.343260e+03
  1.715280e+02  1.488840e+03
  1.670850e+02  1.654800e+03
  1.627570e+02  1.821510e+03
  1.585410e+02  1.997200e+03
  1.544340e+02  2.216435e+03
  1.504340e+02  2.425355e+03
  1.465370e+02  2.678330e+03
  1.427410e+02  2.917845e+03
  1.390440e+02  3.206975e+03
  1.354420e+02  3.496130e+03
  1.319340e+02  3.792140e+03
  1.285160e+02  4.129890e+03
  1.251870e+02  4.492400e+03
  1.219440e+02  4.868245e+03
  1.187850e+02  5.262565e+03
  1.157090e+02  5.699970e+03
  1.127110e+02  6.127700e+03
  1.097920e+02  6.640645e+03
  1.069480e+02  7.097220e+03
  1.041770e+02  7.671720e+03
  1.014790e+02  8.276891e+03
  9.885030e+01  8.862680e+03
  9.628970e+01  9.473484e+03
  9.379550e+01  1.013595e+04
  9.136590e+01  1.081070e+04
  8.899920e+01  1.151940e+04
  8.669380e+01  1.213650e+04
  8.444820e+01  1.285130e+04
  8.226070e+01  1.358225e+04
  8.012980e+01  1.425800e+04
  7.805420e+01  1.498235e+04
  7.603240e+01  1.563095e+04
  7.406290e+01  1.630360e+04
  7.214440e+01  1.694160e+04
  7.027560e+01  1.746905e+04
  6.845520e+01  1.795895e+04
  6.668200e+01  1.834295e+04
  6.495470e+01  1.863980e+04
  6.327220e+01  1.889105e+04
  6.163320e+01  1.901925e+04
  6.003670e+01  1.904455e+04
  5.848160e+01  1.896190e+04
  5.696670e+01  1.889470e+04
  5.549110e+01  1.874795e+04
  5.405370e+01  1.839120e+04
  5.265350e+01  1.797785e+04
  5.128960e+01  1.742850e+04
  4.996100e+01  1.685495e+04
  4.866690e+01  1.608185e+04
  4.740620e+01  1.529335e+04
  4.617830e+01  1.438200e+04
  4.498210e+01  1.336350e+04
  4.381690e+01  1.268425e+04
  4.268190e+01  1.200980e+04
  4.157630e+01  1.126930e+04
  4.049930e+01  1.056830e+04
  3.945030e+01  9.902455e+03
  3.842840e+01  9.353186e+03
  3.743290e+01  8.753840e+03
  3.646330e+01  8.233609e+03
  3.551880e+01  7.707125e+03
  3.459870e+01  7.159340e+03
  3.370250e+01  6.553440e+03
  3.282950e+01  5.997525e+03
  3.197910e+01  5.490380e+03
  3.115070e+01  4.951050e+03
  3.034380e+01  4.513440e+03
  2.955780e+01  4.054745e+03
  2.879220e+01  3.605270e+03
  2.804640e+01  3.186310e+03
  2.731990e+01  2.804120e+03
  2.661220e+01  2.451935e+03
  2.592290e+01  2.126580e+03
  2.525140e+01  1.827930e+03
  2.459730e+01  1.579965e+03
  2.396010e+01  1.329415e+03
  2.333950e+01  1.138215e+03
  2.273490e+01  9.514630e+02
  2.214600e+01  7.775630e+02
  2.157230e+01  6.369680e+02
  2.101350e+01  5.158360e+02
  2.046920e+01  4.193660e+02
  1.993900e+01  3.408320e+02
  1.942250e+01  2.849990e+02
  1.891940e+01  2.390580e+02
  1.842930e+01  2.102350e+02
  1.795200e+01  1.861790e+02
  1.748690e+01  1.736900e+02
  1.703400e+01  1.591705e+02
  1.659270e+01  1.551485e+02
  1.616290e+01  1.502045e+02
  1.574430e+01  1.463965e+02
  1.533640e+01  1.420910e+02
  1.493920e+01  1.373220e+02
  1.455220e+01  1.273230e+02
  1.417520e+01  1.092085e+02
  1.380800e+01  7.839345e+01
  1.345040e+01  5.633070e+01
  1.310200e+01  4.045980e+01
  1.276260e+01  3.273800e+01
  1.243200e+01  2.654625e+01
  1.211000e+01  2.209815e+01
  1.179630e+01  1.928695e+01
  1.149070e+01  1.885985e+01
  1.119310e+01  1.473205e+01
  1.090310e+01  1.579965e+01
  1.062070e+01  1.562175e+01
  1.034560e+01  1.120915e+01
  1.007760e+01  1.227680e+01
  9.816600e+00  9.536725e+00
  9.562300e+00  9.216375e+00
  9.314600e+00  8.077765e+00
  9.073300e+00  6.013845e+00
  8.838300e+00  5.658010e+00
  8.609300e+00  5.658005e+00
  8.386300e+00  6.191775e+00
  8.169100e+00  6.227360e+00
  7.957500e+00  9.002900e+00
  7.751400e+00  1.099565e+01
  7.550600e+00  1.523030e+01
  7.355000e+00  1.572850e+01
  7.164500e+00  1.683160e+01
  6.978900e+00  1.523025e+01
  6.798100e+00  1.394910e+01
  6.622000e+00  1.327320e+01
  6.450500e+00  1.352220e+01
  6.283400e+00  1.120905e+01
  6.120600e+00  1.071095e+01
  5.962100e+00  1.135155e+01
  5.807600e+00  1.024835e+01
  5.657200e+00  1.106685e+01
  5.510700e+00  1.071095e+01
  5.367900e+00  1.021285e+01
  5.228900e+00  9.750250e+00
  5.093400e+00  1.024834e+01
  4.961500e+00  9.750179e+00
  4.833000e+00  9.109640e+00
  4.707800e+00  8.326815e+00
  4.585800e+00  7.508389e+00
  4.467100e+00  7.970950e+00
  4.351300e+00  7.401655e+00
  4.238600e+00  7.223740e+00
  4.128800e+00  7.615145e+00
  4.021900e+00  7.757450e+00
  3.917700e+00  7.686290e+00
  3.816200e+00  6.974610e+00
  3.717400e+00  6.618810e+00
  3.621100e+00  6.334105e+00
  3.527300e+00  5.907100e+00
  3.435900e+00  6.156190e+00
  3.346900e+00  5.942685e+00
  3.260200e+00  4.875145e+00
  3.175800e+00  4.661635e+00
  3.093500e+00  3.344990e+00
  3.013400e+00  2.775630e+00
  2.935300e+00  2.277440e+00
  2.859300e+00  3.202650e+00
  2.785200e+00  3.416160e+00
  2.713100e+00  5.480085e+00
  2.642800e+00  4.910700e+00
  2.574300e+00  4.483700e+00
  2.507600e+00  3.878765e+00
  2.442700e+00  4.021100e+00
  2.379400e+00  4.341370e+00
  2.317800e+00  3.416160e+00
  2.257700e+00  3.878765e+00
  2.199300e+00  4.626020e+00
  2.142300e+00  3.487330e+00
  2.086800e+00  3.273820e+00
  2.032700e+00  3.665255e+00
  1.980100e+00  3.807595e+00
  1.928800e+00  3.914350e+00
  1.878800e+00  3.273820e+00
  1.830200e+00  3.665250e+00
  1.782800e+00  6.227335e+00
  1.736600e+00  3.522910e+00
  1.691600e+00  2.846800e+00
  1.647800e+00  2.811215e+00
  1.605100e+00  3.095895e+00
  1.563500e+00  2.597705e+00
  1.523000e+00  2.277440e+00
  1.483600e+00  2.846800e+00
  1.445100e+00  2.384195e+00
  1.407700e+00  2.313025e+00
  1.371200e+00  2.775630e+00
  1.335700e+00  1.992760e+00
  1.301100e+00  2.135100e+00
  1.267400e+00  2.099515e+00
  1.234600e+00  2.277440e+00
  1.202600e+00  2.953555e+00
  1.171500e+00  2.846800e+00
  1.141100e+00  2.277440e+00
  1.111600e+00  1.850420e+00
  1.082800e+00  1.921590e+00
  1.054700e+00  2.775630e+00
  1.027400e+00  2.206270e+00
  1.000800e+00  1.850420e+00
  9.749000e-01  2.882385e+00
  9.496000e-01  2.277440e+00
  9.250000e-01  2.277440e+00
  9.010000e-01  2.384195e+00
  8.777000e-01  2.633290e+00
  8.550000e-01  2.917970e+00
  8.328000e-01  3.095895e+00
  8.113000e-01  2.882385e+00
  7.902000e-01  3.451745e+00
  7.698000e-01  3.629670e+00
  7.498000e-01  3.629670e+00
  7.304000e-01  3.487330e+00
  7.115000e-01  3.949935e+00
  6.931000e-01  5.515645e+00
  6.751000e-01  1.505230e+01
  6.576000e-01  2.430430e+01
  6.406000e-01  3.530010e+01
  6.240000e-01  8.291245e+00
  6.078000e-01  5.693585e+00
  5.921000e-01  6.476445e+00
  5.767000e-01  6.583215e+00
  5.618000e-01  7.472795e+00
  5.472000e-01  6.369690e+00
  5.331000e-01  8.220030e+00
  5.193000e-01  8.753851e+00
  5.058000e-01  7.757500e+00
  4.927000e-01  9.785695e+00
  4.799000e-01  9.750205e+00
  4.675000e-01  1.017728e+01
  4.554000e-01  9.323170e+00
  4.436000e-01  1.106680e+01
  4.321000e-01  1.334435e+01
  4.209000e-01  1.014165e+01
  4.100000e-01  1.156505e+01
  3.994000e-01  1.668925e+01
  3.891000e-01  1.939360e+01
  3.790000e-01  1.612000e+01
  3.692000e-01  1.305965e+01
  3.596000e-01  1.462535e+01
  3.503000e-01  1.377135e+01
  3.412000e-01  1.359345e+01
  3.324000e-01  1.352225e+01
  3.238000e-01  1.334435e+01
  3.154000e-01  1.619115e+01
  3.072000e-01  1.665375e+01
  2.992000e-01  2.021210e+01
  2.915000e-01  2.416210e+01
  2.839000e-01  2.882370e+01
  2.766000e-01  2.544330e+01
  2.694000e-01  3.159935e+01
  2.624000e-01  3.405475e+01
  2.556000e-01  3.636770e+01
  2.490000e-01  2.576340e+01
  2.426000e-01  2.405535e+01
  2.363000e-01  2.736470e+01
  2.302000e-01  2.184900e+01
  2.242000e-01  1.875305e+01
  2.184000e-01  1.853965e+01
  2.127000e-01  1.910890e+01
  2.072000e-01  1.750765e+01
  2.019000e-01  1.950040e+01
  1.966000e-01  1.700960e+01
  1.915000e-01  1.700965e+01
  1.866000e-01  1.633335e+01
  1.817000e-01  1.597755e+01
  1.770000e-01  1.572850e+01
  1.725000e-01  1.537255e+01
  1.680000e-01  1.398465e+01
  1.636000e-01  1.423395e+01
  1.594000e-01  1.291730e+01
  1.553000e-01  1.277495e+01
  1.512000e-01  1.327310e+01
  1.473000e-01  1.085325e+01
  1.435000e-01  1.241905e+01
  1.398000e-01  1.117360e+01
  1.362000e-01  1.213445e+01
  1.326000e-01  1.195655e+01
  1.292000e-01  1.092455e+01
  1.259000e-01  1.209880e+01
  1.226000e-01  1.106687e+01
  1.194000e-01  1.067540e+01
  1.163000e-01  1.024838e+01
  1.133000e-01  9.892565e+00
  1.104000e-01  9.429951e+00
  1.075000e-01  9.643415e+00
  1.047000e-01  1.003491e+01
  1.020000e-01  9.892635e+00
  9.940000e-02  8.433556e+00
  9.680000e-02  8.398035e+00
  9.430000e-02  8.291269e+00
  9.190000e-02  6.939025e+00
  8.950000e-02  6.405265e+00
  8.720000e-02  6.049430e+00
  8.490000e-02  5.586845e+00
  8.270000e-02  4.021100e+00
  8.060000e-02  4.554870e+00
  7.850000e-02  3.095895e+00
  7.640000e-02  3.451745e+00
  7.450000e-02  3.167065e+00
  7.250000e-02  2.277440e+00
  7.070000e-02  2.384195e+00
  6.880000e-02  1.779250e+00
  6.700000e-02  1.565740e+00
  6.530000e-02  1.316645e+00
  6.360000e-02  1.067550e+00
  6.200000e-02  1.031965e+00
  6.040000e-02  6.761150e-01
  5.880000e-02  3.202650e-01
  5.730000e-02  3.202650e-01
  5.580000e-02  3.202650e-01
  5.430000e-02  2.490950e-01
  5.290000e-02  1.067550e-01
  5.160000e-02  1.067550e-01
  5.020000e-02  7.117000e-02
  4.890000e-02  1.067550e-01
  4.770000e-02  7.117000e-02
  4.640000e-02  7.117000e-02
  4.520000e-02  1.779250e-01
  4.410000e-02  1.067550e-01
  4.290000e-02  3.558500e-02
  4.180000e-02  3.558500e-02
  4.070000e-02  0.000000e+00
  3.970000e-02  0.000000e+00
  3.860000e-02  0.000000e+00
  3.760000e-02  0.000000e+00
  3.670000e-02  0.000000e+00
  3.570000e-02  7.117000e-02
  3.480000e-02  3.558500e-02
  3.390000e-02  0.000000e+00
  3.300000e-02  0.000000e+00
  3.220000e-02  3.558500e-02
  3.130000e-02  7.117000e-02
  3.050000e-02  3.558500e-02
  2.970000e-02  0.000000e+00
  2.890000e-02  0.000000e+00
  2.820000e-02  7.117000e-02
  2.750000e-02  7.117000e-02
  2.680000e-02  7.117000e-02
  2.610000e-02  7.117000e-02
  2.540000e-02  0.000000e+00
  2.470000e-02  1.067550e-01
  2.410000e-02  3.558500e-02
  2.350000e-02  3.558500e-02
  2.290000e-02  0.000000e+00
  2.230000e-02  0.000000e+00
  2.170000e-02  7.117000e-02
  2.110000e-02  0.000000e+00
  2.060000e-02  3.558500e-02
  2.000000e-02  0.000000e+00
  1.950000e-02  0.000000e+00
  1.900000e-02  0.000000e+00
  1.850000e-02  0.000000e+00
  1.800000e-02  3.558500e-02
  1.760000e-02  3.558500e-02
  1.710000e-02  3.558500e-02
  1.670000e-02  0.000000e+00
  1.630000e-02  7.117000e-02
  1.580000e-02  0.000000e+00
  1.540000e-02  0.000000e+00
  1.500000e-02  3.558500e-02
  1.460000e-02  3.558500e-02
  1.430000e-02  0.000000e+00
  1.390000e-02  0.000000e+00
  1.350000e-02  0.000000e+00
  1.320000e-02  0.000000e+00
  1.280000e-02  3.558500e-02
  1.250000e-02  0.000000e+00
  1.220000e-02  0.000000e+00
  1.190000e-02  3.558500e-02
  1.160000e-02  0.000000e+00
  1.130000e-02  0.000000e+00
  1.100000e-02  3.558500e-02
  1.070000e-02  0.000000e+00
  1.040000e-02  7.117000e-02
  1.010000e-02  7.899810e+00
