  4.934820e+03  0.000000e+00
  4.806990e+03  0.000000e+00
  4.682470e+03  0.000000e+00
  4.561180e+03  0.000000e+00
  4.443030e+03  0.000000e+00
  4.327940e+03  0.000000e+00
  4.215830e+03  0.000000e+00
  4.106630e+03  0.000000e+00
  4.000250e+03  0.000000e+00
  3.896630e+03  0.000000e+00
  3.795700e+03  0.000000e+00
  3.697380e+03  0.000000e+00
  3.601600e+03  0.000000e+00
  3.508310e+03  0.000000e+00
  3.417430e+03  0.000000e+00
  3.328910e+03  0.000000e+00
  3.242680e+03  0.000000e+00
  3.158680e+03  1.946950e-01
  3.076860e+03  0.000000e+00
  2.997160e+03  0.000000e+00
  2.919530e+03  0.000000e+00
  2.843900e+03  0.000000e+00
  2.770230e+03  0.000000e+00
  2.698480e+03  0.000000e+00
  2.628580e+03  0.000000e+00
  2.560490e+03  0.000000e+00
  2.494160e+03  0.000000e+00
  2.429550e+03  0.000000e+00
  2.366620e+03  1.946950e-01
  2.305320e+03  0.000000e+00
  2.245600e+03  0.000000e+00
  2.187430e+03  0.000000e+00
  2.130770e+03  0.000000e+00
  2.075580e+03  1.946950e-01
  2.021810e+03  0.000000e+00
  1.969440e+03  0.000000e+00
  1.918430e+03  1.946950e-01
  1.868730e+03  1.946950e-01
  1.820330e+03  0.000000e+00
  1.773170e+03  1.946950e-01
  1.727240e+03  0.000000e+00
  1.682500e+03  3.893900e-01
  1.638920e+03  3.893900e-01
  1.596470e+03  0.000000e+00
  1.555110e+03  0.000000e+00
  1.514830e+03  1.946950e-01
  1.475590e+03  0.000000e+00
  1.437370e+03  0.000000e+00
  1.400140e+03  3.893900e-01
  1.363870e+03  5.840900e-01
  1.328540e+03  1.946950e-01
  1.294120e+03  3.893900e-01
  1.260600e+03  5.840850e-01
  1.227950e+03  1.946950e-01
  1.196140e+03  7.787800e-01
  1.165160e+03  7.787850e-01
  1.134980e+03  0.000000e+00
  1.105580e+03  5.840850e-01
  1.076940e+03  3.893900e-01
  1.049040e+03  5.840850e-01
  1.021870e+03  9.734800e-01
  9.953980e+02  3.893900e-01
  9.696140e+02  1.168170e+00
  9.444970e+02  1.557570e+00
  9.200320e+02  9.734750e-01
  8.962000e+02  7.787800e-01
  8.729850e+02  2.336345e+00
  8.503720e+02  1.752265e+00
  8.283450e+02  1.752275e+00
  8.068880e+02  2.336355e+00
  7.859870e+02  2.141655e+00
  7.656270e+02  2.336350e+00
  7.457950e+02  1.946950e+00
  7.264760e+02  3.504535e+00
  7.076580e+02  3.115145e+00
  6.893270e+02  2.725745e+00
  6.714710e+02  3.115150e+00
  6.540780e+02  5.062145e+00
  6.371350e+02  5.256830e+00
  6.206310e+02  5.256845e+00
  6.045550e+02  7.593250e+00
  5.888950e+02  6.230350e+00
  5.736410e+02  8.956169e+00
  5.587810e+02  7.398535e+00
  5.443070e+02  9.929665e+00
  5.302080e+02  1.226605e+01
  5.164740e+02  1.323960e+01
  5.030950e+02  1.577060e+01
  4.900630e+02  1.577060e+01
  4.773690e+02  2.414255e+01
  4.650040e+02  2.102740e+01
  4.529580e+02  2.686815e+01
  4.412250e+02  2.764700e+01
  4.297960e+02  3.699220e+01
  4.186630e+02  3.290365e+01
  4.078180e+02  4.536415e+01
  3.972540e+02  4.614300e+01
  3.869640e+02  5.256800e+01
  3.769400e+02  5.626730e+01
  3.671770e+02  6.561290e+01
  3.576650e+02  7.690545e+01
  3.484010e+02  8.410930e+01
  3.393760e+02  9.851670e+01
  3.305850e+02  9.968470e+01
  3.220220e+02  1.199330e+02
  3.136800e+02  1.294735e+02
  3.055550e+02  1.454390e+02
  2.976400e+02  1.742545e+02
  2.899300e+02  1.884655e+02
  2.824200e+02  2.268215e+02
  2.751040e+02  2.361670e+02
  2.679780e+02  2.645935e+02
  2.610370e+02  2.891245e+02
  2.542750e+02  3.430550e+02
  2.476890e+02  3.716760e+02
  2.412730e+02  4.232700e+02
  2.350230e+02  4.958915e+02
  2.289350e+02  5.548855e+02
  2.230050e+02  5.840910e+02
  2.172280e+02  6.872790e+02
  2.116010e+02  8.011765e+02
  2.061200e+02  8.728250e+02
  2.007810e+02  9.933415e+02
  1.955800e+02  1.109385e+03
  1.905140e+02  1.268650e+03
  1.855790e+02  1.398500e+03
  1.807720e+02  1.519205e+03
  1.760890e+02  1.774850e+03
  1.715280e+02  1.939570e+03
  1.670850e+02  2.199685e+03
  1.627570e+02  2.432340e+03
  1.585410e+02  2.706680e+03
  1.544340e+02  2.973020e+03
  1.504340e+02  3.291150e+03
  1.465370e+02  3.675290e+03
  1.427410e+02  4.030610e+03
  1.390440e+02  4.497700e+03
  1.354420e+02  4.883965e+03
  1.319340e+02  5.375190e+03
  1.285160e+02  5.933370e+03
  1.251870e+02  6.422840e+03
  1.219440e+02  7.029720e+03
  1.187850e+02  7.759050e+03
  1.157090e+02  8.406230e+03
  1.127110e+02  8.994605e+03
  1.097920e+02  9.847926e+03
  1.069480e+02  1.080715e+04
  1.041770e+02  1.176665e+04
  1.014790e+02  1.275075e+04
  9.885030e+01  1.394455e+04
  9.628970e+01  1.493685e+04
  9.379550e+01  1.609190e+04
  9.136590e+01  1.743500e+04
  8.899920e+01  1.864725e+04
  8.669380e+01  2.016045e+04
  8.444820e+01  2.145320e+04
  8.226070e+01  2.310825e+04
  8.012980e+01  2.453635e+04
  7.805420e+01  2.613815e+04
  7.603240e+01  2.781435e+04
  7.406290e+01  2.932900e+04
  7.214440e+01  3.083755e+04
  7.027560e+01  3.264605e+04
  6.845520e+01  3.422420e+04
  6.668200e+01  3.571980e+04
  6.495470e+01  3.717975e+04
  6.327220e+01  3.878140e+04
  6.163320e+01  4.007485e+04
  6.003670e+01  4.127765e+04
  5.848160e+01  4.257185e+04
  5.696670e+01  4.368975e+04
  5.549110e+01  4.480935e+04
  5.405370e+01  4.596700e+04
  5.265350e+01  4.667705e+04
  5.128960e+01  4.766120e+04
  4.996100e+01  4.855015e+04
  4.866690e+01  4.906010e+04
  4.740620e+01  4.959095e+04
  4.617830e+01  5.017015e+04
  4.498210e+01  5.024345e+04
  4.381690e+01  5.103740e+04
  4.268190e+01  5.135250e+04
  4.157630e+01  5.147510e+04
  4.049930e+01  5.162470e+04
  3.945030e+01  5.175840e+04
  3.842840e+01  5.183055e+04
  3.743290e+01  5.178890e+04
  3.646330e+01  5.161065e+04
  3.551880e+01  5.153000e+04
  3.459870e+01  5.139040e+04
  3.370250e+01  5.095175e+04
  3.282950e+01  5.069060e+04
  3.197910e+01  5.049500e+04
  3.115070e+01  4.983230e+04
  3.034380e+01  4.955465e+04
  2.955780e+01  4.912730e+04
  2.879220e+01  4.876560e+04
  2.804640e+01  4.818765e+04
  2.731990e+01  4.778380e+04
  2.661220e+01  4.718645e+04
  2.592290e+01  4.654520e+04
  2.525140e+01  4.620285e+04
  2.459730e+01  4.554270e+04
  2.396010e+01  4.500625e+04
  2.333950e+01  4.459840e+04
  2.273490e+01  4.391525e+04
  2.214600e+01  4.347395e+04
  2.157230e+01  4.293025e+04
  2.101350e+01  4.237170e+04
  2.046920e+01  4.164080e+04
  1.993900e+01  4.124430e+04
  1.942250e+01  4.054465e+04
  1.891940e+01  3.963060e+04
  1.842930e+01  3.868475e+04
  1.795200e+01  3.756805e+04
  1.748690e+01  3.619825e+04
  1.703400e+01  3.483210e+04
  1.659270e+01  3.340335e+04
  1.616290e+01  3.171210e+04
  1.574430e+01  3.005755e+04
  1.533640e+01  2.882835e+04
  1.493920e+01  2.742305e+04
  1.455220e+01  2.627820e+04
  1.417520e+01  2.507545e+04
  1.380800e+01  2.422100e+04
  1.345040e+01  2.353400e+04
  1.310200e+01  2.302930e+04
  1.276260e+01  2.251570e+04
  1.243200e+01  2.213855e+04
  1.211000e+01  2.190030e+04
  1.179630e+01  2.141075e+04
  1.149070e+01  2.107530e+04
  1.119310e+01  2.063575e+04
  1.090310e+01  2.011160e+04
  1.062070e+01  1.986015e+04
  1.034560e+01  1.938150e+04
  1.007760e+01  1.887715e+04
  9.816600e+00  1.833735e+04
  9.562300e+00  1.758115e+04
  9.314600e+00  1.622240e+04
  9.073300e+00  1.441680e+04
  8.838300e+00  1.260585e+04
  8.609300e+00  1.072885e+04
  8.386300e+00  9.174710e+03
  8.169100e+00  7.717965e+03
  7.957500e+00  6.748380e+03
  7.751400e+00  5.833295e+03
  7.550600e+00  5.327100e+03
  7.355000e+00  4.801615e+03
  7.164500e+00  4.414355e+03
  6.978900e+00  4.131660e+03
  6.798100e+00  3.776725e+03
  6.622000e+00  3.513495e+03
  6.450500e+00  3.288040e+03
  6.283400e+00  3.067060e+03
  6.120600e+00  2.936415e+03
  5.962100e+00  2.727500e+03
  5.807600e+00  2.625680e+03
  5.657200e+00  2.558115e+03
  5.510700e+00  2.415220e+03
  5.367900e+00  2.356415e+03
  5.228900e+00  2.294505e+03
  5.093400e+00  2.147890e+03
  4.961500e+00  2.090650e+03
  4.833000e+00  2.033420e+03
  4.707800e+00  1.983760e+03
  4.585800e+00  1.960400e+03
  4.467100e+00  1.842600e+03
  4.351300e+00  1.807560e+03
  4.238600e+00  1.798220e+03
  4.128800e+00  1.771165e+03
  4.021900e+00  1.826250e+03
  3.917700e+00  1.695405e+03
  3.816200e+00  1.619480e+03
  3.717400e+00  1.552120e+03
  3.621100e+00  1.550170e+03
  3.527300e+00  1.475420e+03
  3.435900e+00  1.450875e+03
  3.346900e+00  1.370470e+03
  3.260200e+00  1.268245e+03
  3.175800e+00  1.127680e+03
  3.093500e+00  9.859320e+02
  3.013400e+00  8.582230e+02
  2.935300e+00  8.850920e+02
  2.859300e+00  9.359075e+02
  2.785200e+00  9.727030e+02
  2.713100e+00  1.029550e+03
  2.642800e+00  1.017470e+03
  2.574300e+00  9.906130e+02
  2.507600e+00  9.481705e+02
  2.442700e+00  9.436950e+02
  2.379400e+00  8.831440e+02
  2.317800e+00  8.597795e+02
  2.257700e+00  8.118845e+02
  2.199300e+00  8.196745e+02
  2.142300e+00  7.369260e+02
  2.086800e+00  7.266080e+02
  2.032700e+00  7.014910e+02
  1.980100e+00  7.651590e+02
  1.928800e+00  6.391895e+02
  1.878800e+00  5.862315e+02
  1.830200e+00  6.888370e+02
  1.782800e+00  1.119905e+03
  1.736600e+00  7.316700e+02
  1.691600e+00  5.506021e+02
  1.647800e+00  5.009545e+02
  1.605100e+00  4.612380e+02
  1.563500e+00  4.456605e+02
  1.523000e+00  4.295025e+02
  1.483600e+00  4.119790e+02
  1.445100e+00  3.901715e+02
  1.407700e+00  3.654460e+02
  1.371200e+00  3.631095e+02
  1.335700e+00  3.601880e+02
  1.301100e+00  3.193020e+02
  1.267400e+00  2.679045e+02
  1.234600e+00  2.951605e+02
  1.202600e+00  3.150195e+02
  1.171500e+00  3.058685e+02
  1.141100e+00  3.070360e+02
  1.111600e+00  2.418145e+02
  1.082800e+00  2.081310e+02
  1.054700e+00  3.171610e+02
  1.027400e+00  2.497965e+02
  1.000800e+00  1.991745e+02
  9.749000e-01  2.575830e+02
  9.496000e-01  1.978115e+02
  9.250000e-01  2.149450e+02
  9.010000e-01  2.371400e+02
  8.777000e-01  2.548585e+02
  8.550000e-01  2.556365e+02
  8.328000e-01  2.733540e+02
  8.113000e-01  2.963290e+02
  7.902000e-01  3.087890e+02
  7.698000e-01  3.185240e+02
  7.498000e-01  3.473390e+02
  7.304000e-01  3.646665e+02
  7.115000e-01  3.855000e+02
  6.931000e-01  6.222510e+02
  6.751000e-01  3.810610e+03
  6.576000e-01  4.468670e+03
  6.406000e-01  9.620160e+03
  6.240000e-01  1.966635e+03
  6.078000e-01  5.891525e+02
  5.921000e-01  5.932405e+02
  5.767000e-01  5.868160e+02
  5.618000e-01  6.382155e+02
  5.472000e-01  6.401625e+02
  5.331000e-01  7.834595e+02
  5.193000e-01  7.593165e+02
  5.058000e-01  7.731410e+02
  4.927000e-01  1.251510e+03
  4.799000e-01  1.374170e+03
  4.675000e-01  9.360980e+02
  4.554000e-01  8.718495e+02
  4.436000e-01  1.561480e+03
  4.321000e-01  1.607225e+03
  4.209000e-01  1.444260e+03
  4.100000e-01  1.018455e+03
  3.994000e-01  1.921660e+03
  3.891000e-01  2.716595e+03
  3.790000e-01  2.964060e+03
  3.692000e-01  1.086215e+03
  3.596000e-01  8.942405e+02
  3.503000e-01  9.201375e+02
  3.412000e-01  8.973580e+02
  3.324000e-01  9.775800e+02
  3.238000e-01  8.806135e+02
  3.154000e-01  7.371225e+02
  3.072000e-01  1.171680e+03
  2.992000e-01  1.435690e+03
  2.915000e-01  1.639540e+03
  2.839000e-01  1.604110e+03
  2.766000e-01  7.026610e+02
  2.694000e-01  1.640315e+03
  2.624000e-01  3.784900e+03
  2.556000e-01  4.456020e+03
  2.490000e-01  1.629800e+03
  2.426000e-01  1.609760e+03
  2.363000e-01  1.738455e+03
  2.302000e-01  1.187655e+03
  2.242000e-01  9.378465e+02
  2.184000e-01  9.575215e+02
  2.127000e-01  1.056615e+03
  2.072000e-01  1.061090e+03
  2.019000e-01  1.092040e+03
  1.966000e-01  1.268835e+03
  1.915000e-01  1.470735e+03
  1.866000e-01  1.538100e+03
  1.817000e-01  1.204590e+03
  1.770000e-01  1.326465e+03
  1.725000e-01  1.427315e+03
  1.680000e-01  1.510450e+03
  1.636000e-01  1.498565e+03
  1.594000e-01  1.501115e+03
  1.553000e-01  1.674780e+03
  1.512000e-01  1.678485e+03
  1.473000e-01  1.699890e+03
  1.435000e-01  2.204155e+03
  1.398000e-01  1.801915e+03
  1.362000e-01  1.831310e+03
  1.326000e-01  1.897515e+03
  1.292000e-01  1.920495e+03
  1.259000e-01  1.894980e+03
  1.226000e-01  1.949110e+03
  1.194000e-01  1.965075e+03
  1.163000e-01  2.026595e+03
  1.133000e-01  2.025420e+03
  1.104000e-01  2.083050e+03
  1.075000e-01  2.034565e+03
  1.047000e-01  2.031665e+03
  1.020000e-01  2.001095e+03
  9.940000e-02  2.046855e+03
  9.680000e-02  1.986490e+03
  9.430000e-02  1.984160e+03
  9.190000e-02  1.935100e+03
  8.950000e-02  2.022505e+03
  8.720000e-02  1.935280e+03
  8.490000e-02  1.899855e+03
  8.270000e-02  1.841435e+03
  8.060000e-02  1.767645e+03
  7.850000e-02  1.725985e+03
  7.640000e-02  1.677700e+03
  7.450000e-02  1.686270e+03
  7.250000e-02  1.619875e+03
  7.070000e-02  1.622605e+03
  6.880000e-02  1.534795e+03
  6.700000e-02  1.456135e+03
  6.530000e-02  1.385665e+03
  6.360000e-02  1.347305e+03
  6.200000e-02  1.272925e+03
  6.040000e-02  1.147730e+03
  5.880000e-02  1.091470e+03
  5.730000e-02  1.000553e+03
  5.580000e-02  9.218875e+02
  5.430000e-02  8.198675e+02
  5.290000e-02  7.326435e+02
  5.160000e-02  6.469771e+02
  5.020000e-02  5.848695e+02
  4.890000e-02  5.297700e+02
  4.770000e-02  4.742810e+02
  4.640000e-02  4.295010e+02
  4.520000e-02  3.882250e+02
  4.410000e-02  3.442240e+02
  4.290000e-02  2.922405e+02
  4.180000e-02  2.643990e+02
  4.070000e-02  2.365565e+02
  3.970000e-02  2.001485e+02
  3.860000e-02  1.664655e+02
  3.760000e-02  1.401815e+02
  3.670000e-02  1.271370e+02
  3.570000e-02  1.082510e+02
  3.480000e-02  8.722360e+01
  3.390000e-02  7.184315e+01
  3.300000e-02  5.782485e+01
  3.220000e-02  5.081580e+01
  3.130000e-02  3.913390e+01
  3.050000e-02  3.426650e+01
  2.970000e-02  2.939930e+01
  2.890000e-02  2.258500e+01
  2.820000e-02  2.122205e+01
  2.750000e-02  1.460250e+01
  2.680000e-02  1.090315e+01
  2.610000e-02  1.168195e+01
  2.540000e-02  7.593260e+00
  2.470000e-02  6.619755e+00
  2.410000e-02  6.035635e+00
  2.350000e-02  7.203850e+00
  2.290000e-02  4.672725e+00
  2.230000e-02  3.115140e+00
  2.170000e-02  4.478055e+00
  2.110000e-02  4.088640e+00
  2.060000e-02  2.920440e+00
  2.000000e-02  2.920455e+00
  1.950000e-02  2.725745e+00
  1.900000e-02  2.725755e+00
  1.850000e-02  2.725750e+00
  1.800000e-02  1.752270e+00
  1.760000e-02  3.699240e+00
  1.710000e-02  1.362870e+00
  1.670000e-02  2.920450e+00
  1.630000e-02  1.557570e+00
  1.580000e-02  1.946965e+00
  1.540000e-02  2.336345e+00
  1.500000e-02  1.557570e+00
  1.460000e-02  1.752280e+00
  1.430000e-02  7.787800e-01
  1.390000e-02  1.752275e+00
  1.350000e-02  1.168170e+00
  1.320000e-02  7.787850e-01
  1.280000e-02  3.893900e-01
  1.250000e-02  5.840850e-01
  1.220000e-02  1.362875e+00
  1.190000e-02  5.840850e-01
  1.160000e-02  1.946950e-01
  1.130000e-02  0.000000e+00
  1.100000e-02  4.439080e+01
  1.070000e-02  6.736494e+01
  1.040000e-02  6.074540e+01
  1.010000e-02  5.171140e+02
