  4.934820e+03  0.000000e+00
  4.806990e+03  0.000000e+00
  4.682470e+03  0.000000e+00
  4.561180e+03  0.000000e+00
  4.443030e+03  2.193300e-02
  4.327940e+03  0.000000e+00
  4.215830e+03  0.000000e+00
  4.106630e+03  0.000000e+00
  4.000250e+03  0.000000e+00
  3.896630e+03  0.000000e+00
  3.795700e+03  0.000000e+00
  3.697380e+03  0.000000e+00
  3.601600e+03  0.000000e+00
  3.508310e+03  0.000000e+00
  3.417430e+03  0.000000e+00
  3.328910e+03  0.000000e+00
  3.242680e+03  2.193300e-02
  3.158680e+03  2.193300e-02
  3.076860e+03  2.193300e-02
  2.997160e+03  2.193300e-02
  2.919530e+03  0.000000e+00
  2.843900e+03  0.000000e+00
  2.770230e+03  0.000000e+00
  2.698480e+03  2.193300e-02
  2.628580e+03  4.386600e-02
  2.560490e+03  0.000000e+00
  2.494160e+03  0.000000e+00
  2.429550e+03  4.386600e-02
  2.366620e+03  0.000000e+00
  2.305320e+03  0.000000e+00
  2.245600e+03  0.000000e+00
  2.187430e+03  0.000000e+00
  2.130770e+03  0.000000e+00
  2.075580e+03  2.193300e-02
  2.021810e+03  4.386600e-02
  1.969440e+03  6.579900e-02
  1.918430e+03  6.579900e-02
  1.868730e+03  6.579900e-02
  1.820330e+03  1.096650e-01
  1.773170e+03  4.386600e-02
  1.727240e+03  1.096655e-01
  1.682500e+03  4.386650e-02
  1.638920e+03  1.535310e-01
  1.596470e+03  6.579900e-02
  1.555110e+03  1.315985e-01
  1.514830e+03  2.193300e-02
  1.475590e+03  8.773200e-02
  1.437370e+03  1.096650e-01
  1.400140e+03  1.315980e-01
  1.363870e+03  8.773200e-02
  1.328540e+03  2.193310e-01
  1.294120e+03  1.096650e-01
  1.260600e+03  1.096650e-01
  1.227950e+03  1.096650e-01
  1.196140e+03  1.535315e-01
  1.165160e+03  1.315985e-01
  1.134980e+03  1.754640e-01
  1.105580e+03  3.289965e-01
  1.076940e+03  2.412645e-01
  1.049040e+03  2.193315e-01
  1.021870e+03  4.605970e-01
  9.953980e+02  3.947965e-01
  9.696140e+02  4.167300e-01
  9.444970e+02  4.825320e-01
  9.200320e+02  4.825325e-01
  8.962000e+02  5.702635e-01
  8.729850e+02  6.360655e-01
  8.503720e+02  4.605965e-01
  8.283450e+02  6.141305e-01
  8.068880e+02  6.579995e-01
  7.859870e+02  8.773355e-01
  7.656270e+02  1.096668e+00
  7.457950e+02  1.140535e+00
  7.264760e+02  8.334661e-01
  7.076580e+02  1.140535e+00
  6.893270e+02  1.381790e+00
  6.714710e+02  1.973995e+00
  6.540780e+02  1.952060e+00
  6.371350e+02  1.973995e+00
  6.206310e+02  2.149445e+00
  6.045550e+02  2.368790e+00
  5.888950e+02  2.697785e+00
  5.736410e+02  2.610045e+00
  5.587810e+02  2.939045e+00
  5.443070e+02  3.355765e+00
  5.302080e+02  3.991830e+00
  5.164740e+02  3.794445e+00
  5.030950e+02  4.540160e+00
  4.900630e+02  4.913030e+00
  4.773690e+02  5.505220e+00
  4.650040e+02  6.514150e+00
  4.529580e+02  6.996655e+00
  4.412250e+02  8.290714e+00
  4.297960e+02  8.729390e+00
  4.186630e+02  9.826030e+00
  4.078180e+02  1.162460e+01
  3.972540e+02  1.147115e+01
  3.869640e+02  1.283100e+01
  3.769400e+02  1.421275e+01
  3.671770e+02  1.671320e+01
  3.576650e+02  1.780975e+01
  3.484010e+02  1.947660e+01
  3.393760e+02  2.063900e+01
  3.305850e+02  2.502555e+01
  3.220220e+02  2.704350e+01
  3.136800e+02  2.833750e+01
  3.055550e+02  3.160555e+01
  2.976400e+02  3.561930e+01
  2.899300e+02  3.765920e+01
  2.824200e+02  4.327420e+01
  2.751040e+02  4.570870e+01
  2.679780e+02  5.206930e+01
  2.610370e+02  5.667525e+01
  2.542750e+02  6.395705e+01
  2.476890e+02  6.862875e+01
  2.412730e+02  7.966120e+01
  2.350230e+02  8.378460e+01
  2.289350e+02  9.315005e+01
  2.230050e+02  1.023620e+02
  2.172280e+02  1.122970e+02
  2.116010e+02  1.216420e+02
  2.061200e+02  1.329585e+02
  2.007810e+02  1.485535e+02
  1.955800e+02  1.610335e+02
  1.905140e+02  1.823300e+02
  1.855790e+02  1.992840e+02
  1.807720e+02  2.167425e+02
  1.760890e+02  2.413295e+02
  1.715280e+02  2.581100e+02
  1.670850e+02  2.776085e+02
  1.627570e+02  3.050235e+02
  1.585410e+02  3.265835e+02
  1.544340e+02  3.545710e+02
  1.504340e+02  3.827990e+02
  1.465370e+02  4.108510e+02
  1.427410e+02  4.437725e+02
  1.390440e+02  4.803140e+02
  1.354420e+02  5.086080e+02
  1.319340e+02  5.455220e+02
  1.285160e+02  5.793865e+02
  1.251870e+02  6.153780e+02
  1.219440e+02  6.600770e+02
  1.187850e+02  6.906085e+02
  1.157090e+02  7.450685e+02
  1.127110e+02  7.883425e+02
  1.097920e+02  8.269455e+02
  1.069480e+02  8.797390e+02
  1.041770e+02  9.300095e+02
  1.014790e+02  9.844510e+02
  9.885030e+01  1.038440e+03
  9.628970e+01  1.103350e+03
  9.379550e+01  1.164370e+03
  9.136590e+01  1.227295e+03
  8.899920e+01  1.290310e+03
  8.669380e+01  1.356390e+03
  8.444820e+01  1.433395e+03
  8.226070e+01  1.500025e+03
  8.012980e+01  1.582560e+03
  7.805420e+01  1.669525e+03
  7.603240e+01  1.736350e+03
  7.406290e+01  1.815915e+03
  7.214440e+01  1.917615e+03
  7.027560e+01  1.987360e+03
  6.845520e+01  2.079600e+03
  6.668200e+01  2.179715e+03
  6.495470e+01  2.258210e+03
  6.327220e+01  2.343865e+03
  6.163320e+01  2.394700e+03
  6.003670e+01  2.445945e+03
  5.848160e+01  2.482380e+03
  5.696670e+01  2.529060e+03
  5.549110e+01  2.573385e+03
  5.405370e+01  2.625090e+03
  5.265350e+01  2.690225e+03
  5.128960e+01  2.767280e+03
  4.996100e+01  2.844055e+03
  4.866690e+01  2.931995e+03
  4.740620e+01  3.001965e+03
  4.617830e+01  3.070875e+03
  4.498210e+01  3.113255e+03
  4.381690e+01  3.102785e+03
  4.268190e+01  3.076785e+03
  4.157630e+01  3.044210e+03
  4.049930e+01  3.034230e+03
  3.945030e+01  2.981260e+03
  3.842840e+01  2.930090e+03
  3.743290e+01  2.891605e+03
  3.646330e+01  2.824290e+03
  3.551880e+01  2.795500e+03
  3.459870e+01  2.745665e+03
  3.370250e+01  2.700605e+03
  3.282950e+01  2.654645e+03
  3.197910e+01  2.618740e+03
  3.115070e+01  2.582455e+03
  3.034380e+01  2.546055e+03
  2.955780e+01  2.497390e+03
  2.879220e+01  2.456645e+03
  2.804640e+01  2.408500e+03
  2.731990e+01  2.368420e+03
  2.661220e+01  2.323420e+03
  2.592290e+01  2.274930e+03
  2.525140e+01  2.220445e+03
  2.459730e+01  2.181565e+03
  2.396010e+01  2.131315e+03
  2.333950e+01  2.062170e+03
  2.273490e+01  2.014135e+03
  2.214600e+01  1.949180e+03
  2.157230e+01  1.881600e+03
  2.101350e+01  1.828160e+03
  2.046920e+01  1.745575e+03
  1.993900e+01  1.689835e+03
  1.942250e+01  1.618005e+03
  1.891940e+01  1.544950e+03
  1.842930e+01  1.491625e+03
  1.795200e+01  1.428995e+03
  1.748690e+01  1.390755e+03
  1.703400e+01  1.354620e+03
  1.659270e+01  1.314830e+03
  1.616290e+01  1.289125e+03
  1.574430e+01  1.246880e+03
  1.533640e+01  1.226785e+03
  1.493920e+01  1.202210e+03
  1.455220e+01  1.162825e+03
  1.417520e+01  1.119405e+03
  1.380800e+01  1.062930e+03
  1.345040e+01  9.910500e+02
  1.310200e+01  9.083390e+02
  1.276260e+01  8.167035e+02
  1.243200e+01  7.328960e+02
  1.211000e+01  6.452735e+02
  1.179630e+01  5.623875e+02
  1.149070e+01  4.941315e+02
  1.119310e+01  4.403305e+02
  1.090310e+01  4.176075e+02
  1.062070e+01  3.827780e+02
  1.034560e+01  3.417180e+02
  1.007760e+01  3.125475e+02
  9.816600e+00  2.806560e+02
  9.562300e+00  2.515510e+02
  9.314600e+00  2.516390e+02
  9.073300e+00  2.978085e+02
  8.838300e+00  3.588705e+02
  8.609300e+00  4.313360e+02
  8.386300e+00  5.192460e+02
  8.169100e+00  6.073955e+02
  7.957500e+00  6.976275e+02
  7.751400e+00  7.344100e+02
  7.550600e+00  8.069865e+02
  7.355000e+00  7.953405e+02
  7.164500e+00  7.706420e+02
  6.978900e+00  7.544790e+02
  6.798100e+00  7.284860e+02
  6.622000e+00  6.972540e+02
  6.450500e+00  6.731720e+02
  6.283400e+00  6.379265e+02
  6.120600e+00  6.128555e+02
  5.962100e+00  5.812500e+02
  5.807600e+00  5.751090e+02
  5.657200e+00  5.610720e+02
  5.510700e+00  5.476485e+02
  5.367900e+00  5.409595e+02
  5.228900e+00  5.036515e+02
  5.093400e+00  4.796120e+02
  4.961500e+00  4.452205e+02
  4.833000e+00  4.354825e+02
  4.707800e+00  4.300425e+02
  4.585800e+00  3.689160e+02
  4.467100e+00  3.386700e+02
  4.351300e+00  3.238435e+02
  4.238600e+00  3.031595e+02
  4.128800e+00  2.914480e+02
  4.021900e+00  3.294130e+02
  3.917700e+00  2.622110e+02
  3.816200e+00  2.097905e+02
  3.717400e+00  1.884275e+02
  3.621100e+00  1.689075e+02
  3.527300e+00  1.534000e+02
  3.435900e+00  1.334630e+02
  3.346900e+00  1.126055e+02
  3.260200e+00  8.536395e+01
  3.175800e+00  5.307820e+01
  3.093500e+00  3.186890e+01
  3.013400e+00  2.403860e+01
  2.935300e+00  2.706540e+01
  2.859300e+00  3.537820e+01
  2.785200e+00  4.932785e+01
  2.713100e+00  6.125920e+01
  2.642800e+00  6.450540e+01
  2.574300e+00  5.996510e+01
  2.507600e+00  5.399950e+01
  2.442700e+00  4.858195e+01
  2.379400e+00  4.366895e+01
  2.317800e+00  4.059825e+01
  2.257700e+00  3.638725e+01
  2.199300e+00  3.452280e+01
  2.142300e+00  3.151785e+01
  2.086800e+00  2.864460e+01
  2.032700e+00  2.743820e+01
  1.980100e+00  3.239525e+01
  1.928800e+00  2.241565e+01
  1.878800e+00  1.930115e+01
  1.830200e+00  2.298590e+01
  1.782800e+00  5.110425e+01
  1.736600e+00  2.344645e+01
  1.691600e+00  1.601135e+01
  1.647800e+00  1.254580e+01
  1.605100e+00  1.250200e+01
  1.563500e+00  1.226075e+01
  1.523000e+00  1.074720e+01
  1.483600e+00  9.804190e+00
  1.445100e+00  8.685465e+00
  1.407700e+00  7.786260e+00
  1.371200e+00  7.830095e+00
  1.335700e+00  6.930880e+00
  1.301100e+00  5.790350e+00
  1.267400e+00  3.772505e+00
  1.234600e+00  5.176220e+00
  1.202600e+00  5.373635e+00
  1.171500e+00  4.233100e+00
  1.141100e+00  5.198175e+00
  1.111600e+00  3.882165e+00
  1.082800e+00  3.026785e+00
  1.054700e+00  4.101495e+00
  1.027400e+00  3.158380e+00
  1.000800e+00  2.566180e+00
  9.749000e-01  3.487380e+00
  9.496000e-01  2.237190e+00
  9.250000e-01  2.281055e+00
  9.010000e-01  3.202240e+00
  8.777000e-01  2.653910e+00
  8.550000e-01  1.995920e+00
  8.328000e-01  2.829380e+00
  8.113000e-01  3.180310e+00
  7.902000e-01  3.202235e+00
  7.698000e-01  2.697780e+00
  7.498000e-01  2.982915e+00
  7.304000e-01  2.873250e+00
  7.115000e-01  2.500380e+00
  6.931000e-01  4.891100e+00
  6.751000e-01  2.963160e+01
  6.576000e-01  3.171530e+01
  6.406000e-01  7.413396e+01
  6.240000e-01  1.587975e+01
  6.078000e-01  3.268040e+00
  5.921000e-01  3.443505e+00
  5.767000e-01  3.311900e+00
  5.618000e-01  3.443500e+00
  5.472000e-01  3.311895e+00
  5.331000e-01  3.487365e+00
  5.193000e-01  3.531250e+00
  5.058000e-01  4.386640e+00
  4.927000e-01  6.601880e+00
  4.799000e-01  6.382545e+00
  4.675000e-01  3.969900e+00
  4.554000e-01  3.662845e+00
  4.436000e-01  4.693700e+00
  4.321000e-01  4.101490e+00
  4.209000e-01  5.176230e+00
  4.100000e-01  3.640905e+00
  3.994000e-01  6.711520e+00
  3.891000e-01  1.070337e+01
  3.790000e-01  1.151495e+01
  3.692000e-01  3.443500e+00
  3.596000e-01  2.478450e+00
  3.503000e-01  2.588110e+00
  3.412000e-01  2.785520e+00
  3.324000e-01  3.092575e+00
  3.238000e-01  2.741655e+00
  3.154000e-01  2.697785e+00
  3.072000e-01  3.268040e+00
  2.992000e-01  4.934945e+00
  2.915000e-01  4.978815e+00
  2.839000e-01  5.329760e+00
  2.766000e-01  3.399635e+00
  2.694000e-01  6.514130e+00
  2.624000e-01  1.006729e+01
  2.556000e-01  1.509010e+01
  2.490000e-01  6.163210e+00
  2.426000e-01  4.035710e+00
  2.363000e-01  4.825280e+00
  2.302000e-01  3.882165e+00
  2.242000e-01  3.860240e+00
  2.184000e-01  3.158390e+00
  2.127000e-01  3.114515e+00
  2.072000e-01  2.785515e+00
  2.019000e-01  3.114510e+00
  1.966000e-01  2.697775e+00
  1.915000e-01  3.333845e+00
  1.866000e-01  2.522315e+00
  1.817000e-01  1.952055e+00
  1.770000e-01  2.215260e+00
  1.725000e-01  1.754660e+00
  1.680000e-01  3.004830e+00
  1.636000e-01  3.048705e+00
  1.594000e-01  3.487380e+00
  1.553000e-01  2.960970e+00
  1.512000e-01  2.982920e+00
  1.473000e-01  3.092570e+00
  1.435000e-01  3.838300e+00
  1.398000e-01  2.829380e+00
  1.362000e-01  3.048705e+00
  1.326000e-01  2.741660e+00
  1.292000e-01  2.478440e+00
  1.259000e-01  3.004840e+00
  1.226000e-01  3.399635e+00
  1.194000e-01  2.851315e+00
  1.163000e-01  3.268035e+00
  1.133000e-01  3.509315e+00
  1.104000e-01  3.224160e+00
  1.075000e-01  3.268035e+00
  1.047000e-01  3.114505e+00
  1.020000e-01  3.224175e+00
  9.940000e-02  3.662830e+00
  9.680000e-02  4.013770e+00
  9.430000e-02  3.882155e+00
  9.190000e-02  3.377705e+00
  8.950000e-02  3.465450e+00
  8.720000e-02  3.268045e+00
  8.490000e-02  3.048705e+00
  8.270000e-02  3.048705e+00
  8.060000e-02  2.566185e+00
  7.850000e-02  2.588110e+00
  7.640000e-02  2.390710e+00
  7.450000e-02  2.302980e+00
  7.250000e-02  2.478455e+00
  7.070000e-02  2.478455e+00
  6.880000e-02  1.886260e+00
  6.700000e-02  1.623060e+00
  6.530000e-02  1.623065e+00
  6.360000e-02  1.513390e+00
  6.200000e-02  1.666935e+00
  6.040000e-02  1.074741e+00
  5.880000e-02  8.553990e-01
  5.730000e-02  8.115270e-01
  5.580000e-02  6.141300e-01
  5.430000e-02  7.457340e-01
  5.290000e-02  5.483335e-01
  5.160000e-02  4.825305e-01
  5.020000e-02  4.605965e-01
  4.890000e-02  5.044640e-01
  4.770000e-02  2.851310e-01
  4.640000e-02  3.509305e-01
  4.520000e-02  2.193315e-01
  4.410000e-02  2.193310e-01
  4.290000e-02  1.315985e-01
  4.180000e-02  1.754650e-01
  4.070000e-02  1.754655e-01
  3.970000e-02  1.535310e-01
  3.860000e-02  1.535310e-01
  3.760000e-02  8.773249e-02
  3.670000e-02  1.315980e-01
  3.570000e-02  4.386600e-02
  3.480000e-02  4.386600e-02
  3.390000e-02  0.000000e+00
  3.300000e-02  6.579900e-02
  3.220000e-02  2.193300e-02
  3.130000e-02  0.000000e+00
  3.050000e-02  2.193300e-02
  2.970000e-02  0.000000e+00
  2.890000e-02  0.000000e+00
  2.820000e-02  2.193300e-02
  2.750000e-02  2.193300e-02
  2.680000e-02  0.000000e+00
  2.610000e-02  2.193300e-02
  2.540000e-02  2.193300e-02
  2.470000e-02  2.193300e-02
  2.410000e-02  0.000000e+00
  2.350000e-02  0.000000e+00
  2.290000e-02  0.000000e+00
  2.230000e-02  2.193300e-02
  2.170000e-02  0.000000e+00
  2.110000e-02  0.000000e+00
  2.060000e-02  0.000000e+00
  2.000000e-02  0.000000e+00
  1.950000e-02  0.000000e+00
  1.900000e-02  0.000000e+00
  1.850000e-02  0.000000e+00
  1.800000e-02  0.000000e+00
  1.760000e-02  0.000000e+00
  1.710000e-02  0.000000e+00
  1.670000e-02  0.000000e+00
  1.630000e-02  0.000000e+00
  1.580000e-02  0.000000e+00
  1.540000e-02  0.000000e+00
  1.500000e-02  0.000000e+00
  1.460000e-02  0.000000e+00
  1.430000e-02  4.386600e-02
  1.390000e-02  0.000000e+00
  1.350000e-02  0.000000e+00
  1.320000e-02  0.000000e+00
  1.280000e-02  0.000000e+00
  1.250000e-02  0.000000e+00
  1.220000e-02  0.000000e+00
  1.190000e-02  0.000000e+00
  1.160000e-02  0.000000e+00
  1.130000e-02  1.754645e-01
  1.100000e-02  3.969900e+00
  1.070000e-02  5.768440e+00
  1.040000e-02  4.364695e+00
  1.010000e-02  3.691345e+01
