  4.934820e+03  7.673100e-02
  4.806990e+03  0.000000e+00
  4.682470e+03  0.000000e+00
  4.561180e+03  0.000000e+00
  4.443030e+03  0.000000e+00
  4.327940e+03  0.000000e+00
  4.215830e+03  0.000000e+00
  4.106630e+03  3.836550e-02
  4.000250e+03  0.000000e+00
  3.896630e+03  0.000000e+00
  3.795700e+03  0.000000e+00
  3.697380e+03  0.000000e+00
  3.601600e+03  0.000000e+00
  3.508310e+03  0.000000e+00
  3.417430e+03  0.000000e+00
  3.328910e+03  0.000000e+00
  3.242680e+03  3.836550e-02
  3.158680e+03  0.000000e+00
  3.076860e+03  0.000000e+00
  2.997160e+03  0.000000e+00
  2.919530e+03  0.000000e+00
  2.843900e+03  3.836550e-02
  2.770230e+03  3.836550e-02
  2.698480e+03  3.836550e-02
  2.628580e+03  3.836550e-02
  2.560490e+03  0.000000e+00
  2.494160e+03  3.836550e-02
  2.429550e+03  3.836550e-02
  2.366620e+03  0.000000e+00
  2.305320e+03  3.836550e-02
  2.245600e+03  0.000000e+00
  2.187430e+03  3.836550e-02
  2.130770e+03  7.673100e-02
  2.075580e+03  1.150965e-01
  2.021810e+03  3.836550e-02
  1.969440e+03  3.836550e-02
  1.918430e+03  0.000000e+00
  1.868730e+03  1.150965e-01
  1.820330e+03  1.534620e-01
  1.773170e+03  3.836550e-02
  1.727240e+03  3.836550e-02
  1.682500e+03  1.150965e-01
  1.638920e+03  1.918265e-01
  1.596470e+03  1.534620e-01
  1.555110e+03  1.150965e-01
  1.514830e+03  2.301920e-01
  1.475590e+03  3.069230e-01
  1.437370e+03  1.534610e-01
  1.400140e+03  4.220185e-01
  1.363870e+03  2.685575e-01
  1.328540e+03  2.685575e-01
  1.294120e+03  2.685585e-01
  1.260600e+03  3.069210e-01
  1.227950e+03  3.452875e-01
  1.196140e+03  3.836530e-01
  1.165160e+03  5.371140e-01
  1.134980e+03  2.301920e-01
  1.105580e+03  3.836530e-01
  1.076940e+03  5.371130e-01
  1.049040e+03  8.440325e-01
  1.021870e+03  9.207610e-01
  9.953980e+02  1.189315e+00
  9.696140e+02  1.074221e+00
  9.444970e+02  1.035857e+00
  9.200320e+02  1.649700e+00
  8.962000e+02  1.112586e+00
  8.729850e+02  2.071710e+00
  8.503720e+02  1.457875e+00
  8.283450e+02  2.340265e+00
  8.068880e+02  2.340270e+00
  7.859870e+02  2.186805e+00
  7.656270e+02  3.030850e+00
  7.457950e+02  3.759790e+00
  7.264760e+02  4.335290e+00
  7.076580e+02  4.450380e+00
  6.893270e+02  5.754825e+00
  6.714710e+02  4.949135e+00
  6.540780e+02  6.291930e+00
  6.371350e+02  7.673110e+00
  6.206310e+02  7.826505e+00
  6.045550e+02  9.437901e+00
  5.888950e+02  1.016684e+01
  5.736410e+02  1.254555e+01
  5.587810e+02  1.212355e+01
  5.443070e+02  1.546120e+01
  5.302080e+02  1.615190e+01
  5.164740e+02  1.864550e+01
  5.030950e+02  2.324945e+01
  4.900630e+02  2.443890e+01
  4.773690e+02  2.839030e+01
  4.650040e+02  3.161310e+01
  4.529580e+02  3.356980e+01
  4.412250e+02  3.805855e+01
  4.297960e+02  4.289250e+01
  4.186630e+02  5.156305e+01
  4.078180e+02  5.516935e+01
  3.972540e+02  6.395505e+01
  3.869640e+02  7.017025e+01
  3.769400e+02  8.049055e+01
  3.671770e+02  8.513275e+01
  3.576650e+02  1.013618e+02
  3.484010e+02  1.147125e+02
  3.393760e+02  1.286015e+02
  3.305850e+02  1.457890e+02
  3.220220e+02  1.615185e+02
  3.136800e+02  1.768255e+02
  3.055550e+02  2.014565e+02
  2.976400e+02  2.297705e+02
  2.899300e+02  2.530200e+02
  2.824200e+02  2.864745e+02
  2.751040e+02  3.262975e+02
  2.679780e+02  3.581420e+02
  2.610370e+02  4.003050e+02
  2.542750e+02  4.568165e+02
  2.476890e+02  4.997860e+02
  2.412730e+02  5.610170e+02
  2.350230e+02  6.253560e+02
  2.289350e+02  7.093370e+02
  2.230050e+02  7.925520e+02
  2.172280e+02  8.915355e+02
  2.116010e+02  9.894000e+02
  2.061200e+02  1.106920e+03
  2.007810e+02  1.227685e+03
  1.955800e+02  1.358025e+03
  1.905140e+02  1.540055e+03
  1.855790e+02  1.694590e+03
  1.807720e+02  1.894590e+03
  1.760890e+02  2.085305e+03
  1.715280e+02  2.317005e+03
  1.670850e+02  2.587275e+03
  1.627570e+02  2.853250e+03
  1.585410e+02  3.129580e+03
  1.544340e+02  3.438390e+03
  1.504340e+02  3.761195e+03
  1.465370e+02  4.101110e+03
  1.427410e+02  4.485030e+03
  1.390440e+02  4.899805e+03
  1.354420e+02  5.297660e+03
  1.319340e+02  5.757375e+03
  1.285160e+02  6.223930e+03
  1.251870e+02  6.695160e+03
  1.219440e+02  7.243265e+03
  1.187850e+02  7.827540e+03
  1.157090e+02  8.397426e+03
  1.127110e+02  8.985940e+03
  1.097920e+02  9.636465e+03
  1.069480e+02  1.030800e+04
  1.041770e+02  1.102600e+04
  1.014790e+02  1.176370e+04
  9.885030e+01  1.244660e+04
  9.628970e+01  1.317655e+04
  9.379550e+01  1.392955e+04
  9.136590e+01  1.475910e+04
  8.899920e+01  1.540000e+04
  8.669380e+01  1.618170e+04
  8.444820e+01  1.685760e+04
  8.226070e+01  1.748185e+04
  8.012980e+01  1.814320e+04
  7.805420e+01  1.872445e+04
  7.603240e+01  1.923660e+04
  7.406290e+01  1.971185e+04
  7.214440e+01  2.008050e+04
  7.027560e+01  2.049860e+04
  6.845520e+01  2.063810e+04
  6.668200e+01  2.068240e+04
  6.495470e+01  2.070890e+04
  6.327220e+01  2.069550e+04
  6.163320e+01  2.072760e+04
  6.003670e+01  2.054660e+04
  5.848160e+01  2.044715e+04
  5.696670e+01  2.022060e+04
  5.549110e+01  2.006280e+04
  5.405370e+01  1.949345e+04
  5.265350e+01  1.889015e+04
  5.128960e+01  1.826885e+04
  4.996100e+01  1.762155e+04
  4.866690e+01  1.673250e+04
  4.740620e+01  1.589660e+04
  4.617830e+01  1.504805e+04
  4.498210e+01  1.414310e+04
  4.381690e+01  1.359790e+04
  4.268190e+01  1.300230e+04
  4.157630e+01  1.236420e+04
  4.049930e+01  1.172285e+04
  3.945030e+01  1.114935e+04
  3.842840e+01  1.057865e+04
  3.743290e+01  1.003645e+04
  3.646330e+01  9.464740e+03
  3.551880e+01  8.977495e+03
  3.459870e+01  8.395000e+03
  3.370250e+01  7.794460e+03
  3.282950e+01  7.219565e+03
  3.197910e+01  6.669735e+03
  3.115070e+01  6.134600e+03
  3.034380e+01  5.637220e+03
  2.955780e+01  5.178290e+03
  2.879220e+01  4.693125e+03
  2.804640e+01  4.269185e+03
  2.731990e+01  3.833120e+03
  2.661220e+01  3.479475e+03
  2.592290e+01  3.120175e+03
  2.525140e+01  2.785860e+03
  2.459730e+01  2.487960e+03
  2.396010e+01  2.221510e+03
  2.333950e+01  1.977500e+03
  2.273490e+01  1.740175e+03
  2.214600e+01  1.559750e+03
  2.157230e+01  1.347435e+03
  2.101350e+01  1.203590e+03
  2.046920e+01  1.060770e+03
  1.993900e+01  9.457055e+02
  1.942250e+01  8.255075e+02
  1.891940e+01  7.290195e+02
  1.842930e+01  6.416230e+02
  1.795200e+01  5.663110e+02
  1.748690e+01  4.975605e+02
  1.703400e+01  4.257785e+02
  1.659270e+01  3.751755e+02
  1.616290e+01  3.238420e+02
  1.574430e+01  2.778420e+02
  1.533640e+01  2.466135e+02
  1.493920e+01  2.048330e+02
  1.455220e+01  1.778620e+02
  1.417520e+01  1.515430e+02
  1.380800e+01  1.261455e+02
  1.345040e+01  1.044300e+02
  1.310200e+01  9.138680e+01
  1.276260e+01  8.010695e+01
  1.243200e+01  6.825195e+01
  1.211000e+01  6.349475e+01
  1.179630e+01  5.286745e+01
  1.149070e+01  4.676740e+01
  1.119310e+01  4.350630e+01
  1.090310e+01  3.836540e+01
  1.062070e+01  3.483585e+01
  1.034560e+01  3.149790e+01
  1.007760e+01  2.950305e+01
  9.816600e+00  2.551300e+01
  9.562300e+00  2.136965e+01
  9.314600e+00  1.906765e+01
  9.073300e+00  1.473230e+01
  8.838300e+00  1.166310e+01
  8.609300e+00  1.066555e+01
  8.386300e+00  1.055045e+01
  8.169100e+00  1.116435e+01
  7.957500e+00  1.323600e+01
  7.751400e+00  1.419520e+01
  7.550600e+00  1.841535e+01
  7.355000e+00  1.680400e+01
  7.164500e+00  1.933610e+01
  6.978900e+00  1.960470e+01
  6.798100e+00  2.087075e+01
  6.622000e+00  1.983485e+01
  6.450500e+00  2.136950e+01
  6.283400e+00  1.937445e+01
  6.120600e+00  2.002680e+01
  5.962100e+00  1.948970e+01
  5.807600e+00  2.152300e+01
  5.657200e+00  2.459220e+01
  5.510700e+00  2.282735e+01
  5.367900e+00  2.198335e+01
  5.228900e+00  2.417010e+01
  5.093400e+00  2.547460e+01
  4.961500e+00  2.466890e+01
  4.833000e+00  2.351810e+01
  4.707800e+00  2.332620e+01
  4.585800e+00  2.374820e+01
  4.467100e+00  2.225195e+01
  4.351300e+00  2.259715e+01
  4.238600e+00  2.321100e+01
  4.128800e+00  2.267400e+01
  4.021900e+00  2.777645e+01
  3.917700e+00  2.489910e+01
  3.816200e+00  2.424690e+01
  3.717400e+00  2.443885e+01
  3.621100e+00  2.620360e+01
  3.527300e+00  2.221340e+01
  3.435900e+00  2.159970e+01
  3.346900e+00  2.482240e+01
  3.260200e+00  2.156135e+01
  3.175800e+00  1.791660e+01
  3.093500e+00  1.557635e+01
  3.013400e+00  1.377315e+01
  2.935300e+00  1.622860e+01
  2.859300e+00  1.688065e+01
  2.785200e+00  1.937455e+01
  2.713100e+00  2.094755e+01
  2.642800e+00  2.186815e+01
  2.574300e+00  2.229040e+01
  2.507600e+00  2.021865e+01
  2.442700e+00  2.221360e+01
  2.379400e+00  2.002665e+01
  2.317800e+00  2.064055e+01
  2.257700e+00  1.810845e+01
  2.199300e+00  2.087060e+01
  2.142300e+00  1.956635e+01
  2.086800e+00  1.876065e+01
  2.032700e+00  1.776315e+01
  1.980100e+00  2.113940e+01
  1.928800e+00  1.615180e+01
  1.878800e+00  1.814690e+01
  1.830200e+00  1.933610e+01
  1.782800e+00  2.347965e+01
  1.736600e+00  1.784000e+01
  1.691600e+00  1.649715e+01
  1.647800e+00  1.768645e+01
  1.605100e+00  1.653535e+01
  1.563500e+00  1.607510e+01
  1.523000e+00  1.496255e+01
  1.483600e+00  1.523100e+01
  1.445100e+00  1.434870e+01
  1.407700e+00  1.277575e+01
  1.371200e+00  1.431040e+01
  1.335700e+00  1.354305e+01
  1.301100e+00  1.465550e+01
  1.267400e+00  1.104920e+01
  1.234600e+00  1.327450e+01
  1.202600e+00  1.523105e+01
  1.171500e+00  1.365810e+01
  1.141100e+00  1.396500e+01
  1.111600e+00  1.147125e+01
  1.082800e+00  1.220015e+01
  1.054700e+00  1.645880e+01
  1.027400e+00  1.342790e+01
  1.000800e+00  1.235370e+01
  9.749000e-01  1.381160e+01
  9.496000e-01  1.718780e+01
  9.250000e-01  1.768650e+01
  9.010000e-01  1.661225e+01
  8.777000e-01  1.615180e+01
  8.550000e-01  2.021855e+01
  8.328000e-01  1.891420e+01
  8.113000e-01  2.202170e+01
  7.902000e-01  2.129275e+01
  7.698000e-01  2.539790e+01
  7.498000e-01  2.812180e+01
  7.304000e-01  2.808340e+01
  7.115000e-01  2.900420e+01
  6.931000e-01  3.272570e+01
  6.751000e-01  5.321275e+01
  6.576000e-01  7.416025e+01
  6.406000e-01  8.298441e+01
  6.240000e-01  3.913270e+01
  6.078000e-01  4.412015e+01
  5.921000e-01  4.231695e+01
  5.767000e-01  4.358300e+01
  5.618000e-01  4.596180e+01
  5.472000e-01  4.949130e+01
  5.331000e-01  6.199850e+01
  5.193000e-01  6.341795e+01
  5.058000e-01  6.384000e+01
  4.927000e-01  6.077080e+01
  4.799000e-01  6.165320e+01
  4.675000e-01  5.961985e+01
  4.554000e-01  6.138460e+01
  4.436000e-01  7.059240e+01
  4.321000e-01  6.844385e+01
  4.209000e-01  6.859731e+01
  4.100000e-01  7.369995e+01
  3.994000e-01  1.089955e+02
  3.891000e-01  9.883005e+01
  3.790000e-01  1.006330e+02
  3.692000e-01  9.138655e+01
  3.596000e-01  8.678290e+01
  3.503000e-01  8.662920e+01
  3.412000e-01  8.942944e+01
  3.324000e-01  8.551656e+01
  3.238000e-01  7.964650e+01
  3.154000e-01  8.801020e+01
  3.072000e-01  9.127130e+01
  2.992000e-01  1.048910e+02
  2.915000e-01  1.288315e+02
  2.839000e-01  1.398800e+02
  2.766000e-01  1.209280e+02
  2.694000e-01  1.299440e+02
  2.624000e-01  1.164780e+02
  2.556000e-01  1.063475e+02
  2.490000e-01  9.928965e+01
  2.426000e-01  8.935275e+01
  2.363000e-01  8.202515e+01
  2.302000e-01  7.745970e+01
  2.242000e-01  6.725450e+01
  2.184000e-01  6.349480e+01
  2.127000e-01  5.589835e+01
  2.072000e-01  5.363480e+01
  2.019000e-01  4.642220e+01
  1.966000e-01  4.108935e+01
  1.915000e-01  4.043720e+01
  1.866000e-01  3.410675e+01
  1.817000e-01  3.084575e+01
  1.770000e-01  2.881240e+01
  1.725000e-01  2.535955e+01
  1.680000e-01  2.255885e+01
  1.636000e-01  1.902920e+01
  1.594000e-01  1.887580e+01
  1.553000e-01  1.549955e+01
  1.512000e-01  1.365800e+01
  1.473000e-01  1.170150e+01
  1.435000e-01  1.001330e+01
  1.398000e-01  9.552959e+00
  1.362000e-01  9.207820e+00
  1.326000e-01  8.018325e+00
  1.292000e-01  6.483770e+00
  1.259000e-01  6.368670e+00
  1.226000e-01  4.834030e+00
  1.194000e-01  4.603830e+00
  1.163000e-01  4.680580e+00
  1.133000e-01  2.800650e+00
  1.104000e-01  3.184310e+00
  1.075000e-01  2.685560e+00
  1.047000e-01  1.994985e+00
  1.020000e-01  1.994980e+00
  9.940000e-02  1.841520e+00
  9.680000e-02  1.419510e+00
  9.430000e-02  1.227685e+00
  9.190000e-02  8.823980e-01
  8.950000e-02  9.591265e-01
  8.720000e-02  6.522075e-01
  8.490000e-02  8.823969e-01
  8.270000e-02  4.220185e-01
  8.060000e-02  6.138420e-01
  7.850000e-02  4.220195e-01
  7.640000e-02  4.220185e-01
  7.450000e-02  5.754775e-01
  7.250000e-02  7.289405e-01
  7.070000e-02  5.754800e-01
  6.880000e-02  4.220175e-01
  6.700000e-02  4.603815e-01
  6.530000e-02  4.603830e-01
  6.360000e-02  4.220175e-01
  6.200000e-02  3.836530e-01
  6.040000e-02  5.371130e-01
  5.880000e-02  4.987485e-01
  5.730000e-02  4.603845e-01
  5.580000e-02  3.069230e-01
  5.430000e-02  4.603820e-01
  5.290000e-02  2.685575e-01
  5.160000e-02  3.069240e-01
  5.020000e-02  1.150965e-01
  4.890000e-02  4.220185e-01
  4.770000e-02  2.301930e-01
  4.640000e-02  3.452875e-01
  4.520000e-02  4.987490e-01
  4.410000e-02  2.685575e-01
  4.290000e-02  2.685575e-01
  4.180000e-02  3.836540e-01
  4.070000e-02  2.301920e-01
  3.970000e-02  3.452895e-01
  3.860000e-02  2.301920e-01
  3.760000e-02  4.220170e-01
  3.670000e-02  3.452885e-01
  3.570000e-02  1.918275e-01
  3.480000e-02  2.685575e-01
  3.390000e-02  2.301920e-01
  3.300000e-02  5.371140e-01
  3.220000e-02  3.452885e-01
  3.130000e-02  3.069230e-01
  3.050000e-02  1.150965e-01
  2.970000e-02  2.301920e-01
  2.890000e-02  3.836520e-01
  2.820000e-02  1.918265e-01
  2.750000e-02  1.918275e-01
  2.680000e-02  1.534620e-01
  2.610000e-02  1.150965e-01
  2.540000e-02  3.836550e-02
  2.470000e-02  1.534620e-01
  2.410000e-02  7.673100e-02
  2.350000e-02  2.685575e-01
  2.290000e-02  1.150965e-01
  2.230000e-02  2.301910e-01
  2.170000e-02  1.150965e-01
  2.110000e-02  7.673100e-02
  2.060000e-02  1.150965e-01
  2.000000e-02  3.836550e-02
  1.950000e-02  0.000000e+00
  1.900000e-02  0.000000e+00
  1.850000e-02  3.836550e-02
  1.800000e-02  0.000000e+00
  1.760000e-02  0.000000e+00
  1.710000e-02  7.673100e-02
  1.670000e-02  3.836550e-02
  1.630000e-02  3.836550e-02
  1.580000e-02  0.000000e+00
  1.540000e-02  0.000000e+00
  1.500000e-02  0.000000e+00
  1.460000e-02  0.000000e+00
  1.430000e-02  3.836550e-02
  1.390000e-02  7.673100e-02
  1.350000e-02  3.836550e-02
  1.320000e-02  0.000000e+00
  1.280000e-02  0.000000e+00
  1.250000e-02  0.000000e+00
  1.220000e-02  0.000000e+00
  1.190000e-02  0.000000e+00
  1.160000e-02  0.000000e+00
  1.130000e-02  0.000000e+00
  1.100000e-02  3.069230e-01
  1.070000e-02  3.069220e-01
  1.040000e-02  2.685575e-01
  1.010000e-02  1.035858e+00
