  4.934820e+03  6.514000e-02
  4.806990e+03  0.000000e+00
  4.682470e+03  0.000000e+00
  4.561180e+03  0.000000e+00
  4.443030e+03  0.000000e+00
  4.327940e+03  0.000000e+00
  4.215830e+03  0.000000e+00
  4.106630e+03  0.000000e+00
  4.000250e+03  0.000000e+00
  3.896630e+03  0.000000e+00
  3.795700e+03  0.000000e+00
  3.697380e+03  0.000000e+00
  3.601600e+03  6.514000e-02
  3.508310e+03  0.000000e+00
  3.417430e+03  0.000000e+00
  3.328910e+03  0.000000e+00
  3.242680e+03  0.000000e+00
  3.158680e+03  0.000000e+00
  3.076860e+03  0.000000e+00
  2.997160e+03  0.000000e+00
  2.919530e+03  0.000000e+00
  2.843900e+03  0.000000e+00
  2.770230e+03  0.000000e+00
  2.698480e+03  0.000000e+00
  2.628580e+03  0.000000e+00
  2.560490e+03  0.000000e+00
  2.494160e+03  0.000000e+00
  2.429550e+03  0.000000e+00
  2.366620e+03  6.514000e-02
  2.305320e+03  0.000000e+00
  2.245600e+03  6.514000e-02
  2.187430e+03  6.514000e-02
  2.130770e+03  6.514000e-02
  2.075580e+03  1.302800e-01
  2.021810e+03  0.000000e+00
  1.969440e+03  1.302800e-01
  1.918430e+03  0.000000e+00
  1.868730e+03  0.000000e+00
  1.820330e+03  1.954200e-01
  1.773170e+03  6.514000e-02
  1.727240e+03  6.514000e-02
  1.682500e+03  6.514000e-02
  1.638920e+03  6.514000e-02
  1.596470e+03  0.000000e+00
  1.555110e+03  2.605600e-01
  1.514830e+03  1.954200e-01
  1.475590e+03  1.302800e-01
  1.437370e+03  1.302800e-01
  1.400140e+03  3.257000e-01
  1.363870e+03  1.302800e-01
  1.328540e+03  4.559800e-01
  1.294120e+03  3.908400e-01
  1.260600e+03  3.257000e-01
  1.227950e+03  1.954200e-01
  1.196140e+03  5.211200e-01
  1.165160e+03  4.559800e-01
  1.134980e+03  3.908400e-01
  1.105580e+03  4.559800e-01
  1.076940e+03  4.559800e-01
  1.049040e+03  5.862600e-01
  1.021870e+03  1.042240e+00
  9.953980e+02  8.468200e-01
  9.696140e+02  9.771000e-01
  9.444970e+02  5.862600e-01
  9.200320e+02  1.107380e+00
  8.962000e+02  1.302800e+00
  8.729850e+02  1.498220e+00
  8.503720e+02  9.771000e-01
  8.283450e+02  1.563360e+00
  8.068880e+02  1.758780e+00
  7.859870e+02  1.498220e+00
  7.656270e+02  2.345040e+00
  7.457950e+02  2.670740e+00
  7.264760e+02  3.452420e+00
  7.076580e+02  2.410180e+00
  6.893270e+02  3.061580e+00
  6.714710e+02  4.755220e+00
  6.540780e+02  3.647840e+00
  6.371350e+02  5.080920e+00
  6.206310e+02  4.690080e+00
  6.045550e+02  7.230510e+00
  5.888950e+02  6.969920e+00
  5.736410e+02  6.579120e+00
  5.587810e+02  7.751610e+00
  5.443070e+02  9.314939e+00
  5.302080e+02  1.009665e+01
  5.164740e+02  1.211605e+01
  5.030950e+02  1.263710e+01
  4.900630e+02  1.667575e+01
  4.773690e+02  1.582905e+01
  4.650040e+02  1.817405e+01
  4.529580e+02  2.234290e+01
  4.412250e+02  2.358065e+01
  4.297960e+02  2.638175e+01
  4.186630e+02  3.015975e+01
  4.078180e+02  3.589210e+01
  3.972540e+02  3.980050e+01
  3.869640e+02  4.364385e+01
  3.769400e+02  4.598885e+01
  3.671770e+02  5.146065e+01
  3.576650e+02  6.299030e+01
  3.484010e+02  6.546561e+01
  3.393760e+02  7.582275e+01
  3.305850e+02  8.513780e+01
  3.220220e+02  9.640740e+01
  3.136800e+02  1.070250e+02
  3.055550e+02  1.161445e+02
  2.976400e+02  1.292380e+02
  2.899300e+02  1.474115e+02
  2.824200e+02  1.580290e+02
  2.751040e+02  1.837590e+02
  2.679780e+02  2.090330e+02
  2.610370e+02  2.343730e+02
  2.542750e+02  2.635565e+02
  2.476890e+02  2.931950e+02
  2.412730e+02  3.367735e+02
  2.350230e+02  3.750765e+02
  2.289350e+02  4.081005e+02
  2.230050e+02  4.764330e+02
  2.172280e+02  5.140860e+02
  2.116010e+02  5.912110e+02
  2.061200e+02  6.381750e+02
  2.007810e+02  7.202520e+02
  1.955800e+02  8.148990e+02
  1.905140e+02  9.070735e+02
  1.855790e+02  1.030565e+03
  1.807720e+02  1.164760e+03
  1.760890e+02  1.298190e+03
  1.715280e+02  1.447735e+03
  1.670850e+02  1.588625e+03
  1.627570e+02  1.786780e+03
  1.585410e+02  1.966385e+03
  1.544340e+02  2.155925e+03
  1.504340e+02  2.422620e+03
  1.465370e+02  2.626895e+03
  1.427410e+02  2.944785e+03
  1.390440e+02  3.215820e+03
  1.354420e+02  3.520355e+03
  1.319340e+02  3.865325e+03
  1.285160e+02  4.214810e+03
  1.251870e+02  4.620040e+03
  1.219440e+02  5.008940e+03
  1.187850e+02  5.502890e+03
  1.157090e+02  5.987995e+03
  1.127110e+02  6.515870e+03
  1.097920e+02  7.093610e+03
  1.069480e+02  7.671005e+03
  1.041770e+02  8.427865e+03
  1.014790e+02  9.094645e+03
  9.885030e+01  9.927230e+03
  9.628970e+01  1.067355e+04
  9.379550e+01  1.160810e+04
  9.136590e+01  1.252835e+04
  8.899920e+01  1.356720e+04
  8.669380e+01  1.454620e+04
  8.444820e+01  1.573805e+04
  8.226070e+01  1.690655e+04
  8.012980e+01  1.814785e+04
  7.805420e+01  1.943150e+04
  7.603240e+01  2.080645e+04
  7.406290e+01  2.214835e+04
  7.214440e+01  2.360660e+04
  7.027560e+01  2.519690e+04
  6.845520e+01  2.666860e+04
  6.668200e+01  2.820105e+04
  6.495470e+01  2.957710e+04
  6.327220e+01  3.098770e+04
  6.163320e+01  3.228075e+04
  6.003670e+01  3.349615e+04
  5.848160e+01  3.456315e+04
  5.696670e+01  3.554340e+04
  5.549110e+01  3.674325e+04
  5.405370e+01  3.780470e+04
  5.265350e+01  3.891170e+04
  5.128960e+01  4.021660e+04
  4.996100e+01  4.129700e+04
  4.866690e+01  4.228685e+04
  4.740620e+01  4.334540e+04
  4.617830e+01  4.412340e+04
  4.498210e+01  4.457610e+04
  4.381690e+01  4.536275e+04
  4.268190e+01  4.575830e+04
  4.157630e+01  4.596400e+04
  4.049930e+01  4.621225e+04
  3.945030e+01  4.646460e+04
  3.842840e+01  4.685795e+04
  3.743290e+01  4.702670e+04
  3.646330e+01  4.710020e+04
  3.551880e+01  4.730220e+04
  3.459870e+01  4.745320e+04
  3.370250e+01  4.765535e+04
  3.282950e+01  4.772705e+04
  3.197910e+01  4.811660e+04
  3.115070e+01  4.819000e+04
  3.034380e+01  4.849480e+04
  2.955780e+01  4.863270e+04
  2.879220e+01  4.899115e+04
  2.804640e+01  4.929630e+04
  2.731990e+01  4.941945e+04
  2.661220e+01  4.981165e+04
  2.592290e+01  5.006655e+04
  2.525140e+01  5.034285e+04
  2.459730e+01  5.064695e+04
  2.396010e+01  5.103210e+04
  2.333950e+01  5.141065e+04
  2.273490e+01  5.182605e+04
  2.214600e+01  5.228780e+04
  2.157230e+01  5.267960e+04
  2.101350e+01  5.306785e+04
  2.046920e+01  5.365695e+04
  1.993900e+01  5.408205e+04
  1.942250e+01  5.459815e+04
  1.891940e+01  5.490820e+04
  1.842930e+01  5.548060e+04
  1.795200e+01  5.577450e+04
  1.748690e+01  5.615210e+04
  1.703400e+01  5.616730e+04
  1.659270e+01  5.652395e+04
  1.616290e+01  5.679515e+04
  1.574430e+01  5.679650e+04
  1.533640e+01  5.677895e+04
  1.493920e+01  5.725710e+04
  1.455220e+01  5.756590e+04
  1.417520e+01  5.803425e+04
  1.380800e+01  5.865275e+04
  1.345040e+01  5.950225e+04
  1.310200e+01  6.066975e+04
  1.276260e+01  6.196760e+04
  1.243200e+01  6.327270e+04
  1.211000e+01  6.491365e+04
  1.179630e+01  6.653435e+04
  1.149070e+01  6.814015e+04
  1.119310e+01  6.990059e+04
  1.090310e+01  7.135884e+04
  1.062070e+01  7.314120e+04
  1.034560e+01  7.483909e+04
  1.007760e+01  7.645485e+04
  9.816600e+00  7.798425e+04
  9.562300e+00  7.856420e+04
  9.314600e+00  7.853630e+04
  9.073300e+00  7.765920e+04
  8.838300e+00  7.547620e+04
  8.609300e+00  7.340035e+04
  8.386300e+00  7.088955e+04
  8.169100e+00  6.842045e+04
  7.957500e+00  6.638680e+04
  7.751400e+00  6.409545e+04
  7.550600e+00  6.332700e+04
  7.355000e+00  6.257010e+04
  7.164500e+00  6.232615e+04
  6.978900e+00  6.229160e+04
  6.798100e+00  6.230180e+04
  6.622000e+00  6.228865e+04
  6.450500e+00  6.257470e+04
  6.283400e+00  6.286335e+04
  6.120600e+00  6.298275e+04
  5.962100e+00  6.290665e+04
  5.807600e+00  6.285745e+04
  5.657200e+00  6.270870e+04
  5.510700e+00  6.309600e+04
  5.367900e+00  6.369185e+04
  5.228900e+00  6.357295e+04
  5.093400e+00  6.311145e+04
  4.961500e+00  6.296360e+04
  4.833000e+00  6.498875e+04
  4.707800e+00  6.823609e+04
  4.585800e+00  6.475945e+04
  4.467100e+00  6.390450e+04
  4.351300e+00  6.444260e+04
  4.238600e+00  6.500830e+04
  4.128800e+00  6.498970e+04
  4.021900e+00  7.784316e+04
  3.917700e+00  6.696334e+04
  3.816200e+00  6.048325e+04
  3.717400e+00  5.990595e+04
  3.621100e+00  5.934520e+04
  3.527300e+00  5.870880e+04
  3.435900e+00  5.803580e+04
  3.346900e+00  5.741250e+04
  3.260200e+00  5.696140e+04
  3.175800e+00  5.660530e+04
  3.093500e+00  5.547310e+04
  3.013400e+00  5.476600e+04
  2.935300e+00  5.426420e+04
  2.859300e+00  5.339135e+04
  2.785200e+00  5.304080e+04
  2.713100e+00  5.241390e+04
  2.642800e+00  5.111025e+04
  2.574300e+00  5.160120e+04
  2.507600e+00  5.020215e+04
  2.442700e+00  5.118775e+04
  2.379400e+00  5.084735e+04
  2.317800e+00  4.898310e+04
  2.257700e+00  4.711215e+04
  2.199300e+00  4.926350e+04
  2.142300e+00  4.569380e+04
  2.086800e+00  4.458130e+04
  2.032700e+00  4.504265e+04
  1.980100e+00  5.060385e+04
  1.928800e+00  3.995470e+04
  1.878800e+00  3.617910e+04
  1.830200e+00  4.766995e+04
  1.782800e+00  1.008520e+05
  1.736600e+00  5.327600e+04
  1.691600e+00  4.057100e+04
  1.647800e+00  3.740800e+04
  1.605100e+00  3.652020e+04
  1.563500e+00  3.493440e+04
  1.523000e+00  3.388335e+04
  1.483600e+00  3.319240e+04
  1.445100e+00  3.168260e+04
  1.407700e+00  3.057240e+04
  1.371200e+00  2.882705e+04
  1.335700e+00  2.966860e+04
  1.301100e+00  2.556280e+04
  1.267400e+00  2.053585e+04
  1.234600e+00  2.717965e+04
  1.202600e+00  2.849890e+04
  1.171500e+00  2.695425e+04
  1.141100e+00  2.948490e+04
  1.111600e+00  2.063465e+04
  1.082800e+00  1.785840e+04
  1.054700e+00  2.899235e+04
  1.027400e+00  2.231925e+04
  1.000800e+00  1.685375e+04
  9.749000e-01  2.396345e+04
  9.496000e-01  1.828985e+04
  9.250000e-01  1.886825e+04
  9.010000e-01  2.149500e+04
  8.777000e-01  2.286130e+04
  8.550000e-01  2.313485e+04
  8.328000e-01  2.445655e+04
  8.113000e-01  2.600540e+04
  7.902000e-01  2.724580e+04
  7.698000e-01  2.814010e+04
  7.498000e-01  2.972515e+04
  7.304000e-01  3.046270e+04
  7.115000e-01  3.181140e+04
  6.931000e-01  4.674890e+04
  6.751000e-01  2.348945e+05
  6.576000e-01  2.532665e+05
  6.406000e-01  5.820525e+05
  6.240000e-01  1.320230e+05
  6.078000e-01  4.143970e+04
  5.921000e-01  4.047075e+04
  5.767000e-01  4.103500e+04
  5.618000e-01  4.240115e+04
  5.472000e-01  4.161155e+04
  5.331000e-01  4.952985e+04
  5.193000e-01  4.732250e+04
  5.058000e-01  4.666395e+04
  4.927000e-01  7.498780e+04
  4.799000e-01  7.651634e+04
  4.675000e-01  5.466535e+04
  4.554000e-01  5.059745e+04
  4.436000e-01  8.047345e+04
  4.321000e-01  8.012240e+04
  4.209000e-01  7.508350e+04
  4.100000e-01  5.621770e+04
  3.994000e-01  1.016535e+05
  3.891000e-01  1.418580e+05
  3.790000e-01  1.204405e+05
  3.692000e-01  4.936470e+04
  3.596000e-01  4.470040e+04
  3.503000e-01  4.501945e+04
  3.412000e-01  4.455465e+04
  3.324000e-01  4.820255e+04
  3.238000e-01  4.196255e+04
  3.154000e-01  4.155975e+04
  3.072000e-01  5.302940e+04
  2.992000e-01  6.530140e+04
  2.915000e-01  7.802985e+04
  2.839000e-01  8.645370e+04
  2.766000e-01  7.033610e+04
  2.694000e-01  1.232225e+05
  2.624000e-01  2.302320e+05
  2.556000e-01  2.437580e+05
  2.490000e-01  9.714835e+04
  2.426000e-01  1.144235e+05
  2.363000e-01  1.169045e+05
  2.302000e-01  7.830905e+04
  2.242000e-01  5.918105e+04
  2.184000e-01  5.826580e+04
  2.127000e-01  6.062435e+04
  2.072000e-01  5.843520e+04
  2.019000e-01  5.983065e+04
  1.966000e-01  6.634050e+04
  1.915000e-01  7.739691e+04
  1.866000e-01  7.873190e+04
  1.817000e-01  7.103995e+04
  1.770000e-01  7.757445e+04
  1.725000e-01  7.980320e+04
  1.680000e-01  7.948080e+04
  1.636000e-01  7.682650e+04
  1.594000e-01  7.788720e+04
  1.553000e-01  8.160741e+04
  1.512000e-01  8.426785e+04
  1.473000e-01  8.461159e+04
  1.435000e-01  9.956595e+04
  1.398000e-01  8.958691e+04
  1.362000e-01  9.101555e+04
  1.326000e-01  9.192970e+04
  1.292000e-01  9.171734e+04
  1.259000e-01  9.192580e+04
  1.226000e-01  9.244195e+04
  1.194000e-01  9.245950e+04
  1.163000e-01  9.225520e+04
  1.133000e-01  9.254955e+04
  1.104000e-01  9.224810e+04
  1.075000e-01  9.157025e+04
  1.047000e-01  9.091475e+04
  1.020000e-01  9.001805e+04
  9.940000e-02  8.915205e+04
  9.680000e-02  8.824766e+04
  9.430000e-02  8.706691e+04
  9.190000e-02  8.565235e+04
  8.950000e-02  8.504675e+04
  8.720000e-02  8.316070e+04
  8.490000e-02  8.097220e+04
  8.270000e-02  7.859250e+04
  8.060000e-02  7.586670e+04
  7.850000e-02  7.351809e+04
  7.640000e-02  7.102205e+04
  7.450000e-02  6.840390e+04
  7.250000e-02  6.593609e+04
  7.070000e-02  6.364760e+04
  6.880000e-02  6.059270e+04
  6.700000e-02  5.743085e+04
  6.530000e-02  5.419570e+04
  6.360000e-02  5.086180e+04
  6.200000e-02  4.768655e+04
  6.040000e-02  4.440880e+04
  5.880000e-02  4.119415e+04
  5.730000e-02  3.810080e+04
  5.580000e-02  3.504680e+04
  5.430000e-02  3.196545e+04
  5.290000e-02  2.905540e+04
  5.160000e-02  2.623305e+04
  5.020000e-02  2.353810e+04
  4.890000e-02  2.108725e+04
  4.770000e-02  1.879315e+04
  4.640000e-02  1.663445e+04
  4.520000e-02  1.462220e+04
  4.410000e-02  1.285135e+04
  4.290000e-02  1.122140e+04
  4.180000e-02  9.756980e+03
  4.070000e-02  8.371260e+03
  3.970000e-02  7.166635e+03
  3.860000e-02  6.155445e+03
  3.760000e-02  5.208515e+03
  3.670000e-02  4.421760e+03
  3.570000e-02  3.703600e+03
  3.480000e-02  3.116810e+03
  3.390000e-02  2.623700e+03
  3.300000e-02  2.186355e+03
  3.220000e-02  1.845290e+03
  3.130000e-02  1.551245e+03
  3.050000e-02  1.296805e+03
  2.970000e-02  1.098785e+03
  2.890000e-02  9.318260e+02
  2.820000e-02  7.977025e+02
  2.750000e-02  7.047475e+02
  2.680000e-02  6.321830e+02
  2.610000e-02  5.564250e+02
  2.540000e-02  5.130430e+02
  2.470000e-02  4.731110e+02
  2.410000e-02  4.363070e+02
  2.350000e-02  4.168305e+02
  2.290000e-02  4.019770e+02
  2.230000e-02  3.892120e+02
  2.170000e-02  3.766395e+02
  2.110000e-02  3.626340e+02
  2.060000e-02  3.508445e+02
  2.000000e-02  3.400310e+02
  1.950000e-02  3.370345e+02
  1.900000e-02  3.291515e+02
  1.850000e-02  3.208150e+02
  1.800000e-02  3.119560e+02
  1.760000e-02  3.073300e+02
  1.710000e-02  3.002285e+02
  1.670000e-02  2.946930e+02
  1.630000e-02  2.820560e+02
  1.580000e-02  2.758675e+02
  1.540000e-02  2.685720e+02
  1.500000e-02  2.609495e+02
  1.460000e-02  2.461645e+02
  1.430000e-02  2.414080e+02
  1.390000e-02  2.266880e+02
  1.350000e-02  2.175665e+02
  1.320000e-02  2.076660e+02
  1.280000e-02  2.051910e+02
  1.250000e-02  1.884510e+02
  1.220000e-02  1.780275e+02
  1.190000e-02  1.720990e+02
  1.160000e-02  1.590705e+02
  1.130000e-02  1.421355e+02
  1.100000e-02  1.296925e+02
  1.070000e-02  1.215510e+02
  1.040000e-02  1.163405e+02
  1.010000e-02  8.925470e+02
