  4.934820e+03  6.186325e-03
  4.806990e+03  8.068950e-04
  4.682470e+03  8.068950e-04
  4.561180e+03  1.613795e-03
  4.443030e+03  5.379300e-04
  4.327940e+03  0.000000e+00
  4.215830e+03  5.379300e-04
  4.106630e+03  5.379300e-04
  4.000250e+03  1.344825e-03
  3.896630e+03  1.075880e-03
  3.795700e+03  8.068950e-04
  3.697380e+03  1.613790e-03
  3.601600e+03  2.689670e-03
  3.508310e+03  1.882760e-03
  3.417430e+03  1.882775e-03
  3.328910e+03  2.958640e-03
  3.242680e+03  2.420705e-03
  3.158680e+03  3.227605e-03
  3.076860e+03  2.151740e-03
  2.997160e+03  1.613790e-03
  2.919530e+03  2.689645e-03
  2.843900e+03  4.303480e-03
  2.770230e+03  4.303520e-03
  2.698480e+03  3.765575e-03
  2.628580e+03  3.496590e-03
  2.560490e+03  3.765575e-03
  2.494160e+03  4.572440e-03
  2.429550e+03  5.110440e-03
  2.366620e+03  5.379420e-03
  2.305320e+03  9.413980e-03
  2.245600e+03  1.075864e-02
  2.187430e+03  6.993210e-03
  2.130770e+03  1.102765e-02
  2.075580e+03  1.210355e-02
  2.021810e+03  1.506210e-02
  1.969440e+03  1.156554e-02
  1.918430e+03  1.129670e-02
  1.868730e+03  1.479315e-02
  1.820330e+03  1.452425e-02
  1.773170e+03  2.178625e-02
  1.727240e+03  2.420670e-02
  1.682500e+03  2.689640e-02
  1.638920e+03  3.066195e-02
  1.596470e+03  3.012395e-02
  1.555110e+03  3.146880e-02
  1.514830e+03  3.738595e-02
  1.475590e+03  3.684790e-02
  1.437370e+03  3.846170e-02
  1.400140e+03  4.787570e-02
  1.363870e+03  5.298580e-02
  1.328540e+03  6.213060e-02
  1.294120e+03  6.186160e-02
  1.260600e+03  8.257255e-02
  1.227950e+03  6.993060e-02
  1.196140e+03  9.063984e-02
  1.165160e+03  8.526185e-02
  1.134980e+03  1.118879e-01
  1.105580e+03  1.132330e-01
  1.076940e+03  1.188810e-01
  1.049040e+03  1.506200e-01
  1.021870e+03  1.586890e-01
  9.953980e+02  1.654125e-01
  9.696140e+02  1.880060e-01
  9.444970e+02  2.146340e-01
  9.200320e+02  2.243165e-01
  8.962000e+02  2.732685e-01
  8.729850e+02  2.807975e-01
  8.503720e+02  3.421215e-01
  8.283450e+02  3.733210e-01
  8.068880e+02  4.203900e-01
  7.859870e+02  4.588520e-01
  7.656270e+02  5.096855e-01
  7.457950e+02  5.615965e-01
  7.264760e+02  6.280299e-01
  7.076580e+02  7.146365e-01
  6.893270e+02  7.974765e-01
  6.714710e+02  9.007555e-01
  6.540780e+02  9.981225e-01
  6.371350e+02  1.125885e+00
  6.206310e+02  1.237225e+00
  6.045550e+02  1.376550e+00
  5.888950e+02  1.484945e+00
  5.736410e+02  1.661120e+00
  5.587810e+02  1.886770e+00
  5.443070e+02  2.057845e+00
  5.302080e+02  2.269520e+00
  5.164740e+02  2.500025e+00
  5.030950e+02  2.752845e+00
  4.900630e+02  3.061340e+00
  4.773690e+02  3.404550e+00
  4.650040e+02  3.754730e+00
  4.529580e+02  4.098475e+00
  4.412250e+02  4.506480e+00
  4.297960e+02  5.023705e+00
  4.186630e+02  5.441120e+00
  4.078180e+02  5.974485e+00
  3.972540e+02  6.645015e+00
  3.869640e+02  7.303705e+00
  3.769400e+02  7.990910e+00
  3.671770e+02  8.656324e+00
  3.576650e+02  9.460265e+00
  3.484010e+02  1.048370e+01
  3.393760e+02  1.131980e+01
  3.305850e+02  1.240630e+01
  3.220220e+02  1.347855e+01
  3.136800e+02  1.450950e+01
  3.055550e+02  1.574835e+01
  2.976400e+02  1.697235e+01
  2.899300e+02  1.842505e+01
  2.824200e+02  2.001115e+01
  2.751040e+02  2.149110e+01
  2.679780e+02  2.312850e+01
  2.610370e+02  2.507195e+01
  2.542750e+02  2.687735e+01
  2.476890e+02  2.901175e+01
  2.412730e+02  3.135935e+01
  2.350230e+02  3.366945e+01
  2.289350e+02  3.609690e+01
  2.230050e+02  3.870840e+01
  2.172280e+02  4.139945e+01
  2.116010e+02  4.392260e+01
  2.061200e+02  4.681975e+01
  2.007810e+02  4.985255e+01
  1.955800e+02  5.321685e+01
  1.905140e+02  5.713975e+01
  1.855790e+02  6.117920e+01
  1.807720e+02  6.501485e+01
  1.760890e+02  6.883549e+01
  1.715280e+02  7.262395e+01
  1.670850e+02  7.651095e+01
  1.627570e+02  8.023735e+01
  1.585410e+02  8.405090e+01
  1.544340e+02  8.783990e+01
  1.504340e+02  9.153730e+01
  1.465370e+02  9.490625e+01
  1.427410e+02  9.895135e+01
  1.390440e+02  1.023385e+02
  1.354420e+02  1.061615e+02
  1.319340e+02  1.089390e+02
  1.285160e+02  1.121360e+02
  1.251870e+02  1.151605e+02
  1.219440e+02  1.183010e+02
  1.187850e+02  1.210440e+02
  1.157090e+02  1.248450e+02
  1.127110e+02  1.279125e+02
  1.097920e+02  1.313465e+02
  1.069480e+02  1.345880e+02
  1.041770e+02  1.379620e+02
  1.014790e+02  1.414320e+02
  9.885030e+01  1.448010e+02
  9.628970e+01  1.481595e+02
  9.379550e+01  1.515125e+02
  9.136590e+01  1.552990e+02
  8.899920e+01  1.583610e+02
  8.669380e+01  1.616495e+02
  8.444820e+01  1.653585e+02
  8.226070e+01  1.686735e+02
  8.012980e+01  1.721550e+02
  7.805420e+01  1.755825e+02
  7.603240e+01  1.790020e+02
  7.406290e+01  1.823385e+02
  7.214440e+01  1.850035e+02
  7.027560e+01  1.874625e+02
  6.845520e+01  1.901515e+02
  6.668200e+01  1.918380e+02
  6.495470e+01  1.928460e+02
  6.327220e+01  1.930710e+02
  6.163320e+01  1.919620e+02
  6.003670e+01  1.903350e+02
  5.848160e+01  1.878615e+02
  5.696670e+01  1.851645e+02
  5.549110e+01  1.827665e+02
  5.405370e+01  1.801890e+02
  5.265350e+01  1.768270e+02
  5.128960e+01  1.742660e+02
  4.996100e+01  1.709370e+02
  4.866690e+01  1.657750e+02
  4.740620e+01  1.603710e+02
  4.617830e+01  1.535345e+02
  4.498210e+01  1.461975e+02
  4.381690e+01  1.405215e+02
  4.268190e+01  1.348565e+02
  4.157630e+01  1.288455e+02
  4.049930e+01  1.229490e+02
  3.945030e+01  1.171610e+02
  3.842840e+01  1.124745e+02
  3.743290e+01  1.076620e+02
  3.646330e+01  1.032920e+02
  3.551880e+01  9.875380e+01
  3.459870e+01  9.435965e+01
  3.370250e+01  8.942155e+01
  3.282950e+01  8.479285e+01
  3.197910e+01  7.996475e+01
  3.115070e+01  7.532995e+01
  3.034380e+01  7.118770e+01
  2.955780e+01  6.614536e+01
  2.879220e+01  6.204855e+01
  2.804640e+01  5.756010e+01
  2.731990e+01  5.305955e+01
  2.661220e+01  4.876475e+01
  2.592290e+01  4.487945e+01
  2.525140e+01  4.094655e+01
  2.459730e+01  3.701335e+01
  2.396010e+01  3.314655e+01
  2.333950e+01  2.962240e+01
  2.273490e+01  2.623515e+01
  2.214600e+01  2.277025e+01
  2.157230e+01  1.963940e+01
  2.101350e+01  1.674535e+01
  2.046920e+01  1.417785e+01
  1.993900e+01  1.192480e+01
  1.942250e+01  1.007045e+01
  1.891940e+01  8.540940e+00
  1.842930e+01  7.844860e+00
  1.795200e+01  7.168680e+00
  1.748690e+01  7.063260e+00
  1.703400e+01  7.026935e+00
  1.659270e+01  7.315545e+00
  1.616290e+01  7.693440e+00
  1.574430e+01  7.898385e+00
  1.533640e+01  8.132915e+00
  1.493920e+01  8.351060e+00
  1.455220e+01  7.982560e+00
  1.417520e+01  7.025590e+00
  1.380800e+01  5.579650e+00
  1.345040e+01  4.014010e+00
  1.310200e+01  2.587695e+00
  1.276260e+01  1.568320e+00
  1.243200e+01  8.660620e-01
  1.211000e+01  4.862860e-01
  1.179630e+01  2.746115e-01
  1.149070e+01  1.508890e-01
  1.119310e+01  8.149534e-02
  1.090310e+01  6.535815e-02
  1.062070e+01  4.276510e-02
  1.034560e+01  2.824115e-02
  1.007760e+01  1.909655e-02
  9.816600e+00  9.951855e-03
  9.562300e+00  8.875960e-03
  9.314600e+00  1.048965e-02
  9.073300e+00  2.044125e-02
  8.838300e+00  3.953765e-02
  8.609300e+00  9.279300e-02
  8.386300e+00  1.896190e-01
  8.169100e+00  4.408315e-01
  7.957500e+00  8.762840e-01
  7.751400e+00  1.274345e+00
  7.550600e+00  1.917170e+00
  7.355000e+00  2.042765e+00
  7.164500e+00  1.891615e+00
  6.978900e+00  1.824380e+00
  6.798100e+00  1.628575e+00
  6.622000e+00  1.392420e+00
  6.450500e+00  1.245300e+00
  6.283400e+00  1.051920e+00
  6.120600e+00  9.260410e-01
  5.962100e+00  8.163040e-01
  5.807600e+00  7.767660e-01
  5.657200e+00  7.447590e-01
  5.510700e+00  7.248575e-01
  5.367900e+00  6.487401e-01
  5.228900e+00  5.613275e-01
  5.093400e+00  4.889765e-01
  4.961500e+00  4.045215e-01
  4.833000e+00  3.655205e-01
  4.707800e+00  3.345900e-01
  4.585800e+00  2.329220e-01
  4.467100e+00  2.192065e-01
  4.351300e+00  1.845090e-01
  4.238600e+00  1.697180e-01
  4.128800e+00  1.447020e-01
  4.021900e+00  2.022605e-01
  3.917700e+00  1.261430e-01
  3.816200e+00  8.042064e-02
  3.717400e+00  7.046875e-02
  3.621100e+00  6.670320e-02
  3.527300e+00  5.433065e-02
  3.435900e+00  3.846180e-02
  3.346900e+00  2.770335e-02
  3.260200e+00  1.748270e-02
  3.175800e+00  1.371720e-02
  3.093500e+00  3.496585e-03
  3.013400e+00  4.303540e-03
  2.935300e+00  6.186340e-03
  2.859300e+00  4.841405e-03
  2.785200e+00  9.413845e-03
  2.713100e+00  1.317945e-02
  2.642800e+00  1.425520e-02
  2.574300e+00  1.102759e-02
  2.507600e+00  1.398620e-02
  2.442700e+00  1.291040e-02
  2.379400e+00  1.398615e-02
  2.317800e+00  5.917335e-03
  2.257700e+00  1.048977e-02
  2.199300e+00  1.183453e-02
  2.142300e+00  7.531035e-03
  2.086800e+00  1.156560e-02
  2.032700e+00  8.876030e-03
  1.980100e+00  7.262170e-03
  1.928800e+00  3.496590e-03
  1.878800e+00  4.034555e-03
  1.830200e+00  4.841450e-03
  1.782800e+00  1.183465e-02
  1.736600e+00  4.841420e-03
  1.691600e+00  5.648370e-03
  1.647800e+00  6.455235e-03
  1.605100e+00  4.572465e-03
  1.563500e+00  5.110385e-03
  1.523000e+00  4.841420e-03
  1.483600e+00  4.572415e-03
  1.445100e+00  4.034535e-03
  1.407700e+00  2.689690e-03
  1.371200e+00  3.765570e-03
  1.335700e+00  1.882795e-03
  1.301100e+00  2.958675e-03
  1.267400e+00  1.075860e-03
  1.234600e+00  2.151740e-03
  1.202600e+00  3.496605e-03
  1.171500e+00  1.882775e-03
  1.141100e+00  2.689695e-03
  1.111600e+00  4.034535e-03
  1.082800e+00  1.344845e-03
  1.054700e+00  1.613810e-03
  1.027400e+00  2.420705e-03
  1.000800e+00  1.344825e-03
  9.749000e-01  3.227620e-03
  9.496000e-01  1.344865e-03
  9.250000e-01  1.613790e-03
  9.010000e-01  1.613810e-03
  8.777000e-01  1.344825e-03
  8.550000e-01  1.344825e-03
  8.328000e-01  1.344845e-03
  8.113000e-01  1.344845e-03
  7.902000e-01  1.613810e-03
  7.698000e-01  1.075880e-03
  7.498000e-01  1.344825e-03
  7.304000e-01  2.151720e-03
  7.115000e-01  1.613790e-03
  6.931000e-01  1.613790e-03
  6.751000e-01  2.958640e-03
  6.576000e-01  5.110445e-03
  6.406000e-01  6.455270e-03
  6.240000e-01  1.882775e-03
  6.078000e-01  1.613790e-03
  5.921000e-01  2.958635e-03
  5.767000e-01  2.151720e-03
  5.618000e-01  2.151740e-03
  5.472000e-01  8.069150e-04
  5.331000e-01  1.882795e-03
  5.193000e-01  2.689670e-03
  5.058000e-01  2.151720e-03
  4.927000e-01  2.958640e-03
  4.799000e-01  2.689690e-03
  4.675000e-01  1.882775e-03
  4.554000e-01  1.882780e-03
  4.436000e-01  1.344845e-03
  4.321000e-01  1.075880e-03
  4.209000e-01  8.069150e-04
  4.100000e-01  1.075880e-03
  3.994000e-01  1.344825e-03
  3.891000e-01  1.882755e-03
  3.790000e-01  1.075860e-03
  3.692000e-01  1.613790e-03
  3.596000e-01  1.613810e-03
  3.503000e-01  5.379300e-04
  3.412000e-01  1.613850e-03
  3.324000e-01  1.344825e-03
  3.238000e-01  8.068950e-04
  3.154000e-01  5.379300e-04
  3.072000e-01  5.379300e-04
  2.992000e-01  1.882795e-03
  2.915000e-01  1.613790e-03
  2.839000e-01  1.882755e-03
  2.766000e-01  2.151740e-03
  2.694000e-01  2.689695e-03
  2.624000e-01  1.613790e-03
  2.556000e-01  5.379300e-04
  2.490000e-01  1.344845e-03
  2.426000e-01  8.068950e-04
  2.363000e-01  8.068950e-04
  2.302000e-01  5.379300e-04
  2.242000e-01  8.068950e-04
  2.184000e-01  2.689650e-04
  2.127000e-01  0.000000e+00
  2.072000e-01  2.689650e-04
  2.019000e-01  2.689650e-04
  1.966000e-01  2.689650e-04
  1.915000e-01  0.000000e+00
  1.866000e-01  1.344865e-03
  1.817000e-01  2.689650e-04
  1.770000e-01  0.000000e+00
  1.725000e-01  0.000000e+00
  1.680000e-01  0.000000e+00
  1.636000e-01  0.000000e+00
  1.594000e-01  2.689650e-04
  1.553000e-01  0.000000e+00
  1.512000e-01  5.379300e-04
  1.473000e-01  0.000000e+00
  1.435000e-01  0.000000e+00
  1.398000e-01  0.000000e+00
  1.362000e-01  0.000000e+00
  1.326000e-01  0.000000e+00
  1.292000e-01  2.689650e-04
  1.259000e-01  0.000000e+00
  1.226000e-01  0.000000e+00
  1.194000e-01  0.000000e+00
  1.163000e-01  0.000000e+00
  1.133000e-01  2.689650e-04
  1.104000e-01  2.689650e-04
  1.075000e-01  2.689650e-04
  1.047000e-01  0.000000e+00
  1.020000e-01  0.000000e+00
  9.940000e-02  0.000000e+00
  9.680000e-02  2.689650e-04
  9.430000e-02  0.000000e+00
  9.190000e-02  0.000000e+00
  8.950000e-02  0.000000e+00
  8.720000e-02  0.000000e+00
  8.490000e-02  0.000000e+00
  8.270000e-02  0.000000e+00
  8.060000e-02  0.000000e+00
  7.850000e-02  0.000000e+00
  7.640000e-02  0.000000e+00
  7.450000e-02  0.000000e+00
  7.250000e-02  0.000000e+00
  7.070000e-02  0.000000e+00
  6.880000e-02  0.000000e+00
  6.700000e-02  0.000000e+00
  6.530000e-02  0.000000e+00
  6.360000e-02  0.000000e+00
  6.200000e-02  0.000000e+00
  6.040000e-02  0.000000e+00
  5.880000e-02  0.000000e+00
  5.730000e-02  0.000000e+00
  5.580000e-02  0.000000e+00
  5.430000e-02  0.000000e+00
  5.290000e-02  0.000000e+00
  5.160000e-02  0.000000e+00
  5.020000e-02  0.000000e+00
  4.890000e-02  0.000000e+00
  4.770000e-02  0.000000e+00
  4.640000e-02  0.000000e+00
  4.520000e-02  0.000000e+00
  4.410000e-02  0.000000e+00
  4.290000e-02  0.000000e+00
  4.180000e-02  0.000000e+00
  4.070000e-02  0.000000e+00
  3.970000e-02  0.000000e+00
  3.860000e-02  0.000000e+00
  3.760000e-02  0.000000e+00
  3.670000e-02  0.000000e+00
  3.570000e-02  0.000000e+00
  3.480000e-02  0.000000e+00
  3.390000e-02  0.000000e+00
  3.300000e-02  0.000000e+00
  3.220000e-02  0.000000e+00
  3.130000e-02  0.000000e+00
  3.050000e-02  0.000000e+00
  2.970000e-02  0.000000e+00
  2.890000e-02  0.000000e+00
  2.820000e-02  0.000000e+00
  2.750000e-02  0.000000e+00
  2.680000e-02  0.000000e+00
  2.610000e-02  0.000000e+00
  2.540000e-02  0.000000e+00
  2.470000e-02  0.000000e+00
  2.410000e-02  0.000000e+00
  2.350000e-02  0.000000e+00
  2.290000e-02  0.000000e+00
  2.230000e-02  0.000000e+00
  2.170000e-02  0.000000e+00
  2.110000e-02  0.000000e+00
  2.060000e-02  0.000000e+00
  2.000000e-02  0.000000e+00
  1.950000e-02  0.000000e+00
  1.900000e-02  0.000000e+00
  1.850000e-02  0.000000e+00
  1.800000e-02  0.000000e+00
  1.760000e-02  0.000000e+00
  1.710000e-02  0.000000e+00
  1.670000e-02  0.000000e+00
  1.630000e-02  0.000000e+00
  1.580000e-02  0.000000e+00
  1.540000e-02  0.000000e+00
  1.500000e-02  0.000000e+00
  1.460000e-02  0.000000e+00
  1.430000e-02  0.000000e+00
  1.390000e-02  0.000000e+00
  1.350000e-02  0.000000e+00
  1.320000e-02  0.000000e+00
  1.280000e-02  0.000000e+00
  1.250000e-02  0.000000e+00
  1.220000e-02  0.000000e+00
  1.190000e-02  0.000000e+00
  1.160000e-02  0.000000e+00
  1.130000e-02  0.000000e+00
  1.100000e-02  0.000000e+00
  1.070000e-02  0.000000e+00
  1.040000e-02  0.000000e+00
  1.010000e-02  0.000000e+00
