  4.934820e+03  0.000000e+00
  4.806990e+03  0.000000e+00
  4.682470e+03  6.135000e-02
  4.561180e+03  0.000000e+00
  4.443030e+03  0.000000e+00
  4.327940e+03  0.000000e+00
  4.215830e+03  0.000000e+00
  4.106630e+03  0.000000e+00
  4.000250e+03  0.000000e+00
  3.896630e+03  0.000000e+00
  3.795700e+03  1.227000e-01
  3.697380e+03  6.135000e-02
  3.601600e+03  0.000000e+00
  3.508310e+03  0.000000e+00
  3.417430e+03  0.000000e+00
  3.328910e+03  0.000000e+00
  3.242680e+03  0.000000e+00
  3.158680e+03  0.000000e+00
  3.076860e+03  0.000000e+00
  2.997160e+03  1.840500e-01
  2.919530e+03  0.000000e+00
  2.843900e+03  0.000000e+00
  2.770230e+03  0.000000e+00
  2.698480e+03  0.000000e+00
  2.628580e+03  6.135000e-02
  2.560490e+03  6.135000e-02
  2.494160e+03  0.000000e+00
  2.429550e+03  0.000000e+00
  2.366620e+03  6.135000e-02
  2.305320e+03  6.135000e-02
  2.245600e+03  6.135000e-02
  2.187430e+03  1.840500e-01
  2.130770e+03  6.135000e-02
  2.075580e+03  0.000000e+00
  2.021810e+03  6.135000e-02
  1.969440e+03  6.135000e-02
  1.918430e+03  2.454000e-01
  1.868730e+03  6.135000e-02
  1.820330e+03  6.135000e-02
  1.773170e+03  2.454000e-01
  1.727240e+03  1.227000e-01
  1.682500e+03  6.135000e-02
  1.638920e+03  1.840500e-01
  1.596470e+03  1.227000e-01
  1.555110e+03  1.840500e-01
  1.514830e+03  1.227000e-01
  1.475590e+03  6.135000e-02
  1.437370e+03  2.454000e-01
  1.400140e+03  3.681000e-01
  1.363870e+03  1.227000e-01
  1.328540e+03  1.227000e-01
  1.294120e+03  3.681000e-01
  1.260600e+03  1.227000e-01
  1.227950e+03  3.681000e-01
  1.196140e+03  2.454000e-01
  1.165160e+03  5.521500e-01
  1.134980e+03  4.908000e-01
  1.105580e+03  5.521500e-01
  1.076940e+03  4.294500e-01
  1.049040e+03  5.521500e-01
  1.021870e+03  4.294500e-01
  9.953980e+02  6.135000e-01
  9.696140e+02  1.288350e+00
  9.444970e+02  8.589000e-01
  9.200320e+02  9.202500e-01
  8.962000e+02  1.042950e+00
  8.729850e+02  8.589000e-01
  8.503720e+02  1.472400e+00
  8.283450e+02  1.472400e+00
  8.068880e+02  2.331300e+00
  7.859870e+02  1.165650e+00
  7.656270e+02  1.472400e+00
  7.457950e+02  1.840500e+00
  7.264760e+02  1.533750e+00
  7.076580e+02  1.840500e+00
  6.893270e+02  1.901850e+00
  6.714710e+02  2.392650e+00
  6.540780e+02  3.128850e+00
  6.371350e+02  3.619635e+00
  6.206310e+02  3.067500e+00
  6.045550e+02  3.435600e+00
  5.888950e+02  3.496950e+00
  5.736410e+02  3.374240e+00
  5.587810e+02  3.619635e+00
  5.443070e+02  4.233145e+00
  5.302080e+02  6.625775e+00
  5.164740e+02  6.073610e+00
  5.030950e+02  6.380360e+00
  4.900630e+02  7.730050e+00
  4.773690e+02  6.871145e+00
  4.650040e+02  6.257655e+00
  4.529580e+02  8.711639e+00
  4.412250e+02  8.650335e+00
  4.297960e+02  9.693275e+00
  4.186630e+02  1.049080e+01
  4.078180e+02  1.355835e+01
  3.972540e+02  1.441725e+01
  3.869640e+02  1.478535e+01
  3.769400e+02  1.723935e+01
  3.671770e+02  1.754610e+01
  3.576650e+02  1.920255e+01
  3.484010e+02  2.263815e+01
  3.393760e+02  2.251545e+01
  3.305850e+02  2.496945e+01
  3.220220e+02  2.883450e+01
  3.136800e+02  3.036825e+01
  3.055550e+02  3.294495e+01
  2.976400e+02  3.950940e+01
  2.899300e+02  4.018425e+01
  2.824200e+02  4.515360e+01
  2.751040e+02  5.214740e+01
  2.679780e+02  5.049105e+01
  2.610370e+02  5.938650e+01
  2.542750e+02  6.484625e+01
  2.476890e+02  6.969286e+01
  2.412730e+02  6.877265e+01
  2.350230e+02  8.582745e+01
  2.289350e+02  9.171725e+01
  2.230050e+02  9.914075e+01
  2.172280e+02  1.110430e+02
  2.116010e+02  1.200010e+02
  2.061200e+02  1.390795e+02
  2.007810e+02  1.444170e+02
  1.955800e+02  1.596920e+02
  1.905140e+02  1.801210e+02
  1.855790e+02  2.000590e+02
  1.807720e+02  2.089570e+02
  1.760890e+02  2.332520e+02
  1.715280e+02  2.547845e+02
  1.670850e+02  2.726970e+02
  1.627570e+02  3.009795e+02
  1.585410e+02  3.174235e+02
  1.544340e+02  3.528825e+02
  1.504340e+02  3.803680e+02
  1.465370e+02  4.171145e+02
  1.427410e+02  4.458880e+02
  1.390440e+02  4.838015e+02
  1.354420e+02  5.161945e+02
  1.319340e+02  5.723905e+02
  1.285160e+02  5.862565e+02
  1.251870e+02  6.445995e+02
  1.219440e+02  6.894455e+02
  1.187850e+02  7.401210e+02
  1.157090e+02  8.058895e+02
  1.127110e+02  8.496906e+02
  1.097920e+02  8.972370e+02
  1.069480e+02  9.444765e+02
  1.041770e+02  1.050115e+03
  1.014790e+02  1.103250e+03
  9.885030e+01  1.189510e+03
  9.628970e+01  1.252940e+03
  9.379550e+01  1.346500e+03
  9.136590e+01  1.450495e+03
  8.899920e+01  1.546560e+03
  8.669380e+01  1.615570e+03
  8.444820e+01  1.739445e+03
  8.226070e+01  1.839935e+03
  8.012980e+01  1.998145e+03
  7.805420e+01  2.102270e+03
  7.603240e+01  2.243060e+03
  7.406290e+01  2.365830e+03
  7.214440e+01  2.504210e+03
  7.027560e+01  2.669205e+03
  6.845520e+01  2.820805e+03
  6.668200e+01  3.012260e+03
  6.495470e+01  3.163120e+03
  6.327220e+01  3.342195e+03
  6.163320e+01  3.455635e+03
  6.003670e+01  3.606975e+03
  5.848160e+01  3.728395e+03
  5.696670e+01  3.822940e+03
  5.549110e+01  3.961890e+03
  5.405370e+01  4.132565e+03
  5.265350e+01  4.310475e+03
  5.128960e+01  4.534960e+03
  4.996100e+01  4.747035e+03
  4.866690e+01  5.035195e+03
  4.740620e+01  5.272245e+03
  4.617830e+01  5.501525e+03
  4.498210e+01  5.694150e+03
  4.381690e+01  5.817045e+03
  4.268190e+01  5.932860e+03
  4.157630e+01  5.980475e+03
  4.049930e+01  6.131885e+03
  3.945030e+01  6.152370e+03
  3.842840e+01  6.173240e+03
  3.743290e+01  6.150775e+03
  3.646330e+01  6.192560e+03
  3.551880e+01  6.269805e+03
  3.459870e+01  6.298560e+03
  3.370250e+01  6.335875e+03
  3.282950e+01  6.359130e+03
  3.197910e+01  6.418510e+03
  3.115070e+01  6.481945e+03
  3.034380e+01  6.551445e+03
  2.955780e+01  6.590100e+03
  2.879220e+01  6.650165e+03
  2.804640e+01  6.710775e+03
  2.731990e+01  6.729075e+03
  2.661220e+01  6.824875e+03
  2.592290e+01  6.838135e+03
  2.525140e+01  6.951455e+03
  2.459730e+01  7.005015e+03
  2.396010e+01  7.051455e+03
  2.333950e+01  7.058015e+03
  2.273490e+01  7.177530e+03
  2.214600e+01  7.187470e+03
  2.157230e+01  7.237230e+03
  2.101350e+01  7.322070e+03
  2.046920e+01  7.347095e+03
  1.993900e+01  7.398700e+03
  1.942250e+01  7.395310e+03
  1.891940e+01  7.408815e+03
  1.842930e+01  7.338940e+03
  1.795200e+01  7.241135e+03
  1.748690e+01  7.116660e+03
  1.703400e+01  7.003535e+03
  1.659270e+01  6.838020e+03
  1.616290e+01  6.716485e+03
  1.574430e+01  6.585055e+03
  1.533640e+01  6.438020e+03
  1.493920e+01  6.313410e+03
  1.455220e+01  6.265250e+03
  1.417520e+01  6.198580e+03
  1.380800e+01  6.306230e+03
  1.345040e+01  6.408625e+03
  1.310200e+01  6.487645e+03
  1.276260e+01  6.685435e+03
  1.243200e+01  6.819010e+03
  1.211000e+01  6.979845e+03
  1.179630e+01  7.196555e+03
  1.149070e+01  7.354140e+03
  1.119310e+01  7.593910e+03
  1.090310e+01  7.870155e+03
  1.062070e+01  8.160225e+03
  1.034560e+01  8.460955e+03
  1.007760e+01  8.694695e+03
  9.816600e+00  8.971381e+03
  9.562300e+00  9.114260e+03
  9.314600e+00  9.069170e+03
  9.073300e+00  8.815750e+03
  8.838300e+00  8.476595e+03
  8.609300e+00  8.085435e+03
  8.386300e+00  7.660155e+03
  8.169100e+00  7.256905e+03
  7.957500e+00  6.907275e+03
  7.751400e+00  6.593715e+03
  7.550600e+00  6.459860e+03
  7.355000e+00  6.450530e+03
  7.164500e+00  6.412185e+03
  6.978900e+00  6.381630e+03
  6.798100e+00  6.399360e+03
  6.622000e+00  6.394575e+03
  6.450500e+00  6.409430e+03
  6.283400e+00  6.572500e+03
  6.120600e+00  6.585680e+03
  5.962100e+00  6.569730e+03
  5.807600e+00  6.587350e+03
  5.657200e+00  6.650650e+03
  5.510700e+00  6.751220e+03
  5.367900e+00  6.959800e+03
  5.228900e+00  6.984535e+03
  5.093400e+00  6.956850e+03
  4.961500e+00  6.983965e+03
  4.833000e+00  7.589430e+03
  4.707800e+00  8.498015e+03
  4.585800e+00  7.655250e+03
  4.467100e+00  7.522370e+03
  4.351300e+00  7.814020e+03
  4.238600e+00  8.062485e+03
  4.128800e+00  8.255115e+03
  4.021900e+00  1.319475e+04
  3.917700e+00  9.661484e+03
  3.816200e+00  7.588575e+03
  3.717400e+00  7.602925e+03
  3.621100e+00  7.681575e+03
  3.527300e+00  7.698635e+03
  3.435900e+00  7.813590e+03
  3.346900e+00  7.845500e+03
  3.260200e+00  8.005510e+03
  3.175800e+00  8.167650e+03
  3.093500e+00  8.125180e+03
  3.013400e+00  8.240290e+03
  2.935300e+00  8.457160e+03
  2.859300e+00  8.532295e+03
  2.785200e+00  8.734880e+03
  2.713100e+00  8.854516e+03
  2.642800e+00  8.823404e+03
  2.574300e+00  9.244140e+03
  2.507600e+00  9.238939e+03
  2.442700e+00  9.731131e+03
  2.379400e+00  1.000982e+04
  2.317800e+00  9.722370e+03
  2.257700e+00  9.530766e+03
  2.199300e+00  1.065600e+04
  2.142300e+00  9.884145e+03
  2.086800e+00  9.786915e+03
  2.032700e+00  1.051985e+04
  1.980100e+00  1.472235e+04
  1.928800e+00  1.011565e+04
  1.878800e+00  8.432225e+03
  1.830200e+00  1.387250e+04
  1.782800e+00  3.470500e+04
  1.736600e+00  1.688635e+04
  1.691600e+00  1.111710e+04
  1.647800e+00  9.646730e+03
  1.605100e+00  9.536350e+03
  1.563500e+00  9.267630e+03
  1.523000e+00  9.086475e+03
  1.483600e+00  9.050455e+03
  1.445100e+00  8.612244e+03
  1.407700e+00  8.396846e+03
  1.371200e+00  8.001685e+03
  1.335700e+00  8.347404e+03
  1.301100e+00  7.247585e+03
  1.267400e+00  5.790665e+03
  1.234600e+00  7.811215e+03
  1.202600e+00  8.392939e+03
  1.171500e+00  7.702000e+03
  1.141100e+00  9.349180e+03
  1.111600e+00  6.387835e+03
  1.082800e+00  5.865570e+03
  1.054700e+00  9.413335e+03
  1.027400e+00  7.237655e+03
  1.000800e+00  5.655635e+03
  9.749000e-01  7.689190e+03
  9.496000e-01  6.023415e+03
  9.250000e-01  6.231275e+03
  9.010000e-01  6.945500e+03
  8.777000e-01  7.416470e+03
  8.550000e-01  7.801945e+03
  8.328000e-01  7.803290e+03
  8.113000e-01  8.573220e+03
  7.902000e-01  8.801385e+03
  7.698000e-01  8.805500e+03
  7.498000e-01  9.682005e+03
  7.304000e-01  9.626370e+03
  7.115000e-01  9.904260e+03
  6.931000e-01  1.956835e+04
  6.751000e-01  1.305525e+05
  6.576000e-01  1.191810e+05
  6.406000e-01  2.783480e+05
  6.240000e-01  6.190325e+04
  6.078000e-01  1.354570e+04
  5.921000e-01  1.308430e+04
  5.767000e-01  1.328020e+04
  5.618000e-01  1.380890e+04
  5.472000e-01  1.357130e+04
  5.331000e-01  1.601330e+04
  5.193000e-01  1.548395e+04
  5.058000e-01  1.704870e+04
  4.927000e-01  3.065360e+04
  4.799000e-01  3.279970e+04
  4.675000e-01  2.108565e+04
  4.554000e-01  1.703345e+04
  4.436000e-01  3.251955e+04
  4.321000e-01  3.454000e+04
  4.209000e-01  3.111570e+04
  4.100000e-01  2.183085e+04
  3.994000e-01  3.652295e+04
  3.891000e-01  5.638255e+04
  3.790000e-01  6.952495e+04
  3.692000e-01  1.968660e+04
  3.596000e-01  1.492175e+04
  3.503000e-01  1.529520e+04
  3.412000e-01  1.530815e+04
  3.324000e-01  1.715210e+04
  3.238000e-01  1.598575e+04
  3.154000e-01  1.443955e+04
  3.072000e-01  1.870680e+04
  2.992000e-01  2.548920e+04
  2.915000e-01  3.047085e+04
  2.839000e-01  3.340270e+04
  2.766000e-01  1.481900e+04
  2.694000e-01  4.373940e+04
  2.624000e-01  8.992284e+04
  2.556000e-01  1.186405e+05
  2.490000e-01  4.354840e+04
  2.426000e-01  1.852640e+04
  2.363000e-01  2.953450e+04
  2.302000e-01  2.923880e+04
  2.242000e-01  2.328690e+04
  2.184000e-01  2.296575e+04
  2.127000e-01  2.418135e+04
  2.072000e-01  2.207750e+04
  2.019000e-01  2.352595e+04
  1.966000e-01  2.762745e+04
  1.915000e-01  1.569010e+04
  1.866000e-01  6.332985e+03
  1.817000e-01  3.398455e+03
  1.770000e-01  3.287840e+03
  1.725000e-01  4.900960e+03
  1.680000e-01  2.267280e+04
  1.636000e-01  3.244155e+04
  1.594000e-01  3.575875e+04
  1.553000e-01  3.789740e+04
  1.512000e-01  3.942180e+04
  1.473000e-01  4.054625e+04
  1.435000e-01  5.123080e+04
  1.398000e-01  3.454740e+04
  1.362000e-01  2.691660e+04
  1.326000e-01  2.195035e+04
  1.292000e-01  2.138920e+04
  1.259000e-01  2.231830e+04
  1.226000e-01  2.457620e+04
  1.194000e-01  2.564845e+04
  1.163000e-01  2.670170e+04
  1.133000e-01  2.655795e+04
  1.104000e-01  2.651850e+04
  1.075000e-01  2.706290e+04
  1.047000e-01  2.775530e+04
  1.020000e-01  2.950550e+04
  9.940000e-02  2.898350e+04
  9.680000e-02  2.767020e+04
  9.430000e-02  2.813885e+04
  9.190000e-02  2.865235e+04
  8.950000e-02  3.717020e+04
  8.720000e-02  3.802965e+04
  8.490000e-02  3.789525e+04
  8.270000e-02  3.780880e+04
  8.060000e-02  3.763630e+04
  7.850000e-02  3.773075e+04
  7.640000e-02  3.794690e+04
  7.450000e-02  3.825750e+04
  7.250000e-02  3.858840e+04
  7.070000e-02  3.814485e+04
  6.880000e-02  3.708225e+04
  6.700000e-02  3.592885e+04
  6.530000e-02  3.467760e+04
  6.360000e-02  3.336600e+04
  6.200000e-02  3.203420e+04
  6.040000e-02  3.055895e+04
  5.880000e-02  2.896735e+04
  5.730000e-02  2.735925e+04
  5.580000e-02  2.573120e+04
  5.430000e-02  2.404140e+04
  5.290000e-02  2.227580e+04
  5.160000e-02  2.066910e+04
  5.020000e-02  1.896250e+04
  4.890000e-02  1.712285e+04
  4.770000e-02  1.558875e+04
  4.640000e-02  1.399430e+04
  4.520000e-02  1.255395e+04
  4.410000e-02  1.113790e+04
  4.290000e-02  9.861029e+03
  4.180000e-02  8.633895e+03
  4.070000e-02  7.599600e+03
  3.970000e-02  6.568875e+03
  3.860000e-02  5.676620e+03
  3.760000e-02  4.893290e+03
  3.670000e-02  4.113420e+03
  3.570000e-02  3.511400e+03
  3.480000e-02  2.942505e+03
  3.390000e-02  2.461100e+03
  3.300000e-02  2.048160e+03
  3.220000e-02  1.702260e+03
  3.130000e-02  1.376685e+03
  3.050000e-02  1.120125e+03
  2.970000e-02  9.012855e+02
  2.890000e-02  7.318385e+02
  2.820000e-02  5.878515e+02
  2.750000e-02  4.769320e+02
  2.680000e-02  3.772385e+02
  2.610000e-02  2.944785e+02
  2.540000e-02  2.392640e+02
  2.470000e-02  1.909210e+02
  2.410000e-02  1.581595e+02
  2.350000e-02  1.273010e+02
  2.290000e-02  1.109200e+02
  2.230000e-02  8.828191e+01
  2.170000e-02  7.889515e+01
  2.110000e-02  6.840445e+01
  2.060000e-02  6.006125e+01
  2.000000e-02  5.877290e+01
  1.950000e-02  5.325180e+01
  1.900000e-02  5.018425e+01
  1.850000e-02  4.773030e+01
  1.800000e-02  4.619655e+01
  1.760000e-02  4.809835e+01
  1.710000e-02  4.417200e+01
  1.670000e-02  4.251555e+01
  1.630000e-02  4.018425e+01
  1.580000e-02  3.914130e+01
  1.540000e-02  4.110450e+01
  1.500000e-02  3.607380e+01
  1.460000e-02  3.588975e+01
  1.430000e-02  3.693270e+01
  1.390000e-02  3.269955e+01
  1.350000e-02  3.049095e+01
  1.320000e-02  2.987745e+01
  1.280000e-02  3.030690e+01
  1.250000e-02  2.625780e+01
  1.220000e-02  2.435595e+01
  1.190000e-02  2.460135e+01
  1.160000e-02  2.349705e+01
  1.130000e-02  2.159520e+01
  1.100000e-02  1.883445e+01
  1.070000e-02  1.932525e+01
  1.040000e-02  1.503075e+01
  1.010000e-02  1.320245e+02
