  4.934820e+03  0.000000e+00
  4.806990e+03  0.000000e+00
  4.682470e+03  0.000000e+00
  4.561180e+03  0.000000e+00
  4.443030e+03  0.000000e+00
  4.327940e+03  0.000000e+00
  4.215830e+03  0.000000e+00
  4.106630e+03  0.000000e+00
  4.000250e+03  0.000000e+00
  3.896630e+03  0.000000e+00
  3.795700e+03  0.000000e+00
  3.697380e+03  0.000000e+00
  3.601600e+03  0.000000e+00
  3.508310e+03  0.000000e+00
  3.417430e+03  0.000000e+00
  3.328910e+03  0.000000e+00
  3.242680e+03  0.000000e+00
  3.158680e+03  0.000000e+00
  3.076860e+03  0.000000e+00
  2.997160e+03  0.000000e+00
  2.919530e+03  0.000000e+00
  2.843900e+03  0.000000e+00
  2.770230e+03  0.000000e+00
  2.698480e+03  0.000000e+00
  2.628580e+03  0.000000e+00
  2.560490e+03  0.000000e+00
  2.494160e+03  0.000000e+00
  2.429550e+03  0.000000e+00
  2.366620e+03  0.000000e+00
  2.305320e+03  0.000000e+00
  2.245600e+03  0.000000e+00
  2.187430e+03  0.000000e+00
  2.130770e+03  0.000000e+00
  2.075580e+03  0.000000e+00
  2.021810e+03  1.946950e-01
  1.969440e+03  0.000000e+00
  1.918430e+03  0.000000e+00
  1.868730e+03  0.000000e+00
  1.820330e+03  0.000000e+00
  1.773170e+03  0.000000e+00
  1.727240e+03  0.000000e+00
  1.682500e+03  0.000000e+00
  1.638920e+03  3.893900e-01
  1.596470e+03  3.893900e-01
  1.555110e+03  0.000000e+00
  1.514830e+03  1.946950e-01
  1.475590e+03  0.000000e+00
  1.437370e+03  0.000000e+00
  1.400140e+03  3.893900e-01
  1.363870e+03  1.946950e-01
  1.328540e+03  1.946950e-01
  1.294120e+03  0.000000e+00
  1.260600e+03  9.734750e-01
  1.227950e+03  3.893900e-01
  1.196140e+03  5.840850e-01
  1.165160e+03  5.840850e-01
  1.134980e+03  3.893900e-01
  1.105580e+03  3.893900e-01
  1.076940e+03  5.840850e-01
  1.049040e+03  5.840850e-01
  1.021870e+03  7.787800e-01
  9.953980e+02  9.734750e-01
  9.696140e+02  3.893900e-01
  9.444970e+02  3.893900e-01
  9.200320e+02  9.734750e-01
  8.962000e+02  5.840850e-01
  8.729850e+02  1.946965e+00
  8.503720e+02  1.168175e+00
  8.283450e+02  1.946950e+00
  8.068880e+02  1.362865e+00
  7.859870e+02  3.309835e+00
  7.656270e+02  2.141665e+00
  7.457950e+02  2.725745e+00
  7.264760e+02  3.504555e+00
  7.076580e+02  3.699235e+00
  6.893270e+02  2.336345e+00
  6.714710e+02  4.672750e+00
  6.540780e+02  3.893935e+00
  6.371350e+02  4.867435e+00
  6.206310e+02  7.787920e+00
  6.045550e+02  9.150880e+00
  5.888950e+02  5.256835e+00
  5.736410e+02  6.035625e+00
  5.587810e+02  1.090318e+01
  5.443070e+02  1.012437e+01
  5.302080e+02  1.226605e+01
  5.164740e+02  1.557600e+01
  5.030950e+02  1.674415e+01
  4.900630e+02  1.693875e+01
  4.773690e+02  2.005400e+01
  4.650040e+02  2.511590e+01
  4.529580e+02  2.531075e+01
  4.412250e+02  2.842580e+01
  4.297960e+02  3.173560e+01
  4.186630e+02  3.407200e+01
  4.078180e+02  3.738165e+01
  3.972540e+02  4.302785e+01
  3.869640e+02  5.743535e+01
  3.769400e+02  6.249765e+01
  3.671770e+02  7.067495e+01
  3.576650e+02  7.242725e+01
  3.484010e+02  8.663965e+01
  3.393760e+02  9.637395e+01
  3.305850e+02  1.094185e+02
  3.220220e+02  1.129235e+02
  3.136800e+02  1.304465e+02
  3.055550e+02  1.522535e+02
  2.976400e+02  1.693870e+02
  2.899300e+02  1.958650e+02
  2.824200e+02  2.129975e+02
  2.751040e+02  2.215635e+02
  2.679780e+02  2.698510e+02
  2.610370e+02  3.113200e+02
  2.542750e+02  3.457820e+02
  2.476890e+02  3.765445e+02
  2.412730e+02  4.277485e+02
  2.350230e+02  4.865475e+02
  2.289350e+02  5.488495e+02
  2.230050e+02  6.049235e+02
  2.172280e+02  6.927310e+02
  2.116010e+02  7.733350e+02
  2.061200e+02  8.469305e+02
  2.007810e+02  9.711455e+02
  1.955800e+02  1.088935e+03
  1.905140e+02  1.211400e+03
  1.855790e+02  1.370860e+03
  1.807720e+02  1.508510e+03
  1.760890e+02  1.715675e+03
  1.715280e+02  1.978885e+03
  1.670850e+02  2.131730e+03
  1.627570e+02  2.368485e+03
  1.585410e+02  2.640095e+03
  1.544340e+02  2.874700e+03
  1.504340e+02  3.243645e+03
  1.465370e+02  3.547375e+03
  1.427410e+02  3.989915e+03
  1.390440e+02  4.282160e+03
  1.354420e+02  4.750600e+03
  1.319340e+02  5.204250e+03
  1.285160e+02  5.651650e+03
  1.251870e+02  6.259305e+03
  1.219440e+02  6.725995e+03
  1.187850e+02  7.367915e+03
  1.157090e+02  8.015280e+03
  1.127110e+02  8.781785e+03
  1.097920e+02  9.524186e+03
  1.069480e+02  1.024685e+04
  1.041770e+02  1.120055e+04
  1.014790e+02  1.212510e+04
  9.885030e+01  1.309490e+04
  9.628970e+01  1.404725e+04
  9.379550e+01  1.518475e+04
  9.136590e+01  1.623525e+04
  8.899920e+01  1.747525e+04
  8.669380e+01  1.877385e+04
  8.444820e+01  1.999030e+04
  8.226070e+01  2.138890e+04
  8.012980e+01  2.265685e+04
  7.805420e+01  2.407160e+04
  7.603240e+01  2.529265e+04
  7.406290e+01  2.678290e+04
  7.214440e+01  2.819070e+04
  7.027560e+01  2.936375e+04
  6.845520e+01  3.066180e+04
  6.668200e+01  3.174860e+04
  6.495470e+01  3.275440e+04
  6.327220e+01  3.398130e+04
  6.163320e+01  3.485410e+04
  6.003670e+01  3.571425e+04
  5.848160e+01  3.659575e+04
  5.696670e+01  3.717665e+04
  5.549110e+01  3.801590e+04
  5.405370e+01  3.836785e+04
  5.265350e+01  3.859585e+04
  5.128960e+01  3.883995e+04
  4.996100e+01  3.902620e+04
  4.866690e+01  3.885800e+04
  4.740620e+01  3.865205e+04
  4.617830e+01  3.831725e+04
  4.498210e+01  3.785440e+04
  4.381690e+01  3.759775e+04
  4.268190e+01  3.741150e+04
  4.157630e+01  3.680890e+04
  4.049930e+01  3.649305e+04
  3.945030e+01  3.584020e+04
  3.842840e+01  3.525665e+04
  3.743290e+01  3.471950e+04
  3.646330e+01  3.395825e+04
  3.551880e+01  3.320215e+04
  3.459870e+01  3.228845e+04
  3.370250e+01  3.138760e+04
  3.282950e+01  3.059645e+04
  3.197910e+01  2.960340e+04
  3.115070e+01  2.854380e+04
  3.034380e+01  2.762840e+04
  2.955780e+01  2.647470e+04
  2.879220e+01  2.565625e+04
  2.804640e+01  2.443225e+04
  2.731990e+01  2.353085e+04
  2.661220e+01  2.250720e+04
  2.592290e+01  2.148875e+04
  2.525140e+01  2.048540e+04
  2.459730e+01  1.946875e+04
  2.396010e+01  1.855990e+04
  2.333950e+01  1.766520e+04
  2.273490e+01  1.681810e+04
  2.214600e+01  1.593040e+04
  2.157230e+01  1.517470e+04
  2.101350e+01  1.451680e+04
  2.046920e+01  1.381020e+04
  1.993900e+01  1.314050e+04
  1.942250e+01  1.249340e+04
  1.891940e+01  1.186280e+04
  1.842930e+01  1.114115e+04
  1.795200e+01  1.044650e+04
  1.748690e+01  9.750984e+03
  1.703400e+01  9.103439e+03
  1.659270e+01  8.361645e+03
  1.616290e+01  7.717190e+03
  1.574430e+01  6.988245e+03
  1.533640e+01  6.425580e+03
  1.493920e+01  5.829020e+03
  1.455220e+01  5.360395e+03
  1.417520e+01  4.910050e+03
  1.380800e+01  4.569730e+03
  1.345040e+01  4.350300e+03
  1.310200e+01  4.106540e+03
  1.276260e+01  3.999855e+03
  1.243200e+01  3.943965e+03
  1.211000e+01  3.843305e+03
  1.179630e+01  3.795410e+03
  1.149070e+01  3.818585e+03
  1.119310e+01  3.829290e+03
  1.090310e+01  3.855970e+03
  1.062070e+01  3.903280e+03
  1.034560e+01  4.014245e+03
  1.007760e+01  3.918270e+03
  9.816600e+00  3.821310e+03
  9.562300e+00  3.691060e+03
  9.314600e+00  3.406810e+03
  9.073300e+00  2.868660e+03
  8.838300e+00  2.421820e+03
  8.609300e+00  1.985915e+03
  8.386300e+00  1.581915e+03
  8.169100e+00  1.266510e+03
  7.957500e+00  1.029555e+03
  7.751400e+00  8.823660e+02
  7.550600e+00  7.472465e+02
  7.355000e+00  6.828005e+02
  7.164500e+00  6.399670e+02
  6.978900e+00  5.955785e+02
  6.798100e+00  5.574175e+02
  6.622000e+00  5.564440e+02
  6.450500e+00  5.309385e+02
  6.283400e+00  5.040695e+02
  6.120600e+00  4.914135e+02
  5.962100e+00  4.559795e+02
  5.807600e+00  4.398195e+02
  5.657200e+00  4.333950e+02
  5.510700e+00  4.411830e+02
  5.367900e+00  4.170400e+02
  5.228900e+00  4.137300e+02
  5.093400e+00  3.856940e+02
  4.961500e+00  3.895895e+02
  4.833000e+00  3.775180e+02
  4.707800e+00  3.636945e+02
  4.585800e+00  3.428600e+02
  4.467100e+00  3.457805e+02
  4.351300e+00  3.426670e+02
  4.238600e+00  3.047000e+02
  4.128800e+00  3.048945e+02
  4.021900e+00  3.381880e+02
  3.917700e+00  3.033380e+02
  3.816200e+00  2.684875e+02
  3.717400e+00  2.795855e+02
  3.621100e+00  2.548580e+02
  3.527300e+00  2.462920e+02
  3.435900e+00  2.422035e+02
  3.346900e+00  2.260420e+02
  3.260200e+00  2.028740e+02
  3.175800e+00  1.830135e+02
  3.093500e+00  1.612090e+02
  3.013400e+00  1.432980e+02
  2.935300e+00  1.419345e+02
  2.859300e+00  1.516700e+02
  2.785200e+00  1.658810e+02
  2.713100e+00  1.902185e+02
  2.642800e+00  1.913845e+02
  2.574300e+00  1.966425e+02
  2.507600e+00  1.762005e+02
  2.442700e+00  1.917765e+02
  2.379400e+00  1.806790e+02
  2.317800e+00  1.795100e+02
  2.257700e+00  1.711395e+02
  2.199300e+00  1.705550e+02
  2.142300e+00  1.569255e+02
  2.086800e+00  1.551730e+02
  2.032700e+00  1.565375e+02
  1.980100e+00  1.637405e+02
  1.928800e+00  1.487485e+02
  1.878800e+00  1.306415e+02
  1.830200e+00  1.508900e+02
  1.782800e+00  2.690720e+02
  1.736600e+00  1.730845e+02
  1.691600e+00  1.351195e+02
  1.647800e+00  1.236330e+02
  1.605100e+00  1.047465e+02
  1.563500e+00  1.129240e+02
  1.523000e+00  1.055260e+02
  1.483600e+00  1.012425e+02
  1.445100e+00  1.022160e+02
  1.407700e+00  9.520689e+01
  1.371200e+00  9.248085e+01
  1.335700e+00  9.715359e+01
  1.301100e+00  9.345399e+01
  1.267400e+00  7.340070e+01
  1.234600e+00  8.878226e+01
  1.202600e+00  8.819725e+01
  1.171500e+00  8.060374e+01
  1.141100e+00  9.481755e+01
  1.111600e+00  7.223235e+01
  1.082800e+00  6.950681e+01
  1.054700e+00  1.043575e+02
  1.027400e+00  7.787845e+01
  1.000800e+00  6.288700e+01
  9.749000e-01  8.469334e+01
  9.496000e-01  6.094005e+01
  9.250000e-01  7.359550e+01
  9.010000e-01  7.476370e+01
  8.777000e-01  7.807370e+01
  8.550000e-01  9.189700e+01
  8.328000e-01  9.053355e+01
  8.113000e-01  9.949025e+01
  7.902000e-01  1.125345e+02
  7.698000e-01  1.168185e+02
  7.498000e-01  1.253850e+02
  7.304000e-01  1.304470e+02
  7.115000e-01  1.405710e+02
  6.931000e-01  2.231225e+02
  6.751000e-01  1.361515e+03
  6.576000e-01  1.615395e+03
  6.406000e-01  3.502400e+03
  6.240000e-01  7.055800e+02
  6.078000e-01  2.219535e+02
  5.921000e-01  2.250690e+02
  5.767000e-01  2.340255e+02
  5.618000e-01  2.309105e+02
  5.472000e-01  2.330515e+02
  5.331000e-01  2.838680e+02
  5.193000e-01  2.809480e+02
  5.058000e-01  2.821160e+02
  4.927000e-01  4.686350e+02
  4.799000e-01  4.933625e+02
  4.675000e-01  3.453915e+02
  4.554000e-01  3.230015e+02
  4.436000e-01  5.967450e+02
  4.321000e-01  5.971355e+02
  4.209000e-01  5.338590e+02
  4.100000e-01  3.956240e+02
  3.994000e-01  7.254400e+02
  3.891000e-01  1.025465e+03
  3.790000e-01  1.105490e+03
  3.692000e-01  4.258015e+02
  3.596000e-01  3.335155e+02
  3.503000e-01  3.601895e+02
  3.412000e-01  3.327355e+02
  3.324000e-01  3.816055e+02
  3.238000e-01  3.453930e+02
  3.154000e-01  3.169660e+02
  3.072000e-01  4.682455e+02
  2.992000e-01  5.712405e+02
  2.915000e-01  6.713140e+02
  2.839000e-01  6.275074e+02
  2.766000e-01  2.939920e+02
  2.694000e-01  7.032435e+02
  2.624000e-01  1.605860e+03
  2.556000e-01  1.890705e+03
  2.490000e-01  6.999345e+02
  2.426000e-01  7.106436e+02
  2.363000e-01  7.452990e+02
  2.302000e-01  5.060165e+02
  2.242000e-01  3.888090e+02
  2.184000e-01  3.999070e+02
  2.127000e-01  4.236605e+02
  2.072000e-01  4.370945e+02
  2.019000e-01  4.312525e+02
  1.966000e-01  4.923875e+02
  1.915000e-01  5.967455e+02
  1.866000e-01  6.226405e+02
  1.817000e-01  4.873270e+02
  1.770000e-01  5.367785e+02
  1.725000e-01  5.350260e+02
  1.680000e-01  5.486555e+02
  1.636000e-01  5.486550e+02
  1.594000e-01  5.591696e+02
  1.553000e-01  5.990825e+02
  1.512000e-01  6.162155e+02
  1.473000e-01  6.314015e+02
  1.435000e-01  8.136375e+02
  1.398000e-01  6.434725e+02
  1.362000e-01  6.660570e+02
  1.326000e-01  6.771560e+02
  1.292000e-01  6.937040e+02
  1.259000e-01  7.098640e+02
  1.226000e-01  7.408215e+02
  1.194000e-01  7.285545e+02
  1.163000e-01  7.523085e+02
  1.133000e-01  7.766460e+02
  1.104000e-01  8.239570e+02
  1.075000e-01  8.327180e+02
  1.047000e-01  8.479040e+02
  1.020000e-01  8.490720e+02
  9.940000e-02  8.634800e+02
  9.680000e-02  8.467350e+02
  9.430000e-02  8.681525e+02
  9.190000e-02  8.167525e+02
  8.950000e-02  8.543285e+02
  8.720000e-02  8.582235e+02
  8.490000e-02  8.019565e+02
  8.270000e-02  7.930000e+02
  8.060000e-02  7.756720e+02
  7.850000e-02  7.474405e+02
  7.640000e-02  7.378995e+02
  7.450000e-02  7.049965e+02
  7.250000e-02  6.578800e+02
  7.070000e-02  6.356850e+02
  6.880000e-02  6.055074e+02
  6.700000e-02  5.696835e+02
  6.530000e-02  5.447615e+02
  6.360000e-02  4.764225e+02
  6.200000e-02  4.604585e+02
  6.040000e-02  4.096400e+02
  5.880000e-02  3.668095e+02
  5.730000e-02  3.535690e+02
  5.580000e-02  3.050905e+02
  5.430000e-02  2.712115e+02
  5.290000e-02  2.287690e+02
  5.160000e-02  2.034585e+02
  5.020000e-02  1.693870e+02
  4.890000e-02  1.608205e+02
  4.770000e-02  1.588725e+02
  4.640000e-02  1.236320e+02
  4.520000e-02  1.138970e+02
  4.410000e-02  1.037740e+02
  4.290000e-02  8.644490e+01
  4.180000e-02  7.651601e+01
  4.070000e-02  6.833860e+01
  3.970000e-02  6.132960e+01
  3.860000e-02  5.704610e+01
  3.760000e-02  4.419615e+01
  3.670000e-02  3.329300e+01
  3.570000e-02  2.842580e+01
  3.480000e-02  2.686825e+01
  3.390000e-02  2.239025e+01
  3.300000e-02  2.258500e+01
  3.220000e-02  1.791230e+01
  3.130000e-02  1.518655e+01
  3.050000e-02  1.343425e+01
  2.970000e-02  7.593245e+00
  2.890000e-02  6.619740e+00
  2.820000e-02  4.478055e+00
  2.750000e-02  4.088635e+00
  2.680000e-02  4.672735e+00
  2.610000e-02  3.115145e+00
  2.540000e-02  1.946955e+00
  2.470000e-02  2.725755e+00
  2.410000e-02  1.362870e+00
  2.350000e-02  5.840850e-01
  2.290000e-02  9.734750e-01
  2.230000e-02  2.336380e+00
  2.170000e-02  2.141670e+00
  2.110000e-02  1.168175e+00
  2.060000e-02  1.362865e+00
  2.000000e-02  1.752260e+00
  1.950000e-02  7.787850e-01
  1.900000e-02  1.946960e+00
  1.850000e-02  7.787800e-01
  1.800000e-02  1.362890e+00
  1.760000e-02  1.752255e+00
  1.710000e-02  5.840850e-01
  1.670000e-02  5.840900e-01
  1.630000e-02  1.557560e+00
  1.580000e-02  7.787850e-01
  1.540000e-02  1.946950e-01
  1.500000e-02  5.840850e-01
  1.460000e-02  1.946950e-01
  1.430000e-02  7.787800e-01
  1.390000e-02  3.893900e-01
  1.350000e-02  3.893900e-01
  1.320000e-02  0.000000e+00
  1.280000e-02  1.946950e-01
  1.250000e-02  3.893900e-01
  1.220000e-02  1.946950e-01
  1.190000e-02  0.000000e+00
  1.160000e-02  3.893900e-01
  1.130000e-02  0.000000e+00
  1.100000e-02  2.531070e+01
  1.070000e-02  3.173550e+01
  1.040000e-02  3.504530e+01
  1.010000e-02  2.684875e+02
