  4.934820e+03  5.216560e-03
  4.806990e+03  5.796200e-04
  4.682470e+03  4.347150e-04
  4.561180e+03  1.449050e-04
  4.443030e+03  5.796200e-04
  4.327940e+03  8.694300e-04
  4.215830e+03  2.898100e-04
  4.106630e+03  8.694300e-04
  4.000250e+03  1.159240e-03
  3.896630e+03  1.014335e-03
  3.795700e+03  1.014335e-03
  3.697380e+03  1.593955e-03
  3.601600e+03  2.173575e-03
  3.508310e+03  1.159240e-03
  3.417430e+03  1.304145e-03
  3.328910e+03  1.593955e-03
  3.242680e+03  2.608290e-03
  3.158680e+03  2.753195e-03
  3.076860e+03  2.608290e-03
  2.997160e+03  2.608290e-03
  2.919530e+03  2.028670e-03
  2.843900e+03  3.187890e-03
  2.770230e+03  4.202195e-03
  2.698480e+03  4.057300e-03
  2.628580e+03  3.767530e-03
  2.560490e+03  4.347130e-03
  2.494160e+03  4.636940e-03
  2.429550e+03  7.824715e-03
  2.366620e+03  7.535050e-03
  2.305320e+03  1.057797e-02
  2.245600e+03  8.259480e-03
  2.187430e+03  8.404410e-03
  2.130770e+03  1.028818e-02
  2.075580e+03  1.202710e-02
  2.021810e+03  1.101261e-02
  1.969440e+03  1.159230e-02
  1.918430e+03  1.666415e-02
  1.868730e+03  1.695390e-02
  1.820330e+03  1.956220e-02
  1.773170e+03  1.854785e-02
  1.727240e+03  2.101120e-02
  1.682500e+03  2.086630e-02
  1.638920e+03  2.550325e-02
  1.596470e+03  2.680750e-02
  1.555110e+03  2.999530e-02
  1.514830e+03  3.825480e-02
  1.475590e+03  3.941400e-02
  1.437370e+03  3.955890e-02
  1.400140e+03  4.578985e-02
  1.363870e+03  5.115135e-02
  1.328540e+03  5.506370e-02
  1.294120e+03  5.680260e-02
  1.260600e+03  6.723580e-02
  1.227950e+03  7.520555e-02
  1.196140e+03  8.636290e-02
  1.165160e+03  8.824695e-02
  1.134980e+03  9.925945e-02
  1.105580e+03  1.060710e-01
  1.076940e+03  1.163590e-01
  1.049040e+03  1.230240e-01
  1.021870e+03  1.385285e-01
  9.953980e+02  1.501205e-01
  9.696140e+02  1.750440e-01
  9.444970e+02  1.970700e-01
  9.200320e+02  2.198200e-01
  8.962000e+02  2.467730e-01
  8.729850e+02  2.680730e-01
  8.503720e+02  3.051705e-01
  8.283450e+02  3.292235e-01
  8.068880e+02  3.758815e-01
  7.859870e+02  3.987770e-01
  7.656270e+02  4.616660e-01
  7.457950e+02  5.051360e-01
  7.264760e+02  5.584620e-01
  7.076580e+02  6.281605e-01
  6.893270e+02  7.024970e-01
  6.714710e+02  7.692980e-01
  6.540780e+02  8.784120e-01
  6.371350e+02  9.617285e-01
  6.206310e+02  1.056060e+00
  6.045550e+02  1.196920e+00
  5.888950e+02  1.306455e+00
  5.736410e+02  1.468305e+00
  5.587810e+02  1.586850e+00
  5.443070e+02  1.739570e+00
  5.302080e+02  1.949840e+00
  5.164740e+02  2.127645e+00
  5.030950e+02  2.329480e+00
  4.900630e+02  2.552790e+00
  4.773690e+02  2.861150e+00
  4.650040e+02  3.110525e+00
  4.529580e+02  3.455400e+00
  4.412250e+02  3.775350e+00
  4.297960e+02  4.104570e+00
  4.186630e+02  4.554935e+00
  4.078180e+02  4.886035e+00
  3.972540e+02  5.334810e+00
  3.869640e+02  5.913110e+00
  3.769400e+02  6.389290e+00
  3.671770e+02  7.054830e+00
  3.576650e+02  7.646165e+00
  3.484010e+02  8.336515e+00
  3.393760e+02  9.041035e+00
  3.305850e+02  9.730325e+00
  3.220220e+02  1.055450e+01
  3.136800e+02  1.134120e+01
  3.055550e+02  1.223270e+01
  2.976400e+02  1.313365e+01
  2.899300e+02  1.419945e+01
  2.824200e+02  1.537730e+01
  2.751040e+02  1.642675e+01
  2.679780e+02  1.773300e+01
  2.610370e+02  1.891110e+01
  2.542750e+02  2.018630e+01
  2.476890e+02  2.178470e+01
  2.412730e+02  2.322845e+01
  2.350230e+02  2.491935e+01
  2.289350e+02  2.674735e+01
  2.230050e+02  2.839340e+01
  2.172280e+02  3.021960e+01
  2.116010e+02  3.214110e+01
  2.061200e+02  3.392220e+01
  2.007810e+02  3.574055e+01
  1.955800e+02  3.814915e+01
  1.905140e+02  4.075455e+01
  1.855790e+02  4.310670e+01
  1.807720e+02  4.575830e+01
  1.760890e+02  4.851110e+01
  1.715280e+02  5.090320e+01
  1.670850e+02  5.327460e+01
  1.627570e+02  5.591630e+01
  1.585410e+02  5.807180e+01
  1.544340e+02  6.061560e+01
  1.504340e+02  6.292820e+01
  1.465370e+02  6.540580e+01
  1.427410e+02  6.758120e+01
  1.390440e+02  7.006545e+01
  1.354420e+02  7.212995e+01
  1.319340e+02  7.401590e+01
  1.285160e+02  7.613220e+01
  1.251870e+02  7.831050e+01
  1.219440e+02  8.035735e+01
  1.187850e+02  8.232640e+01
  1.157090e+02  8.446815e+01
  1.127110e+02  8.667830e+01
  1.097920e+02  8.891725e+01
  1.069480e+02  9.110215e+01
  1.041770e+02  9.332415e+01
  1.014790e+02  9.544120e+01
  9.885030e+01  9.790880e+01
  9.628970e+01  9.997610e+01
  9.379550e+01  1.024275e+02
  9.136590e+01  1.046815e+02
  8.899920e+01  1.067450e+02
  8.669380e+01  1.089120e+02
  8.444820e+01  1.109875e+02
  8.226070e+01  1.131265e+02
  8.012980e+01  1.152395e+02
  7.805420e+01  1.172980e+02
  7.603240e+01  1.192630e+02
  7.406290e+01  1.209655e+02
  7.214440e+01  1.222830e+02
  7.027560e+01  1.235715e+02
  6.845520e+01  1.243965e+02
  6.668200e+01  1.252350e+02
  6.495470e+01  1.251725e+02
  6.327220e+01  1.246730e+02
  6.163320e+01  1.237985e+02
  6.003670e+01  1.220545e+02
  5.848160e+01  1.202560e+02
  5.696670e+01  1.182310e+02
  5.549110e+01  1.165545e+02
  5.405370e+01  1.137875e+02
  5.265350e+01  1.114175e+02
  5.128960e+01  1.082995e+02
  4.996100e+01  1.055205e+02
  4.866690e+01  1.008250e+02
  4.740620e+01  9.636360e+01
  4.617830e+01  9.096940e+01
  4.498210e+01  8.547170e+01
  4.381690e+01  8.213215e+01
  4.268190e+01  7.859220e+01
  4.157630e+01  7.508231e+01
  4.049930e+01  7.157285e+01
  3.945030e+01  6.869810e+01
  3.842840e+01  6.622480e+01
  3.743290e+01  6.383200e+01
  3.646330e+01  6.154205e+01
  3.551880e+01  5.941530e+01
  3.459870e+01  5.710650e+01
  3.370250e+01  5.434505e+01
  3.282950e+01  5.173325e+01
  3.197910e+01  4.901940e+01
  3.115070e+01  4.671925e+01
  3.034380e+01  4.395790e+01
  2.955780e+01  4.167785e+01
  2.879220e+01  3.899325e+01
  2.804640e+01  3.640675e+01
  2.731990e+01  3.383070e+01
  2.661220e+01  3.124070e+01
  2.592290e+01  2.876930e+01
  2.525140e+01  2.635375e+01
  2.459730e+01  2.387130e+01
  2.396010e+01  2.179430e+01
  2.333950e+01  1.955100e+01
  2.273490e+01  1.740820e+01
  2.214600e+01  1.517745e+01
  2.157230e+01  1.310160e+01
  2.101350e+01  1.115620e+01
  2.046920e+01  9.498210e+00
  1.993900e+01  8.000610e+00
  1.942250e+01  6.803690e+00
  1.891940e+01  5.931815e+00
  1.842930e+01  5.487670e+00
  1.795200e+01  5.348290e+00
  1.748690e+01  5.531730e+00
  1.703400e+01  5.775025e+00
  1.659270e+01  6.363625e+00
  1.616290e+01  7.158295e+00
  1.574430e+01  7.900780e+00
  1.533640e+01  8.665865e+00
  1.493920e+01  9.503860e+00
  1.455220e+01  9.660210e+00
  1.417520e+01  8.728475e+00
  1.380800e+01  7.084530e+00
  1.345040e+01  4.909660e+00
  1.310200e+01  3.128630e+00
  1.276260e+01  1.844495e+00
  1.243200e+01  9.982330e-01
  1.211000e+01  5.181790e-01
  1.179630e+01  2.708280e-01
  1.149070e+01  1.430225e-01
  1.119310e+01  8.375440e-02
  1.090310e+01  5.361460e-02
  1.062070e+01  3.753035e-02
  1.034560e+01  2.318480e-02
  1.007760e+01  1.289650e-02
  9.816600e+00  8.404406e-03
  9.562300e+00  4.636915e-03
  9.314600e+00  5.361395e-03
  9.073300e+00  1.449045e-02
  8.838300e+00  4.013860e-02
  8.609300e+00  1.150555e-01
  8.386300e+00  2.995170e-01
  8.169100e+00  7.591545e-01
  7.957500e+00  1.759000e+00
  7.751400e+00  2.778555e+00
  7.550600e+00  4.384370e+00
  7.355000e+00  4.595650e+00
  7.164500e+00  4.165135e+00
  6.978900e+00  3.708695e+00
  6.798100e+00  3.111675e+00
  6.622000e+00  2.512790e+00
  6.450500e+00  2.033730e+00
  6.283400e+00  1.608880e+00
  6.120600e+00  1.275165e+00
  5.962100e+00  1.006060e+00
  5.807600e+00  8.679780e-01
  5.657200e+00  7.537930e-01
  5.510700e+00  6.583015e-01
  5.367900e+00  5.275975e-01
  5.228900e+00  4.102245e-01
  5.093400e+00  3.166170e-01
  4.961500e+00  2.474970e-01
  4.833000e+00  1.946070e-01
  4.707800e+00  1.488175e-01
  4.585800e+00  1.098370e-01
  4.467100e+00  8.360990e-02
  4.351300e+00  7.216250e-02
  4.238600e+00  6.071505e-02
  4.128800e+00  5.883125e-02
  4.021900e+00  7.491570e-02
  3.917700e+00  4.477545e-02
  3.816200e+00  3.709555e-02
  3.717400e+00  2.622785e-02
  3.621100e+00  2.492370e-02
  3.527300e+00  2.622790e-02
  3.435900e+00  2.231540e-02
  3.346900e+00  1.782320e-02
  3.260200e+00  1.304140e-02
  3.175800e+00  9.128800e-03
  3.093500e+00  6.085930e-03
  3.013400e+00  7.100340e-03
  2.935300e+00  5.651295e-03
  2.859300e+00  9.853365e-03
  2.785200e+00  1.130250e-02
  2.713100e+00  1.144738e-02
  2.642800e+00  9.998325e-03
  2.574300e+00  1.333120e-02
  2.507600e+00  9.708585e-03
  2.442700e+00  1.057796e-02
  2.379400e+00  8.114530e-03
  2.317800e+00  7.534930e-03
  2.257700e+00  8.404390e-03
  2.199300e+00  1.014320e-02
  2.142300e+00  8.114684e-03
  2.086800e+00  7.534980e-03
  2.032700e+00  7.245145e-03
  1.980100e+00  8.549230e-03
  1.928800e+00  5.506300e-03
  1.878800e+00  3.912395e-03
  1.830200e+00  2.898100e-03
  1.782800e+00  9.273815e-03
  1.736600e+00  6.375780e-03
  1.691600e+00  6.085985e-03
  1.647800e+00  5.941020e-03
  1.605100e+00  5.361460e-03
  1.563500e+00  4.926710e-03
  1.523000e+00  3.477720e-03
  1.483600e+00  3.477700e-03
  1.445100e+00  4.057275e-03
  1.407700e+00  5.216560e-03
  1.371200e+00  3.767510e-03
  1.335700e+00  4.057295e-03
  1.301100e+00  2.173575e-03
  1.267400e+00  2.463385e-03
  1.234600e+00  4.781845e-03
  1.202600e+00  4.202225e-03
  1.171500e+00  3.332795e-03
  1.141100e+00  5.071675e-03
  1.111600e+00  3.187910e-03
  1.082800e+00  4.202225e-03
  1.054700e+00  3.042985e-03
  1.027400e+00  3.332815e-03
  1.000800e+00  3.043005e-03
  9.749000e-01  3.043005e-03
  9.496000e-01  2.898100e-03
  9.250000e-01  3.477720e-03
  9.010000e-01  3.912435e-03
  8.777000e-01  2.318460e-03
  8.550000e-01  3.042980e-03
  8.328000e-01  3.767490e-03
  8.113000e-01  2.898100e-03
  7.902000e-01  2.608290e-03
  7.698000e-01  5.216535e-03
  7.498000e-01  4.492010e-03
  7.304000e-01  2.608290e-03
  7.115000e-01  5.071615e-03
  6.931000e-01  3.622605e-03
  6.751000e-01  6.955350e-03
  6.576000e-01  9.273690e-03
  6.406000e-01  1.391095e-02
  6.240000e-01  4.202245e-03
  6.078000e-01  4.926725e-03
  5.921000e-01  3.042985e-03
  5.767000e-01  3.767490e-03
  5.618000e-01  4.781800e-03
  5.472000e-01  5.071625e-03
  5.331000e-01  6.086000e-03
  5.193000e-01  5.071625e-03
  5.058000e-01  5.941025e-03
  4.927000e-01  5.941020e-03
  4.799000e-01  4.202200e-03
  4.675000e-01  3.477720e-03
  4.554000e-01  6.230885e-03
  4.436000e-01  5.361440e-03
  4.321000e-01  3.043005e-03
  4.209000e-01  4.781865e-03
  4.100000e-01  4.781845e-03
  3.994000e-01  7.390020e-03
  3.891000e-01  5.071650e-03
  3.790000e-01  6.520590e-03
  3.692000e-01  4.492030e-03
  3.596000e-01  4.636940e-03
  3.503000e-01  4.202220e-03
  3.412000e-01  2.608290e-03
  3.324000e-01  5.796190e-03
  3.238000e-01  5.941025e-03
  3.154000e-01  3.912390e-03
  3.072000e-01  3.912435e-03
  2.992000e-01  4.202200e-03
  2.915000e-01  3.477720e-03
  2.839000e-01  6.375780e-03
  2.766000e-01  4.781885e-03
  2.694000e-01  5.216540e-03
  2.624000e-01  4.636980e-03
  2.556000e-01  4.347150e-03
  2.490000e-01  3.477720e-03
  2.426000e-01  2.463385e-03
  2.363000e-01  2.898100e-03
  2.302000e-01  2.028650e-03
  2.242000e-01  2.173575e-03
  2.184000e-01  1.304145e-03
  2.127000e-01  1.159240e-03
  2.072000e-01  1.304145e-03
  2.019000e-01  1.304145e-03
  1.966000e-01  1.304145e-03
  1.915000e-01  1.304145e-03
  1.866000e-01  7.245250e-04
  1.817000e-01  7.245250e-04
  1.770000e-01  1.159240e-03
  1.725000e-01  1.159240e-03
  1.680000e-01  7.245250e-04
  1.636000e-01  1.014335e-03
  1.594000e-01  5.796200e-04
  1.553000e-01  5.796200e-04
  1.512000e-01  2.898100e-04
  1.473000e-01  4.347150e-04
  1.435000e-01  4.347150e-04
  1.398000e-01  1.449050e-04
  1.362000e-01  1.449050e-04
  1.326000e-01  2.898100e-04
  1.292000e-01  0.000000e+00
  1.259000e-01  2.898100e-04
  1.226000e-01  4.347150e-04
  1.194000e-01  4.347150e-04
  1.163000e-01  1.449050e-04
  1.133000e-01  0.000000e+00
  1.104000e-01  0.000000e+00
  1.075000e-01  1.449050e-04
  1.047000e-01  1.449050e-04
  1.020000e-01  1.449050e-04
  9.940000e-02  0.000000e+00
  9.680000e-02  1.449050e-04
  9.430000e-02  0.000000e+00
  9.190000e-02  0.000000e+00
  8.950000e-02  0.000000e+00
  8.720000e-02  0.000000e+00
  8.490000e-02  1.449050e-04
  8.270000e-02  0.000000e+00
  8.060000e-02  0.000000e+00
  7.850000e-02  1.449050e-04
  7.640000e-02  0.000000e+00
  7.450000e-02  0.000000e+00
  7.250000e-02  0.000000e+00
  7.070000e-02  0.000000e+00
  6.880000e-02  0.000000e+00
  6.700000e-02  0.000000e+00
  6.530000e-02  0.000000e+00
  6.360000e-02  0.000000e+00
  6.200000e-02  1.449050e-04
  6.040000e-02  0.000000e+00
  5.880000e-02  0.000000e+00
  5.730000e-02  0.000000e+00
  5.580000e-02  0.000000e+00
  5.430000e-02  0.000000e+00
  5.290000e-02  0.000000e+00
  5.160000e-02  0.000000e+00
  5.020000e-02  1.449050e-04
  4.890000e-02  0.000000e+00
  4.770000e-02  1.449050e-04
  4.640000e-02  0.000000e+00
  4.520000e-02  0.000000e+00
  4.410000e-02  1.449050e-04
  4.290000e-02  0.000000e+00
  4.180000e-02  0.000000e+00
  4.070000e-02  0.000000e+00
  3.970000e-02  0.000000e+00
  3.860000e-02  0.000000e+00
  3.760000e-02  0.000000e+00
  3.670000e-02  1.449050e-04
  3.570000e-02  0.000000e+00
  3.480000e-02  0.000000e+00
  3.390000e-02  0.000000e+00
  3.300000e-02  0.000000e+00
  3.220000e-02  0.000000e+00
  3.130000e-02  0.000000e+00
  3.050000e-02  0.000000e+00
  2.970000e-02  0.000000e+00
  2.890000e-02  0.000000e+00
  2.820000e-02  0.000000e+00
  2.750000e-02  1.449050e-04
  2.680000e-02  0.000000e+00
  2.610000e-02  0.000000e+00
  2.540000e-02  0.000000e+00
  2.470000e-02  0.000000e+00
  2.410000e-02  0.000000e+00
  2.350000e-02  0.000000e+00
  2.290000e-02  0.000000e+00
  2.230000e-02  0.000000e+00
  2.170000e-02  0.000000e+00
  2.110000e-02  0.000000e+00
  2.060000e-02  1.449050e-04
  2.000000e-02  0.000000e+00
  1.950000e-02  0.000000e+00
  1.900000e-02  1.449050e-04
  1.850000e-02  0.000000e+00
  1.800000e-02  0.000000e+00
  1.760000e-02  0.000000e+00
  1.710000e-02  0.000000e+00
  1.670000e-02  0.000000e+00
  1.630000e-02  0.000000e+00
  1.580000e-02  0.000000e+00
  1.540000e-02  0.000000e+00
  1.500000e-02  0.000000e+00
  1.460000e-02  0.000000e+00
  1.430000e-02  0.000000e+00
  1.390000e-02  0.000000e+00
  1.350000e-02  0.000000e+00
  1.320000e-02  0.000000e+00
  1.280000e-02  0.000000e+00
  1.250000e-02  0.000000e+00
  1.220000e-02  0.000000e+00
  1.190000e-02  0.000000e+00
  1.160000e-02  0.000000e+00
  1.130000e-02  0.000000e+00
  1.100000e-02  1.159240e-03
  1.070000e-02  7.245250e-04
  1.040000e-02  8.694300e-04
  1.010000e-02  4.202220e-03
