  4.934820e+03  1.723600e-01
  4.806990e+03  0.000000e+00
  4.682470e+03  0.000000e+00
  4.561180e+03  0.000000e+00
  4.443030e+03  0.000000e+00
  4.327940e+03  0.000000e+00
  4.215830e+03  0.000000e+00
  4.106630e+03  0.000000e+00
  4.000250e+03  0.000000e+00
  3.896630e+03  0.000000e+00
  3.795700e+03  0.000000e+00
  3.697380e+03  0.000000e+00
  3.601600e+03  0.000000e+00
  3.508310e+03  0.000000e+00
  3.417430e+03  8.618000e-02
  3.328910e+03  0.000000e+00
  3.242680e+03  0.000000e+00
  3.158680e+03  0.000000e+00
  3.076860e+03  0.000000e+00
  2.997160e+03  0.000000e+00
  2.919530e+03  1.723600e-01
  2.843900e+03  0.000000e+00
  2.770230e+03  0.000000e+00
  2.698480e+03  0.000000e+00
  2.628580e+03  0.000000e+00
  2.560490e+03  8.618000e-02
  2.494160e+03  0.000000e+00
  2.429550e+03  0.000000e+00
  2.366620e+03  0.000000e+00
  2.305320e+03  0.000000e+00
  2.245600e+03  1.723600e-01
  2.187430e+03  0.000000e+00
  2.130770e+03  8.618000e-02
  2.075580e+03  0.000000e+00
  2.021810e+03  8.618000e-02
  1.969440e+03  0.000000e+00
  1.918430e+03  0.000000e+00
  1.868730e+03  8.618000e-02
  1.820330e+03  1.723600e-01
  1.773170e+03  0.000000e+00
  1.727240e+03  8.618000e-02
  1.682500e+03  1.723600e-01
  1.638920e+03  8.618000e-02
  1.596470e+03  0.000000e+00
  1.555110e+03  8.618000e-02
  1.514830e+03  8.618000e-02
  1.475590e+03  4.309000e-01
  1.437370e+03  1.723600e-01
  1.400140e+03  2.585400e-01
  1.363870e+03  2.585400e-01
  1.328540e+03  5.170850e-01
  1.294120e+03  3.447200e-01
  1.260600e+03  8.618000e-02
  1.227950e+03  3.447200e-01
  1.196140e+03  6.894400e-01
  1.165160e+03  1.723600e-01
  1.134980e+03  4.309000e-01
  1.105580e+03  6.894500e-01
  1.076940e+03  1.723600e-01
  1.049040e+03  6.894450e-01
  1.021870e+03  6.894400e-01
  9.953980e+02  1.378885e+00
  9.696140e+02  9.479800e-01
  9.444970e+02  7.756200e-01
  9.200320e+02  1.465065e+00
  8.962000e+02  1.378885e+00
  8.729850e+02  2.326890e+00
  8.503720e+02  2.068335e+00
  8.283450e+02  1.551245e+00
  8.068880e+02  2.585410e+00
  7.859870e+02  2.930150e+00
  7.656270e+02  2.843960e+00
  7.457950e+02  3.102505e+00
  7.264760e+02  4.481420e+00
  7.076580e+02  4.136680e+00
  6.893270e+02  3.878120e+00
  6.714710e+02  6.463610e+00
  6.540780e+02  6.808340e+00
  6.371350e+02  8.359640e+00
  6.206310e+02  9.652325e+00
  6.045550e+02  8.962885e+00
  5.888950e+02  9.652306e+00
  5.736410e+02  1.241015e+01
  5.587810e+02  1.284085e+01
  5.443070e+02  1.413375e+01
  5.302080e+02  1.611580e+01
  5.164740e+02  1.809800e+01
  5.030950e+02  1.921835e+01
  4.900630e+02  2.283795e+01
  4.773690e+02  2.757790e+01
  4.650040e+02  3.162845e+01
  4.529580e+02  3.654060e+01
  4.412250e+02  3.516175e+01
  4.297960e+02  4.438315e+01
  4.186630e+02  5.093290e+01
  4.078180e+02  5.438015e+01
  3.972540e+02  6.136090e+01
  3.869640e+02  7.144410e+01
  3.769400e+02  7.739050e+01
  3.671770e+02  8.919720e+01
  3.576650e+02  1.020379e+02
  3.484010e+02  1.128965e+02
  3.393760e+02  1.258240e+02
  3.305850e+02  1.514210e+02
  3.220220e+02  1.640885e+02
  3.136800e+02  1.847725e+02
  3.055550e+02  2.014040e+02
  2.976400e+02  2.313960e+02
  2.899300e+02  2.563015e+02
  2.824200e+02  2.899125e+02
  2.751040e+02  3.333475e+02
  2.679780e+02  3.766105e+02
  2.610370e+02  4.103940e+02
  2.542750e+02  4.563295e+02
  2.476890e+02  5.176021e+02
  2.412730e+02  5.769825e+02
  2.350230e+02  6.549750e+02
  2.289350e+02  7.299530e+02
  2.230050e+02  8.215640e+02
  2.172280e+02  9.207580e+02
  2.116010e+02  1.036160e+03
  2.061200e+02  1.148970e+03
  2.007810e+02  1.307020e+03
  1.955800e+02  1.430000e+03
  1.905140e+02  1.646310e+03
  1.855790e+02  1.819025e+03
  1.807720e+02  2.033690e+03
  1.760890e+02  2.253290e+03
  1.715280e+02  2.531230e+03
  1.670850e+02  2.783290e+03
  1.627570e+02  3.098205e+03
  1.585410e+02  3.437160e+03
  1.544340e+02  3.762830e+03
  1.504340e+02  4.126775e+03
  1.465370e+02  4.554495e+03
  1.427410e+02  5.003055e+03
  1.390440e+02  5.468530e+03
  1.354420e+02  6.006135e+03
  1.319340e+02  6.533640e+03
  1.285160e+02  7.058830e+03
  1.251870e+02  7.666655e+03
  1.219440e+02  8.405414e+03
  1.187850e+02  9.026939e+03
  1.157090e+02  9.814350e+03
  1.127110e+02  1.057875e+04
  1.097920e+02  1.142865e+04
  1.069480e+02  1.233695e+04
  1.041770e+02  1.324745e+04
  1.014790e+02  1.422460e+04
  9.885030e+01  1.521910e+04
  9.628970e+01  1.631855e+04
  9.379550e+01  1.735345e+04
  9.136590e+01  1.849655e+04
  8.899920e+01  1.958140e+04
  8.669380e+01  2.072335e+04
  8.444820e+01  2.179235e+04
  8.226070e+01  2.293215e+04
  8.012980e+01  2.411105e+04
  7.805420e+01  2.512225e+04
  7.603240e+01  2.619590e+04
  7.406290e+01  2.716980e+04
  7.214440e+01  2.803770e+04
  7.027560e+01  2.892220e+04
  6.845520e+01  2.963710e+04
  6.668200e+01  3.028475e+04
  6.495470e+01  3.075065e+04
  6.327220e+01  3.113185e+04
  6.163320e+01  3.145885e+04
  6.003670e+01  3.168990e+04
  5.848160e+01  3.209450e+04
  5.696670e+01  3.213445e+04
  5.549110e+01  3.234710e+04
  5.405370e+01  3.206155e+04
  5.265350e+01  3.148385e+04
  5.128960e+01  3.103195e+04
  4.996100e+01  3.039035e+04
  4.866690e+01  2.935955e+04
  4.740620e+01  2.838255e+04
  4.617830e+01  2.722415e+04
  4.498210e+01  2.603130e+04
  4.381690e+01  2.554240e+04
  4.268190e+01  2.478460e+04
  4.157630e+01  2.396570e+04
  4.049930e+01  2.304820e+04
  3.945030e+01  2.221820e+04
  3.842840e+01  2.137900e+04
  3.743290e+01  2.054210e+04
  3.646330e+01  1.976140e+04
  3.551880e+01  1.891155e+04
  3.459870e+01  1.793185e+04
  3.370250e+01  1.696280e+04
  3.282950e+01  1.598735e+04
  3.197910e+01  1.497900e+04
  3.115070e+01  1.401495e+04
  3.034380e+01  1.307080e+04
  2.955780e+01  1.208395e+04
  2.879220e+01  1.116540e+04
  2.804640e+01  1.020245e+04
  2.731990e+01  9.317891e+03
  2.661220e+01  8.553971e+03
  2.592290e+01  7.760255e+03
  2.525140e+01  7.036510e+03
  2.459730e+01  6.309830e+03
  2.396010e+01  5.737245e+03
  2.333950e+01  5.108985e+03
  2.273490e+01  4.627400e+03
  2.214600e+01  4.128850e+03
  2.157230e+01  3.699665e+03
  2.101350e+01  3.297545e+03
  2.046920e+01  2.940920e+03
  1.993900e+01  2.652395e+03
  1.942250e+01  2.399455e+03
  1.891940e+01  2.157955e+03
  1.842930e+01  1.932095e+03
  1.795200e+01  1.750680e+03
  1.748690e+01  1.572025e+03
  1.703400e+01  1.406300e+03
  1.659270e+01  1.229900e+03
  1.616290e+01  1.110185e+03
  1.574430e+01  9.822860e+02
  1.533640e+01  8.656895e+02
  1.493920e+01  7.720955e+02
  1.455220e+01  6.710055e+02
  1.417520e+01  5.969760e+02
  1.380800e+01  5.192400e+02
  1.345040e+01  4.614995e+02
  1.310200e+01  4.145295e+02
  1.276260e+01  3.942785e+02
  1.243200e+01  3.731635e+02
  1.211000e+01  3.525670e+02
  1.179630e+01  3.326585e+02
  1.149070e+01  3.350715e+02
  1.119310e+01  3.290385e+02
  1.090310e+01  3.221440e+02
  1.062070e+01  3.267130e+02
  1.034560e+01  3.057700e+02
  1.007760e+01  2.904305e+02
  9.816600e+00  2.730215e+02
  9.562300e+00  2.586280e+02
  9.314600e+00  2.119195e+02
  9.073300e+00  1.750340e+02
  8.838300e+00  1.459045e+02
  8.609300e+00  1.137585e+02
  8.386300e+00  8.936940e+01
  8.169100e+00  7.540840e+01
  7.957500e+00  6.273970e+01
  7.751400e+00  5.731040e+01
  7.550600e+00  5.610375e+01
  7.355000e+00  5.334600e+01
  7.164500e+00  5.325985e+01
  6.978900e+00  5.101905e+01
  6.798100e+00  4.843350e+01
  6.622000e+00  5.179480e+01
  6.450500e+00  4.412465e+01
  6.283400e+00  5.032965e+01
  6.120600e+00  4.386610e+01
  5.962100e+00  4.188385e+01
  5.807600e+00  4.541735e+01
  5.657200e+00  4.748565e+01
  5.510700e+00  4.541735e+01
  5.367900e+00  4.800285e+01
  5.228900e+00  4.860600e+01
  5.093400e+00  4.938170e+01
  4.961500e+00  4.783040e+01
  4.833000e+00  4.481405e+01
  4.707800e+00  4.662380e+01
  4.585800e+00  4.360750e+01
  4.467100e+00  4.162535e+01
  4.351300e+00  4.240095e+01
  4.238600e+00  4.464165e+01
  4.128800e+00  4.584835e+01
  4.021900e+00  4.714095e+01
  3.917700e+00  4.472795e+01
  3.816200e+00  4.205635e+01
  3.717400e+00  4.334890e+01
  3.621100e+00  4.317665e+01
  3.527300e+00  4.136685e+01
  3.435900e+00  4.007420e+01
  3.346900e+00  4.024650e+01
  3.260200e+00  3.490320e+01
  3.175800e+00  3.119745e+01
  3.093500e+00  2.775025e+01
  3.013400e+00  2.240700e+01
  2.935300e+00  2.628515e+01
  2.859300e+00  3.093910e+01
  2.785200e+00  2.964625e+01
  2.713100e+00  3.645455e+01
  2.642800e+00  3.378290e+01
  2.574300e+00  3.274875e+01
  2.507600e+00  3.404145e+01
  2.442700e+00  3.317975e+01
  2.379400e+00  3.119740e+01
  2.317800e+00  3.292110e+01
  2.257700e+00  3.180090e+01
  2.199300e+00  3.369685e+01
  2.142300e+00  3.154225e+01
  2.086800e+00  3.050815e+01
  2.032700e+00  3.154225e+01
  1.980100e+00  3.292115e+01
  1.928800e+00  2.990480e+01
  1.878800e+00  2.930160e+01
  1.830200e+00  3.007725e+01
  1.782800e+00  5.119155e+01
  1.736600e+00  2.999095e+01
  1.691600e+00  2.843980e+01
  1.647800e+00  2.594035e+01
  1.605100e+00  2.516480e+01
  1.563500e+00  2.214845e+01
  1.523000e+00  2.378585e+01
  1.483600e+00  2.525110e+01
  1.445100e+00  2.025255e+01
  1.407700e+00  2.154520e+01
  1.371200e+00  2.180380e+01
  1.335700e+00  1.982165e+01
  1.301100e+00  1.844285e+01
  1.267400e+00  1.482325e+01
  1.234600e+00  2.154530e+01
  1.202600e+00  1.999405e+01
  1.171500e+00  2.085585e+01
  1.141100e+00  2.033875e+01
  1.111600e+00  1.740850e+01
  1.082800e+00  1.878735e+01
  1.054700e+00  1.870120e+01
  1.027400e+00  1.930455e+01
  1.000800e+00  1.654670e+01
  9.749000e-01  2.042495e+01
  9.496000e-01  1.749480e+01
  9.250000e-01  2.094200e+01
  9.010000e-01  2.025265e+01
  8.777000e-01  2.154525e+01
  8.550000e-01  2.197610e+01
  8.328000e-01  2.387210e+01
  8.113000e-01  2.335505e+01
  7.902000e-01  2.706090e+01
  7.698000e-01  2.766410e+01
  7.498000e-01  3.171460e+01
  7.304000e-01  3.119755e+01
  7.115000e-01  3.085280e+01
  6.931000e-01  4.524495e+01
  6.751000e-01  1.189290e+02
  6.576000e-01  1.777045e+02
  6.406000e-01  2.050245e+02
  6.240000e-01  5.558675e+01
  6.078000e-01  5.291515e+01
  5.921000e-01  4.869210e+01
  5.767000e-01  5.136385e+01
  5.618000e-01  5.325975e+01
  5.472000e-01  5.386305e+01
  5.331000e-01  7.006525e+01
  5.193000e-01  7.678740e+01
  5.058000e-01  8.032075e+01
  4.927000e-01  8.626675e+01
  4.799000e-01  8.428520e+01
  4.675000e-01  7.661490e+01
  4.554000e-01  7.773525e+01
  4.436000e-01  8.962845e+01
  4.321000e-01  9.074860e+01
  4.209000e-01  9.643665e+01
  4.100000e-01  9.548800e+01
  3.994000e-01  1.570215e+02
  3.891000e-01  1.632265e+02
  3.790000e-01  1.609850e+02
  3.692000e-01  1.292710e+02
  3.596000e-01  1.234120e+02
  3.503000e-01  1.205665e+02
  3.412000e-01  1.211710e+02
  3.324000e-01  1.288410e+02
  3.238000e-01  1.315975e+02
  3.154000e-01  1.481450e+02
  3.072000e-01  1.531440e+02
  2.992000e-01  1.952870e+02
  2.915000e-01  2.439785e+02
  2.839000e-01  2.746600e+02
  2.766000e-01  2.344120e+02
  2.694000e-01  2.757785e+02
  2.624000e-01  2.588005e+02
  2.556000e-01  2.430310e+02
  2.490000e-01  2.299310e+02
  2.426000e-01  2.005440e+02
  2.363000e-01  2.145045e+02
  2.302000e-01  1.878750e+02
  2.242000e-01  1.658110e+02
  2.184000e-01  1.572805e+02
  2.127000e-01  1.527120e+02
  2.072000e-01  1.436635e+02
  2.019000e-01  1.393545e+02
  1.966000e-01  1.360790e+02
  1.915000e-01  1.301345e+02
  1.866000e-01  1.203945e+02
  1.817000e-01  1.180680e+02
  1.770000e-01  1.155690e+02
  1.725000e-01  1.160000e+02
  1.680000e-01  1.028131e+02
  1.636000e-01  9.953830e+01
  1.594000e-01  1.002286e+02
  1.553000e-01  9.178220e+01
  1.512000e-01  8.842125e+01
  1.473000e-01  8.712900e+01
  1.435000e-01  8.635365e+01
  1.398000e-01  7.782160e+01
  1.362000e-01  7.454660e+01
  1.326000e-01  7.135785e+01
  1.292000e-01  6.773820e+01
  1.259000e-01  6.635941e+01
  1.226000e-01  6.291205e+01
  1.194000e-01  5.929245e+01
  1.163000e-01  5.463870e+01
  1.133000e-01  5.636235e+01
  1.104000e-01  5.377690e+01
  1.075000e-01  4.696850e+01
  1.047000e-01  4.869220e+01
  1.020000e-01  4.205625e+01
  9.940000e-02  4.093590e+01
  9.680000e-02  3.705780e+01
  9.430000e-02  3.257640e+01
  9.190000e-02  2.990480e+01
  8.950000e-02  2.568200e+01
  8.720000e-02  2.361355e+01
  8.490000e-02  2.068350e+01
  8.270000e-02  1.568500e+01
  8.060000e-02  1.594335e+01
  7.850000e-02  1.215160e+01
  7.640000e-02  1.068646e+01
  7.450000e-02  8.273380e+00
  7.250000e-02  8.014854e+00
  7.070000e-02  6.291230e+00
  6.880000e-02  5.429415e+00
  6.700000e-02  3.361045e+00
  6.530000e-02  3.016325e+00
  6.360000e-02  2.413055e+00
  6.200000e-02  1.465070e+00
  6.040000e-02  2.154510e+00
  5.880000e-02  2.240695e+00
  5.730000e-02  1.637430e+00
  5.580000e-02  9.479800e-01
  5.430000e-02  7.756250e-01
  5.290000e-02  4.309000e-01
  5.160000e-02  4.309050e-01
  5.020000e-02  2.585400e-01
  4.890000e-02  3.447200e-01
  4.770000e-02  5.170800e-01
  4.640000e-02  5.170800e-01
  4.520000e-02  6.894400e-01
  4.410000e-02  5.170800e-01
  4.290000e-02  4.309000e-01
  4.180000e-02  2.585400e-01
  4.070000e-02  2.585400e-01
  3.970000e-02  6.032600e-01
  3.860000e-02  4.309000e-01
  3.760000e-02  1.723600e-01
  3.670000e-02  2.585400e-01
  3.570000e-02  3.447200e-01
  3.480000e-02  1.723600e-01
  3.390000e-02  1.723600e-01
  3.300000e-02  8.618000e-02
  3.220000e-02  3.447200e-01
  3.130000e-02  2.585400e-01
  3.050000e-02  3.447200e-01
  2.970000e-02  1.723600e-01
  2.890000e-02  3.447200e-01
  2.820000e-02  8.618000e-02
  2.750000e-02  4.309000e-01
  2.680000e-02  2.585400e-01
  2.610000e-02  3.447200e-01
  2.540000e-02  4.309000e-01
  2.470000e-02  6.032600e-01
  2.410000e-02  2.585400e-01
  2.350000e-02  8.618000e-02
  2.290000e-02  8.618000e-02
  2.230000e-02  8.618000e-02
  2.170000e-02  4.309000e-01
  2.110000e-02  8.618000e-02
  2.060000e-02  2.585400e-01
  2.000000e-02  5.170800e-01
  1.950000e-02  1.723600e-01
  1.900000e-02  4.309000e-01
  1.850000e-02  3.447200e-01
  1.800000e-02  3.447200e-01
  1.760000e-02  0.000000e+00
  1.710000e-02  4.309000e-01
  1.670000e-02  3.447200e-01
  1.630000e-02  1.723600e-01
  1.580000e-02  3.447200e-01
  1.540000e-02  1.723600e-01
  1.500000e-02  8.618000e-02
  1.460000e-02  1.723600e-01
  1.430000e-02  0.000000e+00
  1.390000e-02  0.000000e+00
  1.350000e-02  0.000000e+00
  1.320000e-02  0.000000e+00
  1.280000e-02  0.000000e+00
  1.250000e-02  0.000000e+00
  1.220000e-02  0.000000e+00
  1.190000e-02  0.000000e+00
  1.160000e-02  8.618000e-02
  1.130000e-02  0.000000e+00
  1.100000e-02  4.309060e+00
  1.070000e-02  7.928595e+00
  1.040000e-02  7.411510e+00
  1.010000e-02  4.041880e+01
