  4.934820e+03  0.000000e+00
  4.806990e+03  0.000000e+00
  4.682470e+03  0.000000e+00
  4.561180e+03  0.000000e+00
  4.443030e+03  0.000000e+00
  4.327940e+03  0.000000e+00
  4.215830e+03  0.000000e+00
  4.106630e+03  0.000000e+00
  4.000250e+03  0.000000e+00
  3.896630e+03  0.000000e+00
  3.795700e+03  0.000000e+00
  3.697380e+03  0.000000e+00
  3.601600e+03  0.000000e+00
  3.508310e+03  0.000000e+00
  3.417430e+03  2.575150e-02
  3.328910e+03  0.000000e+00
  3.242680e+03  0.000000e+00
  3.158680e+03  0.000000e+00
  3.076860e+03  2.575150e-02
  2.997160e+03  0.000000e+00
  2.919530e+03  0.000000e+00
  2.843900e+03  2.575150e-02
  2.770230e+03  0.000000e+00
  2.698480e+03  0.000000e+00
  2.628580e+03  0.000000e+00
  2.560490e+03  2.575150e-02
  2.494160e+03  0.000000e+00
  2.429550e+03  2.575150e-02
  2.366620e+03  2.575150e-02
  2.305320e+03  2.575150e-02
  2.245600e+03  0.000000e+00
  2.187430e+03  0.000000e+00
  2.130770e+03  0.000000e+00
  2.075580e+03  0.000000e+00
  2.021810e+03  2.575150e-02
  1.969440e+03  2.575150e-02
  1.918430e+03  2.575150e-02
  1.868730e+03  2.575150e-02
  1.820330e+03  2.575150e-02
  1.773170e+03  1.287575e-01
  1.727240e+03  1.030060e-01
  1.682500e+03  1.030080e-01
  1.638920e+03  2.575150e-02
  1.596470e+03  5.150300e-02
  1.555110e+03  7.725650e-02
  1.514830e+03  2.575150e-02
  1.475590e+03  5.150300e-02
  1.437370e+03  5.150300e-02
  1.400140e+03  1.545110e-01
  1.363870e+03  5.150300e-02
  1.328540e+03  1.287575e-01
  1.294120e+03  1.287575e-01
  1.260600e+03  1.545110e-01
  1.227950e+03  3.862730e-01
  1.196140e+03  2.060140e-01
  1.165160e+03  1.545090e-01
  1.134980e+03  3.347740e-01
  1.105580e+03  2.060140e-01
  1.076940e+03  4.892885e-01
  1.049040e+03  2.575170e-01
  1.021870e+03  4.635320e-01
  9.953980e+02  5.922935e-01
  9.696140e+02  5.407905e-01
  9.444970e+02  3.090230e-01
  9.200320e+02  7.725555e-01
  8.962000e+02  9.270705e-01
  8.729850e+02  6.180525e-01
  8.503720e+02  7.210560e-01
  8.283450e+02  1.107330e+00
  8.068880e+02  1.158825e+00
  7.859870e+02  1.158840e+00
  7.656270e+02  1.158830e+00
  7.457950e+02  1.313349e+00
  7.264760e+02  1.854110e+00
  7.076580e+02  1.776875e+00
  6.893270e+02  1.879865e+00
  6.714710e+02  2.755410e+00
  6.540780e+02  2.935685e+00
  6.371350e+02  2.961430e+00
  6.206310e+02  3.450695e+00
  6.045550e+02  4.094505e+00
  5.888950e+02  4.558025e+00
  5.736410e+02  5.201805e+00
  5.587810e+02  6.437900e+00
  5.443070e+02  5.639585e+00
  5.302080e+02  7.004450e+00
  5.164740e+02  8.343640e+00
  5.030950e+02  8.755590e+00
  4.900630e+02  9.785695e+00
  4.773690e+02  1.066130e+01
  4.650040e+02  1.328800e+01
  4.529580e+02  1.460125e+01
  4.412250e+02  1.617200e+01
  4.297960e+02  1.797450e+01
  4.186630e+02  1.959680e+01
  4.078180e+02  2.317630e+01
  3.972540e+02  2.353675e+01
  3.869640e+02  2.894485e+01
  3.769400e+02  3.218940e+01
  3.671770e+02  3.664440e+01
  3.576650e+02  3.924530e+01
  3.484010e+02  4.447295e+01
  3.393760e+02  4.977770e+01
  3.305850e+02  5.433570e+01
  3.220220e+02  6.273075e+01
  3.136800e+02  6.682525e+01
  3.055550e+02  7.769235e+01
  2.976400e+02  8.577855e+01
  2.899300e+02  1.000446e+02
  2.824200e+02  1.097030e+02
  2.751040e+02  1.203110e+02
  2.679780e+02  1.342425e+02
  2.610370e+02  1.474785e+02
  2.542750e+02  1.646805e+02
  2.476890e+02  1.853860e+02
  2.412730e+02  2.052140e+02
  2.350230e+02  2.303470e+02
  2.289350e+02  2.598600e+02
  2.230050e+02  2.929240e+02
  2.172280e+02  3.218675e+02
  2.116010e+02  3.568925e+02
  2.061200e+02  3.933275e+02
  2.007810e+02  4.392200e+02
  1.955800e+02  4.913900e+02
  1.905140e+02  5.414000e+02
  1.855790e+02  6.160805e+02
  1.807720e+02  6.779084e+02
  1.760890e+02  7.520215e+02
  1.715280e+02  8.302815e+02
  1.670850e+02  9.231405e+02
  1.627570e+02  1.009175e+03
  1.585410e+02  1.108370e+03
  1.544340e+02  1.215210e+03
  1.504340e+02  1.322825e+03
  1.465370e+02  1.461695e+03
  1.427410e+02  1.580375e+03
  1.390440e+02  1.716025e+03
  1.354420e+02  1.856725e+03
  1.319340e+02  2.016710e+03
  1.285160e+02  2.180720e+03
  1.251870e+02  2.346680e+03
  1.219440e+02  2.523120e+03
  1.187850e+02  2.728710e+03
  1.157090e+02  2.937070e+03
  1.127110e+02  3.171690e+03
  1.097920e+02  3.376255e+03
  1.069480e+02  3.628670e+03
  1.041770e+02  3.892190e+03
  1.014790e+02  4.190515e+03
  9.885030e+01  4.464660e+03
  9.628970e+01  4.778840e+03
  9.379550e+01  5.064355e+03
  9.136590e+01  5.424225e+03
  8.899920e+01  5.753200e+03
  8.669380e+01  6.090345e+03
  8.444820e+01  6.430745e+03
  8.226070e+01  6.828010e+03
  8.012980e+01  7.218590e+03
  7.805420e+01  7.595210e+03
  7.603240e+01  8.000715e+03
  7.406290e+01  8.412865e+03
  7.214440e+01  8.812025e+03
  7.027560e+01  9.184859e+03
  6.845520e+01  9.588585e+03
  6.668200e+01  9.939770e+03
  6.495470e+01  1.027265e+04
  6.327220e+01  1.049080e+04
  6.163320e+01  1.067930e+04
  6.003670e+01  1.081835e+04
  5.848160e+01  1.088935e+04
  5.696670e+01  1.095420e+04
  5.549110e+01  1.100210e+04
  5.405370e+01  1.105740e+04
  5.265350e+01  1.111715e+04
  5.128960e+01  1.107970e+04
  4.996100e+01  1.105415e+04
  4.866690e+01  1.097320e+04
  4.740620e+01  1.084260e+04
  4.617830e+01  1.060260e+04
  4.498210e+01  1.028740e+04
  4.381690e+01  9.996170e+03
  4.268190e+01  9.677240e+03
  4.157630e+01  9.336430e+03
  4.049930e+01  8.973285e+03
  3.945030e+01  8.638675e+03
  3.842840e+01  8.307654e+03
  3.743290e+01  8.002770e+03
  3.646330e+01  7.679215e+03
  3.551880e+01  7.347655e+03
  3.459870e+01  7.054215e+03
  3.370250e+01  6.713125e+03
  3.282950e+01  6.382620e+03
  3.197910e+01  6.083060e+03
  3.115070e+01  5.781150e+03
  3.034380e+01  5.476940e+03
  2.955780e+01  5.154840e+03
  2.879220e+01  4.829740e+03
  2.804640e+01  4.573625e+03
  2.731990e+01  4.262490e+03
  2.661220e+01  3.959300e+03
  2.592290e+01  3.662335e+03
  2.525140e+01  3.372065e+03
  2.459730e+01  3.088360e+03
  2.396010e+01  2.829500e+03
  2.333950e+01  2.539570e+03
  2.273490e+01  2.303235e+03
  2.214600e+01  2.038050e+03
  2.157230e+01  1.782415e+03
  2.101350e+01  1.558465e+03
  2.046920e+01  1.339960e+03
  1.993900e+01  1.155565e+03
  1.942250e+01  9.987225e+02
  1.891940e+01  8.615180e+02
  1.842930e+01  7.910860e+02
  1.795200e+01  7.291550e+02
  1.748690e+01  7.117730e+02
  1.703400e+01  6.967855e+02
  1.659270e+01  7.097375e+02
  1.616290e+01  7.349750e+02
  1.574430e+01  7.350000e+02
  1.533640e+01  7.413090e+02
  1.493920e+01  7.394550e+02
  1.455220e+01  7.068285e+02
  1.417520e+01  6.388690e+02
  1.380800e+01  5.017675e+02
  1.345040e+01  3.723425e+02
  1.310200e+01  2.582355e+02
  1.276260e+01  1.670770e+02
  1.243200e+01  1.070500e+02
  1.211000e+01  6.811270e+01
  1.179630e+01  4.300500e+01
  1.149070e+01  2.768300e+01
  1.119310e+01  2.240370e+01
  1.090310e+01  1.635225e+01
  1.062070e+01  1.354540e+01
  1.034560e+01  1.125360e+01
  1.007760e+01  8.343515e+00
  9.816600e+00  6.669660e+00
  9.562300e+00  5.304810e+00
  9.314600e+00  5.716850e+00
  9.073300e+00  6.978700e+00
  8.838300e+00  9.605445e+00
  8.609300e+00  1.406045e+01
  8.386300e+00  2.363985e+01
  8.169100e+00  3.945120e+01
  7.957500e+00  6.345190e+01
  7.751400e+00  8.366675e+01
  7.550600e+00  1.147760e+02
  7.355000e+00  1.160620e+02
  7.164500e+00  1.065875e+02
  6.978900e+00  9.981350e+01
  6.798100e+00  8.719455e+01
  6.622000e+00  7.735750e+01
  6.450500e+00  6.991541e+01
  6.283400e+00  5.940880e+01
  6.120600e+00  5.320280e+01
  5.962100e+00  5.103950e+01
  5.807600e+00  4.460155e+01
  5.657200e+00  4.583785e+01
  5.510700e+00  4.390650e+01
  5.367900e+00  4.027535e+01
  5.228900e+00  3.602620e+01
  5.093400e+00  3.221525e+01
  4.961500e+00  2.979460e+01
  4.833000e+00  2.588035e+01
  4.707800e+00  2.521095e+01
  4.585800e+00  2.006030e+01
  4.467100e+00  1.823205e+01
  4.351300e+00  1.805185e+01
  4.238600e+00  1.676425e+01
  4.128800e+00  1.514200e+01
  4.021900e+00  1.568275e+01
  3.917700e+00  1.344245e+01
  3.816200e+00  1.048105e+01
  3.717400e+00  1.001751e+01
  3.621100e+00  9.322140e+00
  3.527300e+00  8.523855e+00
  3.435900e+00  6.618170e+00
  3.346900e+00  6.283375e+00
  3.260200e+00  4.197500e+00
  3.175800e+00  3.399195e+00
  3.093500e+00  1.931365e+00
  3.013400e+00  1.210320e+00
  2.935300e+00  1.493600e+00
  2.859300e+00  2.472155e+00
  2.785200e+00  2.575160e+00
  2.713100e+00  3.759730e+00
  2.642800e+00  3.115950e+00
  2.574300e+00  3.630965e+00
  2.507600e+00  3.579460e+00
  2.442700e+00  2.832675e+00
  2.379400e+00  3.064435e+00
  2.317800e+00  2.240390e+00
  2.257700e+00  2.420655e+00
  2.199300e+00  2.394905e+00
  2.142300e+00  2.060135e+00
  2.086800e+00  1.673850e+00
  2.032700e+00  1.802605e+00
  1.980100e+00  2.214640e+00
  1.928800e+00  1.493595e+00
  1.878800e+00  1.261830e+00
  1.830200e+00  1.879870e+00
  1.782800e+00  2.858420e+00
  1.736600e+00  1.596610e+00
  1.691600e+00  1.081581e+00
  1.647800e+00  1.313335e+00
  1.605100e+00  1.004323e+00
  1.563500e+00  1.004311e+00
  1.523000e+00  6.695465e-01
  1.483600e+00  1.055821e+00
  1.445100e+00  1.004321e+00
  1.407700e+00  9.785675e-01
  1.371200e+00  9.785695e-01
  1.335700e+00  7.468075e-01
  1.301100e+00  6.438020e-01
  1.267400e+00  4.377835e-01
  1.234600e+00  6.180470e-01
  1.202600e+00  6.437950e-01
  1.171500e+00  4.635375e-01
  1.141100e+00  7.468020e-01
  1.111600e+00  3.090240e-01
  1.082800e+00  5.150365e-01
  1.054700e+00  9.270639e-01
  1.027400e+00  3.862805e-01
  1.000800e+00  3.605260e-01
  9.749000e-01  5.665440e-01
  9.496000e-01  5.922865e-01
  9.250000e-01  6.180460e-01
  9.010000e-01  5.922975e-01
  8.777000e-01  7.210505e-01
  8.550000e-01  9.270660e-01
  8.328000e-01  4.635335e-01
  8.113000e-01  4.635335e-01
  7.902000e-01  6.180405e-01
  7.698000e-01  5.922955e-01
  7.498000e-01  8.240660e-01
  7.304000e-01  7.468040e-01
  7.115000e-01  8.240610e-01
  6.931000e-01  1.287595e+00
  6.751000e-01  5.819835e+00
  6.576000e-01  6.540910e+00
  6.406000e-01  1.310770e+01
  6.240000e-01  2.549405e+00
  6.078000e-01  1.055830e+00
  5.921000e-01  1.210330e+00
  5.767000e-01  1.261845e+00
  5.618000e-01  8.755590e-01
  5.472000e-01  1.545105e+00
  5.331000e-01  1.158835e+00
  5.193000e-01  1.313350e+00
  5.058000e-01  1.493590e+00
  4.927000e-01  2.291895e+00
  4.799000e-01  2.266145e+00
  4.675000e-01  1.493600e+00
  4.554000e-01  1.467850e+00
  4.436000e-01  2.703910e+00
  4.321000e-01  3.296195e+00
  4.209000e-01  2.369150e+00
  4.100000e-01  2.240385e+00
  3.994000e-01  3.527960e+00
  3.891000e-01  3.914230e+00
  3.790000e-01  5.047290e+00
  3.692000e-01  1.751105e+00
  3.596000e-01  1.931380e+00
  3.503000e-01  1.699600e+00
  3.412000e-01  2.060120e+00
  3.324000e-01  1.957125e+00
  3.238000e-01  2.111630e+00
  3.154000e-01  1.648110e+00
  3.072000e-01  1.725360e+00
  2.992000e-01  2.755410e+00
  2.915000e-01  4.274755e+00
  2.839000e-01  3.836970e+00
  2.766000e-01  3.656715e+00
  2.694000e-01  5.073055e+00
  2.624000e-01  9.734221e+00
  2.556000e-01  1.189735e+01
  2.490000e-01  5.330560e+00
  2.426000e-01  4.970045e+00
  2.363000e-01  6.386380e+00
  2.302000e-01  3.759715e+00
  2.242000e-01  3.012925e+00
  2.184000e-01  2.549400e+00
  2.127000e-01  2.987185e+00
  2.072000e-01  2.626650e+00
  2.019000e-01  1.982880e+00
  1.966000e-01  3.141690e+00
  1.915000e-01  3.167440e+00
  1.866000e-01  2.626665e+00
  1.817000e-01  2.523660e+00
  1.770000e-01  2.832670e+00
  1.725000e-01  2.987185e+00
  1.680000e-01  2.678170e+00
  1.636000e-01  2.600915e+00
  1.594000e-01  2.832665e+00
  1.553000e-01  2.626655e+00
  1.512000e-01  2.729675e+00
  1.473000e-01  2.703915e+00
  1.435000e-01  2.472150e+00
  1.398000e-01  2.961420e+00
  1.362000e-01  3.038690e+00
  1.326000e-01  2.858420e+00
  1.292000e-01  2.678165e+00
  1.259000e-01  2.961425e+00
  1.226000e-01  3.218950e+00
  1.194000e-01  2.884180e+00
  1.163000e-01  3.141700e+00
  1.133000e-01  3.012930e+00
  1.104000e-01  2.987185e+00
  1.075000e-01  3.141700e+00
  1.047000e-01  3.296200e+00
  1.020000e-01  3.527965e+00
  9.940000e-02  3.244690e+00
  9.680000e-02  3.399205e+00
  9.430000e-02  4.300510e+00
  9.190000e-02  3.270455e+00
  8.950000e-02  2.806925e+00
  8.720000e-02  3.605215e+00
  8.490000e-02  2.729670e+00
  8.270000e-02  2.626665e+00
  8.060000e-02  2.291895e+00
  7.850000e-02  2.188890e+00
  7.640000e-02  2.266145e+00
  7.450000e-02  1.802615e+00
  7.250000e-02  1.467850e+00
  7.070000e-02  1.493605e+00
  6.880000e-02  1.390605e+00
  6.700000e-02  1.133078e+00
  6.530000e-02  1.236093e+00
  6.360000e-02  8.240655e-01
  6.200000e-02  1.081578e+00
  6.040000e-02  5.665455e-01
  5.880000e-02  3.347735e-01
  5.730000e-02  3.862805e-01
  5.580000e-02  5.922915e-01
  5.430000e-02  2.060160e-01
  5.290000e-02  2.060160e-01
  5.160000e-02  2.060120e-01
  5.020000e-02  1.287595e-01
  4.890000e-02  1.287575e-01
  4.770000e-02  2.575150e-02
  4.640000e-02  1.287595e-01
  4.520000e-02  1.287595e-01
  4.410000e-02  1.802645e-01
  4.290000e-02  7.725650e-02
  4.180000e-02  5.150300e-02
  4.070000e-02  5.150300e-02
  3.970000e-02  7.725450e-02
  3.860000e-02  2.575150e-02
  3.760000e-02  0.000000e+00
  3.670000e-02  0.000000e+00
  3.570000e-02  0.000000e+00
  3.480000e-02  0.000000e+00
  3.390000e-02  0.000000e+00
  3.300000e-02  2.575150e-02
  3.220000e-02  0.000000e+00
  3.130000e-02  0.000000e+00
  3.050000e-02  5.150300e-02
  2.970000e-02  2.575150e-02
  2.890000e-02  0.000000e+00
  2.820000e-02  2.575150e-02
  2.750000e-02  0.000000e+00
  2.680000e-02  0.000000e+00
  2.610000e-02  0.000000e+00
  2.540000e-02  0.000000e+00
  2.470000e-02  0.000000e+00
  2.410000e-02  0.000000e+00
  2.350000e-02  0.000000e+00
  2.290000e-02  0.000000e+00
  2.230000e-02  0.000000e+00
  2.170000e-02  0.000000e+00
  2.110000e-02  0.000000e+00
  2.060000e-02  2.575150e-02
  2.000000e-02  0.000000e+00
  1.950000e-02  0.000000e+00
  1.900000e-02  0.000000e+00
  1.850000e-02  0.000000e+00
  1.800000e-02  0.000000e+00
  1.760000e-02  0.000000e+00
  1.710000e-02  2.575150e-02
  1.670000e-02  2.575150e-02
  1.630000e-02  2.575150e-02
  1.580000e-02  0.000000e+00
  1.540000e-02  0.000000e+00
  1.500000e-02  0.000000e+00
  1.460000e-02  0.000000e+00
  1.430000e-02  0.000000e+00
  1.390000e-02  0.000000e+00
  1.350000e-02  0.000000e+00
  1.320000e-02  0.000000e+00
  1.280000e-02  0.000000e+00
  1.250000e-02  0.000000e+00
  1.220000e-02  0.000000e+00
  1.190000e-02  0.000000e+00
  1.160000e-02  0.000000e+00
  1.130000e-02  0.000000e+00
  1.100000e-02  0.000000e+00
  1.070000e-02  0.000000e+00
  1.040000e-02  0.000000e+00
  1.010000e-02  0.000000e+00
