  4.934820e+03  7.037400e-03
  4.806990e+03  0.000000e+00
  4.682470e+03  1.759350e-03
  4.561180e+03  1.759350e-03
  4.443030e+03  3.518700e-03
  4.327940e+03  1.759350e-03
  4.215830e+03  0.000000e+00
  4.106630e+03  7.037400e-03
  4.000250e+03  5.278050e-03
  3.896630e+03  0.000000e+00
  3.795700e+03  0.000000e+00
  3.697380e+03  1.759350e-03
  3.601600e+03  1.759350e-03
  3.508310e+03  5.278050e-03
  3.417430e+03  3.518700e-03
  3.328910e+03  5.278050e-03
  3.242680e+03  5.278050e-03
  3.158680e+03  1.231545e-02
  3.076860e+03  8.796750e-03
  2.997160e+03  3.518700e-03
  2.919530e+03  3.518700e-03
  2.843900e+03  1.407480e-02
  2.770230e+03  8.796750e-03
  2.698480e+03  0.000000e+00
  2.628580e+03  1.055610e-02
  2.560490e+03  1.231545e-02
  2.494160e+03  1.231545e-02
  2.429550e+03  1.055610e-02
  2.366620e+03  1.055610e-02
  2.305320e+03  1.231545e-02
  2.245600e+03  1.583415e-02
  2.187430e+03  7.037400e-03
  2.130770e+03  2.111215e-02
  2.075580e+03  1.759345e-02
  2.021810e+03  1.583415e-02
  1.969440e+03  2.990890e-02
  1.918430e+03  2.990885e-02
  1.868730e+03  4.926180e-02
  1.820330e+03  6.509565e-02
  1.773170e+03  4.574295e-02
  1.727240e+03  2.990885e-02
  1.682500e+03  3.694620e-02
  1.638920e+03  5.805880e-02
  1.596470e+03  4.926160e-02
  1.555110e+03  9.324460e-02
  1.514830e+03  6.333655e-02
  1.475590e+03  7.917070e-02
  1.437370e+03  1.161170e-01
  1.400140e+03  1.108395e-01
  1.363870e+03  1.407470e-01
  1.328540e+03  1.460245e-01
  1.294120e+03  1.354695e-01
  1.260600e+03  1.970455e-01
  1.227950e+03  1.530625e-01
  1.196140e+03  1.741740e-01
  1.165160e+03  2.040835e-01
  1.134980e+03  2.339920e-01
  1.105580e+03  2.621410e-01
  1.076940e+03  2.867705e-01
  1.049040e+03  3.536260e-01
  1.021870e+03  3.712205e-01
  9.953980e+02  4.398345e-01
  9.696140e+02  4.539095e-01
  9.444970e+02  5.049310e-01
  9.200320e+02  6.034535e-01
  8.962000e+02  6.632710e-01
  8.729850e+02  7.758710e-01
  8.503720e+02  9.130970e-01
  8.283450e+02  9.641175e-01
  8.068880e+02  1.090795e+00
  7.859870e+02  1.213945e+00
  7.656270e+02  1.407470e+00
  7.457950e+02  1.718870e+00
  7.264760e+02  1.768145e+00
  7.076580e+02  1.972220e+00
  6.893270e+02  2.199180e+00
  6.714710e+02  2.531690e+00
  6.540780e+02  2.818455e+00
  6.371350e+02  3.193200e+00
  6.206310e+02  3.562655e+00
  6.045550e+02  3.865260e+00
  5.888950e+02  4.449360e+00
  5.736410e+02  4.792440e+00
  5.587810e+02  5.761840e+00
  5.443070e+02  6.208700e+00
  5.302080e+02  6.998650e+00
  5.164740e+02  7.885360e+00
  5.030950e+02  9.102830e+00
  4.900630e+02  1.000368e+01
  4.773690e+02  1.096245e+01
  4.650040e+02  1.249475e+01
  4.529580e+02  1.386540e+01
  4.412250e+02  1.586050e+01
  4.297960e+02  1.763210e+01
  4.186630e+02  1.990160e+01
  4.078180e+02  2.199175e+01
  3.972540e+02  2.453220e+01
  3.869640e+02  2.775705e+01
  3.769400e+02  3.062480e+01
  3.671770e+02  3.419980e+01
  3.576650e+02  3.857700e+01
  3.484010e+02  4.236315e+01
  3.393760e+02  4.786285e+01
  3.305850e+02  5.323410e+01
  3.220220e+02  5.881130e+01
  3.136800e+02  6.484760e+01
  3.055550e+02  7.187780e+01
  2.976400e+02  7.983180e+01
  2.899300e+02  8.899625e+01
  2.824200e+02  9.962115e+01
  2.751040e+02  1.091180e+02
  2.679780e+02  1.201680e+02
  2.610370e+02  1.335270e+02
  2.542750e+02  1.483140e+02
  2.476890e+02  1.629730e+02
  2.412730e+02  1.811235e+02
  2.350230e+02  2.000420e+02
  2.289350e+02  2.210030e+02
  2.230050e+02  2.432755e+02
  2.172280e+02  2.681235e+02
  2.116010e+02  2.948630e+02
  2.061200e+02  3.214845e+02
  2.007810e+02  3.531740e+02
  1.955800e+02  3.886885e+02
  1.905140e+02  4.272500e+02
  1.855790e+02  4.695200e+02
  1.807720e+02  5.148460e+02
  1.760890e+02  5.649095e+02
  1.715280e+02  6.125970e+02
  1.670850e+02  6.639285e+02
  1.627570e+02  7.178535e+02
  1.585410e+02  7.746875e+02
  1.544340e+02  8.329295e+02
  1.504340e+02  8.945040e+02
  1.465370e+02  9.568350e+02
  1.427410e+02  1.020585e+03
  1.390440e+02  1.087515e+03
  1.354420e+02  1.154045e+03
  1.319340e+02  1.221180e+03
  1.285160e+02  1.288330e+03
  1.251870e+02  1.357670e+03
  1.219440e+02  1.430220e+03
  1.187850e+02  1.503105e+03
  1.157090e+02  1.571525e+03
  1.127110e+02  1.640315e+03
  1.097920e+02  1.708160e+03
  1.069480e+02  1.776415e+03
  1.041770e+02  1.843260e+03
  1.014790e+02  1.904755e+03
  9.885030e+01  1.961095e+03
  9.628970e+01  2.014780e+03
  9.379550e+01  2.061165e+03
  9.136590e+01  2.097825e+03
  8.899920e+01  2.127145e+03
  8.669380e+01  2.150060e+03
  8.444820e+01  2.162105e+03
  8.226070e+01  2.158785e+03
  8.012980e+01  2.149630e+03
  7.805420e+01  2.129020e+03
  7.603240e+01  2.091470e+03
  7.406290e+01  2.046575e+03
  7.214440e+01  1.980785e+03
  7.027560e+01  1.916160e+03
  6.845520e+01  1.828770e+03
  6.668200e+01  1.729855e+03
  6.495470e+01  1.627330e+03
  6.327220e+01  1.532040e+03
  6.163320e+01  1.431155e+03
  6.003670e+01  1.332275e+03
  5.848160e+01  1.241635e+03
  5.696670e+01  1.152285e+03
  5.549110e+01  1.062840e+03
  5.405370e+01  9.594210e+02
  5.265350e+01  8.479485e+02
  5.128960e+01  7.463885e+02
  4.996100e+01  6.477865e+02
  4.866690e+01  5.488435e+02
  4.740620e+01  4.582520e+02
  4.617830e+01  3.809895e+02
  4.498210e+01  3.140320e+02
  4.381690e+01  2.737650e+02
  4.268190e+01  2.395445e+02
  4.157630e+01  2.080420e+02
  4.049930e+01  1.800935e+02
  3.945030e+01  1.571555e+02
  3.842840e+01  1.401650e+02
  3.743290e+01  1.250830e+02
  3.646330e+01  1.101835e+02
  3.551880e+01  9.740585e+01
  3.459870e+01  8.403841e+01
  3.370250e+01  7.132014e+01
  3.282950e+01  6.118105e+01
  3.197910e+01  5.118260e+01
  3.115070e+01  4.320955e+01
  3.034380e+01  3.669980e+01
  2.955780e+01  2.986485e+01
  2.879220e+01  2.468880e+01
  2.804640e+01  1.984360e+01
  2.731990e+01  1.560015e+01
  2.661220e+01  1.276235e+01
  2.592290e+01  9.875125e+00
  2.525140e+01  7.691835e+00
  2.459730e+01  5.818140e+00
  2.396010e+01  4.433525e+00
  2.333950e+01  3.414885e+00
  2.273490e+01  2.392710e+00
  2.214600e+01  1.704800e+00
  2.157230e+01  1.238575e+00
  2.101350e+01  8.093005e-01
  2.046920e+01  6.245665e-01
  1.993900e+01  4.433530e-01
  1.942250e+01  3.096430e-01
  1.891940e+01  1.952865e-01
  1.842930e+01  1.882485e-01
  1.795200e+01  1.301915e-01
  1.748690e+01  1.108385e-01
  1.703400e+01  9.852345e-02
  1.659270e+01  1.266730e-01
  1.616290e+01  1.178760e-01
  1.574430e+01  1.125972e-01
  1.533640e+01  1.284305e-01
  1.493920e+01  1.513030e-01
  1.455220e+01  1.231535e-01
  1.417520e+01  7.565215e-02
  1.380800e+01  6.333640e-02
  1.345040e+01  4.574300e-02
  1.310200e+01  1.583410e-02
  1.276260e+01  1.407480e-02
  1.243200e+01  1.583415e-02
  1.211000e+01  5.278050e-03
  1.179630e+01  7.037400e-03
  1.149070e+01  8.796750e-03
  1.119310e+01  8.796750e-03
  1.090310e+01  7.037400e-03
  1.062070e+01  8.796750e-03
  1.034560e+01  7.037400e-03
  1.007760e+01  5.278050e-03
  9.816600e+00  1.759350e-03
  9.562300e+00  3.518700e-03
  9.314600e+00  8.796750e-03
  9.073300e+00  8.796750e-03
  8.838300e+00  3.518700e-03
  8.609300e+00  1.583415e-02
  8.386300e+00  2.287155e-02
  8.169100e+00  3.342755e-02
  7.957500e+00  4.926180e-02
  7.751400e+00  7.037390e-02
  7.550600e+00  8.444884e-02
  7.355000e+00  1.196355e-01
  7.164500e+00  9.324500e-02
  6.978900e+00  1.372285e-01
  6.798100e+00  1.372280e-01
  6.622000e+00  1.442655e-01
  6.450500e+00  1.284315e-01
  6.283400e+00  1.002830e-01
  6.120600e+00  1.178755e-01
  5.962100e+00  1.178755e-01
  5.807600e+00  1.143565e-01
  5.657200e+00  1.213940e-01
  5.510700e+00  1.389885e-01
  5.367900e+00  1.864895e-01
  5.228900e+00  1.090786e-01
  5.093400e+00  1.671365e-01
  4.961500e+00  1.477850e-01
  4.833000e+00  1.495440e-01
  4.707800e+00  1.513025e-01
  4.585800e+00  1.618595e-01
  4.467100e+00  1.407475e-01
  4.351300e+00  1.231530e-01
  4.238600e+00  1.741735e-01
  4.128800e+00  1.477840e-01
  4.021900e+00  2.287130e-01
  3.917700e+00  2.023230e-01
  3.816200e+00  1.741745e-01
  3.717400e+00  1.988045e-01
  3.621100e+00  1.794520e-01
  3.527300e+00  1.706550e-01
  3.435900e+00  1.847300e-01
  3.346900e+00  1.583410e-01
  3.260200e+00  1.724145e-01
  3.175800e+00  1.671370e-01
  3.093500e+00  1.284310e-01
  3.013400e+00  1.125975e-01
  2.935300e+00  9.676380e-02
  2.859300e+00  1.565815e-01
  2.785200e+00  1.706550e-01
  2.713100e+00  2.005640e-01
  2.642800e+00  2.076015e-01
  2.574300e+00  1.829695e-01
  2.507600e+00  1.706545e-01
  2.442700e+00  1.812120e-01
  2.379400e+00  1.653775e-01
  2.317800e+00  1.724150e-01
  2.257700e+00  1.864895e-01
  2.199300e+00  1.970455e-01
  2.142300e+00  1.530620e-01
  2.086800e+00  1.583400e-01
  2.032700e+00  1.530625e-01
  1.980100e+00  1.671375e-01
  1.928800e+00  1.671365e-01
  1.878800e+00  1.266720e-01
  1.830200e+00  1.812130e-01
  1.782800e+00  1.935260e-01
  1.736600e+00  1.460240e-01
  1.691600e+00  1.583405e-01
  1.647800e+00  1.284325e-01
  1.605100e+00  1.213950e-01
  1.563500e+00  1.178755e-01
  1.523000e+00  1.266720e-01
  1.483600e+00  1.038011e-01
  1.445100e+00  1.090795e-01
  1.407700e+00  9.500455e-02
  1.371200e+00  7.565215e-02
  1.335700e+00  9.324510e-02
  1.301100e+00  7.037355e-02
  1.267400e+00  8.268955e-02
  1.234600e+00  1.002826e-01
  1.202600e+00  8.972725e-02
  1.171500e+00  8.796800e-02
  1.141100e+00  1.125975e-01
  1.111600e+00  6.685525e-02
  1.082800e+00  7.741090e-02
  1.054700e+00  8.620796e-02
  1.027400e+00  7.389295e-02
  1.000800e+00  7.565185e-02
  9.749000e-01  8.620796e-02
  9.496000e-01  5.453980e-02
  9.250000e-01  8.444805e-02
  9.010000e-01  8.620775e-02
  8.777000e-01  8.092976e-02
  8.550000e-01  7.565215e-02
  8.328000e-01  8.796720e-02
  8.113000e-01  9.500505e-02
  7.902000e-01  8.444855e-02
  7.698000e-01  7.389250e-02
  7.498000e-01  1.161156e-01
  7.304000e-01  9.324475e-02
  7.115000e-01  9.324535e-02
  6.931000e-01  9.324485e-02
  6.751000e-01  1.776925e-01
  6.576000e-01  3.149215e-01
  6.406000e-01  3.817765e-01
  6.240000e-01  1.231540e-01
  6.078000e-01  9.324450e-02
  5.921000e-01  1.055588e-01
  5.767000e-01  9.148570e-02
  5.618000e-01  8.972634e-02
  5.472000e-01  1.038015e-01
  5.331000e-01  1.477850e-01
  5.193000e-01  1.231530e-01
  5.058000e-01  1.090791e-01
  4.927000e-01  1.178755e-01
  4.799000e-01  1.231540e-01
  4.675000e-01  1.231540e-01
  4.554000e-01  9.500485e-02
  4.436000e-01  1.108380e-01
  4.321000e-01  1.231535e-01
  4.209000e-01  1.002821e-01
  4.100000e-01  1.442655e-01
  3.994000e-01  2.163975e-01
  3.891000e-01  2.040825e-01
  3.790000e-01  1.688965e-01
  3.692000e-01  1.477840e-01
  3.596000e-01  1.548220e-01
  3.503000e-01  1.477845e-01
  3.412000e-01  1.425060e-01
  3.324000e-01  1.372280e-01
  3.238000e-01  1.196350e-01
  3.154000e-01  1.407465e-01
  3.072000e-01  1.266720e-01
  2.992000e-01  1.213935e-01
  2.915000e-01  1.829710e-01
  2.839000e-01  1.724160e-01
  2.766000e-01  1.671375e-01
  2.694000e-01  1.671355e-01
  2.624000e-01  1.759320e-01
  2.556000e-01  1.442665e-01
  2.490000e-01  1.407475e-01
  2.426000e-01  1.249125e-01
  2.363000e-01  1.249135e-01
  2.302000e-01  1.038016e-01
  2.242000e-01  1.196350e-01
  2.184000e-01  9.852310e-02
  2.127000e-01  7.917041e-02
  2.072000e-01  9.676340e-02
  2.019000e-01  7.037380e-02
  1.966000e-01  6.861465e-02
  1.915000e-01  7.213309e-02
  1.866000e-01  8.972611e-02
  1.817000e-01  5.805850e-02
  1.770000e-01  7.389300e-02
  1.725000e-01  7.565125e-02
  1.680000e-01  8.444850e-02
  1.636000e-01  7.389270e-02
  1.594000e-01  6.685500e-02
  1.553000e-01  7.389200e-02
  1.512000e-01  4.926185e-02
  1.473000e-01  6.333610e-02
  1.435000e-01  4.926185e-02
  1.398000e-01  5.805825e-02
  1.362000e-01  4.750240e-02
  1.326000e-01  3.870560e-02
  1.292000e-01  4.398385e-02
  1.259000e-01  1.935280e-02
  1.226000e-01  2.814960e-02
  1.194000e-01  3.518665e-02
  1.163000e-01  4.574310e-02
  1.133000e-01  1.759350e-02
  1.104000e-01  1.583415e-02
  1.075000e-01  1.407480e-02
  1.047000e-01  1.935285e-02
  1.020000e-01  1.231545e-02
  9.940000e-02  1.055610e-02
  9.680000e-02  1.583410e-02
  9.430000e-02  7.037400e-03
  9.190000e-02  1.231545e-02
  8.950000e-02  8.796750e-03
  8.720000e-02  5.278050e-03
  8.490000e-02  5.278050e-03
  8.270000e-02  3.518700e-03
  8.060000e-02  3.518700e-03
  7.850000e-02  3.518700e-03
  7.640000e-02  3.518700e-03
  7.450000e-02  7.037400e-03
  7.250000e-02  0.000000e+00
  7.070000e-02  5.278050e-03
  6.880000e-02  3.518700e-03
  6.700000e-02  3.518700e-03
  6.530000e-02  0.000000e+00
  6.360000e-02  1.759350e-03
  6.200000e-02  1.759350e-03
  6.040000e-02  1.759350e-03
  5.880000e-02  0.000000e+00
  5.730000e-02  0.000000e+00
  5.580000e-02  1.759350e-03
  5.430000e-02  0.000000e+00
  5.290000e-02  0.000000e+00
  5.160000e-02  0.000000e+00
  5.020000e-02  0.000000e+00
  4.890000e-02  0.000000e+00
  4.770000e-02  0.000000e+00
  4.640000e-02  1.759350e-03
  4.520000e-02  0.000000e+00
  4.410000e-02  0.000000e+00
  4.290000e-02  0.000000e+00
  4.180000e-02  0.000000e+00
  4.070000e-02  0.000000e+00
  3.970000e-02  0.000000e+00
  3.860000e-02  0.000000e+00
  3.760000e-02  0.000000e+00
  3.670000e-02  0.000000e+00
  3.570000e-02  0.000000e+00
  3.480000e-02  0.000000e+00
  3.390000e-02  1.759350e-03
  3.300000e-02  0.000000e+00
  3.220000e-02  0.000000e+00
  3.130000e-02  0.000000e+00
  3.050000e-02  1.759350e-03
  2.970000e-02  0.000000e+00
  2.890000e-02  0.000000e+00
  2.820000e-02  0.000000e+00
  2.750000e-02  0.000000e+00
  2.680000e-02  0.000000e+00
  2.610000e-02  1.759350e-03
  2.540000e-02  0.000000e+00
  2.470000e-02  0.000000e+00
  2.410000e-02  0.000000e+00
  2.350000e-02  0.000000e+00
  2.290000e-02  0.000000e+00
  2.230000e-02  0.000000e+00
  2.170000e-02  0.000000e+00
  2.110000e-02  0.000000e+00
  2.060000e-02  0.000000e+00
  2.000000e-02  0.000000e+00
  1.950000e-02  0.000000e+00
  1.900000e-02  0.000000e+00
  1.850000e-02  0.000000e+00
  1.800000e-02  0.000000e+00
  1.760000e-02  1.759350e-03
  1.710000e-02  0.000000e+00
  1.670000e-02  0.000000e+00
  1.630000e-02  1.759350e-03
  1.580000e-02  0.000000e+00
  1.540000e-02  0.000000e+00
  1.500000e-02  0.000000e+00
  1.460000e-02  0.000000e+00
  1.430000e-02  0.000000e+00
  1.390000e-02  0.000000e+00
  1.350000e-02  0.000000e+00
  1.320000e-02  0.000000e+00
  1.280000e-02  0.000000e+00
  1.250000e-02  0.000000e+00
  1.220000e-02  0.000000e+00
  1.190000e-02  0.000000e+00
  1.160000e-02  0.000000e+00
  1.130000e-02  0.000000e+00
  1.100000e-02  7.547570e-01
  1.070000e-02  1.113660e+00
  1.040000e-02  9.922635e-01
  1.010000e-02  5.455700e+00
