  4.934820e+03  2.491800e-02
  4.806990e+03  0.000000e+00
  4.682470e+03  0.000000e+00
  4.561180e+03  0.000000e+00
  4.443030e+03  0.000000e+00
  4.327940e+03  6.229500e-03
  4.215830e+03  0.000000e+00
  4.106630e+03  0.000000e+00
  4.000250e+03  0.000000e+00
  3.896630e+03  0.000000e+00
  3.795700e+03  0.000000e+00
  3.697380e+03  0.000000e+00
  3.601600e+03  6.229500e-03
  3.508310e+03  0.000000e+00
  3.417430e+03  6.229500e-03
  3.328910e+03  1.245900e-02
  3.242680e+03  0.000000e+00
  3.158680e+03  0.000000e+00
  3.076860e+03  6.229500e-03
  2.997160e+03  6.229500e-03
  2.919530e+03  6.229500e-03
  2.843900e+03  1.868850e-02
  2.770230e+03  0.000000e+00
  2.698480e+03  1.245900e-02
  2.628580e+03  1.868850e-02
  2.560490e+03  1.868850e-02
  2.494160e+03  2.491800e-02
  2.429550e+03  2.491800e-02
  2.366620e+03  1.245900e-02
  2.305320e+03  2.491800e-02
  2.245600e+03  1.245900e-02
  2.187430e+03  1.868850e-02
  2.130770e+03  2.491800e-02
  2.075580e+03  4.360650e-02
  2.021810e+03  1.245900e-02
  1.969440e+03  5.606550e-02
  1.918430e+03  1.868850e-02
  1.868730e+03  3.114750e-02
  1.820330e+03  3.114750e-02
  1.773170e+03  1.868850e-02
  1.727240e+03  3.737700e-02
  1.682500e+03  8.721350e-02
  1.638920e+03  4.983600e-02
  1.596470e+03  5.606600e-02
  1.555110e+03  8.098350e-02
  1.514830e+03  8.721300e-02
  1.475590e+03  7.475450e-02
  1.437370e+03  3.114750e-02
  1.400140e+03  9.344301e-02
  1.363870e+03  1.245915e-01
  1.328540e+03  1.432795e-01
  1.294120e+03  1.806565e-01
  1.260600e+03  1.495085e-01
  1.227950e+03  1.619685e-01
  1.196140e+03  1.245910e-01
  1.165160e+03  2.429550e-01
  1.134980e+03  1.744280e-01
  1.105580e+03  2.491835e-01
  1.076940e+03  3.301680e-01
  1.049040e+03  3.550870e-01
  1.021870e+03  2.865615e-01
  9.953980e+02  2.990190e-01
  9.696140e+02  4.796785e-01
  9.444970e+02  4.298420e-01
  9.200320e+02  5.980405e-01
  8.962000e+02  6.603365e-01
  8.729850e+02  6.914810e-01
  8.503720e+02  5.419720e-01
  8.283450e+02  9.967345e-01
  8.068880e+02  9.593470e-01
  7.859870e+02  9.157440e-01
  7.656270e+02  1.220995e+00
  7.457950e+02  1.270830e+00
  7.264760e+02  1.495110e+00
  7.076580e+02  1.781670e+00
  6.893270e+02  1.756755e+00
  6.714710e+02  2.062005e+00
  6.540780e+02  2.454460e+00
  6.371350e+02  2.809540e+00
  6.206310e+02  3.027580e+00
  6.045550e+02  3.544640e+00
  5.888950e+02  4.061690e+00
  5.736410e+02  4.130215e+00
  5.587810e+02  4.684655e+00
  5.443070e+02  5.145645e+00
  5.302080e+02  6.105000e+00
  5.164740e+02  6.497465e+00
  5.030950e+02  7.438135e+00
  4.900630e+02  8.665370e+00
  4.773690e+02  9.556225e+00
  4.650040e+02  1.058410e+01
  4.529580e+02  1.173035e+01
  4.412250e+02  1.345595e+01
  4.297960e+02  1.511310e+01
  4.186630e+02  1.648975e+01
  4.078180e+02  1.863270e+01
  3.972540e+02  2.070090e+01
  3.869640e+02  2.332365e+01
  3.769400e+02  2.521115e+01
  3.671770e+02  2.963420e+01
  3.576650e+02  3.206360e+01
  3.484010e+02  3.598205e+01
  3.393760e+02  4.078505e+01
  3.305850e+02  4.480945e+01
  3.220220e+02  5.061540e+01
  3.136800e+02  5.566750e+01
  3.055550e+02  6.129915e+01
  2.976400e+02  6.760345e+01
  2.899300e+02  7.780135e+01
  2.824200e+02  8.504010e+01
  2.751040e+02  9.341270e+01
  2.679780e+02  1.041655e+02
  2.610370e+02  1.147430e+02
  2.542750e+02  1.274065e+02
  2.476890e+02  1.397290e+02
  2.412730e+02  1.565745e+02
  2.350230e+02  1.732520e+02
  2.289350e+02  1.920200e+02
  2.230050e+02  2.109960e+02
  2.172280e+02  2.348190e+02
  2.116010e+02  2.591875e+02
  2.061200e+02  2.864675e+02
  2.007810e+02  3.116900e+02
  1.955800e+02  3.461665e+02
  1.905140e+02  3.836625e+02
  1.855790e+02  4.274370e+02
  1.807720e+02  4.647595e+02
  1.760890e+02  5.150620e+02
  1.715280e+02  5.598350e+02
  1.670850e+02  6.166795e+02
  1.627570e+02  6.691145e+02
  1.585410e+02  7.262465e+02
  1.544340e+02  7.852455e+02
  1.504340e+02  8.505315e+02
  1.465370e+02  9.171380e+02
  1.427410e+02  9.860785e+02
  1.390440e+02  1.063785e+03
  1.354420e+02  1.139225e+03
  1.319340e+02  1.210590e+03
  1.285160e+02  1.298380e+03
  1.251870e+02  1.381315e+03
  1.219440e+02  1.473120e+03
  1.187850e+02  1.562645e+03
  1.157090e+02  1.665465e+03
  1.127110e+02  1.759785e+03
  1.097920e+02  1.864710e+03
  1.069480e+02  1.973030e+03
  1.041770e+02  2.085885e+03
  1.014790e+02  2.192630e+03
  9.885030e+01  2.310250e+03
  9.628970e+01  2.440085e+03
  9.379550e+01  2.563320e+03
  9.136590e+01  2.681345e+03
  8.899920e+01  2.804100e+03
  8.669380e+01  2.920625e+03
  8.444820e+01  3.049050e+03
  8.226070e+01  3.173705e+03
  8.012980e+01  3.300675e+03
  7.805420e+01  3.414930e+03
  7.603240e+01  3.536290e+03
  7.406290e+01  3.635500e+03
  7.214440e+01  3.740990e+03
  7.027560e+01  3.843740e+03
  6.845520e+01  3.915895e+03
  6.668200e+01  3.997155e+03
  6.495470e+01  4.045280e+03
  6.327220e+01  4.063210e+03
  6.163320e+01  4.046735e+03
  6.003670e+01  4.031110e+03
  5.848160e+01  3.995485e+03
  5.696670e+01  3.934875e+03
  5.549110e+01  3.893935e+03
  5.405370e+01  3.824980e+03
  5.265350e+01  3.752780e+03
  5.128960e+01  3.669695e+03
  4.996100e+01  3.576400e+03
  4.866690e+01  3.441960e+03
  4.740620e+01  3.301540e+03
  4.617830e+01  3.142745e+03
  4.498210e+01  2.972565e+03
  4.381690e+01  2.830750e+03
  4.268190e+01  2.689855e+03
  4.157630e+01  2.544965e+03
  4.049930e+01  2.406540e+03
  3.945030e+01  2.293485e+03
  3.842840e+01  2.182170e+03
  3.743290e+01  2.069220e+03
  3.646330e+01  1.960620e+03
  3.551880e+01  1.869020e+03
  3.459870e+01  1.762725e+03
  3.370250e+01  1.657910e+03
  3.282950e+01  1.557125e+03
  3.197910e+01  1.452385e+03
  3.115070e+01  1.355615e+03
  3.034380e+01  1.264180e+03
  2.955780e+01  1.174015e+03
  2.879220e+01  1.080910e+03
  2.804640e+01  9.895275e+02
  2.731990e+01  8.998900e+02
  2.661220e+01  8.228965e+02
  2.592290e+01  7.374660e+02
  2.525140e+01  6.590725e+02
  2.459730e+01  5.897430e+02
  2.396010e+01  5.197225e+02
  2.333950e+01  4.515015e+02
  2.273490e+01  3.969375e+02
  2.214600e+01  3.324170e+02
  2.157230e+01  2.830475e+02
  2.101350e+01  2.331620e+02
  2.046920e+01  1.932730e+02
  1.993900e+01  1.575025e+02
  1.942250e+01  1.278940e+02
  1.891940e+01  1.085565e+02
  1.842930e+01  9.712579e+01
  1.795200e+01  8.853481e+01
  1.748690e+01  8.669090e+01
  1.703400e+01  8.510229e+01
  1.659270e+01  8.841655e+01
  1.616290e+01  9.367430e+01
  1.574430e+01  9.865795e+01
  1.533640e+01  9.997780e+01
  1.493920e+01  1.030325e+02
  1.455220e+01  9.852720e+01
  1.417520e+01  8.599335e+01
  1.380800e+01  6.526115e+01
  1.345040e+01  4.243605e+01
  1.310200e+01  2.448220e+01
  1.276260e+01  1.469565e+01
  1.243200e+01  7.618785e+00
  1.211000e+01  3.980715e+00
  1.179630e+01  2.348560e+00
  1.149070e+01  1.220995e+00
  1.119310e+01  7.413185e-01
  1.090310e+01  5.980390e-01
  1.062070e+01  3.924630e-01
  1.034560e+01  3.301685e-01
  1.007760e+01  1.931165e-01
  9.816600e+00  1.806570e-01
  9.562300e+00  1.245900e-01
  9.314600e+00  1.681975e-01
  9.073300e+00  2.367240e-01
  8.838300e+00  4.173825e-01
  8.609300e+00  8.285315e-01
  8.386300e+00  1.688230e+00
  8.169100e+00  3.008885e+00
  7.957500e+00  6.080080e+00
  7.751400e+00  9.381795e+00
  7.550600e+00  1.414125e+01
  7.355000e+00  1.529365e+01
  7.164500e+00  1.406015e+01
  6.978900e+00  1.308845e+01
  6.798100e+00  1.187985e+01
  6.622000e+00  9.799191e+00
  6.450500e+00  9.051600e+00
  6.283400e+00  7.824370e+00
  6.120600e+00  6.709270e+00
  5.962100e+00  6.123685e+00
  5.807600e+00  5.955485e+00
  5.657200e+00  5.519410e+00
  5.510700e+00  5.606635e+00
  5.367900e+00  5.301385e+00
  5.228900e+00  4.597430e+00
  5.093400e+00  4.136460e+00
  4.961500e+00  3.656770e+00
  4.833000e+00  3.289225e+00
  4.707800e+00  3.052500e+00
  4.585800e+00  2.666265e+00
  4.467100e+00  2.398405e+00
  4.351300e+00  2.136755e+00
  4.238600e+00  1.806585e+00
  4.128800e+00  1.875105e+00
  4.021900e+00  2.199060e+00
  3.917700e+00  1.762985e+00
  3.816200e+00  1.196075e+00
  3.717400e+00  1.239685e+00
  3.621100e+00  1.140005e+00
  3.527300e+00  9.468920e-01
  3.435900e+00  8.534490e-01
  3.346900e+00  7.849260e-01
  3.260200e+00  4.734500e-01
  3.175800e+00  4.298425e-01
  3.093500e+00  2.927905e-01
  3.013400e+00  2.678720e-01
  2.935300e+00  2.055760e-01
  2.859300e+00  2.678705e-01
  2.785200e+00  3.986925e-01
  2.713100e+00  4.983675e-01
  2.642800e+00  3.986930e-01
  2.574300e+00  4.111540e-01
  2.507600e+00  4.360720e-01
  2.442700e+00  4.734495e-01
  2.379400e+00  3.924645e-01
  2.317800e+00  3.986965e-01
  2.257700e+00  3.301690e-01
  2.199300e+00  4.173845e-01
  2.142300e+00  3.488570e-01
  2.086800e+00  3.114795e-01
  2.032700e+00  2.990180e-01
  1.980100e+00  3.363985e-01
  1.928800e+00  2.367230e-01
  1.878800e+00  2.180355e-01
  1.830200e+00  2.429545e-01
  1.782800e+00  4.423025e-01
  1.736600e+00  2.616425e-01
  1.691600e+00  2.304935e-01
  1.647800e+00  3.052505e-01
  1.605100e+00  2.491830e-01
  1.563500e+00  1.557395e-01
  1.523000e+00  2.367240e-01
  1.483600e+00  1.806570e-01
  1.445100e+00  1.806575e-01
  1.407700e+00  1.681980e-01
  1.371200e+00  1.308205e-01
  1.335700e+00  1.681980e-01
  1.301100e+00  1.744275e-01
  1.267400e+00  1.495090e-01
  1.234600e+00  1.744260e-01
  1.202600e+00  1.557390e-01
  1.171500e+00  1.681990e-01
  1.141100e+00  1.495090e-01
  1.111600e+00  2.678735e-01
  1.082800e+00  1.993455e-01
  1.054700e+00  1.744285e-01
  1.027400e+00  1.868870e-01
  1.000800e+00  1.308200e-01
  9.749000e-01  1.868875e-01
  9.496000e-01  2.678725e-01
  9.250000e-01  2.118050e-01
  9.010000e-01  2.304935e-01
  8.777000e-01  2.678735e-01
  8.550000e-01  1.744280e-01
  8.328000e-01  2.554125e-01
  8.113000e-01  2.367235e-01
  7.902000e-01  3.239395e-01
  7.698000e-01  3.052500e-01
  7.498000e-01  3.550870e-01
  7.304000e-01  3.550860e-01
  7.115000e-01  3.177090e-01
  6.931000e-01  3.363965e-01
  6.751000e-01  8.223020e-01
  6.576000e-01  1.096400e+00
  6.406000e-01  1.395430e+00
  6.240000e-01  5.855825e-01
  6.078000e-01  4.796775e-01
  5.921000e-01  5.170550e-01
  5.767000e-01  4.609900e-01
  5.618000e-01  4.609915e-01
  5.472000e-01  5.544345e-01
  5.331000e-01  6.603330e-01
  5.193000e-01  6.541055e-01
  5.058000e-01  7.288595e-01
  4.927000e-01  7.786945e-01
  4.799000e-01  6.105000e-01
  4.675000e-01  6.167290e-01
  4.554000e-01  7.288575e-01
  4.436000e-01  7.413185e-01
  4.321000e-01  7.973845e-01
  4.209000e-01  6.603360e-01
  4.100000e-01  7.911560e-01
  3.994000e-01  1.083940e+00
  3.891000e-01  9.718055e-01
  3.790000e-01  9.282070e-01
  3.692000e-01  8.285315e-01
  3.596000e-01  9.967280e-01
  3.503000e-01  8.409910e-01
  3.412000e-01  9.219700e-01
  3.324000e-01  7.164025e-01
  3.238000e-01  8.160730e-01
  3.154000e-01  9.157420e-01
  3.072000e-01  8.160725e-01
  2.992000e-01  9.780490e-01
  2.915000e-01  1.320665e+00
  2.839000e-01  1.202305e+00
  2.766000e-01  1.115090e+00
  2.694000e-01  1.252145e+00
  2.624000e-01  1.002956e+00
  2.556000e-01  1.040339e+00
  2.490000e-01  9.718059e-01
  2.426000e-01  1.027874e+00
  2.363000e-01  8.659105e-01
  2.302000e-01  7.600065e-01
  2.242000e-01  6.229585e-01
  2.184000e-01  5.918105e-01
  2.127000e-01  6.104980e-01
  2.072000e-01  3.986945e-01
  2.019000e-01  5.108255e-01
  1.966000e-01  3.239390e-01
  1.915000e-01  3.800060e-01
  1.866000e-01  2.554125e-01
  1.817000e-01  3.177090e-01
  1.770000e-01  1.868870e-01
  1.725000e-01  2.429540e-01
  1.680000e-01  1.681990e-01
  1.636000e-01  1.121310e-01
  1.594000e-01  1.868870e-01
  1.553000e-01  1.308200e-01
  1.512000e-01  9.967200e-02
  1.473000e-01  1.183610e-01
  1.435000e-01  7.475400e-02
  1.398000e-01  8.721350e-02
  1.362000e-01  7.475400e-02
  1.326000e-01  8.098400e-02
  1.292000e-01  4.360650e-02
  1.259000e-01  8.721300e-02
  1.226000e-01  6.852450e-02
  1.194000e-01  2.491800e-02
  1.163000e-01  3.737700e-02
  1.133000e-01  3.114750e-02
  1.104000e-01  1.868850e-02
  1.075000e-01  3.114750e-02
  1.047000e-01  1.245900e-02
  1.020000e-01  3.737700e-02
  9.940000e-02  6.229500e-03
  9.680000e-02  6.229500e-03
  9.430000e-02  2.491800e-02
  9.190000e-02  0.000000e+00
  8.950000e-02  1.868850e-02
  8.720000e-02  2.491800e-02
  8.490000e-02  0.000000e+00
  8.270000e-02  0.000000e+00
  8.060000e-02  0.000000e+00
  7.850000e-02  0.000000e+00
  7.640000e-02  6.229500e-03
  7.450000e-02  6.229500e-03
  7.250000e-02  6.229500e-03
  7.070000e-02  1.245900e-02
  6.880000e-02  0.000000e+00
  6.700000e-02  0.000000e+00
  6.530000e-02  1.245900e-02
  6.360000e-02  1.245900e-02
  6.200000e-02  0.000000e+00
  6.040000e-02  0.000000e+00
  5.880000e-02  0.000000e+00
  5.730000e-02  6.229500e-03
  5.580000e-02  6.229500e-03
  5.430000e-02  0.000000e+00
  5.290000e-02  6.229500e-03
  5.160000e-02  0.000000e+00
  5.020000e-02  0.000000e+00
  4.890000e-02  0.000000e+00
  4.770000e-02  6.229500e-03
  4.640000e-02  0.000000e+00
  4.520000e-02  0.000000e+00
  4.410000e-02  0.000000e+00
  4.290000e-02  0.000000e+00
  4.180000e-02  0.000000e+00
  4.070000e-02  6.229500e-03
  3.970000e-02  0.000000e+00
  3.860000e-02  0.000000e+00
  3.760000e-02  0.000000e+00
  3.670000e-02  1.245900e-02
  3.570000e-02  0.000000e+00
  3.480000e-02  0.000000e+00
  3.390000e-02  0.000000e+00
  3.300000e-02  1.245900e-02
  3.220000e-02  0.000000e+00
  3.130000e-02  0.000000e+00
  3.050000e-02  0.000000e+00
  2.970000e-02  0.000000e+00
  2.890000e-02  0.000000e+00
  2.820000e-02  6.229500e-03
  2.750000e-02  6.229500e-03
  2.680000e-02  6.229500e-03
  2.610000e-02  0.000000e+00
  2.540000e-02  0.000000e+00
  2.470000e-02  0.000000e+00
  2.410000e-02  0.000000e+00
  2.350000e-02  0.000000e+00
  2.290000e-02  0.000000e+00
  2.230000e-02  0.000000e+00
  2.170000e-02  0.000000e+00
  2.110000e-02  0.000000e+00
  2.060000e-02  0.000000e+00
  2.000000e-02  6.229500e-03
  1.950000e-02  0.000000e+00
  1.900000e-02  0.000000e+00
  1.850000e-02  0.000000e+00
  1.800000e-02  0.000000e+00
  1.760000e-02  0.000000e+00
  1.710000e-02  0.000000e+00
  1.670000e-02  0.000000e+00
  1.630000e-02  0.000000e+00
  1.580000e-02  6.229500e-03
  1.540000e-02  0.000000e+00
  1.500000e-02  0.000000e+00
  1.460000e-02  0.000000e+00
  1.430000e-02  0.000000e+00
  1.390000e-02  0.000000e+00
  1.350000e-02  0.000000e+00
  1.320000e-02  0.000000e+00
  1.280000e-02  0.000000e+00
  1.250000e-02  0.000000e+00
  1.220000e-02  0.000000e+00
  1.190000e-02  0.000000e+00
  1.160000e-02  0.000000e+00
  1.130000e-02  0.000000e+00
  1.100000e-02  0.000000e+00
  1.070000e-02  0.000000e+00
  1.040000e-02  0.000000e+00
  1.010000e-02  0.000000e+00
