  4.934820e+03  1.307005e-02
  4.806990e+03  2.178350e-03
  4.682470e+03  4.356650e-03
  4.561180e+03  2.178350e-03
  4.443030e+03  2.178350e-03
  4.327940e+03  2.178350e-03
  4.215830e+03  0.000000e+00
  4.106630e+03  0.000000e+00
  4.000250e+03  2.178350e-03
  3.896630e+03  8.713400e-03
  3.795700e+03  4.356700e-03
  3.697380e+03  2.178350e-03
  3.601600e+03  1.089170e-02
  3.508310e+03  0.000000e+00
  3.417430e+03  0.000000e+00
  3.328910e+03  4.356700e-03
  3.242680e+03  6.535050e-03
  3.158680e+03  2.178350e-03
  3.076860e+03  8.713400e-03
  2.997160e+03  8.713400e-03
  2.919530e+03  6.535050e-03
  2.843900e+03  1.524835e-02
  2.770230e+03  1.307010e-02
  2.698480e+03  1.089175e-02
  2.628580e+03  4.356700e-03
  2.560490e+03  1.524835e-02
  2.494160e+03  1.960510e-02
  2.429550e+03  1.524845e-02
  2.366620e+03  1.742675e-02
  2.305320e+03  8.713350e-03
  2.245600e+03  2.396180e-02
  2.187430e+03  2.396180e-02
  2.130770e+03  3.703185e-02
  2.075580e+03  1.307000e-02
  2.021810e+03  2.396175e-02
  1.969440e+03  3.267505e-02
  1.918430e+03  4.574520e-02
  1.868730e+03  5.881520e-02
  1.820330e+03  3.920990e-02
  1.773170e+03  5.445855e-02
  1.727240e+03  5.663690e-02
  1.682500e+03  7.624200e-02
  1.638920e+03  8.931190e-02
  1.596470e+03  7.188520e-02
  1.555110e+03  6.970700e-02
  1.514830e+03  8.495501e-02
  1.475590e+03  1.198078e-01
  1.437370e+03  1.154522e-01
  1.400140e+03  1.307005e-01
  1.363870e+03  1.590185e-01
  1.328540e+03  1.437700e-01
  1.294120e+03  1.960500e-01
  1.260600e+03  1.372350e-01
  1.227950e+03  1.960500e-01
  1.196140e+03  2.134775e-01
  1.165160e+03  2.461515e-01
  1.134980e+03  2.918960e-01
  1.105580e+03  2.788265e-01
  1.076940e+03  3.463555e-01
  1.049040e+03  3.921005e-01
  1.021870e+03  4.313090e-01
  9.953980e+02  4.726985e-01
  9.696140e+02  5.249795e-01
  9.444970e+02  6.121125e-01
  9.200320e+02  6.818171e-01
  8.962000e+02  7.950885e-01
  8.729850e+02  8.081650e-01
  8.503720e+02  9.562940e-01
  8.283450e+02  1.054310e+00
  8.068880e+02  1.230750e+00
  7.859870e+02  1.503050e+00
  7.656270e+02  1.625025e+00
  7.457950e+02  1.873360e+00
  7.264760e+02  2.054160e+00
  7.076580e+02  2.213180e+00
  6.893270e+02  2.526860e+00
  6.714710e+02  2.803505e+00
  6.540780e+02  3.352450e+00
  6.371350e+02  3.679210e+00
  6.206310e+02  4.191120e+00
  6.045550e+02  4.661640e+00
  5.888950e+02  5.225825e+00
  5.736410e+02  5.977345e+00
  5.587810e+02  6.556790e+00
  5.443070e+02  7.303950e+00
  5.302080e+02  8.236275e+00
  5.164740e+02  9.214355e+00
  5.030950e+02  1.016625e+01
  4.900630e+02  1.135125e+01
  4.773690e+02  1.296755e+01
  4.650040e+02  1.426375e+01
  4.529580e+02  1.598685e+01
  4.412250e+02  1.808010e+01
  4.297960e+02  2.020625e+01
  4.186630e+02  2.233015e+01
  4.078180e+02  2.527095e+01
  3.972540e+02  2.749060e+01
  3.869640e+02  3.109140e+01
  3.769400e+02  3.502325e+01
  3.671770e+02  3.880040e+01
  3.576650e+02  4.282610e+01
  3.484010e+02  4.809115e+01
  3.393760e+02  5.410125e+01
  3.305850e+02  5.944675e+01
  3.220220e+02  6.580960e+01
  3.136800e+02  7.290450e+01
  3.055550e+02  8.101450e+01
  2.976400e+02  9.006335e+01
  2.899300e+02  9.912891e+01
  2.824200e+02  1.100055e+02
  2.751040e+02  1.225250e+02
  2.679780e+02  1.350320e+02
  2.610370e+02  1.483255e+02
  2.542750e+02  1.647185e+02
  2.476890e+02  1.828865e+02
  2.412730e+02  2.005385e+02
  2.350230e+02  2.228375e+02
  2.289350e+02  2.456275e+02
  2.230050e+02  2.705400e+02
  2.172280e+02  2.976925e+02
  2.116010e+02  3.241470e+02
  2.061200e+02  3.552210e+02
  2.007810e+02  3.912700e+02
  1.955800e+02  4.289870e+02
  1.905140e+02  4.713535e+02
  1.855790e+02  5.189505e+02
  1.807720e+02  5.683895e+02
  1.760890e+02  6.201440e+02
  1.715280e+02  6.709310e+02
  1.670850e+02  7.310035e+02
  1.627570e+02  7.861570e+02
  1.585410e+02  8.465795e+02
  1.544340e+02  9.086740e+02
  1.504340e+02  9.740215e+02
  1.465370e+02  1.042745e+03
  1.427410e+02  1.110705e+03
  1.390440e+02  1.182960e+03
  1.354420e+02  1.254375e+03
  1.319340e+02  1.321810e+03
  1.285160e+02  1.393290e+03
  1.251870e+02  1.467895e+03
  1.219440e+02  1.544400e+03
  1.187850e+02  1.617015e+03
  1.157090e+02  1.690320e+03
  1.127110e+02  1.764710e+03
  1.097920e+02  1.833560e+03
  1.069480e+02  1.905365e+03
  1.041770e+02  1.971360e+03
  1.014790e+02  2.034440e+03
  9.885030e+01  2.098485e+03
  9.628970e+01  2.152090e+03
  9.379550e+01  2.193425e+03
  9.136590e+01  2.236690e+03
  8.899920e+01  2.268005e+03
  8.669380e+01  2.282575e+03
  8.444820e+01  2.303275e+03
  8.226070e+01  2.301440e+03
  8.012980e+01  2.288540e+03
  7.805420e+01  2.262995e+03
  7.603240e+01  2.230725e+03
  7.406290e+01  2.181650e+03
  7.214440e+01  2.112195e+03
  7.027560e+01  2.040285e+03
  6.845520e+01  1.945160e+03
  6.668200e+01  1.846275e+03
  6.495470e+01  1.734175e+03
  6.327220e+01  1.631155e+03
  6.163320e+01  1.525285e+03
  6.003670e+01  1.419625e+03
  5.848160e+01  1.319430e+03
  5.696670e+01  1.222265e+03
  5.549110e+01  1.129905e+03
  5.405370e+01  1.015870e+03
  5.265350e+01  8.972900e+02
  5.128960e+01  7.910460e+02
  4.996100e+01  6.844445e+02
  4.866690e+01  5.745325e+02
  4.740620e+01  4.817755e+02
  4.617830e+01  3.986190e+02
  4.498210e+01  3.279785e+02
  4.381690e+01  2.850530e+02
  4.268190e+01  2.485195e+02
  4.157630e+01  2.143640e+02
  4.049930e+01  1.850205e+02
  3.945030e+01  1.598010e+02
  3.842840e+01  1.428775e+02
  3.743290e+01  1.259470e+02
  3.646330e+01  1.111620e+02
  3.551880e+01  9.792935e+01
  3.459870e+01  8.497470e+01
  3.370250e+01  7.158005e+01
  3.282950e+01  6.010035e+01
  3.197910e+01  5.160920e+01
  3.115070e+01  4.283050e+01
  3.034380e+01  3.576180e+01
  2.955780e+01  2.896325e+01
  2.879220e+01  2.375050e+01
  2.804640e+01  1.856155e+01
  2.731990e+01  1.516120e+01
  2.661220e+01  1.194810e+01
  2.592290e+01  9.231750e+00
  2.525140e+01  6.763730e+00
  2.459730e+01  5.278105e+00
  2.396010e+01  3.840400e+00
  2.333950e+01  2.908070e+00
  2.273490e+01  2.180515e+00
  2.214600e+01  1.535725e+00
  2.157230e+01  1.097880e+00
  2.101350e+01  7.907345e-01
  2.046920e+01  5.576525e-01
  1.993900e+01  3.550690e-01
  1.942250e+01  2.788260e-01
  1.891940e+01  1.764450e-01
  1.842930e+01  1.437700e-01
  1.795200e+01  1.307005e-01
  1.748690e+01  8.277645e-02
  1.703400e+01  1.198090e-01
  1.659270e+01  7.842015e-02
  1.616290e+01  1.110955e-01
  1.574430e+01  1.219874e-01
  1.533640e+01  1.219870e-01
  1.493920e+01  1.176295e-01
  1.455220e+01  1.219865e-01
  1.417520e+01  7.406350e-02
  1.380800e+01  5.663670e-02
  1.345040e+01  4.792335e-02
  1.310200e+01  3.485340e-02
  1.276260e+01  2.614010e-02
  1.243200e+01  4.356700e-03
  1.211000e+01  1.960510e-02
  1.179630e+01  4.356700e-03
  1.149070e+01  3.485335e-02
  1.119310e+01  4.356700e-03
  1.090310e+01  1.524840e-02
  1.062070e+01  1.524840e-02
  1.034560e+01  1.524845e-02
  1.007760e+01  6.535050e-03
  9.816600e+00  1.960525e-02
  9.562300e+00  1.307010e-02
  9.314600e+00  1.742675e-02
  9.073300e+00  2.831840e-02
  8.838300e+00  1.307005e-02
  8.609300e+00  4.138855e-02
  8.386300e+00  3.703165e-02
  8.169100e+00  5.663665e-02
  7.957500e+00  9.802520e-02
  7.751400e+00  1.350565e-01
  7.550600e+00  1.938725e-01
  7.355000e+00  2.178335e-01
  7.164500e+00  2.330815e-01
  6.978900e+00  1.895150e-01
  6.798100e+00  2.309030e-01
  6.622000e+00  2.178335e-01
  6.450500e+00  2.113000e-01
  6.283400e+00  2.940745e-01
  6.120600e+00  2.483305e-01
  5.962100e+00  2.069415e-01
  5.807600e+00  2.417955e-01
  5.657200e+00  2.374400e-01
  5.510700e+00  2.439735e-01
  5.367900e+00  2.330825e-01
  5.228900e+00  2.156550e-01
  5.093400e+00  3.006105e-01
  4.961500e+00  2.592220e-01
  4.833000e+00  2.483300e-01
  4.707800e+00  2.548650e-01
  4.585800e+00  2.570435e-01
  4.467100e+00  2.505070e-01
  4.351300e+00  2.417950e-01
  4.238600e+00  2.657565e-01
  4.128800e+00  2.766480e-01
  4.021900e+00  3.485330e-01
  3.917700e+00  2.918970e-01
  3.816200e+00  2.831835e-01
  3.717400e+00  2.613995e-01
  3.621100e+00  3.245715e-01
  3.527300e+00  2.722920e-01
  3.435900e+00  3.049670e-01
  3.346900e+00  2.635780e-01
  3.260200e+00  2.614000e-01
  3.175800e+00  2.069415e-01
  3.093500e+00  1.568405e-01
  3.013400e+00  1.459490e-01
  2.935300e+00  1.481265e-01
  2.859300e+00  2.134780e-01
  2.785200e+00  2.570430e-01
  2.713100e+00  2.635780e-01
  2.642800e+00  3.049670e-01
  2.574300e+00  2.352600e-01
  2.507600e+00  2.483295e-01
  2.442700e+00  3.027885e-01
  2.379400e+00  2.875400e-01
  2.317800e+00  2.766485e-01
  2.257700e+00  2.526865e-01
  2.199300e+00  3.158590e-01
  2.142300e+00  2.875400e-01
  2.086800e+00  2.417955e-01
  2.032700e+00  2.570435e-01
  1.980100e+00  2.396170e-01
  1.928800e+00  2.200120e-01
  1.878800e+00  1.720885e-01
  1.830200e+00  2.025850e-01
  1.782800e+00  2.940745e-01
  1.736600e+00  2.287250e-01
  1.691600e+00  2.548645e-01
  1.647800e+00  1.764455e-01
  1.605100e+00  2.091200e-01
  1.563500e+00  1.699095e-01
  1.523000e+00  2.047630e-01
  1.483600e+00  1.459480e-01
  1.445100e+00  1.394135e-01
  1.407700e+00  1.503055e-01
  1.371200e+00  1.198090e-01
  1.335700e+00  1.307005e-01
  1.301100e+00  1.459490e-01
  1.267400e+00  8.931179e-02
  1.234600e+00  1.241650e-01
  1.202600e+00  1.132735e-01
  1.171500e+00  1.437700e-01
  1.141100e+00  1.067390e-01
  1.111600e+00  1.045595e-01
  1.082800e+00  9.802495e-02
  1.054700e+00  1.067382e-01
  1.027400e+00  9.366885e-02
  1.000800e+00  9.584680e-02
  9.749000e-01  1.198085e-01
  9.496000e-01  8.059860e-02
  9.250000e-01  1.067385e-01
  9.010000e-01  9.802485e-02
  8.777000e-01  1.067390e-01
  8.550000e-01  1.394135e-01
  8.328000e-01  1.611965e-01
  8.113000e-01  1.045605e-01
  7.902000e-01  1.546625e-01
  7.698000e-01  1.132730e-01
  7.498000e-01  1.394130e-01
  7.304000e-01  1.263440e-01
  7.115000e-01  1.241655e-01
  6.931000e-01  1.720880e-01
  6.751000e-01  2.810050e-01
  6.576000e-01  3.550685e-01
  6.406000e-01  3.899210e-01
  6.240000e-01  1.655545e-01
  6.078000e-01  1.546615e-01
  5.921000e-01  1.198090e-01
  5.767000e-01  1.459485e-01
  5.618000e-01  1.720895e-01
  5.472000e-01  1.611975e-01
  5.331000e-01  1.764450e-01
  5.193000e-01  1.720895e-01
  5.058000e-01  1.829800e-01
  4.927000e-01  1.437705e-01
  4.799000e-01  1.633755e-01
  4.675000e-01  1.611965e-01
  4.554000e-01  1.372355e-01
  4.436000e-01  1.677320e-01
  4.321000e-01  1.590180e-01
  4.209000e-01  1.394130e-01
  4.100000e-01  1.481270e-01
  3.994000e-01  1.938720e-01
  3.891000e-01  1.655535e-01
  3.790000e-01  2.178345e-01
  3.692000e-01  1.764450e-01
  3.596000e-01  1.328785e-01
  3.503000e-01  1.307000e-01
  3.412000e-01  1.394135e-01
  3.324000e-01  1.459485e-01
  3.238000e-01  1.350565e-01
  3.154000e-01  1.328785e-01
  3.072000e-01  1.241650e-01
  2.992000e-01  1.655535e-01
  2.915000e-01  1.829805e-01
  2.839000e-01  1.851590e-01
  2.766000e-01  1.263430e-01
  2.694000e-01  1.481270e-01
  2.624000e-01  1.241655e-01
  2.556000e-01  1.372350e-01
  2.490000e-01  1.132740e-01
  2.426000e-01  9.366820e-02
  2.363000e-01  7.406335e-02
  2.302000e-01  5.881535e-02
  2.242000e-01  7.624170e-02
  2.184000e-01  6.535040e-02
  2.127000e-01  6.099340e-02
  2.072000e-01  4.574515e-02
  2.019000e-01  5.445890e-02
  1.966000e-01  4.574505e-02
  1.915000e-01  6.099315e-02
  1.866000e-01  4.356675e-02
  1.817000e-01  2.178350e-02
  1.770000e-01  2.178340e-02
  1.725000e-01  1.960505e-02
  1.680000e-01  2.614005e-02
  1.636000e-01  2.831835e-02
  1.594000e-01  2.614010e-02
  1.553000e-01  1.960510e-02
  1.512000e-01  1.307000e-02
  1.473000e-01  2.178340e-02
  1.435000e-01  1.524845e-02
  1.398000e-01  1.089175e-02
  1.362000e-01  4.356700e-03
  1.326000e-01  1.089175e-02
  1.292000e-01  1.089170e-02
  1.259000e-01  1.307010e-02
  1.226000e-01  6.535050e-03
  1.194000e-01  6.535050e-03
  1.163000e-01  4.356700e-03
  1.133000e-01  0.000000e+00
  1.104000e-01  1.307005e-02
  1.075000e-01  8.713400e-03
  1.047000e-01  2.178350e-03
  1.020000e-01  2.178350e-03
  9.940000e-02  2.178350e-03
  9.680000e-02  0.000000e+00
  9.430000e-02  0.000000e+00
  9.190000e-02  2.178350e-03
  8.950000e-02  0.000000e+00
  8.720000e-02  0.000000e+00
  8.490000e-02  2.178350e-03
  8.270000e-02  0.000000e+00
  8.060000e-02  0.000000e+00
  7.850000e-02  0.000000e+00
  7.640000e-02  0.000000e+00
  7.450000e-02  0.000000e+00
  7.250000e-02  0.000000e+00
  7.070000e-02  2.178350e-03
  6.880000e-02  0.000000e+00
  6.700000e-02  0.000000e+00
  6.530000e-02  0.000000e+00
  6.360000e-02  0.000000e+00
  6.200000e-02  0.000000e+00
  6.040000e-02  0.000000e+00
  5.880000e-02  0.000000e+00
  5.730000e-02  0.000000e+00
  5.580000e-02  0.000000e+00
  5.430000e-02  0.000000e+00
  5.290000e-02  0.000000e+00
  5.160000e-02  0.000000e+00
  5.020000e-02  0.000000e+00
  4.890000e-02  0.000000e+00
  4.770000e-02  0.000000e+00
  4.640000e-02  0.000000e+00
  4.520000e-02  0.000000e+00
  4.410000e-02  0.000000e+00
  4.290000e-02  0.000000e+00
  4.180000e-02  0.000000e+00
  4.070000e-02  0.000000e+00
  3.970000e-02  0.000000e+00
  3.860000e-02  0.000000e+00
  3.760000e-02  0.000000e+00
  3.670000e-02  0.000000e+00
  3.570000e-02  0.000000e+00
  3.480000e-02  2.178350e-03
  3.390000e-02  0.000000e+00
  3.300000e-02  0.000000e+00
  3.220000e-02  0.000000e+00
  3.130000e-02  2.178350e-03
  3.050000e-02  0.000000e+00
  2.970000e-02  0.000000e+00
  2.890000e-02  0.000000e+00
  2.820000e-02  0.000000e+00
  2.750000e-02  0.000000e+00
  2.680000e-02  0.000000e+00
  2.610000e-02  0.000000e+00
  2.540000e-02  0.000000e+00
  2.470000e-02  0.000000e+00
  2.410000e-02  0.000000e+00
  2.350000e-02  0.000000e+00
  2.290000e-02  0.000000e+00
  2.230000e-02  0.000000e+00
  2.170000e-02  0.000000e+00
  2.110000e-02  0.000000e+00
  2.060000e-02  0.000000e+00
  2.000000e-02  0.000000e+00
  1.950000e-02  0.000000e+00
  1.900000e-02  0.000000e+00
  1.850000e-02  0.000000e+00
  1.800000e-02  0.000000e+00
  1.760000e-02  0.000000e+00
  1.710000e-02  0.000000e+00
  1.670000e-02  0.000000e+00
  1.630000e-02  0.000000e+00
  1.580000e-02  0.000000e+00
  1.540000e-02  0.000000e+00
  1.500000e-02  0.000000e+00
  1.460000e-02  0.000000e+00
  1.430000e-02  0.000000e+00
  1.390000e-02  0.000000e+00
  1.350000e-02  0.000000e+00
  1.320000e-02  0.000000e+00
  1.280000e-02  0.000000e+00
  1.250000e-02  0.000000e+00
  1.220000e-02  0.000000e+00
  1.190000e-02  0.000000e+00
  1.160000e-02  0.000000e+00
  1.130000e-02  0.000000e+00
  1.100000e-02  3.921010e-02
  1.070000e-02  4.792395e-02
  1.040000e-02  3.267505e-02
  1.010000e-02  1.089168e-01
