  4.934820e+03  0.000000e+00
  4.806990e+03  0.000000e+00
  4.682470e+03  0.000000e+00
  4.561180e+03  0.000000e+00
  4.443030e+03  0.000000e+00
  4.327940e+03  0.000000e+00
  4.215830e+03  0.000000e+00
  4.106630e+03  0.000000e+00
  4.000250e+03  0.000000e+00
  3.896630e+03  0.000000e+00
  3.795700e+03  0.000000e+00
  3.697380e+03  0.000000e+00
  3.601600e+03  0.000000e+00
  3.508310e+03  0.000000e+00
  3.417430e+03  0.000000e+00
  3.328910e+03  0.000000e+00
  3.242680e+03  0.000000e+00
  3.158680e+03  0.000000e+00
  3.076860e+03  0.000000e+00
  2.997160e+03  0.000000e+00
  2.919530e+03  0.000000e+00
  2.843900e+03  0.000000e+00
  2.770230e+03  1.011650e-01
  2.698480e+03  0.000000e+00
  2.628580e+03  0.000000e+00
  2.560490e+03  0.000000e+00
  2.494160e+03  0.000000e+00
  2.429550e+03  0.000000e+00
  2.366620e+03  0.000000e+00
  2.305320e+03  0.000000e+00
  2.245600e+03  0.000000e+00
  2.187430e+03  0.000000e+00
  2.130770e+03  0.000000e+00
  2.075580e+03  0.000000e+00
  2.021810e+03  0.000000e+00
  1.969440e+03  1.011650e-01
  1.918430e+03  0.000000e+00
  1.868730e+03  1.011650e-01
  1.820330e+03  0.000000e+00
  1.773170e+03  0.000000e+00
  1.727240e+03  0.000000e+00
  1.682500e+03  2.023300e-01
  1.638920e+03  1.011650e-01
  1.596470e+03  0.000000e+00
  1.555110e+03  1.011650e-01
  1.514830e+03  1.011650e-01
  1.475590e+03  2.023300e-01
  1.437370e+03  1.011650e-01
  1.400140e+03  2.023300e-01
  1.363870e+03  2.023300e-01
  1.328540e+03  0.000000e+00
  1.294120e+03  3.034950e-01
  1.260600e+03  1.011650e-01
  1.227950e+03  5.058250e-01
  1.196140e+03  2.023300e-01
  1.165160e+03  0.000000e+00
  1.134980e+03  3.034950e-01
  1.105580e+03  3.034950e-01
  1.076940e+03  7.081550e-01
  1.049040e+03  5.058250e-01
  1.021870e+03  6.069900e-01
  9.953980e+02  3.034950e-01
  9.696140e+02  3.034950e-01
  9.444970e+02  6.069900e-01
  9.200320e+02  7.081550e-01
  8.962000e+02  1.213980e+00
  8.729850e+02  8.093200e-01
  8.503720e+02  6.069900e-01
  8.283450e+02  1.011650e+00
  8.068880e+02  9.104850e-01
  7.859870e+02  1.315145e+00
  7.656270e+02  1.517475e+00
  7.457950e+02  1.517475e+00
  7.264760e+02  2.023300e+00
  7.076580e+02  2.630295e+00
  6.893270e+02  3.034980e+00
  6.714710e+02  3.237290e+00
  6.540780e+02  3.540780e+00
  6.371350e+02  4.754780e+00
  6.206310e+02  4.653625e+00
  6.045550e+02  5.159480e+00
  5.888950e+02  4.855980e+00
  5.736410e+02  7.890955e+00
  5.587810e+02  7.385075e+00
  5.443070e+02  8.194500e+00
  5.302080e+02  8.295715e+00
  5.164740e+02  9.206165e+00
  5.030950e+02  9.105064e+00
  4.900630e+02  1.456795e+01
  4.773690e+02  1.649000e+01
  4.650040e+02  1.477020e+01
  4.529580e+02  1.790640e+01
  4.412250e+02  1.649010e+01
  4.297960e+02  2.205410e+01
  4.186630e+02  2.357165e+01
  4.078180e+02  3.186720e+01
  3.972540e+02  3.237295e+01
  3.869640e+02  3.904995e+01
  3.769400e+02  4.309670e+01
  3.671770e+02  4.714310e+01
  3.576650e+02  5.199915e+01
  3.484010e+02  5.412360e+01
  3.393760e+02  6.848915e+01
  3.305850e+02  7.425565e+01
  3.220220e+02  8.174195e+01
  3.136800e+02  8.679995e+01
  3.055550e+02  1.011660e+02
  2.976400e+02  1.158370e+02
  2.899300e+02  1.338435e+02
  2.824200e+02  1.415315e+02
  2.751040e+02  1.576170e+02
  2.679780e+02  1.819965e+02
  2.610370e+02  2.043540e+02
  2.542750e+02  2.140665e+02
  2.476890e+02  2.560495e+02
  2.412730e+02  2.856920e+02
  2.350230e+02  3.254505e+02
  2.289350e+02  3.602500e+02
  2.230050e+02  4.007165e+02
  2.172280e+02  4.462425e+02
  2.116010e+02  5.038060e+02
  2.061200e+02  5.465975e+02
  2.007810e+02  6.070940e+02
  1.955800e+02  7.018875e+02
  1.905140e+02  7.793815e+02
  1.855790e+02  8.798385e+02
  1.807720e+02  9.664380e+02
  1.760890e+02  1.073065e+03
  1.715280e+02  1.224610e+03
  1.670850e+02  1.322340e+03
  1.627570e+02  1.464985e+03
  1.585410e+02  1.645960e+03
  1.544340e+02  1.801860e+03
  1.504340e+02  1.950170e+03
  1.465370e+02  2.195090e+03
  1.427410e+02  2.370920e+03
  1.390440e+02  2.599040e+03
  1.354420e+02  2.822015e+03
  1.319340e+02  3.124805e+03
  1.285160e+02  3.351520e+03
  1.251870e+02  3.677675e+03
  1.219440e+02  3.976825e+03
  1.187850e+02  4.293880e+03
  1.157090e+02  4.640060e+03
  1.127110e+02  5.077095e+03
  1.097920e+02  5.444030e+03
  1.069480e+02  5.888240e+03
  1.041770e+02  6.371205e+03
  1.014790e+02  6.852860e+03
  9.885030e+01  7.341085e+03
  9.628970e+01  7.918750e+03
  9.379550e+01  8.461905e+03
  9.136590e+01  9.126145e+03
  8.899920e+01  9.674570e+03
  8.669380e+01  1.027625e+04
  8.444820e+01  1.088940e+04
  8.226070e+01  1.152740e+04
  8.012980e+01  1.226425e+04
  7.805420e+01  1.301825e+04
  7.603240e+01  1.362720e+04
  7.406290e+01  1.434455e+04
  7.214440e+01  1.492255e+04
  7.027560e+01  1.557555e+04
  6.845520e+01  1.617365e+04
  6.668200e+01  1.675480e+04
  6.495470e+01  1.708805e+04
  6.327220e+01  1.749460e+04
  6.163320e+01  1.771295e+04
  6.003670e+01  1.788010e+04
  5.848160e+01  1.805925e+04
  5.696670e+01  1.809390e+04
  5.549110e+01  1.805585e+04
  5.405370e+01  1.802970e+04
  5.265350e+01  1.787895e+04
  5.128960e+01  1.753255e+04
  4.996100e+01  1.734860e+04
  4.866690e+01  1.684010e+04
  4.740620e+01  1.626045e+04
  4.617830e+01  1.562240e+04
  4.498210e+01  1.492790e+04
  4.381690e+01  1.442065e+04
  4.268190e+01  1.377085e+04
  4.157630e+01  1.313925e+04
  4.049930e+01  1.247780e+04
  3.945030e+01  1.189030e+04
  3.842840e+01  1.139950e+04
  3.743290e+01  1.079990e+04
  3.646330e+01  1.026255e+04
  3.551880e+01  9.729811e+03
  3.459870e+01  9.169670e+03
  3.370250e+01  8.577225e+03
  3.282950e+01  8.033765e+03
  3.197910e+01  7.471800e+03
  3.115070e+01  6.952410e+03
  3.034380e+01  6.522745e+03
  2.955780e+01  5.975950e+03
  2.879220e+01  5.503005e+03
  2.804640e+01  5.051600e+03
  2.731990e+01  4.614970e+03
  2.661220e+01  4.179360e+03
  2.592290e+01  3.793500e+03
  2.525140e+01  3.427700e+03
  2.459730e+01  3.044280e+03
  2.396010e+01  2.756260e+03
  2.333950e+01  2.515180e+03
  2.273490e+01  2.214810e+03
  2.214600e+01  1.961600e+03
  2.157230e+01  1.736215e+03
  2.101350e+01  1.537925e+03
  2.046920e+01  1.386875e+03
  1.993900e+01  1.252735e+03
  1.942250e+01  1.140850e+03
  1.891940e+01  1.059715e+03
  1.842930e+01  9.461995e+02
  1.795200e+01  9.041180e+02
  1.748690e+01  8.503990e+02
  1.703400e+01  8.035595e+02
  1.659270e+01  7.506500e+02
  1.616290e+01  7.253575e+02
  1.574430e+01  6.969301e+02
  1.533640e+01  6.583865e+02
  1.493920e+01  6.394690e+02
  1.455220e+01  5.842315e+02
  1.417520e+01  5.264655e+02
  1.380800e+01  4.484685e+02
  1.345040e+01  3.884770e+02
  1.310200e+01  3.350610e+02
  1.276260e+01  2.988440e+02
  1.243200e+01  2.700105e+02
  1.211000e+01  2.660645e+02
  1.179630e+01  2.605005e+02
  1.149070e+01  2.450220e+02
  1.119310e+01  2.434035e+02
  1.090310e+01  2.367260e+02
  1.062070e+01  2.390530e+02
  1.034560e+01  2.339960e+02
  1.007760e+01  2.189215e+02
  9.816600e+00  2.090075e+02
  9.562300e+00  1.905940e+02
  9.314600e+00  1.715770e+02
  9.073300e+00  1.526595e+02
  8.838300e+00  1.175560e+02
  8.609300e+00  1.016725e+02
  8.386300e+00  9.206070e+01
  8.169100e+00  8.194420e+01
  7.957500e+00  8.730580e+01
  7.751400e+00  8.852055e+01
  7.550600e+00  1.001543e+02
  7.355000e+00  9.368015e+01
  7.164500e+00  8.437235e+01
  6.978900e+00  8.012335e+01
  6.798100e+00  6.778105e+01
  6.622000e+00  6.788216e+01
  6.450500e+00  6.424015e+01
  6.283400e+00  5.392140e+01
  6.120600e+00  5.210040e+01
  5.962100e+00  4.997590e+01
  5.807600e+00  4.855955e+01
  5.657200e+00  4.309665e+01
  5.510700e+00  4.845845e+01
  5.367900e+00  4.340005e+01
  5.228900e+00  3.834175e+01
  5.093400e+00  4.309665e+01
  4.961500e+00  3.803835e+01
  4.833000e+00  3.763365e+01
  4.707800e+00  3.733020e+01
  4.585800e+00  3.561035e+01
  4.467100e+00  3.389050e+01
  4.351300e+00  3.146250e+01
  4.238600e+00  3.389040e+01
  4.128800e+00  3.469995e+01
  4.021900e+00  3.753250e+01
  3.917700e+00  2.974270e+01
  3.816200e+00  2.316700e+01
  3.717400e+00  2.549375e+01
  3.621100e+00  2.559495e+01
  3.527300e+00  2.549375e+01
  3.435900e+00  2.094130e+01
  3.346900e+00  2.114375e+01
  3.260200e+00  1.699600e+01
  3.175800e+00  1.557960e+01
  3.093500e+00  1.244350e+01
  3.013400e+00  1.031896e+01
  2.935300e+00  1.112835e+01
  2.859300e+00  1.466915e+01
  2.785200e+00  1.709710e+01
  2.713100e+00  2.033435e+01
  2.642800e+00  1.820985e+01
  2.574300e+00  1.922145e+01
  2.507600e+00  2.013205e+01
  2.442700e+00  1.962615e+01
  2.379400e+00  2.043555e+01
  2.317800e+00  1.669245e+01
  2.257700e+00  1.901920e+01
  2.199300e+00  1.709705e+01
  2.142300e+00  1.891795e+01
  2.086800e+00  1.537745e+01
  2.032700e+00  1.750175e+01
  1.980100e+00  1.618655e+01
  1.928800e+00  1.659125e+01
  1.878800e+00  1.446680e+01
  1.830200e+00  1.628780e+01
  1.782800e+00  3.267645e+01
  1.736600e+00  1.729930e+01
  1.691600e+00  1.649005e+01
  1.647800e+00  1.477030e+01
  1.605100e+00  1.325285e+01
  1.563500e+00  9.813145e+00
  1.523000e+00  1.214000e+01
  1.483600e+00  1.143190e+01
  1.445100e+00  1.497265e+01
  1.407700e+00  1.001554e+01
  1.371200e+00  8.902664e+00
  1.335700e+00  1.082502e+01
  1.301100e+00  1.011665e+01
  1.267400e+00  6.677025e+00
  1.234600e+00  9.206190e+00
  1.202600e+00  1.042019e+01
  1.171500e+00  1.021789e+01
  1.141100e+00  1.112830e+01
  1.111600e+00  1.021790e+01
  1.082800e+00  6.980515e+00
  1.054700e+00  1.234230e+01
  1.027400e+00  7.789825e+00
  1.000800e+00  9.104996e+00
  9.749000e-01  9.712000e+00
  9.496000e-01  7.385180e+00
  9.250000e-01  7.891010e+00
  9.010000e-01  8.194555e+00
  8.777000e-01  9.509660e+00
  8.550000e-01  8.902730e+00
  8.328000e-01  1.122955e+01
  8.113000e-01  1.193755e+01
  7.902000e-01  1.224120e+01
  7.698000e-01  1.315155e+01
  7.498000e-01  1.446675e+01
  7.304000e-01  1.537720e+01
  7.115000e-01  1.416330e+01
  6.931000e-01  2.599955e+01
  6.751000e-01  1.876605e+02
  6.576000e-01  1.556960e+02
  6.406000e-01  4.655660e+02
  6.240000e-01  1.129025e+02
  6.078000e-01  2.336925e+01
  5.921000e-01  2.529145e+01
  5.767000e-01  2.438095e+01
  5.618000e-01  2.468430e+01
  5.472000e-01  2.508900e+01
  5.331000e-01  3.024850e+01
  5.193000e-01  2.691005e+01
  5.058000e-01  2.964155e+01
  4.927000e-01  4.916655e+01
  4.799000e-01  5.392125e+01
  4.675000e-01  4.036510e+01
  4.554000e-01  2.994505e+01
  4.436000e-01  5.806905e+01
  4.321000e-01  6.808450e+01
  4.209000e-01  6.363320e+01
  4.100000e-01  4.097200e+01
  3.994000e-01  7.577350e+01
  3.891000e-01  1.136095e+02
  3.790000e-01  1.152290e+02
  3.692000e-01  3.166480e+01
  3.596000e-01  2.620185e+01
  3.503000e-01  2.417850e+01
  3.412000e-01  2.134600e+01
  3.324000e-01  2.893350e+01
  3.238000e-01  2.245880e+01
  3.154000e-01  2.266110e+01
  3.072000e-01  3.166490e+01
  2.992000e-01  4.087110e+01
  2.915000e-01  5.230265e+01
  2.839000e-01  5.290970e+01
  2.766000e-01  3.075435e+01
  2.694000e-01  7.455914e+01
  2.624000e-01  1.813895e+02
  2.556000e-01  1.987905e+02
  2.490000e-01  6.950090e+01
  2.426000e-01  5.999125e+01
  2.363000e-01  7.152415e+01
  2.302000e-01  5.270745e+01
  2.242000e-01  3.156380e+01
  2.184000e-01  3.227190e+01
  2.127000e-01  3.196835e+01
  2.072000e-01  2.852860e+01
  2.019000e-01  3.196825e+01
  1.966000e-01  3.510460e+01
  1.915000e-01  4.299550e+01
  1.866000e-01  4.329895e+01
  1.817000e-01  3.105785e+01
  1.770000e-01  2.478560e+01
  1.725000e-01  3.217070e+01
  1.680000e-01  3.540800e+01
  1.636000e-01  3.621735e+01
  1.594000e-01  3.904985e+01
  1.553000e-01  4.319785e+01
  1.512000e-01  4.137670e+01
  1.473000e-01  4.168025e+01
  1.435000e-01  5.928305e+01
  1.398000e-01  4.734555e+01
  1.362000e-01  4.451300e+01
  1.326000e-01  4.441170e+01
  1.292000e-01  4.916660e+01
  1.259000e-01  5.068400e+01
  1.226000e-01  7.941515e+01
  1.194000e-01  7.233345e+01
  1.163000e-01  6.211565e+01
  1.133000e-01  6.565660e+01
  1.104000e-01  6.859035e+01
  1.075000e-01  7.020890e+01
  1.047000e-01  7.132175e+01
  1.020000e-01  7.526715e+01
  9.940000e-02  8.032560e+01
  9.680000e-02  8.447350e+01
  9.430000e-02  8.164115e+01
  9.190000e-02  8.447380e+01
  8.950000e-02  8.659785e+01
  8.720000e-02  8.659860e+01
  8.490000e-02  7.880820e+01
  8.270000e-02  8.356281e+01
  8.060000e-02  7.739175e+01
  7.850000e-02  8.002205e+01
  7.640000e-02  7.931405e+01
  7.450000e-02  7.627885e+01
  7.250000e-02  7.607684e+01
  7.070000e-02  7.132175e+01
  6.880000e-02  7.122060e+01
  6.700000e-02  6.130645e+01
  6.530000e-02  5.877720e+01
  6.360000e-02  5.462945e+01
  6.200000e-02  4.764915e+01
  6.040000e-02  4.117445e+01
  5.880000e-02  4.178150e+01
  5.730000e-02  3.561030e+01
  5.580000e-02  2.822520e+01
  5.430000e-02  2.862995e+01
  5.290000e-02  2.205420e+01
  5.160000e-02  1.820985e+01
  5.020000e-02  1.760280e+01
  4.890000e-02  1.699585e+01
  4.770000e-02  1.487145e+01
  4.640000e-02  1.547840e+01
  4.520000e-02  1.112835e+01
  4.410000e-02  9.408450e+00
  4.290000e-02  1.133065e+01
  4.180000e-02  8.801540e+00
  4.070000e-02  9.206255e+00
  3.970000e-02  9.206224e+00
  3.860000e-02  7.385185e+00
  3.760000e-02  6.575870e+00
  3.670000e-02  6.677045e+00
  3.570000e-02  3.743145e+00
  3.480000e-02  3.439660e+00
  3.390000e-02  2.731455e+00
  3.300000e-02  2.326820e+00
  3.220000e-02  2.427965e+00
  3.130000e-02  2.124470e+00
  3.050000e-02  1.416310e+00
  2.970000e-02  1.618640e+00
  2.890000e-02  9.104850e-01
  2.820000e-02  8.093200e-01
  2.750000e-02  1.112815e+00
  2.680000e-02  4.046600e-01
  2.610000e-02  6.069900e-01
  2.540000e-02  4.046600e-01
  2.470000e-02  3.034950e-01
  2.410000e-02  4.046600e-01
  2.350000e-02  1.011650e-01
  2.290000e-02  2.023300e-01
  2.230000e-02  0.000000e+00
  2.170000e-02  3.034950e-01
  2.110000e-02  1.011650e-01
  2.060000e-02  1.011650e-01
  2.000000e-02  2.023300e-01
  1.950000e-02  1.011650e-01
  1.900000e-02  0.000000e+00
  1.850000e-02  0.000000e+00
  1.800000e-02  0.000000e+00
  1.760000e-02  0.000000e+00
  1.710000e-02  1.011650e-01
  1.670000e-02  1.011650e-01
  1.630000e-02  0.000000e+00
  1.580000e-02  0.000000e+00
  1.540000e-02  2.023300e-01
  1.500000e-02  0.000000e+00
  1.460000e-02  0.000000e+00
  1.430000e-02  0.000000e+00
  1.390000e-02  1.011650e-01
  1.350000e-02  0.000000e+00
  1.320000e-02  0.000000e+00
  1.280000e-02  0.000000e+00
  1.250000e-02  0.000000e+00
  1.220000e-02  0.000000e+00
  1.190000e-02  0.000000e+00
  1.160000e-02  0.000000e+00
  1.130000e-02  0.000000e+00
  1.100000e-02  1.011650e-01
  1.070000e-02  0.000000e+00
  1.040000e-02  0.000000e+00
  1.010000e-02  2.761825e+01
