  4.934820e+03  3.889950e-02
  4.806990e+03  0.000000e+00
  4.682470e+03  0.000000e+00
  4.561180e+03  0.000000e+00
  4.443030e+03  1.296650e-02
  4.327940e+03  1.296650e-02
  4.215830e+03  0.000000e+00
  4.106630e+03  1.296650e-02
  4.000250e+03  0.000000e+00
  3.896630e+03  2.593300e-02
  3.795700e+03  1.296650e-02
  3.697380e+03  0.000000e+00
  3.601600e+03  0.000000e+00
  3.508310e+03  1.296650e-02
  3.417430e+03  2.593300e-02
  3.328910e+03  2.593300e-02
  3.242680e+03  2.593300e-02
  3.158680e+03  1.296650e-02
  3.076860e+03  1.296650e-02
  2.997160e+03  3.889950e-02
  2.919530e+03  1.296650e-02
  2.843900e+03  0.000000e+00
  2.770230e+03  3.889950e-02
  2.698480e+03  3.889950e-02
  2.628580e+03  3.889950e-02
  2.560490e+03  5.186600e-02
  2.494160e+03  1.296650e-02
  2.429550e+03  1.296650e-02
  2.366620e+03  5.186600e-02
  2.305320e+03  2.593300e-02
  2.245600e+03  3.889950e-02
  2.187430e+03  7.779900e-02
  2.130770e+03  1.296650e-02
  2.075580e+03  1.296650e-02
  2.021810e+03  5.186600e-02
  1.969440e+03  6.483250e-02
  1.918430e+03  9.076550e-02
  1.868730e+03  7.779900e-02
  1.820330e+03  6.483250e-02
  1.773170e+03  1.166985e-01
  1.727240e+03  1.555980e-01
  1.682500e+03  1.296650e-01
  1.638920e+03  1.037320e-01
  1.596470e+03  2.074640e-01
  1.555110e+03  1.166985e-01
  1.514830e+03  2.204305e-01
  1.475590e+03  1.685645e-01
  1.437370e+03  2.463625e-01
  1.400140e+03  2.593300e-01
  1.363870e+03  2.333970e-01
  1.328540e+03  2.722965e-01
  1.294120e+03  2.722965e-01
  1.260600e+03  2.593300e-01
  1.227950e+03  3.111960e-01
  1.196140e+03  2.852620e-01
  1.165160e+03  3.889990e-01
  1.134980e+03  5.186560e-01
  1.105580e+03  4.149270e-01
  1.076940e+03  6.223860e-01
  1.049040e+03  6.223920e-01
  1.021870e+03  6.742560e-01
  9.953980e+02  6.223930e-01
  9.696140e+02  7.390960e-01
  9.444970e+02  7.001895e-01
  9.200320e+02  8.817295e-01
  8.962000e+02  1.102155e+00
  8.729850e+02  9.206220e-01
  8.503720e+02  1.089198e+00
  8.283450e+02  1.361505e+00
  8.068880e+02  1.192920e+00
  7.859870e+02  1.737505e+00
  7.656270e+02  1.841255e+00
  7.457950e+02  1.789385e+00
  7.264760e+02  2.204310e+00
  7.076580e+02  2.385850e+00
  6.893270e+02  2.865590e+00
  6.714710e+02  2.826700e+00
  6.540780e+02  3.423155e+00
  6.371350e+02  3.539855e+00
  6.206310e+02  4.071480e+00
  6.045550e+02  4.369720e+00
  5.888950e+02  4.901345e+00
  5.736410e+02  5.238475e+00
  5.587810e+02  6.223930e+00
  5.443070e+02  6.950045e+00
  5.302080e+02  7.728075e+00
  5.164740e+02  8.687580e+00
  5.030950e+02  8.648675e+00
  4.900630e+02  1.003609e+01
  4.773690e+02  1.211090e+01
  4.650040e+02  1.203290e+01
  4.529580e+02  1.453530e+01
  4.412250e+02  1.584500e+01
  4.297960e+02  1.703805e+01
  4.186630e+02  1.890510e+01
  4.078180e+02  2.069460e+01
  3.972540e+02  2.380640e+01
  3.869640e+02  2.607555e+01
  3.769400e+02  2.829295e+01
  3.671770e+02  3.228675e+01
  3.576650e+02  3.670835e+01
  3.484010e+02  3.918495e+01
  3.393760e+02  4.372310e+01
  3.305850e+02  4.950605e+01
  3.220220e+02  5.212530e+01
  3.136800e+02  5.623570e+01
  3.055550e+02  6.376940e+01
  2.976400e+02  7.231425e+01
  2.899300e+02  7.843450e+01
  2.824200e+02  8.548820e+01
  2.751040e+02  9.569279e+01
  2.679780e+02  1.055735e+02
  2.610370e+02  1.165570e+02
  2.542750e+02  1.286655e+02
  2.476890e+02  1.411670e+02
  2.412730e+02  1.567255e+02
  2.350230e+02  1.752420e+02
  2.289350e+02  1.849165e+02
  2.230050e+02  2.111730e+02
  2.172280e+02  2.291180e+02
  2.116010e+02  2.499805e+02
  2.061200e+02  2.756820e+02
  2.007810e+02  2.972695e+02
  1.955800e+02  3.279620e+02
  1.905140e+02  3.620515e+02
  1.855790e+02  3.980200e+02
  1.807720e+02  4.352725e+02
  1.760890e+02  4.749110e+02
  1.715280e+02  5.207220e+02
  1.670850e+02  5.656505e+02
  1.627570e+02  6.125115e+02
  1.585410e+02  6.564034e+02
  1.544340e+02  7.152595e+02
  1.504340e+02  7.656340e+02
  1.465370e+02  8.308295e+02
  1.427410e+02  8.859370e+02
  1.390440e+02  9.483445e+02
  1.354420e+02  1.021730e+03
  1.319340e+02  1.077490e+03
  1.285160e+02  1.144545e+03
  1.251870e+02  1.217640e+03
  1.219440e+02  1.289385e+03
  1.187850e+02  1.369260e+03
  1.157090e+02  1.449460e+03
  1.127110e+02  1.533505e+03
  1.097920e+02  1.626585e+03
  1.069480e+02  1.706620e+03
  1.041770e+02  1.808335e+03
  1.014790e+02  1.899030e+03
  9.885030e+01  2.006495e+03
  9.628970e+01  2.109595e+03
  9.379550e+01  2.222305e+03
  9.136590e+01  2.328920e+03
  8.899920e+01  2.444585e+03
  8.669380e+01  2.559460e+03
  8.444820e+01  2.681080e+03
  8.226070e+01  2.806150e+03
  8.012980e+01  2.947355e+03
  7.805420e+01  3.071845e+03
  7.603240e+01  3.211115e+03
  7.406290e+01  3.355690e+03
  7.214440e+01  3.498575e+03
  7.027560e+01  3.645755e+03
  6.845520e+01  3.789985e+03
  6.668200e+01  3.941470e+03
  6.495470e+01  4.083770e+03
  6.327220e+01  4.164135e+03
  6.163320e+01  4.259810e+03
  6.003670e+01  4.326445e+03
  5.848160e+01  4.381105e+03
  5.696670e+01  4.433620e+03
  5.549110e+01  4.469155e+03
  5.405370e+01  4.568215e+03
  5.265350e+01  4.654540e+03
  5.128960e+01  4.770135e+03
  4.996100e+01  4.843635e+03
  4.866690e+01  4.960740e+03
  4.740620e+01  5.078910e+03
  4.617830e+01  5.135475e+03
  4.498210e+01  5.159995e+03
  4.381690e+01  5.162255e+03
  4.268190e+01  5.115925e+03
  4.157630e+01  5.047980e+03
  4.049930e+01  4.992370e+03
  3.945030e+01  4.922305e+03
  3.842840e+01  4.841940e+03
  3.743290e+01  4.764040e+03
  3.646330e+01  4.684515e+03
  3.551880e+01  4.593800e+03
  3.459870e+01  4.528435e+03
  3.370250e+01  4.484305e+03
  3.282950e+01  4.400185e+03
  3.197910e+01  4.323675e+03
  3.115070e+01  4.264000e+03
  3.034380e+01  4.207345e+03
  2.955780e+01  4.126270e+03
  2.879220e+01  4.059445e+03
  2.804640e+01  4.005945e+03
  2.731990e+01  3.896155e+03
  2.661220e+01  3.834960e+03
  2.592290e+01  3.763530e+03
  2.525140e+01  3.678610e+03
  2.459730e+01  3.578020e+03
  2.396010e+01  3.486455e+03
  2.333950e+01  3.390055e+03
  2.273490e+01  3.291035e+03
  2.214600e+01  3.180305e+03
  2.157230e+01  3.050580e+03
  2.101350e+01  2.937595e+03
  2.046920e+01  2.812235e+03
  1.993900e+01  2.683540e+03
  1.942250e+01  2.563670e+03
  1.891940e+01  2.447515e+03
  1.842930e+01  2.373285e+03
  1.795200e+01  2.301985e+03
  1.748690e+01  2.267505e+03
  1.703400e+01  2.239200e+03
  1.659270e+01  2.235030e+03
  1.616290e+01  2.231220e+03
  1.574430e+01  2.216760e+03
  1.533640e+01  2.206230e+03
  1.493920e+01  2.193005e+03
  1.455220e+01  2.144695e+03
  1.417520e+01  2.071750e+03
  1.380800e+01  1.950450e+03
  1.345040e+01  1.785615e+03
  1.310200e+01  1.596180e+03
  1.276260e+01  1.415100e+03
  1.243200e+01  1.221650e+03
  1.211000e+01  1.046610e+03
  1.179630e+01  8.847840e+02
  1.149070e+01  7.589695e+02
  1.119310e+01  6.526690e+02
  1.090310e+01  5.944120e+02
  1.062070e+01  5.277640e+02
  1.034560e+01  4.679100e+02
  1.007760e+01  4.124895e+02
  9.816600e+00  3.585890e+02
  9.562300e+00  3.082150e+02
  9.314600e+00  3.174070e+02
  9.073300e+00  3.840295e+02
  8.838300e+00  4.728370e+02
  8.609300e+00  5.962390e+02
  8.386300e+00  7.343705e+02
  8.169100e+00  8.960515e+02
  7.957500e+00  1.075380e+03
  7.751400e+00  1.160010e+03
  7.550600e+00  1.276765e+03
  7.355000e+00  1.268340e+03
  7.164500e+00  1.219555e+03
  6.978900e+00  1.178710e+03
  6.798100e+00  1.109400e+03
  6.622000e+00  1.046405e+03
  6.450500e+00  9.825380e+02
  6.283400e+00  9.301021e+02
  6.120600e+00  8.584875e+02
  5.962100e+00  8.007220e+02
  5.807600e+00  7.730370e+02
  5.657200e+00  7.422415e+02
  5.510700e+00  7.076460e+02
  5.367900e+00  6.732875e+02
  5.228900e+00  6.217835e+02
  5.093400e+00  5.672975e+02
  4.961500e+00  5.223950e+02
  4.833000e+00  4.915075e+02
  4.707800e+00  4.609475e+02
  4.585800e+00  3.850785e+02
  4.467100e+00  3.466870e+02
  4.351300e+00  3.234230e+02
  4.238600e+00  2.958570e+02
  4.128800e+00  2.665525e+02
  4.021900e+00  2.867035e+02
  3.917700e+00  2.218700e+02
  3.816200e+00  1.780310e+02
  3.717400e+00  1.568810e+02
  3.621100e+00  1.371340e+02
  3.527300e+00  1.178400e+02
  3.435900e+00  9.949271e+01
  3.346900e+00  7.611325e+01
  3.260200e+00  5.604135e+01
  3.175800e+00  3.446495e+01
  3.093500e+00  2.075925e+01
  3.013400e+00  1.539125e+01
  2.935300e+00  1.721950e+01
  2.859300e+00  2.362495e+01
  2.785200e+00  2.970635e+01
  2.713100e+00  4.006665e+01
  2.642800e+00  3.812170e+01
  2.574300e+00  3.486700e+01
  2.507600e+00  3.172915e+01
  2.442700e+00  2.943400e+01
  2.379400e+00  2.835775e+01
  2.317800e+00  2.585515e+01
  2.257700e+00  2.534940e+01
  2.199300e+00  2.357305e+01
  2.142300e+00  2.064255e+01
  2.086800e+00  1.937180e+01
  2.032700e+00  1.861980e+01
  1.980100e+00  2.152435e+01
  1.928800e+00  1.492440e+01
  1.878800e+00  1.345925e+01
  1.830200e+00  1.693420e+01
  1.782800e+00  3.529500e+01
  1.736600e+00  1.845120e+01
  1.691600e+00  1.259055e+01
  1.647800e+00  1.138475e+01
  1.605100e+00  1.063255e+01
  1.563500e+00  1.077525e+01
  1.523000e+00  9.141440e+00
  1.483600e+00  9.076595e+00
  1.445100e+00  8.389370e+00
  1.407700e+00  7.741025e+00
  1.371200e+00  6.911150e+00
  1.335700e+00  8.039235e+00
  1.301100e+00  6.327660e+00
  1.267400e+00  4.862445e+00
  1.234600e+00  6.405460e+00
  1.202600e+00  6.950045e+00
  1.171500e+00  6.262830e+00
  1.141100e+00  7.066735e+00
  1.111600e+00  4.642015e+00
  1.082800e+00  3.954780e+00
  1.054700e+00  6.457315e+00
  1.027400e+00  5.147705e+00
  1.000800e+00  3.734350e+00
  9.749000e-01  5.640440e+00
  9.496000e-01  3.825115e+00
  9.250000e-01  4.136320e+00
  9.010000e-01  4.901335e+00
  8.777000e-01  4.590135e+00
  8.550000e-01  5.290340e+00
  8.328000e-01  5.692310e+00
  8.113000e-01  5.834925e+00
  7.902000e-01  6.314700e+00
  7.698000e-01  5.329235e+00
  7.498000e-01  5.873820e+00
  7.304000e-01  6.120180e+00
  7.115000e-01  5.770100e+00
  6.931000e-01  9.569440e+00
  6.751000e-01  4.562920e+01
  6.576000e-01  4.953205e+01
  6.406000e-01  1.203555e+02
  6.240000e-01  2.837075e+01
  6.078000e-01  7.883665e+00
  5.921000e-01  7.274220e+00
  5.767000e-01  8.091130e+00
  5.618000e-01  7.650240e+00
  5.472000e-01  8.104065e+00
  5.331000e-01  9.439606e+00
  5.193000e-01  8.194850e+00
  5.058000e-01  8.181870e+00
  4.927000e-01  1.189040e+01
  4.799000e-01  1.291475e+01
  4.675000e-01  9.893524e+00
  4.554000e-01  8.480115e+00
  4.436000e-01  1.216270e+01
  4.321000e-01  1.244790e+01
  4.209000e-01  1.198120e+01
  4.100000e-01  9.141415e+00
  3.994000e-01  1.456130e+01
  3.891000e-01  2.042210e+01
  3.790000e-01  2.597180e+01
  3.692000e-01  9.374835e+00
  3.596000e-01  7.118620e+00
  3.503000e-01  6.159095e+00
  3.412000e-01  6.275780e+00
  3.324000e-01  6.872235e+00
  3.238000e-01  6.574025e+00
  3.154000e-01  6.548100e+00
  3.072000e-01  6.677755e+00
  2.992000e-01  9.180300e+00
  2.915000e-01  1.135890e+01
  2.839000e-01  1.214960e+01
  2.766000e-01  8.402346e+00
  2.694000e-01  1.514485e+01
  2.624000e-01  3.051025e+01
  2.556000e-01  3.228675e+01
  2.490000e-01  1.405565e+01
  2.426000e-01  1.445765e+01
  2.363000e-01  1.463925e+01
  2.302000e-01  1.001021e+01
  2.242000e-01  6.742590e+00
  2.184000e-01  7.157515e+00
  2.127000e-01  7.274210e+00
  2.072000e-01  6.755560e+00
  2.019000e-01  6.392480e+00
  1.966000e-01  7.092685e+00
  1.915000e-01  7.896620e+00
  1.866000e-01  8.765430e+00
  1.817000e-01  7.559515e+00
  1.770000e-01  8.000360e+00
  1.725000e-01  8.480090e+00
  1.680000e-01  7.520580e+00
  1.636000e-01  6.755545e+00
  1.594000e-01  7.001930e+00
  1.553000e-01  7.118600e+00
  1.512000e-01  7.118625e+00
  1.473000e-01  7.364970e+00
  1.435000e-01  8.039275e+00
  1.398000e-01  7.144550e+00
  1.362000e-01  7.352035e+00
  1.326000e-01  7.507605e+00
  1.292000e-01  7.300140e+00
  1.259000e-01  7.403870e+00
  1.226000e-01  6.612920e+00
  1.194000e-01  6.924115e+00
  1.163000e-01  6.937085e+00
  1.133000e-01  7.326070e+00
  1.104000e-01  6.561055e+00
  1.075000e-01  6.820390e+00
  1.047000e-01  6.366545e+00
  1.020000e-01  6.353595e+00
  9.940000e-02  6.755550e+00
  9.680000e-02  6.042395e+00
  9.430000e-02  6.301740e+00
  9.190000e-02  5.549670e+00
  8.950000e-02  5.212540e+00
  8.720000e-02  5.394070e+00
  8.490000e-02  4.797605e+00
  8.270000e-02  4.888375e+00
  8.060000e-02  3.500955e+00
  7.850000e-02  3.980720e+00
  7.640000e-02  4.253010e+00
  7.450000e-02  3.410190e+00
  7.250000e-02  3.267570e+00
  7.070000e-02  2.995280e+00
  6.880000e-02  2.956375e+00
  6.700000e-02  2.515515e+00
  6.530000e-02  2.489560e+00
  6.360000e-02  2.152435e+00
  6.200000e-02  2.022785e+00
  6.040000e-02  1.932020e+00
  5.880000e-02  1.452250e+00
  5.730000e-02  1.335555e+00
  5.580000e-02  1.218855e+00
  5.430000e-02  1.011395e+00
  5.290000e-02  8.168945e-01
  5.160000e-02  8.558000e-01
  5.020000e-02  6.872225e-01
  4.890000e-02  5.316255e-01
  4.770000e-02  5.575590e-01
  4.640000e-02  3.241605e-01
  4.520000e-02  2.722965e-01
  4.410000e-02  3.371290e-01
  4.290000e-02  3.111950e-01
  4.180000e-02  1.685645e-01
  4.070000e-02  2.463635e-01
  3.970000e-02  1.685645e-01
  3.860000e-02  1.037320e-01
  3.760000e-02  1.037320e-01
  3.670000e-02  1.426315e-01
  3.570000e-02  5.186600e-02
  3.480000e-02  6.483250e-02
  3.390000e-02  6.483250e-02
  3.300000e-02  3.889950e-02
  3.220000e-02  1.296650e-02
  3.130000e-02  5.186600e-02
  3.050000e-02  2.593300e-02
  2.970000e-02  0.000000e+00
  2.890000e-02  5.186600e-02
  2.820000e-02  3.889950e-02
  2.750000e-02  3.889950e-02
  2.680000e-02  1.296650e-02
  2.610000e-02  2.593300e-02
  2.540000e-02  0.000000e+00
  2.470000e-02  3.889950e-02
  2.410000e-02  2.593300e-02
  2.350000e-02  1.296650e-02
  2.290000e-02  2.593300e-02
  2.230000e-02  0.000000e+00
  2.170000e-02  0.000000e+00
  2.110000e-02  5.186600e-02
  2.060000e-02  1.296650e-02
  2.000000e-02  0.000000e+00
  1.950000e-02  1.296650e-02
  1.900000e-02  1.296650e-02
  1.850000e-02  1.296650e-02
  1.800000e-02  2.593300e-02
  1.760000e-02  0.000000e+00
  1.710000e-02  1.296650e-02
  1.670000e-02  0.000000e+00
  1.630000e-02  0.000000e+00
  1.580000e-02  0.000000e+00
  1.540000e-02  1.296650e-02
  1.500000e-02  3.889950e-02
  1.460000e-02  0.000000e+00
  1.430000e-02  0.000000e+00
  1.390000e-02  0.000000e+00
  1.350000e-02  0.000000e+00
  1.320000e-02  0.000000e+00
  1.280000e-02  0.000000e+00
  1.250000e-02  0.000000e+00
  1.220000e-02  0.000000e+00
  1.190000e-02  2.593300e-02
  1.160000e-02  2.593300e-02
  1.130000e-02  7.779900e-02
  1.100000e-02  4.045565e+00
  1.070000e-02  4.875405e+00
  1.040000e-02  4.382680e+00
  1.010000e-02  3.743435e+01
