  4.934820e+03  2.297700e-02
  4.806990e+03  0.000000e+00
  4.682470e+03  0.000000e+00
  4.561180e+03  7.659000e-03
  4.443030e+03  0.000000e+00
  4.327940e+03  0.000000e+00
  4.215830e+03  0.000000e+00
  4.106630e+03  7.659000e-03
  4.000250e+03  0.000000e+00
  3.896630e+03  7.659000e-03
  3.795700e+03  7.659000e-03
  3.697380e+03  7.659000e-03
  3.601600e+03  0.000000e+00
  3.508310e+03  0.000000e+00
  3.417430e+03  7.659000e-03
  3.328910e+03  7.659000e-03
  3.242680e+03  7.659000e-03
  3.158680e+03  1.531800e-02
  3.076860e+03  3.063550e-02
  2.997160e+03  0.000000e+00
  2.919530e+03  7.659000e-03
  2.843900e+03  2.297700e-02
  2.770230e+03  1.531800e-02
  2.698480e+03  0.000000e+00
  2.628580e+03  3.829500e-02
  2.560490e+03  4.595350e-02
  2.494160e+03  3.063550e-02
  2.429550e+03  6.127200e-02
  2.366620e+03  2.297700e-02
  2.305320e+03  3.829500e-02
  2.245600e+03  3.063600e-02
  2.187430e+03  3.829500e-02
  2.130770e+03  3.829450e-02
  2.075580e+03  1.531800e-02
  2.021810e+03  3.829450e-02
  1.969440e+03  6.127150e-02
  1.918430e+03  1.072245e-01
  1.868730e+03  7.658950e-02
  1.820330e+03  1.378590e-01
  1.773170e+03  9.956500e-02
  1.727240e+03  1.531770e-01
  1.682500e+03  9.190650e-02
  1.638920e+03  9.190650e-02
  1.596470e+03  1.378595e-01
  1.555110e+03  2.833775e-01
  1.514830e+03  3.752830e-01
  1.475590e+03  2.910360e-01
  1.437370e+03  2.374230e-01
  1.400140e+03  2.527415e-01
  1.363870e+03  3.216715e-01
  1.328540e+03  3.216720e-01
  1.294120e+03  3.140120e-01
  1.260600e+03  3.676245e-01
  1.227950e+03  4.212365e-01
  1.196140e+03  3.752835e-01
  1.165160e+03  6.203615e-01
  1.134980e+03  5.590955e-01
  1.105580e+03  5.437745e-01
  1.076940e+03  6.586550e-01
  1.049040e+03  8.577825e-01
  1.021870e+03  9.650065e-01
  9.953980e+02  9.650035e-01
  9.696140e+02  1.095212e+00
  9.444970e+02  1.240730e+00
  9.200320e+02  1.317310e+00
  8.962000e+02  1.738555e+00
  8.729850e+02  1.753865e+00
  8.503720e+02  1.822795e+00
  8.283450e+02  2.565720e+00
  8.068880e+02  2.458485e+00
  7.859870e+02  3.270330e+00
  7.656270e+02  3.438820e+00
  7.457950e+02  3.867715e+00
  7.264760e+02  4.082155e+00
  7.076580e+02  5.077805e+00
  6.893270e+02  5.598610e+00
  6.714710e+02  6.218985e+00
  6.540780e+02  7.191650e+00
  6.371350e+02  8.378759e+00
  6.206310e+02  8.746401e+00
  6.045550e+02  1.023985e+01
  5.888950e+02  1.076835e+01
  5.736410e+02  1.314255e+01
  5.587810e+02  1.469740e+01
  5.443070e+02  1.600705e+01
  5.302080e+02  1.820505e+01
  5.164740e+02  2.070950e+01
  5.030950e+02  2.338245e+01
  4.900630e+02  2.578730e+01
  4.773690e+02  2.943280e+01
  4.650040e+02  3.250420e+01
  4.529580e+02  3.744405e+01
  4.412250e+02  4.182485e+01
  4.297960e+02  4.678015e+01
  4.186630e+02  5.338215e+01
  4.078180e+02  6.019080e+01
  3.972540e+02  6.690750e+01
  3.869640e+02  7.543195e+01
  3.769400e+02  8.443100e+01
  3.671770e+02  9.611830e+01
  3.576650e+02  1.062810e+02
  3.484010e+02  1.205495e+02
  3.393760e+02  1.317540e+02
  3.305850e+02  1.511560e+02
  3.220220e+02  1.666875e+02
  3.136800e+02  1.856515e+02
  3.055550e+02  2.087715e+02
  2.976400e+02  2.321865e+02
  2.899300e+02  2.602090e+02
  2.824200e+02  2.936550e+02
  2.751040e+02  3.224520e+02
  2.679780e+02  3.569695e+02
  2.610370e+02  4.034290e+02
  2.542750e+02  4.474910e+02
  2.476890e+02  4.961860e+02
  2.412730e+02  5.530910e+02
  2.350230e+02  6.102245e+02
  2.289350e+02  6.793550e+02
  2.230050e+02  7.495250e+02
  2.172280e+02  8.345300e+02
  2.116010e+02  9.237625e+02
  2.061200e+02  1.022710e+03
  2.007810e+02  1.125765e+03
  1.955800e+02  1.243205e+03
  1.905140e+02  1.370870e+03
  1.855790e+02  1.512590e+03
  1.807720e+02  1.663330e+03
  1.760890e+02  1.828285e+03
  1.715280e+02  1.994825e+03
  1.670850e+02  2.178515e+03
  1.627570e+02  2.363985e+03
  1.585410e+02  2.560900e+03
  1.544340e+02  2.766560e+03
  1.504340e+02  2.996165e+03
  1.465370e+02  3.219885e+03
  1.427410e+02  3.454165e+03
  1.390440e+02  3.696560e+03
  1.354420e+02  3.950390e+03
  1.319340e+02  4.201345e+03
  1.285160e+02  4.472510e+03
  1.251870e+02  4.736070e+03
  1.219440e+02  5.003770e+03
  1.187850e+02  5.278040e+03
  1.157090e+02  5.551890e+03
  1.127110e+02  5.835630e+03
  1.097920e+02  6.104880e+03
  1.069480e+02  6.362760e+03
  1.041770e+02  6.621400e+03
  1.014790e+02  6.876150e+03
  9.885030e+01  7.083465e+03
  9.628970e+01  7.302720e+03
  9.379550e+01  7.458530e+03
  9.136590e+01  7.612195e+03
  8.899920e+01  7.740585e+03
  8.669380e+01  7.823425e+03
  8.444820e+01  7.897745e+03
  8.226070e+01  7.895900e+03
  8.012980e+01  7.873450e+03
  7.805420e+01  7.781630e+03
  7.603240e+01  7.679265e+03
  7.406290e+01  7.517710e+03
  7.214440e+01  7.319510e+03
  7.027560e+01  7.093850e+03
  6.845520e+01  6.805080e+03
  6.668200e+01  6.497620e+03
  6.495470e+01  6.159985e+03
  6.327220e+01  5.872120e+03
  6.163320e+01  5.558635e+03
  6.003670e+01  5.244465e+03
  5.848160e+01  4.943370e+03
  5.696670e+01  4.647860e+03
  5.549110e+01  4.359230e+03
  5.405370e+01  3.986535e+03
  5.265350e+01  3.596540e+03
  5.128960e+01  3.244245e+03
  4.996100e+01  2.897945e+03
  4.866690e+01  2.524345e+03
  4.740620e+01  2.193280e+03
  4.617830e+01  1.899680e+03
  4.498210e+01  1.636225e+03
  4.381690e+01  1.452635e+03
  4.268190e+01  1.291750e+03
  4.157630e+01  1.137115e+03
  4.049930e+01  9.853115e+02
  3.945030e+01  8.669800e+02
  3.842840e+01  7.619850e+02
  3.743290e+01  6.664955e+02
  3.646330e+01  5.817340e+02
  3.551880e+01  5.052535e+02
  3.459870e+01  4.288575e+02
  3.370250e+01  3.589915e+02
  3.282950e+01  3.027925e+02
  3.197910e+01  2.508585e+02
  3.115070e+01  2.060695e+02
  3.034380e+01  1.705330e+02
  2.955780e+01  1.359135e+02
  2.879220e+01  1.075470e+02
  2.804640e+01  8.405590e+01
  2.731990e+01  6.565919e+01
  2.661220e+01  5.015010e+01
  2.592290e+01  3.872300e+01
  2.525140e+01  2.897335e+01
  2.459730e+01  2.101590e+01
  2.396010e+01  1.603005e+01
  2.333950e+01  1.142715e+01
  2.273490e+01  7.934555e+00
  2.214600e+01  5.399475e+00
  2.157230e+01  3.760495e+00
  2.101350e+01  2.711230e+00
  2.046920e+01  1.730895e+00
  1.993900e+01  1.233070e+00
  1.942250e+01  8.884210e-01
  1.891940e+01  5.590935e-01
  1.842930e+01  4.059185e-01
  1.795200e+01  2.450820e-01
  1.748690e+01  1.761540e-01
  1.703400e+01  7.658900e-02
  1.659270e+01  1.455190e-01
  1.616290e+01  9.190650e-02
  1.574430e+01  1.531760e-01
  1.533640e+01  6.893000e-02
  1.493920e+01  3.829500e-02
  1.455220e+01  1.148835e-01
  1.417520e+01  4.595400e-02
  1.380800e+01  4.595400e-02
  1.345040e+01  4.595400e-02
  1.310200e+01  5.361200e-02
  1.276260e+01  5.361300e-02
  1.243200e+01  2.297700e-02
  1.211000e+01  7.659000e-03
  1.179630e+01  0.000000e+00
  1.149070e+01  7.659000e-03
  1.119310e+01  0.000000e+00
  1.090310e+01  0.000000e+00
  1.062070e+01  1.531800e-02
  1.034560e+01  7.659000e-03
  1.007760e+01  7.659000e-03
  9.816600e+00  7.659000e-03
  9.562300e+00  0.000000e+00
  9.314600e+00  2.297700e-02
  9.073300e+00  7.659000e-03
  8.838300e+00  1.531800e-02
  8.609300e+00  1.531800e-02
  8.386300e+00  2.297650e-02
  8.169100e+00  9.190650e-02
  7.957500e+00  8.424750e-02
  7.751400e+00  5.361300e-02
  7.550600e+00  9.956500e-02
  7.355000e+00  8.424750e-02
  7.164500e+00  1.072250e-01
  6.978900e+00  1.225420e-01
  6.798100e+00  1.684950e-01
  6.622000e+00  1.608370e-01
  6.450500e+00  8.424800e-02
  6.283400e+00  1.455190e-01
  6.120600e+00  1.455180e-01
  5.962100e+00  1.608365e-01
  5.807600e+00  1.684940e-01
  5.657200e+00  1.378595e-01
  5.510700e+00  1.455190e-01
  5.367900e+00  9.190700e-02
  5.228900e+00  1.455190e-01
  5.093400e+00  1.531765e-01
  4.961500e+00  1.684950e-01
  4.833000e+00  1.608370e-01
  4.707800e+00  1.378595e-01
  4.585800e+00  6.893000e-02
  4.467100e+00  1.761535e-01
  4.351300e+00  1.072255e-01
  4.238600e+00  1.225415e-01
  4.128800e+00  1.761535e-01
  4.021900e+00  1.072250e-01
  3.917700e+00  1.761540e-01
  3.816200e+00  1.072245e-01
  3.717400e+00  1.531775e-01
  3.621100e+00  9.956550e-02
  3.527300e+00  6.127150e-02
  3.435900e+00  1.072250e-01
  3.346900e+00  7.658850e-02
  3.260200e+00  6.892950e-02
  3.175800e+00  9.190650e-02
  3.093500e+00  5.361250e-02
  3.013400e+00  4.595400e-02
  2.935300e+00  6.893100e-02
  2.859300e+00  6.127050e-02
  2.785200e+00  9.190650e-02
  2.713100e+00  1.225430e-01
  2.642800e+00  9.956600e-02
  2.574300e+00  8.424750e-02
  2.507600e+00  6.127150e-02
  2.442700e+00  6.127150e-02
  2.379400e+00  3.829400e-02
  2.317800e+00  6.127150e-02
  2.257700e+00  3.063600e-02
  2.199300e+00  9.190750e-02
  2.142300e+00  4.595300e-02
  2.086800e+00  5.361300e-02
  2.032700e+00  7.658900e-02
  1.980100e+00  6.127100e-02
  1.928800e+00  3.063600e-02
  1.878800e+00  6.893000e-02
  1.830200e+00  8.424750e-02
  1.782800e+00  6.127150e-02
  1.736600e+00  3.829450e-02
  1.691600e+00  1.531800e-02
  1.647800e+00  2.297700e-02
  1.605100e+00  3.829450e-02
  1.563500e+00  2.297700e-02
  1.523000e+00  1.531800e-02
  1.483600e+00  3.829450e-02
  1.445100e+00  2.297700e-02
  1.407700e+00  4.595350e-02
  1.371200e+00  6.127200e-02
  1.335700e+00  7.659000e-03
  1.301100e+00  0.000000e+00
  1.267400e+00  1.531800e-02
  1.234600e+00  1.531800e-02
  1.202600e+00  3.063600e-02
  1.171500e+00  1.531800e-02
  1.141100e+00  3.829500e-02
  1.111600e+00  7.659000e-03
  1.082800e+00  3.063600e-02
  1.054700e+00  7.659000e-03
  1.027400e+00  7.659000e-03
  1.000800e+00  1.531800e-02
  9.749000e-01  0.000000e+00
  9.496000e-01  1.531800e-02
  9.250000e-01  1.531800e-02
  9.010000e-01  0.000000e+00
  8.777000e-01  0.000000e+00
  8.550000e-01  7.659000e-03
  8.328000e-01  7.659000e-03
  8.113000e-01  0.000000e+00
  7.902000e-01  7.659000e-03
  7.698000e-01  7.659000e-03
  7.498000e-01  7.659000e-03
  7.304000e-01  7.659000e-03
  7.115000e-01  1.531800e-02
  6.931000e-01  0.000000e+00
  6.751000e-01  3.829450e-02
  6.576000e-01  4.595300e-02
  6.406000e-01  3.063600e-02
  6.240000e-01  7.659000e-03
  6.078000e-01  2.297700e-02
  5.921000e-01  3.063600e-02
  5.767000e-01  7.659000e-03
  5.618000e-01  1.531800e-02
  5.472000e-01  7.659000e-03
  5.331000e-01  7.659000e-03
  5.193000e-01  0.000000e+00
  5.058000e-01  7.659000e-03
  4.927000e-01  7.659000e-03
  4.799000e-01  0.000000e+00
  4.675000e-01  0.000000e+00
  4.554000e-01  7.659000e-03
  4.436000e-01  7.659000e-03
  4.321000e-01  1.531800e-02
  4.209000e-01  0.000000e+00
  4.100000e-01  7.659000e-03
  3.994000e-01  3.063550e-02
  3.891000e-01  7.659000e-03
  3.790000e-01  0.000000e+00
  3.692000e-01  7.659000e-03
  3.596000e-01  1.531800e-02
  3.503000e-01  0.000000e+00
  3.412000e-01  7.659000e-03
  3.324000e-01  1.531800e-02
  3.238000e-01  1.531800e-02
  3.154000e-01  0.000000e+00
  3.072000e-01  7.659000e-03
  2.992000e-01  2.297700e-02
  2.915000e-01  0.000000e+00
  2.839000e-01  7.659000e-03
  2.766000e-01  0.000000e+00
  2.694000e-01  1.531800e-02
  2.624000e-01  7.659000e-03
  2.556000e-01  7.659000e-03
  2.490000e-01  1.531800e-02
  2.426000e-01  0.000000e+00
  2.363000e-01  0.000000e+00
  2.302000e-01  0.000000e+00
  2.242000e-01  7.659000e-03
  2.184000e-01  0.000000e+00
  2.127000e-01  7.659000e-03
  2.072000e-01  1.531800e-02
  2.019000e-01  1.531800e-02
  1.966000e-01  0.000000e+00
  1.915000e-01  7.659000e-03
  1.866000e-01  0.000000e+00
  1.817000e-01  0.000000e+00
  1.770000e-01  7.659000e-03
  1.725000e-01  7.659000e-03
  1.680000e-01  7.659000e-03
  1.636000e-01  0.000000e+00
  1.594000e-01  7.659000e-03
  1.553000e-01  0.000000e+00
  1.512000e-01  7.659000e-03
  1.473000e-01  7.659000e-03
  1.435000e-01  7.659000e-03
  1.398000e-01  7.659000e-03
  1.362000e-01  0.000000e+00
  1.326000e-01  0.000000e+00
  1.292000e-01  0.000000e+00
  1.259000e-01  0.000000e+00
  1.226000e-01  0.000000e+00
  1.194000e-01  0.000000e+00
  1.163000e-01  0.000000e+00
  1.133000e-01  0.000000e+00
  1.104000e-01  0.000000e+00
  1.075000e-01  0.000000e+00
  1.047000e-01  0.000000e+00
  1.020000e-01  0.000000e+00
  9.940000e-02  0.000000e+00
  9.680000e-02  0.000000e+00
  9.430000e-02  0.000000e+00
  9.190000e-02  0.000000e+00
  8.950000e-02  0.000000e+00
  8.720000e-02  0.000000e+00
  8.490000e-02  0.000000e+00
  8.270000e-02  0.000000e+00
  8.060000e-02  0.000000e+00
  7.850000e-02  0.000000e+00
  7.640000e-02  0.000000e+00
  7.450000e-02  0.000000e+00
  7.250000e-02  0.000000e+00
  7.070000e-02  0.000000e+00
  6.880000e-02  0.000000e+00
  6.700000e-02  0.000000e+00
  6.530000e-02  0.000000e+00
  6.360000e-02  0.000000e+00
  6.200000e-02  0.000000e+00
  6.040000e-02  0.000000e+00
  5.880000e-02  0.000000e+00
  5.730000e-02  0.000000e+00
  5.580000e-02  0.000000e+00
  5.430000e-02  0.000000e+00
  5.290000e-02  0.000000e+00
  5.160000e-02  0.000000e+00
  5.020000e-02  0.000000e+00
  4.890000e-02  0.000000e+00
  4.770000e-02  0.000000e+00
  4.640000e-02  0.000000e+00
  4.520000e-02  0.000000e+00
  4.410000e-02  0.000000e+00
  4.290000e-02  0.000000e+00
  4.180000e-02  0.000000e+00
  4.070000e-02  0.000000e+00
  3.970000e-02  0.000000e+00
  3.860000e-02  0.000000e+00
  3.760000e-02  0.000000e+00
  3.670000e-02  0.000000e+00
  3.570000e-02  0.000000e+00
  3.480000e-02  0.000000e+00
  3.390000e-02  0.000000e+00
  3.300000e-02  0.000000e+00
  3.220000e-02  0.000000e+00
  3.130000e-02  0.000000e+00
  3.050000e-02  0.000000e+00
  2.970000e-02  0.000000e+00
  2.890000e-02  0.000000e+00
  2.820000e-02  0.000000e+00
  2.750000e-02  0.000000e+00
  2.680000e-02  0.000000e+00
  2.610000e-02  0.000000e+00
  2.540000e-02  0.000000e+00
  2.470000e-02  0.000000e+00
  2.410000e-02  0.000000e+00
  2.350000e-02  0.000000e+00
  2.290000e-02  0.000000e+00
  2.230000e-02  0.000000e+00
  2.170000e-02  0.000000e+00
  2.110000e-02  0.000000e+00
  2.060000e-02  0.000000e+00
  2.000000e-02  0.000000e+00
  1.950000e-02  0.000000e+00
  1.900000e-02  0.000000e+00
  1.850000e-02  0.000000e+00
  1.800000e-02  0.000000e+00
  1.760000e-02  0.000000e+00
  1.710000e-02  0.000000e+00
  1.670000e-02  0.000000e+00
  1.630000e-02  0.000000e+00
  1.580000e-02  0.000000e+00
  1.540000e-02  0.000000e+00
  1.500000e-02  0.000000e+00
  1.460000e-02  0.000000e+00
  1.430000e-02  0.000000e+00
  1.390000e-02  0.000000e+00
  1.350000e-02  0.000000e+00
  1.320000e-02  0.000000e+00
  1.280000e-02  0.000000e+00
  1.250000e-02  0.000000e+00
  1.220000e-02  0.000000e+00
  1.190000e-02  0.000000e+00
  1.160000e-02  0.000000e+00
  1.130000e-02  0.000000e+00
  1.100000e-02  5.361250e-02
  1.070000e-02  3.063550e-02
  1.040000e-02  1.531800e-02
  1.010000e-02  1.455180e-01
