  4.934820e+03  7.056000e-02
  4.806990e+03  0.000000e+00
  4.682470e+03  0.000000e+00
  4.561180e+03  0.000000e+00
  4.443030e+03  0.000000e+00
  4.327940e+03  0.000000e+00
  4.215830e+03  0.000000e+00
  4.106630e+03  0.000000e+00
  4.000250e+03  0.000000e+00
  3.896630e+03  7.056000e-02
  3.795700e+03  0.000000e+00
  3.697380e+03  0.000000e+00
  3.601600e+03  0.000000e+00
  3.508310e+03  0.000000e+00
  3.417430e+03  0.000000e+00
  3.328910e+03  0.000000e+00
  3.242680e+03  0.000000e+00
  3.158680e+03  0.000000e+00
  3.076860e+03  0.000000e+00
  2.997160e+03  0.000000e+00
  2.919530e+03  0.000000e+00
  2.843900e+03  0.000000e+00
  2.770230e+03  0.000000e+00
  2.698480e+03  0.000000e+00
  2.628580e+03  0.000000e+00
  2.560490e+03  0.000000e+00
  2.494160e+03  0.000000e+00
  2.429550e+03  0.000000e+00
  2.366620e+03  0.000000e+00
  2.305320e+03  0.000000e+00
  2.245600e+03  0.000000e+00
  2.187430e+03  7.056000e-02
  2.130770e+03  7.056000e-02
  2.075580e+03  0.000000e+00
  2.021810e+03  1.411200e-01
  1.969440e+03  1.411200e-01
  1.918430e+03  0.000000e+00
  1.868730e+03  1.411200e-01
  1.820330e+03  0.000000e+00
  1.773170e+03  0.000000e+00
  1.727240e+03  7.056000e-02
  1.682500e+03  1.411200e-01
  1.638920e+03  7.056000e-02
  1.596470e+03  2.116800e-01
  1.555110e+03  2.822400e-01
  1.514830e+03  2.822400e-01
  1.475590e+03  0.000000e+00
  1.437370e+03  1.411200e-01
  1.400140e+03  4.233600e-01
  1.363870e+03  4.939200e-01
  1.328540e+03  2.822400e-01
  1.294120e+03  1.411200e-01
  1.260600e+03  2.822400e-01
  1.227950e+03  4.939200e-01
  1.196140e+03  4.939200e-01
  1.165160e+03  4.233600e-01
  1.134980e+03  4.939200e-01
  1.105580e+03  6.350400e-01
  1.076940e+03  7.056000e-01
  1.049040e+03  5.644800e-01
  1.021870e+03  5.644800e-01
  9.953980e+02  7.056000e-01
  9.696140e+02  1.058400e+00
  9.444970e+02  1.058400e+00
  9.200320e+02  1.552320e+00
  8.962000e+02  1.058400e+00
  8.729850e+02  9.878400e-01
  8.503720e+02  1.834560e+00
  8.283450e+02  2.187360e+00
  8.068880e+02  2.116800e+00
  7.859870e+02  2.610720e+00
  7.656270e+02  2.892960e+00
  7.457950e+02  2.892960e+00
  7.264760e+02  3.316320e+00
  7.076580e+02  4.374720e+00
  6.893270e+02  3.810240e+00
  6.714710e+02  4.374730e+00
  6.540780e+02  6.138720e+00
  6.371350e+02  5.574240e+00
  6.206310e+02  6.914870e+00
  6.045550e+02  8.185010e+00
  5.888950e+02  8.961150e+00
  5.736410e+02  9.807920e+00
  5.587810e+02  1.128970e+01
  5.443070e+02  1.291245e+01
  5.302080e+02  1.658170e+01
  5.164740e+02  1.425320e+01
  5.030950e+02  1.806340e+01
  4.900630e+02  2.088580e+01
  4.773690e+02  2.363750e+01
  4.650040e+02  2.646010e+01
  4.529580e+02  2.885900e+01
  4.412250e+02  3.231665e+01
  4.297960e+02  3.690295e+01
  4.186630e+02  4.304165e+01
  4.078180e+02  4.882765e+01
  3.972540e+02  5.426060e+01
  3.869640e+02  5.736520e+01
  3.769400e+02  6.929005e+01
  3.671770e+02  7.084245e+01
  3.576650e+02  8.897630e+01
  3.484010e+02  9.702060e+01
  3.393760e+02  1.072520e+02
  3.305850e+02  1.228445e+02
  3.220220e+02  1.361815e+02
  3.136800e+02  1.530455e+02
  3.055550e+02  1.697680e+02
  2.976400e+02  1.947470e+02
  2.899300e+02  2.140085e+02
  2.824200e+02  2.320710e+02
  2.751040e+02  2.727860e+02
  2.679780e+02  2.972705e+02
  2.610370e+02  3.352315e+02
  2.542750e+02  3.728390e+02
  2.476890e+02  4.285120e+02
  2.412730e+02  4.799505e+02
  2.350230e+02  5.280725e+02
  2.289350e+02  5.917170e+02
  2.230050e+02  6.770245e+02
  2.172280e+02  7.509005e+02
  2.116010e+02  8.393830e+02
  2.061200e+02  9.407785e+02
  2.007810e+02  1.049160e+03
  1.955800e+02  1.174895e+03
  1.905140e+02  1.329005e+03
  1.855790e+02  1.479925e+03
  1.807720e+02  1.665150e+03
  1.760890e+02  1.855660e+03
  1.715280e+02  2.057105e+03
  1.670850e+02  2.307960e+03
  1.627570e+02  2.525280e+03
  1.585410e+02  2.826500e+03
  1.544340e+02  3.106620e+03
  1.504340e+02  3.435145e+03
  1.465370e+02  3.766430e+03
  1.427410e+02  4.128265e+03
  1.390440e+02  4.526345e+03
  1.354420e+02  4.974360e+03
  1.319340e+02  5.407580e+03
  1.285160e+02  5.919415e+03
  1.251870e+02  6.405720e+03
  1.219440e+02  7.010290e+03
  1.187850e+02  7.612445e+03
  1.157090e+02  8.233095e+03
  1.127110e+02  8.979900e+03
  1.097920e+02  9.732494e+03
  1.069480e+02  1.052000e+04
  1.041770e+02  1.134605e+04
  1.014790e+02  1.227860e+04
  9.885030e+01  1.321800e+04
  9.628970e+01  1.425940e+04
  9.379550e+01  1.529035e+04
  9.136590e+01  1.637490e+04
  8.899920e+01  1.744550e+04
  8.669380e+01  1.867535e+04
  8.444820e+01  1.984400e+04
  8.226070e+01  2.105980e+04
  8.012980e+01  2.238010e+04
  7.805420e+01  2.361095e+04
  7.603240e+01  2.489635e+04
  7.406290e+01  2.617275e+04
  7.214440e+01  2.731030e+04
  7.027560e+01  2.852910e+04
  6.845520e+01  2.953715e+04
  6.668200e+01  3.057185e+04
  6.495470e+01  3.139015e+04
  6.327220e+01  3.204315e+04
  6.163320e+01  3.264940e+04
  6.003670e+01  3.301440e+04
  5.848160e+01  3.312620e+04
  5.696670e+01  3.330025e+04
  5.549110e+01  3.341665e+04
  5.405370e+01  3.336320e+04
  5.265350e+01  3.301060e+04
  5.128960e+01  3.256495e+04
  4.996100e+01  3.208265e+04
  4.866690e+01  3.119135e+04
  4.740620e+01  3.019135e+04
  4.617830e+01  2.899735e+04
  4.498210e+01  2.770720e+04
  4.381690e+01  2.664920e+04
  4.268190e+01  2.562450e+04
  4.157630e+01  2.454980e+04
  4.049930e+01  2.333225e+04
  3.945030e+01  2.225265e+04
  3.842840e+01  2.128380e+04
  3.743290e+01  2.025170e+04
  3.646330e+01  1.927125e+04
  3.551880e+01  1.823315e+04
  3.459870e+01  1.715440e+04
  3.370250e+01  1.599325e+04
  3.282950e+01  1.499175e+04
  3.197910e+01  1.394055e+04
  3.115070e+01  1.297735e+04
  3.034380e+01  1.205705e+04
  2.955780e+01  1.103105e+04
  2.879220e+01  1.007425e+04
  2.804640e+01  9.179665e+03
  2.731990e+01  8.330190e+03
  2.661220e+01  7.532085e+03
  2.592290e+01  6.717460e+03
  2.525140e+01  6.022655e+03
  2.459730e+01  5.307945e+03
  2.396010e+01  4.702620e+03
  2.333950e+01  4.188865e+03
  2.273490e+01  3.610130e+03
  2.214600e+01  3.145080e+03
  2.157230e+01  2.725860e+03
  2.101350e+01  2.331025e+03
  2.046920e+01  2.027620e+03
  1.993900e+01  1.730690e+03
  1.942250e+01  1.512595e+03
  1.891940e+01  1.316445e+03
  1.842930e+01  1.180620e+03
  1.795200e+01  1.053670e+03
  1.748690e+01  9.733810e+02
  1.703400e+01  9.038035e+02
  1.659270e+01  8.475680e+02
  1.616290e+01  8.305620e+02
  1.574430e+01  7.888620e+02
  1.533640e+01  7.664945e+02
  1.493920e+01  7.367185e+02
  1.455220e+01  6.840095e+02
  1.417520e+01  5.849430e+02
  1.380800e+01  4.750820e+02
  1.345040e+01  3.562580e+02
  1.310200e+01  2.736325e+02
  1.276260e+01  2.190890e+02
  1.243200e+01  1.779525e+02
  1.211000e+01  1.575610e+02
  1.179630e+01  1.470470e+02
  1.149070e+01  1.407670e+02
  1.119310e+01  1.334295e+02
  1.090310e+01  1.260200e+02
  1.062070e+01  1.310305e+02
  1.034560e+01  1.156480e+02
  1.007760e+01  1.140955e+02
  9.816600e+00  1.045705e+02
  9.562300e+00  9.299835e+01
  9.314600e+00  8.770650e+01
  9.073300e+00  7.331210e+01
  8.838300e+00  6.237490e+01
  8.609300e+00  5.729480e+01
  8.386300e+00  5.045055e+01
  8.169100e+00  5.186155e+01
  7.957500e+00  6.230445e+01
  7.751400e+00  7.317094e+01
  7.550600e+00  8.121460e+01
  7.355000e+00  8.629530e+01
  7.164500e+00  8.114420e+01
  6.978900e+00  7.796890e+01
  6.798100e+00  7.324146e+01
  6.622000e+00  6.674975e+01
  6.450500e+00  6.188110e+01
  6.283400e+00  6.103450e+01
  6.120600e+00  5.306110e+01
  5.962100e+00  5.355495e+01
  5.807600e+00  5.327275e+01
  5.657200e+00  5.270825e+01
  5.510700e+00  5.440175e+01
  5.367900e+00  5.482515e+01
  5.228900e+00  5.397840e+01
  5.093400e+00  4.995650e+01
  4.961500e+00  5.299070e+01
  4.833000e+00  4.967425e+01
  4.707800e+00  4.720465e+01
  4.585800e+00  4.896875e+01
  4.467100e+00  4.981535e+01
  4.351300e+00  4.776910e+01
  4.238600e+00  4.783970e+01
  4.128800e+00  4.508785e+01
  4.021900e+00  4.932160e+01
  3.917700e+00  4.565235e+01
  3.816200e+00  4.240655e+01
  3.717400e+00  4.007810e+01
  3.621100e+00  3.774960e+01
  3.527300e+00  4.261825e+01
  3.435900e+00  3.845520e+01
  3.346900e+00  3.598565e+01
  3.260200e+00  3.372770e+01
  3.175800e+00  2.688340e+01
  3.093500e+00  2.257920e+01
  3.013400e+00  1.813395e+01
  2.935300e+00  1.841625e+01
  2.859300e+00  2.399035e+01
  2.785200e+00  2.483725e+01
  2.713100e+00  3.259875e+01
  2.642800e+00  2.787115e+01
  2.574300e+00  2.963525e+01
  2.507600e+00  3.146965e+01
  2.442700e+00  2.914120e+01
  2.379400e+00  2.723615e+01
  2.317800e+00  2.547215e+01
  2.257700e+00  2.540175e+01
  2.199300e+00  2.554275e+01
  2.142300e+00  2.441380e+01
  2.086800e+00  2.462545e+01
  2.032700e+00  2.236750e+01
  1.980100e+00  2.391995e+01
  1.928800e+00  1.841615e+01
  1.878800e+00  1.778105e+01
  1.830200e+00  2.229685e+01
  1.782800e+00  3.739685e+01
  1.736600e+00  2.272035e+01
  1.691600e+00  2.039185e+01
  1.647800e+00  1.721660e+01
  1.605100e+00  1.926295e+01
  1.563500e+00  1.545260e+01
  1.523000e+00  1.651100e+01
  1.483600e+00  1.326540e+01
  1.445100e+00  1.460605e+01
  1.407700e+00  1.411200e+01
  1.371200e+00  1.128975e+01
  1.335700e+00  1.164255e+01
  1.301100e+00  1.185415e+01
  1.267400e+00  9.807930e+00
  1.234600e+00  1.086630e+01
  1.202600e+00  1.093690e+01
  1.171500e+00  1.030175e+01
  1.141100e+00  1.361805e+01
  1.111600e+00  1.051351e+01
  1.082800e+00  9.031691e+00
  1.054700e+00  1.121912e+01
  1.027400e+00  1.037240e+01
  1.000800e+00  6.914930e+00
  9.749000e-01  1.072524e+01
  9.496000e-01  8.114450e+00
  9.250000e-01  8.537830e+00
  9.010000e-01  1.086635e+01
  8.777000e-01  1.044300e+01
  8.550000e-01  1.192465e+01
  8.328000e-01  1.171305e+01
  8.113000e-01  1.199525e+01
  7.902000e-01  1.411205e+01
  7.698000e-01  1.481765e+01
  7.498000e-01  1.693450e+01
  7.304000e-01  1.559385e+01
  7.115000e-01  1.778100e+01
  6.931000e-01  2.215580e+01
  6.751000e-01  1.289835e+02
  6.576000e-01  1.541045e+02
  6.406000e-01  3.463095e+02
  6.240000e-01  7.027780e+01
  6.078000e-01  2.434320e+01
  5.921000e-01  2.201475e+01
  5.767000e-01  2.300255e+01
  5.618000e-01  2.307315e+01
  5.472000e-01  2.540165e+01
  5.331000e-01  3.168140e+01
  5.193000e-01  2.709505e+01
  5.058000e-01  3.005850e+01
  4.927000e-01  4.148920e+01
  4.799000e-01  4.127770e+01
  4.675000e-01  3.471555e+01
  4.554000e-01  3.316325e+01
  4.436000e-01  5.193215e+01
  4.321000e-01  5.567175e+01
  4.209000e-01  5.080315e+01
  4.100000e-01  3.746730e+01
  3.994000e-01  6.428030e+01
  3.891000e-01  8.544850e+01
  3.790000e-01  7.733385e+01
  3.692000e-01  3.944305e+01
  3.596000e-01  3.048185e+01
  3.503000e-01  3.175205e+01
  3.412000e-01  3.302205e+01
  3.324000e-01  3.591500e+01
  3.238000e-01  3.386875e+01
  3.154000e-01  3.351605e+01
  3.072000e-01  4.261830e+01
  2.992000e-01  5.341390e+01
  2.915000e-01  6.350415e+01
  2.839000e-01  7.310049e+01
  2.766000e-01  5.320225e+01
  2.694000e-01  1.083110e+02
  2.624000e-01  1.922060e+02
  2.556000e-01  2.284025e+02
  2.490000e-01  8.509580e+01
  2.426000e-01  1.006192e+02
  2.363000e-01  1.008318e+02
  2.302000e-01  6.364520e+01
  2.242000e-01  5.122655e+01
  2.184000e-01  4.805130e+01
  2.127000e-01  5.186165e+01
  2.072000e-01  4.741635e+01
  2.019000e-01  4.656950e+01
  1.966000e-01  5.207330e+01
  1.915000e-01  6.054060e+01
  1.866000e-01  6.336290e+01
  1.817000e-01  5.898815e+01
  1.770000e-01  5.800030e+01
  1.725000e-01  6.202230e+01
  1.680000e-01  5.800035e+01
  1.636000e-01  5.729480e+01
  1.594000e-01  5.426060e+01
  1.553000e-01  5.955265e+01
  1.512000e-01  5.602460e+01
  1.473000e-01  5.898820e+01
  1.435000e-01  6.957230e+01
  1.398000e-01  6.519755e+01
  1.362000e-01  6.223390e+01
  1.326000e-01  6.618520e+01
  1.292000e-01  6.498580e+01
  1.259000e-01  6.689105e+01
  1.226000e-01  6.731430e+01
  1.194000e-01  7.091295e+01
  1.163000e-01  7.493505e+01
  1.133000e-01  7.542896e+01
  1.104000e-01  7.542896e+01
  1.075000e-01  7.945074e+01
  1.047000e-01  7.705170e+01
  1.020000e-01  7.789850e+01
  9.940000e-02  8.008590e+01
  9.680000e-02  7.571125e+01
  9.430000e-02  7.740445e+01
  9.190000e-02  7.740450e+01
  8.950000e-02  7.535820e+01
  8.720000e-02  7.437041e+01
  8.490000e-02  7.366475e+01
  8.270000e-02  6.830210e+01
  8.060000e-02  6.653810e+01
  7.850000e-02  6.555035e+01
  7.640000e-02  6.061110e+01
  7.450000e-02  5.553080e+01
  7.250000e-02  5.397850e+01
  7.070000e-02  5.249670e+01
  6.880000e-02  4.558185e+01
  6.700000e-02  4.438225e+01
  6.530000e-02  4.212415e+01
  6.360000e-02  3.478605e+01
  6.200000e-02  3.154025e+01
  6.040000e-02  2.787125e+01
  5.880000e-02  2.695400e+01
  5.730000e-02  2.300245e+01
  5.580000e-02  1.919230e+01
  5.430000e-02  1.559375e+01
  5.290000e-02  1.629940e+01
  5.160000e-02  9.878389e+00
  5.020000e-02  9.948940e+00
  4.890000e-02  8.467310e+00
  4.770000e-02  9.172871e+00
  4.640000e-02  6.562090e+00
  4.520000e-02  5.644800e+00
  4.410000e-02  5.433130e+00
  4.290000e-02  4.374730e+00
  4.180000e-02  2.963520e+00
  4.070000e-02  3.175200e+00
  3.970000e-02  3.104640e+00
  3.860000e-02  2.399040e+00
  3.760000e-02  2.116800e+00
  3.670000e-02  1.764000e+00
  3.570000e-02  1.199520e+00
  3.480000e-02  9.172800e-01
  3.390000e-02  8.467200e-01
  3.300000e-02  6.350400e-01
  3.220000e-02  5.644800e-01
  3.130000e-02  7.056000e-01
  3.050000e-02  6.350400e-01
  2.970000e-02  2.116800e-01
  2.890000e-02  3.528000e-01
  2.820000e-02  2.116800e-01
  2.750000e-02  7.056000e-02
  2.680000e-02  1.411200e-01
  2.610000e-02  2.822400e-01
  2.540000e-02  7.056000e-02
  2.470000e-02  3.528000e-01
  2.410000e-02  0.000000e+00
  2.350000e-02  2.822400e-01
  2.290000e-02  2.822400e-01
  2.230000e-02  2.116800e-01
  2.170000e-02  2.116800e-01
  2.110000e-02  2.822400e-01
  2.060000e-02  1.411200e-01
  2.000000e-02  2.116800e-01
  1.950000e-02  2.116800e-01
  1.900000e-02  0.000000e+00
  1.850000e-02  7.056000e-02
  1.800000e-02  1.411200e-01
  1.760000e-02  2.822400e-01
  1.710000e-02  1.411200e-01
  1.670000e-02  7.056000e-02
  1.630000e-02  2.116800e-01
  1.580000e-02  1.411200e-01
  1.540000e-02  1.411200e-01
  1.500000e-02  0.000000e+00
  1.460000e-02  2.116800e-01
  1.430000e-02  7.056000e-02
  1.390000e-02  7.056000e-02
  1.350000e-02  7.056000e-02
  1.320000e-02  0.000000e+00
  1.280000e-02  0.000000e+00
  1.250000e-02  0.000000e+00
  1.220000e-02  0.000000e+00
  1.190000e-02  0.000000e+00
  1.160000e-02  1.411200e-01
  1.130000e-02  0.000000e+00
  1.100000e-02  1.573500e+01
  1.070000e-02  2.109740e+01
  1.040000e-02  1.905120e+01
  1.010000e-02  1.868435e+02
