  4.934820e+03  4.000500e-02
  4.806990e+03  0.000000e+00
  4.682470e+03  0.000000e+00
  4.561180e+03  0.000000e+00
  4.443030e+03  0.000000e+00
  4.327940e+03  0.000000e+00
  4.215830e+03  0.000000e+00
  4.106630e+03  0.000000e+00
  4.000250e+03  0.000000e+00
  3.896630e+03  0.000000e+00
  3.795700e+03  0.000000e+00
  3.697380e+03  4.000500e-02
  3.601600e+03  0.000000e+00
  3.508310e+03  0.000000e+00
  3.417430e+03  0.000000e+00
  3.328910e+03  0.000000e+00
  3.242680e+03  0.000000e+00
  3.158680e+03  0.000000e+00
  3.076860e+03  4.000500e-02
  2.997160e+03  4.000500e-02
  2.919530e+03  0.000000e+00
  2.843900e+03  4.000500e-02
  2.770230e+03  0.000000e+00
  2.698480e+03  0.000000e+00
  2.628580e+03  4.000500e-02
  2.560490e+03  8.001000e-02
  2.494160e+03  0.000000e+00
  2.429550e+03  0.000000e+00
  2.366620e+03  4.000500e-02
  2.305320e+03  8.001000e-02
  2.245600e+03  4.000500e-02
  2.187430e+03  4.000500e-02
  2.130770e+03  8.001000e-02
  2.075580e+03  4.000500e-02
  2.021810e+03  0.000000e+00
  1.969440e+03  1.200150e-01
  1.918430e+03  4.000500e-02
  1.868730e+03  2.400300e-01
  1.820330e+03  8.001000e-02
  1.773170e+03  1.200150e-01
  1.727240e+03  4.000500e-02
  1.682500e+03  8.001000e-02
  1.638920e+03  1.200150e-01
  1.596470e+03  2.800350e-01
  1.555110e+03  4.000500e-01
  1.514830e+03  2.000250e-01
  1.475590e+03  4.400550e-01
  1.437370e+03  1.600200e-01
  1.400140e+03  3.200400e-01
  1.363870e+03  4.000500e-01
  1.328540e+03  4.000500e-01
  1.294120e+03  4.800600e-01
  1.260600e+03  4.400550e-01
  1.227950e+03  4.400550e-01
  1.196140e+03  6.000750e-01
  1.165160e+03  7.600950e-01
  1.134980e+03  4.800600e-01
  1.105580e+03  8.801100e-01
  1.076940e+03  1.000125e+00
  1.049040e+03  8.801100e-01
  1.021870e+03  1.400175e+00
  9.953980e+02  1.320165e+00
  9.696140e+02  1.480185e+00
  9.444970e+02  1.560195e+00
  9.200320e+02  2.360295e+00
  8.962000e+02  1.920240e+00
  8.729850e+02  2.320290e+00
  8.503720e+02  2.360295e+00
  8.283450e+02  3.240405e+00
  8.068880e+02  2.880360e+00
  7.859870e+02  3.400425e+00
  7.656270e+02  3.600450e+00
  7.457950e+02  4.680585e+00
  7.264760e+02  5.680695e+00
  7.076580e+02  6.120765e+00
  6.893270e+02  7.280915e+00
  6.714710e+02  7.600895e+00
  6.540780e+02  7.961005e+00
  6.371350e+02  1.064130e+01
  6.206310e+02  1.092147e+01
  6.045550e+02  1.288160e+01
  5.888950e+02  1.280145e+01
  5.736410e+02  1.416160e+01
  5.587810e+02  1.656200e+01
  5.443070e+02  2.024245e+01
  5.302080e+02  2.224275e+01
  5.164740e+02  2.416295e+01
  5.030950e+02  2.788350e+01
  4.900630e+02  3.056385e+01
  4.773690e+02  3.392415e+01
  4.650040e+02  4.108505e+01
  4.529580e+02  4.556560e+01
  4.412250e+02  5.224650e+01
  4.297960e+02  5.948740e+01
  4.186630e+02  6.592815e+01
  4.078180e+02  7.000870e+01
  3.972540e+02  8.461045e+01
  3.869640e+02  9.221065e+01
  3.769400e+02  1.069720e+02
  3.671770e+02  1.182145e+02
  3.576650e+02  1.332185e+02
  3.484010e+02  1.513400e+02
  3.393760e+02  1.679000e+02
  3.305850e+02  1.868620e+02
  3.220220e+02  2.139880e+02
  3.136800e+02  2.363900e+02
  3.055550e+02  2.693115e+02
  2.976400e+02  2.967590e+02
  2.899300e+02  3.372805e+02
  2.824200e+02  3.786495e+02
  2.751040e+02  4.199320e+02
  2.679780e+02  4.725790e+02
  2.610370e+02  5.321060e+02
  2.542750e+02  5.984335e+02
  2.476890e+02  6.600420e+02
  2.412730e+02  7.447720e+02
  2.350230e+02  8.450665e+02
  2.289350e+02  9.382775e+02
  2.230050e+02  1.050060e+03
  2.172280e+02  1.182485e+03
  2.116010e+02  1.314240e+03
  2.061200e+02  1.444120e+03
  2.007810e+02  1.616400e+03
  1.955800e+02  1.803440e+03
  1.905140e+02  2.003485e+03
  1.855790e+02  2.251420e+03
  1.807720e+02  2.499540e+03
  1.760890e+02  2.783140e+03
  1.715280e+02  3.081600e+03
  1.670850e+02  3.395760e+03
  1.627570e+02  3.728175e+03
  1.585410e+02  4.129020e+03
  1.544340e+02  4.513755e+03
  1.504340e+02  4.937800e+03
  1.465370e+02  5.400420e+03
  1.427410e+02  5.889545e+03
  1.390440e+02  6.425760e+03
  1.354420e+02  7.020860e+03
  1.319340e+02  7.574235e+03
  1.285160e+02  8.210920e+03
  1.251870e+02  8.855381e+03
  1.219440e+02  9.509880e+03
  1.187850e+02  1.025030e+04
  1.157090e+02  1.099225e+04
  1.127110e+02  1.183185e+04
  1.097920e+02  1.265745e+04
  1.069480e+02  1.350840e+04
  1.041770e+02  1.446955e+04
  1.014790e+02  1.534210e+04
  9.885030e+01  1.633550e+04
  9.628970e+01  1.727145e+04
  9.379550e+01  1.821370e+04
  9.136590e+01  1.922405e+04
  8.899920e+01  2.018980e+04
  8.669380e+01  2.115935e+04
  8.444820e+01  2.202190e+04
  8.226070e+01  2.292515e+04
  8.012980e+01  2.384275e+04
  7.805420e+01  2.454140e+04
  7.603240e+01  2.529970e+04
  7.406290e+01  2.593520e+04
  7.214440e+01  2.643600e+04
  7.027560e+01  2.700935e+04
  6.845520e+01  2.725380e+04
  6.668200e+01  2.752670e+04
  6.495470e+01  2.756090e+04
  6.327220e+01  2.771105e+04
  6.163320e+01  2.779555e+04
  6.003670e+01  2.765230e+04
  5.848160e+01  2.763145e+04
  5.696670e+01  2.753260e+04
  5.549110e+01  2.737580e+04
  5.405370e+01  2.687240e+04
  5.265350e+01  2.623180e+04
  5.128960e+01  2.555965e+04
  4.996100e+01  2.487410e+04
  4.866690e+01  2.394100e+04
  4.740620e+01  2.299730e+04
  4.617830e+01  2.199520e+04
  4.498210e+01  2.106755e+04
  4.381690e+01  2.055015e+04
  4.268190e+01  1.991325e+04
  4.157630e+01  1.925860e+04
  4.049930e+01  1.850230e+04
  3.945030e+01  1.782760e+04
  3.842840e+01  1.732605e+04
  3.743290e+01  1.663225e+04
  3.646330e+01  1.607730e+04
  3.551880e+01  1.544450e+04
  3.459870e+01  1.473545e+04
  3.370250e+01  1.409135e+04
  3.282950e+01  1.338635e+04
  3.197910e+01  1.267915e+04
  3.115070e+01  1.204515e+04
  3.034380e+01  1.141525e+04
  2.955780e+01  1.070435e+04
  2.879220e+01  1.012360e+04
  2.804640e+01  9.528680e+03
  2.731990e+01  8.886580e+03
  2.661220e+01  8.346295e+03
  2.592290e+01  7.792600e+03
  2.525140e+01  7.276980e+03
  2.459730e+01  6.754010e+03
  2.396010e+01  6.279520e+03
  2.333950e+01  5.827940e+03
  2.273490e+01  5.410260e+03
  2.214600e+01  5.020880e+03
  2.157230e+01  4.648880e+03
  2.101350e+01  4.260260e+03
  2.046920e+01  3.913540e+03
  1.993900e+01  3.598320e+03
  1.942250e+01  3.306600e+03
  1.891940e+01  3.015240e+03
  1.842930e+01  2.774565e+03
  1.795200e+01  2.505620e+03
  1.748690e+01  2.290140e+03
  1.703400e+01  2.072975e+03
  1.659270e+01  1.878240e+03
  1.616290e+01  1.714040e+03
  1.574430e+01  1.560240e+03
  1.533640e+01  1.395920e+03
  1.493920e+01  1.256475e+03
  1.455220e+01  1.106420e+03
  1.417520e+01  9.831140e+02
  1.380800e+01  8.519865e+02
  1.345040e+01  7.272505e+02
  1.310200e+01  6.295590e+02
  1.276260e+01  5.427085e+02
  1.243200e+01  4.770595e+02
  1.211000e+01  4.142505e+02
  1.179630e+01  3.611655e+02
  1.149070e+01  3.131995e+02
  1.119310e+01  2.773135e+02
  1.090310e+01  2.388300e+02
  1.062070e+01  2.102670e+02
  1.034560e+01  1.885015e+02
  1.007760e+01  1.574600e+02
  9.816600e+00  1.403000e+02
  9.562300e+00  1.176530e+02
  9.314600e+00  9.885091e+01
  9.073300e+00  8.401050e+01
  8.838300e+00  6.768845e+01
  8.609300e+00  5.732700e+01
  8.386300e+00  5.044620e+01
  8.169100e+00  4.844600e+01
  7.957500e+00  4.856605e+01
  7.751400e+00  5.424675e+01
  7.550600e+00  5.968745e+01
  7.355000e+00  6.140760e+01
  7.164500e+00  5.924730e+01
  6.978900e+00  6.000740e+01
  6.798100e+00  6.108760e+01
  6.622000e+00  5.972735e+01
  6.450500e+00  6.052740e+01
  6.283400e+00  5.872725e+01
  6.120600e+00  5.716710e+01
  5.962100e+00  6.016745e+01
  5.807600e+00  6.264775e+01
  5.657200e+00  6.380790e+01
  5.510700e+00  6.684830e+01
  5.367900e+00  6.916855e+01
  5.228900e+00  6.844855e+01
  5.093400e+00  6.736840e+01
  4.961500e+00  6.900865e+01
  4.833000e+00  7.184890e+01
  4.707800e+00  6.868855e+01
  4.585800e+00  7.032875e+01
  4.467100e+00  7.132890e+01
  4.351300e+00  6.868855e+01
  4.238600e+00  7.280895e+01
  4.128800e+00  7.560941e+01
  4.021900e+00  8.285040e+01
  3.917700e+00  7.656966e+01
  3.816200e+00  7.568940e+01
  3.717400e+00  7.680960e+01
  3.621100e+00  7.904985e+01
  3.527300e+00  7.432930e+01
  3.435900e+00  7.724955e+01
  3.346900e+00  7.228905e+01
  3.260200e+00  6.864850e+01
  3.175800e+00  5.968725e+01
  3.093500e+00  5.280655e+01
  3.013400e+00  4.448550e+01
  2.935300e+00  4.932600e+01
  2.859300e+00  5.616685e+01
  2.785200e+00  5.976730e+01
  2.713100e+00  6.776835e+01
  2.642800e+00  6.960875e+01
  2.574300e+00  6.508805e+01
  2.507600e+00  6.684825e+01
  2.442700e+00  6.524815e+01
  2.379400e+00  6.776835e+01
  2.317800e+00  6.452795e+01
  2.257700e+00  6.224780e+01
  2.199300e+00  6.560810e+01
  2.142300e+00  5.952740e+01
  2.086800e+00  5.588685e+01
  2.032700e+00  5.600700e+01
  1.980100e+00  5.872715e+01
  1.928800e+00  5.368665e+01
  1.878800e+00  5.128635e+01
  1.830200e+00  5.172640e+01
  1.782800e+00  6.064755e+01
  1.736600e+00  5.248645e+01
  1.691600e+00  4.664580e+01
  1.647800e+00  4.636565e+01
  1.605100e+00  4.572565e+01
  1.563500e+00  4.172505e+01
  1.523000e+00  4.048500e+01
  1.483600e+00  3.940490e+01
  1.445100e+00  3.704460e+01
  1.407700e+00  3.584430e+01
  1.371200e+00  3.752485e+01
  1.335700e+00  3.364405e+01
  1.301100e+00  3.604450e+01
  1.267400e+00  3.192390e+01
  1.234600e+00  3.264405e+01
  1.202600e+00  3.612440e+01
  1.171500e+00  3.232400e+01
  1.141100e+00  3.484425e+01
  1.111600e+00  3.124390e+01
  1.082800e+00  2.920355e+01
  1.054700e+00  3.508435e+01
  1.027400e+00  3.284415e+01
  1.000800e+00  3.136390e+01
  9.749000e-01  3.228395e+01
  9.496000e-01  3.540430e+01
  9.250000e-01  3.820455e+01
  9.010000e-01  3.828475e+01
  8.777000e-01  4.244535e+01
  8.550000e-01  4.268535e+01
  8.328000e-01  4.544570e+01
  8.113000e-01  5.044630e+01
  7.902000e-01  5.260655e+01
  7.698000e-01  5.144650e+01
  7.498000e-01  5.952740e+01
  7.304000e-01  6.212780e+01
  7.115000e-01  6.180765e+01
  6.931000e-01  7.048875e+01
  6.751000e-01  9.825065e+01
  6.576000e-01  1.421400e+02
  6.406000e-01  1.592600e+02
  6.240000e-01  8.709090e+01
  6.078000e-01  9.353070e+01
  5.921000e-01  9.497095e+01
  5.767000e-01  9.821065e+01
  5.618000e-01  1.029710e+02
  5.472000e-01  1.085705e+02
  5.331000e-01  1.290985e+02
  5.193000e-01  1.322990e+02
  5.058000e-01  1.381800e+02
  4.927000e-01  1.367795e+02
  4.799000e-01  1.340595e+02
  4.675000e-01  1.330585e+02
  4.554000e-01  1.372200e+02
  4.436000e-01  1.496200e+02
  4.321000e-01  1.500600e+02
  4.209000e-01  1.585800e+02
  4.100000e-01  1.609000e+02
  3.994000e-01  2.223495e+02
  3.891000e-01  2.114275e+02
  3.790000e-01  2.160695e+02
  3.692000e-01  1.953035e+02
  3.596000e-01  1.931815e+02
  3.503000e-01  1.883010e+02
  3.412000e-01  1.863020e+02
  3.324000e-01  1.795005e+02
  3.238000e-01  1.726605e+02
  3.154000e-01  1.884215e+02
  3.072000e-01  1.841805e+02
  2.992000e-01  2.272700e+02
  2.915000e-01  2.504300e+02
  2.839000e-01  2.791955e+02
  2.766000e-01  2.350700e+02
  2.694000e-01  2.573100e+02
  2.624000e-01  2.269095e+02
  2.556000e-01  2.030250e+02
  2.490000e-01  1.911425e+02
  2.426000e-01  1.757400e+02
  2.363000e-01  1.587000e+02
  2.302000e-01  1.466200e+02
  2.242000e-01  1.354195e+02
  2.184000e-01  1.234160e+02
  2.127000e-01  1.092915e+02
  2.072000e-01  1.023305e+02
  2.019000e-01  9.093095e+01
  1.966000e-01  8.473065e+01
  1.915000e-01  7.612955e+01
  1.866000e-01  7.000874e+01
  1.817000e-01  6.332780e+01
  1.770000e-01  5.900740e+01
  1.725000e-01  5.132630e+01
  1.680000e-01  4.228520e+01
  1.636000e-01  4.044490e+01
  1.594000e-01  3.476420e+01
  1.553000e-01  3.092380e+01
  1.512000e-01  2.708330e+01
  1.473000e-01  2.340285e+01
  1.435000e-01  2.140250e+01
  1.398000e-01  2.100260e+01
  1.362000e-01  1.656200e+01
  1.326000e-01  1.640190e+01
  1.292000e-01  1.444170e+01
  1.259000e-01  1.064120e+01
  1.226000e-01  1.048110e+01
  1.194000e-01  8.721035e+00
  1.163000e-01  7.920940e+00
  1.133000e-01  6.600810e+00
  1.104000e-01  5.280660e+00
  1.075000e-01  5.000625e+00
  1.047000e-01  4.400535e+00
  1.020000e-01  3.240405e+00
  9.940000e-02  3.360420e+00
  9.680000e-02  2.760345e+00
  9.430000e-02  2.520315e+00
  9.190000e-02  2.280285e+00
  8.950000e-02  1.840230e+00
  8.720000e-02  1.440180e+00
  8.490000e-02  1.800225e+00
  8.270000e-02  1.840230e+00
  8.060000e-02  1.680210e+00
  7.850000e-02  1.560195e+00
  7.640000e-02  1.280160e+00
  7.450000e-02  1.440180e+00
  7.250000e-02  1.560195e+00
  7.070000e-02  1.400175e+00
  6.880000e-02  1.360170e+00
  6.700000e-02  1.400175e+00
  6.530000e-02  1.280160e+00
  6.360000e-02  1.560195e+00
  6.200000e-02  1.160145e+00
  6.040000e-02  1.400175e+00
  5.880000e-02  1.200150e+00
  5.730000e-02  1.040130e+00
  5.580000e-02  1.160145e+00
  5.430000e-02  9.201150e-01
  5.290000e-02  1.000125e+00
  5.160000e-02  1.200150e+00
  5.020000e-02  1.200150e+00
  4.890000e-02  1.080135e+00
  4.770000e-02  9.201150e-01
  4.640000e-02  1.080135e+00
  4.520000e-02  6.800849e-01
  4.410000e-02  8.801100e-01
  4.290000e-02  8.001000e-01
  4.180000e-02  6.800849e-01
  4.070000e-02  1.120140e+00
  3.970000e-02  8.801100e-01
  3.860000e-02  7.200900e-01
  3.760000e-02  8.801100e-01
  3.670000e-02  8.801100e-01
  3.570000e-02  6.400800e-01
  3.480000e-02  1.040130e+00
  3.390000e-02  7.600950e-01
  3.300000e-02  8.801100e-01
  3.220000e-02  6.400800e-01
  3.130000e-02  4.800600e-01
  3.050000e-02  1.160145e+00
  2.970000e-02  1.040130e+00
  2.890000e-02  8.001000e-01
  2.820000e-02  5.600700e-01
  2.750000e-02  7.200900e-01
  2.680000e-02  6.000750e-01
  2.610000e-02  5.200650e-01
  2.540000e-02  3.200400e-01
  2.470000e-02  3.600450e-01
  2.410000e-02  3.600450e-01
  2.350000e-02  3.600450e-01
  2.290000e-02  2.800350e-01
  2.230000e-02  3.600450e-01
  2.170000e-02  1.200150e-01
  2.110000e-02  3.600450e-01
  2.060000e-02  1.200150e-01
  2.000000e-02  3.200400e-01
  1.950000e-02  4.000500e-02
  1.900000e-02  1.600200e-01
  1.850000e-02  8.001000e-02
  1.800000e-02  3.200400e-01
  1.760000e-02  4.000500e-02
  1.710000e-02  0.000000e+00
  1.670000e-02  4.000500e-02
  1.630000e-02  8.001000e-02
  1.580000e-02  4.000500e-02
  1.540000e-02  1.200150e-01
  1.500000e-02  0.000000e+00
  1.460000e-02  4.000500e-02
  1.430000e-02  0.000000e+00
  1.390000e-02  0.000000e+00
  1.350000e-02  0.000000e+00
  1.320000e-02  0.000000e+00
  1.280000e-02  4.000500e-02
  1.250000e-02  0.000000e+00
  1.220000e-02  0.000000e+00
  1.190000e-02  0.000000e+00
  1.160000e-02  0.000000e+00
  1.130000e-02  0.000000e+00
  1.100000e-02  4.000500e-01
  1.070000e-02  4.800600e-01
  1.040000e-02  2.800350e-01
  1.010000e-02  1.280160e+00
