  4.934820e+03  2.275500e-02
  4.806990e+03  7.585000e-03
  4.682470e+03  7.585000e-03
  4.561180e+03  7.585000e-03
  4.443030e+03  0.000000e+00
  4.327940e+03  7.585000e-03
  4.215830e+03  0.000000e+00
  4.106630e+03  0.000000e+00
  4.000250e+03  0.000000e+00
  3.896630e+03  0.000000e+00
  3.795700e+03  1.517000e-02
  3.697380e+03  7.585000e-03
  3.601600e+03  7.585000e-03
  3.508310e+03  7.585000e-03
  3.417430e+03  7.585000e-03
  3.328910e+03  0.000000e+00
  3.242680e+03  1.517000e-02
  3.158680e+03  1.517000e-02
  3.076860e+03  1.517000e-02
  2.997160e+03  1.517000e-02
  2.919530e+03  7.585000e-03
  2.843900e+03  2.275500e-02
  2.770230e+03  7.585000e-03
  2.698480e+03  7.585000e-03
  2.628580e+03  3.792500e-02
  2.560490e+03  2.275500e-02
  2.494160e+03  7.585000e-03
  2.429550e+03  5.309500e-02
  2.366620e+03  2.275500e-02
  2.305320e+03  3.792500e-02
  2.245600e+03  6.068000e-02
  2.187430e+03  4.551000e-02
  2.130770e+03  4.551000e-02
  2.075580e+03  3.034000e-02
  2.021810e+03  3.792500e-02
  1.969440e+03  5.309500e-02
  1.918430e+03  4.551000e-02
  1.868730e+03  7.585000e-02
  1.820330e+03  6.826500e-02
  1.773170e+03  3.792500e-02
  1.727240e+03  8.343500e-02
  1.682500e+03  1.137750e-01
  1.638920e+03  6.068000e-02
  1.596470e+03  1.668695e-01
  1.555110e+03  8.343500e-02
  1.514830e+03  1.365300e-01
  1.475590e+03  1.289450e-01
  1.437370e+03  1.668700e-01
  1.400140e+03  1.744550e-01
  1.363870e+03  1.820395e-01
  1.328540e+03  2.882285e-01
  1.294120e+03  2.351350e-01
  1.260600e+03  2.047945e-01
  1.227950e+03  3.413225e-01
  1.196140e+03  3.792480e-01
  1.165160e+03  3.564930e-01
  1.134980e+03  3.337370e-01
  1.105580e+03  3.640775e-01
  1.076940e+03  4.854355e-01
  1.049040e+03  4.930215e-01
  1.021870e+03  6.371350e-01
  9.953980e+02  6.295505e-01
  9.696140e+02  7.509115e-01
  9.444970e+02  8.115890e-01
  9.200320e+02  7.129850e-01
  8.962000e+02  8.874405e-01
  8.729850e+02  9.405360e-01
  8.503720e+02  1.213598e+00
  8.283450e+02  1.259110e+00
  8.068880e+02  1.380470e+00
  7.859870e+02  1.600435e+00
  7.656270e+02  1.759720e+00
  7.457950e+02  1.827985e+00
  7.264760e+02  1.964515e+00
  7.076580e+02  2.518220e+00
  6.893270e+02  2.457540e+00
  6.714710e+02  2.700260e+00
  6.540780e+02  3.549780e+00
  6.371350e+02  3.762160e+00
  6.206310e+02  4.080720e+00
  6.045550e+02  4.558570e+00
  5.888950e+02  4.998480e+00
  5.736410e+02  5.332200e+00
  5.587810e+02  6.576100e+00
  5.443070e+02  7.205650e+00
  5.302080e+02  7.319430e+00
  5.164740e+02  8.055190e+00
  5.030950e+02  9.549475e+00
  4.900630e+02  1.043700e+01
  4.773690e+02  1.157450e+01
  4.650040e+02  1.274270e+01
  4.529580e+02  1.489670e+01
  4.412250e+02  1.617100e+01
  4.297960e+02  1.780185e+01
  4.186630e+02  1.925060e+01
  4.078180e+02  2.210250e+01
  3.972540e+02  2.478755e+01
  3.869640e+02  2.691125e+01
  3.769400e+02  2.989215e+01
  3.671770e+02  3.321435e+01
  3.576650e+02  3.726475e+01
  3.484010e+02  4.063245e+01
  3.393760e+02  4.575240e+01
  3.305850e+02  5.011365e+01
  3.220220e+02  5.691745e+01
  3.136800e+02  6.117240e+01
  3.055550e+02  6.791550e+01
  2.976400e+02  7.427910e+01
  2.899300e+02  8.301704e+01
  2.824200e+02  9.085220e+01
  2.751040e+02  9.974194e+01
  2.679780e+02  1.114525e+02
  2.610370e+02  1.214575e+02
  2.542750e+02  1.339875e+02
  2.476890e+02  1.457590e+02
  2.412730e+02  1.621360e+02
  2.350230e+02  1.791490e+02
  2.289350e+02  1.978305e+02
  2.230050e+02  2.183315e+02
  2.172280e+02  2.409810e+02
  2.116010e+02  2.605040e+02
  2.061200e+02  2.842990e+02
  2.007810e+02  3.101170e+02
  1.955800e+02  3.412615e+02
  1.905140e+02  3.749840e+02
  1.855790e+02  4.143730e+02
  1.807720e+02  4.509090e+02
  1.760890e+02  4.931645e+02
  1.715280e+02  5.437335e+02
  1.670850e+02  5.878465e+02
  1.627570e+02  6.376430e+02
  1.585410e+02  6.829845e+02
  1.544340e+02  7.322120e+02
  1.504340e+02  7.919435e+02
  1.465370e+02  8.550340e+02
  1.427410e+02  9.101830e+02
  1.390440e+02  9.740355e+02
  1.354420e+02  1.036465e+03
  1.319340e+02  1.098595e+03
  1.285160e+02  1.165625e+03
  1.251870e+02  1.234740e+03
  1.219440e+02  1.300640e+03
  1.187850e+02  1.379675e+03
  1.157090e+02  1.447330e+03
  1.127110e+02  1.535800e+03
  1.097920e+02  1.616485e+03
  1.069480e+02  1.704450e+03
  1.041770e+02  1.789875e+03
  1.014790e+02  1.872640e+03
  9.885030e+01  1.975255e+03
  9.628970e+01  2.066880e+03
  9.379550e+01  2.175245e+03
  9.136590e+01  2.271945e+03
  8.899920e+01  2.372100e+03
  8.669380e+01  2.481815e+03
  8.444820e+01  2.586320e+03
  8.226070e+01  2.698695e+03
  8.012980e+01  2.806485e+03
  7.805420e+01  2.919675e+03
  7.603240e+01  3.041995e+03
  7.406290e+01  3.164960e+03
  7.214440e+01  3.283255e+03
  7.027560e+01  3.392760e+03
  6.845520e+01  3.508345e+03
  6.668200e+01  3.637615e+03
  6.495470e+01  3.723775e+03
  6.327220e+01  3.806530e+03
  6.163320e+01  3.869290e+03
  6.003670e+01  3.907985e+03
  5.848160e+01  3.921615e+03
  5.696670e+01  3.936185e+03
  5.549110e+01  3.968415e+03
  5.405370e+01  4.002400e+03
  5.265350e+01  4.050610e+03
  5.128960e+01  4.110930e+03
  4.996100e+01  4.171225e+03
  4.866690e+01  4.204840e+03
  4.740620e+01  4.249495e+03
  4.617830e+01  4.263480e+03
  4.498210e+01  4.234270e+03
  4.381690e+01  4.193455e+03
  4.268190e+01  4.124720e+03
  4.157630e+01  4.045855e+03
  4.049930e+01  3.969295e+03
  3.945030e+01  3.886035e+03
  3.842840e+01  3.801075e+03
  3.743290e+01  3.717170e+03
  3.646330e+01  3.633085e+03
  3.551880e+01  3.558815e+03
  3.459870e+01  3.484860e+03
  3.370250e+01  3.395835e+03
  3.282950e+01  3.334200e+03
  3.197910e+01  3.246960e+03
  3.115070e+01  3.178685e+03
  3.034380e+01  3.095760e+03
  2.955780e+01  3.028320e+03
  2.879220e+01  2.945470e+03
  2.804640e+01  2.850890e+03
  2.731990e+01  2.779820e+03
  2.661220e+01  2.689370e+03
  2.592290e+01  2.592530e+03
  2.525140e+01  2.499025e+03
  2.459730e+01  2.396110e+03
  2.396010e+01  2.301750e+03
  2.333950e+01  2.204870e+03
  2.273490e+01  2.091900e+03
  2.214600e+01  1.975725e+03
  2.157230e+01  1.856305e+03
  2.101350e+01  1.743985e+03
  2.046920e+01  1.617645e+03
  1.993900e+01  1.504105e+03
  1.942250e+01  1.396160e+03
  1.891940e+01  1.295315e+03
  1.842930e+01  1.247450e+03
  1.795200e+01  1.205575e+03
  1.748690e+01  1.191995e+03
  1.703400e+01  1.183315e+03
  1.659270e+01  1.193410e+03
  1.616290e+01  1.223535e+03
  1.574430e+01  1.241110e+03
  1.533640e+01  1.252080e+03
  1.493920e+01  1.266215e+03
  1.455220e+01  1.248515e+03
  1.417520e+01  1.179545e+03
  1.380800e+01  1.067990e+03
  1.345040e+01  9.178970e+02
  1.310200e+01  7.589485e+02
  1.276260e+01  6.024860e+02
  1.243200e+01  4.676785e+02
  1.211000e+01  3.535405e+02
  1.179630e+01  2.680735e+02
  1.149070e+01  1.994995e+02
  1.119310e+01  1.585545e+02
  1.090310e+01  1.323485e+02
  1.062070e+01  1.074105e+02
  1.034560e+01  8.715095e+01
  1.007760e+01  6.950826e+01
  9.816600e+00  5.329180e+01
  9.562300e+00  4.359065e+01
  9.314600e+00  4.611635e+01
  9.073300e+00  6.551865e+01
  8.838300e+00  9.473570e+01
  8.609300e+00  1.422635e+02
  8.386300e+00  2.070760e+02
  8.169100e+00  3.008715e+02
  7.957500e+00  4.214785e+02
  7.751400e+00  4.939830e+02
  7.550600e+00  5.873015e+02
  7.355000e+00  5.878390e+02
  7.164500e+00  5.560665e+02
  6.978900e+00  5.181875e+02
  6.798100e+00  4.712825e+02
  6.622000e+00  4.231175e+02
  6.450500e+00  3.786010e+02
  6.283400e+00  3.366485e+02
  6.120600e+00  2.999535e+02
  5.962100e+00  2.700610e+02
  5.807600e+00  2.519260e+02
  5.657200e+00  2.339055e+02
  5.510700e+00  2.167160e+02
  5.367900e+00  1.950235e+02
  5.228900e+00  1.727320e+02
  5.093400e+00  1.526930e+02
  4.961500e+00  1.339500e+02
  4.833000e+00  1.152305e+02
  4.707800e+00  1.012510e+02
  4.585800e+00  8.290320e+01
  4.467100e+00  7.013015e+01
  4.351300e+00  6.438850e+01
  4.238600e+00  5.771360e+01
  4.128800e+00  5.125145e+01
  4.021900e+00  5.335235e+01
  3.917700e+00  4.117865e+01
  3.816200e+00  3.335860e+01
  3.717400e+00  2.914140e+01
  3.621100e+00  2.526545e+01
  3.527300e+00  2.129850e+01
  3.435900e+00  1.837830e+01
  3.346900e+00  1.356180e+01
  3.260200e+00  9.966579e+00
  3.175800e+00  6.143760e+00
  3.093500e+00  3.109850e+00
  3.013400e+00  2.487880e+00
  2.935300e+00  2.662335e+00
  2.859300e+00  3.527020e+00
  2.785200e+00  5.256355e+00
  2.713100e+00  6.978105e+00
  2.642800e+00  6.955355e+00
  2.574300e+00  6.454745e+00
  2.507600e+00  5.392885e+00
  2.442700e+00  5.332195e+00
  2.379400e+00  4.952970e+00
  2.317800e+00  4.262760e+00
  2.257700e+00  4.004875e+00
  2.199300e+00  3.982125e+00
  2.142300e+00  3.625620e+00
  2.086800e+00  3.238795e+00
  2.032700e+00  3.147775e+00
  1.980100e+00  3.360155e+00
  1.928800e+00  2.222405e+00
  1.878800e+00  2.017610e+00
  1.830200e+00  2.161725e+00
  1.782800e+00  4.975740e+00
  1.736600e+00  2.609240e+00
  1.691600e+00  1.881080e+00
  1.647800e+00  1.736965e+00
  1.605100e+00  1.304620e+00
  1.563500e+00  1.403225e+00
  1.523000e+00  1.365300e+00
  1.483600e+00  1.403225e+00
  1.445100e+00  1.213600e+00
  1.407700e+00  1.016388e+00
  1.371200e+00  9.936325e-01
  1.335700e+00  1.160505e+00
  1.301100e+00  8.722720e-01
  1.267400e+00  7.509094e-01
  1.234600e+00  8.495156e-01
  1.202600e+00  9.101970e-01
  1.171500e+00  7.660805e-01
  1.141100e+00  7.433270e-01
  1.111600e+00  8.950230e-01
  1.082800e+00  5.916260e-01
  1.054700e+00  8.115910e-01
  1.027400e+00  6.447180e-01
  1.000800e+00  6.067960e-01
  9.749000e-01  6.978140e-01
  9.496000e-01  6.143785e-01
  9.250000e-01  4.702670e-01
  9.010000e-01  7.205695e-01
  8.777000e-01  7.357380e-01
  8.550000e-01  6.902305e-01
  8.328000e-01  5.916260e-01
  8.113000e-01  7.433250e-01
  7.902000e-01  6.523065e-01
  7.698000e-01  7.812500e-01
  7.498000e-01  7.357420e-01
  7.304000e-01  9.177840e-01
  7.115000e-01  9.557080e-01
  6.931000e-01  8.874429e-01
  6.751000e-01  3.360155e+00
  6.576000e-01  4.930215e+00
  6.406000e-01  8.259966e+00
  6.240000e-01  1.873495e+00
  6.078000e-01  1.054310e+00
  5.921000e-01  9.481235e-01
  5.767000e-01  9.860495e-01
  5.618000e-01  1.107410e+00
  5.472000e-01  1.008803e+00
  5.331000e-01  1.304620e+00
  5.193000e-01  1.152920e+00
  5.058000e-01  1.039142e+00
  4.927000e-01  1.372885e+00
  4.799000e-01  1.327375e+00
  4.675000e-01  1.168090e+00
  4.554000e-01  1.312205e+00
  4.436000e-01  1.297035e+00
  4.321000e-01  1.228770e+00
  4.209000e-01  1.380465e+00
  4.100000e-01  1.145335e+00
  3.994000e-01  2.017610e+00
  3.891000e-01  2.116215e+00
  3.790000e-01  2.146555e+00
  3.692000e-01  1.539755e+00
  3.596000e-01  1.259110e+00
  3.503000e-01  1.372885e+00
  3.412000e-01  1.494245e+00
  3.324000e-01  1.289450e+00
  3.238000e-01  1.441150e+00
  3.154000e-01  1.479075e+00
  3.072000e-01  1.592850e+00
  2.992000e-01  1.827985e+00
  2.915000e-01  1.941760e+00
  2.839000e-01  2.283085e+00
  2.766000e-01  2.207235e+00
  2.694000e-01  2.677505e+00
  2.624000e-01  3.216040e+00
  2.556000e-01  3.269130e+00
  2.490000e-01  2.389275e+00
  2.426000e-01  2.184480e+00
  2.363000e-01  2.047950e+00
  2.302000e-01  1.790060e+00
  2.242000e-01  1.433565e+00
  2.184000e-01  1.554925e+00
  2.127000e-01  1.395640e+00
  2.072000e-01  1.425980e+00
  2.019000e-01  1.236355e+00
  1.966000e-01  1.099820e+00
  1.915000e-01  1.236355e+00
  1.866000e-01  1.297035e+00
  1.817000e-01  1.243940e+00
  1.770000e-01  1.448735e+00
  1.725000e-01  1.107405e+00
  1.680000e-01  1.107410e+00
  1.636000e-01  1.168090e+00
  1.594000e-01  1.077067e+00
  1.553000e-01  1.054313e+00
  1.512000e-01  1.001217e+00
  1.473000e-01  1.001217e+00
  1.435000e-01  1.130165e+00
  1.398000e-01  9.253670e-01
  1.362000e-01  8.343465e-01
  1.326000e-01  8.646865e-01
  1.292000e-01  8.115890e-01
  1.259000e-01  9.557050e-01
  1.226000e-01  7.054010e-01
  1.194000e-01  7.281555e-01
  1.163000e-01  7.281545e-01
  1.133000e-01  6.674755e-01
  1.104000e-01  7.129850e-01
  1.075000e-01  6.598890e-01
  1.047000e-01  5.537010e-01
  1.020000e-01  5.157765e-01
  9.940000e-02  4.854375e-01
  9.680000e-02  3.792485e-01
  9.430000e-02  3.337385e-01
  9.190000e-02  4.475110e-01
  8.950000e-02  3.716625e-01
  8.720000e-02  2.578890e-01
  8.490000e-02  3.792480e-01
  8.270000e-02  2.275495e-01
  8.060000e-02  1.289450e-01
  7.850000e-02  1.592850e-01
  7.640000e-02  1.061895e-01
  7.450000e-02  9.860501e-02
  7.250000e-02  1.213600e-01
  7.070000e-02  9.102000e-02
  6.880000e-02  1.441150e-01
  6.700000e-02  1.137750e-01
  6.530000e-02  7.585000e-02
  6.360000e-02  7.585000e-02
  6.200000e-02  3.034000e-02
  6.040000e-02  6.068000e-02
  5.880000e-02  3.034000e-02
  5.730000e-02  2.275500e-02
  5.580000e-02  0.000000e+00
  5.430000e-02  3.792500e-02
  5.290000e-02  1.517000e-02
  5.160000e-02  2.275500e-02
  5.020000e-02  1.517000e-02
  4.890000e-02  7.585000e-03
  4.770000e-02  7.585000e-03
  4.640000e-02  1.517000e-02
  4.520000e-02  0.000000e+00
  4.410000e-02  7.585000e-03
  4.290000e-02  7.585000e-03
  4.180000e-02  0.000000e+00
  4.070000e-02  0.000000e+00
  3.970000e-02  7.585000e-03
  3.860000e-02  0.000000e+00
  3.760000e-02  7.585000e-03
  3.670000e-02  0.000000e+00
  3.570000e-02  0.000000e+00
  3.480000e-02  0.000000e+00
  3.390000e-02  7.585000e-03
  3.300000e-02  0.000000e+00
  3.220000e-02  1.517000e-02
  3.130000e-02  7.585000e-03
  3.050000e-02  0.000000e+00
  2.970000e-02  7.585000e-03
  2.890000e-02  7.585000e-03
  2.820000e-02  0.000000e+00
  2.750000e-02  7.585000e-03
  2.680000e-02  0.000000e+00
  2.610000e-02  1.517000e-02
  2.540000e-02  0.000000e+00
  2.470000e-02  7.585000e-03
  2.410000e-02  0.000000e+00
  2.350000e-02  2.275500e-02
  2.290000e-02  0.000000e+00
  2.230000e-02  0.000000e+00
  2.170000e-02  0.000000e+00
  2.110000e-02  0.000000e+00
  2.060000e-02  1.517000e-02
  2.000000e-02  0.000000e+00
  1.950000e-02  0.000000e+00
  1.900000e-02  7.585000e-03
  1.850000e-02  7.585000e-03
  1.800000e-02  1.517000e-02
  1.760000e-02  0.000000e+00
  1.710000e-02  0.000000e+00
  1.670000e-02  0.000000e+00
  1.630000e-02  0.000000e+00
  1.580000e-02  0.000000e+00
  1.540000e-02  0.000000e+00
  1.500000e-02  0.000000e+00
  1.460000e-02  7.585000e-03
  1.430000e-02  0.000000e+00
  1.390000e-02  0.000000e+00
  1.350000e-02  7.585000e-03
  1.320000e-02  0.000000e+00
  1.280000e-02  0.000000e+00
  1.250000e-02  0.000000e+00
  1.220000e-02  0.000000e+00
  1.190000e-02  0.000000e+00
  1.160000e-02  7.585000e-03
  1.130000e-02  3.792500e-02
  1.100000e-02  2.548560e+00
  1.070000e-02  3.117435e+00
  1.040000e-02  3.109850e+00
  1.010000e-02  1.793080e+01
