  4.934820e+03  3.889950e-02
  4.806990e+03  0.000000e+00
  4.682470e+03  0.000000e+00
  4.561180e+03  1.296650e-02
  4.443030e+03  1.296650e-02
  4.327940e+03  0.000000e+00
  4.215830e+03  2.593300e-02
  4.106630e+03  3.889950e-02
  4.000250e+03  0.000000e+00
  3.896630e+03  0.000000e+00
  3.795700e+03  1.296650e-02
  3.697380e+03  1.296650e-02
  3.601600e+03  0.000000e+00
  3.508310e+03  1.296650e-02
  3.417430e+03  1.296650e-02
  3.328910e+03  3.889950e-02
  3.242680e+03  0.000000e+00
  3.158680e+03  3.889950e-02
  3.076860e+03  0.000000e+00
  2.997160e+03  1.296650e-02
  2.919530e+03  0.000000e+00
  2.843900e+03  3.889950e-02
  2.770230e+03  1.296650e-02
  2.698480e+03  1.296650e-02
  2.628580e+03  6.483250e-02
  2.560490e+03  3.889950e-02
  2.494160e+03  3.889950e-02
  2.429550e+03  5.186600e-02
  2.366620e+03  1.296650e-02
  2.305320e+03  6.483250e-02
  2.245600e+03  5.186600e-02
  2.187430e+03  9.076550e-02
  2.130770e+03  6.483250e-02
  2.075580e+03  6.483250e-02
  2.021810e+03  9.076550e-02
  1.969440e+03  7.779900e-02
  1.918430e+03  7.779900e-02
  1.868730e+03  9.076550e-02
  1.820330e+03  9.076550e-02
  1.773170e+03  1.555980e-01
  1.727240e+03  1.426315e-01
  1.682500e+03  1.555980e-01
  1.638920e+03  1.555980e-01
  1.596470e+03  1.685645e-01
  1.555110e+03  2.333970e-01
  1.514830e+03  1.685645e-01
  1.475590e+03  2.204305e-01
  1.437370e+03  3.241625e-01
  1.400140e+03  2.982295e-01
  1.363870e+03  3.760275e-01
  1.328540e+03  2.333970e-01
  1.294120e+03  4.019605e-01
  1.260600e+03  3.889950e-01
  1.227950e+03  4.278935e-01
  1.196140e+03  4.667910e-01
  1.165160e+03  4.149270e-01
  1.134980e+03  4.797585e-01
  1.105580e+03  5.705200e-01
  1.076940e+03  8.168955e-01
  1.049040e+03  5.186550e-01
  1.021870e+03  5.834920e-01
  9.953980e+02  7.520660e-01
  9.696140e+02  8.039345e-01
  9.444970e+02  7.779930e-01
  9.200320e+02  1.050283e+00
  8.962000e+02  1.426315e+00
  8.729850e+02  1.231820e+00
  8.503720e+02  1.361500e+00
  8.283450e+02  1.491140e+00
  8.068880e+02  1.335565e+00
  7.859870e+02  1.854210e+00
  7.656270e+02  1.828280e+00
  7.457950e+02  2.385835e+00
  7.264760e+02  2.658130e+00
  7.076580e+02  3.254595e+00
  6.893270e+02  3.267555e+00
  6.714710e+02  3.345360e+00
  6.540780e+02  3.980715e+00
  6.371350e+02  4.058515e+00
  6.206310e+02  4.304880e+00
  6.045550e+02  4.745735e+00
  5.888950e+02  5.329235e+00
  5.736410e+02  6.353585e+00
  5.587810e+02  6.846325e+00
  5.443070e+02  7.572455e+00
  5.302080e+02  8.726460e+00
  5.164740e+02  9.530455e+00
  5.030950e+02  9.776794e+00
  4.900630e+02  1.113835e+01
  4.773690e+02  1.230525e+01
  4.650040e+02  1.387425e+01
  4.529580e+02  1.549495e+01
  4.412250e+02  1.664890e+01
  4.297960e+02  1.895695e+01
  4.186630e+02  2.087605e+01
  4.078180e+02  2.144650e+01
  3.972540e+02  2.388425e+01
  3.869640e+02  2.773545e+01
  3.769400e+02  3.109380e+01
  3.671770e+02  3.406310e+01
  3.576650e+02  3.603405e+01
  3.484010e+02  4.175220e+01
  3.393760e+02  4.744440e+01
  3.305850e+02  5.125645e+01
  3.220220e+02  5.610605e+01
  3.136800e+02  6.070930e+01
  3.055550e+02  6.721860e+01
  2.976400e+02  7.345525e+01
  2.899300e+02  8.203905e+01
  2.824200e+02  9.071385e+01
  2.751040e+02  9.954325e+01
  2.679780e+02  1.105660e+02
  2.610370e+02  1.235070e+02
  2.542750e+02  1.326990e+02
  2.476890e+02  1.434220e+02
  2.412730e+02  1.602275e+02
  2.350230e+02  1.771490e+02
  2.289350e+02  1.966620e+02
  2.230050e+02  2.130660e+02
  2.172280e+02  2.352515e+02
  2.116010e+02  2.545595e+02
  2.061200e+02  2.819960e+02
  2.007810e+02  3.073060e+02
  1.955800e+02  3.385690e+02
  1.905140e+02  3.720485e+02
  1.855790e+02  4.084070e+02
  1.807720e+02  4.482280e+02
  1.760890e+02  4.951530e+02
  1.715280e+02  5.371640e+02
  1.670850e+02  5.841535e+02
  1.627570e+02  6.328695e+02
  1.585410e+02  6.809890e+02
  1.544340e+02  7.363815e+02
  1.504340e+02  7.902460e+02
  1.465370e+02  8.475175e+02
  1.427410e+02  9.145540e+02
  1.390440e+02  9.841050e+02
  1.354420e+02  1.043080e+03
  1.319340e+02  1.118030e+03
  1.285160e+02  1.186270e+03
  1.251870e+02  1.256180e+03
  1.219440e+02  1.345060e+03
  1.187850e+02  1.408525e+03
  1.157090e+02  1.499095e+03
  1.127110e+02  1.587610e+03
  1.097920e+02  1.692080e+03
  1.069480e+02  1.781575e+03
  1.041770e+02  1.879110e+03
  1.014790e+02  1.996105e+03
  9.885030e+01  2.095055e+03
  9.628970e+01  2.219725e+03
  9.379550e+01  2.331800e+03
  9.136590e+01  2.445290e+03
  8.899920e+01  2.579610e+03
  8.669380e+01  2.706970e+03
  8.444820e+01  2.847555e+03
  8.226070e+01  2.989555e+03
  8.012980e+01  3.149500e+03
  7.805420e+01  3.309615e+03
  7.603240e+01  3.458955e+03
  7.406290e+01  3.624110e+03
  7.214440e+01  3.823170e+03
  7.027560e+01  3.991040e+03
  6.845520e+01  4.194185e+03
  6.668200e+01  4.388290e+03
  6.495470e+01  4.584045e+03
  6.327220e+01  4.730825e+03
  6.163320e+01  4.874090e+03
  6.003670e+01  5.009525e+03
  5.848160e+01  5.114105e+03
  5.696670e+01  5.225270e+03
  5.549110e+01  5.334425e+03
  5.405370e+01  5.503720e+03
  5.265350e+01  5.696485e+03
  5.128960e+01  5.910835e+03
  4.996100e+01  6.148390e+03
  4.866690e+01  6.398270e+03
  4.740620e+01  6.670640e+03
  4.617830e+01  6.911315e+03
  4.498210e+01  7.132600e+03
  4.381690e+01  7.213980e+03
  4.268190e+01  7.269285e+03
  4.157630e+01  7.320895e+03
  4.049930e+01  7.338140e+03
  3.945030e+01  7.373635e+03
  3.842840e+01  7.344470e+03
  3.743290e+01  7.321315e+03
  3.646330e+01  7.304400e+03
  3.551880e+01  7.306440e+03
  3.459870e+01  7.298535e+03
  3.370250e+01  7.320360e+03
  3.282950e+01  7.346850e+03
  3.197910e+01  7.391220e+03
  3.115070e+01  7.419855e+03
  3.034380e+01  7.457655e+03
  2.955780e+01  7.494320e+03
  2.879220e+01  7.523220e+03
  2.804640e+01  7.567795e+03
  2.731990e+01  7.623215e+03
  2.661220e+01  7.671995e+03
  2.592290e+01  7.766905e+03
  2.525140e+01  7.784640e+03
  2.459730e+01  7.835360e+03
  2.396010e+01  7.883980e+03
  2.333950e+01  7.954925e+03
  2.273490e+01  7.994965e+03
  2.214600e+01  8.076315e+03
  2.157230e+01  8.155550e+03
  2.101350e+01  8.226170e+03
  2.046920e+01  8.304814e+03
  1.993900e+01  8.339055e+03
  1.942250e+01  8.359080e+03
  1.891940e+01  8.347070e+03
  1.842930e+01  8.322535e+03
  1.795200e+01  8.196890e+03
  1.748690e+01  8.050305e+03
  1.703400e+01  7.858465e+03
  1.659270e+01  7.646960e+03
  1.616290e+01  7.443500e+03
  1.574430e+01  7.216215e+03
  1.533640e+01  7.005180e+03
  1.493920e+01  6.862420e+03
  1.455220e+01  6.747460e+03
  1.417520e+01  6.685840e+03
  1.380800e+01  6.756235e+03
  1.345040e+01  6.859640e+03
  1.310200e+01  7.027305e+03
  1.276260e+01  7.252040e+03
  1.243200e+01  7.472795e+03
  1.211000e+01  7.722550e+03
  1.179630e+01  7.951850e+03
  1.149070e+01  8.190730e+03
  1.119310e+01  8.393609e+03
  1.090310e+01  8.585550e+03
  1.062070e+01  8.752310e+03
  1.034560e+01  8.936154e+03
  1.007760e+01  9.106925e+03
  9.816600e+00  9.261811e+03
  9.562300e+00  9.277330e+03
  9.314600e+00  9.028375e+03
  9.073300e+00  8.595450e+03
  8.838300e+00  8.011640e+03
  8.609300e+00  7.471075e+03
  8.386300e+00  6.942910e+03
  8.169100e+00  6.471690e+03
  7.957500e+00  6.093880e+03
  7.751400e+00  5.777980e+03
  7.550600e+00  5.613255e+03
  7.355000e+00  5.514400e+03
  7.164500e+00  5.472955e+03
  6.978900e+00  5.463460e+03
  6.798100e+00  5.457595e+03
  6.622000e+00  5.467400e+03
  6.450500e+00  5.515445e+03
  6.283400e+00  5.534195e+03
  6.120600e+00  5.545415e+03
  5.962100e+00  5.560820e+03
  5.807600e+00  5.563390e+03
  5.657200e+00  5.569450e+03
  5.510700e+00  5.635405e+03
  5.367900e+00  5.715685e+03
  5.228900e+00  5.731805e+03
  5.093400e+00  5.747670e+03
  4.961500e+00  5.752585e+03
  4.833000e+00  6.008890e+03
  4.707800e+00  6.392035e+03
  4.585800e+00  6.057715e+03
  4.467100e+00  5.992550e+03
  4.351300e+00  6.109345e+03
  4.238600e+00  6.266305e+03
  4.128800e+00  6.277310e+03
  4.021900e+00  7.683310e+03
  3.917700e+00  6.585050e+03
  3.816200e+00  5.898765e+03
  3.717400e+00  5.869785e+03
  3.621100e+00  5.865770e+03
  3.527300e+00  5.843705e+03
  3.435900e+00  5.820250e+03
  3.346900e+00  5.768900e+03
  3.260200e+00  5.761980e+03
  3.175800e+00  5.716430e+03
  3.093500e+00  5.598385e+03
  3.013400e+00  5.578925e+03
  2.935300e+00  5.609905e+03
  2.859300e+00  5.572200e+03
  2.785200e+00  5.595640e+03
  2.713100e+00  5.567195e+03
  2.642800e+00  5.513445e+03
  2.574300e+00  5.598305e+03
  2.507600e+00  5.581635e+03
  2.442700e+00  5.787235e+03
  2.379400e+00  5.791840e+03
  2.317800e+00  5.631120e+03
  2.257700e+00  5.412085e+03
  2.199300e+00  5.643135e+03
  2.142300e+00  5.430420e+03
  2.086800e+00  5.348440e+03
  2.032700e+00  5.510605e+03
  1.980100e+00  6.631435e+03
  1.928800e+00  4.801915e+03
  1.878800e+00  4.211115e+03
  1.830200e+00  5.848265e+03
  1.782800e+00  1.282265e+04
  1.736600e+00  6.932980e+03
  1.691600e+00  5.201730e+03
  1.647800e+00  4.828565e+03
  1.605100e+00  4.758530e+03
  1.563500e+00  4.668370e+03
  1.523000e+00  4.581620e+03
  1.483600e+00  4.534500e+03
  1.445100e+00  4.385980e+03
  1.407700e+00  4.218710e+03
  1.371200e+00  3.962280e+03
  1.335700e+00  4.224230e+03
  1.301100e+00  3.455070e+03
  1.267400e+00  2.666730e+03
  1.234600e+00  3.810175e+03
  1.202600e+00  4.134780e+03
  1.171500e+00  3.822150e+03
  1.141100e+00  4.378265e+03
  1.111600e+00  2.958615e+03
  1.082800e+00  2.602390e+03
  1.054700e+00  4.344490e+03
  1.027400e+00  3.341360e+03
  1.000800e+00  2.682445e+03
  9.749000e-01  3.665165e+03
  9.496000e-01  3.013980e+03
  9.250000e-01  2.991595e+03
  9.010000e-01  3.628950e+03
  8.777000e-01  3.774475e+03
  8.550000e-01  3.933180e+03
  8.328000e-01  4.117930e+03
  8.113000e-01  4.411970e+03
  7.902000e-01  4.585135e+03
  7.698000e-01  4.736555e+03
  7.498000e-01  5.048600e+03
  7.304000e-01  5.134190e+03
  7.115000e-01  5.351815e+03
  6.931000e-01  7.668500e+03
  6.751000e-01  3.609080e+04
  6.576000e-01  3.821790e+04
  6.406000e-01  9.346850e+04
  6.240000e-01  2.268055e+04
  6.078000e-01  6.853070e+03
  5.921000e-01  6.901925e+03
  5.767000e-01  6.992750e+03
  5.618000e-01  7.263250e+03
  5.472000e-01  7.213620e+03
  5.331000e-01  8.472495e+03
  5.193000e-01  7.710630e+03
  5.058000e-01  7.915000e+03
  4.927000e-01  1.121340e+04
  4.799000e-01  1.239650e+04
  4.675000e-01  9.637280e+03
  4.554000e-01  8.702186e+03
  4.436000e-01  1.244725e+04
  4.321000e-01  1.191135e+04
  4.209000e-01  1.194910e+04
  4.100000e-01  9.487080e+03
  3.994000e-01  1.506625e+04
  3.891000e-01  2.092085e+04
  3.790000e-01  2.637715e+04
  3.692000e-01  9.542965e+03
  3.596000e-01  7.323935e+03
  3.503000e-01  7.425260e+03
  3.412000e-01  7.398755e+03
  3.324000e-01  8.137540e+03
  3.238000e-01  7.320630e+03
  3.154000e-01  6.917615e+03
  3.072000e-01  8.543705e+03
  2.992000e-01  1.046560e+04
  2.915000e-01  1.255060e+04
  2.839000e-01  1.380525e+04
  2.766000e-01  1.193370e+04
  2.694000e-01  1.916375e+04
  2.624000e-01  3.538045e+04
  2.556000e-01  3.947070e+04
  2.490000e-01  1.714435e+04
  2.426000e-01  1.872430e+04
  2.363000e-01  1.972540e+04
  2.302000e-01  1.393460e+04
  2.242000e-01  1.075600e+04
  2.184000e-01  1.054450e+04
  2.127000e-01  1.082440e+04
  2.072000e-01  1.072125e+04
  2.019000e-01  1.094310e+04
  1.966000e-01  1.170685e+04
  1.915000e-01  1.366880e+04
  1.866000e-01  1.548385e+04
  1.817000e-01  1.347635e+04
  1.770000e-01  1.379640e+04
  1.725000e-01  1.423035e+04
  1.680000e-01  1.421135e+04
  1.636000e-01  1.369685e+04
  1.594000e-01  1.385180e+04
  1.553000e-01  1.422560e+04
  1.512000e-01  1.450255e+04
  1.473000e-01  1.465765e+04
  1.435000e-01  1.664455e+04
  1.398000e-01  1.526730e+04
  1.362000e-01  1.532250e+04
  1.326000e-01  1.519810e+04
  1.292000e-01  1.497570e+04
  1.259000e-01  1.485755e+04
  1.226000e-01  1.485890e+04
  1.194000e-01  1.469060e+04
  1.163000e-01  1.436990e+04
  1.133000e-01  1.451335e+04
  1.104000e-01  1.429460e+04
  1.075000e-01  1.370520e+04
  1.047000e-01  1.314630e+04
  1.020000e-01  1.285445e+04
  9.940000e-02  1.317090e+04
  9.680000e-02  1.286120e+04
  9.430000e-02  1.245930e+04
  9.190000e-02  1.187350e+04
  8.950000e-02  1.119525e+04
  8.720000e-02  1.056005e+04
  8.490000e-02  1.007820e+04
  8.270000e-02  9.604425e+03
  8.060000e-02  9.074955e+03
  7.850000e-02  8.666110e+03
  7.640000e-02  8.250904e+03
  7.450000e-02  7.814320e+03
  7.250000e-02  7.383085e+03
  7.070000e-02  7.007385e+03
  6.880000e-02  6.533655e+03
  6.700000e-02  6.136595e+03
  6.530000e-02  5.679850e+03
  6.360000e-02  5.226855e+03
  6.200000e-02  4.815790e+03
  6.040000e-02  4.414035e+03
  5.880000e-02  3.996175e+03
  5.730000e-02  3.609825e+03
  5.580000e-02  3.247815e+03
  5.430000e-02  2.898015e+03
  5.290000e-02  2.561265e+03
  5.160000e-02  2.270960e+03
  5.020000e-02  1.985360e+03
  4.890000e-02  1.725145e+03
  4.770000e-02  1.495205e+03
  4.640000e-02  1.283910e+03
  4.520000e-02  1.099560e+03
  4.410000e-02  9.359100e+02
  4.290000e-02  7.915925e+02
  4.180000e-02  6.705510e+02
  4.070000e-02  5.615025e+02
  3.970000e-02  4.743275e+02
  3.860000e-02  3.903185e+02
  3.760000e-02  3.290905e+02
  3.670000e-02  2.749940e+02
  3.570000e-02  2.311155e+02
  3.480000e-02  1.924235e+02
  3.390000e-02  1.643370e+02
  3.300000e-02  1.390660e+02
  3.220000e-02  1.216655e+02
  3.130000e-02  1.069475e+02
  3.050000e-02  9.208830e+01
  2.970000e-02  8.367290e+01
  2.890000e-02  7.925125e+01
  2.820000e-02  7.116020e+01
  2.750000e-02  6.802245e+01
  2.680000e-02  6.230410e+01
  2.610000e-02  6.142240e+01
  2.540000e-02  5.560040e+01
  2.470000e-02  5.696185e+01
  2.410000e-02  5.382395e+01
  2.350000e-02  5.191790e+01
  2.290000e-02  5.147700e+01
  2.230000e-02  5.089350e+01
  2.170000e-02  4.880600e+01
  2.110000e-02  4.818355e+01
  2.060000e-02  4.708145e+01
  2.000000e-02  4.513635e+01
  1.950000e-02  4.374895e+01
  1.900000e-02  4.306175e+01
  1.850000e-02  4.137615e+01
  1.800000e-02  4.159655e+01
  1.760000e-02  3.953500e+01
  1.710000e-02  3.823835e+01
  1.670000e-02  3.843285e+01
  1.630000e-02  3.593030e+01
  1.580000e-02  3.379080e+01
  1.540000e-02  3.307765e+01
  1.500000e-02  3.181990e+01
  1.460000e-02  3.022495e+01
  1.430000e-02  2.894130e+01
  1.390000e-02  2.728150e+01
  1.350000e-02  2.772240e+01
  1.320000e-02  2.416950e+01
  1.280000e-02  2.356015e+01
  1.250000e-02  2.179670e+01
  1.220000e-02  2.139465e+01
  1.190000e-02  1.995535e+01
  1.160000e-02  1.889215e+01
  1.130000e-02  1.731010e+01
  1.100000e-02  1.552080e+01
  1.070000e-02  1.401675e+01
  1.040000e-02  1.282395e+01
  1.010000e-02  1.139230e+02
