  4.934820e+03  0.000000e+00
  4.806990e+03  0.000000e+00
  4.682470e+03  0.000000e+00
  4.561180e+03  0.000000e+00
  4.443030e+03  0.000000e+00
  4.327940e+03  0.000000e+00
  4.215830e+03  0.000000e+00
  4.106630e+03  0.000000e+00
  4.000250e+03  0.000000e+00
  3.896630e+03  0.000000e+00
  3.795700e+03  0.000000e+00
  3.697380e+03  0.000000e+00
  3.601600e+03  0.000000e+00
  3.508310e+03  0.000000e+00
  3.417430e+03  0.000000e+00
  3.328910e+03  0.000000e+00
  3.242680e+03  0.000000e+00
  3.158680e+03  0.000000e+00
  3.076860e+03  0.000000e+00
  2.997160e+03  0.000000e+00
  2.919530e+03  0.000000e+00
  2.843900e+03  0.000000e+00
  2.770230e+03  0.000000e+00
  2.698480e+03  0.000000e+00
  2.628580e+03  0.000000e+00
  2.560490e+03  0.000000e+00
  2.494160e+03  0.000000e+00
  2.429550e+03  0.000000e+00
  2.366620e+03  0.000000e+00
  2.305320e+03  1.011650e-01
  2.245600e+03  0.000000e+00
  2.187430e+03  0.000000e+00
  2.130770e+03  0.000000e+00
  2.075580e+03  1.011650e-01
  2.021810e+03  0.000000e+00
  1.969440e+03  1.011650e-01
  1.918430e+03  0.000000e+00
  1.868730e+03  0.000000e+00
  1.820330e+03  1.011650e-01
  1.773170e+03  0.000000e+00
  1.727240e+03  1.011650e-01
  1.682500e+03  3.034950e-01
  1.638920e+03  2.023300e-01
  1.596470e+03  1.011650e-01
  1.555110e+03  0.000000e+00
  1.514830e+03  2.023300e-01
  1.475590e+03  1.011650e-01
  1.437370e+03  3.034950e-01
  1.400140e+03  1.011650e-01
  1.363870e+03  4.046600e-01
  1.328540e+03  7.081550e-01
  1.294120e+03  2.023300e-01
  1.260600e+03  3.034950e-01
  1.227950e+03  1.011650e-01
  1.196140e+03  3.034950e-01
  1.165160e+03  3.034950e-01
  1.134980e+03  4.046600e-01
  1.105580e+03  4.046600e-01
  1.076940e+03  8.093200e-01
  1.049040e+03  8.093200e-01
  1.021870e+03  5.058250e-01
  9.953980e+02  8.093200e-01
  9.696140e+02  9.104850e-01
  9.444970e+02  6.069900e-01
  9.200320e+02  1.011650e+00
  8.962000e+02  1.719805e+00
  8.729850e+02  9.104850e-01
  8.503720e+02  1.820995e+00
  8.283450e+02  1.618640e+00
  8.068880e+02  2.023300e+00
  7.859870e+02  2.326795e+00
  7.656270e+02  2.225630e+00
  7.457950e+02  2.933785e+00
  7.264760e+02  2.023305e+00
  7.076580e+02  2.630295e+00
  6.893270e+02  2.630300e+00
  6.714710e+02  3.338470e+00
  6.540780e+02  5.260630e+00
  6.371350e+02  6.069990e+00
  6.206310e+02  5.766445e+00
  6.045550e+02  6.171120e+00
  5.888950e+02  6.070020e+00
  5.736410e+02  7.182840e+00
  5.587810e+02  7.789840e+00
  5.443070e+02  8.396815e+00
  5.302080e+02  1.102714e+01
  5.164740e+02  1.031900e+01
  5.030950e+02  1.173537e+01
  4.900630e+02  1.547840e+01
  4.773690e+02  1.689480e+01
  4.650040e+02  1.972730e+01
  4.529580e+02  2.013205e+01
  4.412250e+02  2.144710e+01
  4.297960e+02  2.539250e+01
  4.186630e+02  2.508900e+01
  4.078180e+02  3.085555e+01
  3.972540e+02  3.287875e+01
  3.869640e+02  3.894880e+01
  3.769400e+02  4.572700e+01
  3.671770e+02  4.835720e+01
  3.576650e+02  5.058280e+01
  3.484010e+02  6.181230e+01
  3.393760e+02  6.616251e+01
  3.305850e+02  8.103390e+01
  3.220220e+02  8.983485e+01
  3.136800e+02  9.883950e+01
  3.055550e+02  1.061235e+02
  2.976400e+02  1.183655e+02
  2.899300e+02  1.361705e+02
  2.824200e+02  1.525585e+02
  2.751040e+02  1.719815e+02
  2.679780e+02  1.917080e+02
  2.610370e+02  2.134585e+02
  2.542750e+02  2.364230e+02
  2.476890e+02  2.731475e+02
  2.412730e+02  2.975280e+02
  2.350230e+02  3.322280e+02
  2.289350e+02  3.797755e+02
  2.230050e+02  4.172090e+02
  2.172280e+02  4.551460e+02
  2.116010e+02  5.233300e+02
  2.061200e+02  5.689545e+02
  2.007810e+02  6.485730e+02
  1.955800e+02  7.438725e+02
  1.905140e+02  8.207585e+02
  1.855790e+02  9.163570e+02
  1.807720e+02  1.022480e+03
  1.760890e+02  1.143485e+03
  1.715280e+02  1.285410e+03
  1.670850e+02  1.407315e+03
  1.627570e+02  1.587290e+03
  1.585410e+02  1.734385e+03
  1.544340e+02  1.910305e+03
  1.504340e+02  2.123260e+03
  1.465370e+02  2.334195e+03
  1.427410e+02  2.566370e+03
  1.390440e+02  2.800775e+03
  1.354420e+02  3.058645e+03
  1.319340e+02  3.352120e+03
  1.285160e+02  3.687795e+03
  1.251870e+02  3.955785e+03
  1.219440e+02  4.360140e+03
  1.187850e+02  4.765415e+03
  1.157090e+02  5.139725e+03
  1.127110e+02  5.576360e+03
  1.097920e+02  6.058725e+03
  1.069480e+02  6.576475e+03
  1.041770e+02  7.177905e+03
  1.014790e+02  7.724800e+03
  9.885030e+01  8.391990e+03
  9.628970e+01  9.091660e+03
  9.379550e+01  9.772285e+03
  9.136590e+01  1.059925e+04
  8.899920e+01  1.144915e+04
  8.669380e+01  1.225105e+04
  8.444820e+01  1.307365e+04
  8.226070e+01  1.410900e+04
  8.012980e+01  1.513625e+04
  7.805420e+01  1.613685e+04
  7.603240e+01  1.736635e+04
  7.406290e+01  1.852440e+04
  7.214440e+01  1.959785e+04
  7.027560e+01  2.086665e+04
  6.845520e+01  2.206180e+04
  6.668200e+01  2.331490e+04
  6.495470e+01  2.447380e+04
  6.327220e+01  2.551140e+04
  6.163320e+01  2.666550e+04
  6.003670e+01  2.742520e+04
  5.848160e+01  2.827220e+04
  5.696670e+01  2.916790e+04
  5.549110e+01  2.996450e+04
  5.405370e+01  3.088175e+04
  5.265350e+01  3.181220e+04
  5.128960e+01  3.270735e+04
  4.996100e+01  3.371630e+04
  4.866690e+01  3.452915e+04
  4.740620e+01  3.546640e+04
  4.617830e+01  3.629880e+04
  4.498210e+01  3.668695e+04
  4.381690e+01  3.719930e+04
  4.268190e+01  3.749210e+04
  4.157630e+01  3.762735e+04
  4.049930e+01  3.788830e+04
  3.945030e+01  3.790830e+04
  3.842840e+01  3.804640e+04
  3.743290e+01  3.805490e+04
  3.646330e+01  3.824055e+04
  3.551880e+01  3.830390e+04
  3.459870e+01  3.846955e+04
  3.370250e+01  3.856065e+04
  3.282950e+01  3.862755e+04
  3.197910e+01  3.894240e+04
  3.115070e+01  3.899245e+04
  3.034380e+01  3.929160e+04
  2.955780e+01  3.956560e+04
  2.879220e+01  3.969985e+04
  2.804640e+01  4.002420e+04
  2.731990e+01  4.027155e+04
  2.661220e+01  4.063165e+04
  2.592290e+01  4.087020e+04
  2.525140e+01  4.132880e+04
  2.459730e+01  4.182420e+04
  2.396010e+01  4.210675e+04
  2.333950e+01  4.261455e+04
  2.273490e+01  4.302570e+04
  2.214600e+01  4.363710e+04
  2.157230e+01  4.427355e+04
  2.101350e+01  4.485940e+04
  2.046920e+01  4.563960e+04
  1.993900e+01  4.633530e+04
  1.942250e+01  4.683090e+04
  1.891940e+01  4.720255e+04
  1.842930e+01  4.770330e+04
  1.795200e+01  4.778490e+04
  1.748690e+01  4.790495e+04
  1.703400e+01  4.769495e+04
  1.659270e+01  4.742520e+04
  1.616290e+01  4.710860e+04
  1.574430e+01  4.676020e+04
  1.533640e+01  4.651880e+04
  1.493920e+01  4.632240e+04
  1.455220e+01  4.633025e+04
  1.417520e+01  4.655150e+04
  1.380800e+01  4.736655e+04
  1.345040e+01  4.846685e+04
  1.310200e+01  4.993105e+04
  1.276260e+01  5.165440e+04
  1.243200e+01  5.353930e+04
  1.211000e+01  5.540805e+04
  1.179630e+01  5.741825e+04
  1.149070e+01  5.924805e+04
  1.119310e+01  6.104070e+04
  1.090310e+01  6.281930e+04
  1.062070e+01  6.453175e+04
  1.034560e+01  6.627180e+04
  1.007760e+01  6.793040e+04
  9.816600e+00  6.950525e+04
  9.562300e+00  7.004080e+04
  9.314600e+00  6.927190e+04
  9.073300e+00  6.729470e+04
  8.838300e+00  6.435715e+04
  8.609300e+00  6.086180e+04
  8.386300e+00  5.734150e+04
  8.169100e+00  5.397085e+04
  7.957500e+00  5.105525e+04
  7.751400e+00  4.842015e+04
  7.550600e+00  4.707065e+04
  7.355000e+00  4.627910e+04
  7.164500e+00  4.582790e+04
  6.978900e+00  4.582510e+04
  6.798100e+00  4.589000e+04
  6.622000e+00  4.596195e+04
  6.450500e+00  4.622265e+04
  6.283400e+00  4.662770e+04
  6.120600e+00  4.661560e+04
  5.962100e+00  4.670580e+04
  5.807600e+00  4.682080e+04
  5.657200e+00  4.686295e+04
  5.510700e+00  4.722235e+04
  5.367900e+00  4.796305e+04
  5.228900e+00  4.807195e+04
  5.093400e+00  4.801770e+04
  4.961500e+00  4.817280e+04
  4.833000e+00  5.058655e+04
  4.707800e+00  5.478500e+04
  4.585800e+00  5.099625e+04
  4.467100e+00  5.020495e+04
  4.351300e+00  5.129415e+04
  4.238600e+00  5.268460e+04
  4.128800e+00  5.301355e+04
  4.021900e+00  6.514330e+04
  3.917700e+00  5.430280e+04
  3.816200e+00  4.861265e+04
  3.717400e+00  4.850185e+04
  3.621100e+00  4.831895e+04
  3.527300e+00  4.811480e+04
  3.435900e+00  4.775750e+04
  3.346900e+00  4.756385e+04
  3.260200e+00  4.753995e+04
  3.175800e+00  4.758640e+04
  3.093500e+00  4.720485e+04
  3.013400e+00  4.697000e+04
  2.935300e+00  4.727900e+04
  2.859300e+00  4.713645e+04
  2.785200e+00  4.749025e+04
  2.713100e+00  4.716925e+04
  2.642800e+00  4.667610e+04
  2.574300e+00  4.749255e+04
  2.507600e+00  4.670940e+04
  2.442700e+00  4.811935e+04
  2.379400e+00  4.808320e+04
  2.317800e+00  4.677465e+04
  2.257700e+00  4.519290e+04
  2.199300e+00  4.650765e+04
  2.142300e+00  4.424605e+04
  2.086800e+00  4.339645e+04
  2.032700e+00  4.450660e+04
  1.980100e+00  5.135965e+04
  1.928800e+00  4.005310e+04
  1.878800e+00  3.599535e+04
  1.830200e+00  4.852295e+04
  1.782800e+00  1.015460e+05
  1.736600e+00  5.672335e+04
  1.691600e+00  4.317355e+04
  1.647800e+00  3.794090e+04
  1.605100e+00  3.663025e+04
  1.563500e+00  3.545505e+04
  1.523000e+00  3.454905e+04
  1.483600e+00  3.402440e+04
  1.445100e+00  3.284365e+04
  1.407700e+00  3.164980e+04
  1.371200e+00  2.952965e+04
  1.335700e+00  3.078915e+04
  1.301100e+00  2.615640e+04
  1.267400e+00  2.128585e+04
  1.234600e+00  2.782265e+04
  1.202600e+00  2.880480e+04
  1.171500e+00  2.768985e+04
  1.141100e+00  3.062835e+04
  1.111600e+00  2.155405e+04
  1.082800e+00  1.848090e+04
  1.054700e+00  3.056835e+04
  1.027400e+00  2.312855e+04
  1.000800e+00  1.708975e+04
  9.749000e-01  2.503620e+04
  9.496000e-01  1.804130e+04
  9.250000e-01  1.795085e+04
  9.010000e-01  2.094440e+04
  8.777000e-01  2.209385e+04
  8.550000e-01  2.189165e+04
  8.328000e-01  2.338965e+04
  8.113000e-01  2.457725e+04
  7.902000e-01  2.602920e+04
  7.698000e-01  2.660190e+04
  7.498000e-01  2.827620e+04
  7.304000e-01  2.893040e+04
  7.115000e-01  2.993355e+04
  6.931000e-01  4.966490e+04
  6.751000e-01  3.487035e+05
  6.576000e-01  2.902960e+05
  6.406000e-01  8.410585e+05
  6.240000e-01  2.030805e+05
  6.078000e-01  4.017210e+04
  5.921000e-01  3.788590e+04
  5.767000e-01  3.803500e+04
  5.618000e-01  3.921365e+04
  5.472000e-01  3.861450e+04
  5.331000e-01  4.727245e+04
  5.193000e-01  4.314310e+04
  5.058000e-01  4.579490e+04
  4.927000e-01  7.435555e+04
  4.799000e-01  8.378880e+04
  4.675000e-01  5.711110e+04
  4.554000e-01  4.609625e+04
  4.436000e-01  8.515780e+04
  4.321000e-01  8.852745e+04
  4.209000e-01  8.392970e+04
  4.100000e-01  5.357620e+04
  3.994000e-01  1.018870e+05
  3.891000e-01  1.581570e+05
  3.790000e-01  1.542690e+05
  3.692000e-01  4.122985e+04
  3.596000e-01  3.143725e+04
  3.503000e-01  3.139345e+04
  3.412000e-01  3.024730e+04
  3.324000e-01  3.368660e+04
  3.238000e-01  2.828535e+04
  3.154000e-01  2.430890e+04
  3.072000e-01  3.660295e+04
  2.992000e-01  4.977125e+04
  2.915000e-01  5.705455e+04
  2.839000e-01  5.610160e+04
  2.766000e-01  2.381360e+04
  2.694000e-01  5.850530e+04
  2.624000e-01  1.404115e+05
  2.556000e-01  1.635695e+05
  2.490000e-01  5.688290e+04
  2.426000e-01  3.198960e+04
  2.363000e-01  4.352670e+04
  2.302000e-01  4.109530e+04
  2.242000e-01  2.825195e+04
  2.184000e-01  2.722910e+04
  2.127000e-01  2.917135e+04
  2.072000e-01  2.698360e+04
  2.019000e-01  2.871520e+04
  1.966000e-01  3.515160e+04
  1.915000e-01  2.827700e+04
  1.866000e-01  1.850650e+04
  1.817000e-01  1.184210e+04
  1.770000e-01  1.434260e+04
  1.725000e-01  2.008150e+04
  1.680000e-01  3.946940e+04
  1.636000e-01  4.561695e+04
  1.594000e-01  4.773100e+04
  1.553000e-01  5.091410e+04
  1.512000e-01  5.394310e+04
  1.473000e-01  5.433990e+04
  1.435000e-01  7.360141e+04
  1.398000e-01  5.788040e+04
  1.362000e-01  5.742870e+04
  1.326000e-01  5.500255e+04
  1.292000e-01  5.458815e+04
  1.259000e-01  5.615810e+04
  1.226000e-01  7.945910e+04
  1.194000e-01  7.354725e+04
  1.163000e-01  5.525920e+04
  1.133000e-01  5.483965e+04
  1.104000e-01  5.431310e+04
  1.075000e-01  5.311000e+04
  1.047000e-01  5.228525e+04
  1.020000e-01  5.130535e+04
  9.940000e-02  5.096015e+04
  9.680000e-02  5.108330e+04
  9.430000e-02  5.071815e+04
  9.190000e-02  4.987440e+04
  8.950000e-02  4.959705e+04
  8.720000e-02  4.830725e+04
  8.490000e-02  4.722740e+04
  8.270000e-02  4.578705e+04
  8.060000e-02  4.452530e+04
  7.850000e-02  4.440775e+04
  7.640000e-02  4.477355e+04
  7.450000e-02  4.514150e+04
  7.250000e-02  4.567115e+04
  7.070000e-02  4.593125e+04
  6.880000e-02  4.572445e+04
  6.700000e-02  4.569965e+04
  6.530000e-02  4.532880e+04
  6.360000e-02  4.488040e+04
  6.200000e-02  4.413950e+04
  6.040000e-02  4.346260e+04
  5.880000e-02  4.229500e+04
  5.730000e-02  4.107475e+04
  5.580000e-02  3.949195e+04
  5.430000e-02  3.796925e+04
  5.290000e-02  3.647735e+04
  5.160000e-02  3.489330e+04
  5.020000e-02  3.262950e+04
  4.890000e-02  3.018375e+04
  4.770000e-02  2.781780e+04
  4.640000e-02  2.545265e+04
  4.520000e-02  2.324780e+04
  4.410000e-02  2.102660e+04
  4.290000e-02  1.894605e+04
  4.180000e-02  1.696440e+04
  4.070000e-02  1.508405e+04
  3.970000e-02  1.342365e+04
  3.860000e-02  1.178550e+04
  3.760000e-02  1.034940e+04
  3.670000e-02  9.011425e+03
  3.570000e-02  7.784095e+03
  3.480000e-02  6.668530e+03
  3.390000e-02  5.709190e+03
  3.300000e-02  4.830770e+03
  3.220000e-02  4.106415e+03
  3.130000e-02  3.458960e+03
  3.050000e-02  2.869350e+03
  2.970000e-02  2.399640e+03
  2.890000e-02  1.980325e+03
  2.820000e-02  1.649400e+03
  2.750000e-02  1.335180e+03
  2.680000e-02  1.090360e+03
  2.610000e-02  8.830755e+02
  2.540000e-02  7.068455e+02
  2.470000e-02  5.853435e+02
  2.410000e-02  4.870125e+02
  2.350000e-02  3.855430e+02
  2.290000e-02  3.257540e+02
  2.230000e-02  2.727420e+02
  2.170000e-02  2.401665e+02
  2.110000e-02  2.064775e+02
  2.060000e-02  1.795695e+02
  2.000000e-02  1.727905e+02
  1.950000e-02  1.623710e+02
  1.900000e-02  1.488160e+02
  1.850000e-02  1.446690e+02
  1.800000e-02  1.420370e+02
  1.760000e-02  1.320225e+02
  1.710000e-02  1.334390e+02
  1.670000e-02  1.280770e+02
  1.630000e-02  1.293915e+02
  1.580000e-02  1.261550e+02
  1.540000e-02  1.152285e+02
  1.500000e-02  1.238275e+02
  1.460000e-02  1.179610e+02
  1.430000e-02  1.181625e+02
  1.390000e-02  1.098665e+02
  1.350000e-02  1.170495e+02
  1.320000e-02  1.130025e+02
  1.280000e-02  1.065290e+02
  1.250000e-02  1.018748e+02
  1.220000e-02  9.641070e+01
  1.190000e-02  9.560225e+01
  1.160000e-02  9.873870e+01
  1.130000e-02  8.558620e+01
  1.100000e-02  8.396780e+01
  1.070000e-02  7.425575e+01
  1.040000e-02  6.838795e+01
  1.010000e-02  5.576250e+02
