  4.934820e+03  3.534120e-03
  4.806990e+03  3.073100e-04
  4.682470e+03  0.000000e+00
  4.561180e+03  7.682750e-04
  4.443030e+03  6.146200e-04
  4.327940e+03  1.382900e-03
  4.215830e+03  7.682750e-04
  4.106630e+03  9.219300e-04
  4.000250e+03  1.075585e-03
  3.896630e+03  1.229240e-03
  3.795700e+03  1.690215e-03
  3.697380e+03  1.382900e-03
  3.601600e+03  9.219350e-04
  3.508310e+03  1.843870e-03
  3.417430e+03  1.997525e-03
  3.328910e+03  1.382905e-03
  3.242680e+03  2.304845e-03
  3.158680e+03  2.765820e-03
  3.076860e+03  2.304865e-03
  2.997160e+03  2.304845e-03
  2.919530e+03  3.073135e-03
  2.843900e+03  6.146350e-03
  2.770230e+03  3.995090e-03
  2.698480e+03  3.226810e-03
  2.628580e+03  5.531690e-03
  2.560490e+03  5.070655e-03
  2.494160e+03  7.375560e-03
  2.429550e+03  4.917040e-03
  2.366620e+03  9.834165e-03
  2.305320e+03  8.143875e-03
  2.245600e+03  8.297520e-03
  2.187430e+03  9.526825e-03
  2.130770e+03  1.060248e-02
  2.075580e+03  9.680530e-03
  2.021810e+03  1.275370e-02
  1.969440e+03  1.290740e-02
  1.918430e+03  1.567305e-02
  1.868730e+03  1.982195e-02
  1.820330e+03  2.012910e-02
  1.773170e+03  2.089740e-02
  1.727240e+03  2.228045e-02
  1.682500e+03  2.858030e-02
  1.638920e+03  2.888750e-02
  1.596470e+03  2.827295e-02
  1.555110e+03  3.503385e-02
  1.514830e+03  3.856805e-02
  1.475590e+03  4.363875e-02
  1.437370e+03  4.809490e-02
  1.400140e+03  5.270450e-02
  1.363870e+03  5.654595e-02
  1.328540e+03  5.777515e-02
  1.294120e+03  7.006775e-02
  1.260600e+03  7.206535e-02
  1.227950e+03  7.590690e-02
  1.196140e+03  8.558699e-02
  1.165160e+03  9.680431e-02
  1.134980e+03  1.057165e-01
  1.105580e+03  1.127840e-01
  1.076940e+03  1.256915e-01
  1.049040e+03  1.392130e-01
  1.021870e+03  1.582670e-01
  9.953980e+02  1.633380e-01
  9.696140e+02  1.889980e-01
  9.444970e+02  2.022135e-01
  9.200320e+02  2.341745e-01
  8.962000e+02  2.693620e-01
  8.729850e+02  2.848805e-01
  8.503720e+02  3.260610e-01
  8.283450e+02  3.816845e-01
  8.068880e+02  4.104190e-01
  7.859870e+02  4.612790e-01
  7.656270e+02  5.106035e-01
  7.457950e+02  5.663815e-01
  7.264760e+02  6.324535e-01
  7.076580e+02  6.945310e-01
  6.893270e+02  7.957930e-01
  6.714710e+02  9.008920e-01
  6.540780e+02  9.703410e-01
  6.371350e+02  1.093270e+00
  6.206310e+02  1.191925e+00
  6.045550e+02  1.344195e+00
  5.888950e+02  1.505070e+00
  5.736410e+02  1.655195e+00
  5.587810e+02  1.811320e+00
  5.443070e+02  1.991095e+00
  5.302080e+02  2.209600e+00
  5.164740e+02  2.373540e+00
  5.030950e+02  2.637070e+00
  4.900630e+02  2.918875e+00
  4.773690e+02  3.214970e+00
  4.650040e+02  3.534900e+00
  4.529580e+02  3.905055e+00
  4.412250e+02  4.232360e+00
  4.297960e+02  4.673805e+00
  4.186630e+02  5.085150e+00
  4.078180e+02  5.570550e+00
  3.972540e+02  6.073310e+00
  3.869640e+02  6.573930e+00
  3.769400e+02  7.216370e+00
  3.671770e+02  7.867115e+00
  3.576650e+02  8.572701e+00
  3.484010e+02  9.429190e+00
  3.393760e+02  1.011075e+01
  3.305850e+02  1.105450e+01
  3.220220e+02  1.181145e+01
  3.136800e+02  1.269935e+01
  3.055550e+02  1.359530e+01
  2.976400e+02  1.461935e+01
  2.899300e+02  1.577435e+01
  2.824200e+02  1.706000e+01
  2.751040e+02  1.835285e+01
  2.679780e+02  1.946575e+01
  2.610370e+02  2.077370e+01
  2.542750e+02  2.239540e+01
  2.476890e+02  2.384715e+01
  2.412730e+02  2.574735e+01
  2.350230e+02  2.743930e+01
  2.289350e+02  2.922050e+01
  2.230050e+02  3.100400e+01
  2.172280e+02  3.311390e+01
  2.116010e+02  3.490705e+01
  2.061200e+02  3.687140e+01
  2.007810e+02  3.893045e+01
  1.955800e+02  4.152780e+01
  1.905140e+02  4.420015e+01
  1.855790e+02  4.704845e+01
  1.807720e+02  4.959050e+01
  1.760890e+02  5.236495e+01
  1.715280e+02  5.507560e+01
  1.670850e+02  5.774490e+01
  1.627570e+02  6.023665e+01
  1.585410e+02  6.268070e+01
  1.544340e+02  6.506175e+01
  1.504340e+02  6.770385e+01
  1.465370e+02  6.992870e+01
  1.427410e+02  7.247340e+01
  1.390440e+02  7.485905e+01
  1.354420e+02  7.713255e+01
  1.319340e+02  7.921185e+01
  1.285160e+02  8.123019e+01
  1.251870e+02  8.331281e+01
  1.219440e+02  8.535886e+01
  1.187850e+02  8.740390e+01
  1.157090e+02  8.944755e+01
  1.127110e+02  9.165775e+01
  1.097920e+02  9.358950e+01
  1.069480e+02  9.598415e+01
  1.041770e+02  9.817050e+01
  1.014790e+02  1.002930e+02
  9.885030e+01  1.028330e+02
  9.628970e+01  1.046905e+02
  9.379550e+01  1.071395e+02
  9.136590e+01  1.093160e+02
  8.899920e+01  1.114110e+02
  8.669380e+01  1.132755e+02
  8.444820e+01  1.151605e+02
  8.226070e+01  1.172760e+02
  8.012980e+01  1.189690e+02
  7.805420e+01  1.211415e+02
  7.603240e+01  1.224695e+02
  7.406290e+01  1.239990e+02
  7.214440e+01  1.253860e+02
  7.027560e+01  1.261155e+02
  6.845520e+01  1.266705e+02
  6.668200e+01  1.269155e+02
  6.495470e+01  1.262785e+02
  6.327220e+01  1.252455e+02
  6.163320e+01  1.236285e+02
  6.003670e+01  1.212260e+02
  5.848160e+01  1.191230e+02
  5.696670e+01  1.161765e+02
  5.549110e+01  1.139090e+02
  5.405370e+01  1.108395e+02
  5.265350e+01  1.074920e+02
  5.128960e+01  1.040750e+02
  4.996100e+01  9.971375e+01
  4.866690e+01  9.520880e+01
  4.740620e+01  8.970920e+01
  4.617830e+01  8.380535e+01
  4.498210e+01  7.813260e+01
  4.381690e+01  7.403410e+01
  4.268190e+01  7.025845e+01
  4.157630e+01  6.624255e+01
  4.049930e+01  6.226870e+01
  3.945030e+01  5.909670e+01
  3.842840e+01  5.633740e+01
  3.743290e+01  5.373300e+01
  3.646330e+01  5.089480e+01
  3.551880e+01  4.866320e+01
  3.459870e+01  4.594700e+01
  3.370250e+01  4.305175e+01
  3.282950e+01  4.028285e+01
  3.197910e+01  3.761765e+01
  3.115070e+01  3.497045e+01
  3.034380e+01  3.260305e+01
  2.955780e+01  2.991925e+01
  2.879220e+01  2.749600e+01
  2.804640e+01  2.515830e+01
  2.731990e+01  2.274470e+01
  2.661220e+01  2.052250e+01
  2.592290e+01  1.831690e+01
  2.525140e+01  1.619280e+01
  2.459730e+01  1.421060e+01
  2.396010e+01  1.251290e+01
  2.333950e+01  1.079395e+01
  2.273490e+01  9.240810e+00
  2.214600e+01  7.701150e+00
  2.157230e+01  6.266450e+00
  2.101350e+01  5.111735e+00
  2.046920e+01  4.087440e+00
  1.993900e+01  3.275515e+00
  1.942250e+01  2.655505e+00
  1.891940e+01  2.193760e+00
  1.842930e+01  1.915030e+00
  1.795200e+01  1.763840e+00
  1.748690e+01  1.735570e+00
  1.703400e+01  1.766440e+00
  1.659270e+01  1.906120e+00
  1.616290e+01  2.075145e+00
  1.574430e+01  2.236180e+00
  1.533640e+01  2.346820e+00
  1.493920e+01  2.473425e+00
  1.455220e+01  2.403205e+00
  1.417520e+01  2.043645e+00
  1.380800e+01  1.517210e+00
  1.345040e+01  9.555995e-01
  1.310200e+01  5.470210e-01
  1.276260e+01  2.644450e-01
  1.243200e+01  1.255385e-01
  1.211000e+01  5.792885e-02
  1.179630e+01  2.397055e-02
  1.149070e+01  1.137080e-02
  1.119310e+01  4.917050e-03
  1.090310e+01  2.151185e-03
  1.062070e+01  2.612145e-03
  1.034560e+01  1.075590e-03
  1.007760e+01  1.536550e-04
  9.816600e+00  3.073100e-04
  9.562300e+00  6.146200e-04
  9.314600e+00  6.146200e-04
  9.073300e+00  7.682800e-04
  8.838300e+00  1.843875e-03
  8.609300e+00  5.992680e-03
  8.386300e+00  1.767065e-02
  8.169100e+00  5.838990e-02
  7.957500e+00  1.531970e-01
  7.751400e+00  2.713595e-01
  7.550600e+00  4.944700e-01
  7.355000e+00  5.528590e-01
  7.164500e+00  5.213590e-01
  6.978900e+00  4.827915e-01
  6.798100e+00  4.051950e-01
  6.622000e+00  3.171485e-01
  6.450500e+00  2.796575e-01
  6.283400e+00  2.221885e-01
  6.120600e+00  1.747085e-01
  5.962100e+00  1.524285e-01
  5.807600e+00  1.324520e-01
  5.657200e+00  1.180090e-01
  5.510700e+00  1.107875e-01
  5.367900e+00  9.588240e-02
  5.228900e+00  7.728966e-02
  5.093400e+00  6.054100e-02
  4.961500e+00  5.101425e-02
  4.833000e+00  3.703155e-02
  4.707800e+00  3.211450e-02
  4.585800e+00  2.796575e-02
  4.467100e+00  1.598050e-02
  4.351300e+00  1.843890e-02
  4.238600e+00  1.521210e-02
  4.128800e+00  1.444395e-02
  4.021900e+00  2.059005e-02
  3.917700e+00  1.536580e-02
  3.816200e+00  1.060244e-02
  3.717400e+00  6.760975e-03
  3.621100e+00  6.914600e-03
  3.527300e+00  5.531675e-03
  3.435900e+00  5.224370e-03
  3.346900e+00  4.456055e-03
  3.260200e+00  2.458500e-03
  3.175800e+00  2.458500e-03
  3.093500e+00  1.382905e-03
  3.013400e+00  3.073100e-04
  2.935300e+00  1.536555e-03
  2.859300e+00  1.229255e-03
  2.785200e+00  2.919495e-03
  2.713100e+00  1.997540e-03
  2.642800e+00  1.997530e-03
  2.574300e+00  1.536590e-03
  2.507600e+00  1.690215e-03
  2.442700e+00  2.151185e-03
  2.379400e+00  1.536555e-03
  2.317800e+00  1.229245e-03
  2.257700e+00  1.997530e-03
  2.199300e+00  2.304840e-03
  2.142300e+00  1.075590e-03
  2.086800e+00  1.229245e-03
  2.032700e+00  1.229250e-03
  1.980100e+00  1.229245e-03
  1.928800e+00  1.382895e-03
  1.878800e+00  6.146250e-04
  1.830200e+00  7.682800e-04
  1.782800e+00  9.219300e-04
  1.736600e+00  9.219300e-04
  1.691600e+00  1.075590e-03
  1.647800e+00  6.146200e-04
  1.605100e+00  1.536565e-03
  1.563500e+00  6.146200e-04
  1.523000e+00  1.536550e-04
  1.483600e+00  1.536550e-04
  1.445100e+00  3.073100e-04
  1.407700e+00  1.536550e-04
  1.371200e+00  7.682750e-04
  1.335700e+00  1.536550e-04
  1.301100e+00  1.536550e-04
  1.267400e+00  3.073100e-04
  1.234600e+00  0.000000e+00
  1.202600e+00  3.073100e-04
  1.171500e+00  1.536550e-04
  1.141100e+00  1.536550e-04
  1.111600e+00  0.000000e+00
  1.082800e+00  3.073100e-04
  1.054700e+00  1.536550e-04
  1.027400e+00  0.000000e+00
  1.000800e+00  1.536550e-04
  9.749000e-01  1.536550e-04
  9.496000e-01  0.000000e+00
  9.250000e-01  1.536550e-04
  9.010000e-01  0.000000e+00
  8.777000e-01  1.536550e-04
  8.550000e-01  1.536550e-04
  8.328000e-01  0.000000e+00
  8.113000e-01  0.000000e+00
  7.902000e-01  0.000000e+00
  7.698000e-01  3.073100e-04
  7.498000e-01  1.536550e-04
  7.304000e-01  0.000000e+00
  7.115000e-01  0.000000e+00
  6.931000e-01  1.536550e-04
  6.751000e-01  1.536550e-04
  6.576000e-01  6.146200e-04
  6.406000e-01  3.073100e-04
  6.240000e-01  0.000000e+00
  6.078000e-01  3.073100e-04
  5.921000e-01  0.000000e+00
  5.767000e-01  1.536550e-04
  5.618000e-01  1.536550e-04
  5.472000e-01  1.536550e-04
  5.331000e-01  0.000000e+00
  5.193000e-01  0.000000e+00
  5.058000e-01  1.536550e-04
  4.927000e-01  0.000000e+00
  4.799000e-01  4.609650e-04
  4.675000e-01  0.000000e+00
  4.554000e-01  0.000000e+00
  4.436000e-01  0.000000e+00
  4.321000e-01  0.000000e+00
  4.209000e-01  0.000000e+00
  4.100000e-01  3.073100e-04
  3.994000e-01  0.000000e+00
  3.891000e-01  0.000000e+00
  3.790000e-01  1.536550e-04
  3.692000e-01  3.073150e-04
  3.596000e-01  0.000000e+00
  3.503000e-01  0.000000e+00
  3.412000e-01  3.073100e-04
  3.324000e-01  0.000000e+00
  3.238000e-01  1.536550e-04
  3.154000e-01  0.000000e+00
  3.072000e-01  0.000000e+00
  2.992000e-01  0.000000e+00
  2.915000e-01  1.536550e-04
  2.839000e-01  0.000000e+00
  2.766000e-01  1.536550e-04
  2.694000e-01  0.000000e+00
  2.624000e-01  1.536550e-04
  2.556000e-01  0.000000e+00
  2.490000e-01  1.536550e-04
  2.426000e-01  0.000000e+00
  2.363000e-01  0.000000e+00
  2.302000e-01  0.000000e+00
  2.242000e-01  0.000000e+00
  2.184000e-01  1.536550e-04
  2.127000e-01  1.536550e-04
  2.072000e-01  0.000000e+00
  2.019000e-01  1.536550e-04
  1.966000e-01  0.000000e+00
  1.915000e-01  1.536550e-04
  1.866000e-01  0.000000e+00
  1.817000e-01  0.000000e+00
  1.770000e-01  0.000000e+00
  1.725000e-01  0.000000e+00
  1.680000e-01  0.000000e+00
  1.636000e-01  0.000000e+00
  1.594000e-01  0.000000e+00
  1.553000e-01  0.000000e+00
  1.512000e-01  1.536550e-04
  1.473000e-01  0.000000e+00
  1.435000e-01  0.000000e+00
  1.398000e-01  0.000000e+00
  1.362000e-01  0.000000e+00
  1.326000e-01  0.000000e+00
  1.292000e-01  0.000000e+00
  1.259000e-01  0.000000e+00
  1.226000e-01  0.000000e+00
  1.194000e-01  0.000000e+00
  1.163000e-01  0.000000e+00
  1.133000e-01  0.000000e+00
  1.104000e-01  0.000000e+00
  1.075000e-01  0.000000e+00
  1.047000e-01  0.000000e+00
  1.020000e-01  0.000000e+00
  9.940000e-02  0.000000e+00
  9.680000e-02  0.000000e+00
  9.430000e-02  0.000000e+00
  9.190000e-02  0.000000e+00
  8.950000e-02  0.000000e+00
  8.720000e-02  0.000000e+00
  8.490000e-02  0.000000e+00
  8.270000e-02  0.000000e+00
  8.060000e-02  0.000000e+00
  7.850000e-02  0.000000e+00
  7.640000e-02  0.000000e+00
  7.450000e-02  0.000000e+00
  7.250000e-02  0.000000e+00
  7.070000e-02  0.000000e+00
  6.880000e-02  0.000000e+00
  6.700000e-02  0.000000e+00
  6.530000e-02  0.000000e+00
  6.360000e-02  0.000000e+00
  6.200000e-02  0.000000e+00
  6.040000e-02  0.000000e+00
  5.880000e-02  0.000000e+00
  5.730000e-02  0.000000e+00
  5.580000e-02  0.000000e+00
  5.430000e-02  0.000000e+00
  5.290000e-02  0.000000e+00
  5.160000e-02  0.000000e+00
  5.020000e-02  0.000000e+00
  4.890000e-02  0.000000e+00
  4.770000e-02  0.000000e+00
  4.640000e-02  0.000000e+00
  4.520000e-02  0.000000e+00
  4.410000e-02  0.000000e+00
  4.290000e-02  0.000000e+00
  4.180000e-02  0.000000e+00
  4.070000e-02  0.000000e+00
  3.970000e-02  0.000000e+00
  3.860000e-02  0.000000e+00
  3.760000e-02  0.000000e+00
  3.670000e-02  0.000000e+00
  3.570000e-02  0.000000e+00
  3.480000e-02  0.000000e+00
  3.390000e-02  0.000000e+00
  3.300000e-02  0.000000e+00
  3.220000e-02  0.000000e+00
  3.130000e-02  0.000000e+00
  3.050000e-02  0.000000e+00
  2.970000e-02  0.000000e+00
  2.890000e-02  0.000000e+00
  2.820000e-02  0.000000e+00
  2.750000e-02  0.000000e+00
  2.680000e-02  0.000000e+00
  2.610000e-02  0.000000e+00
  2.540000e-02  0.000000e+00
  2.470000e-02  0.000000e+00
  2.410000e-02  0.000000e+00
  2.350000e-02  0.000000e+00
  2.290000e-02  0.000000e+00
  2.230000e-02  0.000000e+00
  2.170000e-02  0.000000e+00
  2.110000e-02  0.000000e+00
  2.060000e-02  0.000000e+00
  2.000000e-02  0.000000e+00
  1.950000e-02  0.000000e+00
  1.900000e-02  0.000000e+00
  1.850000e-02  0.000000e+00
  1.800000e-02  0.000000e+00
  1.760000e-02  0.000000e+00
  1.710000e-02  0.000000e+00
  1.670000e-02  0.000000e+00
  1.630000e-02  0.000000e+00
  1.580000e-02  0.000000e+00
  1.540000e-02  0.000000e+00
  1.500000e-02  0.000000e+00
  1.460000e-02  0.000000e+00
  1.430000e-02  0.000000e+00
  1.390000e-02  0.000000e+00
  1.350000e-02  0.000000e+00
  1.320000e-02  0.000000e+00
  1.280000e-02  0.000000e+00
  1.250000e-02  0.000000e+00
  1.220000e-02  0.000000e+00
  1.190000e-02  0.000000e+00
  1.160000e-02  0.000000e+00
  1.130000e-02  0.000000e+00
  1.100000e-02  0.000000e+00
  1.070000e-02  0.000000e+00
  1.040000e-02  0.000000e+00
  1.010000e-02  0.000000e+00
