  4.934820e+03  1.073580e-01
  4.806990e+03  0.000000e+00
  4.682470e+03  0.000000e+00
  4.561180e+03  0.000000e+00
  4.443030e+03  0.000000e+00
  4.327940e+03  0.000000e+00
  4.215830e+03  0.000000e+00
  4.106630e+03  0.000000e+00
  4.000250e+03  2.683950e-02
  3.896630e+03  0.000000e+00
  3.795700e+03  2.683950e-02
  3.697380e+03  0.000000e+00
  3.601600e+03  0.000000e+00
  3.508310e+03  2.683950e-02
  3.417430e+03  0.000000e+00
  3.328910e+03  0.000000e+00
  3.242680e+03  5.367900e-02
  3.158680e+03  0.000000e+00
  3.076860e+03  2.683950e-02
  2.997160e+03  2.683950e-02
  2.919530e+03  0.000000e+00
  2.843900e+03  0.000000e+00
  2.770230e+03  5.367900e-02
  2.698480e+03  2.683950e-02
  2.628580e+03  2.683950e-02
  2.560490e+03  2.683950e-02
  2.494160e+03  5.367900e-02
  2.429550e+03  0.000000e+00
  2.366620e+03  0.000000e+00
  2.305320e+03  2.683950e-02
  2.245600e+03  2.683950e-02
  2.187430e+03  5.367900e-02
  2.130770e+03  5.367900e-02
  2.075580e+03  2.683950e-02
  2.021810e+03  8.051850e-02
  1.969440e+03  0.000000e+00
  1.918430e+03  2.683950e-02
  1.868730e+03  1.341975e-01
  1.820330e+03  5.367900e-02
  1.773170e+03  1.610395e-01
  1.727240e+03  1.341995e-01
  1.682500e+03  0.000000e+00
  1.638920e+03  1.610380e-01
  1.596470e+03  1.073590e-01
  1.555110e+03  1.610380e-01
  1.514830e+03  3.220750e-01
  1.475590e+03  1.341975e-01
  1.437370e+03  8.051850e-02
  1.400140e+03  1.610380e-01
  1.363870e+03  2.415565e-01
  1.328540e+03  2.952365e-01
  1.294120e+03  2.952365e-01
  1.260600e+03  2.952375e-01
  1.227950e+03  3.220760e-01
  1.196140e+03  4.025975e-01
  1.165160e+03  3.489170e-01
  1.134980e+03  4.562765e-01
  1.105580e+03  4.025955e-01
  1.076940e+03  4.831160e-01
  1.049040e+03  8.320340e-01
  1.021870e+03  6.441450e-01
  9.953980e+02  9.393826e-01
  9.696140e+02  6.441520e-01
  9.444970e+02  9.125525e-01
  9.200320e+02  9.930600e-01
  8.962000e+02  1.127263e+00
  8.729850e+02  1.127260e+00
  8.503720e+02  1.503025e+00
  8.283450e+02  1.395655e+00
  8.068880e+02  1.395650e+00
  7.859870e+02  2.254485e+00
  7.656270e+02  2.066615e+00
  7.457950e+02  2.039805e+00
  7.264760e+02  2.898645e+00
  7.076580e+02  3.354915e+00
  6.893270e+02  3.542790e+00
  6.714710e+02  3.891705e+00
  6.540780e+02  4.347975e+00
  6.371350e+02  4.857920e+00
  6.206310e+02  5.018960e+00
  6.045550e+02  6.414600e+00
  5.888950e+02  5.931510e+00
  5.736410e+02  7.407680e+00
  5.587810e+02  8.132335e+00
  5.443070e+02  9.232800e+00
  5.302080e+02  9.554885e+00
  5.164740e+02  1.186310e+01
  5.030950e+02  1.360750e+01
  4.900630e+02  1.398330e+01
  4.773690e+02  1.701600e+01
  4.650040e+02  1.889485e+01
  4.529580e+02  2.176670e+01
  4.412250e+02  2.335015e+01
  4.297960e+02  2.568530e+01
  4.186630e+02  2.761770e+01
  4.078180e+02  3.298550e+01
  3.972540e+02  3.615260e+01
  3.869640e+02  4.103735e+01
  3.769400e+02  4.686145e+01
  3.671770e+02  5.182685e+01
  3.576650e+02  5.649690e+01
  3.484010e+02  6.422655e+01
  3.393760e+02  7.257355e+01
  3.305850e+02  7.890775e+01
  3.220220e+02  8.730840e+01
  3.136800e+02  9.858160e+01
  3.055550e+02  1.131020e+02
  2.976400e+02  1.207230e+02
  2.899300e+02  1.393505e+02
  2.824200e+02  1.475895e+02
  2.751040e+02  1.687120e+02
  2.679780e+02  1.849490e+02
  2.610370e+02  2.099100e+02
  2.542750e+02  2.320530e+02
  2.476890e+02  2.620860e+02
  2.412730e+02  2.876650e+02
  2.350230e+02  3.208920e+02
  2.289350e+02  3.615270e+02
  2.230050e+02  4.025100e+02
  2.172280e+02  4.440580e+02
  2.116010e+02  4.906765e+02
  2.061200e+02  5.496425e+02
  2.007810e+02  5.909480e+02
  1.955800e+02  6.736145e+02
  1.905140e+02  7.509385e+02
  1.855790e+02  8.391050e+02
  1.807720e+02  9.252065e+02
  1.760890e+02  1.029670e+03
  1.715280e+02  1.139625e+03
  1.670850e+02  1.252650e+03
  1.627570e+02  1.377925e+03
  1.585410e+02  1.507725e+03
  1.544340e+02  1.648175e+03
  1.504340e+02  1.792820e+03
  1.465370e+02  1.967240e+03
  1.427410e+02  2.151065e+03
  1.390440e+02  2.317935e+03
  1.354420e+02  2.515230e+03
  1.319340e+02  2.730495e+03
  1.285160e+02  2.937575e+03
  1.251870e+02  3.166835e+03
  1.219440e+02  3.425770e+03
  1.187850e+02  3.676375e+03
  1.157090e+02  3.985030e+03
  1.127110e+02  4.252955e+03
  1.097920e+02  4.570245e+03
  1.069480e+02  4.862355e+03
  1.041770e+02  5.213220e+03
  1.014790e+02  5.590895e+03
  9.885030e+01  5.968510e+03
  9.628970e+01  6.346185e+03
  9.379550e+01  6.794640e+03
  9.136590e+01  7.211295e+03
  8.899920e+01  7.633450e+03
  8.669380e+01  8.107790e+03
  8.444820e+01  8.584750e+03
  8.226070e+01  9.012029e+03
  8.012980e+01  9.540320e+03
  7.805420e+01  1.006335e+04
  7.603240e+01  1.059360e+04
  7.406290e+01  1.104970e+04
  7.214440e+01  1.160570e+04
  7.027560e+01  1.207890e+04
  6.845520e+01  1.257410e+04
  6.668200e+01  1.302095e+04
  6.495470e+01  1.343605e+04
  6.327220e+01  1.369035e+04
  6.163320e+01  1.390655e+04
  6.003670e+01  1.407305e+04
  5.848160e+01  1.416805e+04
  5.696670e+01  1.421620e+04
  5.549110e+01  1.422490e+04
  5.405370e+01  1.425500e+04
  5.265350e+01  1.428025e+04
  5.128960e+01  1.426945e+04
  4.996100e+01  1.421900e+04
  4.866690e+01  1.404500e+04
  4.740620e+01  1.383630e+04
  4.617830e+01  1.351960e+04
  4.498210e+01  1.308885e+04
  4.381690e+01  1.274300e+04
  4.268190e+01  1.227635e+04
  4.157630e+01  1.181150e+04
  4.049930e+01  1.135700e+04
  3.945030e+01  1.095980e+04
  3.842840e+01  1.054430e+04
  3.743290e+01  1.012825e+04
  3.646330e+01  9.699630e+03
  3.551880e+01  9.363725e+03
  3.459870e+01  8.973880e+03
  3.370250e+01  8.540980e+03
  3.282950e+01  8.183175e+03
  3.197910e+01  7.783080e+03
  3.115070e+01  7.359900e+03
  3.034380e+01  6.982065e+03
  2.955780e+01  6.595610e+03
  2.879220e+01  6.218545e+03
  2.804640e+01  5.866555e+03
  2.731990e+01  5.464850e+03
  2.661220e+01  5.094135e+03
  2.592290e+01  4.736900e+03
  2.525140e+01  4.372210e+03
  2.459730e+01  4.001755e+03
  2.396010e+01  3.648160e+03
  2.333950e+01  3.333200e+03
  2.273490e+01  3.020870e+03
  2.214600e+01  2.703120e+03
  2.157230e+01  2.358210e+03
  2.101350e+01  2.069790e+03
  2.046920e+01  1.800535e+03
  1.993900e+01  1.558260e+03
  1.942250e+01  1.366485e+03
  1.891940e+01  1.196615e+03
  1.842930e+01  1.101885e+03
  1.795200e+01  1.034030e+03
  1.748690e+01  1.008350e+03
  1.703400e+01  1.001590e+03
  1.659270e+01  1.031925e+03
  1.616290e+01  1.085355e+03
  1.574430e+01  1.108350e+03
  1.533640e+01  1.140480e+03
  1.493920e+01  1.155570e+03
  1.455220e+01  1.122685e+03
  1.417520e+01  1.017225e+03
  1.380800e+01  8.325835e+02
  1.345040e+01  6.199610e+02
  1.310200e+01  4.281420e+02
  1.276260e+01  2.810355e+02
  1.243200e+01  1.832060e+02
  1.211000e+01  1.191670e+02
  1.179630e+01  7.810250e+01
  1.149070e+01  5.214885e+01
  1.119310e+01  3.824605e+01
  1.090310e+01  2.933530e+01
  1.062070e+01  2.466535e+01
  1.034560e+01  1.924380e+01
  1.007760e+01  1.559370e+01
  9.816600e+00  1.274885e+01
  9.562300e+00  1.073575e+01
  9.314600e+00  1.089690e+01
  9.073300e+00  1.333920e+01
  8.838300e+00  1.685510e+01
  8.609300e+00  2.708090e+01
  8.386300e+00  4.135950e+01
  8.169100e+00  7.498910e+01
  7.957500e+00  1.284275e+02
  7.751400e+00  1.740795e+02
  7.550600e+00  2.348445e+02
  7.355000e+00  2.375550e+02
  7.164500e+00  2.180165e+02
  6.978900e+00  1.963035e+02
  6.798100e+00  1.671820e+02
  6.622000e+00  1.441275e+02
  6.450500e+00  1.204545e+02
  6.283400e+00  9.898360e+01
  6.120600e+00  8.497325e+01
  5.962100e+00  7.764626e+01
  5.807600e+00  6.951400e+01
  5.657200e+00  6.725945e+01
  5.510700e+00  6.315305e+01
  5.367900e+00  5.689940e+01
  5.228900e+00  5.212205e+01
  5.093400e+00  4.597575e+01
  4.961500e+00  4.205730e+01
  4.833000e+00  3.698465e+01
  4.707800e+00  3.524015e+01
  4.585800e+00  2.965745e+01
  4.467100e+00  2.670510e+01
  4.351300e+00  2.571205e+01
  4.238600e+00  2.396750e+01
  4.128800e+00  2.300135e+01
  4.021900e+00  2.461165e+01
  3.917700e+00  2.082740e+01
  3.816200e+00  1.884120e+01
  3.717400e+00  1.766040e+01
  3.621100e+00  1.591575e+01
  3.527300e+00  1.465425e+01
  3.435900e+00  1.341960e+01
  3.346900e+00  1.248035e+01
  3.260200e+00  9.689025e+00
  3.175800e+00  7.166150e+00
  3.093500e+00  4.965285e+00
  3.013400e+00  3.945380e+00
  2.935300e+00  4.670050e+00
  2.859300e+00  4.884770e+00
  2.785200e+00  7.085635e+00
  2.713100e+00  9.071665e+00
  2.642800e+00  9.071815e+00
  2.574300e+00  8.427605e+00
  2.507600e+00  8.186040e+00
  2.442700e+00  8.857016e+00
  2.379400e+00  8.078674e+00
  2.317800e+00  7.890820e+00
  2.257700e+00  6.226730e+00
  2.199300e+00  6.226730e+00
  2.142300e+00  6.119375e+00
  2.086800e+00  6.280410e+00
  2.032700e+00  5.475235e+00
  1.980100e+00  6.870890e+00
  1.928800e+00  5.206845e+00
  1.878800e+00  4.294295e+00
  1.830200e+00  5.099480e+00
  1.782800e+00  9.608480e+00
  1.736600e+00  5.153150e+00
  1.691600e+00  5.072640e+00
  1.647800e+00  3.515940e+00
  1.605100e+00  3.596465e+00
  1.563500e+00  3.623305e+00
  1.523000e+00  3.006005e+00
  1.483600e+00  3.113355e+00
  1.445100e+00  3.864860e+00
  1.407700e+00  3.838020e+00
  1.371200e+00  3.086515e+00
  1.335700e+00  2.657080e+00
  1.301100e+00  2.898645e+00
  1.267400e+00  2.254490e+00
  1.234600e+00  2.522895e+00
  1.202600e+00  3.220700e+00
  1.171500e+00  2.925490e+00
  1.141100e+00  2.603400e+00
  1.111600e+00  2.630245e+00
  1.082800e+00  1.690880e+00
  1.054700e+00  2.764445e+00
  1.027400e+00  1.744560e+00
  1.000800e+00  1.771395e+00
  9.749000e-01  2.120310e+00
  9.496000e-01  1.798245e+00
  9.250000e-01  1.932435e+00
  9.010000e-01  2.039780e+00
  8.777000e-01  1.825075e+00
  8.550000e-01  2.657095e+00
  8.328000e-01  2.388705e+00
  8.113000e-01  2.871805e+00
  7.902000e-01  2.818125e+00
  7.698000e-01  2.603410e+00
  7.498000e-01  3.059680e+00
  7.304000e-01  2.979145e+00
  7.115000e-01  2.979165e+00
  6.931000e-01  4.643210e+00
  6.751000e-01  1.841175e+01
  6.576000e-01  2.345755e+01
  6.406000e-01  5.198775e+01
  6.240000e-01  1.068215e+01
  6.078000e-01  4.535840e+00
  5.921000e-01  4.240615e+00
  5.767000e-01  4.267465e+00
  5.618000e-01  4.240615e+00
  5.472000e-01  4.133255e+00
  5.331000e-01  4.455330e+00
  5.193000e-01  5.153160e+00
  5.058000e-01  5.394705e+00
  4.927000e-01  7.031935e+00
  4.799000e-01  7.139270e+00
  4.675000e-01  5.609430e+00
  4.554000e-01  5.448390e+00
  4.436000e-01  8.857065e+00
  4.321000e-01  9.071711e+00
  4.209000e-01  8.239715e+00
  4.100000e-01  6.468270e+00
  3.994000e-01  1.030635e+01
  3.891000e-01  1.497635e+01
  3.790000e-01  1.368815e+01
  3.692000e-01  5.475240e+00
  3.596000e-01  5.716815e+00
  3.503000e-01  5.448390e+00
  3.412000e-01  5.448390e+00
  3.324000e-01  5.985160e+00
  3.238000e-01  5.179995e+00
  3.154000e-01  4.723720e+00
  3.072000e-01  7.273500e+00
  2.992000e-01  8.159200e+00
  2.915000e-01  9.447460e+00
  2.839000e-01  1.183630e+01
  2.766000e-01  9.152335e+00
  2.694000e-01  1.468115e+01
  2.624000e-01  2.887910e+01
  2.556000e-01  3.124100e+01
  2.490000e-01  1.492270e+01
  2.426000e-01  1.572780e+01
  2.363000e-01  1.682820e+01
  2.302000e-01  1.006478e+01
  2.242000e-01  8.695980e+00
  2.184000e-01  8.400785e+00
  2.127000e-01  8.186029e+00
  2.072000e-01  7.327140e+00
  2.019000e-01  7.461360e+00
  1.966000e-01  8.186065e+00
  1.915000e-01  7.837090e+00
  1.866000e-01  8.561745e+00
  1.817000e-01  7.783450e+00
  1.770000e-01  8.320290e+00
  1.725000e-01  9.152315e+00
  1.680000e-01  9.125484e+00
  1.636000e-01  8.239679e+00
  1.594000e-01  6.924550e+00
  1.553000e-01  8.293409e+00
  1.512000e-01  7.515055e+00
  1.473000e-01  8.347095e+00
  1.435000e-01  8.320225e+00
  1.398000e-01  9.554860e+00
  1.362000e-01  9.232770e+00
  1.326000e-01  8.937535e+00
  1.292000e-01  9.286485e+00
  1.259000e-01  9.850145e+00
  1.226000e-01  9.903786e+00
  1.194000e-01  1.041378e+01
  1.163000e-01  9.232750e+00
  1.133000e-01  9.232745e+00
  1.104000e-01  1.046735e+01
  1.075000e-01  9.715900e+00
  1.047000e-01  1.009167e+01
  1.020000e-01  9.823235e+00
  9.940000e-02  8.642321e+00
  9.680000e-02  9.769550e+00
  9.430000e-02  9.205906e+00
  9.190000e-02  9.474316e+00
  8.950000e-02  9.232775e+00
  8.720000e-02  8.722790e+00
  8.490000e-02  8.669130e+00
  8.270000e-02  8.454440e+00
  8.060000e-02  8.159190e+00
  7.850000e-02  7.005070e+00
  7.640000e-02  7.192965e+00
  7.450000e-02  6.548790e+00
  7.250000e-02  6.038845e+00
  7.070000e-02  5.153155e+00
  6.880000e-02  4.321135e+00
  6.700000e-02  4.160095e+00
  6.530000e-02  3.354910e+00
  6.360000e-02  3.623290e+00
  6.200000e-02  2.925480e+00
  6.040000e-02  2.979160e+00
  5.880000e-02  2.576575e+00
  5.730000e-02  1.905605e+00
  5.580000e-02  1.851920e+00
  5.430000e-02  1.422500e+00
  5.290000e-02  1.341975e+00
  5.160000e-02  9.930685e-01
  5.020000e-02  1.046750e+00
  4.890000e-02  7.515040e-01
  4.770000e-02  6.173175e-01
  4.640000e-02  8.320230e-01
  4.520000e-02  3.489160e-01
  4.410000e-02  4.562770e-01
  4.290000e-02  2.147185e-01
  4.180000e-02  3.220775e-01
  4.070000e-02  2.147170e-01
  3.970000e-02  2.952360e-01
  3.860000e-02  2.147170e-01
  3.760000e-02  5.367900e-02
  3.670000e-02  5.367900e-02
  3.570000e-02  5.367900e-02
  3.480000e-02  1.878775e-01
  3.390000e-02  5.367900e-02
  3.300000e-02  1.073580e-01
  3.220000e-02  8.051950e-02
  3.130000e-02  1.073580e-01
  3.050000e-02  0.000000e+00
  2.970000e-02  5.368000e-02
  2.890000e-02  5.367900e-02
  2.820000e-02  0.000000e+00
  2.750000e-02  5.367900e-02
  2.680000e-02  5.367900e-02
  2.610000e-02  0.000000e+00
  2.540000e-02  2.683950e-02
  2.470000e-02  2.683950e-02
  2.410000e-02  0.000000e+00
  2.350000e-02  0.000000e+00
  2.290000e-02  5.367900e-02
  2.230000e-02  2.683950e-02
  2.170000e-02  0.000000e+00
  2.110000e-02  8.051850e-02
  2.060000e-02  0.000000e+00
  2.000000e-02  0.000000e+00
  1.950000e-02  0.000000e+00
  1.900000e-02  0.000000e+00
  1.850000e-02  0.000000e+00
  1.800000e-02  2.683950e-02
  1.760000e-02  2.683950e-02
  1.710000e-02  0.000000e+00
  1.670000e-02  5.367900e-02
  1.630000e-02  0.000000e+00
  1.580000e-02  2.683950e-02
  1.540000e-02  0.000000e+00
  1.500000e-02  0.000000e+00
  1.460000e-02  2.683950e-02
  1.430000e-02  5.367900e-02
  1.390000e-02  0.000000e+00
  1.350000e-02  0.000000e+00
  1.320000e-02  0.000000e+00
  1.280000e-02  0.000000e+00
  1.250000e-02  0.000000e+00
  1.220000e-02  0.000000e+00
  1.190000e-02  0.000000e+00
  1.160000e-02  0.000000e+00
  1.130000e-02  0.000000e+00
  1.100000e-02  3.730660e+00
  1.070000e-02  5.341035e+00
  1.040000e-02  4.321130e+00
  1.010000e-02  3.542795e+01
