  4.934820e+03  0.000000e+00
  4.806990e+03  0.000000e+00
  4.682470e+03  0.000000e+00
  4.561180e+03  0.000000e+00
  4.443030e+03  0.000000e+00
  4.327940e+03  1.083350e-01
  4.215830e+03  0.000000e+00
  4.106630e+03  0.000000e+00
  4.000250e+03  0.000000e+00
  3.896630e+03  0.000000e+00
  3.795700e+03  0.000000e+00
  3.697380e+03  0.000000e+00
  3.601600e+03  0.000000e+00
  3.508310e+03  0.000000e+00
  3.417430e+03  1.083350e-01
  3.328910e+03  0.000000e+00
  3.242680e+03  1.083350e-01
  3.158680e+03  0.000000e+00
  3.076860e+03  0.000000e+00
  2.997160e+03  0.000000e+00
  2.919530e+03  0.000000e+00
  2.843900e+03  3.250050e-01
  2.770230e+03  0.000000e+00
  2.698480e+03  1.083350e-01
  2.628580e+03  0.000000e+00
  2.560490e+03  0.000000e+00
  2.494160e+03  0.000000e+00
  2.429550e+03  0.000000e+00
  2.366620e+03  1.083350e-01
  2.305320e+03  0.000000e+00
  2.245600e+03  0.000000e+00
  2.187430e+03  0.000000e+00
  2.130770e+03  0.000000e+00
  2.075580e+03  1.083350e-01
  2.021810e+03  0.000000e+00
  1.969440e+03  1.083350e-01
  1.918430e+03  0.000000e+00
  1.868730e+03  0.000000e+00
  1.820330e+03  1.083350e-01
  1.773170e+03  1.083350e-01
  1.727240e+03  4.333350e-01
  1.682500e+03  1.083350e-01
  1.638920e+03  2.166700e-01
  1.596470e+03  0.000000e+00
  1.555110e+03  1.083350e-01
  1.514830e+03  2.166650e-01
  1.475590e+03  8.666700e-01
  1.437370e+03  6.500050e-01
  1.400140e+03  5.416700e-01
  1.363870e+03  5.416750e-01
  1.328540e+03  4.333400e-01
  1.294120e+03  7.583400e-01
  1.260600e+03  3.250050e-01
  1.227950e+03  6.500100e-01
  1.196140e+03  4.333400e-01
  1.165160e+03  8.666800e-01
  1.134980e+03  3.250050e-01
  1.105580e+03  2.166700e-01
  1.076940e+03  6.500050e-01
  1.049040e+03  1.733340e+00
  1.021870e+03  8.666650e-01
  9.953980e+02  1.083345e+00
  9.696140e+02  9.750050e-01
  9.444970e+02  9.750050e-01
  9.200320e+02  1.083345e+00
  8.962000e+02  1.191680e+00
  8.729850e+02  1.191670e+00
  8.503720e+02  7.583350e-01
  8.283450e+02  1.300010e+00
  8.068880e+02  1.625010e+00
  7.859870e+02  1.625005e+00
  7.656270e+02  2.058335e+00
  7.457950e+02  2.383335e+00
  7.264760e+02  2.166675e+00
  7.076580e+02  1.841670e+00
  6.893270e+02  1.733345e+00
  6.714710e+02  2.058330e+00
  6.540780e+02  2.816670e+00
  6.371350e+02  2.708335e+00
  6.206310e+02  3.466665e+00
  6.045550e+02  4.224975e+00
  5.888950e+02  4.224965e+00
  5.736410e+02  3.575000e+00
  5.587810e+02  5.416615e+00
  5.443070e+02  5.091605e+00
  5.302080e+02  5.416655e+00
  5.164740e+02  4.983320e+00
  5.030950e+02  5.849965e+00
  4.900630e+02  7.583270e+00
  4.773690e+02  5.308280e+00
  4.650040e+02  8.558280e+00
  4.529580e+02  7.366620e+00
  4.412250e+02  8.341585e+00
  4.297960e+02  8.016595e+00
  4.186630e+02  9.533344e+00
  4.078180e+02  1.148335e+01
  3.972540e+02  1.213330e+01
  3.869640e+02  1.245830e+01
  3.769400e+02  1.289170e+01
  3.671770e+02  1.733340e+01
  3.576650e+02  1.776660e+01
  3.484010e+02  1.830835e+01
  3.393760e+02  1.841660e+01
  3.305850e+02  2.058340e+01
  3.220220e+02  2.166665e+01
  3.136800e+02  2.524165e+01
  3.055550e+02  2.524165e+01
  2.976400e+02  2.664990e+01
  2.899300e+02  2.729990e+01
  2.824200e+02  3.304145e+01
  2.751040e+02  3.444990e+01
  2.679780e+02  3.401650e+01
  2.610370e+02  3.715805e+01
  2.542750e+02  4.441640e+01
  2.476890e+02  4.441630e+01
  2.412730e+02  5.286630e+01
  2.350230e+02  5.308290e+01
  2.289350e+02  5.492480e+01
  2.230050e+02  5.860800e+01
  2.172280e+02  6.467465e+01
  2.116010e+02  7.041624e+01
  2.061200e+02  7.453300e+01
  2.007810e+02  8.211585e+01
  1.955800e+02  8.179140e+01
  1.905140e+02  9.836615e+01
  1.855790e+02  1.029179e+02
  1.807720e+02  1.093080e+02
  1.760890e+02  1.114745e+02
  1.715280e+02  1.255585e+02
  1.670850e+02  1.438680e+02
  1.627570e+02  1.434330e+02
  1.585410e+02  1.531825e+02
  1.544340e+02  1.632575e+02
  1.504340e+02  1.791830e+02
  1.465370e+02  1.838400e+02
  1.427410e+02  2.004170e+02
  1.390440e+02  2.086505e+02
  1.354420e+02  2.242505e+02
  1.319340e+02  2.466755e+02
  1.285160e+02  2.588080e+02
  1.251870e+02  2.657415e+02
  1.219440e+02  2.876245e+02
  1.187850e+02  3.102655e+02
  1.157090e+02  3.245660e+02
  1.127110e+02  3.466640e+02
  1.097920e+02  3.569555e+02
  1.069480e+02  3.959555e+02
  1.041770e+02  4.059225e+02
  1.014790e+02  4.297550e+02
  9.885030e+01  4.600880e+02
  9.628970e+01  4.774210e+02
  9.379550e+01  5.149055e+02
  9.136590e+01  5.293130e+02
  8.899920e+01  5.700475e+02
  8.669380e+01  6.158715e+02
  8.444820e+01  6.291960e+02
  8.226070e+01  6.603960e+02
  8.012980e+01  7.036225e+02
  7.805420e+01  7.392635e+02
  7.603240e+01  7.658055e+02
  7.406290e+01  8.046965e+02
  7.214440e+01  8.726225e+02
  7.027560e+01  9.007885e+02
  6.845520e+01  9.445535e+02
  6.668200e+01  9.868145e+02
  6.495470e+01  1.045625e+03
  6.327220e+01  1.098825e+03
  6.163320e+01  1.122540e+03
  6.003670e+01  1.171735e+03
  5.848160e+01  1.228180e+03
  5.696670e+01  1.244975e+03
  5.549110e+01  1.313220e+03
  5.405370e+01  1.340955e+03
  5.265350e+01  1.376490e+03
  5.128960e+01  1.455995e+03
  4.996100e+01  1.479175e+03
  4.866690e+01  1.557290e+03
  4.740620e+01  1.618610e+03
  4.617830e+01  1.686745e+03
  4.498210e+01  1.750565e+03
  4.381690e+01  1.790855e+03
  4.268190e+01  1.832355e+03
  4.157630e+01  1.848175e+03
  4.049930e+01  1.873620e+03
  3.945030e+01  1.902970e+03
  3.842840e+01  1.995390e+03
  3.743290e+01  1.993555e+03
  3.646330e+01  2.006115e+03
  3.551880e+01  2.014030e+03
  3.459870e+01  2.059740e+03
  3.370250e+01  2.074155e+03
  3.282950e+01  2.133730e+03
  3.197910e+01  2.171870e+03
  3.115070e+01  2.189740e+03
  3.034380e+01  2.231660e+03
  2.955780e+01  2.281160e+03
  2.879220e+01  2.319535e+03
  2.804640e+01  2.347050e+03
  2.731990e+01  2.401960e+03
  2.661220e+01  2.426885e+03
  2.592290e+01  2.472375e+03
  2.525140e+01  2.527745e+03
  2.459730e+01  2.557635e+03
  2.396010e+01  2.627415e+03
  2.333950e+01  2.676920e+03
  2.273490e+01  2.696740e+03
  2.214600e+01  2.748525e+03
  2.157230e+01  2.829895e+03
  2.101350e+01  2.900090e+03
  2.046920e+01  2.983390e+03
  1.993900e+01  2.987180e+03
  1.942250e+01  3.065400e+03
  1.891940e+01  3.127255e+03
  1.842930e+01  3.188250e+03
  1.795200e+01  3.210025e+03
  1.748690e+01  3.241870e+03
  1.703400e+01  3.249885e+03
  1.659270e+01  3.296565e+03
  1.616290e+01  3.285735e+03
  1.574430e+01  3.337630e+03
  1.533640e+01  3.321705e+03
  1.493920e+01  3.376300e+03
  1.455220e+01  3.384305e+03
  1.417520e+01  3.478880e+03
  1.380800e+01  3.498260e+03
  1.345040e+01  3.614945e+03
  1.310200e+01  3.709840e+03
  1.276260e+01  3.814060e+03
  1.243200e+01  3.957385e+03
  1.211000e+01  4.076110e+03
  1.179630e+01  4.215220e+03
  1.149070e+01  4.412925e+03
  1.119310e+01  4.596875e+03
  1.090310e+01  4.809215e+03
  1.062070e+01  5.048735e+03
  1.034560e+01  5.217405e+03
  1.007760e+01  5.475465e+03
  9.816600e+00  5.666670e+03
  9.562300e+00  5.815185e+03
  9.314600e+00  5.825915e+03
  9.073300e+00  5.670020e+03
  8.838300e+00  5.491600e+03
  8.609300e+00  5.301485e+03
  8.386300e+00  5.063130e+03
  8.169100e+00  4.825240e+03
  7.957500e+00  4.617135e+03
  7.751400e+00  4.419310e+03
  7.550600e+00  4.332550e+03
  7.355000e+00  4.357015e+03
  7.164500e+00  4.328210e+03
  6.978900e+00  4.329070e+03
  6.798100e+00  4.282065e+03
  6.622000e+00  4.288335e+03
  6.450500e+00  4.346080e+03
  6.283400e+00  4.437520e+03
  6.120600e+00  4.467855e+03
  5.962100e+00  4.448025e+03
  5.807600e+00  4.460590e+03
  5.657200e+00  4.534685e+03
  5.510700e+00  4.576405e+03
  5.367900e+00  4.840735e+03
  5.228900e+00  4.849500e+03
  5.093400e+00  4.843880e+03
  4.961500e+00  4.876160e+03
  4.833000e+00  5.474595e+03
  4.707800e+00  6.503855e+03
  4.585800e+00  5.538075e+03
  4.467100e+00  5.450105e+03
  4.351300e+00  5.723975e+03
  4.238600e+00  6.008015e+03
  4.128800e+00  6.178000e+03
  4.021900e+00  1.136145e+04
  3.917700e+00  8.101670e+03
  3.816200e+00  5.419670e+03
  3.717400e+00  5.271040e+03
  3.621100e+00  5.387270e+03
  3.527300e+00  5.441985e+03
  3.435900e+00  5.462135e+03
  3.346900e+00  5.586725e+03
  3.260200e+00  5.751715e+03
  3.175800e+00  6.011935e+03
  3.093500e+00  6.081040e+03
  3.013400e+00  6.294775e+03
  2.935300e+00  6.431830e+03
  2.859300e+00  6.492710e+03
  2.785200e+00  6.830485e+03
  2.713100e+00  6.874685e+03
  2.642800e+00  6.859840e+03
  2.574300e+00  7.358290e+03
  2.507600e+00  7.103380e+03
  2.442700e+00  7.337610e+03
  2.379400e+00  7.722830e+03
  2.317800e+00  7.491640e+03
  2.257700e+00  7.263500e+03
  2.199300e+00  8.235785e+03
  2.142300e+00  7.375200e+03
  2.086800e+00  7.444750e+03
  2.032700e+00  8.345425e+03
  1.980100e+00  1.235740e+04
  1.928800e+00  8.757949e+03
  1.878800e+00  7.493280e+03
  1.830200e+00  1.291800e+04
  1.782800e+00  3.348235e+04
  1.736600e+00  1.630075e+04
  1.691600e+00  9.552051e+03
  1.647800e+00  7.699325e+03
  1.605100e+00  7.401625e+03
  1.563500e+00  7.263280e+03
  1.523000e+00  7.341940e+03
  1.483600e+00  7.344085e+03
  1.445100e+00  7.241185e+03
  1.407700e+00  7.103050e+03
  1.371200e+00  6.721185e+03
  1.335700e+00  7.147905e+03
  1.301100e+00  6.050495e+03
  1.267400e+00  5.285655e+03
  1.234600e+00  6.473105e+03
  1.202600e+00  7.548410e+03
  1.171500e+00  7.107610e+03
  1.141100e+00  9.575660e+03
  1.111600e+00  6.186015e+03
  1.082800e+00  6.053205e+03
  1.054700e+00  8.472814e+03
  1.027400e+00  6.668640e+03
  1.000800e+00  5.807730e+03
  9.749000e-01  7.259710e+03
  9.496000e-01  6.384370e+03
  9.250000e-01  6.426190e+03
  9.010000e-01  6.773725e+03
  8.777000e-01  7.312255e+03
  8.550000e-01  8.738570e+03
  8.328000e-01  7.629870e+03
  8.113000e-01  8.826631e+03
  7.902000e-01  8.711801e+03
  7.698000e-01  8.137105e+03
  7.498000e-01  9.965075e+03
  7.304000e-01  9.298860e+03
  7.115000e-01  8.967805e+03
  6.931000e-01  2.263810e+04
  6.751000e-01  1.907920e+05
  6.576000e-01  1.533355e+05
  6.406000e-01  4.682740e+05
  6.240000e-01  1.194870e+05
  6.078000e-01  1.443990e+04
  5.921000e-01  1.327085e+04
  5.767000e-01  1.375500e+04
  5.618000e-01  1.429780e+04
  5.472000e-01  1.431490e+04
  5.331000e-01  1.660655e+04
  5.193000e-01  1.550065e+04
  5.058000e-01  1.997360e+04
  4.927000e-01  3.813555e+04
  4.799000e-01  3.925485e+04
  4.675000e-01  2.351750e+04
  4.554000e-01  1.925470e+04
  4.436000e-01  3.438895e+04
  4.321000e-01  3.773265e+04
  4.209000e-01  3.391910e+04
  4.100000e-01  2.550265e+04
  3.994000e-01  4.645395e+04
  3.891000e-01  9.716110e+04
  3.790000e-01  8.809145e+04
  3.692000e-01  2.028195e+04
  3.596000e-01  1.700990e+04
  3.503000e-01  1.774750e+04
  3.412000e-01  1.819040e+04
  3.324000e-01  1.992460e+04
  3.238000e-01  2.082565e+04
  3.154000e-01  2.055085e+04
  3.072000e-01  2.315620e+04
  2.992000e-01  3.108605e+04
  2.915000e-01  3.940010e+04
  2.839000e-01  4.284990e+04
  2.766000e-01  3.041005e+04
  2.694000e-01  7.103885e+04
  2.624000e-01  1.292165e+05
  2.556000e-01  1.829905e+05
  2.490000e-01  8.537765e+04
  2.426000e-01  3.737415e+04
  2.363000e-01  7.329035e+04
  2.302000e-01  5.820380e+04
  2.242000e-01  4.145425e+04
  2.184000e-01  4.025905e+04
  2.127000e-01  4.227275e+04
  2.072000e-01  4.245820e+04
  2.019000e-01  4.462180e+04
  1.966000e-01  4.930470e+04
  1.915000e-01  7.324115e+04
  1.866000e-01  5.547565e+04
  1.817000e-01  3.552955e+04
  1.770000e-01  2.629995e+04
  1.725000e-01  3.677465e+04
  1.680000e-01  5.802820e+04
  1.636000e-01  6.302595e+04
  1.594000e-01  6.489040e+04
  1.553000e-01  6.710390e+04
  1.512000e-01  6.997755e+04
  1.473000e-01  7.235680e+04
  1.435000e-01  8.632335e+04
  1.398000e-01  7.918475e+04
  1.362000e-01  8.025455e+04
  1.326000e-01  8.053209e+04
  1.292000e-01  7.864260e+04
  1.259000e-01  8.119850e+04
  1.226000e-01  9.573560e+04
  1.194000e-01  1.001895e+05
  1.163000e-01  9.302025e+04
  1.133000e-01  8.511625e+04
  1.104000e-01  8.161410e+04
  1.075000e-01  8.166909e+04
  1.047000e-01  8.248070e+04
  1.020000e-01  8.658990e+04
  9.940000e-02  7.777960e+04
  9.680000e-02  6.381025e+04
  9.430000e-02  6.288675e+04
  9.190000e-02  6.423530e+04
  8.950000e-02  9.017516e+04
  8.720000e-02  9.170009e+04
  8.490000e-02  9.129830e+04
  8.270000e-02  9.161120e+04
  8.060000e-02  9.283355e+04
  7.850000e-02  9.277850e+04
  7.640000e-02  9.306485e+04
  7.450000e-02  9.246580e+04
  7.250000e-02  9.185190e+04
  7.070000e-02  9.002341e+04
  6.880000e-02  8.763795e+04
  6.700000e-02  8.504595e+04
  6.530000e-02  8.200400e+04
  6.360000e-02  7.910445e+04
  6.200000e-02  7.580505e+04
  6.040000e-02  7.231425e+04
  5.880000e-02  6.875955e+04
  5.730000e-02  6.520200e+04
  5.580000e-02  6.138540e+04
  5.430000e-02  5.748180e+04
  5.290000e-02  5.371585e+04
  5.160000e-02  4.987380e+04
  5.020000e-02  4.620255e+04
  4.890000e-02  4.270535e+04
  4.770000e-02  3.906410e+04
  4.640000e-02  3.571240e+04
  4.520000e-02  3.244960e+04
  4.410000e-02  2.920505e+04
  4.290000e-02  2.624985e+04
  4.180000e-02  2.350635e+04
  4.070000e-02  2.075835e+04
  3.970000e-02  1.836380e+04
  3.860000e-02  1.618500e+04
  3.760000e-02  1.405755e+04
  3.670000e-02  1.220330e+04
  3.570000e-02  1.055990e+04
  3.480000e-02  9.005605e+03
  3.390000e-02  7.723040e+03
  3.300000e-02  6.496390e+03
  3.220000e-02  5.468530e+03
  3.130000e-02  4.561440e+03
  3.050000e-02  3.810055e+03
  2.970000e-02  3.164745e+03
  2.890000e-02  2.611910e+03
  2.820000e-02  2.106660e+03
  2.750000e-02  1.729985e+03
  2.680000e-02  1.425775e+03
  2.610000e-02  1.146925e+03
  2.540000e-02  9.538715e+02
  2.470000e-02  7.808640e+02
  2.410000e-02  6.428460e+02
  2.350000e-02  5.448045e+02
  2.290000e-02  4.608465e+02
  2.230000e-02  3.962800e+02
  2.170000e-02  3.503480e+02
  2.110000e-02  3.049575e+02
  2.060000e-02  2.810170e+02
  2.000000e-02  2.724570e+02
  1.950000e-02  2.489500e+02
  1.900000e-02  2.343250e+02
  1.850000e-02  2.316165e+02
  1.800000e-02  2.186155e+02
  1.760000e-02  2.106000e+02
  1.710000e-02  2.084330e+02
  1.670000e-02  1.928330e+02
  1.630000e-02  1.901240e+02
  1.580000e-02  1.949995e+02
  1.540000e-02  1.923995e+02
  1.500000e-02  1.787500e+02
  1.460000e-02  1.741995e+02
  1.430000e-02  1.641250e+02
  1.390000e-02  1.657490e+02
  1.350000e-02  1.534000e+02
  1.320000e-02  1.478750e+02
  1.280000e-02  1.406170e+02
  1.250000e-02  1.253425e+02
  1.220000e-02  1.205750e+02
  1.190000e-02  1.187325e+02
  1.160000e-02  1.081160e+02
  1.130000e-02  9.598260e+01
  1.100000e-02  9.164995e+01
  1.070000e-02  9.056660e+01
  1.040000e-02  7.886610e+01
  1.010000e-02  6.587715e+02
