  4.934820e+03  0.000000e+00
  4.806990e+03  0.000000e+00
  4.682470e+03  0.000000e+00
  4.561180e+03  0.000000e+00
  4.443030e+03  0.000000e+00
  4.327940e+03  0.000000e+00
  4.215830e+03  0.000000e+00
  4.106630e+03  0.000000e+00
  4.000250e+03  0.000000e+00
  3.896630e+03  0.000000e+00
  3.795700e+03  0.000000e+00
  3.697380e+03  0.000000e+00
  3.601600e+03  0.000000e+00
  3.508310e+03  0.000000e+00
  3.417430e+03  0.000000e+00
  3.328910e+03  0.000000e+00
  3.242680e+03  0.000000e+00
  3.158680e+03  1.492850e-01
  3.076860e+03  0.000000e+00
  2.997160e+03  0.000000e+00
  2.919530e+03  0.000000e+00
  2.843900e+03  0.000000e+00
  2.770230e+03  0.000000e+00
  2.698480e+03  0.000000e+00
  2.628580e+03  0.000000e+00
  2.560490e+03  0.000000e+00
  2.494160e+03  0.000000e+00
  2.429550e+03  0.000000e+00
  2.366620e+03  0.000000e+00
  2.305320e+03  0.000000e+00
  2.245600e+03  1.492850e-01
  2.187430e+03  0.000000e+00
  2.130770e+03  0.000000e+00
  2.075580e+03  1.492850e-01
  2.021810e+03  1.492850e-01
  1.969440e+03  1.492850e-01
  1.918430e+03  0.000000e+00
  1.868730e+03  0.000000e+00
  1.820330e+03  0.000000e+00
  1.773170e+03  0.000000e+00
  1.727240e+03  0.000000e+00
  1.682500e+03  1.492850e-01
  1.638920e+03  0.000000e+00
  1.596470e+03  0.000000e+00
  1.555110e+03  2.985700e-01
  1.514830e+03  0.000000e+00
  1.475590e+03  2.985700e-01
  1.437370e+03  0.000000e+00
  1.400140e+03  2.985700e-01
  1.363870e+03  1.492850e-01
  1.328540e+03  0.000000e+00
  1.294120e+03  0.000000e+00
  1.260600e+03  0.000000e+00
  1.227950e+03  1.492850e-01
  1.196140e+03  1.492850e-01
  1.165160e+03  2.985700e-01
  1.134980e+03  2.985700e-01
  1.105580e+03  1.492850e-01
  1.076940e+03  1.492850e-01
  1.049040e+03  1.044990e+00
  1.021870e+03  7.464200e-01
  9.953980e+02  5.971400e-01
  9.696140e+02  8.957050e-01
  9.444970e+02  4.478500e-01
  9.200320e+02  2.985700e-01
  8.962000e+02  1.642140e+00
  8.729850e+02  8.957100e-01
  8.503720e+02  7.464250e-01
  8.283450e+02  1.642125e+00
  8.068880e+02  1.044990e+00
  7.859870e+02  8.957050e-01
  7.656270e+02  5.971400e-01
  7.457950e+02  1.940690e+00
  7.264760e+02  1.791405e+00
  7.076580e+02  1.642120e+00
  6.893270e+02  2.089980e+00
  6.714710e+02  1.940690e+00
  6.540780e+02  1.791420e+00
  6.371350e+02  3.433530e+00
  6.206310e+02  2.836390e+00
  6.045550e+02  3.582845e+00
  5.888950e+02  4.329250e+00
  5.736410e+02  4.179905e+00
  5.587810e+02  5.672780e+00
  5.443070e+02  3.881350e+00
  5.302080e+02  5.822065e+00
  5.164740e+02  6.568470e+00
  5.030950e+02  8.210649e+00
  4.900630e+02  1.015125e+01
  4.773690e+02  8.957050e+00
  4.650040e+02  1.044990e+01
  4.529580e+02  1.089770e+01
  4.412250e+02  1.224125e+01
  4.297960e+02  1.373415e+01
  4.186630e+02  1.283850e+01
  4.078180e+02  1.671985e+01
  3.972540e+02  1.746620e+01
  3.869640e+02  2.254180e+01
  3.769400e+02  2.373615e+01
  3.671770e+02  2.836370e+01
  3.576650e+02  2.791585e+01
  3.484010e+02  3.329020e+01
  3.393760e+02  3.851505e+01
  3.305850e+02  3.866440e+01
  3.220220e+02  4.329220e+01
  3.136800e+02  4.448635e+01
  3.055550e+02  5.687680e+01
  2.976400e+02  6.568449e+01
  2.899300e+02  6.867005e+01
  2.824200e+02  7.240190e+01
  2.751040e+02  8.703180e+01
  2.679780e+02  9.046530e+01
  2.610370e+02  1.068855e+02
  2.542750e+02  1.252490e+02
  2.476890e+02  1.306220e+02
  2.412730e+02  1.421170e+02
  2.350230e+02  1.636135e+02
  2.289350e+02  1.791405e+02
  2.230050e+02  1.957110e+02
  2.172280e+02  2.384045e+02
  2.116010e+02  2.531830e+02
  2.061200e+02  2.860260e+02
  2.007810e+02  3.211070e+02
  1.955800e+02  3.448440e+02
  1.905140e+02  3.788810e+02
  1.855790e+02  4.406845e+02
  1.807720e+02  4.686000e+02
  1.760890e+02  5.280130e+02
  1.715280e+02  6.083275e+02
  1.670850e+02  6.634125e+02
  1.627570e+02  7.226790e+02
  1.585410e+02  7.883625e+02
  1.544340e+02  8.865910e+02
  1.504340e+02  9.698920e+02
  1.465370e+02  1.061405e+03
  1.427410e+02  1.161425e+03
  1.390440e+02  1.269800e+03
  1.354420e+02  1.374900e+03
  1.319340e+02  1.524335e+03
  1.285160e+02  1.615830e+03
  1.251870e+02  1.785575e+03
  1.219440e+02  1.908725e+03
  1.187850e+02  2.103245e+03
  1.157090e+02  2.273880e+03
  1.127110e+02  2.479145e+03
  1.097920e+02  2.667680e+03
  1.069480e+02  2.851595e+03
  1.041770e+02  3.082090e+03
  1.014790e+02  3.334990e+03
  9.885030e+01  3.579790e+03
  9.628970e+01  3.880020e+03
  9.379550e+01  4.147825e+03
  9.136590e+01  4.473265e+03
  8.899920e+01  4.788105e+03
  8.669380e+01  5.122645e+03
  8.444820e+01  5.439565e+03
  8.226070e+01  5.857110e+03
  8.012980e+01  6.261220e+03
  7.805420e+01  6.616665e+03
  7.603240e+01  7.061825e+03
  7.406290e+01  7.498480e+03
  7.214440e+01  7.866910e+03
  7.027560e+01  8.272950e+03
  6.845520e+01  8.719170e+03
  6.668200e+01  9.210010e+03
  6.495470e+01  9.534535e+03
  6.327220e+01  9.859529e+03
  6.163320e+01  1.018950e+04
  6.003670e+01  1.046170e+04
  5.848160e+01  1.068310e+04
  5.696670e+01  1.090055e+04
  5.549110e+01  1.114740e+04
  5.405370e+01  1.134465e+04
  5.265350e+01  1.156075e+04
  5.128960e+01  1.168485e+04
  4.996100e+01  1.194855e+04
  4.866690e+01  1.210030e+04
  4.740620e+01  1.228090e+04
  4.617830e+01  1.238360e+04
  4.498210e+01  1.236360e+04
  4.381690e+01  1.225955e+04
  4.268190e+01  1.215400e+04
  4.157630e+01  1.199780e+04
  4.049930e+01  1.183170e+04
  3.945030e+01  1.174735e+04
  3.842840e+01  1.152785e+04
  3.743290e+01  1.130705e+04
  3.646330e+01  1.120195e+04
  3.551880e+01  1.098255e+04
  3.459870e+01  1.079980e+04
  3.370250e+01  1.061040e+04
  3.282950e+01  1.040560e+04
  3.197910e+01  1.023765e+04
  3.115070e+01  1.000200e+04
  3.034380e+01  9.827010e+03
  2.955780e+01  9.625470e+03
  2.879220e+01  9.462740e+03
  2.804640e+01  9.282400e+03
  2.731990e+01  9.096260e+03
  2.661220e+01  8.881734e+03
  2.592290e+01  8.671245e+03
  2.525140e+01  8.466130e+03
  2.459730e+01  8.309680e+03
  2.396010e+01  8.086945e+03
  2.333950e+01  7.867360e+03
  2.273490e+01  7.747620e+03
  2.214600e+01  7.552830e+03
  2.157230e+01  7.402940e+03
  2.101350e+01  7.159605e+03
  2.046920e+01  6.954935e+03
  1.993900e+01  6.845355e+03
  1.942250e+01  6.719520e+03
  1.891940e+01  6.506785e+03
  1.842930e+01  6.274070e+03
  1.795200e+01  6.108215e+03
  1.748690e+01  5.869350e+03
  1.703400e+01  5.614680e+03
  1.659270e+01  5.444195e+03
  1.616290e+01  5.217735e+03
  1.574430e+01  5.098160e+03
  1.533640e+01  4.929320e+03
  1.493920e+01  4.777200e+03
  1.455220e+01  4.587465e+03
  1.417520e+01  4.392500e+03
  1.380800e+01  4.130650e+03
  1.345040e+01  3.915550e+03
  1.310200e+01  3.658175e+03
  1.276260e+01  3.586050e+03
  1.243200e+01  3.397525e+03
  1.211000e+01  3.316770e+03
  1.179630e+01  3.282575e+03
  1.149070e+01  3.262885e+03
  1.119310e+01  3.240640e+03
  1.090310e+01  3.290955e+03
  1.062070e+01  3.402025e+03
  1.034560e+01  3.466055e+03
  1.007760e+01  3.504570e+03
  9.816600e+00  3.504410e+03
  9.562300e+00  3.439475e+03
  9.314600e+00  3.249590e+03
  9.073300e+00  2.956545e+03
  8.838300e+00  2.627215e+03
  8.609300e+00  2.371960e+03
  8.386300e+00  2.142360e+03
  8.169100e+00  1.956350e+03
  7.957500e+00  1.881105e+03
  7.751400e+00  1.781550e+03
  7.550600e+00  1.773640e+03
  7.355000e+00  1.700925e+03
  7.164500e+00  1.614795e+03
  6.978900e+00  1.492685e+03
  6.798100e+00  1.393255e+03
  6.622000e+00  1.315780e+03
  6.450500e+00  1.255160e+03
  6.283400e+00  1.154690e+03
  6.120600e+00  1.076775e+03
  5.962100e+00  1.016026e+03
  5.807600e+00  9.742271e+02
  5.657200e+00  9.642240e+02
  5.510700e+00  9.212275e+02
  5.367900e+00  9.079375e+02
  5.228900e+00  8.649460e+02
  5.093400e+00  8.365804e+02
  4.961500e+00  7.834360e+02
  4.833000e+00  7.840345e+02
  4.707800e+00  7.479070e+02
  4.585800e+00  7.201400e+02
  4.467100e+00  6.580396e+02
  4.351300e+00  6.617715e+02
  4.238600e+00  6.429605e+02
  4.128800e+00  6.134030e+02
  4.021900e+00  7.071540e+02
  3.917700e+00  6.259435e+02
  3.816200e+00  5.653350e+02
  3.717400e+00  5.348800e+02
  3.621100e+00  5.130845e+02
  3.527300e+00  4.747200e+02
  3.435900e+00  4.651650e+02
  3.346900e+00  4.233660e+02
  3.260200e+00  3.933610e+02
  3.175800e+00  3.470840e+02
  3.093500e+00  2.957290e+02
  3.013400e+00  2.481085e+02
  2.935300e+00  2.739340e+02
  2.859300e+00  2.834880e+02
  2.785200e+00  3.296155e+02
  2.713100e+00  3.530530e+02
  2.642800e+00  3.532020e+02
  2.574300e+00  3.469330e+02
  2.507600e+00  3.178230e+02
  2.442700e+00  3.251380e+02
  2.379400e+00  3.205105e+02
  2.317800e+00  3.088665e+02
  2.257700e+00  2.827420e+02
  2.199300e+00  2.894595e+02
  2.142300e+00  2.712470e+02
  2.086800e+00  2.593045e+02
  2.032700e+00  2.687090e+02
  1.980100e+00  2.840855e+02
  1.928800e+00  2.451235e+02
  1.878800e+00  2.115335e+02
  1.830200e+00  2.831905e+02
  1.782800e+00  5.263715e+02
  1.736600e+00  3.002065e+02
  1.691600e+00  2.330300e+02
  1.647800e+00  1.930230e+02
  1.605100e+00  1.895895e+02
  1.563500e+00  1.837685e+02
  1.523000e+00  1.737650e+02
  1.483600e+00  1.600310e+02
  1.445100e+00  1.573450e+02
  1.407700e+00  1.515215e+02
  1.371200e+00  1.385350e+02
  1.335700e+00  1.421170e+02
  1.301100e+00  1.140510e+02
  1.267400e+00  1.042000e+02
  1.234600e+00  1.124100e+02
  1.202600e+00  1.133055e+02
  1.171500e+00  1.061400e+02
  1.141100e+00  1.150970e+02
  1.111600e+00  8.688215e+01
  1.082800e+00  7.284990e+01
  1.054700e+00  1.137540e+02
  1.027400e+00  8.165725e+01
  1.000800e+00  6.284795e+01
  9.749000e-01  8.315035e+01
  9.496000e-01  5.941455e+01
  9.250000e-01  6.075800e+01
  9.010000e-01  6.702785e+01
  8.777000e-01  7.031205e+01
  8.550000e-01  7.165565e+01
  8.328000e-01  7.628335e+01
  8.113000e-01  8.449375e+01
  7.902000e-01  8.046305e+01
  7.698000e-01  8.165760e+01
  7.498000e-01  8.882285e+01
  7.304000e-01  9.180825e+01
  7.115000e-01  9.509285e+01
  6.931000e-01  1.676450e+02
  6.751000e-01  1.440430e+03
  6.576000e-01  1.249790e+03
  6.406000e-01  3.480070e+03
  6.240000e-01  8.183700e+02
  6.078000e-01  1.267410e+02
  5.921000e-01  1.283820e+02
  5.767000e-01  1.328610e+02
  5.618000e-01  1.403245e+02
  5.472000e-01  1.292785e+02
  5.331000e-01  1.785425e+02
  5.193000e-01  1.780955e+02
  5.058000e-01  1.918290e+02
  4.927000e-01  3.914195e+02
  4.799000e-01  4.362045e+02
  4.675000e-01  2.409435e+02
  4.554000e-01  1.989930e+02
  4.436000e-01  4.266505e+02
  4.321000e-01  4.254565e+02
  4.209000e-01  4.033630e+02
  4.100000e-01  2.621405e+02
  3.994000e-01  4.615830e+02
  3.891000e-01  7.237235e+02
  3.790000e-01  7.525355e+02
  3.692000e-01  2.297455e+02
  3.596000e-01  1.748110e+02
  3.503000e-01  1.607765e+02
  3.412000e-01  1.713780e+02
  3.324000e-01  1.891415e+02
  3.238000e-01  1.676440e+02
  3.154000e-01  1.501790e+02
  3.072000e-01  2.316860e+02
  2.992000e-01  3.134935e+02
  2.915000e-01  3.717145e+02
  2.839000e-01  3.829120e+02
  2.766000e-01  1.839165e+02
  2.694000e-01  4.569545e+02
  2.624000e-01  1.055295e+03
  2.556000e-01  1.303235e+03
  2.490000e-01  4.520290e+02
  2.426000e-01  2.731880e+02
  2.363000e-01  3.773870e+02
  2.302000e-01  2.949835e+02
  2.242000e-01  2.066075e+02
  2.184000e-01  2.254170e+02
  2.127000e-01  2.236245e+02
  2.072000e-01  1.866040e+02
  2.019000e-01  2.049665e+02
  1.966000e-01  2.602010e+02
  1.915000e-01  1.994430e+02
  1.866000e-01  1.637640e+02
  1.817000e-01  1.040490e+02
  1.770000e-01  8.792730e+01
  1.725000e-01  1.124100e+02
  1.680000e-01  1.986955e+02
  1.636000e-01  2.613935e+02
  1.594000e-01  2.896095e+02
  1.553000e-01  3.323020e+02
  1.512000e-01  3.566365e+02
  1.473000e-01  3.560400e+02
  1.435000e-01  5.778740e+02
  1.398000e-01  3.917190e+02
  1.362000e-01  2.985655e+02
  1.326000e-01  2.470630e+02
  1.292000e-01  2.585570e+02
  1.259000e-01  2.934895e+02
  1.226000e-01  3.236445e+02
  1.194000e-01  3.188685e+02
  1.163000e-01  3.467840e+02
  1.133000e-01  3.681310e+02
  1.104000e-01  4.029150e+02
  1.075000e-01  4.276945e+02
  1.047000e-01  4.457585e+02
  1.020000e-01  4.874085e+02
  9.940000e-02  5.132350e+02
  9.680000e-02  5.787695e+02
  9.430000e-02  5.975790e+02
  9.190000e-02  6.135525e+02
  8.950000e-02  6.619195e+02
  8.720000e-02  6.599805e+02
  8.490000e-02  6.623675e+02
  8.270000e-02  6.732655e+02
  8.060000e-02  6.677415e+02
  7.850000e-02  6.708770e+02
  7.640000e-02  6.816265e+02
  7.450000e-02  6.798350e+02
  7.250000e-02  6.641600e+02
  7.070000e-02  6.513206e+02
  6.880000e-02  6.299725e+02
  6.700000e-02  5.905640e+02
  6.530000e-02  5.650355e+02
  6.360000e-02  5.572730e+02
  6.200000e-02  5.330890e+02
  6.040000e-02  4.954705e+02
  5.880000e-02  4.674045e+02
  5.730000e-02  4.151555e+02
  5.580000e-02  3.784315e+02
  5.430000e-02  3.561890e+02
  5.290000e-02  3.125980e+02
  5.160000e-02  2.773675e+02
  5.020000e-02  2.516920e+02
  4.890000e-02  2.316865e+02
  4.770000e-02  2.197460e+02
  4.640000e-02  1.937690e+02
  4.520000e-02  1.815280e+02
  4.410000e-02  1.677950e+02
  4.290000e-02  1.477905e+02
  4.180000e-02  1.379370e+02
  4.070000e-02  1.247995e+02
  3.970000e-02  1.128570e+02
  3.860000e-02  9.270445e+01
  3.760000e-02  8.225490e+01
  3.670000e-02  7.359634e+01
  3.570000e-02  6.299735e+01
  3.480000e-02  6.105670e+01
  3.390000e-02  5.075620e+01
  3.300000e-02  4.523275e+01
  3.220000e-02  3.761940e+01
  3.130000e-02  3.120020e+01
  3.050000e-02  2.731885e+01
  2.970000e-02  2.134755e+01
  2.890000e-02  1.597325e+01
  2.820000e-02  1.343550e+01
  2.750000e-02  1.373405e+01
  2.680000e-02  8.957065e+00
  2.610000e-02  6.867035e+00
  2.540000e-02  7.165655e+00
  2.470000e-02  4.777080e+00
  2.410000e-02  4.179965e+00
  2.350000e-02  3.284240e+00
  2.290000e-02  2.985675e+00
  2.230000e-02  1.343560e+00
  2.170000e-02  2.537825e+00
  2.110000e-02  1.791415e+00
  2.060000e-02  7.464200e-01
  2.000000e-02  5.971350e-01
  1.950000e-02  7.464200e-01
  1.900000e-02  1.343555e+00
  1.850000e-02  7.464200e-01
  1.800000e-02  5.971400e-01
  1.760000e-02  2.985700e-01
  1.710000e-02  4.478550e-01
  1.670000e-02  1.492850e-01
  1.630000e-02  2.985700e-01
  1.580000e-02  4.478550e-01
  1.540000e-02  1.492850e-01
  1.500000e-02  5.971400e-01
  1.460000e-02  4.478550e-01
  1.430000e-02  0.000000e+00
  1.390000e-02  2.985700e-01
  1.350000e-02  2.985700e-01
  1.320000e-02  1.492850e-01
  1.280000e-02  1.492850e-01
  1.250000e-02  1.492850e-01
  1.220000e-02  0.000000e+00
  1.190000e-02  0.000000e+00
  1.160000e-02  0.000000e+00
  1.130000e-02  2.985700e-01
  1.100000e-02  1.328620e+01
  1.070000e-02  1.821255e+01
  1.040000e-02  1.716760e+01
  1.010000e-02  1.371895e+02
