  4.934820e+03  0.000000e+00
  4.806990e+03  0.000000e+00
  4.682470e+03  0.000000e+00
  4.561180e+03  1.087500e-01
  4.443030e+03  0.000000e+00
  4.327940e+03  0.000000e+00
  4.215830e+03  0.000000e+00
  4.106630e+03  0.000000e+00
  4.000250e+03  0.000000e+00
  3.896630e+03  0.000000e+00
  3.795700e+03  0.000000e+00
  3.697380e+03  1.087500e-01
  3.601600e+03  0.000000e+00
  3.508310e+03  0.000000e+00
  3.417430e+03  0.000000e+00
  3.328910e+03  0.000000e+00
  3.242680e+03  1.087500e-01
  3.158680e+03  0.000000e+00
  3.076860e+03  0.000000e+00
  2.997160e+03  1.631250e-01
  2.919530e+03  1.631250e-01
  2.843900e+03  0.000000e+00
  2.770230e+03  5.437500e-02
  2.698480e+03  5.437500e-02
  2.628580e+03  0.000000e+00
  2.560490e+03  1.631250e-01
  2.494160e+03  0.000000e+00
  2.429550e+03  0.000000e+00
  2.366620e+03  1.631250e-01
  2.305320e+03  1.087500e-01
  2.245600e+03  5.437500e-02
  2.187430e+03  1.087500e-01
  2.130770e+03  1.631250e-01
  2.075580e+03  0.000000e+00
  2.021810e+03  2.174950e-01
  1.969440e+03  1.631250e-01
  1.918430e+03  1.087500e-01
  1.868730e+03  1.087500e-01
  1.820330e+03  0.000000e+00
  1.773170e+03  5.437500e-02
  1.727240e+03  1.087500e-01
  1.682500e+03  4.349900e-01
  1.638920e+03  1.087500e-01
  1.596470e+03  2.175000e-01
  1.555110e+03  4.349950e-01
  1.514830e+03  2.718750e-01
  1.475590e+03  1.631200e-01
  1.437370e+03  4.349950e-01
  1.400140e+03  1.631250e-01
  1.363870e+03  6.524900e-01
  1.328540e+03  2.175000e-01
  1.294120e+03  4.893750e-01
  1.260600e+03  5.981150e-01
  1.227950e+03  4.893750e-01
  1.196140e+03  9.243600e-01
  1.165160e+03  5.437450e-01
  1.134980e+03  7.612350e-01
  1.105580e+03  1.250585e+00
  1.076940e+03  5.437450e-01
  1.049040e+03  9.787300e-01
  1.021870e+03  4.893750e-01
  9.953980e+02  1.087470e+00
  9.696140e+02  1.033100e+00
  9.444970e+02  1.196220e+00
  9.200320e+02  1.631200e+00
  8.962000e+02  1.794315e+00
  8.729850e+02  1.685570e+00
  8.503720e+02  2.283670e+00
  8.283450e+02  1.957440e+00
  8.068880e+02  2.609900e+00
  7.859870e+02  2.120555e+00
  7.656270e+02  2.338040e+00
  7.457950e+02  2.446780e+00
  7.264760e+02  3.208000e+00
  7.076580e+02  3.316755e+00
  6.893270e+02  3.806105e+00
  6.714710e+02  3.479870e+00
  6.540780e+02  4.839190e+00
  6.371350e+02  5.437295e+00
  6.206310e+02  4.295465e+00
  6.045550e+02  4.077975e+00
  5.888950e+02  5.219815e+00
  5.736410e+02  6.252895e+00
  5.587810e+02  6.851030e+00
  5.443070e+02  6.959770e+00
  5.302080e+02  6.633550e+00
  5.164740e+02  8.427885e+00
  5.030950e+02  7.775415e+00
  4.900630e+02  9.841539e+00
  4.773690e+02  1.201650e+01
  4.650040e+02  1.065717e+01
  4.529580e+02  1.207085e+01
  4.412250e+02  1.381075e+01
  4.297960e+02  1.517005e+01
  4.186630e+02  1.582255e+01
  4.078180e+02  1.658365e+01
  3.972540e+02  1.897600e+01
  3.869640e+02  2.120565e+01
  3.769400e+02  2.028115e+01
  3.671770e+02  2.533790e+01
  3.576650e+02  2.582730e+01
  3.484010e+02  2.751275e+01
  3.393760e+02  2.925270e+01
  3.305850e+02  3.517945e+01
  3.220220e+02  3.784365e+01
  3.136800e+02  3.773495e+01
  3.055550e+02  4.181290e+01
  2.976400e+02  4.817455e+01
  2.899300e+02  4.746770e+01
  2.824200e+02  5.469935e+01
  2.751040e+02  5.975610e+01
  2.679780e+02  6.106105e+01
  2.610370e+02  6.655265e+01
  2.542750e+02  7.498040e+01
  2.476890e+02  8.455010e+01
  2.412730e+02  8.803000e+01
  2.350230e+02  9.368455e+01
  2.289350e+02  1.018409e+02
  2.230050e+02  1.167395e+02
  2.172280e+02  1.206000e+02
  2.116010e+02  1.283210e+02
  2.061200e+02  1.410430e+02
  2.007810e+02  1.595300e+02
  1.955800e+02  1.673605e+02
  1.905140e+02  1.793765e+02
  1.855790e+02  1.974830e+02
  1.807720e+02  2.189050e+02
  1.760890e+02  2.316290e+02
  1.715280e+02  2.527270e+02
  1.670850e+02  2.736050e+02
  1.627570e+02  2.980190e+02
  1.585410e+02  3.247695e+02
  1.544340e+02  3.434200e+02
  1.504340e+02  3.592410e+02
  1.465370e+02  3.948580e+02
  1.427410e+02  4.236745e+02
  1.390440e+02  4.534710e+02
  1.354420e+02  4.730995e+02
  1.319340e+02  5.218180e+02
  1.285160e+02  5.432410e+02
  1.251870e+02  5.791830e+02
  1.219440e+02  6.170800e+02
  1.187850e+02  6.482905e+02
  1.157090e+02  6.827630e+02
  1.127110e+02  7.418655e+02
  1.097920e+02  7.697600e+02
  1.069480e+02  8.248945e+02
  1.041770e+02  8.698060e+02
  1.014790e+02  9.227655e+02
  9.885030e+01  9.662590e+02
  9.628970e+01  1.037285e+03
  9.379550e+01  1.099000e+03
  9.136590e+01  1.179785e+03
  8.899920e+01  1.223935e+03
  8.669380e+01  1.308005e+03
  8.444820e+01  1.367320e+03
  8.226070e+01  1.457615e+03
  8.012980e+01  1.547880e+03
  7.805420e+01  1.644525e+03
  7.603240e+01  1.710150e+03
  7.406290e+01  1.802515e+03
  7.214440e+01  1.919630e+03
  7.027560e+01  2.022675e+03
  6.845520e+01  2.120040e+03
  6.668200e+01  2.240270e+03
  6.495470e+01  2.355385e+03
  6.327220e+01  2.454170e+03
  6.163320e+01  2.561995e+03
  6.003670e+01  2.649765e+03
  5.848160e+01  2.725015e+03
  5.696670e+01  2.807435e+03
  5.549110e+01  2.906235e+03
  5.405370e+01  3.007590e+03
  5.265350e+01  3.162665e+03
  5.128960e+01  3.281890e+03
  4.996100e+01  3.449150e+03
  4.866690e+01  3.604720e+03
  4.740620e+01  3.776910e+03
  4.617830e+01  3.968855e+03
  4.498210e+01  4.065685e+03
  4.381690e+01  4.188190e+03
  4.268190e+01  4.231035e+03
  4.157630e+01  4.314945e+03
  4.049930e+01  4.341685e+03
  3.945030e+01  4.405800e+03
  3.842840e+01  4.407860e+03
  3.743290e+01  4.402160e+03
  3.646330e+01  4.383615e+03
  3.551880e+01  4.400315e+03
  3.459870e+01  4.414710e+03
  3.370250e+01  4.460925e+03
  3.282950e+01  4.475825e+03
  3.197910e+01  4.518900e+03
  3.115070e+01  4.549395e+03
  3.034380e+01  4.550635e+03
  2.955780e+01  4.571460e+03
  2.879220e+01  4.600665e+03
  2.804640e+01  4.659440e+03
  2.731990e+01  4.648290e+03
  2.661220e+01  4.672165e+03
  2.592290e+01  4.685545e+03
  2.525140e+01  4.713710e+03
  2.459730e+01  4.745795e+03
  2.396010e+01  4.751995e+03
  2.333950e+01  4.793315e+03
  2.273490e+01  4.837140e+03
  2.214600e+01  4.861490e+03
  2.157230e+01  4.889060e+03
  2.101350e+01  4.898845e+03
  2.046920e+01  4.938805e+03
  1.993900e+01  4.956490e+03
  1.942250e+01  4.968825e+03
  1.891940e+01  4.955595e+03
  1.842930e+01  4.925480e+03
  1.795200e+01  4.894495e+03
  1.748690e+01  4.780750e+03
  1.703400e+01  4.692830e+03
  1.659270e+01  4.598375e+03
  1.616290e+01  4.495185e+03
  1.574430e+01  4.404605e+03
  1.533640e+01  4.321240e+03
  1.493920e+01  4.265025e+03
  1.455220e+01  4.255125e+03
  1.417520e+01  4.252740e+03
  1.380800e+01  4.278395e+03
  1.345040e+01  4.373275e+03
  1.310200e+01  4.473115e+03
  1.276260e+01  4.609150e+03
  1.243200e+01  4.723705e+03
  1.211000e+01  4.863670e+03
  1.179630e+01  5.053435e+03
  1.149070e+01  5.209755e+03
  1.119310e+01  5.396185e+03
  1.090310e+01  5.628375e+03
  1.062070e+01  5.888005e+03
  1.034560e+01  6.089015e+03
  1.007760e+01  6.305855e+03
  9.816600e+00  6.552705e+03
  9.562300e+00  6.706210e+03
  9.314600e+00  6.695835e+03
  9.073300e+00  6.585945e+03
  8.838300e+00  6.333310e+03
  8.609300e+00  6.111105e+03
  8.386300e+00  5.797965e+03
  8.169100e+00  5.547240e+03
  7.957500e+00  5.320560e+03
  7.751400e+00  5.117550e+03
  7.550600e+00  5.043580e+03
  7.355000e+00  5.006345e+03
  7.164500e+00  5.016890e+03
  6.978900e+00  5.024880e+03
  6.798100e+00  5.055930e+03
  6.622000e+00  5.088070e+03
  6.450500e+00  5.194375e+03
  6.283400e+00  5.281140e+03
  6.120600e+00  5.315735e+03
  5.962100e+00  5.374785e+03
  5.807600e+00  5.480150e+03
  5.657200e+00  5.499885e+03
  5.510700e+00  5.597965e+03
  5.367900e+00  5.786535e+03
  5.228900e+00  5.768010e+03
  5.093400e+00  5.829345e+03
  4.961500e+00  5.883705e+03
  4.833000e+00  6.336320e+03
  4.707800e+00  6.881450e+03
  4.585800e+00  6.408525e+03
  4.467100e+00  6.425435e+03
  4.351300e+00  6.605130e+03
  4.238600e+00  6.801635e+03
  4.128800e+00  6.864000e+03
  4.021900e+00  1.031025e+04
  3.917700e+00  8.288960e+03
  3.816200e+00  6.623890e+03
  3.717400e+00  6.610405e+03
  3.621100e+00  6.706105e+03
  3.527300e+00  6.793415e+03
  3.435900e+00  6.810825e+03
  3.346900e+00  6.827790e+03
  3.260200e+00  6.956265e+03
  3.175800e+00  7.079045e+03
  3.093500e+00  6.972970e+03
  3.013400e+00  7.061805e+03
  2.935300e+00  7.139020e+03
  2.859300e+00  7.135040e+03
  2.785200e+00  7.310290e+03
  2.713100e+00  7.285825e+03
  2.642800e+00  7.320520e+03
  2.574300e+00  7.552360e+03
  2.507600e+00  7.469875e+03
  2.442700e+00  7.740435e+03
  2.379400e+00  7.904365e+03
  2.317800e+00  7.722615e+03
  2.257700e+00  7.494395e+03
  2.199300e+00  8.307561e+03
  2.142300e+00  7.627500e+03
  2.086800e+00  7.564695e+03
  2.032700e+00  8.003930e+03
  1.980100e+00  1.057180e+04
  1.928800e+00  7.633715e+03
  1.878800e+00  6.533135e+03
  1.830200e+00  9.800475e+03
  1.782800e+00  2.287415e+04
  1.736600e+00  1.222315e+04
  1.691600e+00  7.968385e+03
  1.647800e+00  7.036690e+03
  1.605100e+00  6.834365e+03
  1.563500e+00  6.724265e+03
  1.523000e+00  6.661620e+03
  1.483600e+00  6.618175e+03
  1.445100e+00  6.358335e+03
  1.407700e+00  6.149710e+03
  1.371200e+00  5.823570e+03
  1.335700e+00  6.081955e+03
  1.301100e+00  5.262055e+03
  1.267400e+00  4.244830e+03
  1.234600e+00  5.447260e+03
  1.202600e+00  5.993485e+03
  1.171500e+00  5.528220e+03
  1.141100e+00  6.770690e+03
  1.111600e+00  4.729135e+03
  1.082800e+00  4.330375e+03
  1.054700e+00  6.436785e+03
  1.027400e+00  5.209365e+03
  1.000800e+00  4.392205e+03
  9.749000e-01  5.466510e+03
  9.496000e-01  4.859475e+03
  9.250000e-01  5.026145e+03
  9.010000e-01  5.431540e+03
  8.777000e-01  5.737015e+03
  8.550000e-01  6.308575e+03
  8.328000e-01  6.082490e+03
  8.113000e-01  6.759480e+03
  7.902000e-01  6.848555e+03
  7.698000e-01  6.708590e+03
  7.498000e-01  7.518700e+03
  7.304000e-01  7.354230e+03
  7.115000e-01  7.464485e+03
  6.931000e-01  1.152380e+04
  6.751000e-01  7.623450e+04
  6.576000e-01  8.353535e+04
  6.406000e-01  1.969000e+05
  6.240000e-01  4.173230e+04
  6.078000e-01  1.010445e+04
  5.921000e-01  9.980160e+03
  5.767000e-01  1.026930e+04
  5.618000e-01  1.064265e+04
  5.472000e-01  1.035865e+04
  5.331000e-01  1.144810e+04
  5.193000e-01  1.139635e+04
  5.058000e-01  1.255655e+04
  4.927000e-01  2.159385e+04
  4.799000e-01  2.340185e+04
  4.675000e-01  1.529460e+04
  4.554000e-01  1.334005e+04
  4.436000e-01  2.193150e+04
  4.321000e-01  2.105920e+04
  4.209000e-01  2.057935e+04
  4.100000e-01  1.604580e+04
  3.994000e-01  2.645140e+04
  3.891000e-01  5.579005e+04
  3.790000e-01  5.591475e+04
  3.692000e-01  1.524945e+04
  3.596000e-01  1.270515e+04
  3.503000e-01  1.302660e+04
  3.412000e-01  1.356005e+04
  3.324000e-01  1.500870e+04
  3.238000e-01  1.460130e+04
  3.154000e-01  1.398815e+04
  3.072000e-01  1.638755e+04
  2.992000e-01  2.109655e+04
  2.915000e-01  2.625165e+04
  2.839000e-01  2.928305e+04
  2.766000e-01  2.015960e+04
  2.694000e-01  4.371015e+04
  2.624000e-01  7.738934e+04
  2.556000e-01  1.196790e+05
  2.490000e-01  4.934105e+04
  2.426000e-01  2.164020e+04
  2.363000e-01  4.090295e+04
  2.302000e-01  3.507610e+04
  2.242000e-01  2.579180e+04
  2.184000e-01  2.531545e+04
  2.127000e-01  2.632320e+04
  2.072000e-01  2.612455e+04
  2.019000e-01  2.749830e+04
  1.966000e-01  2.999540e+04
  1.915000e-01  4.131910e+04
  1.866000e-01  3.537375e+04
  1.817000e-01  2.256405e+04
  1.770000e-01  1.883735e+04
  1.725000e-01  2.478620e+04
  1.680000e-01  3.501590e+04
  1.636000e-01  3.723635e+04
  1.594000e-01  3.839650e+04
  1.553000e-01  3.983860e+04
  1.512000e-01  4.139605e+04
  1.473000e-01  4.249905e+04
  1.435000e-01  5.202180e+04
  1.398000e-01  4.534310e+04
  1.362000e-01  4.585245e+04
  1.326000e-01  4.562060e+04
  1.292000e-01  4.556765e+04
  1.259000e-01  4.657335e+04
  1.226000e-01  5.019985e+04
  1.194000e-01  5.211065e+04
  1.163000e-01  5.009360e+04
  1.133000e-01  5.169755e+04
  1.104000e-01  5.191475e+04
  1.075000e-01  5.024690e+04
  1.047000e-01  4.852845e+04
  1.020000e-01  4.981320e+04
  9.940000e-02  5.266605e+04
  9.680000e-02  5.120735e+04
  9.430000e-02  5.030190e+04
  9.190000e-02  4.856315e+04
  8.950000e-02  4.968705e+04
  8.720000e-02  4.761435e+04
  8.490000e-02  4.677090e+04
  8.270000e-02  4.599750e+04
  8.060000e-02  4.530110e+04
  7.850000e-02  4.449110e+04
  7.640000e-02  4.367005e+04
  7.450000e-02  4.255035e+04
  7.250000e-02  4.155200e+04
  7.070000e-02  4.018640e+04
  6.880000e-02  3.874375e+04
  6.700000e-02  3.718490e+04
  6.530000e-02  3.552195e+04
  6.360000e-02  3.381320e+04
  6.200000e-02  3.206790e+04
  6.040000e-02  3.025940e+04
  5.880000e-02  2.840790e+04
  5.730000e-02  2.656400e+04
  5.580000e-02  2.465700e+04
  5.430000e-02  2.291990e+04
  5.290000e-02  2.109620e+04
  5.160000e-02  1.930300e+04
  5.020000e-02  1.752010e+04
  4.890000e-02  1.589450e+04
  4.770000e-02  1.434730e+04
  4.640000e-02  1.283515e+04
  4.520000e-02  1.142745e+04
  4.410000e-02  1.010890e+04
  4.290000e-02  8.920770e+03
  4.180000e-02  7.814060e+03
  4.070000e-02  6.805325e+03
  3.970000e-02  5.906595e+03
  3.860000e-02  5.083455e+03
  3.760000e-02  4.355115e+03
  3.670000e-02  3.694160e+03
  3.570000e-02  3.095300e+03
  3.480000e-02  2.633835e+03
  3.390000e-02  2.174975e+03
  3.300000e-02  1.825085e+03
  3.220000e-02  1.510530e+03
  3.130000e-02  1.247705e+03
  3.050000e-02  1.034515e+03
  2.970000e-02  8.404976e+02
  2.890000e-02  6.895050e+02
  2.820000e-02  5.631415e+02
  2.750000e-02  4.769605e+02
  2.680000e-02  3.894195e+02
  2.610000e-02  3.296635e+02
  2.540000e-02  2.740395e+02
  2.470000e-02  2.352180e+02
  2.410000e-02  2.161320e+02
  2.350000e-02  1.895980e+02
  2.290000e-02  1.731770e+02
  2.230000e-02  1.661630e+02
  2.170000e-02  1.530585e+02
  2.110000e-02  1.411530e+02
  2.060000e-02  1.389780e+02
  2.000000e-02  1.327245e+02
  1.950000e-02  1.277235e+02
  1.900000e-02  1.201100e+02
  1.850000e-02  1.184245e+02
  1.800000e-02  1.213615e+02
  1.760000e-02  1.122810e+02
  1.710000e-02  1.111925e+02
  1.670000e-02  1.116275e+02
  1.630000e-02  1.018945e+02
  1.580000e-02  1.014605e+02
  1.540000e-02  1.061905e+02
  1.500000e-02  9.662155e+01
  1.460000e-02  9.357560e+01
  1.430000e-02  8.895454e+01
  1.390000e-02  8.368025e+01
  1.350000e-02  8.030894e+01
  1.320000e-02  8.020020e+01
  1.280000e-02  7.416495e+01
  1.250000e-02  6.927120e+01
  1.220000e-02  6.600895e+01
  1.190000e-02  6.296400e+01
  1.160000e-02  5.888605e+01
  1.130000e-02  5.491685e+01
  1.100000e-02  5.149135e+01
  1.070000e-02  4.964270e+01
  1.040000e-02  4.360720e+01
  1.010000e-02  3.442365e+02
