  4.934820e+03  1.087500e-01
  4.806990e+03  0.000000e+00
  4.682470e+03  0.000000e+00
  4.561180e+03  0.000000e+00
  4.443030e+03  0.000000e+00
  4.327940e+03  0.000000e+00
  4.215830e+03  0.000000e+00
  4.106630e+03  0.000000e+00
  4.000250e+03  0.000000e+00
  3.896630e+03  0.000000e+00
  3.795700e+03  0.000000e+00
  3.697380e+03  0.000000e+00
  3.601600e+03  5.437500e-02
  3.508310e+03  5.437500e-02
  3.417430e+03  1.087500e-01
  3.328910e+03  0.000000e+00
  3.242680e+03  1.087500e-01
  3.158680e+03  5.437500e-02
  3.076860e+03  0.000000e+00
  2.997160e+03  1.087500e-01
  2.919530e+03  0.000000e+00
  2.843900e+03  5.437500e-02
  2.770230e+03  0.000000e+00
  2.698480e+03  0.000000e+00
  2.628580e+03  5.437500e-02
  2.560490e+03  2.175000e-01
  2.494160e+03  0.000000e+00
  2.429550e+03  0.000000e+00
  2.366620e+03  1.087450e-01
  2.305320e+03  2.718750e-01
  2.245600e+03  0.000000e+00
  2.187430e+03  0.000000e+00
  2.130770e+03  0.000000e+00
  2.075580e+03  1.631250e-01
  2.021810e+03  5.437500e-02
  1.969440e+03  5.437500e-02
  1.918430e+03  5.437500e-02
  1.868730e+03  5.437500e-02
  1.820330e+03  1.087500e-01
  1.773170e+03  4.893650e-01
  1.727240e+03  5.437500e-02
  1.682500e+03  1.631250e-01
  1.638920e+03  0.000000e+00
  1.596470e+03  5.437500e-02
  1.555110e+03  2.718750e-01
  1.514830e+03  4.349950e-01
  1.475590e+03  4.349900e-01
  1.437370e+03  3.806200e-01
  1.400140e+03  4.349950e-01
  1.363870e+03  3.806150e-01
  1.328540e+03  3.262500e-01
  1.294120e+03  3.806250e-01
  1.260600e+03  2.174950e-01
  1.227950e+03  3.262500e-01
  1.196140e+03  4.893700e-01
  1.165160e+03  2.718700e-01
  1.134980e+03  4.893650e-01
  1.105580e+03  5.981150e-01
  1.076940e+03  3.806250e-01
  1.049040e+03  7.068500e-01
  1.021870e+03  4.893650e-01
  9.953980e+02  9.787250e-01
  9.696140e+02  9.243550e-01
  9.444970e+02  9.243450e-01
  9.200320e+02  1.196210e+00
  8.962000e+02  9.243500e-01
  8.729850e+02  6.524850e-01
  8.503720e+02  1.631200e+00
  8.283450e+02  9.243550e-01
  8.068880e+02  1.631200e+00
  7.859870e+02  1.631195e+00
  7.656270e+02  1.848685e+00
  7.457950e+02  2.066185e+00
  7.264760e+02  1.685565e+00
  7.076580e+02  2.120560e+00
  6.893270e+02  3.262380e+00
  6.714710e+02  2.609895e+00
  6.540780e+02  3.099270e+00
  6.371350e+02  3.534245e+00
  6.206310e+02  4.458585e+00
  6.045550e+02  3.806105e+00
  5.888950e+02  4.839210e+00
  5.736410e+02  4.947945e+00
  5.587810e+02  5.002310e+00
  5.443070e+02  5.709165e+00
  5.302080e+02  6.416010e+00
  5.164740e+02  5.709165e+00
  5.030950e+02  6.851015e+00
  4.900630e+02  7.122890e+00
  4.773690e+02  7.612260e+00
  4.650040e+02  1.071145e+01
  4.529580e+02  1.043971e+01
  4.412250e+02  1.065715e+01
  4.297960e+02  1.337590e+01
  4.186630e+02  1.555065e+01
  4.078180e+02  1.359325e+01
  3.972540e+02  1.511575e+01
  3.869640e+02  1.712755e+01
  3.769400e+02  1.761680e+01
  3.671770e+02  1.897625e+01
  3.576650e+02  1.995495e+01
  3.484010e+02  2.272790e+01
  3.393760e+02  2.457665e+01
  3.305850e+02  2.582735e+01
  3.220220e+02  3.012270e+01
  3.136800e+02  3.153635e+01
  3.055550e+02  3.501635e+01
  2.976400e+02  4.039935e+01
  2.899300e+02  4.045360e+01
  2.824200e+02  4.480350e+01
  2.751040e+02  4.975125e+01
  2.679780e+02  5.165440e+01
  2.610370e+02  5.763550e+01
  2.542750e+02  6.562820e+01
  2.476890e+02  6.812935e+01
  2.412730e+02  7.693781e+01
  2.350230e+02  7.677475e+01
  2.289350e+02  8.683369e+01
  2.230050e+02  1.012970e+02
  2.172280e+02  1.041250e+02
  2.116010e+02  1.201110e+02
  2.061200e+02  1.194040e+02
  2.007810e+02  1.371285e+02
  1.955800e+02  1.478940e+02
  1.905140e+02  1.595845e+02
  1.855790e+02  1.732870e+02
  1.807720e+02  1.910130e+02
  1.760890e+02  2.087920e+02
  1.715280e+02  2.233100e+02
  1.670850e+02  2.395670e+02
  1.627570e+02  2.622955e+02
  1.585410e+02  2.828485e+02
  1.544340e+02  3.054675e+02
  1.504340e+02  3.244450e+02
  1.465370e+02  3.488025e+02
  1.427410e+02  3.688130e+02
  1.390440e+02  3.938790e+02
  1.354420e+02  4.317755e+02
  1.319340e+02  4.471630e+02
  1.285160e+02  4.831040e+02
  1.251870e+02  5.199150e+02
  1.219440e+02  5.386740e+02
  1.187850e+02  5.859785e+02
  1.157090e+02  6.246910e+02
  1.127110e+02  6.606870e+02
  1.097920e+02  7.022825e+02
  1.069480e+02  7.469220e+02
  1.041770e+02  8.000450e+02
  1.014790e+02  8.402815e+02
  9.885030e+01  9.019940e+02
  9.628970e+01  9.431545e+02
  9.379550e+01  1.009335e+03
  9.136590e+01  1.077520e+03
  8.899920e+01  1.124805e+03
  8.669380e+01  1.177400e+03
  8.444820e+01  1.235795e+03
  8.226070e+01  1.319040e+03
  8.012980e+01  1.384985e+03
  7.805420e+01  1.462205e+03
  7.603240e+01  1.548660e+03
  7.406290e+01  1.643540e+03
  7.214440e+01  1.734565e+03
  7.027560e+01  1.846825e+03
  6.845520e+01  1.934375e+03
  6.668200e+01  2.025615e+03
  6.495470e+01  2.133715e+03
  6.327220e+01  2.229880e+03
  6.163320e+01  2.331575e+03
  6.003670e+01  2.389375e+03
  5.848160e+01  2.487130e+03
  5.696670e+01  2.534590e+03
  5.549110e+01  2.647150e+03
  5.405370e+01  2.716815e+03
  5.265350e+01  2.836105e+03
  5.128960e+01  2.973335e+03
  4.996100e+01  3.105470e+03
  4.866690e+01  3.257215e+03
  4.740620e+01  3.410665e+03
  4.617830e+01  3.555990e+03
  4.498210e+01  3.700575e+03
  4.381690e+01  3.768005e+03
  4.268190e+01  3.817965e+03
  4.157630e+01  3.852715e+03
  4.049930e+01  3.860375e+03
  3.945030e+01  3.899355e+03
  3.842840e+01  3.899580e+03
  3.743290e+01  3.926445e+03
  3.646330e+01  3.914470e+03
  3.551880e+01  3.890495e+03
  3.459870e+01  3.890390e+03
  3.370250e+01  3.929870e+03
  3.282950e+01  3.916050e+03
  3.197910e+01  3.958745e+03
  3.115070e+01  3.945905e+03
  3.034380e+01  3.947380e+03
  2.955780e+01  3.971465e+03
  2.879220e+01  3.967500e+03
  2.804640e+01  3.994090e+03
  2.731990e+01  3.977770e+03
  2.661220e+01  4.012580e+03
  2.592290e+01  4.006910e+03
  2.525140e+01  4.008495e+03
  2.459730e+01  4.019790e+03
  2.396010e+01  4.047585e+03
  2.333950e+01  4.045360e+03
  2.273490e+01  4.054820e+03
  2.214600e+01  4.057205e+03
  2.157230e+01  4.080370e+03
  2.101350e+01  4.078030e+03
  2.046920e+01  4.090000e+03
  1.993900e+01  4.113810e+03
  1.942250e+01  4.127675e+03
  1.891940e+01  4.101460e+03
  1.842930e+01  3.983100e+03
  1.795200e+01  3.974120e+03
  1.748690e+01  3.885930e+03
  1.703400e+01  3.794050e+03
  1.659270e+01  3.684915e+03
  1.616290e+01  3.615695e+03
  1.574430e+01  3.520115e+03
  1.533640e+01  3.440890e+03
  1.493920e+01  3.385755e+03
  1.455220e+01  3.313985e+03
  1.417520e+01  3.352960e+03
  1.380800e+01  3.376740e+03
  1.345040e+01  3.448510e+03
  1.310200e+01  3.512670e+03
  1.276260e+01  3.642125e+03
  1.243200e+01  3.764135e+03
  1.211000e+01  3.885015e+03
  1.179630e+01  4.035230e+03
  1.149070e+01  4.212500e+03
  1.119310e+01  4.393065e+03
  1.090310e+01  4.590670e+03
  1.062070e+01  4.815610e+03
  1.034560e+01  5.033800e+03
  1.007760e+01  5.284250e+03
  9.816600e+00  5.484400e+03
  9.562300e+00  5.590200e+03
  9.314600e+00  5.635050e+03
  9.073300e+00  5.514135e+03
  8.838300e+00  5.251245e+03
  8.609300e+00  5.024450e+03
  8.386300e+00  4.749210e+03
  8.169100e+00  4.479870e+03
  7.957500e+00  4.265785e+03
  7.751400e+00  4.061610e+03
  7.550600e+00  3.961890e+03
  7.355000e+00  3.952160e+03
  7.164500e+00  3.958635e+03
  6.978900e+00  3.957580e+03
  6.798100e+00  4.003250e+03
  6.622000e+00  4.040250e+03
  6.450500e+00  4.147680e+03
  6.283400e+00  4.211405e+03
  6.120600e+00  4.273215e+03
  5.962100e+00  4.324060e+03
  5.807600e+00  4.376225e+03
  5.657200e+00  4.438140e+03
  5.510700e+00  4.553465e+03
  5.367900e+00  4.729210e+03
  5.228900e+00  4.797280e+03
  5.093400e+00  4.824425e+03
  4.961500e+00  4.875045e+03
  4.833000e+00  5.251130e+03
  4.707800e+00  5.735855e+03
  4.585800e+00  5.360910e+03
  4.467100e+00  5.336060e+03
  4.351300e+00  5.525285e+03
  4.238600e+00  5.746360e+03
  4.128800e+00  5.822055e+03
  4.021900e+00  8.682350e+03
  3.917700e+00  7.028975e+03
  3.816200e+00  5.700355e+03
  3.717400e+00  5.711295e+03
  3.621100e+00  5.743810e+03
  3.527300e+00  5.855870e+03
  3.435900e+00  5.939115e+03
  3.346900e+00  6.001800e+03
  3.260200e+00  6.072055e+03
  3.175800e+00  6.195930e+03
  3.093500e+00  6.163125e+03
  3.013400e+00  6.253215e+03
  2.935300e+00  6.340220e+03
  2.859300e+00  6.372195e+03
  2.785200e+00  6.554070e+03
  2.713100e+00  6.573160e+03
  2.642800e+00  6.572715e+03
  2.574300e+00  6.835830e+03
  2.507600e+00  6.716095e+03
  2.442700e+00  6.929840e+03
  2.379400e+00  7.027765e+03
  2.317800e+00  6.839755e+03
  2.257700e+00  6.673855e+03
  2.199300e+00  7.230915e+03
  2.142300e+00  6.668525e+03
  2.086800e+00  6.592720e+03
  2.032700e+00  7.001675e+03
  1.980100e+00  9.195891e+03
  1.928800e+00  6.793475e+03
  1.878800e+00  5.881920e+03
  1.830200e+00  8.667180e+03
  1.782800e+00  2.008600e+04
  1.736600e+00  1.030160e+04
  1.691600e+00  6.657155e+03
  1.647800e+00  5.834660e+03
  1.605100e+00  5.618685e+03
  1.563500e+00  5.463240e+03
  1.523000e+00  5.358035e+03
  1.483600e+00  5.266855e+03
  1.445100e+00  5.020320e+03
  1.407700e+00  4.803485e+03
  1.371200e+00  4.552270e+03
  1.335700e+00  4.650525e+03
  1.301100e+00  4.047855e+03
  1.267400e+00  3.357315e+03
  1.234600e+00  4.024695e+03
  1.202600e+00  4.291670e+03
  1.171500e+00  3.973415e+03
  1.141100e+00  4.795815e+03
  1.111600e+00  3.457420e+03
  1.082800e+00  3.196045e+03
  1.054700e+00  4.433090e+03
  1.027400e+00  3.618650e+03
  1.000800e+00  3.057510e+03
  9.749000e-01  3.740370e+03
  9.496000e-01  3.248075e+03
  9.250000e-01  3.329530e+03
  9.010000e-01  3.516360e+03
  8.777000e-01  3.706840e+03
  8.550000e-01  4.002290e+03
  8.328000e-01  3.852935e+03
  8.113000e-01  4.258660e+03
  7.902000e-01  4.270570e+03
  7.698000e-01  4.171055e+03
  7.498000e-01  4.733880e+03
  7.304000e-01  4.583385e+03
  7.115000e-01  4.610495e+03
  6.931000e-01  7.777960e+03
  6.751000e-01  5.996835e+04
  6.576000e-01  6.914025e+04
  6.406000e-01  1.560515e+05
  6.240000e-01  3.063815e+04
  6.078000e-01  6.313750e+03
  5.921000e-01  6.117940e+03
  5.767000e-01  6.214235e+03
  5.618000e-01  6.460765e+03
  5.472000e-01  6.236105e+03
  5.331000e-01  7.064790e+03
  5.193000e-01  7.175780e+03
  5.058000e-01  7.931290e+03
  4.927000e-01  1.412580e+04
  4.799000e-01  1.537110e+04
  4.675000e-01  9.358570e+03
  4.554000e-01  8.023770e+03
  4.436000e-01  1.426015e+04
  4.321000e-01  1.366585e+04
  4.209000e-01  1.311820e+04
  4.100000e-01  1.006250e+04
  3.994000e-01  1.744760e+04
  3.891000e-01  3.775220e+04
  3.790000e-01  3.508800e+04
  3.692000e-01  9.349125e+03
  3.596000e-01  7.843410e+03
  3.503000e-01  8.091530e+03
  3.412000e-01  8.425105e+03
  3.324000e-01  9.185245e+03
  3.238000e-01  9.154720e+03
  3.154000e-01  8.788530e+03
  3.072000e-01  1.013095e+04
  2.992000e-01  1.339385e+04
  2.915000e-01  1.636090e+04
  2.839000e-01  1.775270e+04
  2.766000e-01  9.703040e+03
  2.694000e-01  2.429035e+04
  2.624000e-01  4.125225e+04
  2.556000e-01  6.769784e+04
  2.490000e-01  2.890315e+04
  2.426000e-01  1.163235e+04
  2.363000e-01  2.201325e+04
  2.302000e-01  1.883875e+04
  2.242000e-01  1.444740e+04
  2.184000e-01  1.412445e+04
  2.127000e-01  1.458850e+04
  2.072000e-01  1.373450e+04
  2.019000e-01  1.442095e+04
  1.966000e-01  1.617965e+04
  1.915000e-01  1.186520e+04
  1.866000e-01  4.946370e+03
  1.817000e-01  3.065990e+03
  1.770000e-01  2.539275e+03
  1.725000e-01  3.995710e+03
  1.680000e-01  1.530425e+04
  1.636000e-01  2.038015e+04
  1.594000e-01  2.163310e+04
  1.553000e-01  2.260000e+04
  1.512000e-01  2.365935e+04
  1.473000e-01  2.424445e+04
  1.435000e-01  2.875280e+04
  1.398000e-01  2.285965e+04
  1.362000e-01  1.991060e+04
  1.326000e-01  1.731175e+04
  1.292000e-01  1.547705e+04
  1.259000e-01  1.579900e+04
  1.226000e-01  1.667465e+04
  1.194000e-01  1.814770e+04
  1.163000e-01  1.891545e+04
  1.133000e-01  1.222570e+04
  1.104000e-01  9.945160e+03
  1.075000e-01  1.105370e+04
  1.047000e-01  1.268760e+04
  1.020000e-01  1.336905e+04
  9.940000e-02  7.814215e+03
  9.680000e-02  3.803180e+03
  9.430000e-02  3.531415e+03
  9.190000e-02  3.973635e+03
  8.950000e-02  1.290565e+04
  8.720000e-02  1.443270e+04
  8.490000e-02  1.380580e+04
  8.270000e-02  1.368580e+04
  8.060000e-02  1.408285e+04
  7.850000e-02  1.435815e+04
  7.640000e-02  1.484550e+04
  7.450000e-02  1.542415e+04
  7.250000e-02  1.591495e+04
  7.070000e-02  1.602135e+04
  6.880000e-02  1.589960e+04
  6.700000e-02  1.571745e+04
  6.530000e-02  1.548890e+04
  6.360000e-02  1.517540e+04
  6.200000e-02  1.485440e+04
  6.040000e-02  1.451370e+04
  5.880000e-02  1.398000e+04
  5.730000e-02  1.338635e+04
  5.580000e-02  1.267760e+04
  5.430000e-02  1.211750e+04
  5.290000e-02  1.136725e+04
  5.160000e-02  1.065675e+04
  5.020000e-02  9.853859e+03
  4.890000e-02  8.883585e+03
  4.770000e-02  8.020840e+03
  4.640000e-02  7.177630e+03
  4.520000e-02  6.416290e+03
  4.410000e-02  5.682790e+03
  4.290000e-02  4.972575e+03
  4.180000e-02  4.344200e+03
  4.070000e-02  3.790195e+03
  3.970000e-02  3.284745e+03
  3.860000e-02  2.812020e+03
  3.760000e-02  2.430850e+03
  3.670000e-02  2.040565e+03
  3.570000e-02  1.719170e+03
  3.480000e-02  1.434570e+03
  3.390000e-02  1.195725e+03
  3.300000e-02  9.995905e+02
  3.220000e-02  8.170095e+02
  3.130000e-02  6.519885e+02
  3.050000e-02  5.373145e+02
  2.970000e-02  4.352555e+02
  2.890000e-02  3.538595e+02
  2.820000e-02  2.823590e+02
  2.750000e-02  2.296180e+02
  2.680000e-02  1.780725e+02
  2.610000e-02  1.470800e+02
  2.540000e-02  1.193490e+02
  2.470000e-02  1.016773e+02
  2.410000e-02  8.433235e+01
  2.350000e-02  7.269666e+01
  2.290000e-02  6.013665e+01
  2.230000e-02  5.268765e+01
  2.170000e-02  4.746780e+01
  2.110000e-02  4.812020e+01
  2.060000e-02  4.121480e+01
  2.000000e-02  3.996425e+01
  1.950000e-02  3.952930e+01
  1.900000e-02  3.882240e+01
  1.850000e-02  3.648430e+01
  1.800000e-02  4.050800e+01
  1.760000e-02  3.561435e+01
  1.710000e-02  3.643000e+01
  1.670000e-02  3.729990e+01
  1.630000e-02  3.653860e+01
  1.580000e-02  3.708240e+01
  1.540000e-02  3.474445e+01
  1.500000e-02  3.262395e+01
  1.460000e-02  3.458125e+01
  1.430000e-02  3.229760e+01
  1.390000e-02  3.327640e+01
  1.350000e-02  3.354815e+01
  1.320000e-02  2.990520e+01
  1.280000e-02  2.865465e+01
  1.250000e-02  3.061210e+01
  1.220000e-02  2.724095e+01
  1.190000e-02  2.582720e+01
  1.160000e-02  2.517475e+01
  1.130000e-02  2.419600e+01
  1.100000e-02  2.425030e+01
  1.070000e-02  2.049865e+01
  1.040000e-02  1.843235e+01
  1.010000e-02  1.516465e+02
