  4.934820e+03  0.000000e+00
  4.806990e+03  0.000000e+00
  4.682470e+03  0.000000e+00
  4.561180e+03  0.000000e+00
  4.443030e+03  0.000000e+00
  4.327940e+03  0.000000e+00
  4.215830e+03  0.000000e+00
  4.106630e+03  0.000000e+00
  4.000250e+03  0.000000e+00
  3.896630e+03  0.000000e+00
  3.795700e+03  0.000000e+00
  3.697380e+03  0.000000e+00
  3.601600e+03  0.000000e+00
  3.508310e+03  0.000000e+00
  3.417430e+03  0.000000e+00
  3.328910e+03  0.000000e+00
  3.242680e+03  0.000000e+00
  3.158680e+03  0.000000e+00
  3.076860e+03  0.000000e+00
  2.997160e+03  0.000000e+00
  2.919530e+03  1.011650e-01
  2.843900e+03  1.011650e-01
  2.770230e+03  1.011650e-01
  2.698480e+03  0.000000e+00
  2.628580e+03  0.000000e+00
  2.560490e+03  0.000000e+00
  2.494160e+03  0.000000e+00
  2.429550e+03  0.000000e+00
  2.366620e+03  1.011650e-01
  2.305320e+03  0.000000e+00
  2.245600e+03  0.000000e+00
  2.187430e+03  0.000000e+00
  2.130770e+03  0.000000e+00
  2.075580e+03  0.000000e+00
  2.021810e+03  0.000000e+00
  1.969440e+03  0.000000e+00
  1.918430e+03  0.000000e+00
  1.868730e+03  0.000000e+00
  1.820330e+03  2.023300e-01
  1.773170e+03  0.000000e+00
  1.727240e+03  1.011650e-01
  1.682500e+03  1.011650e-01
  1.638920e+03  1.011650e-01
  1.596470e+03  2.023300e-01
  1.555110e+03  1.011650e-01
  1.514830e+03  0.000000e+00
  1.475590e+03  2.023300e-01
  1.437370e+03  2.023300e-01
  1.400140e+03  1.011650e-01
  1.363870e+03  2.023300e-01
  1.328540e+03  0.000000e+00
  1.294120e+03  1.011650e-01
  1.260600e+03  1.011650e-01
  1.227950e+03  3.034950e-01
  1.196140e+03  4.046600e-01
  1.165160e+03  3.034950e-01
  1.134980e+03  2.023300e-01
  1.105580e+03  4.046600e-01
  1.076940e+03  3.034950e-01
  1.049040e+03  9.104850e-01
  1.021870e+03  4.046600e-01
  9.953980e+02  5.058250e-01
  9.696140e+02  5.058250e-01
  9.444970e+02  7.081550e-01
  9.200320e+02  1.011650e+00
  8.962000e+02  7.081550e-01
  8.729850e+02  7.081550e-01
  8.503720e+02  8.093200e-01
  8.283450e+02  1.213985e+00
  8.068880e+02  1.112815e+00
  7.859870e+02  1.922135e+00
  7.656270e+02  2.225630e+00
  7.457950e+02  1.618645e+00
  7.264760e+02  2.225630e+00
  7.076580e+02  3.540795e+00
  6.893270e+02  2.124470e+00
  6.714710e+02  3.743115e+00
  6.540780e+02  2.933785e+00
  6.371350e+02  3.540805e+00
  6.206310e+02  4.754800e+00
  6.045550e+02  4.754775e+00
  5.888950e+02  5.058300e+00
  5.736410e+02  6.575830e+00
  5.587810e+02  5.968790e+00
  5.443070e+02  6.474650e+00
  5.302080e+02  8.497980e+00
  5.164740e+02  9.813180e+00
  5.030950e+02  1.092595e+01
  4.900630e+02  1.355635e+01
  4.773690e+02  1.487145e+01
  4.650040e+02  1.649015e+01
  4.529580e+02  1.679355e+01
  4.412250e+02  1.729940e+01
  4.297960e+02  2.478560e+01
  4.186630e+02  2.488670e+01
  4.078180e+02  2.691020e+01
  3.972540e+02  3.338470e+01
  3.869640e+02  3.348590e+01
  3.769400e+02  4.066870e+01
  3.671770e+02  4.633400e+01
  3.576650e+02  5.260610e+01
  3.484010e+02  5.574225e+01
  3.393760e+02  6.211575e+01
  3.305850e+02  7.172655e+01
  3.220220e+02  8.133715e+01
  3.136800e+02  9.236470e+01
  3.055550e+02  1.001543e+02
  2.976400e+02  1.104730e+02
  2.899300e+02  1.233225e+02
  2.824200e+02  1.425430e+02
  2.751040e+02  1.588320e+02
  2.679780e+02  1.728920e+02
  2.610370e+02  2.070850e+02
  2.542750e+02  2.217535e+02
  2.476890e+02  2.607035e+02
  2.412730e+02  2.786095e+02
  2.350230e+02  3.158390e+02
  2.289350e+02  3.577215e+02
  2.230050e+02  3.953560e+02
  2.172280e+02  4.336990e+02
  2.116010e+02  4.971275e+02
  2.061200e+02  5.467990e+02
  2.007810e+02  6.049700e+02
  1.955800e+02  6.720435e+02
  1.905140e+02  7.640035e+02
  1.855790e+02  8.587955e+02
  1.807720e+02  9.785770e+02
  1.760890e+02  1.071545e+03
  1.715280e+02  1.211875e+03
  1.670850e+02  1.325980e+03
  1.627570e+02  1.464970e+03
  1.585410e+02  1.628670e+03
  1.544340e+02  1.792565e+03
  1.504340e+02  1.960185e+03
  1.465370e+02  2.132370e+03
  1.427410e+02  2.340475e+03
  1.390440e+02  2.620695e+03
  1.354420e+02  2.836385e+03
  1.319340e+02  3.084650e+03
  1.285160e+02  3.368815e+03
  1.251870e+02  3.618590e+03
  1.219440e+02  3.942220e+03
  1.187850e+02  4.307945e+03
  1.157090e+02  4.626500e+03
  1.127110e+02  4.982205e+03
  1.097920e+02  5.400215e+03
  1.069480e+02  5.851515e+03
  1.041770e+02  6.276025e+03
  1.014790e+02  6.776890e+03
  9.885030e+01  7.317930e+03
  9.628970e+01  7.853385e+03
  9.379550e+01  8.391689e+03
  9.136590e+01  8.998085e+03
  8.899920e+01  9.593745e+03
  8.669380e+01  1.018475e+04
  8.444820e+01  1.093815e+04
  8.226070e+01  1.145985e+04
  8.012980e+01  1.216055e+04
  7.805420e+01  1.282265e+04
  7.603240e+01  1.347405e+04
  7.406290e+01  1.418715e+04
  7.214440e+01  1.481165e+04
  7.027560e+01  1.534440e+04
  6.845520e+01  1.600735e+04
  6.668200e+01  1.641815e+04
  6.495470e+01  1.687035e+04
  6.327220e+01  1.716015e+04
  6.163320e+01  1.744115e+04
  6.003670e+01  1.756000e+04
  5.848160e+01  1.763290e+04
  5.696670e+01  1.783440e+04
  5.549110e+01  1.769185e+04
  5.405370e+01  1.764710e+04
  5.265350e+01  1.742665e+04
  5.128960e+01  1.709125e+04
  4.996100e+01  1.685390e+04
  4.866690e+01  1.637370e+04
  4.740620e+01  1.578750e+04
  4.617830e+01  1.514755e+04
  4.498210e+01  1.441935e+04
  4.381690e+01  1.375595e+04
  4.268190e+01  1.317585e+04
  4.157630e+01  1.264985e+04
  4.049930e+01  1.191355e+04
  3.945030e+01  1.136105e+04
  3.842840e+01  1.084360e+04
  3.743290e+01  1.027420e+04
  3.646330e+01  9.744280e+03
  3.551880e+01  9.228029e+03
  3.459870e+01  8.667680e+03
  3.370250e+01  8.119460e+03
  3.282950e+01  7.565365e+03
  3.197910e+01  6.995110e+03
  3.115070e+01  6.520940e+03
  3.034380e+01  6.034120e+03
  2.955780e+01  5.547720e+03
  2.879220e+01  5.108160e+03
  2.804640e+01  4.631960e+03
  2.731990e+01  4.218810e+03
  2.661220e+01  3.824975e+03
  2.592290e+01  3.466850e+03
  2.525140e+01  3.097895e+03
  2.459730e+01  2.777215e+03
  2.396010e+01  2.465305e+03
  2.333950e+01  2.211295e+03
  2.273490e+01  1.974655e+03
  2.214600e+01  1.770405e+03
  2.157230e+01  1.553600e+03
  2.101350e+01  1.345595e+03
  2.046920e+01  1.192035e+03
  1.993900e+01  1.082380e+03
  1.942250e+01  9.826160e+02
  1.891940e+01  9.083650e+02
  1.842930e+01  8.573790e+02
  1.795200e+01  7.962765e+02
  1.748690e+01  7.440745e+02
  1.703400e+01  6.999655e+02
  1.659270e+01  6.726495e+02
  1.616290e+01  6.365355e+02
  1.574430e+01  6.076005e+02
  1.533640e+01  5.906045e+02
  1.493920e+01  5.552975e+02
  1.455220e+01  5.069420e+02
  1.417520e+01  4.512005e+02
  1.380800e+01  3.883760e+02
  1.345040e+01  3.258540e+02
  1.310200e+01  2.852865e+02
  1.276260e+01  2.552400e+02
  1.243200e+01  2.417845e+02
  1.211000e+01  2.269140e+02
  1.179630e+01  2.150765e+02
  1.149070e+01  2.143690e+02
  1.119310e+01  2.040495e+02
  1.090310e+01  2.021265e+02
  1.062070e+01  2.023305e+02
  1.034560e+01  1.919100e+02
  1.007760e+01  1.894830e+02
  9.816600e+00  1.719810e+02
  9.562300e+00  1.566060e+02
  9.314600e+00  1.347545e+02
  9.073300e+00  1.115855e+02
  8.838300e+00  9.641120e+01
  8.609300e+00  8.184309e+01
  8.386300e+00  7.000665e+01
  8.169100e+00  6.788215e+01
  7.957500e+00  7.506509e+01
  7.751400e+00  7.192860e+01
  7.550600e+00  8.396775e+01
  7.355000e+00  7.658220e+01
  7.164500e+00  7.132180e+01
  6.978900e+00  6.596005e+01
  6.798100e+00  5.887835e+01
  6.622000e+00  5.594455e+01
  6.450500e+00  5.220155e+01
  6.283400e+00  4.663740e+01
  6.120600e+00  4.471530e+01
  5.962100e+00  3.905000e+01
  5.807600e+00  3.824065e+01
  5.657200e+00  3.763360e+01
  5.510700e+00  3.682440e+01
  5.367900e+00  3.277755e+01
  5.228900e+00  3.378935e+01
  5.093400e+00  3.146255e+01
  4.961500e+00  3.156375e+01
  4.833000e+00  2.832635e+01
  4.707800e+00  2.802285e+01
  4.585800e+00  2.407730e+01
  4.467100e+00  2.701115e+01
  4.351300e+00  2.478565e+01
  4.238600e+00  2.448200e+01
  4.128800e+00  2.599950e+01
  4.021900e+00  2.539245e+01
  3.917700e+00  1.992965e+01
  3.816200e+00  1.780510e+01
  3.717400e+00  2.053665e+01
  3.621100e+00  1.881690e+01
  3.527300e+00  1.740060e+01
  3.435900e+00  1.578185e+01
  3.346900e+00  1.497255e+01
  3.260200e+00  1.345520e+01
  3.175800e+00  1.153295e+01
  3.093500e+00  8.396891e+00
  3.013400e+00  6.575825e+00
  2.935300e+00  8.295670e+00
  2.859300e+00  9.509710e+00
  2.785200e+00  1.254470e+01
  2.713100e+00  1.345500e+01
  2.642800e+00  1.406210e+01
  2.574300e+00  1.456790e+01
  2.507600e+00  1.365750e+01
  2.442700e+00  1.446665e+01
  2.379400e+00  1.244335e+01
  2.317800e+00  1.092610e+01
  2.257700e+00  1.284810e+01
  2.199300e+00  1.305040e+01
  2.142300e+00  1.264580e+01
  2.086800e+00  1.173535e+01
  2.032700e+00  1.163415e+01
  1.980100e+00  1.122952e+01
  1.928800e+00  9.712125e+00
  1.878800e+00  8.194555e+00
  1.830200e+00  1.001555e+01
  1.782800e+00  2.276230e+01
  1.736600e+00  1.072367e+01
  1.691600e+00  1.062260e+01
  1.647800e+00  9.509689e+00
  1.605100e+00  1.072365e+01
  1.563500e+00  7.891020e+00
  1.523000e+00  8.295660e+00
  1.483600e+00  7.891105e+00
  1.445100e+00  7.486380e+00
  1.407700e+00  8.295675e+00
  1.371200e+00  9.003825e+00
  1.335700e+00  6.676950e+00
  1.301100e+00  7.688675e+00
  1.267400e+00  5.361810e+00
  1.234600e+00  7.081680e+00
  1.202600e+00  7.992230e+00
  1.171500e+00  7.789820e+00
  1.141100e+00  9.914310e+00
  1.111600e+00  6.474695e+00
  1.082800e+00  5.766475e+00
  1.054700e+00  6.778160e+00
  1.027400e+00  6.980515e+00
  1.000800e+00  5.260650e+00
  9.749000e-01  6.677030e+00
  9.496000e-01  5.260620e+00
  9.250000e-01  5.462995e+00
  9.010000e-01  7.789840e+00
  8.777000e-01  8.700385e+00
  8.550000e-01  7.992175e+00
  8.328000e-01  7.789850e+00
  8.113000e-01  7.182795e+00
  7.902000e-01  1.072370e+01
  7.698000e-01  1.001546e+01
  7.498000e-01  1.173540e+01
  7.304000e-01  1.183660e+01
  7.115000e-01  1.487145e+01
  6.931000e-01  2.084025e+01
  6.751000e-01  1.451750e+02
  6.576000e-01  1.221085e+02
  6.406000e-01  3.628810e+02
  6.240000e-01  8.902640e+01
  6.078000e-01  1.972735e+01
  5.921000e-01  1.719835e+01
  5.767000e-01  1.942380e+01
  5.618000e-01  2.013220e+01
  5.472000e-01  1.912040e+01
  5.331000e-01  2.397630e+01
  5.193000e-01  2.316700e+01
  5.058000e-01  2.387510e+01
  4.927000e-01  3.965690e+01
  4.799000e-01  4.208490e+01
  4.675000e-01  3.115900e+01
  4.554000e-01  2.539245e+01
  4.436000e-01  5.017820e+01
  4.321000e-01  5.058285e+01
  4.209000e-01  4.582815e+01
  4.100000e-01  3.399165e+01
  3.994000e-01  6.029470e+01
  3.891000e-01  9.661385e+01
  3.790000e-01  9.600710e+01
  3.692000e-01  2.792175e+01
  3.596000e-01  1.972745e+01
  3.503000e-01  1.972730e+01
  3.412000e-01  2.114365e+01
  3.324000e-01  2.519035e+01
  3.238000e-01  2.114370e+01
  3.154000e-01  1.820975e+01
  3.072000e-01  2.650535e+01
  2.992000e-01  3.722895e+01
  2.915000e-01  4.511990e+01
  2.839000e-01  4.795250e+01
  2.766000e-01  2.276230e+01
  2.694000e-01  5.766445e+01
  2.624000e-01  1.389020e+02
  2.556000e-01  1.562005e+02
  2.490000e-01  5.574230e+01
  2.426000e-01  5.442720e+01
  2.363000e-01  5.645040e+01
  2.302000e-01  3.702655e+01
  2.242000e-01  2.670780e+01
  2.184000e-01  2.448205e+01
  2.127000e-01  2.620195e+01
  2.072000e-01  1.982860e+01
  2.019000e-01  2.539265e+01
  1.966000e-01  2.792180e+01
  1.915000e-01  3.469985e+01
  1.866000e-01  3.368815e+01
  1.817000e-01  2.478550e+01
  1.770000e-01  2.498785e+01
  1.725000e-01  2.276220e+01
  1.680000e-01  2.984375e+01
  1.636000e-01  2.933800e+01
  1.594000e-01  3.166490e+01
  1.553000e-01  2.964150e+01
  1.512000e-01  3.318235e+01
  1.473000e-01  3.196840e+01
  1.435000e-01  4.481640e+01
  1.398000e-01  3.550920e+01
  1.362000e-01  3.834180e+01
  1.326000e-01  3.844295e+01
  1.292000e-01  3.510455e+01
  1.259000e-01  3.945470e+01
  1.226000e-01  5.736100e+01
  1.194000e-01  5.341550e+01
  1.163000e-01  4.805375e+01
  1.133000e-01  5.007700e+01
  1.104000e-01  5.068405e+01
  1.075000e-01  5.523640e+01
  1.047000e-01  5.776570e+01
  1.020000e-01  6.282390e+01
  9.940000e-02  6.515065e+01
  9.680000e-02  6.272285e+01
  9.430000e-02  6.676939e+01
  9.190000e-02  6.909610e+01
  8.950000e-02  6.859030e+01
  8.720000e-02  6.889385e+01
  8.490000e-02  6.565656e+01
  8.270000e-02  6.585886e+01
  8.060000e-02  5.897965e+01
  7.850000e-02  6.555530e+01
  7.640000e-02  6.504950e+01
  7.450000e-02  5.746210e+01
  7.250000e-02  5.817025e+01
  7.070000e-02  5.584345e+01
  6.880000e-02  4.957120e+01
  6.700000e-02  4.775025e+01
  6.530000e-02  4.299545e+01
  6.360000e-02  4.501880e+01
  6.200000e-02  3.854410e+01
  6.040000e-02  3.166490e+01
  5.880000e-02  2.771940e+01
  5.730000e-02  2.559490e+01
  5.580000e-02  2.589840e+01
  5.430000e-02  1.780520e+01
  5.290000e-02  1.881695e+01
  5.160000e-02  1.608545e+01
  5.020000e-02  1.375865e+01
  4.890000e-02  1.092605e+01
  4.770000e-02  1.011659e+01
  4.640000e-02  9.509665e+00
  4.520000e-02  9.813165e+00
  4.410000e-02  8.295694e+00
  4.290000e-02  7.385205e+00
  4.180000e-02  8.295670e+00
  4.070000e-02  6.373500e+00
  3.970000e-02  6.575825e+00
  3.860000e-02  5.462980e+00
  3.760000e-02  3.338450e+00
  3.670000e-02  4.248970e+00
  3.570000e-02  4.552450e+00
  3.480000e-02  2.529135e+00
  3.390000e-02  1.820975e+00
  3.300000e-02  1.213980e+00
  3.220000e-02  1.618640e+00
  3.130000e-02  1.618645e+00
  3.050000e-02  8.093200e-01
  2.970000e-02  9.104850e-01
  2.890000e-02  1.315145e+00
  2.820000e-02  7.081550e-01
  2.750000e-02  6.069900e-01
  2.680000e-02  6.069900e-01
  2.610000e-02  4.046600e-01
  2.540000e-02  0.000000e+00
  2.470000e-02  3.034950e-01
  2.410000e-02  2.023300e-01
  2.350000e-02  2.023300e-01
  2.290000e-02  1.011650e-01
  2.230000e-02  1.011650e-01
  2.170000e-02  4.046600e-01
  2.110000e-02  0.000000e+00
  2.060000e-02  1.011650e-01
  2.000000e-02  0.000000e+00
  1.950000e-02  0.000000e+00
  1.900000e-02  2.023300e-01
  1.850000e-02  1.011650e-01
  1.800000e-02  1.011650e-01
  1.760000e-02  0.000000e+00
  1.710000e-02  0.000000e+00
  1.670000e-02  1.011650e-01
  1.630000e-02  0.000000e+00
  1.580000e-02  1.011650e-01
  1.540000e-02  0.000000e+00
  1.500000e-02  0.000000e+00
  1.460000e-02  0.000000e+00
  1.430000e-02  0.000000e+00
  1.390000e-02  0.000000e+00
  1.350000e-02  0.000000e+00
  1.320000e-02  0.000000e+00
  1.280000e-02  1.011650e-01
  1.250000e-02  1.011650e-01
  1.220000e-02  0.000000e+00
  1.190000e-02  0.000000e+00
  1.160000e-02  0.000000e+00
  1.130000e-02  0.000000e+00
  1.100000e-02  0.000000e+00
  1.070000e-02  0.000000e+00
  1.040000e-02  0.000000e+00
  1.010000e-02  3.034950e-01
