  4.934820e+03  0.000000e+00
  4.806990e+03  0.000000e+00
  4.682470e+03  0.000000e+00
  4.561180e+03  0.000000e+00
  4.443030e+03  0.000000e+00
  4.327940e+03  0.000000e+00
  4.215830e+03  0.000000e+00
  4.106630e+03  0.000000e+00
  4.000250e+03  0.000000e+00
  3.896630e+03  0.000000e+00
  3.795700e+03  0.000000e+00
  3.697380e+03  0.000000e+00
  3.601600e+03  0.000000e+00
  3.508310e+03  0.000000e+00
  3.417430e+03  0.000000e+00
  3.328910e+03  0.000000e+00
  3.242680e+03  0.000000e+00
  3.158680e+03  0.000000e+00
  3.076860e+03  0.000000e+00
  2.997160e+03  0.000000e+00
  2.919530e+03  0.000000e+00
  2.843900e+03  0.000000e+00
  2.770230e+03  2.109050e-01
  2.698480e+03  0.000000e+00
  2.628580e+03  0.000000e+00
  2.560490e+03  0.000000e+00
  2.494160e+03  0.000000e+00
  2.429550e+03  0.000000e+00
  2.366620e+03  0.000000e+00
  2.305320e+03  0.000000e+00
  2.245600e+03  0.000000e+00
  2.187430e+03  2.109050e-01
  2.130770e+03  0.000000e+00
  2.075580e+03  2.109050e-01
  2.021810e+03  0.000000e+00
  1.969440e+03  0.000000e+00
  1.918430e+03  2.109050e-01
  1.868730e+03  0.000000e+00
  1.820330e+03  0.000000e+00
  1.773170e+03  0.000000e+00
  1.727240e+03  2.109050e-01
  1.682500e+03  2.109050e-01
  1.638920e+03  6.327150e-01
  1.596470e+03  0.000000e+00
  1.555110e+03  2.109050e-01
  1.514830e+03  0.000000e+00
  1.475590e+03  4.218100e-01
  1.437370e+03  2.109050e-01
  1.400140e+03  6.327150e-01
  1.363870e+03  4.218100e-01
  1.328540e+03  1.054525e+00
  1.294120e+03  2.109050e-01
  1.260600e+03  6.327150e-01
  1.227950e+03  2.109050e-01
  1.196140e+03  1.476340e+00
  1.165160e+03  2.109050e-01
  1.134980e+03  4.218100e-01
  1.105580e+03  8.436200e-01
  1.076940e+03  1.265430e+00
  1.049040e+03  2.109050e-01
  1.021870e+03  1.265415e+00
  9.953980e+02  1.687250e+00
  9.696140e+02  1.898155e+00
  9.444970e+02  1.476340e+00
  9.200320e+02  1.476335e+00
  8.962000e+02  1.687250e+00
  8.729850e+02  1.898150e+00
  8.503720e+02  1.687245e+00
  8.283450e+02  2.530845e+00
  8.068880e+02  2.952650e+00
  7.859870e+02  4.007225e+00
  7.656270e+02  5.483575e+00
  7.457950e+02  4.007200e+00
  7.264760e+02  4.429015e+00
  7.076580e+02  6.959915e+00
  6.893270e+02  4.639910e+00
  6.714710e+02  4.850810e+00
  6.540780e+02  7.170790e+00
  6.371350e+02  1.033438e+01
  6.206310e+02  1.202185e+01
  6.045550e+02  1.307625e+01
  5.888950e+02  1.223255e+01
  5.736410e+02  1.434180e+01
  5.587810e+02  1.813805e+01
  5.443070e+02  1.602900e+01
  5.302080e+02  2.109075e+01
  5.164740e+02  2.277800e+01
  5.030950e+02  2.151250e+01
  4.900630e+02  2.783985e+01
  4.773690e+02  3.311235e+01
  4.650040e+02  3.775225e+01
  4.529580e+02  4.154875e+01
  4.412250e+02  5.082865e+01
  4.297960e+02  5.378120e+01
  4.186630e+02  6.263955e+01
  4.078180e+02  6.875591e+01
  3.972540e+02  7.634845e+01
  3.869640e+02  8.836985e+01
  3.769400e+02  9.996895e+01
  3.671770e+02  1.062975e+02
  3.576650e+02  1.275980e+02
  3.484010e+02  1.318165e+02
  3.393760e+02  1.539625e+02
  3.305850e+02  1.731540e+02
  3.220220e+02  2.016270e+02
  3.136800e+02  2.237720e+02
  3.055550e+02  2.503465e+02
  2.976400e+02  2.771315e+02
  2.899300e+02  3.218445e+02
  2.824200e+02  3.610730e+02
  2.751040e+02  4.070510e+02
  2.679780e+02  4.243455e+02
  2.610370e+02  4.973205e+02
  2.542750e+02  5.768315e+02
  2.476890e+02  6.517045e+02
  2.412730e+02  7.189825e+02
  2.350230e+02  8.096725e+02
  2.289350e+02  9.195530e+02
  2.230050e+02  9.904200e+02
  2.172280e+02  1.135530e+03
  2.116010e+02  1.292445e+03
  2.061200e+02  1.468130e+03
  2.007810e+02  1.627785e+03
  1.955800e+02  1.828775e+03
  1.905140e+02  2.066470e+03
  1.855790e+02  2.337910e+03
  1.807720e+02  2.565470e+03
  1.760890e+02  2.944675e+03
  1.715280e+02  3.271805e+03
  1.670850e+02  3.612405e+03
  1.627570e+02  4.044345e+03
  1.585410e+02  4.463845e+03
  1.544340e+02  4.936070e+03
  1.504340e+02  5.535680e+03
  1.465370e+02  6.064845e+03
  1.427410e+02  6.686815e+03
  1.390440e+02  7.402630e+03
  1.354420e+02  8.165485e+03
  1.319340e+02  8.897540e+03
  1.285160e+02  9.743680e+03
  1.251870e+02  1.072720e+04
  1.219440e+02  1.161110e+04
  1.187850e+02  1.277860e+04
  1.157090e+02  1.390410e+04
  1.127110e+02  1.509530e+04
  1.097920e+02  1.653195e+04
  1.069480e+02  1.779405e+04
  1.041770e+02  1.944715e+04
  1.014790e+02  2.102710e+04
  9.885030e+01  2.285730e+04
  9.628970e+01  2.471215e+04
  9.379550e+01  2.651790e+04
  9.136590e+01  2.877240e+04
  8.899920e+01  3.078445e+04
  8.669380e+01  3.298505e+04
  8.444820e+01  3.539235e+04
  8.226070e+01  3.768685e+04
  8.012980e+01  4.036165e+04
  7.805420e+01  4.255390e+04
  7.603240e+01  4.510750e+04
  7.406290e+01  4.795590e+04
  7.214440e+01  5.039620e+04
  7.027560e+01  5.289125e+04
  6.845520e+01  5.538395e+04
  6.668200e+01  5.800160e+04
  6.495470e+01  6.017105e+04
  6.327220e+01  6.259805e+04
  6.163320e+01  6.466860e+04
  6.003670e+01  6.691130e+04
  5.848160e+01  6.909155e+04
  5.696670e+01  7.116570e+04
  5.549110e+01  7.334680e+04
  5.405370e+01  7.495580e+04
  5.265350e+01  7.666316e+04
  5.128960e+01  7.821510e+04
  4.996100e+01  8.003045e+04
  4.866690e+01  8.086285e+04
  4.740620e+01  8.208255e+04
  4.617830e+01  8.292555e+04
  4.498210e+01  8.338159e+04
  4.381690e+01  8.483400e+04
  4.268190e+01  8.605980e+04
  4.157630e+01  8.708845e+04
  4.049930e+01  8.767180e+04
  3.945030e+01  8.857550e+04
  3.842840e+01  8.996090e+04
  3.743290e+01  9.051215e+04
  3.646330e+01  9.107275e+04
  3.551880e+01  9.197575e+04
  3.459870e+01  9.217591e+04
  3.370250e+01  9.278945e+04
  3.282950e+01  9.314370e+04
  3.197910e+01  9.365995e+04
  3.115070e+01  9.368595e+04
  3.034380e+01  9.405741e+04
  2.955780e+01  9.468575e+04
  2.879220e+01  9.462955e+04
  2.804640e+01  9.494015e+04
  2.731990e+01  9.512370e+04
  2.661220e+01  9.566710e+04
  2.592290e+01  9.580760e+04
  2.525140e+01  9.577080e+04
  2.459730e+01  9.611080e+04
  2.396010e+01  9.659525e+04
  2.333950e+01  9.681045e+04
  2.273490e+01  9.724510e+04
  2.214600e+01  9.735435e+04
  2.157230e+01  9.777240e+04
  2.101350e+01  9.829365e+04
  2.046920e+01  9.849680e+04
  1.993900e+01  9.898295e+04
  1.942250e+01  9.897890e+04
  1.891940e+01  9.853241e+04
  1.842930e+01  9.854620e+04
  1.795200e+01  9.807135e+04
  1.748690e+01  9.720600e+04
  1.703400e+01  9.628270e+04
  1.659270e+01  9.518085e+04
  1.616290e+01  9.378120e+04
  1.574430e+01  9.242866e+04
  1.533640e+01  9.119595e+04
  1.493920e+01  8.991025e+04
  1.455220e+01  8.889975e+04
  1.417520e+01  8.815720e+04
  1.380800e+01  8.785191e+04
  1.345040e+01  8.715090e+04
  1.310200e+01  8.711600e+04
  1.276260e+01  8.733180e+04
  1.243200e+01  8.725135e+04
  1.211000e+01  8.778980e+04
  1.179630e+01  8.781041e+04
  1.149070e+01  8.817140e+04
  1.119310e+01  8.793960e+04
  1.090310e+01  8.766810e+04
  1.062070e+01  8.728915e+04
  1.034560e+01  8.707345e+04
  1.007760e+01  8.613335e+04
  9.816600e+00  8.549965e+04
  9.562300e+00  8.373940e+04
  9.314600e+00  8.113955e+04
  9.073300e+00  7.763080e+04
  8.838300e+00  7.326920e+04
  8.609300e+00  6.864709e+04
  8.386300e+00  6.456800e+04
  8.169100e+00  6.068460e+04
  7.957500e+00  5.759330e+04
  7.751400e+00  5.415670e+04
  7.550600e+00  5.248070e+04
  7.355000e+00  4.999520e+04
  7.164500e+00  4.822440e+04
  6.978900e+00  4.687330e+04
  6.798100e+00  4.518925e+04
  6.622000e+00  4.383875e+04
  6.450500e+00  4.259885e+04
  6.283400e+00  4.141260e+04
  6.120600e+00  4.003865e+04
  5.962100e+00  3.849390e+04
  5.807600e+00  3.741765e+04
  5.657200e+00  3.644170e+04
  5.510700e+00  3.526135e+04
  5.367900e+00  3.407710e+04
  5.228900e+00  3.316775e+04
  5.093400e+00  3.207705e+04
  4.961500e+00  3.120510e+04
  4.833000e+00  3.020800e+04
  4.707800e+00  2.919165e+04
  4.585800e+00  2.835035e+04
  4.467100e+00  2.735005e+04
  4.351300e+00  2.666080e+04
  4.238600e+00  2.593420e+04
  4.128800e+00  2.523610e+04
  4.021900e+00  2.471265e+04
  3.917700e+00  2.358245e+04
  3.816200e+00  2.279690e+04
  3.717400e+00  2.199275e+04
  3.621100e+00  2.132085e+04
  3.527300e+00  2.052290e+04
  3.435900e+00  2.001140e+04
  3.346900e+00  1.931970e+04
  3.260200e+00  1.867275e+04
  3.175800e+00  1.791095e+04
  3.093500e+00  1.688375e+04
  3.013400e+00  1.582145e+04
  2.935300e+00  1.534640e+04
  2.859300e+00  1.501000e+04
  2.785200e+00  1.461555e+04
  2.713100e+00  1.437460e+04
  2.642800e+00  1.353580e+04
  2.574300e+00  1.309855e+04
  2.507600e+00  1.250310e+04
  2.442700e+00  1.203520e+04
  2.379400e+00  1.158255e+04
  2.317800e+00  1.092285e+04
  2.257700e+00  1.044840e+04
  2.199300e+00  1.007775e+04
  2.142300e+00  9.378210e+03
  2.086800e+00  8.921380e+03
  2.032700e+00  8.516855e+03
  1.980100e+00  8.382705e+03
  1.928800e+00  7.563125e+03
  1.878800e+00  7.089860e+03
  1.830200e+00  7.083960e+03
  1.782800e+00  8.337170e+03
  1.736600e+00  6.419170e+03
  1.691600e+00  5.562040e+03
  1.647800e+00  5.160470e+03
  1.605100e+00  4.820065e+03
  1.563500e+00  4.487675e+03
  1.523000e+00  4.120075e+03
  1.483600e+00  3.805175e+03
  1.445100e+00  3.528690e+03
  1.407700e+00  3.230040e+03
  1.371200e+00  2.986450e+03
  1.335700e+00  2.756555e+03
  1.301100e+00  2.460020e+03
  1.267400e+00  2.145760e+03
  1.234600e+00  2.094520e+03
  1.202600e+00  1.964810e+03
  1.171500e+00  1.786585e+03
  1.141100e+00  1.759170e+03
  1.111600e+00  1.398310e+03
  1.082800e+00  1.246680e+03
  1.054700e+00  1.431430e+03
  1.027400e+00  1.175390e+03
  1.000800e+00  9.170225e+02
  9.749000e-01  1.055175e+03
  9.496000e-01  8.252795e+02
  9.250000e-01  8.062985e+02
  9.010000e-01  7.991270e+02
  8.777000e-01  8.402550e+02
  8.550000e-01  8.200074e+02
  8.328000e-01  8.368800e+02
  8.113000e-01  8.786395e+02
  7.902000e-01  8.761085e+02
  7.698000e-01  8.936140e+02
  7.498000e-01  9.412780e+02
  7.304000e-01  9.541395e+02
  7.115000e-01  1.036825e+03
  6.931000e-01  1.520225e+03
  6.751000e-01  8.898814e+03
  6.576000e-01  1.051415e+04
  6.406000e-01  2.214445e+04
  6.240000e-01  4.510660e+03
  6.078000e-01  1.391775e+03
  5.921000e-01  1.417095e+03
  5.767000e-01  1.401055e+03
  5.618000e-01  1.473820e+03
  5.472000e-01  1.472350e+03
  5.331000e-01  1.796075e+03
  5.193000e-01  1.733655e+03
  5.058000e-01  1.830665e+03
  4.927000e-01  2.619040e+03
  4.799000e-01  2.948480e+03
  4.675000e-01  2.084400e+03
  4.554000e-01  1.965660e+03
  4.436000e-01  3.820160e+03
  4.321000e-01  3.467515e+03
  4.209000e-01  3.224765e+03
  4.100000e-01  2.227605e+03
  3.994000e-01  4.193475e+03
  3.891000e-01  6.063575e+03
  3.790000e-01  6.115880e+03
  3.692000e-01  2.120455e+03
  3.596000e-01  1.961010e+03
  3.503000e-01  1.912085e+03
  3.412000e-01  1.922840e+03
  3.324000e-01  2.029570e+03
  3.238000e-01  1.850495e+03
  3.154000e-01  1.757290e+03
  3.072000e-01  2.527300e+03
  2.992000e-01  3.242285e+03
  2.915000e-01  3.580155e+03
  2.839000e-01  3.598080e+03
  2.766000e-01  1.726475e+03
  2.694000e-01  3.646370e+03
  2.624000e-01  8.464130e+03
  2.556000e-01  1.003897e+04
  2.490000e-01  3.370715e+03
  2.426000e-01  3.806665e+03
  2.363000e-01  3.875420e+03
  2.302000e-01  2.561885e+03
  2.242000e-01  2.027660e+03
  2.184000e-01  2.097685e+03
  2.127000e-01  2.233095e+03
  2.072000e-01  2.265990e+03
  2.019000e-01  2.238155e+03
  1.966000e-01  2.545435e+03
  1.915000e-01  2.747900e+03
  1.866000e-01  3.076500e+03
  1.817000e-01  2.794525e+03
  1.770000e-01  3.057310e+03
  1.725000e-01  3.070585e+03
  1.680000e-01  3.135770e+03
  1.636000e-01  3.033275e+03
  1.594000e-01  3.066810e+03
  1.553000e-01  3.374520e+03
  1.512000e-01  3.423450e+03
  1.473000e-01  3.415430e+03
  1.435000e-01  4.508360e+03
  1.398000e-01  3.483135e+03
  1.362000e-01  3.514565e+03
  1.326000e-01  3.561370e+03
  1.292000e-01  3.529755e+03
  1.259000e-01  3.586890e+03
  1.226000e-01  3.575925e+03
  1.194000e-01  3.534600e+03
  1.163000e-01  3.498740e+03
  1.133000e-01  3.436100e+03
  1.104000e-01  3.384425e+03
  1.075000e-01  3.303235e+03
  1.047000e-01  3.230045e+03
  1.020000e-01  3.172055e+03
  9.940000e-02  3.068480e+03
  9.680000e-02  2.930765e+03
  9.430000e-02  2.863910e+03
  9.190000e-02  2.813500e+03
  8.950000e-02  2.729765e+03
  8.720000e-02  2.711220e+03
  8.490000e-02  2.600910e+03
  8.270000e-02  2.456645e+03
  8.060000e-02  2.380725e+03
  7.850000e-02  2.256915e+03
  7.640000e-02  2.252065e+03
  7.450000e-02  2.200600e+03
  7.250000e-02  2.175305e+03
  7.070000e-02  2.085245e+03
  6.880000e-02  1.984845e+03
  6.700000e-02  1.898585e+03
  6.530000e-02  1.865690e+03
  6.360000e-02  1.759805e+03
  6.200000e-02  1.657305e+03
  6.040000e-02  1.570210e+03
  5.880000e-02  1.480150e+03
  5.730000e-02  1.352345e+03
  5.580000e-02  1.261435e+03
  5.430000e-02  1.137225e+03
  5.290000e-02  1.048200e+03
  5.160000e-02  9.370594e+02
  5.020000e-02  8.379345e+02
  4.890000e-02  7.453460e+02
  4.770000e-02  6.601395e+02
  4.640000e-02  5.608035e+02
  4.520000e-02  5.217840e+02
  4.410000e-02  4.321495e+02
  4.290000e-02  3.844835e+02
  4.180000e-02  3.340765e+02
  4.070000e-02  2.857800e+02
  3.970000e-02  2.471830e+02
  3.860000e-02  2.018375e+02
  3.760000e-02  1.720990e+02
  3.670000e-02  1.391985e+02
  3.570000e-02  1.181080e+02
  3.480000e-02  9.322155e+01
  3.390000e-02  7.677040e+01
  3.300000e-02  6.685755e+01
  3.220000e-02  5.420310e+01
  3.130000e-02  4.555595e+01
  3.050000e-02  3.648695e+01
  2.970000e-02  2.868345e+01
  2.890000e-02  2.509810e+01
  2.820000e-02  2.235630e+01
  2.750000e-02  2.003625e+01
  2.680000e-02  1.729450e+01
  2.610000e-02  1.623995e+01
  2.540000e-02  1.413070e+01
  2.470000e-02  1.370895e+01
  2.410000e-02  1.370890e+01
  2.350000e-02  1.117810e+01
  2.290000e-02  1.370895e+01
  2.230000e-02  1.159990e+01
  2.170000e-02  1.138895e+01
  2.110000e-02  9.912479e+00
  2.060000e-02  1.075635e+01
  2.000000e-02  1.054536e+01
  1.950000e-02  1.075620e+01
  1.900000e-02  9.490705e+00
  1.850000e-02  1.244355e+01
  1.800000e-02  9.490775e+00
  1.760000e-02  1.117805e+01
  1.710000e-02  1.054543e+01
  1.670000e-02  7.592555e+00
  1.630000e-02  7.170785e+00
  1.580000e-02  7.592555e+00
  1.540000e-02  9.701780e+00
  1.500000e-02  7.170815e+00
  1.460000e-02  4.218085e+00
  1.430000e-02  7.381690e+00
  1.390000e-02  9.069005e+00
  1.350000e-02  4.218110e+00
  1.320000e-02  5.061695e+00
  1.280000e-02  3.585385e+00
  1.250000e-02  5.272635e+00
  1.220000e-02  4.007245e+00
  1.190000e-02  4.218105e+00
  1.160000e-02  2.952680e+00
  1.130000e-02  2.109060e+00
  1.100000e-02  1.685150e+02
  1.070000e-02  2.471835e+02
  1.040000e-02  2.265140e+02
  1.010000e-02  1.731340e+03
