  4.934820e+03  1.710440e-02
  4.806990e+03  0.000000e+00
  4.682470e+03  4.276100e-03
  4.561180e+03  4.276100e-03
  4.443030e+03  0.000000e+00
  4.327940e+03  0.000000e+00
  4.215830e+03  0.000000e+00
  4.106630e+03  0.000000e+00
  4.000250e+03  8.552200e-03
  3.896630e+03  0.000000e+00
  3.795700e+03  0.000000e+00
  3.697380e+03  8.552200e-03
  3.601600e+03  1.710420e-02
  3.508310e+03  0.000000e+00
  3.417430e+03  8.552200e-03
  3.328910e+03  1.282830e-02
  3.242680e+03  8.552200e-03
  3.158680e+03  8.552200e-03
  3.076860e+03  1.710440e-02
  2.997160e+03  2.138050e-02
  2.919530e+03  8.552200e-03
  2.843900e+03  8.552200e-03
  2.770230e+03  1.710440e-02
  2.698480e+03  2.138030e-02
  2.628580e+03  1.282810e-02
  2.560490e+03  8.552200e-03
  2.494160e+03  4.703730e-02
  2.429550e+03  3.420840e-02
  2.366620e+03  2.565660e-02
  2.305320e+03  8.552200e-03
  2.245600e+03  3.848430e-02
  2.187430e+03  3.420840e-02
  2.130770e+03  4.276100e-02
  2.075580e+03  7.696940e-02
  2.021810e+03  3.420900e-02
  1.969440e+03  9.834980e-02
  1.918430e+03  5.131260e-02
  1.868730e+03  6.414090e-02
  1.820330e+03  7.696940e-02
  1.773170e+03  8.124590e-02
  1.727240e+03  8.979670e-02
  1.682500e+03  1.197300e-01
  1.638920e+03  1.582155e-01
  1.596470e+03  2.009765e-01
  1.555110e+03  2.950515e-01
  1.514830e+03  4.404365e-01
  1.475590e+03  3.335365e-01
  1.437370e+03  2.052535e-01
  1.400140e+03  2.138050e-01
  1.363870e+03  3.249825e-01
  1.328540e+03  2.736695e-01
  1.294120e+03  2.950510e-01
  1.260600e+03  2.864985e-01
  1.227950e+03  4.960265e-01
  1.196140e+03  4.276095e-01
  1.165160e+03  5.003035e-01
  1.134980e+03  5.601675e-01
  1.105580e+03  6.670720e-01
  1.076940e+03  6.542464e-01
  1.049040e+03  7.782510e-01
  1.021870e+03  7.782505e-01
  9.953980e+02  1.009156e+00
  9.696140e+02  1.141725e+00
  9.444970e+02  1.107519e+00
  9.200320e+02  1.351235e+00
  8.962000e+02  1.599245e+00
  8.729850e+02  1.659120e+00
  8.503720e+02  2.005475e+00
  8.283450e+02  2.223560e+00
  8.068880e+02  2.582770e+00
  7.859870e+02  2.971885e+00
  7.656270e+02  3.288310e+00
  7.457950e+02  3.660325e+00
  7.264760e+02  3.839935e+00
  7.076580e+02  4.421475e+00
  6.893270e+02  5.011590e+00
  6.714710e+02  5.832580e+00
  6.540780e+02  6.525315e+00
  6.371350e+02  6.952925e+00
  6.206310e+02  8.141670e+00
  6.045550e+02  9.458740e+00
  5.888950e+02  1.049355e+01
  5.736410e+02  1.178065e+01
  5.587810e+02  1.385880e+01
  5.443070e+02  1.461140e+01
  5.302080e+02  1.667675e+01
  5.164740e+02  1.954600e+01
  5.030950e+02  2.191920e+01
  4.900630e+02  2.436940e+01
  4.773690e+02  2.700780e+01
  4.650040e+02  3.135660e+01
  4.529580e+02  3.449520e+01
  4.412250e+02  3.893390e+01
  4.297960e+02  4.429175e+01
  4.186630e+02  4.877295e+01
  4.078180e+02  5.447310e+01
  3.972540e+02  6.112670e+01
  3.869640e+02  6.938395e+01
  3.769400e+02  7.756840e+01
  3.671770e+02  8.761285e+01
  3.576650e+02  9.749515e+01
  3.484010e+02  1.089045e+02
  3.393760e+02  1.234170e+02
  3.305850e+02  1.380115e+02
  3.220220e+02  1.533960e+02
  3.136800e+02  1.687815e+02
  3.055550e+02  1.878700e+02
  2.976400e+02  2.115515e+02
  2.899300e+02  2.345790e+02
  2.824200e+02  2.590970e+02
  2.751040e+02  2.909710e+02
  2.679780e+02  3.233880e+02
  2.610370e+02  3.576570e+02
  2.542750e+02  3.985410e+02
  2.476890e+02  4.429050e+02
  2.412730e+02  4.899325e+02
  2.350230e+02  5.423240e+02
  2.289350e+02  6.012095e+02
  2.230050e+02  6.634950e+02
  2.172280e+02  7.346920e+02
  2.116010e+02  8.056840e+02
  2.061200e+02  8.875150e+02
  2.007810e+02  9.806240e+02
  1.955800e+02  1.074835e+03
  1.905140e+02  1.175975e+03
  1.855790e+02  1.295435e+03
  1.807720e+02  1.417705e+03
  1.760890e+02  1.546285e+03
  1.715280e+02  1.674550e+03
  1.670850e+02  1.814245e+03
  1.627570e+02  1.968245e+03
  1.585410e+02  2.118910e+03
  1.544340e+02  2.276725e+03
  1.504340e+02  2.446115e+03
  1.465370e+02  2.613675e+03
  1.427410e+02  2.785140e+03
  1.390440e+02  2.967040e+03
  1.354420e+02  3.148410e+03
  1.319340e+02  3.335585e+03
  1.285160e+02  3.513580e+03
  1.251870e+02  3.706700e+03
  1.219440e+02  3.888595e+03
  1.187850e+02  4.072255e+03
  1.157090e+02  4.241590e+03
  1.127110e+02  4.418290e+03
  1.097920e+02  4.606970e+03
  1.069480e+02  4.760880e+03
  1.041770e+02  4.904525e+03
  1.014790e+02  5.034320e+03
  9.885030e+01  5.151715e+03
  9.628970e+01  5.252270e+03
  9.379550e+01  5.329030e+03
  9.136590e+01  5.385210e+03
  8.899920e+01  5.417655e+03
  8.669380e+01  5.421110e+03
  8.444820e+01  5.399665e+03
  8.226070e+01  5.344415e+03
  8.012980e+01  5.268020e+03
  7.805420e+01  5.147015e+03
  7.603240e+01  5.017690e+03
  7.406290e+01  4.845450e+03
  7.214440e+01  4.658395e+03
  7.027560e+01  4.460500e+03
  6.845520e+01  4.215865e+03
  6.668200e+01  3.959935e+03
  6.495470e+01  3.706915e+03
  6.327220e+01  3.490590e+03
  6.163320e+01  3.261230e+03
  6.003670e+01  3.025825e+03
  5.848160e+01  2.828330e+03
  5.696670e+01  2.622690e+03
  5.549110e+01  2.423875e+03
  5.405370e+01  2.180850e+03
  5.265350e+01  1.943175e+03
  5.128960e+01  1.717240e+03
  4.996100e+01  1.512720e+03
  4.866690e+01  1.297670e+03
  4.740620e+01  1.105480e+03
  4.617830e+01  9.400100e+02
  4.498210e+01  7.973670e+02
  4.381690e+01  6.987220e+02
  4.268190e+01  6.102335e+02
  4.157630e+01  5.314795e+02
  4.049930e+01  4.581520e+02
  3.945030e+01  3.993730e+02
  3.842840e+01  3.477750e+02
  3.743290e+01  3.029395e+02
  3.646330e+01  2.623595e+02
  3.551880e+01  2.267355e+02
  3.459870e+01  1.932025e+02
  3.370250e+01  1.611735e+02
  3.282950e+01  1.339695e+02
  3.197910e+01  1.115495e+02
  3.115070e+01  9.154684e+01
  3.034380e+01  7.497275e+01
  2.955780e+01  6.062645e+01
  2.879220e+01  4.924770e+01
  2.804640e+01  3.882265e+01
  2.731990e+01  3.055690e+01
  2.661220e+01  2.434810e+01
  2.592290e+01  1.865665e+01
  2.525140e+01  1.433765e+01
  2.459730e+01  1.125460e+01
  2.396010e+01  8.389685e+00
  2.333950e+01  6.375645e+00
  2.273490e+01  4.695140e+00
  2.214600e+01  3.762965e+00
  2.157230e+01  2.681115e+00
  2.101350e+01  2.001210e+00
  2.046920e+01  1.500905e+00
  1.993900e+01  1.167375e+00
  1.942250e+01  8.124585e-01
  1.891940e+01  6.414155e-01
  1.842930e+01  5.687205e-01
  1.795200e+01  3.463630e-01
  1.748690e+01  2.864985e-01
  1.703400e+01  2.309095e-01
  1.659270e+01  1.881480e-01
  1.616290e+01  1.624930e-01
  1.574430e+01  1.197300e-01
  1.533640e+01  1.197305e-01
  1.493920e+01  1.325580e-01
  1.455220e+01  1.111776e-01
  1.417520e+01  8.124540e-02
  1.380800e+01  6.841690e-02
  1.345040e+01  4.276090e-02
  1.310200e+01  4.276040e-02
  1.276260e+01  1.710440e-02
  1.243200e+01  3.420860e-02
  1.211000e+01  1.710420e-02
  1.179630e+01  1.282830e-02
  1.149070e+01  8.552200e-03
  1.119310e+01  1.710440e-02
  1.090310e+01  1.710420e-02
  1.062070e+01  8.552200e-03
  1.034560e+01  1.282830e-02
  1.007760e+01  4.276100e-03
  9.816600e+00  8.552200e-03
  9.562300e+00  4.276100e-03
  9.314600e+00  1.710440e-02
  9.073300e+00  2.993290e-02
  8.838300e+00  3.420880e-02
  8.609300e+00  5.558870e-02
  8.386300e+00  4.276120e-02
  8.169100e+00  7.269371e-02
  7.957500e+00  8.124550e-02
  7.751400e+00  7.696880e-02
  7.550600e+00  1.624910e-01
  7.355000e+00  1.325595e-01
  7.164500e+00  1.240055e-01
  6.978900e+00  1.411100e-01
  6.798100e+00  1.753205e-01
  6.622000e+00  1.539400e-01
  6.450500e+00  1.710440e-01
  6.283400e+00  2.223575e-01
  6.120600e+00  1.453870e-01
  5.962100e+00  1.496630e-01
  5.807600e+00  1.453875e-01
  5.657200e+00  2.223580e-01
  5.510700e+00  2.095290e-01
  5.367900e+00  2.052525e-01
  5.228900e+00  2.138050e-01
  5.093400e+00  2.522900e-01
  4.961500e+00  1.838710e-01
  4.833000e+00  1.838720e-01
  4.707800e+00  2.437380e-01
  4.585800e+00  3.036030e-01
  4.467100e+00  1.753200e-01
  4.351300e+00  2.993270e-01
  4.238600e+00  2.309100e-01
  4.128800e+00  2.608420e-01
  4.021900e+00  3.677440e-01
  3.917700e+00  2.907740e-01
  3.816200e+00  3.634690e-01
  3.717400e+00  2.693950e-01
  3.621100e+00  3.420875e-01
  3.527300e+00  3.249835e-01
  3.435900e+00  3.164325e-01
  3.346900e+00  2.608425e-01
  3.260200e+00  3.121555e-01
  3.175800e+00  1.967015e-01
  3.093500e+00  2.095285e-01
  3.013400e+00  1.539400e-01
  2.935300e+00  1.838730e-01
  2.859300e+00  2.223580e-01
  2.785200e+00  2.009755e-01
  2.713100e+00  2.907745e-01
  2.642800e+00  3.078785e-01
  2.574300e+00  3.335360e-01
  2.507600e+00  2.437370e-01
  2.442700e+00  3.121555e-01
  2.379400e+00  2.565660e-01
  2.317800e+00  2.693935e-01
  2.257700e+00  2.138050e-01
  2.199300e+00  2.351865e-01
  2.142300e+00  2.266325e-01
  2.086800e+00  2.651165e-01
  2.032700e+00  2.266340e-01
  1.980100e+00  3.292605e-01
  1.928800e+00  2.138055e-01
  1.878800e+00  1.838720e-01
  1.830200e+00  2.138050e-01
  1.782800e+00  2.651190e-01
  1.736600e+00  1.924235e-01
  1.691600e+00  1.710445e-01
  1.647800e+00  1.838720e-01
  1.605100e+00  1.967005e-01
  1.563500e+00  1.881490e-01
  1.523000e+00  1.967000e-01
  1.483600e+00  1.967005e-01
  1.445100e+00  1.624930e-01
  1.407700e+00  1.539390e-01
  1.371200e+00  1.240057e-01
  1.335700e+00  9.834939e-02
  1.301100e+00  1.069022e-01
  1.267400e+00  7.696900e-02
  1.234600e+00  1.111785e-01
  1.202600e+00  1.069021e-01
  1.171500e+00  8.124530e-02
  1.141100e+00  9.835000e-02
  1.111600e+00  6.841760e-02
  1.082800e+00  9.407340e-02
  1.054700e+00  6.414070e-02
  1.027400e+00  6.414130e-02
  1.000800e+00  5.558970e-02
  9.749000e-01  5.131280e-02
  9.496000e-01  4.276040e-02
  9.250000e-01  8.979780e-02
  9.010000e-01  6.841690e-02
  8.777000e-01  7.269390e-02
  8.550000e-01  6.841740e-02
  8.328000e-01  9.407280e-02
  8.113000e-01  5.986500e-02
  7.902000e-01  7.696900e-02
  7.698000e-01  5.558890e-02
  7.498000e-01  7.269340e-02
  7.304000e-01  1.111787e-01
  7.115000e-01  8.979771e-02
  6.931000e-01  5.558930e-02
  6.751000e-01  2.565665e-01
  6.576000e-01  4.575410e-01
  6.406000e-01  5.815490e-01
  6.240000e-01  1.368350e-01
  6.078000e-01  1.154545e-01
  5.921000e-01  6.414110e-02
  5.767000e-01  7.269290e-02
  5.618000e-01  6.414090e-02
  5.472000e-01  9.407390e-02
  5.331000e-01  1.026253e-01
  5.193000e-01  1.197300e-01
  5.058000e-01  1.154555e-01
  4.927000e-01  8.552160e-02
  4.799000e-01  8.124550e-02
  4.675000e-01  1.240070e-01
  4.554000e-01  1.111790e-01
  4.436000e-01  1.154550e-01
  4.321000e-01  9.835020e-02
  4.209000e-01  7.696900e-02
  4.100000e-01  1.154543e-01
  3.994000e-01  2.993275e-01
  3.891000e-01  1.453865e-01
  3.790000e-01  1.710435e-01
  3.692000e-01  1.197303e-01
  3.596000e-01  9.407430e-02
  3.503000e-01  8.124550e-02
  3.412000e-01  8.124530e-02
  3.324000e-01  1.069030e-01
  3.238000e-01  8.124540e-02
  3.154000e-01  1.026261e-01
  3.072000e-01  1.026265e-01
  2.992000e-01  1.753190e-01
  2.915000e-01  1.368340e-01
  2.839000e-01  1.667670e-01
  2.766000e-01  9.407450e-02
  2.694000e-01  1.539390e-01
  2.624000e-01  1.197300e-01
  2.556000e-01  1.667680e-01
  2.490000e-01  1.282815e-01
  2.426000e-01  9.407360e-02
  2.363000e-01  6.841720e-02
  2.302000e-01  8.979771e-02
  2.242000e-01  9.834980e-02
  2.184000e-01  6.841700e-02
  2.127000e-01  8.552230e-02
  2.072000e-01  6.841660e-02
  2.019000e-01  5.986510e-02
  1.966000e-01  7.269330e-02
  1.915000e-01  1.026275e-01
  1.866000e-01  4.703690e-02
  1.817000e-01  6.841740e-02
  1.770000e-01  4.276060e-02
  1.725000e-01  4.703670e-02
  1.680000e-01  4.703710e-02
  1.636000e-01  6.414080e-02
  1.594000e-01  6.841700e-02
  1.553000e-01  4.276060e-02
  1.512000e-01  5.558950e-02
  1.473000e-01  4.276060e-02
  1.435000e-01  8.552140e-02
  1.398000e-01  4.276060e-02
  1.362000e-01  6.841780e-02
  1.326000e-01  5.131290e-02
  1.292000e-01  4.703670e-02
  1.259000e-01  6.841660e-02
  1.226000e-01  5.558890e-02
  1.194000e-01  3.420840e-02
  1.163000e-01  2.138010e-02
  1.133000e-01  8.124510e-02
  1.104000e-01  2.138030e-02
  1.075000e-01  3.848490e-02
  1.047000e-01  8.552200e-03
  1.020000e-01  3.420860e-02
  9.940000e-02  1.282830e-02
  9.680000e-02  2.993250e-02
  9.430000e-02  8.552200e-03
  9.190000e-02  2.565660e-02
  8.950000e-02  1.710440e-02
  8.720000e-02  1.710440e-02
  8.490000e-02  2.138050e-02
  8.270000e-02  8.552200e-03
  8.060000e-02  2.138050e-02
  7.850000e-02  8.552200e-03
  7.640000e-02  4.276100e-03
  7.450000e-02  8.552200e-03
  7.250000e-02  4.276100e-03
  7.070000e-02  8.552200e-03
  6.880000e-02  0.000000e+00
  6.700000e-02  1.710440e-02
  6.530000e-02  1.282830e-02
  6.360000e-02  4.276100e-03
  6.200000e-02  4.276100e-03
  6.040000e-02  4.276100e-03
  5.880000e-02  0.000000e+00
  5.730000e-02  4.276100e-03
  5.580000e-02  0.000000e+00
  5.430000e-02  0.000000e+00
  5.290000e-02  1.710440e-02
  5.160000e-02  0.000000e+00
  5.020000e-02  0.000000e+00
  4.890000e-02  0.000000e+00
  4.770000e-02  0.000000e+00
  4.640000e-02  0.000000e+00
  4.520000e-02  0.000000e+00
  4.410000e-02  0.000000e+00
  4.290000e-02  0.000000e+00
  4.180000e-02  0.000000e+00
  4.070000e-02  0.000000e+00
  3.970000e-02  0.000000e+00
  3.860000e-02  0.000000e+00
  3.760000e-02  0.000000e+00
  3.670000e-02  4.276100e-03
  3.570000e-02  0.000000e+00
  3.480000e-02  0.000000e+00
  3.390000e-02  0.000000e+00
  3.300000e-02  0.000000e+00
  3.220000e-02  0.000000e+00
  3.130000e-02  0.000000e+00
  3.050000e-02  0.000000e+00
  2.970000e-02  0.000000e+00
  2.890000e-02  0.000000e+00
  2.820000e-02  0.000000e+00
  2.750000e-02  4.276100e-03
  2.680000e-02  0.000000e+00
  2.610000e-02  0.000000e+00
  2.540000e-02  0.000000e+00
  2.470000e-02  0.000000e+00
  2.410000e-02  0.000000e+00
  2.350000e-02  0.000000e+00
  2.290000e-02  0.000000e+00
  2.230000e-02  0.000000e+00
  2.170000e-02  0.000000e+00
  2.110000e-02  0.000000e+00
  2.060000e-02  0.000000e+00
  2.000000e-02  0.000000e+00
  1.950000e-02  0.000000e+00
  1.900000e-02  0.000000e+00
  1.850000e-02  0.000000e+00
  1.800000e-02  0.000000e+00
  1.760000e-02  0.000000e+00
  1.710000e-02  0.000000e+00
  1.670000e-02  0.000000e+00
  1.630000e-02  0.000000e+00
  1.580000e-02  0.000000e+00
  1.540000e-02  0.000000e+00
  1.500000e-02  0.000000e+00
  1.460000e-02  0.000000e+00
  1.430000e-02  0.000000e+00
  1.390000e-02  0.000000e+00
  1.350000e-02  0.000000e+00
  1.320000e-02  0.000000e+00
  1.280000e-02  0.000000e+00
  1.250000e-02  0.000000e+00
  1.220000e-02  0.000000e+00
  1.190000e-02  0.000000e+00
  1.160000e-02  0.000000e+00
  1.130000e-02  0.000000e+00
  1.100000e-02  3.686010e+00
  1.070000e-02  5.259600e+00
  1.040000e-02  4.784950e+00
  1.010000e-02  3.562410e+01
