  4.934820e+03  8.828500e-02
  4.806990e+03  0.000000e+00
  4.682470e+03  0.000000e+00
  4.561180e+03  0.000000e+00
  4.443030e+03  0.000000e+00
  4.327940e+03  0.000000e+00
  4.215830e+03  0.000000e+00
  4.106630e+03  0.000000e+00
  4.000250e+03  0.000000e+00
  3.896630e+03  0.000000e+00
  3.795700e+03  0.000000e+00
  3.697380e+03  0.000000e+00
  3.601600e+03  8.828500e-02
  3.508310e+03  0.000000e+00
  3.417430e+03  0.000000e+00
  3.328910e+03  0.000000e+00
  3.242680e+03  0.000000e+00
  3.158680e+03  0.000000e+00
  3.076860e+03  1.765700e-01
  2.997160e+03  0.000000e+00
  2.919530e+03  0.000000e+00
  2.843900e+03  0.000000e+00
  2.770230e+03  0.000000e+00
  2.698480e+03  0.000000e+00
  2.628580e+03  0.000000e+00
  2.560490e+03  0.000000e+00
  2.494160e+03  8.828500e-02
  2.429550e+03  0.000000e+00
  2.366620e+03  0.000000e+00
  2.305320e+03  0.000000e+00
  2.245600e+03  0.000000e+00
  2.187430e+03  0.000000e+00
  2.130770e+03  0.000000e+00
  2.075580e+03  8.828500e-02
  2.021810e+03  8.828500e-02
  1.969440e+03  0.000000e+00
  1.918430e+03  0.000000e+00
  1.868730e+03  8.828500e-02
  1.820330e+03  0.000000e+00
  1.773170e+03  0.000000e+00
  1.727240e+03  1.765700e-01
  1.682500e+03  8.828500e-02
  1.638920e+03  1.765700e-01
  1.596470e+03  1.765700e-01
  1.555110e+03  2.648550e-01
  1.514830e+03  0.000000e+00
  1.475590e+03  4.414250e-01
  1.437370e+03  1.765700e-01
  1.400140e+03  4.414250e-01
  1.363870e+03  1.765700e-01
  1.328540e+03  1.765700e-01
  1.294120e+03  2.648550e-01
  1.260600e+03  5.297100e-01
  1.227950e+03  2.648550e-01
  1.196140e+03  1.765700e-01
  1.165160e+03  6.179950e-01
  1.134980e+03  7.945650e-01
  1.105580e+03  7.945650e-01
  1.076940e+03  7.062800e-01
  1.049040e+03  9.711350e-01
  1.021870e+03  1.853985e+00
  9.953980e+02  1.235990e+00
  9.696140e+02  1.059420e+00
  9.444970e+02  1.853985e+00
  9.200320e+02  2.295410e+00
  8.962000e+02  2.030555e+00
  8.729850e+02  2.471980e+00
  8.503720e+02  3.354830e+00
  8.283450e+02  2.736835e+00
  8.068880e+02  2.913405e+00
  7.859870e+02  4.149385e+00
  7.656270e+02  3.972825e+00
  7.457950e+02  5.826805e+00
  7.264760e+02  4.502515e+00
  7.076580e+02  5.385390e+00
  6.893270e+02  8.122195e+00
  6.714710e+02  7.327630e+00
  6.540780e+02  9.534710e+00
  6.371350e+02  1.103570e+01
  6.206310e+02  1.024110e+01
  6.045550e+02  1.174195e+01
  5.888950e+02  1.518515e+01
  5.736410e+02  1.756865e+01
  5.587810e+02  1.774535e+01
  5.443070e+02  2.260090e+01
  5.302080e+02  2.304235e+01
  5.164740e+02  2.542595e+01
  5.030950e+02  3.204745e+01
  4.900630e+02  3.760940e+01
  4.773690e+02  3.522560e+01
  4.650040e+02  4.272990e+01
  4.529580e+02  4.458385e+01
  4.412250e+02  5.358880e+01
  4.297960e+02  5.915070e+01
  4.186630e+02  7.000975e+01
  4.078180e+02  7.539530e+01
  3.972540e+02  8.837330e+01
  3.869640e+02  1.017913e+02
  3.769400e+02  1.130930e+02
  3.671770e+02  1.201555e+02
  3.576650e+02  1.408150e+02
  3.484010e+02  1.574120e+02
  3.393760e+02  1.803670e+02
  3.305850e+02  2.025245e+02
  3.220220e+02  2.304240e+02
  3.136800e+02  2.516120e+02
  3.055550e+02  2.831295e+02
  2.976400e+02  3.236520e+02
  2.899300e+02  3.624095e+02
  2.824200e+02  4.061975e+02
  2.751040e+02  4.574030e+02
  2.679780e+02  5.123160e+02
  2.610370e+02  5.838265e+02
  2.542750e+02  6.475680e+02
  2.476890e+02  7.255240e+02
  2.412730e+02  8.187531e+02
  2.350230e+02  9.132170e+02
  2.289350e+02  1.039205e+03
  2.230050e+02  1.172170e+03
  2.172280e+02  1.290735e+03
  2.116010e+02  1.425720e+03
  2.061200e+02  1.636010e+03
  2.007810e+02  1.801885e+03
  1.955800e+02  2.027545e+03
  1.905140e+02  2.260880e+03
  1.855790e+02  2.523180e+03
  1.807720e+02  2.812400e+03
  1.760890e+02  3.144265e+03
  1.715280e+02  3.495540e+03
  1.670850e+02  3.867930e+03
  1.627570e+02  4.275530e+03
  1.585410e+02  4.695165e+03
  1.544340e+02  5.170485e+03
  1.504340e+02  5.704785e+03
  1.465370e+02  6.251895e+03
  1.427410e+02  6.860710e+03
  1.390440e+02  7.500935e+03
  1.354420e+02  8.192565e+03
  1.319340e+02  8.922675e+03
  1.285160e+02  9.660561e+03
  1.251870e+02  1.052905e+04
  1.219440e+02  1.140270e+04
  1.187850e+02  1.235595e+04
  1.157090e+02  1.340460e+04
  1.127110e+02  1.436035e+04
  1.097920e+02  1.548475e+04
  1.069480e+02  1.660850e+04
  1.041770e+02  1.788170e+04
  1.014790e+02  1.916510e+04
  9.885030e+01  2.044480e+04
  9.628970e+01  2.179095e+04
  9.379550e+01  2.325875e+04
  9.136590e+01  2.465460e+04
  8.899920e+01  2.602185e+04
  8.669380e+01  2.752170e+04
  8.444820e+01  2.894875e+04
  8.226070e+01  3.041240e+04
  8.012980e+01  3.166705e+04
  7.805420e+01  3.301285e+04
  7.603240e+01  3.423550e+04
  7.406290e+01  3.552685e+04
  7.214440e+01  3.641550e+04
  7.027560e+01  3.736500e+04
  6.845520e+01  3.808490e+04
  6.668200e+01  3.865595e+04
  6.495470e+01  3.902230e+04
  6.327220e+01  3.950195e+04
  6.163320e+01  3.979205e+04
  6.003670e+01  3.993175e+04
  5.848160e+01  4.017800e+04
  5.696670e+01  4.017360e+04
  5.549110e+01  4.009920e+04
  5.405370e+01  3.957150e+04
  5.265350e+01  3.875900e+04
  5.128960e+01  3.773970e+04
  4.996100e+01  3.669945e+04
  4.866690e+01  3.526475e+04
  4.740620e+01  3.375385e+04
  4.617830e+01  3.226880e+04
  4.498210e+01  3.069820e+04
  4.381690e+01  2.963005e+04
  4.268190e+01  2.862625e+04
  4.157630e+01  2.750520e+04
  4.049930e+01  2.621690e+04
  3.945030e+01  2.510965e+04
  3.842840e+01  2.418755e+04
  3.743290e+01  2.317755e+04
  3.646330e+01  2.196760e+04
  3.551880e+01  2.087945e+04
  3.459870e+01  1.972350e+04
  3.370250e+01  1.838080e+04
  3.282950e+01  1.718360e+04
  3.197910e+01  1.588865e+04
  3.115070e+01  1.469930e+04
  3.034380e+01  1.353065e+04
  2.955780e+01  1.233135e+04
  2.879220e+01  1.122365e+04
  2.804640e+01  1.012395e+04
  2.731990e+01  9.058279e+03
  2.661220e+01  8.190265e+03
  2.592290e+01  7.238570e+03
  2.525140e+01  6.394110e+03
  2.459730e+01  5.641295e+03
  2.396010e+01  4.974150e+03
  2.333950e+01  4.335045e+03
  2.273490e+01  3.743625e+03
  2.214600e+01  3.254335e+03
  2.157230e+01  2.804270e+03
  2.101350e+01  2.433120e+03
  2.046920e+01  2.114950e+03
  1.993900e+01  1.818655e+03
  1.942250e+01  1.610660e+03
  1.891940e+01  1.390395e+03
  1.842930e+01  1.229010e+03
  1.795200e+01  1.078310e+03
  1.748690e+01  9.601815e+02
  1.703400e+01  8.274925e+02
  1.659270e+01  7.291435e+02
  1.616290e+01  6.341495e+02
  1.574430e+01  5.496610e+02
  1.533640e+01  4.781495e+02
  1.493920e+01  4.260615e+02
  1.455220e+01  3.615260e+02
  1.417520e+01  3.003445e+02
  1.380800e+01  2.550550e+02
  1.345040e+01  2.151495e+02
  1.310200e+01  1.940495e+02
  1.276260e+01  1.779830e+02
  1.243200e+01  1.666825e+02
  1.211000e+01  1.507030e+02
  1.179630e+01  1.489370e+02
  1.149070e+01  1.368430e+02
  1.119310e+01  1.279250e+02
  1.090310e+01  1.224515e+02
  1.062070e+01  1.159180e+02
  1.034560e+01  1.049705e+02
  1.007760e+01  1.009090e+02
  9.816600e+00  9.755424e+01
  9.562300e+00  8.678395e+01
  9.314600e+00  7.053945e+01
  9.073300e+00  5.659050e+01
  8.838300e+00  4.343605e+01
  8.609300e+00  3.178250e+01
  8.386300e+00  2.939885e+01
  8.169100e+00  2.366045e+01
  7.957500e+00  2.507290e+01
  7.751400e+00  2.366030e+01
  7.550600e+00  2.984035e+01
  7.355000e+00  2.931050e+01
  7.164500e+00  2.895740e+01
  6.978900e+00  2.825110e+01
  6.798100e+00  2.842775e+01
  6.622000e+00  2.551435e+01
  6.450500e+00  2.595575e+01
  6.283400e+00  2.595575e+01
  6.120600e+00  2.692680e+01
  5.962100e+00  2.516120e+01
  5.807600e+00  2.445490e+01
  5.657200e+00  2.763320e+01
  5.510700e+00  2.860430e+01
  5.367900e+00  2.878085e+01
  5.228900e+00  2.913405e+01
  5.093400e+00  2.851600e+01
  4.961500e+00  2.613225e+01
  4.833000e+00  2.613235e+01
  4.707800e+00  2.604405e+01
  4.585800e+00  2.772140e+01
  4.467100e+00  2.639725e+01
  4.351300e+00  2.622055e+01
  4.238600e+00  2.524940e+01
  4.128800e+00  2.807455e+01
  4.021900e+00  2.895735e+01
  3.917700e+00  2.710345e+01
  3.816200e+00  2.719170e+01
  3.717400e+00  2.710345e+01
  3.621100e+00  2.480795e+01
  3.527300e+00  2.357205e+01
  3.435900e+00  2.569085e+01
  3.346900e+00  2.251260e+01
  3.260200e+00  2.127655e+01
  3.175800e+00  1.730385e+01
  3.093500e+00  1.880455e+01
  3.013400e+00  1.465535e+01
  2.935300e+00  1.483195e+01
  2.859300e+00  1.845155e+01
  2.785200e+00  1.977585e+01
  2.713100e+00  2.313055e+01
  2.642800e+00  2.092355e+01
  2.574300e+00  2.374860e+01
  2.507600e+00  2.304235e+01
  2.442700e+00  2.348370e+01
  2.379400e+00  2.277760e+01
  2.317800e+00  2.357200e+01
  2.257700e+00  2.004060e+01
  2.199300e+00  2.145320e+01
  2.142300e+00  2.189470e+01
  2.086800e+00  1.898125e+01
  2.032700e+00  1.783355e+01
  1.980100e+00  2.162975e+01
  1.928800e+00  1.880460e+01
  1.878800e+00  1.818665e+01
  1.830200e+00  1.809835e+01
  1.782800e+00  2.383685e+01
  1.736600e+00  1.959915e+01
  1.691600e+00  1.853985e+01
  1.647800e+00  1.633270e+01
  1.605100e+00  1.695075e+01
  1.563500e+00  1.412560e+01
  1.523000e+00  1.394910e+01
  1.483600e+00  1.589130e+01
  1.445100e+00  1.324285e+01
  1.407700e+00  1.421400e+01
  1.371200e+00  1.492020e+01
  1.335700e+00  1.103560e+01
  1.301100e+00  1.227165e+01
  1.267400e+00  1.103568e+01
  1.234600e+00  1.059434e+01
  1.202600e+00  1.333100e+01
  1.171500e+00  1.297795e+01
  1.141100e+00  1.227165e+01
  1.111600e+00  1.112385e+01
  1.082800e+00  1.024109e+01
  1.054700e+00  1.324285e+01
  1.027400e+00  1.324275e+01
  1.000800e+00  1.174200e+01
  9.749000e-01  1.165360e+01
  9.496000e-01  1.094730e+01
  9.250000e-01  1.191845e+01
  9.010000e-01  1.200680e+01
  8.777000e-01  1.235985e+01
  8.550000e-01  1.650925e+01
  8.328000e-01  1.500835e+01
  8.113000e-01  1.809835e+01
  7.902000e-01  1.792185e+01
  7.698000e-01  1.615615e+01
  7.498000e-01  2.118840e+01
  7.304000e-01  1.880480e+01
  7.115000e-01  2.057035e+01
  6.931000e-01  2.471975e+01
  6.751000e-01  6.391815e+01
  6.576000e-01  1.108850e+02
  6.406000e-01  1.334865e+02
  6.240000e-01  3.619680e+01
  6.078000e-01  2.860425e+01
  5.921000e-01  3.460765e+01
  5.767000e-01  3.681470e+01
  5.618000e-01  3.699130e+01
  5.472000e-01  3.504910e+01
  5.331000e-01  4.529000e+01
  5.193000e-01  4.988085e+01
  5.058000e-01  4.581980e+01
  4.927000e-01  4.811535e+01
  4.799000e-01  5.102860e+01
  4.675000e-01  4.996920e+01
  4.554000e-01  4.705590e+01
  4.436000e-01  6.012190e+01
  4.321000e-01  6.356500e+01
  4.209000e-01  6.427120e+01
  4.100000e-01  6.294705e+01
  3.994000e-01  9.110980e+01
  3.891000e-01  9.940845e+01
  3.790000e-01  9.614295e+01
  3.692000e-01  7.495360e+01
  3.596000e-01  7.866161e+01
  3.503000e-01  8.069245e+01
  3.412000e-01  7.592485e+01
  3.324000e-01  8.104535e+01
  3.238000e-01  8.042720e+01
  3.154000e-01  9.216945e+01
  3.072000e-01  9.817255e+01
  2.992000e-01  1.284540e+02
  2.915000e-01  1.470830e+02
  2.839000e-01  1.785115e+02
  2.766000e-01  1.484940e+02
  2.694000e-01  1.735680e+02
  2.624000e-01  1.662405e+02
  2.556000e-01  1.445225e+02
  2.490000e-01  1.359570e+02
  2.426000e-01  1.225385e+02
  2.363000e-01  1.212155e+02
  2.302000e-01  1.032055e+02
  2.242000e-01  1.041759e+02
  2.184000e-01  9.605380e+01
  2.127000e-01  8.987375e+01
  2.072000e-01  8.731329e+01
  2.019000e-01  7.733765e+01
  1.966000e-01  7.045115e+01
  1.915000e-01  7.265840e+01
  1.866000e-01  6.285875e+01
  1.817000e-01  6.842060e+01
  1.770000e-01  6.197590e+01
  1.725000e-01  5.323560e+01
  1.680000e-01  5.367710e+01
  1.636000e-01  5.288250e+01
  1.594000e-01  4.846830e+01
  1.553000e-01  4.449545e+01
  1.512000e-01  3.981645e+01
  1.473000e-01  3.963990e+01
  1.435000e-01  4.158205e+01
  1.398000e-01  3.469600e+01
  1.362000e-01  3.337170e+01
  1.326000e-01  3.081135e+01
  1.292000e-01  2.966380e+01
  1.259000e-01  2.975205e+01
  1.226000e-01  2.913395e+01
  1.194000e-01  2.692690e+01
  1.163000e-01  2.436670e+01
  1.133000e-01  2.357205e+01
  1.104000e-01  2.604395e+01
  1.075000e-01  2.171795e+01
  1.047000e-01  1.836340e+01
  1.020000e-01  1.677420e+01
  9.940000e-02  1.783360e+01
  9.680000e-02  1.333105e+01
  9.430000e-02  1.403730e+01
  9.190000e-02  9.446495e+00
  8.950000e-02  8.916840e+00
  8.720000e-02  7.327615e+00
  8.490000e-02  6.974510e+00
  8.270000e-02  6.444785e+00
  8.060000e-02  4.237670e+00
  7.850000e-02  4.149385e+00
  7.640000e-02  3.707955e+00
  7.450000e-02  3.531400e+00
  7.250000e-02  1.853985e+00
  7.070000e-02  1.677415e+00
  6.880000e-02  1.500845e+00
  6.700000e-02  1.235980e+00
  6.530000e-02  7.945650e-01
  6.360000e-02  1.147705e+00
  6.200000e-02  7.945650e-01
  6.040000e-02  4.414250e-01
  5.880000e-02  6.179950e-01
  5.730000e-02  7.062800e-01
  5.580000e-02  5.297100e-01
  5.430000e-02  1.765700e-01
  5.290000e-02  6.179950e-01
  5.160000e-02  2.648550e-01
  5.020000e-02  2.648550e-01
  4.890000e-02  1.765700e-01
  4.770000e-02  1.765700e-01
  4.640000e-02  2.648550e-01
  4.520000e-02  8.828500e-02
  4.410000e-02  8.828500e-02
  4.290000e-02  1.765700e-01
  4.180000e-02  8.828500e-02
  4.070000e-02  4.414250e-01
  3.970000e-02  1.765700e-01
  3.860000e-02  1.765700e-01
  3.760000e-02  8.828500e-02
  3.670000e-02  1.765700e-01
  3.570000e-02  1.765700e-01
  3.480000e-02  8.828500e-02
  3.390000e-02  8.828500e-02
  3.300000e-02  5.297100e-01
  3.220000e-02  8.828500e-02
  3.130000e-02  2.648550e-01
  3.050000e-02  8.828500e-02
  2.970000e-02  8.828500e-02
  2.890000e-02  2.648550e-01
  2.820000e-02  8.828500e-02
  2.750000e-02  2.648550e-01
  2.680000e-02  8.828500e-02
  2.610000e-02  4.414250e-01
  2.540000e-02  1.765700e-01
  2.470000e-02  8.828500e-02
  2.410000e-02  3.531400e-01
  2.350000e-02  3.531400e-01
  2.290000e-02  0.000000e+00
  2.230000e-02  1.765700e-01
  2.170000e-02  1.765700e-01
  2.110000e-02  2.648550e-01
  2.060000e-02  2.648550e-01
  2.000000e-02  0.000000e+00
  1.950000e-02  2.648550e-01
  1.900000e-02  0.000000e+00
  1.850000e-02  8.828500e-02
  1.800000e-02  2.648550e-01
  1.760000e-02  0.000000e+00
  1.710000e-02  0.000000e+00
  1.670000e-02  1.765700e-01
  1.630000e-02  0.000000e+00
  1.580000e-02  0.000000e+00
  1.540000e-02  0.000000e+00
  1.500000e-02  0.000000e+00
  1.460000e-02  8.828500e-02
  1.430000e-02  0.000000e+00
  1.390000e-02  8.828500e-02
  1.350000e-02  0.000000e+00
  1.320000e-02  0.000000e+00
  1.280000e-02  0.000000e+00
  1.250000e-02  0.000000e+00
  1.220000e-02  0.000000e+00
  1.190000e-02  0.000000e+00
  1.160000e-02  0.000000e+00
  1.130000e-02  0.000000e+00
  1.100000e-02  8.828500e-02
  1.070000e-02  0.000000e+00
  1.040000e-02  1.765700e-01
  1.010000e-02  5.120535e+00
