  4.934820e+03  7.586750e-03
  4.806990e+03  1.167180e-03
  4.682470e+03  1.458985e-03
  4.561180e+03  1.750780e-03
  4.443030e+03  1.167190e-03
  4.327940e+03  8.753850e-04
  4.215830e+03  1.458985e-03
  4.106630e+03  2.626175e-03
  4.000250e+03  2.042585e-03
  3.896630e+03  1.458975e-03
  3.795700e+03  1.458990e-03
  3.697380e+03  1.750780e-03
  3.601600e+03  4.668750e-03
  3.508310e+03  2.626155e-03
  3.417430e+03  3.793385e-03
  3.328910e+03  2.626165e-03
  3.242680e+03  2.334380e-03
  3.158680e+03  2.334380e-03
  3.076860e+03  5.252365e-03
  2.997160e+03  5.252380e-03
  2.919530e+03  4.085165e-03
  2.843900e+03  4.376935e-03
  2.770230e+03  5.544155e-03
  2.698480e+03  7.294930e-03
  2.628580e+03  9.045775e-03
  2.560490e+03  7.878580e-03
  2.494160e+03  7.878561e-03
  2.429550e+03  1.079660e-02
  2.366620e+03  1.225560e-02
  2.305320e+03  1.283920e-02
  2.245600e+03  1.575715e-02
  2.187430e+03  1.371460e-02
  2.130770e+03  1.575720e-02
  2.075580e+03  2.480285e-02
  2.021810e+03  1.896700e-02
  1.969440e+03  2.246845e-02
  1.918430e+03  2.100955e-02
  1.868730e+03  2.538645e-02
  1.820330e+03  3.297310e-02
  1.773170e+03  2.976340e-02
  1.727240e+03  3.822535e-02
  1.682500e+03  3.530740e-02
  1.638920e+03  4.289410e-02
  1.596470e+03  4.785440e-02
  1.555110e+03  5.193955e-02
  1.514830e+03  4.814645e-02
  1.475590e+03  5.660825e-02
  1.437370e+03  6.477895e-02
  1.400140e+03  8.257870e-02
  1.363870e+03  7.674220e-02
  1.328540e+03  8.666380e-02
  1.294120e+03  8.812250e-02
  1.260600e+03  9.600174e-02
  1.227950e+03  9.950235e-02
  1.196140e+03  1.248880e-01
  1.165160e+03  1.321840e-01
  1.134980e+03  1.584450e-01
  1.105580e+03  1.613630e-01
  1.076940e+03  1.771215e-01
  1.049040e+03  1.963790e-01
  1.021870e+03  2.124285e-01
  9.953980e+02  2.372300e-01
  9.696140e+02  2.611580e-01
  9.444970e+02  2.745810e-01
  9.200320e+02  3.343990e-01
  8.962000e+02  3.519065e-01
  8.729850e+02  4.152255e-01
  8.503720e+02  4.321500e-01
  8.283450e+02  5.106440e-01
  8.068880e+02  5.821330e-01
  7.859870e+02  6.221095e-01
  7.656270e+02  6.979765e-01
  7.457950e+02  7.639225e-01
  7.264760e+02  8.546720e-01
  7.076580e+02  9.664330e-01
  6.893270e+02  1.038805e+00
  6.714710e+02  1.184695e+00
  6.540780e+02  1.315130e+00
  6.371350e+02  1.424840e+00
  6.206310e+02  1.621800e+00
  6.045550e+02  1.800085e+00
  5.888950e+02  1.989185e+00
  5.736410e+02  2.174170e+00
  5.587810e+02  2.414615e+00
  5.443070e+02  2.634040e+00
  5.302080e+02  2.957055e+00
  5.164740e+02  3.280385e+00
  5.030950e+02  3.576555e+00
  4.900630e+02  4.002275e+00
  4.773690e+02  4.379850e+00
  4.650040e+02  4.788080e+00
  4.529580e+02  5.293480e+00
  4.412250e+02  5.826590e+00
  4.297960e+02  6.360570e+00
  4.186630e+02  6.933660e+00
  4.078180e+02  7.586120e+00
  3.972540e+02  8.464125e+00
  3.869640e+02  9.241770e+00
  3.769400e+02  1.011920e+01
  3.671770e+02  1.106380e+01
  3.576650e+02  1.209850e+01
  3.484010e+02  1.328955e+01
  3.393760e+02  1.430410e+01
  3.305850e+02  1.556965e+01
  3.220220e+02  1.683600e+01
  3.136800e+02  1.833035e+01
  3.055550e+02  1.969710e+01
  2.976400e+02  2.114825e+01
  2.899300e+02  2.307500e+01
  2.824200e+02  2.491195e+01
  2.751040e+02  2.675745e+01
  2.679780e+02  2.888105e+01
  2.610370e+02  3.118590e+01
  2.542750e+02  3.335985e+01
  2.476890e+02  3.602695e+01
  2.412730e+02  3.890670e+01
  2.350230e+02  4.162785e+01
  2.289350e+02  4.466995e+01
  2.230050e+02  4.770605e+01
  2.172280e+02  5.118420e+01
  2.116010e+02  5.439480e+01
  2.061200e+02  5.776070e+01
  2.007810e+02  6.144445e+01
  1.955800e+02  6.565450e+01
  1.905140e+02  7.000395e+01
  1.855790e+02  7.523445e+01
  1.807720e+02  7.965385e+01
  1.760890e+02  8.452980e+01
  1.715280e+02  8.914925e+01
  1.670850e+02  9.389045e+01
  1.627570e+02  9.876210e+01
  1.585410e+02  1.032985e+02
  1.544340e+02  1.076540e+02
  1.504340e+02  1.121080e+02
  1.465370e+02  1.167160e+02
  1.427410e+02  1.213200e+02
  1.390440e+02  1.258680e+02
  1.354420e+02  1.300880e+02
  1.319340e+02  1.343645e+02
  1.285160e+02  1.387255e+02
  1.251870e+02  1.427780e+02
  1.219440e+02  1.466810e+02
  1.187850e+02  1.509515e+02
  1.157090e+02  1.552415e+02
  1.127110e+02  1.595650e+02
  1.097920e+02  1.640745e+02
  1.069480e+02  1.687140e+02
  1.041770e+02  1.740350e+02
  1.014790e+02  1.787415e+02
  9.885030e+01  1.836385e+02
  9.628970e+01  1.887810e+02
  9.379550e+01  1.939175e+02
  9.136590e+01  1.983415e+02
  8.899920e+01  2.039570e+02
  8.669380e+01  2.095190e+02
  8.444820e+01  2.148660e+02
  8.226070e+01  2.201010e+02
  8.012980e+01  2.259095e+02
  7.805420e+01  2.313745e+02
  7.603240e+01  2.369380e+02
  7.406290e+01  2.424985e+02
  7.214440e+01  2.475035e+02
  7.027560e+01  2.533430e+02
  6.845520e+01  2.587460e+02
  6.668200e+01  2.630315e+02
  6.495470e+01  2.674260e+02
  6.327220e+01  2.699110e+02
  6.163320e+01  2.714260e+02
  6.003670e+01  2.719265e+02
  5.848160e+01  2.720445e+02
  5.696670e+01  2.713400e+02
  5.549110e+01  2.716140e+02
  5.405370e+01  2.716100e+02
  5.265350e+01  2.721255e+02
  5.128960e+01  2.719260e+02
  4.996100e+01  2.721605e+02
  4.866690e+01  2.699310e+02
  4.740620e+01  2.673290e+02
  4.617830e+01  2.642590e+02
  4.498210e+01  2.588885e+02
  4.381690e+01  2.558865e+02
  4.268190e+01  2.517330e+02
  4.157630e+01  2.480360e+02
  4.049930e+01  2.426835e+02
  3.945030e+01  2.394385e+02
  3.842840e+01  2.358670e+02
  3.743290e+01  2.321100e+02
  3.646330e+01  2.287360e+02
  3.551880e+01  2.261040e+02
  3.459870e+01  2.232005e+02
  3.370250e+01  2.191420e+02
  3.282950e+01  2.157770e+02
  3.197910e+01  2.130965e+02
  3.115070e+01  2.100070e+02
  3.034380e+01  2.069355e+02
  2.955780e+01  2.035015e+02
  2.879220e+01  2.008090e+02
  2.804640e+01  1.975840e+02
  2.731990e+01  1.945915e+02
  2.661220e+01  1.911855e+02
  2.592290e+01  1.882890e+02
  2.525140e+01  1.851255e+02
  2.459730e+01  1.821040e+02
  2.396010e+01  1.787305e+02
  2.333950e+01  1.754115e+02
  2.273490e+01  1.727225e+02
  2.214600e+01  1.697965e+02
  2.157230e+01  1.661665e+02
  2.101350e+01  1.632190e+02
  2.046920e+01  1.604305e+02
  1.993900e+01  1.574200e+02
  1.942250e+01  1.559310e+02
  1.891940e+01  1.542415e+02
  1.842930e+01  1.552295e+02
  1.795200e+01  1.559970e+02
  1.748690e+01  1.590265e+02
  1.703400e+01  1.620180e+02
  1.659270e+01  1.664610e+02
  1.616290e+01  1.717545e+02
  1.574430e+01  1.762020e+02
  1.533640e+01  1.809600e+02
  1.493920e+01  1.860075e+02
  1.455220e+01  1.892000e+02
  1.417520e+01  1.897715e+02
  1.380800e+01  1.864010e+02
  1.345040e+01  1.811815e+02
  1.310200e+01  1.753545e+02
  1.276260e+01  1.705290e+02
  1.243200e+01  1.671515e+02
  1.211000e+01  1.653325e+02
  1.179630e+01  1.638240e+02
  1.149070e+01  1.637205e+02
  1.119310e+01  1.653520e+02
  1.090310e+01  1.678620e+02
  1.062070e+01  1.698365e+02
  1.034560e+01  1.717245e+02
  1.007760e+01  1.746345e+02
  9.816600e+00  1.772515e+02
  9.562300e+00  1.782885e+02
  9.314600e+00  1.806185e+02
  9.073300e+00  1.845935e+02
  8.838300e+00  1.868250e+02
  8.609300e+00  1.907285e+02
  8.386300e+00  1.955055e+02
  8.169100e+00  2.010345e+02
  7.957500e+00  2.107420e+02
  7.751400e+00  2.146300e+02
  7.550600e+00  2.251760e+02
  7.355000e+00  2.263865e+02
  7.164500e+00  2.243560e+02
  6.978900e+00  2.213005e+02
  6.798100e+00  2.176360e+02
  6.622000e+00  2.141975e+02
  6.450500e+00  2.129325e+02
  6.283400e+00  2.116555e+02
  6.120600e+00  2.084300e+02
  5.962100e+00  2.054975e+02
  5.807600e+00  2.040645e+02
  5.657200e+00  2.028170e+02
  5.510700e+00  2.026150e+02
  5.367900e+00  2.058495e+02
  5.228900e+00  2.016695e+02
  5.093400e+00  1.972240e+02
  4.961500e+00  1.938160e+02
  4.833000e+00  2.058765e+02
  4.707800e+00  2.243840e+02
  4.585800e+00  1.957550e+02
  4.467100e+00  1.888000e+02
  4.351300e+00  1.908410e+02
  4.238600e+00  1.938295e+02
  4.128800e+00  1.951200e+02
  4.021900e+00  2.989970e+02
  3.917700e+00  2.214515e+02
  3.816200e+00  1.726440e+02
  3.717400e+00  1.691790e+02
  3.621100e+00  1.682910e+02
  3.527300e+00  1.667795e+02
  3.435900e+00  1.651645e+02
  3.346900e+00  1.627850e+02
  3.260200e+00  1.622940e+02
  3.175800e+00  1.636840e+02
  3.093500e+00  1.594505e+02
  3.013400e+00  1.580875e+02
  2.935300e+00  1.574735e+02
  2.859300e+00  1.507865e+02
  2.785200e+00  1.486275e+02
  2.713100e+00  1.445310e+02
  2.642800e+00  1.388985e+02
  2.574300e+00  1.461090e+02
  2.507600e+00  1.411755e+02
  2.442700e+00  1.477745e+02
  2.379400e+00  1.526735e+02
  2.317800e+00  1.446660e+02
  2.257700e+00  1.398395e+02
  2.199300e+00  1.636290e+02
  2.142300e+00  1.514510e+02
  2.086800e+00  1.519640e+02
  2.032700e+00  1.579750e+02
  1.980100e+00  1.683115e+02
  1.928800e+00  1.073425e+02
  1.878800e+00  9.805760e+01
  1.830200e+00  1.217870e+02
  1.782800e+00  2.539975e+02
  1.736600e+00  1.750880e+02
  1.691600e+00  1.540770e+02
  1.647800e+00  1.525590e+02
  1.605100e+00  1.540535e+02
  1.563500e+00  1.511595e+02
  1.523000e+00  1.510550e+02
  1.483600e+00  1.498990e+02
  1.445100e+00  1.417055e+02
  1.407700e+00  1.372480e+02
  1.371200e+00  1.272910e+02
  1.335700e+00  1.440275e+02
  1.301100e+00  1.207950e+02
  1.267400e+00  8.931070e+01
  1.234600e+00  1.246275e+02
  1.202600e+00  1.465095e+02
  1.171500e+00  1.209625e+02
  1.141100e+00  1.512580e+02
  1.111600e+00  1.216870e+02
  1.082800e+00  1.047675e+02
  1.054700e+00  1.392265e+02
  1.027400e+00  1.269600e+02
  1.000800e+00  1.182575e+02
  9.749000e-01  1.122760e+02
  9.496000e-01  1.302290e+02
  9.250000e-01  1.296025e+02
  9.010000e-01  1.317965e+02
  8.777000e-01  1.311445e+02
  8.550000e-01  1.422320e+02
  8.328000e-01  1.377635e+02
  8.113000e-01  1.548560e+02
  7.902000e-01  1.535380e+02
  7.698000e-01  1.443490e+02
  7.498000e-01  1.623805e+02
  7.304000e-01  1.557565e+02
  7.115000e-01  1.477590e+02
  6.931000e-01  1.749505e+02
  6.751000e-01  2.642585e+02
  6.576000e-01  3.795255e+02
  6.406000e-01  4.905180e+02
  6.240000e-01  1.740250e+02
  6.078000e-01  1.627015e+02
  5.921000e-01  1.650280e+02
  5.767000e-01  1.620340e+02
  5.618000e-01  1.612015e+02
  5.472000e-01  1.543320e+02
  5.331000e-01  1.824840e+02
  5.193000e-01  1.707750e+02
  5.058000e-01  1.903920e+02
  4.927000e-01  1.923415e+02
  4.799000e-01  1.730080e+02
  4.675000e-01  1.608095e+02
  4.554000e-01  1.553630e+02
  4.436000e-01  1.555905e+02
  4.321000e-01  1.332695e+02
  4.209000e-01  1.499125e+02
  4.100000e-01  1.500565e+02
  3.994000e-01  2.097890e+02
  3.891000e-01  1.631565e+02
  3.790000e-01  1.686355e+02
  3.692000e-01  1.517595e+02
  3.596000e-01  1.420885e+02
  3.503000e-01  1.366345e+02
  3.412000e-01  1.315665e+02
  3.324000e-01  1.319510e+02
  3.238000e-01  1.237830e+02
  3.154000e-01  1.171930e+02
  3.072000e-01  1.150610e+02
  2.992000e-01  1.326350e+02
  2.915000e-01  1.426740e+02
  2.839000e-01  1.448455e+02
  2.766000e-01  1.357870e+02
  2.694000e-01  1.296435e+02
  2.624000e-01  1.160175e+02
  2.556000e-01  1.069290e+02
  2.490000e-01  9.883580e+01
  2.426000e-01  9.050290e+01
  2.363000e-01  8.380505e+01
  2.302000e-01  7.698344e+01
  2.242000e-01  7.056040e+01
  2.184000e-01  6.514355e+01
  2.127000e-01  5.960170e+01
  2.072000e-01  5.439845e+01
  2.019000e-01  4.941750e+01
  1.966000e-01  4.545285e+01
  1.915000e-01  4.140410e+01
  1.866000e-01  3.764095e+01
  1.817000e-01  3.460070e+01
  1.770000e-01  3.118100e+01
  1.725000e-01  2.815625e+01
  1.680000e-01  2.557940e+01
  1.636000e-01  2.283425e+01
  1.594000e-01  2.027060e+01
  1.553000e-01  1.787665e+01
  1.512000e-01  1.591160e+01
  1.473000e-01  1.391255e+01
  1.435000e-01  1.215420e+01
  1.398000e-01  1.061925e+01
  1.362000e-01  9.108416e+00
  1.326000e-01  7.829185e+00
  1.292000e-01  6.648575e+00
  1.259000e-01  5.772605e+00
  1.226000e-01  4.873290e+00
  1.194000e-01  4.190195e+00
  1.163000e-01  3.580920e+00
  1.133000e-01  3.111710e+00
  1.104000e-01  2.624995e+00
  1.075000e-01  2.225245e+00
  1.047000e-01  1.982170e+00
  1.020000e-01  1.728885e+00
  9.940000e-02  1.529015e+00
  9.680000e-02  1.369395e+00
  9.430000e-02  1.308130e+00
  9.190000e-02  1.163670e+00
  8.950000e-02  1.075570e+00
  8.720000e-02  1.021580e+00
  8.490000e-02  9.594180e-01
  8.270000e-02  9.352075e-01
  8.060000e-02  9.104050e-01
  7.850000e-02  8.873525e-01
  7.640000e-02  8.540865e-01
  7.450000e-02  8.812250e-01
  7.250000e-02  8.692640e-01
  7.070000e-02  8.815165e-01
  6.880000e-02  8.435840e-01
  6.700000e-02  8.818095e-01
  6.530000e-02  8.905630e-01
  6.360000e-02  8.756810e-01
  6.200000e-02  8.500030e-01
  6.040000e-02  8.899781e-01
  5.880000e-02  9.080695e-01
  5.730000e-02  8.707200e-01
  5.580000e-02  8.739320e-01
  5.430000e-02  8.783040e-01
  5.290000e-02  8.610885e-01
  5.160000e-02  8.526280e-01
  5.020000e-02  8.415405e-01
  4.890000e-02  8.581725e-01
  4.770000e-02  8.272425e-01
  4.640000e-02  8.269510e-01
  4.520000e-02  8.085670e-01
  4.410000e-02  8.114855e-01
  4.290000e-02  7.869735e-01
  4.180000e-02  7.814310e-01
  4.070000e-02  7.586700e-01
  3.970000e-02  7.224870e-01
  3.860000e-02  7.175260e-01
  3.760000e-02  6.766745e-01
  3.670000e-02  6.892225e-01
  3.570000e-02  6.804685e-01
  3.480000e-02  6.469130e-01
  3.390000e-02  5.952640e-01
  3.300000e-02  6.206510e-01
  3.220000e-02  5.777560e-01
  3.130000e-02  5.552885e-01
  3.050000e-02  5.036385e-01
  2.970000e-02  4.878830e-01
  2.890000e-02  4.765030e-01
  2.820000e-02  4.248550e-01
  2.750000e-02  4.076395e-01
  2.680000e-02  3.880895e-01
  2.610000e-02  3.510310e-01
  2.540000e-02  3.460695e-01
  2.470000e-02  3.224355e-01
  2.410000e-02  2.923795e-01
  2.350000e-02  2.661185e-01
  2.290000e-02  2.547395e-01
  2.230000e-02  2.334385e-01
  2.170000e-02  2.226420e-01
  2.110000e-02  1.966705e-01
  2.060000e-02  1.674910e-01
  2.000000e-02  1.482330e-01
  1.950000e-02  1.342265e-01
  1.900000e-02  1.143835e-01
  1.850000e-02  1.006694e-01
  1.800000e-02  1.003779e-01
  1.760000e-02  8.316199e-02
  1.710000e-02  7.528315e-02
  1.670000e-02  5.631670e-02
  1.630000e-02  5.106420e-02
  1.580000e-02  4.318585e-02
  1.540000e-02  3.997615e-02
  1.500000e-02  2.976340e-02
  1.460000e-02  2.655360e-02
  1.430000e-02  2.130135e-02
  1.390000e-02  1.867515e-02
  1.350000e-02  1.575720e-02
  1.320000e-02  1.313100e-02
  1.280000e-02  1.138020e-02
  1.250000e-02  5.544155e-03
  1.220000e-02  8.170379e-03
  1.190000e-02  4.960545e-03
  1.160000e-02  3.209765e-03
  1.130000e-02  2.917970e-03
  1.100000e-02  3.501575e-03
  1.070000e-02  3.501570e-03
  1.040000e-02  1.750780e-03
  1.010000e-02  8.753975e-03
