  4.934820e+03  2.398950e-02
  4.806990e+03  0.000000e+00
  4.682470e+03  0.000000e+00
  4.561180e+03  0.000000e+00
  4.443030e+03  0.000000e+00
  4.327940e+03  0.000000e+00
  4.215830e+03  0.000000e+00
  4.106630e+03  0.000000e+00
  4.000250e+03  0.000000e+00
  3.896630e+03  4.797900e-02
  3.795700e+03  0.000000e+00
  3.697380e+03  0.000000e+00
  3.601600e+03  0.000000e+00
  3.508310e+03  0.000000e+00
  3.417430e+03  0.000000e+00
  3.328910e+03  0.000000e+00
  3.242680e+03  0.000000e+00
  3.158680e+03  4.797900e-02
  3.076860e+03  0.000000e+00
  2.997160e+03  2.398950e-02
  2.919530e+03  0.000000e+00
  2.843900e+03  0.000000e+00
  2.770230e+03  2.398950e-02
  2.698480e+03  2.398950e-02
  2.628580e+03  2.398950e-02
  2.560490e+03  4.797900e-02
  2.494160e+03  2.398950e-02
  2.429550e+03  0.000000e+00
  2.366620e+03  0.000000e+00
  2.305320e+03  0.000000e+00
  2.245600e+03  2.398950e-02
  2.187430e+03  0.000000e+00
  2.130770e+03  4.797900e-02
  2.075580e+03  7.196850e-02
  2.021810e+03  2.398950e-02
  1.969440e+03  1.199475e-01
  1.918430e+03  4.797900e-02
  1.868730e+03  2.398950e-02
  1.820330e+03  0.000000e+00
  1.773170e+03  1.439370e-01
  1.727240e+03  4.797900e-02
  1.682500e+03  4.797900e-02
  1.638920e+03  1.199475e-01
  1.596470e+03  1.439370e-01
  1.555110e+03  7.196850e-02
  1.514830e+03  1.439370e-01
  1.475590e+03  9.595800e-02
  1.437370e+03  1.439370e-01
  1.400140e+03  9.595800e-02
  1.363870e+03  2.398950e-01
  1.328540e+03  9.595800e-02
  1.294120e+03  9.595800e-02
  1.260600e+03  1.199475e-01
  1.227950e+03  1.679265e-01
  1.196140e+03  1.679265e-01
  1.165160e+03  2.398950e-01
  1.134980e+03  3.118635e-01
  1.105580e+03  3.358530e-01
  1.076940e+03  2.878740e-01
  1.049040e+03  3.838320e-01
  1.021870e+03  2.398950e-01
  9.953980e+02  3.838355e-01
  9.696140e+02  3.598425e-01
  9.444970e+02  6.237305e-01
  9.200320e+02  4.558005e-01
  8.962000e+02  5.757530e-01
  8.729850e+02  7.916620e-01
  8.503720e+02  9.116125e-01
  8.283450e+02  1.007571e+00
  8.068880e+02  1.151512e+00
  7.859870e+02  1.175500e+00
  7.656270e+02  1.391410e+00
  7.457950e+02  1.487365e+00
  7.264760e+02  1.559345e+00
  7.076580e+02  1.703285e+00
  6.893270e+02  2.398980e+00
  6.714710e+02  2.638865e+00
  6.540780e+02  2.926735e+00
  6.371350e+02  2.470955e+00
  6.206310e+02  3.190615e+00
  6.045550e+02  3.958270e+00
  5.888950e+02  4.534020e+00
  5.736410e+02  4.534030e+00
  5.587810e+02  5.397655e+00
  5.443070e+02  5.733510e+00
  5.302080e+02  7.172915e+00
  5.164740e+02  8.060535e+00
  5.030950e+02  8.060511e+00
  4.900630e+02  9.739835e+00
  4.773690e+02  1.074745e+01
  4.650040e+02  1.209075e+01
  4.529580e+02  1.396195e+01
  4.412250e+02  1.564120e+01
  4.297960e+02  1.732065e+01
  4.186630e+02  1.849600e+01
  4.078180e+02  1.955150e+01
  3.972540e+02  2.317395e+01
  3.869640e+02  2.482925e+01
  3.769400e+02  2.895555e+01
  3.671770e+02  3.281780e+01
  3.576650e+02  3.478495e+01
  3.484010e+02  4.044640e+01
  3.393760e+02  4.366105e+01
  3.305850e+02  4.956240e+01
  3.220220e+02  5.263330e+01
  3.136800e+02  6.138935e+01
  3.055550e+02  6.825045e+01
  2.976400e+02  7.638295e+01
  2.899300e+02  8.384370e+01
  2.824200e+02  9.396785e+01
  2.751040e+02  1.005394e+02
  2.679780e+02  1.174060e+02
  2.610370e+02  1.278160e+02
  2.542750e+02  1.379650e+02
  2.476890e+02  1.510385e+02
  2.412730e+02  1.677825e+02
  2.350230e+02  1.871915e+02
  2.289350e+02  2.122605e+02
  2.230050e+02  2.318120e+02
  2.172280e+02  2.591360e+02
  2.116010e+02  2.809910e+02
  2.061200e+02  3.107140e+02
  2.007810e+02  3.336715e+02
  1.955800e+02  3.724390e+02
  1.905140e+02  4.119740e+02
  1.855790e+02  4.563300e+02
  1.807720e+02  5.027745e+02
  1.760890e+02  5.576870e+02
  1.715280e+02  6.097450e+02
  1.670850e+02  6.537160e+02
  1.627570e+02  7.229520e+02
  1.585410e+02  7.752000e+02
  1.544340e+02  8.403325e+02
  1.504340e+02  9.158040e+02
  1.465370e+02  9.850125e+02
  1.427410e+02  1.063495e+03
  1.390440e+02  1.137000e+03
  1.354420e+02  1.218440e+03
  1.319340e+02  1.288810e+03
  1.285160e+02  1.392055e+03
  1.251870e+02  1.476025e+03
  1.219440e+02  1.567810e+03
  1.187850e+02  1.667850e+03
  1.157090e+02  1.779480e+03
  1.127110e+02  1.882915e+03
  1.097920e+02  1.989705e+03
  1.069480e+02  2.112515e+03
  1.041770e+02  2.239075e+03
  1.014790e+02  2.382315e+03
  9.885030e+01  2.507775e+03
  9.628970e+01  2.643655e+03
  9.379550e+01  2.783340e+03
  9.136590e+01  2.937195e+03
  8.899920e+01  3.094125e+03
  8.669380e+01  3.243835e+03
  8.444820e+01  3.426245e+03
  8.226070e+01  3.585220e+03
  8.012980e+01  3.770445e+03
  7.805420e+01  3.943530e+03
  7.603240e+01  4.123460e+03
  7.406290e+01  4.336770e+03
  7.214440e+01  4.531210e+03
  7.027560e+01  4.719145e+03
  6.845520e+01  4.922480e+03
  6.668200e+01  5.127470e+03
  6.495470e+01  5.310450e+03
  6.327220e+01  5.434385e+03
  6.163320e+01  5.546650e+03
  6.003670e+01  5.645180e+03
  5.848160e+01  5.724735e+03
  5.696670e+01  5.790015e+03
  5.549110e+01  5.832620e+03
  5.405370e+01  5.943335e+03
  5.265350e+01  6.064285e+03
  5.128960e+01  6.166820e+03
  4.996100e+01  6.316155e+03
  4.866690e+01  6.443780e+03
  4.740620e+01  6.546835e+03
  4.617830e+01  6.649345e+03
  4.498210e+01  6.665175e+03
  4.381690e+01  6.636005e+03
  4.268190e+01  6.528020e+03
  4.157630e+01  6.432795e+03
  4.049930e+01  6.312770e+03
  3.945030e+01  6.183445e+03
  3.842840e+01  6.066965e+03
  3.743290e+01  5.917330e+03
  3.646330e+01  5.748370e+03
  3.551880e+01  5.633315e+03
  3.459870e+01  5.540355e+03
  3.370250e+01  5.404000e+03
  3.282950e+01  5.279515e+03
  3.197910e+01  5.178260e+03
  3.115070e+01  5.012655e+03
  3.034380e+01  4.917680e+03
  2.955780e+01  4.792590e+03
  2.879220e+01  4.675810e+03
  2.804640e+01  4.534050e+03
  2.731990e+01  4.399575e+03
  2.661220e+01  4.289000e+03
  2.592290e+01  4.126690e+03
  2.525140e+01  3.971700e+03
  2.459730e+01  3.832495e+03
  2.396010e+01  3.694605e+03
  2.333950e+01  3.522860e+03
  2.273490e+01  3.375965e+03
  2.214600e+01  3.203045e+03
  2.157230e+01  3.030560e+03
  2.101350e+01  2.841525e+03
  2.046920e+01  2.665505e+03
  1.993900e+01  2.491080e+03
  1.942250e+01  2.326850e+03
  1.891940e+01  2.159470e+03
  1.842930e+01  2.060875e+03
  1.795200e+01  1.947215e+03
  1.748690e+01  1.885500e+03
  1.703400e+01  1.827435e+03
  1.659270e+01  1.771265e+03
  1.616290e+01  1.732925e+03
  1.574430e+01  1.695775e+03
  1.533640e+01  1.632300e+03
  1.493920e+01  1.580775e+03
  1.455220e+01  1.509570e+03
  1.417520e+01  1.392225e+03
  1.380800e+01  1.277350e+03
  1.345040e+01  1.126285e+03
  1.310200e+01  9.539230e+02
  1.276260e+01  7.910805e+02
  1.243200e+01  6.470715e+02
  1.211000e+01  5.213425e+02
  1.179630e+01  4.109175e+02
  1.149070e+01  3.207660e+02
  1.119310e+01  2.583670e+02
  1.090310e+01  2.221675e+02
  1.062070e+01  1.866395e+02
  1.034560e+01  1.575645e+02
  1.007760e+01  1.289195e+02
  9.816600e+00  1.080255e+02
  9.562300e+00  8.549895e+01
  9.314600e+00  8.744220e+01
  9.073300e+00  1.105925e+02
  8.838300e+00  1.362610e+02
  8.609300e+00  1.750285e+02
  8.386300e+00  2.145630e+02
  8.169100e+00  2.613185e+02
  7.957500e+00  3.101390e+02
  7.751400e+00  3.297850e+02
  7.550600e+00  3.427395e+02
  7.355000e+00  3.326635e+02
  7.164500e+00  3.128970e+02
  6.978900e+00  3.013575e+02
  6.798100e+00  2.812060e+02
  6.622000e+00  2.666200e+02
  6.450500e+00  2.514825e+02
  6.283400e+00  2.330595e+02
  6.120600e+00  2.237990e+02
  5.962100e+00  2.182105e+02
  5.807600e+00  2.055660e+02
  5.657200e+00  2.030000e+02
  5.510700e+00  2.051595e+02
  5.367900e+00  2.040320e+02
  5.228900e+00  1.873595e+02
  5.093400e+00  1.839760e+02
  4.961500e+00  1.749555e+02
  4.833000e+00  1.697735e+02
  4.707800e+00  1.677130e+02
  4.585800e+00  1.487595e+02
  4.467100e+00  1.409880e+02
  4.351300e+00  1.359005e+02
  4.238600e+00  1.323750e+02
  4.128800e+00  1.267370e+02
  4.021900e+00  1.395240e+02
  3.917700e+00  1.173820e+02
  3.816200e+00  1.011880e+02
  3.717400e+00  9.243185e+01
  3.621100e+00  8.852196e+01
  3.527300e+00  7.772635e+01
  3.435900e+00  6.700300e+01
  3.346900e+00  5.546405e+01
  3.260200e+00  4.140600e+01
  3.175800e+00  2.497320e+01
  3.093500e+00  1.379410e+01
  3.013400e+00  1.069940e+01
  2.935300e+00  1.151500e+01
  2.859300e+00  1.741660e+01
  2.785200e+00  2.401370e+01
  2.713100e+00  3.372950e+01
  2.642800e+00  3.260195e+01
  2.574300e+00  2.775605e+01
  2.507600e+00  2.689240e+01
  2.442700e+00  2.379760e+01
  2.379400e+00  2.267020e+01
  2.317800e+00  2.055915e+01
  2.257700e+00  1.787225e+01
  2.199300e+00  1.655280e+01
  2.142300e+00  1.456170e+01
  2.086800e+00  1.288245e+01
  2.032700e+00  1.105915e+01
  1.980100e+00  1.206680e+01
  1.928800e+00  9.715750e+00
  1.878800e+00  7.676685e+00
  1.830200e+00  9.259975e+00
  1.782800e+00  1.602505e+01
  1.736600e+00  8.900169e+00
  1.691600e+00  6.837080e+00
  1.647800e+00  5.061800e+00
  1.605100e+00  4.366105e+00
  1.563500e+00  3.766355e+00
  1.523000e+00  3.334555e+00
  1.483600e+00  3.430515e+00
  1.445100e+00  2.998705e+00
  1.407700e+00  2.279025e+00
  1.371200e+00  2.111110e+00
  1.335700e+00  2.183070e+00
  1.301100e+00  2.135095e+00
  1.267400e+00  1.223481e+00
  1.234600e+00  1.463380e+00
  1.202600e+00  1.511365e+00
  1.171500e+00  1.511365e+00
  1.141100e+00  1.199495e+00
  1.111600e+00  1.295450e+00
  1.082800e+00  7.916610e-01
  1.054700e+00  1.415400e+00
  1.027400e+00  9.356015e-01
  1.000800e+00  5.517600e-01
  9.749000e-01  1.007571e+00
  9.496000e-01  5.037810e-01
  9.250000e-01  5.277690e-01
  9.010000e-01  8.156490e-01
  8.777000e-01  8.156520e-01
  8.550000e-01  6.717120e-01
  8.328000e-01  8.396430e-01
  8.113000e-01  7.436815e-01
  7.902000e-01  6.717130e-01
  7.698000e-01  5.757515e-01
  7.498000e-01  6.237310e-01
  7.304000e-01  6.957025e-01
  7.115000e-01  4.558040e-01
  6.931000e-01  7.916615e-01
  6.751000e-01  7.148895e+00
  6.576000e-01  5.565590e+00
  6.406000e-01  1.465760e+01
  6.240000e-01  3.286575e+00
  6.078000e-01  8.156505e-01
  5.921000e-01  6.957025e-01
  5.767000e-01  6.957015e-01
  5.618000e-01  5.277720e-01
  5.472000e-01  8.636315e-01
  5.331000e-01  8.396400e-01
  5.193000e-01  7.916631e-01
  5.058000e-01  6.957020e-01
  4.927000e-01  1.199490e+00
  4.799000e-01  1.247475e+00
  4.675000e-01  8.876215e-01
  4.554000e-01  8.156500e-01
  4.436000e-01  1.079539e+00
  4.321000e-01  1.295445e+00
  4.209000e-01  1.223485e+00
  4.100000e-01  1.007575e+00
  3.994000e-01  1.655300e+00
  3.891000e-01  2.782805e+00
  3.790000e-01  2.782795e+00
  3.692000e-01  8.396425e-01
  3.596000e-01  5.757510e-01
  3.503000e-01  5.277705e-01
  3.412000e-01  3.838320e-01
  3.324000e-01  6.717120e-01
  3.238000e-01  6.477210e-01
  3.154000e-01  4.318110e-01
  3.072000e-01  7.436825e-01
  2.992000e-01  7.196975e-01
  2.915000e-01  1.247470e+00
  2.839000e-01  1.079541e+00
  2.766000e-01  7.436810e-01
  2.694000e-01  1.367410e+00
  2.624000e-01  3.550460e+00
  2.556000e-01  3.286590e+00
  2.490000e-01  1.703280e+00
  2.426000e-01  1.511360e+00
  2.363000e-01  1.583340e+00
  2.302000e-01  1.079540e+00
  2.242000e-01  6.717095e-01
  2.184000e-01  7.436795e-01
  2.127000e-01  7.436820e-01
  2.072000e-01  5.997420e-01
  2.019000e-01  4.797900e-01
  1.966000e-01  5.277705e-01
  1.915000e-01  4.558025e-01
  1.866000e-01  1.127527e+00
  1.817000e-01  4.558035e-01
  1.770000e-01  6.717145e-01
  1.725000e-01  7.916625e-01
  1.680000e-01  6.717105e-01
  1.636000e-01  6.717095e-01
  1.594000e-01  9.116120e-01
  1.553000e-01  6.957005e-01
  1.512000e-01  7.676695e-01
  1.473000e-01  6.477220e-01
  1.435000e-01  8.156515e-01
  1.398000e-01  9.356025e-01
  1.362000e-01  8.156455e-01
  1.326000e-01  6.957010e-01
  1.292000e-01  7.196925e-01
  1.259000e-01  7.916600e-01
  1.226000e-01  1.415395e+00
  1.194000e-01  8.876205e-01
  1.163000e-01  9.595950e-01
  1.133000e-01  8.396425e-01
  1.104000e-01  7.676720e-01
  1.075000e-01  9.355965e-01
  1.047000e-01  9.595900e-01
  1.020000e-01  9.116145e-01
  9.940000e-02  7.676715e-01
  9.680000e-02  9.355965e-01
  9.430000e-02  1.247470e+00
  9.190000e-02  1.271460e+00
  8.950000e-02  1.007570e+00
  8.720000e-02  8.636340e-01
  8.490000e-02  9.116085e-01
  8.270000e-02  7.676695e-01
  8.060000e-02  6.237325e-01
  7.850000e-02  5.757530e-01
  7.640000e-02  9.835811e-01
  7.450000e-02  6.237340e-01
  7.250000e-02  6.957025e-01
  7.070000e-02  6.717090e-01
  6.880000e-02  4.078250e-01
  6.700000e-02  5.517615e-01
  6.530000e-02  5.277735e-01
  6.360000e-02  5.277695e-01
  6.200000e-02  2.638845e-01
  6.040000e-02  1.919160e-01
  5.880000e-02  1.679265e-01
  5.730000e-02  2.398950e-01
  5.580000e-02  1.679280e-01
  5.430000e-02  1.439370e-01
  5.290000e-02  1.439370e-01
  5.160000e-02  4.797900e-02
  5.020000e-02  1.199475e-01
  4.890000e-02  9.595800e-02
  4.770000e-02  9.595800e-02
  4.640000e-02  9.595800e-02
  4.520000e-02  4.797900e-02
  4.410000e-02  9.595800e-02
  4.290000e-02  2.398950e-02
  4.180000e-02  4.797900e-02
  4.070000e-02  0.000000e+00
  3.970000e-02  7.196850e-02
  3.860000e-02  2.398950e-02
  3.760000e-02  2.398950e-02
  3.670000e-02  0.000000e+00
  3.570000e-02  4.797900e-02
  3.480000e-02  0.000000e+00
  3.390000e-02  0.000000e+00
  3.300000e-02  0.000000e+00
  3.220000e-02  0.000000e+00
  3.130000e-02  0.000000e+00
  3.050000e-02  0.000000e+00
  2.970000e-02  0.000000e+00
  2.890000e-02  0.000000e+00
  2.820000e-02  2.398950e-02
  2.750000e-02  4.797900e-02
  2.680000e-02  2.398950e-02
  2.610000e-02  0.000000e+00
  2.540000e-02  0.000000e+00
  2.470000e-02  0.000000e+00
  2.410000e-02  0.000000e+00
  2.350000e-02  2.398950e-02
  2.290000e-02  0.000000e+00
  2.230000e-02  0.000000e+00
  2.170000e-02  2.398950e-02
  2.110000e-02  0.000000e+00
  2.060000e-02  0.000000e+00
  2.000000e-02  0.000000e+00
  1.950000e-02  0.000000e+00
  1.900000e-02  0.000000e+00
  1.850000e-02  0.000000e+00
  1.800000e-02  0.000000e+00
  1.760000e-02  0.000000e+00
  1.710000e-02  0.000000e+00
  1.670000e-02  0.000000e+00
  1.630000e-02  0.000000e+00
  1.580000e-02  0.000000e+00
  1.540000e-02  0.000000e+00
  1.500000e-02  0.000000e+00
  1.460000e-02  0.000000e+00
  1.430000e-02  0.000000e+00
  1.390000e-02  0.000000e+00
  1.350000e-02  0.000000e+00
  1.320000e-02  0.000000e+00
  1.280000e-02  0.000000e+00
  1.250000e-02  0.000000e+00
  1.220000e-02  0.000000e+00
  1.190000e-02  0.000000e+00
  1.160000e-02  0.000000e+00
  1.130000e-02  4.797900e-02
  1.100000e-02  2.159055e-01
  1.070000e-02  0.000000e+00
  1.040000e-02  0.000000e+00
  1.010000e-02  4.797900e-02
