  4.934820e+03  0.000000e+00
  4.806990e+03  0.000000e+00
  4.682470e+03  0.000000e+00
  4.561180e+03  0.000000e+00
  4.443030e+03  0.000000e+00
  4.327940e+03  7.062800e-02
  4.215830e+03  0.000000e+00
  4.106630e+03  0.000000e+00
  4.000250e+03  0.000000e+00
  3.896630e+03  0.000000e+00
  3.795700e+03  3.531400e-02
  3.697380e+03  0.000000e+00
  3.601600e+03  0.000000e+00
  3.508310e+03  3.531400e-02
  3.417430e+03  3.531400e-02
  3.328910e+03  0.000000e+00
  3.242680e+03  7.063000e-02
  3.158680e+03  0.000000e+00
  3.076860e+03  0.000000e+00
  2.997160e+03  3.531400e-02
  2.919530e+03  3.531400e-02
  2.843900e+03  3.531400e-02
  2.770230e+03  3.531400e-02
  2.698480e+03  0.000000e+00
  2.628580e+03  0.000000e+00
  2.560490e+03  3.531400e-02
  2.494160e+03  0.000000e+00
  2.429550e+03  0.000000e+00
  2.366620e+03  0.000000e+00
  2.305320e+03  0.000000e+00
  2.245600e+03  3.531400e-02
  2.187430e+03  1.412580e-01
  2.130770e+03  7.062800e-02
  2.075580e+03  7.063000e-02
  2.021810e+03  1.059420e-01
  1.969440e+03  1.059420e-01
  1.918430e+03  2.472000e-01
  1.868730e+03  1.765700e-01
  1.820330e+03  1.059420e-01
  1.773170e+03  3.531400e-02
  1.727240e+03  1.059420e-01
  1.682500e+03  1.059420e-01
  1.638920e+03  1.412560e-01
  1.596470e+03  1.059440e-01
  1.555110e+03  7.062800e-02
  1.514830e+03  3.178280e-01
  1.475590e+03  3.531420e-01
  1.437370e+03  1.765700e-01
  1.400140e+03  2.471980e-01
  1.363870e+03  1.765700e-01
  1.328540e+03  3.884540e-01
  1.294120e+03  3.531440e-01
  1.260600e+03  3.884560e-01
  1.227950e+03  3.531460e-01
  1.196140e+03  4.590860e-01
  1.165160e+03  3.884600e-01
  1.134980e+03  6.709660e-01
  1.105580e+03  4.237700e-01
  1.076940e+03  3.531440e-01
  1.049040e+03  7.062810e-01
  1.021870e+03  6.709720e-01
  9.953980e+02  6.356540e-01
  9.696140e+02  9.887880e-01
  9.444970e+02  9.887940e-01
  9.200320e+02  1.271305e+00
  8.962000e+02  1.518505e+00
  8.729850e+02  1.624435e+00
  8.503720e+02  1.377245e+00
  8.283450e+02  2.083535e+00
  8.068880e+02  2.118835e+00
  7.859870e+02  2.436670e+00
  7.656270e+02  3.001690e+00
  7.457950e+02  3.531405e+00
  7.264760e+02  2.825110e+00
  7.076580e+02  3.849230e+00
  6.893270e+02  3.955180e+00
  6.714710e+02  4.449590e+00
  6.540780e+02  5.614945e+00
  6.371350e+02  5.862130e+00
  6.206310e+02  6.391835e+00
  6.045550e+02  7.627870e+00
  5.888950e+02  7.839775e+00
  5.736410e+02  8.934484e+00
  5.587810e+02  9.287535e+00
  5.443070e+02  1.077085e+01
  5.302080e+02  1.218345e+01
  5.164740e+02  1.405505e+01
  5.030950e+02  1.518505e+01
  4.900630e+02  1.815150e+01
  4.773690e+02  1.801020e+01
  4.650040e+02  1.991720e+01
  4.529580e+02  2.429610e+01
  4.412250e+02  2.634435e+01
  4.297960e+02  2.899295e+01
  4.186630e+02  3.259490e+01
  4.078180e+02  3.457270e+01
  3.972540e+02  4.046990e+01
  3.869640e+02  4.273015e+01
  3.769400e+02  4.806260e+01
  3.671770e+02  5.720880e+01
  3.576650e+02  6.028120e+01
  3.484010e+02  6.801511e+01
  3.393760e+02  7.779720e+01
  3.305850e+02  8.764951e+01
  3.220220e+02  9.926780e+01
  3.136800e+02  1.068965e+02
  3.055550e+02  1.188675e+02
  2.976400e+02  1.318635e+02
  2.899300e+02  1.443285e+02
  2.824200e+02  1.666125e+02
  2.751040e+02  1.791835e+02
  2.679780e+02  2.007245e+02
  2.610370e+02  2.278125e+02
  2.542750e+02  2.529200e+02
  2.476890e+02  2.786290e+02
  2.412730e+02  3.110820e+02
  2.350230e+02  3.553325e+02
  2.289350e+02  3.989095e+02
  2.230050e+02  4.318925e+02
  2.172280e+02  4.753275e+02
  2.116010e+02  5.285460e+02
  2.061200e+02  5.835310e+02
  2.007810e+02  6.437054e+02
  1.955800e+02  7.295190e+02
  1.905140e+02  8.044210e+02
  1.855790e+02  8.953200e+02
  1.807720e+02  9.969195e+02
  1.760890e+02  1.090400e+03
  1.715280e+02  1.213200e+03
  1.670850e+02  1.334170e+03
  1.627570e+02  1.463775e+03
  1.585410e+02  1.622190e+03
  1.544340e+02  1.753590e+03
  1.504340e+02  1.924015e+03
  1.465370e+02  2.089180e+03
  1.427410e+02  2.284145e+03
  1.390440e+02  2.450900e+03
  1.354420e+02  2.663220e+03
  1.319340e+02  2.866030e+03
  1.285160e+02  3.100255e+03
  1.251870e+02  3.334930e+03
  1.219440e+02  3.574440e+03
  1.187850e+02  3.861780e+03
  1.157090e+02  4.155315e+03
  1.127110e+02  4.434890e+03
  1.097920e+02  4.774220e+03
  1.069480e+02  5.069595e+03
  1.041770e+02  5.448100e+03
  1.014790e+02  5.845060e+03
  9.885030e+01  6.233220e+03
  9.628970e+01  6.638565e+03
  9.379550e+01  7.072610e+03
  9.136590e+01  7.521980e+03
  8.899920e+01  7.978130e+03
  8.669380e+01  8.446475e+03
  8.444820e+01  8.937955e+03
  8.226070e+01  9.443950e+03
  8.012980e+01  9.968085e+03
  7.805420e+01  1.052485e+04
  7.603240e+01  1.107450e+04
  7.406290e+01  1.164560e+04
  7.214440e+01  1.218975e+04
  7.027560e+01  1.271380e+04
  6.845520e+01  1.325180e+04
  6.668200e+01  1.379050e+04
  6.495470e+01  1.426955e+04
  6.327220e+01  1.457085e+04
  6.163320e+01  1.491670e+04
  6.003670e+01  1.510320e+04
  5.848160e+01  1.525680e+04
  5.696670e+01  1.537170e+04
  5.549110e+01  1.544625e+04
  5.405370e+01  1.559765e+04
  5.265350e+01  1.574685e+04
  5.128960e+01  1.585525e+04
  4.996100e+01  1.590385e+04
  4.866690e+01  1.592065e+04
  4.740620e+01  1.581105e+04
  4.617830e+01  1.570500e+04
  4.498210e+01  1.541985e+04
  4.381690e+01  1.515020e+04
  4.268190e+01  1.476075e+04
  4.157630e+01  1.433860e+04
  4.049930e+01  1.395875e+04
  3.945030e+01  1.359220e+04
  3.842840e+01  1.318285e+04
  3.743290e+01  1.275020e+04
  3.646330e+01  1.239725e+04
  3.551880e+01  1.205060e+04
  3.459870e+01  1.168525e+04
  3.370250e+01  1.124900e+04
  3.282950e+01  1.090120e+04
  3.197910e+01  1.049640e+04
  3.115070e+01  1.015475e+04
  3.034380e+01  9.748570e+03
  2.955780e+01  9.428215e+03
  2.879220e+01  9.044160e+03
  2.804640e+01  8.691760e+03
  2.731990e+01  8.286670e+03
  2.661220e+01  7.903645e+03
  2.592290e+01  7.506205e+03
  2.525140e+01  7.101960e+03
  2.459730e+01  6.761745e+03
  2.396010e+01  6.377080e+03
  2.333950e+01  6.011285e+03
  2.273490e+01  5.622680e+03
  2.214600e+01  5.245745e+03
  2.157230e+01  4.863515e+03
  2.101350e+01  4.486210e+03
  2.046920e+01  4.139920e+03
  1.993900e+01  3.808840e+03
  1.942250e+01  3.502500e+03
  1.891940e+01  3.226700e+03
  1.842930e+01  3.088745e+03
  1.795200e+01  2.940750e+03
  1.748690e+01  2.892725e+03
  1.703400e+01  2.817010e+03
  1.659270e+01  2.850945e+03
  1.616290e+01  2.902825e+03
  1.574430e+01  2.908545e+03
  1.533640e+01  2.957345e+03
  1.493920e+01  2.959145e+03
  1.455220e+01  2.912640e+03
  1.417520e+01  2.720210e+03
  1.380800e+01  2.401685e+03
  1.345040e+01  2.013575e+03
  1.310200e+01  1.619380e+03
  1.276260e+01  1.292015e+03
  1.243200e+01  9.976235e+02
  1.211000e+01  7.805830e+02
  1.179630e+01  6.110755e+02
  1.149070e+01  4.866990e+02
  1.119310e+01  3.974260e+02
  1.090310e+01  3.437120e+02
  1.062070e+01  3.065260e+02
  1.034560e+01  2.654570e+02
  1.007760e+01  2.288005e+02
  9.816600e+00  2.013615e+02
  9.562300e+00  1.659415e+02
  9.314600e+00  1.640690e+02
  9.073300e+00  1.803495e+02
  8.838300e+00  2.120615e+02
  8.609300e+00  2.626665e+02
  8.386300e+00  3.640535e+02
  8.169100e+00  5.022015e+02
  7.957500e+00  7.088245e+02
  7.751400e+00  8.339430e+02
  7.550600e+00  1.034955e+03
  7.355000e+00  1.034110e+03
  7.164500e+00  9.649935e+02
  6.978900e+00  8.743430e+02
  6.798100e+00  7.658930e+02
  6.622000e+00  6.676140e+02
  6.450500e+00  5.903820e+02
  6.283400e+00  5.080285e+02
  6.120600e+00  4.377540e+02
  5.962100e+00  3.896575e+02
  5.807600e+00  3.532825e+02
  5.657200e+00  3.257015e+02
  5.510700e+00  2.983345e+02
  5.367900e+00  2.731550e+02
  5.228900e+00  2.391825e+02
  5.093400e+00  2.012190e+02
  4.961500e+00  1.834225e+02
  4.833000e+00  1.634340e+02
  4.707800e+00  1.517090e+02
  4.585800e+00  1.258940e+02
  4.467100e+00  1.173840e+02
  4.351300e+00  1.069665e+02
  4.238600e+00  1.050220e+02
  4.128800e+00  1.028341e+02
  4.021900e+00  1.079190e+02
  3.917700e+00  9.305255e+01
  3.816200e+00  8.175225e+01
  3.717400e+00  7.790315e+01
  3.621100e+00  7.440695e+01
  3.527300e+00  7.098145e+01
  3.435900e+00  6.494260e+01
  3.346900e+00  6.105820e+01
  3.260200e+00  5.011065e+01
  3.175800e+00  4.195310e+01
  3.093500e+00  3.418390e+01
  3.013400e+00  2.602655e+01
  2.935300e+00  3.188860e+01
  2.859300e+00  3.785675e+01
  2.785200e+00  4.364840e+01
  2.713100e+00  5.219430e+01
  2.642800e+00  5.106425e+01
  2.574300e+00  5.448980e+01
  2.507600e+00  5.162925e+01
  2.442700e+00  5.028745e+01
  2.379400e+00  5.099360e+01
  2.317800e+00  4.862760e+01
  2.257700e+00  4.551990e+01
  2.199300e+00  4.566115e+01
  2.142300e+00  4.449585e+01
  2.086800e+00  4.283610e+01
  2.032700e+00  4.297740e+01
  1.980100e+00  4.809780e+01
  1.928800e+00  3.849235e+01
  1.878800e+00  3.545535e+01
  1.830200e+00  4.442525e+01
  1.782800e+00  8.355334e+01
  1.736600e+00  4.936915e+01
  1.691600e+00  3.598505e+01
  1.647800e+00  3.312470e+01
  1.605100e+00  3.287740e+01
  1.563500e+00  3.164140e+01
  1.523000e+00  3.121765e+01
  1.483600e+00  2.902825e+01
  1.445100e+00  2.976985e+01
  1.407700e+00  2.620300e+01
  1.371200e+00  2.457860e+01
  1.335700e+00  2.595590e+01
  1.301100e+00  2.143555e+01
  1.267400e+00  1.864585e+01
  1.234600e+00  2.140030e+01
  1.202600e+00  2.284820e+01
  1.171500e+00  2.228320e+01
  1.141100e+00  2.383705e+01
  1.111600e+00  1.730400e+01
  1.082800e+00  1.412575e+01
  1.054700e+00  2.253040e+01
  1.027400e+00  1.765705e+01
  1.000800e+00  1.228940e+01
  9.749000e-01  1.868125e+01
  9.496000e-01  1.419625e+01
  9.250000e-01  1.423160e+01
  9.010000e-01  1.645650e+01
  8.777000e-01  1.783355e+01
  8.550000e-01  1.885775e+01
  8.328000e-01  1.963465e+01
  8.113000e-01  1.981115e+01
  7.902000e-01  2.069405e+01
  7.698000e-01  2.408420e+01
  7.498000e-01  2.404885e+01
  7.304000e-01  2.556730e+01
  7.115000e-01  2.743905e+01
  6.931000e-01  3.888095e+01
  6.751000e-01  2.197955e+02
  6.576000e-01  2.146040e+02
  6.406000e-01  5.510065e+02
  6.240000e-01  1.241990e+02
  6.078000e-01  3.386625e+01
  5.921000e-01  3.139430e+01
  5.767000e-01  3.291270e+01
  5.618000e-01  3.584380e+01
  5.472000e-01  3.503160e+01
  5.331000e-01  4.068185e+01
  5.193000e-01  3.768025e+01
  5.058000e-01  3.753890e+01
  4.927000e-01  5.279450e+01
  4.799000e-01  6.278855e+01
  4.675000e-01  4.876880e+01
  4.554000e-01  4.128235e+01
  4.436000e-01  7.009850e+01
  4.321000e-01  6.589620e+01
  4.209000e-01  6.511930e+01
  4.100000e-01  4.679125e+01
  3.994000e-01  8.259990e+01
  3.891000e-01  1.197505e+02
  3.790000e-01  1.328880e+02
  3.692000e-01  3.644410e+01
  3.596000e-01  3.005235e+01
  3.503000e-01  3.238295e+01
  3.412000e-01  2.863965e+01
  3.324000e-01  3.443130e+01
  3.238000e-01  2.775695e+01
  3.154000e-01  2.881620e+01
  3.072000e-01  3.662070e+01
  2.992000e-01  4.587310e+01
  2.915000e-01  5.727950e+01
  2.839000e-01  5.950430e+01
  2.766000e-01  3.944595e+01
  2.694000e-01  7.931535e+01
  2.624000e-01  1.785490e+02
  2.556000e-01  1.852225e+02
  2.490000e-01  7.271180e+01
  2.426000e-01  7.504255e+01
  2.363000e-01  7.663165e+01
  2.302000e-01  5.653795e+01
  2.242000e-01  3.753885e+01
  2.184000e-01  3.718585e+01
  2.127000e-01  3.542020e+01
  2.072000e-01  3.489035e+01
  2.019000e-01  3.326605e+01
  1.966000e-01  3.888085e+01
  1.915000e-01  4.647350e+01
  1.866000e-01  5.233555e+01
  1.817000e-01  4.099970e+01
  1.770000e-01  4.382485e+01
  1.725000e-01  4.714450e+01
  1.680000e-01  4.474300e+01
  1.636000e-01  4.050535e+01
  1.594000e-01  4.460185e+01
  1.553000e-01  4.414270e+01
  1.512000e-01  4.721515e+01
  1.473000e-01  4.717965e+01
  1.435000e-01  5.572555e+01
  1.398000e-01  5.131140e+01
  1.362000e-01  5.215910e+01
  1.326000e-01  5.286530e+01
  1.292000e-01  5.039325e+01
  1.259000e-01  5.823300e+01
  1.226000e-01  7.518380e+01
  1.194000e-01  5.904530e+01
  1.163000e-01  5.607885e+01
  1.133000e-01  5.699700e+01
  1.104000e-01  5.848015e+01
  1.075000e-01  5.523130e+01
  1.047000e-01  5.696165e+01
  1.020000e-01  5.816245e+01
  9.940000e-02  5.622010e+01
  9.680000e-02  5.720885e+01
  9.430000e-02  5.456030e+01
  9.190000e-02  5.494880e+01
  8.950000e-02  5.403070e+01
  8.720000e-02  5.215900e+01
  8.490000e-02  5.328890e+01
  8.270000e-02  5.184120e+01
  8.060000e-02  4.880410e+01
  7.850000e-02  4.668525e+01
  7.640000e-02  4.541395e+01
  7.450000e-02  4.509615e+01
  7.250000e-02  4.495500e+01
  7.070000e-02  4.152940e+01
  6.880000e-02  3.888085e+01
  6.700000e-02  3.690320e+01
  6.530000e-02  3.414880e+01
  6.360000e-02  3.291270e+01
  6.200000e-02  2.945200e+01
  6.040000e-02  2.708605e+01
  5.880000e-02  2.383710e+01
  5.730000e-02  2.221255e+01
  5.580000e-02  1.956405e+01
  5.430000e-02  1.861065e+01
  5.290000e-02  1.553825e+01
  5.160000e-02  1.412570e+01
  5.020000e-02  1.260730e+01
  4.890000e-02  1.031180e+01
  4.770000e-02  9.817350e+00
  4.640000e-02  9.111050e+00
  4.520000e-02  8.192920e+00
  4.410000e-02  6.956885e+00
  4.290000e-02  6.038715e+00
  4.180000e-02  5.438365e+00
  4.070000e-02  4.802715e+00
  3.970000e-02  4.414260e+00
  3.860000e-02  2.825130e+00
  3.760000e-02  2.931070e+00
  3.670000e-02  2.931070e+00
  3.570000e-02  2.966385e+00
  3.480000e-02  1.695075e+00
  3.390000e-02  1.730385e+00
  3.300000e-02  1.059429e+00
  3.220000e-02  9.887940e-01
  3.130000e-02  7.769140e-01
  3.050000e-02  7.416040e-01
  2.970000e-02  4.944000e-01
  2.890000e-02  6.356570e-01
  2.820000e-02  3.531400e-01
  2.750000e-02  2.825140e-01
  2.680000e-02  3.178260e-01
  2.610000e-02  1.765700e-01
  2.540000e-02  2.825100e-01
  2.470000e-02  3.531440e-01
  2.410000e-02  3.531420e-01
  2.350000e-02  2.825140e-01
  2.290000e-02  2.825120e-01
  2.230000e-02  1.059420e-01
  2.170000e-02  1.412560e-01
  2.110000e-02  7.062800e-02
  2.060000e-02  1.412580e-01
  2.000000e-02  1.059420e-01
  1.950000e-02  1.412560e-01
  1.900000e-02  2.118840e-01
  1.850000e-02  1.059440e-01
  1.800000e-02  1.765720e-01
  1.760000e-02  7.062800e-02
  1.710000e-02  1.059420e-01
  1.670000e-02  1.765700e-01
  1.630000e-02  1.059420e-01
  1.580000e-02  7.062800e-02
  1.540000e-02  7.062800e-02
  1.500000e-02  7.062800e-02
  1.460000e-02  1.059420e-01
  1.430000e-02  1.059440e-01
  1.390000e-02  3.531400e-02
  1.350000e-02  0.000000e+00
  1.320000e-02  0.000000e+00
  1.280000e-02  3.531400e-02
  1.250000e-02  7.062800e-02
  1.220000e-02  3.531400e-02
  1.190000e-02  0.000000e+00
  1.160000e-02  3.531400e-02
  1.130000e-02  3.531400e-02
  1.100000e-02  1.659775e+01
  1.070000e-02  2.129440e+01
  1.040000e-02  2.058815e+01
  1.010000e-02  1.591960e+02
