  4.934820e+03  1.948650e-03
  4.806990e+03  1.948650e-03
  4.682470e+03  1.948650e-03
  4.561180e+03  0.000000e+00
  4.443030e+03  1.948650e-03
  4.327940e+03  5.845950e-03
  4.215830e+03  0.000000e+00
  4.106630e+03  1.948650e-03
  4.000250e+03  1.948650e-03
  3.896630e+03  3.897250e-03
  3.795700e+03  5.845950e-03
  3.697380e+03  0.000000e+00
  3.601600e+03  5.845950e-03
  3.508310e+03  1.948650e-03
  3.417430e+03  7.794550e-03
  3.328910e+03  3.897300e-03
  3.242680e+03  1.169185e-02
  3.158680e+03  1.364055e-02
  3.076860e+03  9.743250e-03
  2.997160e+03  3.897300e-03
  2.919530e+03  3.897300e-03
  2.843900e+03  5.845900e-03
  2.770230e+03  9.743201e-03
  2.698480e+03  1.364050e-02
  2.628580e+03  9.743201e-03
  2.560490e+03  1.169180e-02
  2.494160e+03  1.364050e-02
  2.429550e+03  1.753780e-02
  2.366620e+03  2.338380e-02
  2.305320e+03  1.948640e-02
  2.245600e+03  2.533235e-02
  2.187430e+03  2.338385e-02
  2.130770e+03  3.117820e-02
  2.075580e+03  3.702425e-02
  2.021810e+03  3.117835e-02
  1.969440e+03  3.702425e-02
  1.918430e+03  5.651050e-02
  1.868730e+03  4.676735e-02
  1.820330e+03  6.430515e-02
  1.773170e+03  7.599720e-02
  1.727240e+03  6.235665e-02
  1.682500e+03  8.574000e-02
  1.638920e+03  8.963670e-02
  1.596470e+03  9.158584e-02
  1.555110e+03  9.548260e-02
  1.514830e+03  1.305590e-01
  1.475590e+03  1.188670e-01
  1.437370e+03  1.344560e-01
  1.400140e+03  1.656340e-01
  1.363870e+03  1.890170e-01
  1.328540e+03  1.851200e-01
  1.294120e+03  2.240935e-01
  1.260600e+03  2.416305e-01
  1.227950e+03  2.124015e-01
  1.196140e+03  2.825520e-01
  1.165160e+03  3.312670e-01
  1.134980e+03  3.566000e-01
  1.105580e+03  3.546500e-01
  1.076940e+03  4.053155e-01
  1.049040e+03  4.676715e-01
  1.021870e+03  4.462370e-01
  9.953980e+02  5.806930e-01
  9.696140e+02  6.917625e-01
  9.444970e+02  6.937140e-01
  9.200320e+02  7.969890e-01
  8.962000e+02  9.139105e-01
  8.729850e+02  1.026930e+00
  8.503720e+02  1.196445e+00
  8.283450e+02  1.403015e+00
  8.068880e+02  1.578390e+00
  7.859870e+02  1.765460e+00
  7.656270e+02  1.929145e+00
  7.457950e+02  2.205850e+00
  7.264760e+02  2.394860e+00
  7.076580e+02  2.784585e+00
  6.893270e+02  3.207440e+00
  6.714710e+02  3.641980e+00
  6.540780e+02  4.041455e+00
  6.371350e+02  4.460410e+00
  6.206310e+02  4.830650e+00
  6.045550e+02  5.545785e+00
  5.888950e+02  6.397335e+00
  5.736410e+02  7.254725e+00
  5.587810e+02  7.784760e+00
  5.443070e+02  8.821435e+00
  5.302080e+02  1.001410e+01
  5.164740e+02  1.106635e+01
  5.030950e+02  1.279085e+01
  4.900630e+02  1.413140e+01
  4.773690e+02  1.534160e+01
  4.650040e+02  1.746175e+01
  4.529580e+02  1.950770e+01
  4.412250e+02  2.190050e+01
  4.297960e+02  2.468725e+01
  4.186630e+02  2.750090e+01
  4.078180e+02  3.073955e+01
  3.972540e+02  3.401915e+01
  3.869640e+02  3.845235e+01
  3.769400e+02  4.262815e+01
  3.671770e+02  4.761675e+01
  3.576650e+02  5.345665e+01
  3.484010e+02  5.963380e+01
  3.393760e+02  6.641315e+01
  3.305850e+02  7.379055e+01
  3.220220e+02  8.103944e+01
  3.136800e+02  8.972460e+01
  3.055550e+02  9.961975e+01
  2.976400e+02  1.094175e+02
  2.899300e+02  1.224520e+02
  2.824200e+02  1.348880e+02
  2.751040e+02  1.493960e+02
  2.679780e+02  1.646100e+02
  2.610370e+02  1.834220e+02
  2.542750e+02  2.004695e+02
  2.476890e+02  2.239500e+02
  2.412730e+02  2.459835e+02
  2.350230e+02  2.732455e+02
  2.289350e+02  2.986635e+02
  2.230050e+02  3.292740e+02
  2.172280e+02  3.625800e+02
  2.116010e+02  3.974070e+02
  2.061200e+02  4.333815e+02
  2.007810e+02  4.738320e+02
  1.955800e+02  5.204780e+02
  1.905140e+02  5.727460e+02
  1.855790e+02  6.261780e+02
  1.807720e+02  6.835580e+02
  1.760890e+02  7.470830e+02
  1.715280e+02  8.100340e+02
  1.670850e+02  8.750845e+02
  1.627570e+02  9.443500e+02
  1.585410e+02  1.016530e+03
  1.544340e+02  1.084630e+03
  1.504340e+02  1.161415e+03
  1.465370e+02  1.240905e+03
  1.427410e+02  1.317305e+03
  1.390440e+02  1.399265e+03
  1.354420e+02  1.480880e+03
  1.319340e+02  1.561525e+03
  1.285160e+02  1.639590e+03
  1.251870e+02  1.721585e+03
  1.219440e+02  1.801155e+03
  1.187850e+02  1.881265e+03
  1.157090e+02  1.964870e+03
  1.127110e+02  2.042505e+03
  1.097920e+02  2.114405e+03
  1.069480e+02  2.187925e+03
  1.041770e+02  2.256300e+03
  1.014790e+02  2.312980e+03
  9.885030e+01  2.370820e+03
  9.628970e+01  2.418360e+03
  9.379550e+01  2.461255e+03
  9.136590e+01  2.483695e+03
  8.899920e+01  2.499445e+03
  8.669380e+01  2.507505e+03
  8.444820e+01  2.499570e+03
  8.226070e+01  2.474665e+03
  8.012980e+01  2.438465e+03
  7.805420e+01  2.385595e+03
  7.603240e+01  2.322795e+03
  7.406290e+01  2.245520e+03
  7.214440e+01  2.144530e+03
  7.027560e+01  2.049205e+03
  6.845520e+01  1.923690e+03
  6.668200e+01  1.790870e+03
  6.495470e+01  1.659630e+03
  6.327220e+01  1.542730e+03
  6.163320e+01  1.419865e+03
  6.003670e+01  1.302255e+03
  5.848160e+01  1.195625e+03
  5.696670e+01  1.092060e+03
  5.549110e+01  9.959705e+02
  5.405370e+01  8.771010e+02
  5.265350e+01  7.553610e+02
  5.128960e+01  6.509665e+02
  4.996100e+01  5.508669e+02
  4.866690e+01  4.508895e+02
  4.740620e+01  3.654840e+02
  4.617830e+01  2.905485e+02
  4.498210e+01  2.317550e+02
  4.381690e+01  1.972230e+02
  4.268190e+01  1.676780e+02
  4.157630e+01  1.423070e+02
  4.049930e+01  1.202270e+02
  3.945030e+01  1.025440e+02
  3.842840e+01  8.721465e+01
  3.743290e+01  7.642125e+01
  3.646330e+01  6.610325e+01
  3.551880e+01  5.632690e+01
  3.459870e+01  4.773160e+01
  3.370250e+01  3.907780e+01
  3.282950e+01  3.233550e+01
  3.197910e+01  2.639210e+01
  3.115070e+01  2.090095e+01
  3.034380e+01  1.680105e+01
  2.955780e+01  1.324680e+01
  2.879220e+01  1.013090e+01
  2.804640e+01  8.041985e+00
  2.731990e+01  5.785470e+00
  2.661220e+01  4.561740e+00
  2.592290e+01  3.275635e+00
  2.525140e+01  2.318875e+00
  2.459730e+01  1.671925e+00
  2.396010e+01  1.169180e+00
  2.333950e+01  7.989380e-01
  2.273490e+01  5.300280e-01
  2.214600e+01  2.825520e-01
  2.157230e+01  2.162980e-01
  2.101350e+01  9.938110e-02
  2.046920e+01  9.743220e-02
  1.993900e+01  4.092150e-02
  1.942250e+01  3.117840e-02
  1.891940e+01  2.728115e-02
  1.842930e+01  1.558910e-02
  1.795200e+01  1.169190e-02
  1.748690e+01  5.845950e-03
  1.703400e+01  1.948650e-03
  1.659270e+01  9.743250e-03
  1.616290e+01  1.558915e-02
  1.574430e+01  9.743250e-03
  1.533640e+01  9.743250e-03
  1.493920e+01  1.364050e-02
  1.455220e+01  1.558910e-02
  1.417520e+01  9.743250e-03
  1.380800e+01  5.845950e-03
  1.345040e+01  1.948650e-03
  1.310200e+01  0.000000e+00
  1.276260e+01  0.000000e+00
  1.243200e+01  1.948650e-03
  1.211000e+01  3.897300e-03
  1.179630e+01  1.948650e-03
  1.149070e+01  0.000000e+00
  1.119310e+01  0.000000e+00
  1.090310e+01  0.000000e+00
  1.062070e+01  0.000000e+00
  1.034560e+01  0.000000e+00
  1.007760e+01  5.845950e-03
  9.816600e+00  5.845950e-03
  9.562300e+00  0.000000e+00
  9.314600e+00  0.000000e+00
  9.073300e+00  3.897300e-03
  8.838300e+00  1.948650e-03
  8.609300e+00  5.845900e-03
  8.386300e+00  0.000000e+00
  8.169100e+00  1.948650e-03
  7.957500e+00  1.948645e-02
  7.751400e+00  1.753775e-02
  7.550600e+00  1.169185e-02
  7.355000e+00  2.922975e-02
  7.164500e+00  3.312690e-02
  6.978900e+00  2.338375e-02
  6.798100e+00  1.753775e-02
  6.622000e+00  3.117835e-02
  6.450500e+00  3.507560e-02
  6.283400e+00  2.533240e-02
  6.120600e+00  3.702445e-02
  5.962100e+00  2.533235e-02
  5.807600e+00  2.728110e-02
  5.657200e+00  2.533230e-02
  5.510700e+00  2.338385e-02
  5.367900e+00  3.312695e-02
  5.228900e+00  4.676755e-02
  5.093400e+00  2.338375e-02
  4.961500e+00  3.507555e-02
  4.833000e+00  2.922955e-02
  4.707800e+00  4.092135e-02
  4.585800e+00  3.312680e-02
  4.467100e+00  3.117830e-02
  4.351300e+00  2.728085e-02
  4.238600e+00  2.143520e-02
  4.128800e+00  2.338370e-02
  4.021900e+00  5.456195e-02
  3.917700e+00  2.533235e-02
  3.816200e+00  2.922965e-02
  3.717400e+00  1.558910e-02
  3.621100e+00  4.481865e-02
  3.527300e+00  3.897260e-02
  3.435900e+00  1.753775e-02
  3.346900e+00  2.338370e-02
  3.260200e+00  3.897290e-02
  3.175800e+00  2.922955e-02
  3.093500e+00  1.169190e-02
  3.013400e+00  9.743150e-03
  2.935300e+00  2.533235e-02
  2.859300e+00  2.143515e-02
  2.785200e+00  2.728110e-02
  2.713100e+00  1.753775e-02
  2.642800e+00  3.117835e-02
  2.574300e+00  2.922960e-02
  2.507600e+00  3.702410e-02
  2.442700e+00  4.092140e-02
  2.379400e+00  2.533245e-02
  2.317800e+00  3.312685e-02
  2.257700e+00  1.558910e-02
  2.199300e+00  3.507560e-02
  2.142300e+00  3.117830e-02
  2.086800e+00  3.312695e-02
  2.032700e+00  1.948640e-02
  1.980100e+00  2.728110e-02
  1.928800e+00  2.922965e-02
  1.878800e+00  2.143500e-02
  1.830200e+00  2.728105e-02
  1.782800e+00  4.287025e-02
  1.736600e+00  3.117855e-02
  1.691600e+00  2.338370e-02
  1.647800e+00  7.794600e-03
  1.605100e+00  1.753780e-02
  1.563500e+00  1.948640e-02
  1.523000e+00  1.948640e-02
  1.483600e+00  1.753785e-02
  1.445100e+00  1.364060e-02
  1.407700e+00  1.948650e-02
  1.371200e+00  1.364055e-02
  1.335700e+00  7.794550e-03
  1.301100e+00  9.743250e-03
  1.267400e+00  1.364045e-02
  1.234600e+00  1.948655e-02
  1.202600e+00  1.948645e-02
  1.171500e+00  1.753775e-02
  1.141100e+00  1.169190e-02
  1.111600e+00  5.845950e-03
  1.082800e+00  7.794550e-03
  1.054700e+00  7.794550e-03
  1.027400e+00  1.364055e-02
  1.000800e+00  1.364050e-02
  9.749000e-01  2.338365e-02
  9.496000e-01  2.143505e-02
  9.250000e-01  3.897300e-03
  9.010000e-01  1.169190e-02
  8.777000e-01  9.743250e-03
  8.550000e-01  1.753790e-02
  8.328000e-01  5.845950e-03
  8.113000e-01  1.169185e-02
  7.902000e-01  2.922960e-02
  7.698000e-01  1.364040e-02
  7.498000e-01  9.743250e-03
  7.304000e-01  1.169190e-02
  7.115000e-01  1.364050e-02
  6.931000e-01  2.338365e-02
  6.751000e-01  3.117825e-02
  6.576000e-01  4.286985e-02
  6.406000e-01  6.820230e-02
  6.240000e-01  2.143515e-02
  6.078000e-01  1.558910e-02
  5.921000e-01  1.364045e-02
  5.767000e-01  1.948645e-02
  5.618000e-01  1.948635e-02
  5.472000e-01  1.753775e-02
  5.331000e-01  1.364045e-02
  5.193000e-01  1.169190e-02
  5.058000e-01  3.117830e-02
  4.927000e-01  1.753780e-02
  4.799000e-01  2.143515e-02
  4.675000e-01  1.364055e-02
  4.554000e-01  2.533235e-02
  4.436000e-01  2.922960e-02
  4.321000e-01  2.533245e-02
  4.209000e-01  1.753780e-02
  4.100000e-01  2.143505e-02
  3.994000e-01  3.702435e-02
  3.891000e-01  2.533230e-02
  3.790000e-01  3.897290e-02
  3.692000e-01  3.507555e-02
  3.596000e-01  2.533230e-02
  3.503000e-01  1.753785e-02
  3.412000e-01  1.948650e-02
  3.324000e-01  2.338365e-02
  3.238000e-01  2.143505e-02
  3.154000e-01  2.143515e-02
  3.072000e-01  2.533235e-02
  2.992000e-01  1.558920e-02
  2.915000e-01  3.897290e-02
  2.839000e-01  3.117815e-02
  2.766000e-01  1.558915e-02
  2.694000e-01  2.338375e-02
  2.624000e-01  2.533235e-02
  2.556000e-01  3.507570e-02
  2.490000e-01  9.743201e-03
  2.426000e-01  1.364050e-02
  2.363000e-01  1.948650e-02
  2.302000e-01  1.558910e-02
  2.242000e-01  9.743250e-03
  2.184000e-01  2.533235e-02
  2.127000e-01  2.143510e-02
  2.072000e-01  1.169185e-02
  2.019000e-01  9.743250e-03
  1.966000e-01  2.143510e-02
  1.915000e-01  5.845950e-03
  1.866000e-01  1.558915e-02
  1.817000e-01  1.753780e-02
  1.770000e-01  1.169190e-02
  1.725000e-01  1.364055e-02
  1.680000e-01  9.743250e-03
  1.636000e-01  1.364055e-02
  1.594000e-01  3.897300e-03
  1.553000e-01  9.743150e-03
  1.512000e-01  1.169185e-02
  1.473000e-01  1.948650e-03
  1.435000e-01  3.897300e-03
  1.398000e-01  9.743250e-03
  1.362000e-01  3.897300e-03
  1.326000e-01  1.948650e-03
  1.292000e-01  9.743150e-03
  1.259000e-01  5.845950e-03
  1.226000e-01  7.794600e-03
  1.194000e-01  5.845950e-03
  1.163000e-01  3.897300e-03
  1.133000e-01  3.897300e-03
  1.104000e-01  5.845950e-03
  1.075000e-01  0.000000e+00
  1.047000e-01  3.897300e-03
  1.020000e-01  1.948650e-03
  9.940000e-02  0.000000e+00
  9.680000e-02  3.897300e-03
  9.430000e-02  5.845900e-03
  9.190000e-02  0.000000e+00
  8.950000e-02  1.948650e-03
  8.720000e-02  1.948650e-03
  8.490000e-02  1.948650e-03
  8.270000e-02  3.897300e-03
  8.060000e-02  0.000000e+00
  7.850000e-02  0.000000e+00
  7.640000e-02  0.000000e+00
  7.450000e-02  0.000000e+00
  7.250000e-02  0.000000e+00
  7.070000e-02  0.000000e+00
  6.880000e-02  0.000000e+00
  6.700000e-02  0.000000e+00
  6.530000e-02  0.000000e+00
  6.360000e-02  0.000000e+00
  6.200000e-02  0.000000e+00
  6.040000e-02  0.000000e+00
  5.880000e-02  0.000000e+00
  5.730000e-02  0.000000e+00
  5.580000e-02  0.000000e+00
  5.430000e-02  0.000000e+00
  5.290000e-02  0.000000e+00
  5.160000e-02  0.000000e+00
  5.020000e-02  0.000000e+00
  4.890000e-02  0.000000e+00
  4.770000e-02  0.000000e+00
  4.640000e-02  0.000000e+00
  4.520000e-02  0.000000e+00
  4.410000e-02  0.000000e+00
  4.290000e-02  0.000000e+00
  4.180000e-02  0.000000e+00
  4.070000e-02  0.000000e+00
  3.970000e-02  0.000000e+00
  3.860000e-02  0.000000e+00
  3.760000e-02  0.000000e+00
  3.670000e-02  0.000000e+00
  3.570000e-02  0.000000e+00
  3.480000e-02  0.000000e+00
  3.390000e-02  0.000000e+00
  3.300000e-02  0.000000e+00
  3.220000e-02  0.000000e+00
  3.130000e-02  0.000000e+00
  3.050000e-02  0.000000e+00
  2.970000e-02  0.000000e+00
  2.890000e-02  0.000000e+00
  2.820000e-02  0.000000e+00
  2.750000e-02  0.000000e+00
  2.680000e-02  0.000000e+00
  2.610000e-02  0.000000e+00
  2.540000e-02  0.000000e+00
  2.470000e-02  0.000000e+00
  2.410000e-02  0.000000e+00
  2.350000e-02  0.000000e+00
  2.290000e-02  0.000000e+00
  2.230000e-02  0.000000e+00
  2.170000e-02  0.000000e+00
  2.110000e-02  0.000000e+00
  2.060000e-02  0.000000e+00
  2.000000e-02  0.000000e+00
  1.950000e-02  0.000000e+00
  1.900000e-02  0.000000e+00
  1.850000e-02  0.000000e+00
  1.800000e-02  0.000000e+00
  1.760000e-02  0.000000e+00
  1.710000e-02  0.000000e+00
  1.670000e-02  0.000000e+00
  1.630000e-02  0.000000e+00
  1.580000e-02  0.000000e+00
  1.540000e-02  0.000000e+00
  1.500000e-02  0.000000e+00
  1.460000e-02  0.000000e+00
  1.430000e-02  0.000000e+00
  1.390000e-02  0.000000e+00
  1.350000e-02  0.000000e+00
  1.320000e-02  0.000000e+00
  1.280000e-02  0.000000e+00
  1.250000e-02  0.000000e+00
  1.220000e-02  0.000000e+00
  1.190000e-02  0.000000e+00
  1.160000e-02  0.000000e+00
  1.130000e-02  0.000000e+00
  1.100000e-02  8.476540e-01
  1.070000e-02  1.231530e+00
  1.040000e-02  1.079545e+00
  1.010000e-02  6.042690e+00
