  4.934820e+03  7.354000e-02
  4.806990e+03  0.000000e+00
  4.682470e+03  0.000000e+00
  4.561180e+03  0.000000e+00
  4.443030e+03  0.000000e+00
  4.327940e+03  0.000000e+00
  4.215830e+03  0.000000e+00
  4.106630e+03  0.000000e+00
  4.000250e+03  0.000000e+00
  3.896630e+03  0.000000e+00
  3.795700e+03  0.000000e+00
  3.697380e+03  0.000000e+00
  3.601600e+03  0.000000e+00
  3.508310e+03  0.000000e+00
  3.417430e+03  0.000000e+00
  3.328910e+03  0.000000e+00
  3.242680e+03  0.000000e+00
  3.158680e+03  0.000000e+00
  3.076860e+03  0.000000e+00
  2.997160e+03  0.000000e+00
  2.919530e+03  7.354000e-02
  2.843900e+03  7.354000e-02
  2.770230e+03  7.354000e-02
  2.698480e+03  0.000000e+00
  2.628580e+03  0.000000e+00
  2.560490e+03  7.354000e-02
  2.494160e+03  0.000000e+00
  2.429550e+03  0.000000e+00
  2.366620e+03  0.000000e+00
  2.305320e+03  7.354000e-02
  2.245600e+03  7.354000e-02
  2.187430e+03  0.000000e+00
  2.130770e+03  7.354000e-02
  2.075580e+03  2.206200e-01
  2.021810e+03  0.000000e+00
  1.969440e+03  7.354000e-02
  1.918430e+03  0.000000e+00
  1.868730e+03  0.000000e+00
  1.820330e+03  7.354000e-02
  1.773170e+03  0.000000e+00
  1.727240e+03  1.470800e-01
  1.682500e+03  2.206200e-01
  1.638920e+03  2.206200e-01
  1.596470e+03  1.470800e-01
  1.555110e+03  3.677000e-01
  1.514830e+03  2.206200e-01
  1.475590e+03  2.206200e-01
  1.437370e+03  1.470800e-01
  1.400140e+03  2.941600e-01
  1.363870e+03  3.677000e-01
  1.328540e+03  4.412400e-01
  1.294120e+03  8.089401e-01
  1.260600e+03  9.560200e-01
  1.227950e+03  2.941600e-01
  1.196140e+03  6.618600e-01
  1.165160e+03  5.883200e-01
  1.134980e+03  8.824800e-01
  1.105580e+03  6.618600e-01
  1.076940e+03  1.029560e+00
  1.049040e+03  8.824800e-01
  1.021870e+03  8.824800e-01
  9.953980e+02  1.544340e+00
  9.696140e+02  1.544340e+00
  9.444970e+02  2.132660e+00
  9.200320e+02  2.500360e+00
  8.962000e+02  1.764960e+00
  8.729850e+02  2.279740e+00
  8.503720e+02  2.279740e+00
  8.283450e+02  2.279740e+00
  8.068880e+02  2.794515e+00
  7.859870e+02  3.235755e+00
  7.656270e+02  3.676995e+00
  7.457950e+02  4.265310e+00
  7.264760e+02  3.897615e+00
  7.076580e+02  5.883160e+00
  6.893270e+02  7.354060e+00
  6.714710e+02  8.162855e+00
  6.540780e+02  8.604074e+00
  6.371350e+02  8.530600e+00
  6.206310e+02  8.824844e+00
  6.045550e+02  8.824755e+00
  5.888950e+02  1.228115e+01
  5.736410e+02  1.132500e+01
  5.587810e+02  1.529605e+01
  5.443070e+02  1.676700e+01
  5.302080e+02  2.154705e+01
  5.164740e+02  2.095875e+01
  5.030950e+02  2.353270e+01
  4.900630e+02  2.904810e+01
  4.773690e+02  3.088660e+01
  4.650040e+02  3.301920e+01
  4.529580e+02  3.919670e+01
  4.412250e+02  4.331485e+01
  4.297960e+02  4.875680e+01
  4.186630e+02  5.574295e+01
  4.078180e+02  6.074375e+01
  3.972540e+02  7.309835e+01
  3.869640e+02  8.045219e+01
  3.769400e+02  9.030679e+01
  3.671770e+02  1.052355e+02
  3.576650e+02  1.139860e+02
  3.484010e+02  1.289145e+02
  3.393760e+02  1.377395e+02
  3.305850e+02  1.614920e+02
  3.220220e+02  1.802450e+02
  3.136800e+02  2.024545e+02
  3.055550e+02  2.201030e+02
  2.976400e+02  2.469455e+02
  2.899300e+02  2.782750e+02
  2.824200e+02  3.168820e+02
  2.751040e+02  3.644625e+02
  2.679780e+02  4.077040e+02
  2.610370e+02  4.526355e+02
  2.542750e+02  5.049960e+02
  2.476890e+02  5.568425e+02
  2.412730e+02  6.203060e+02
  2.350230e+02  7.128930e+02
  2.289350e+02  8.029785e+02
  2.230050e+02  8.957875e+02
  2.172280e+02  9.838900e+02
  2.116010e+02  1.117220e+03
  2.061200e+02  1.232375e+03
  2.007810e+02  1.387835e+03
  1.955800e+02  1.562790e+03
  1.905140e+02  1.755175e+03
  1.855790e+02  1.970050e+03
  1.807720e+02  2.196265e+03
  1.760890e+02  2.454305e+03
  1.715280e+02  2.746030e+03
  1.670850e+02  3.025865e+03
  1.627570e+02  3.373840e+03
  1.585410e+02  3.713680e+03
  1.544340e+02  4.121165e+03
  1.504340e+02  4.533190e+03
  1.465370e+02  4.989590e+03
  1.427410e+02  5.451785e+03
  1.390440e+02  5.997965e+03
  1.354420e+02  6.541640e+03
  1.319340e+02  7.167165e+03
  1.285160e+02  7.804675e+03
  1.251870e+02  8.490725e+03
  1.219440e+02  9.257750e+03
  1.187850e+02  1.006550e+04
  1.157090e+02  1.098675e+04
  1.127110e+02  1.184825e+04
  1.097920e+02  1.284715e+04
  1.069480e+02  1.385085e+04
  1.041770e+02  1.493355e+04
  1.014790e+02  1.616740e+04
  9.885030e+01  1.743360e+04
  9.628970e+01  1.871835e+04
  9.379550e+01  2.006155e+04
  9.136590e+01  2.142705e+04
  8.899920e+01  2.294390e+04
  8.669380e+01  2.457795e+04
  8.444820e+01  2.605015e+04
  8.226070e+01  2.769345e+04
  8.012980e+01  2.931635e+04
  7.805420e+01  3.091210e+04
  7.603240e+01  3.263675e+04
  7.406290e+01  3.422565e+04
  7.214440e+01  3.585995e+04
  7.027560e+01  3.727350e+04
  6.845520e+01  3.874025e+04
  6.668200e+01  3.995860e+04
  6.495470e+01  4.090210e+04
  6.327220e+01  4.190235e+04
  6.163320e+01  4.258455e+04
  6.003670e+01  4.306165e+04
  5.848160e+01  4.338565e+04
  5.696670e+01  4.356840e+04
  5.549110e+01  4.376540e+04
  5.405370e+01  4.354720e+04
  5.265350e+01  4.320755e+04
  5.128960e+01  4.273575e+04
  4.996100e+01  4.211445e+04
  4.866690e+01  4.104490e+04
  4.740620e+01  3.976960e+04
  4.617830e+01  3.854705e+04
  4.498210e+01  3.675585e+04
  4.381690e+01  3.564870e+04
  4.268190e+01  3.434130e+04
  4.157630e+01  3.290905e+04
  4.049930e+01  3.154620e+04
  3.945030e+01  3.018835e+04
  3.842840e+01  2.898915e+04
  3.743290e+01  2.777695e+04
  3.646330e+01  2.654210e+04
  3.551880e+01  2.529125e+04
  3.459870e+01  2.399570e+04
  3.370250e+01  2.260975e+04
  3.282950e+01  2.125225e+04
  3.197910e+01  1.992615e+04
  3.115070e+01  1.867340e+04
  3.034380e+01  1.742985e+04
  2.955780e+01  1.623640e+04
  2.879220e+01  1.498310e+04
  2.804640e+01  1.386505e+04
  2.731990e+01  1.273725e+04
  2.661220e+01  1.163600e+04
  2.592290e+01  1.058450e+04
  2.525140e+01  9.642510e+03
  2.459730e+01  8.688564e+03
  2.396010e+01  7.900355e+03
  2.333950e+01  7.061705e+03
  2.273490e+01  6.285795e+03
  2.214600e+01  5.606725e+03
  2.157230e+01  4.975835e+03
  2.101350e+01  4.379275e+03
  2.046920e+01  3.887975e+03
  1.993900e+01  3.413485e+03
  1.942250e+01  3.026150e+03
  1.891940e+01  2.652650e+03
  1.842930e+01  2.415920e+03
  1.795200e+01  2.185745e+03
  1.748690e+01  2.029485e+03
  1.703400e+01  1.859600e+03
  1.659270e+01  1.771945e+03
  1.616290e+01  1.672135e+03
  1.574430e+01  1.602570e+03
  1.533640e+01  1.511090e+03
  1.493920e+01  1.463145e+03
  1.455220e+01  1.358510e+03
  1.417520e+01  1.193985e+03
  1.380800e+01  9.481465e+02
  1.345040e+01  7.373075e+02
  1.310200e+01  5.816245e+02
  1.276260e+01  4.557985e+02
  1.243200e+01  3.594610e+02
  1.211000e+01  3.128365e+02
  1.179630e+01  2.703330e+02
  1.149070e+01  2.351065e+02
  1.119310e+01  2.092930e+02
  1.090310e+01  2.045870e+02
  1.062070e+01  1.967915e+02
  1.034560e+01  1.792900e+02
  1.007760e+01  1.678910e+02
  9.816600e+00  1.569330e+02
  9.562300e+00  1.375195e+02
  9.314600e+00  1.220760e+02
  9.073300e+00  1.135455e+02
  8.838300e+00  9.420380e+01
  8.609300e+00  8.986530e+01
  8.386300e+00  8.501130e+01
  8.169100e+00  9.089475e+01
  7.957500e+00  1.092795e+02
  7.751400e+00  1.184730e+02
  7.550600e+00  1.491385e+02
  7.355000e+00  1.526690e+02
  7.164500e+00  1.475930e+02
  6.978900e+00  1.375925e+02
  6.798100e+00  1.281790e+02
  6.622000e+00  1.156035e+02
  6.450500e+00  1.085450e+02
  6.283400e+00  1.017795e+02
  6.120600e+00  1.017048e+02
  5.962100e+00  9.501324e+01
  5.807600e+00  9.832310e+01
  5.657200e+00  9.641090e+01
  5.510700e+00  1.092060e+02
  5.367900e+00  1.039845e+02
  5.228900e+00  9.722020e+01
  5.093400e+00  1.023669e+02
  4.961500e+00  9.780715e+01
  4.833000e+00  9.626324e+01
  4.707800e+00  9.523450e+01
  4.585800e+00  9.140891e+01
  4.467100e+00  8.920370e+01
  4.351300e+00  9.221855e+01
  4.238600e+00  9.133620e+01
  4.128800e+00  9.317410e+01
  4.021900e+00  9.861705e+01
  3.917700e+00  9.221880e+01
  3.816200e+00  8.883530e+01
  3.717400e+00  9.162994e+01
  3.621100e+00  9.140955e+01
  3.527300e+00  8.346725e+01
  3.435900e+00  8.280569e+01
  3.346900e+00  7.795235e+01
  3.260200e+00  7.184821e+01
  3.175800e+00  6.442055e+01
  3.093500e+00  5.103655e+01
  3.013400e+00  4.640345e+01
  2.935300e+00  4.794785e+01
  2.859300e+00  5.294855e+01
  2.785200e+00  6.324400e+01
  2.713100e+00  7.236280e+01
  2.642800e+00  7.118635e+01
  2.574300e+00  6.971545e+01
  2.507600e+00  6.714165e+01
  2.442700e+00  6.853875e+01
  2.379400e+00  6.640625e+01
  2.317800e+00  6.456775e+01
  2.257700e+00  5.978770e+01
  2.199300e+00  6.456780e+01
  2.142300e+00  6.118500e+01
  2.086800e+00  5.875810e+01
  2.032700e+00  5.478720e+01
  1.980100e+00  5.522820e+01
  1.928800e+00  4.772735e+01
  1.878800e+00  4.647705e+01
  1.830200e+00  5.228665e+01
  1.782800e+00  8.537955e+01
  1.736600e+00  5.206610e+01
  1.691600e+00  3.941715e+01
  1.647800e+00  3.941725e+01
  1.605100e+00  4.000565e+01
  1.563500e+00  3.669620e+01
  1.523000e+00  3.559310e+01
  1.483600e+00  3.323985e+01
  1.445100e+00  3.272505e+01
  1.407700e+00  3.022475e+01
  1.371200e+00  2.581235e+01
  1.335700e+00  2.809205e+01
  1.301100e+00  2.279720e+01
  1.267400e+00  2.044395e+01
  1.234600e+00  2.294430e+01
  1.202600e+00  2.382675e+01
  1.171500e+00  2.331200e+01
  1.141100e+00  2.522395e+01
  1.111600e+00  1.691405e+01
  1.082800e+00  1.654635e+01
  1.054700e+00  2.257655e+01
  1.027400e+00  1.941435e+01
  1.000800e+00  1.551675e+01
  9.749000e-01  1.860555e+01
  9.496000e-01  1.434010e+01
  9.250000e-01  1.434015e+01
  9.010000e-01  1.617860e+01
  8.777000e-01  1.772295e+01
  8.550000e-01  1.867900e+01
  8.328000e-01  1.816425e+01
  8.113000e-01  2.088510e+01
  7.902000e-01  2.162055e+01
  7.698000e-01  2.191470e+01
  7.498000e-01  2.353265e+01
  7.304000e-01  2.595950e+01
  7.115000e-01  2.507685e+01
  6.931000e-01  4.169705e+01
  6.751000e-01  2.151760e+02
  6.576000e-01  2.374590e+02
  6.406000e-01  5.257355e+02
  6.240000e-01  1.178090e+02
  6.078000e-01  3.765215e+01
  5.921000e-01  3.875540e+01
  5.767000e-01  3.581375e+01
  5.618000e-01  3.949075e+01
  5.472000e-01  4.162355e+01
  5.331000e-01  4.912450e+01
  5.193000e-01  4.890390e+01
  5.058000e-01  4.846275e+01
  4.927000e-01  7.273060e+01
  4.799000e-01  7.295140e+01
  4.675000e-01  5.780215e+01
  4.554000e-01  5.015405e+01
  4.436000e-01  9.677780e+01
  4.321000e-01  1.041320e+02
  4.209000e-01  8.618805e+01
  4.100000e-01  6.184665e+01
  3.994000e-01  1.121485e+02
  3.891000e-01  1.665665e+02
  3.790000e-01  1.539180e+02
  3.692000e-01  5.493405e+01
  3.596000e-01  4.860970e+01
  3.503000e-01  5.405160e+01
  3.412000e-01  5.316915e+01
  3.324000e-01  5.441940e+01
  3.238000e-01  4.912450e+01
  3.154000e-01  5.155125e+01
  3.072000e-01  6.662700e+01
  2.992000e-01  8.545320e+01
  2.915000e-01  1.077360e+02
  2.839000e-01  1.172960e+02
  2.766000e-01  9.096855e+01
  2.694000e-01  1.550205e+02
  2.624000e-01  3.158530e+02
  2.556000e-01  3.370305e+02
  2.490000e-01  1.353140e+02
  2.426000e-01  1.480345e+02
  2.363000e-01  1.600955e+02
  2.302000e-01  1.099405e+02
  2.242000e-01  7.986400e+01
  2.184000e-01  8.037870e+01
  2.127000e-01  8.162865e+01
  2.072000e-01  7.714270e+01
  2.019000e-01  8.052585e+01
  1.966000e-01  8.287910e+01
  1.915000e-01  9.288040e+01
  1.866000e-01  9.471941e+01
  1.817000e-01  9.052705e+01
  1.770000e-01  9.214495e+01
  1.725000e-01  9.736675e+01
  1.680000e-01  9.707320e+01
  1.636000e-01  9.516045e+01
  1.594000e-01  8.993900e+01
  1.553000e-01  9.391075e+01
  1.512000e-01  1.009704e+02
  1.473000e-01  9.552815e+01
  1.435000e-01  1.193540e+02
  1.398000e-01  1.088380e+02
  1.362000e-01  1.041320e+02
  1.326000e-01  1.139865e+02
  1.292000e-01  1.131030e+02
  1.259000e-01  1.158980e+02
  1.226000e-01  1.142070e+02
  1.194000e-01  1.220020e+02
  1.163000e-01  1.232520e+02
  1.133000e-01  1.259735e+02
  1.104000e-01  1.251635e+02
  1.075000e-01  1.235465e+02
  1.047000e-01  1.239865e+02
  1.020000e-01  1.245755e+02
  9.940000e-02  1.201640e+02
  9.680000e-02  1.198690e+02
  9.430000e-02  1.177370e+02
  9.190000e-02  1.147950e+02
  8.950000e-02  1.206795e+02
  8.720000e-02  1.153090e+02
  8.490000e-02  1.161200e+02
  8.270000e-02  1.078835e+02
  8.060000e-02  9.957310e+01
  7.850000e-02  9.442525e+01
  7.640000e-02  9.133585e+01
  7.450000e-02  9.170425e+01
  7.250000e-02  8.707075e+01
  7.070000e-02  8.052575e+01
  6.880000e-02  7.545155e+01
  6.700000e-02  7.258355e+01
  6.530000e-02  6.640620e+01
  6.360000e-02  6.015535e+01
  6.200000e-02  5.640490e+01
  6.040000e-02  4.978635e+01
  5.880000e-02  4.375595e+01
  5.730000e-02  4.449140e+01
  5.580000e-02  3.522540e+01
  5.430000e-02  3.176925e+01
  5.290000e-02  2.684185e+01
  5.160000e-02  2.139985e+01
  5.020000e-02  1.889955e+01
  4.890000e-02  1.742880e+01
  4.770000e-02  1.603155e+01
  4.640000e-02  1.389895e+01
  4.520000e-02  1.036903e+01
  4.410000e-02  1.000142e+01
  4.290000e-02  7.795215e+00
  4.180000e-02  7.574600e+00
  4.070000e-02  5.956710e+00
  3.970000e-02  5.221355e+00
  3.860000e-02  5.074280e+00
  3.760000e-02  3.015140e+00
  3.670000e-02  3.456380e+00
  3.570000e-02  2.500360e+00
  3.480000e-02  1.764960e+00
  3.390000e-02  2.720980e+00
  3.300000e-02  1.323720e+00
  3.220000e-02  1.470800e+00
  3.130000e-02  1.176640e+00
  3.050000e-02  7.354000e-01
  2.970000e-02  9.560200e-01
  2.890000e-02  7.354000e-01
  2.820000e-02  5.147800e-01
  2.750000e-02  3.677000e-01
  2.680000e-02  2.206200e-01
  2.610000e-02  4.412400e-01
  2.540000e-02  1.470800e-01
  2.470000e-02  2.206200e-01
  2.410000e-02  2.206200e-01
  2.350000e-02  2.941600e-01
  2.290000e-02  3.677000e-01
  2.230000e-02  2.206200e-01
  2.170000e-02  3.677000e-01
  2.110000e-02  1.470800e-01
  2.060000e-02  1.470800e-01
  2.000000e-02  3.677000e-01
  1.950000e-02  7.354000e-02
  1.900000e-02  1.470800e-01
  1.850000e-02  7.354000e-02
  1.800000e-02  1.470800e-01
  1.760000e-02  2.941600e-01
  1.710000e-02  7.354000e-02
  1.670000e-02  1.470800e-01
  1.630000e-02  3.677000e-01
  1.580000e-02  2.206200e-01
  1.540000e-02  3.677000e-01
  1.500000e-02  2.206200e-01
  1.460000e-02  1.470800e-01
  1.430000e-02  7.354000e-02
  1.390000e-02  0.000000e+00
  1.350000e-02  1.470800e-01
  1.320000e-02  7.354000e-02
  1.280000e-02  0.000000e+00
  1.250000e-02  7.354000e-02
  1.220000e-02  0.000000e+00
  1.190000e-02  0.000000e+00
  1.160000e-02  7.354000e-02
  1.130000e-02  0.000000e+00
  1.100000e-02  2.206180e+01
  1.070000e-02  2.934225e+01
  1.040000e-02  2.823915e+01
  1.010000e-02  2.562115e+02
