  4.934820e+03  7.137950e-03
  4.806990e+03  7.931000e-04
  4.682470e+03  1.586200e-03
  4.561180e+03  1.586200e-03
  4.443030e+03  1.586200e-03
  4.327940e+03  1.586200e-03
  4.215830e+03  1.586200e-03
  4.106630e+03  2.379300e-03
  4.000250e+03  2.379300e-03
  3.896630e+03  0.000000e+00
  3.795700e+03  7.931000e-04
  3.697380e+03  1.586200e-03
  3.601600e+03  5.551750e-03
  3.508310e+03  1.586200e-03
  3.417430e+03  3.965500e-03
  3.328910e+03  3.965550e-03
  3.242680e+03  3.965500e-03
  3.158680e+03  3.965500e-03
  3.076860e+03  2.379350e-03
  2.997160e+03  2.379300e-03
  2.919530e+03  3.172400e-03
  2.843900e+03  7.138000e-03
  2.770230e+03  1.189665e-02
  2.698480e+03  8.724250e-03
  2.628580e+03  7.137950e-03
  2.560490e+03  9.517349e-03
  2.494160e+03  1.268970e-02
  2.429550e+03  1.665530e-02
  2.366620e+03  1.824175e-02
  2.305320e+03  1.586225e-02
  2.245600e+03  1.982790e-02
  2.187430e+03  1.824160e-02
  2.130770e+03  1.903480e-02
  2.075580e+03  2.775905e-02
  2.021810e+03  3.410405e-02
  1.969440e+03  2.855220e-02
  1.918430e+03  2.458665e-02
  1.868730e+03  3.648325e-02
  1.820330e+03  3.648340e-02
  1.773170e+03  5.075955e-02
  1.727240e+03  5.631135e-02
  1.682500e+03  4.838020e-02
  1.638920e+03  7.296750e-02
  1.596470e+03  6.662230e-02
  1.555110e+03  7.534654e-02
  1.514830e+03  7.534610e-02
  1.475590e+03  8.724350e-02
  1.437370e+03  1.102439e-01
  1.400140e+03  1.070720e-01
  1.363870e+03  1.261060e-01
  1.328540e+03  1.205545e-01
  1.294120e+03  1.498995e-01
  1.260600e+03  1.633820e-01
  1.227950e+03  1.649690e-01
  1.196140e+03  1.784515e-01
  1.165160e+03  1.982790e-01
  1.134980e+03  2.276235e-01
  1.105580e+03  2.625200e-01
  1.076940e+03  2.712455e-01
  1.049040e+03  3.085225e-01
  1.021870e+03  3.394530e-01
  9.953980e+02  3.989370e-01
  9.696140e+02  4.647655e-01
  9.444970e+02  4.536620e-01
  9.200320e+02  4.845930e-01
  8.962000e+02  5.869066e-01
  8.729850e+02  6.717695e-01
  8.503720e+02  7.391835e-01
  8.283450e+02  8.034265e-01
  8.068880e+02  9.795010e-01
  7.859870e+02  1.142075e+00
  7.656270e+02  1.179360e+00
  7.457950e+02  1.326095e+00
  7.264760e+02  1.486300e+00
  7.076580e+02  1.690930e+00
  6.893270e+02  1.785315e+00
  6.714710e+02  2.076370e+00
  6.540780e+02  2.423755e+00
  6.371350e+02  2.627605e+00
  6.206310e+02  2.940880e+00
  6.045550e+02  3.262080e+00
  5.888950e+02  3.769680e+00
  5.736410e+02  4.077410e+00
  5.587810e+02  4.562795e+00
  5.443070e+02  5.114005e+00
  5.302080e+02  5.593055e+00
  5.164740e+02  6.336200e+00
  5.030950e+02  6.961175e+00
  4.900630e+02  7.791560e+00
  4.773690e+02  8.717134e+00
  4.650040e+02  9.663321e+00
  4.529580e+02  1.063585e+01
  4.412250e+02  1.186420e+01
  4.297960e+02  1.329830e+01
  4.186630e+02  1.457830e+01
  4.078180e+02  1.606780e+01
  3.972540e+02  1.799015e+01
  3.869640e+02  1.997780e+01
  3.769400e+02  2.202790e+01
  3.671770e+02  2.447485e+01
  3.576650e+02  2.690960e+01
  3.484010e+02  2.996315e+01
  3.393760e+02  3.299285e+01
  3.305850e+02  3.588520e+01
  3.220220e+02  3.947820e+01
  3.136800e+02  4.321515e+01
  3.055550e+02  4.712840e+01
  2.976400e+02  5.213150e+01
  2.899300e+02  5.661820e+01
  2.824200e+02  6.185205e+01
  2.751040e+02  6.796360e+01
  2.679780e+02  7.416575e+01
  2.610370e+02  8.098345e+01
  2.542750e+02  8.803745e+01
  2.476890e+02  9.594475e+01
  2.412730e+02  1.058245e+02
  2.350230e+02  1.148375e+02
  2.289350e+02  1.248855e+02
  2.230050e+02  1.359460e+02
  2.172280e+02  1.473475e+02
  2.116010e+02  1.594205e+02
  2.061200e+02  1.715630e+02
  2.007810e+02  1.845240e+02
  1.955800e+02  2.005480e+02
  1.905140e+02  2.183295e+02
  1.855790e+02  2.363050e+02
  1.807720e+02  2.546580e+02
  1.760890e+02  2.740465e+02
  1.715280e+02  2.937200e+02
  1.670850e+02  3.144335e+02
  1.627570e+02  3.346690e+02
  1.585410e+02  3.543705e+02
  1.544340e+02  3.761420e+02
  1.504340e+02  3.970205e+02
  1.465370e+02  4.185220e+02
  1.427410e+02  4.410745e+02
  1.390440e+02  4.626600e+02
  1.354420e+02  4.838940e+02
  1.319340e+02  5.049365e+02
  1.285160e+02  5.259665e+02
  1.251870e+02  5.468845e+02
  1.219440e+02  5.679300e+02
  1.187850e+02  5.892390e+02
  1.157090e+02  6.103340e+02
  1.127110e+02  6.300945e+02
  1.097920e+02  6.512360e+02
  1.069480e+02  6.717565e+02
  1.041770e+02  6.929625e+02
  1.014790e+02  7.128680e+02
  9.885030e+01  7.314360e+02
  9.628970e+01  7.483725e+02
  9.379550e+01  7.636905e+02
  9.136590e+01  7.789030e+02
  8.899920e+01  7.919270e+02
  8.669380e+01  8.040334e+02
  8.444820e+01  8.137555e+02
  8.226070e+01  8.198160e+02
  8.012980e+01  8.262805e+02
  7.805420e+01  8.280210e+02
  7.603240e+01  8.259825e+02
  7.406290e+01  8.212865e+02
  7.214440e+01  8.136395e+02
  7.027560e+01  8.014410e+02
  6.845520e+01  7.847015e+02
  6.668200e+01  7.623555e+02
  6.495470e+01  7.375170e+02
  6.327220e+01  7.113650e+02
  6.163320e+01  6.817030e+02
  6.003670e+01  6.509235e+02
  5.848160e+01  6.202480e+02
  5.696670e+01  5.910610e+02
  5.549110e+01  5.619880e+02
  5.405370e+01  5.232425e+02
  5.265350e+01  4.829450e+02
  5.128960e+01  4.417325e+02
  4.996100e+01  4.023070e+02
  4.866690e+01  3.569635e+02
  4.740620e+01  3.117735e+02
  4.617830e+01  2.710175e+02
  4.498210e+01  2.333770e+02
  4.381690e+01  2.114865e+02
  4.268190e+01  1.927995e+02
  4.157630e+01  1.737510e+02
  4.049930e+01  1.558070e+02
  3.945030e+01  1.427360e+02
  3.842840e+01  1.313585e+02
  3.743290e+01  1.223540e+02
  3.646330e+01  1.129790e+02
  3.551880e+01  1.043300e+02
  3.459870e+01  9.480985e+01
  3.370250e+01  8.495775e+01
  3.282950e+01  7.616530e+01
  3.197910e+01  6.798109e+01
  3.115070e+01  6.066540e+01
  3.034380e+01  5.301340e+01
  2.955780e+01  4.602050e+01
  2.879220e+01  4.017220e+01
  2.804640e+01  3.415470e+01
  2.731990e+01  2.921990e+01
  2.661220e+01  2.440570e+01
  2.592290e+01  2.035290e+01
  2.525140e+01  1.672510e+01
  2.459730e+01  1.341310e+01
  2.396010e+01  1.086975e+01
  2.333950e+01  8.550580e+00
  2.273490e+01  6.588410e+00
  2.214600e+01  4.810250e+00
  2.157230e+01  3.488125e+00
  2.101350e+01  2.510215e+00
  2.046920e+01  1.770240e+00
  1.993900e+01  1.229335e+00
  1.942250e+01  8.779770e-01
  1.891940e+01  5.884920e-01
  1.842930e+01  4.996625e-01
  1.795200e+01  4.917325e-01
  1.748690e+01  4.750760e-01
  1.703400e+01  4.996625e-01
  1.659270e+01  6.218020e-01
  1.616290e+01  7.264930e-01
  1.574430e+01  8.652880e-01
  1.533640e+01  1.033435e+00
  1.493920e+01  1.142885e+00
  1.455220e+01  1.085775e+00
  1.417520e+01  8.882930e-01
  1.380800e+01  5.147310e-01
  1.345040e+01  2.165210e-01
  1.310200e+01  1.054857e-01
  1.276260e+01  3.013850e-02
  1.243200e+01  1.348290e-02
  1.211000e+01  3.172450e-03
  1.179630e+01  1.586200e-03
  1.149070e+01  7.931000e-04
  1.119310e+01  7.931000e-04
  1.090310e+01  0.000000e+00
  1.062070e+01  0.000000e+00
  1.034560e+01  7.931000e-04
  1.007760e+01  7.931000e-04
  9.816600e+00  7.931000e-04
  9.562300e+00  7.931000e-04
  9.314600e+00  0.000000e+00
  9.073300e+00  7.931000e-04
  8.838300e+00  1.586200e-03
  8.609300e+00  7.931000e-04
  8.386300e+00  4.758650e-03
  8.169100e+00  1.031040e-02
  7.957500e+00  2.537965e-02
  7.751400e+00  4.124200e-02
  7.550600e+00  9.517451e-02
  7.355000e+00  8.089830e-02
  7.164500e+00  1.070710e-01
  6.978900e+00  9.279555e-02
  6.798100e+00  6.107005e-02
  6.622000e+00  4.600080e-02
  6.450500e+00  4.600090e-02
  6.283400e+00  3.410395e-02
  6.120600e+00  4.600115e-02
  5.962100e+00  2.617285e-02
  5.807600e+00  3.251785e-02
  5.657200e+00  3.569030e-02
  5.510700e+00  4.203515e-02
  5.367900e+00  2.537980e-02
  5.228900e+00  3.331085e-02
  5.093400e+00  3.489710e-02
  4.961500e+00  3.093150e-02
  4.833000e+00  2.775905e-02
  4.707800e+00  2.220725e-02
  4.585800e+00  1.744850e-02
  4.467100e+00  1.744855e-02
  4.351300e+00  1.824165e-02
  4.238600e+00  2.617285e-02
  4.128800e+00  2.141410e-02
  4.021900e+00  3.331095e-02
  3.917700e+00  2.300030e-02
  3.816200e+00  2.379355e-02
  3.717400e+00  2.537975e-02
  3.621100e+00  2.062100e-02
  3.527300e+00  3.013835e-02
  3.435900e+00  2.141400e-02
  3.346900e+00  1.824155e-02
  3.260200e+00  1.427600e-02
  3.175800e+00  1.268980e-02
  3.093500e+00  9.517300e-03
  3.013400e+00  7.931050e-03
  2.935300e+00  7.931000e-03
  2.859300e+00  1.586225e-02
  2.785200e+00  1.665540e-02
  2.713100e+00  1.506915e-02
  2.642800e+00  1.586235e-02
  2.574300e+00  1.189665e-02
  2.507600e+00  1.744845e-02
  2.442700e+00  1.506915e-02
  2.379400e+00  1.586220e-02
  2.317800e+00  8.724200e-03
  2.257700e+00  1.427595e-02
  2.199300e+00  1.824165e-02
  2.142300e+00  1.903470e-02
  2.086800e+00  1.982770e-02
  2.032700e+00  1.189670e-02
  1.980100e+00  1.744840e-02
  1.928800e+00  7.138000e-03
  1.878800e+00  1.110355e-02
  1.830200e+00  1.189665e-02
  1.782800e+00  1.348300e-02
  1.736600e+00  1.110350e-02
  1.691600e+00  1.348295e-02
  1.647800e+00  1.268970e-02
  1.605100e+00  7.138000e-03
  1.563500e+00  8.724150e-03
  1.523000e+00  7.931150e-03
  1.483600e+00  3.965500e-03
  1.445100e+00  3.965500e-03
  1.407700e+00  4.758650e-03
  1.371200e+00  1.586200e-03
  1.335700e+00  3.965600e-03
  1.301100e+00  4.758700e-03
  1.267400e+00  4.758600e-03
  1.234600e+00  2.379300e-03
  1.202600e+00  6.344850e-03
  1.171500e+00  3.172400e-03
  1.141100e+00  3.965500e-03
  1.111600e+00  1.586200e-03
  1.082800e+00  4.758650e-03
  1.054700e+00  1.586200e-03
  1.027400e+00  3.172450e-03
  1.000800e+00  3.172450e-03
  9.749000e-01  2.379300e-03
  9.496000e-01  2.379300e-03
  9.250000e-01  3.965500e-03
  9.010000e-01  6.344900e-03
  8.777000e-01  6.344850e-03
  8.550000e-01  3.172450e-03
  8.328000e-01  3.965500e-03
  8.113000e-01  4.758700e-03
  7.902000e-01  3.172400e-03
  7.698000e-01  5.551700e-03
  7.498000e-01  1.586200e-03
  7.304000e-01  4.758600e-03
  7.115000e-01  3.965500e-03
  6.931000e-01  5.551700e-03
  6.751000e-01  1.031045e-02
  6.576000e-01  6.344850e-03
  6.406000e-01  1.427600e-02
  6.240000e-01  2.379350e-03
  6.078000e-01  6.344850e-03
  5.921000e-01  6.344900e-03
  5.767000e-01  3.965500e-03
  5.618000e-01  3.172400e-03
  5.472000e-01  4.758700e-03
  5.331000e-01  6.344850e-03
  5.193000e-01  2.379350e-03
  5.058000e-01  7.931050e-03
  4.927000e-01  2.379300e-03
  4.799000e-01  2.379350e-03
  4.675000e-01  4.758600e-03
  4.554000e-01  5.551750e-03
  4.436000e-01  6.344900e-03
  4.321000e-01  3.172400e-03
  4.209000e-01  4.758600e-03
  4.100000e-01  4.758600e-03
  3.994000e-01  1.110350e-02
  3.891000e-01  6.344950e-03
  3.790000e-01  1.586200e-03
  3.692000e-01  3.965500e-03
  3.596000e-01  4.758750e-03
  3.503000e-01  5.551700e-03
  3.412000e-01  3.965500e-03
  3.324000e-01  7.931100e-03
  3.238000e-01  1.586200e-03
  3.154000e-01  3.965500e-03
  3.072000e-01  7.931000e-04
  2.992000e-01  3.172450e-03
  2.915000e-01  3.965500e-03
  2.839000e-01  9.517300e-03
  2.766000e-01  7.931000e-04
  2.694000e-01  1.586200e-03
  2.624000e-01  1.586200e-03
  2.556000e-01  3.965550e-03
  2.490000e-01  4.758700e-03
  2.426000e-01  2.379300e-03
  2.363000e-01  1.586200e-03
  2.302000e-01  3.965500e-03
  2.242000e-01  1.586200e-03
  2.184000e-01  3.965500e-03
  2.127000e-01  7.931000e-04
  2.072000e-01  1.586200e-03
  2.019000e-01  2.379300e-03
  1.966000e-01  7.931000e-04
  1.915000e-01  1.586200e-03
  1.866000e-01  7.931000e-04
  1.817000e-01  1.586200e-03
  1.770000e-01  1.586200e-03
  1.725000e-01  0.000000e+00
  1.680000e-01  0.000000e+00
  1.636000e-01  7.931000e-04
  1.594000e-01  7.931000e-04
  1.553000e-01  0.000000e+00
  1.512000e-01  1.586200e-03
  1.473000e-01  0.000000e+00
  1.435000e-01  0.000000e+00
  1.398000e-01  0.000000e+00
  1.362000e-01  0.000000e+00
  1.326000e-01  0.000000e+00
  1.292000e-01  0.000000e+00
  1.259000e-01  0.000000e+00
  1.226000e-01  0.000000e+00
  1.194000e-01  0.000000e+00
  1.163000e-01  7.931000e-04
  1.133000e-01  0.000000e+00
  1.104000e-01  0.000000e+00
  1.075000e-01  0.000000e+00
  1.047000e-01  0.000000e+00
  1.020000e-01  0.000000e+00
  9.940000e-02  7.931000e-04
  9.680000e-02  0.000000e+00
  9.430000e-02  0.000000e+00
  9.190000e-02  0.000000e+00
  8.950000e-02  0.000000e+00
  8.720000e-02  7.931000e-04
  8.490000e-02  0.000000e+00
  8.270000e-02  0.000000e+00
  8.060000e-02  0.000000e+00
  7.850000e-02  0.000000e+00
  7.640000e-02  0.000000e+00
  7.450000e-02  0.000000e+00
  7.250000e-02  0.000000e+00
  7.070000e-02  0.000000e+00
  6.880000e-02  0.000000e+00
  6.700000e-02  0.000000e+00
  6.530000e-02  0.000000e+00
  6.360000e-02  0.000000e+00
  6.200000e-02  0.000000e+00
  6.040000e-02  0.000000e+00
  5.880000e-02  0.000000e+00
  5.730000e-02  0.000000e+00
  5.580000e-02  0.000000e+00
  5.430000e-02  0.000000e+00
  5.290000e-02  0.000000e+00
  5.160000e-02  0.000000e+00
  5.020000e-02  7.931000e-04
  4.890000e-02  0.000000e+00
  4.770000e-02  0.000000e+00
  4.640000e-02  0.000000e+00
  4.520000e-02  0.000000e+00
  4.410000e-02  0.000000e+00
  4.290000e-02  0.000000e+00
  4.180000e-02  0.000000e+00
  4.070000e-02  0.000000e+00
  3.970000e-02  0.000000e+00
  3.860000e-02  0.000000e+00
  3.760000e-02  0.000000e+00
  3.670000e-02  0.000000e+00
  3.570000e-02  0.000000e+00
  3.480000e-02  0.000000e+00
  3.390000e-02  0.000000e+00
  3.300000e-02  0.000000e+00
  3.220000e-02  0.000000e+00
  3.130000e-02  0.000000e+00
  3.050000e-02  0.000000e+00
  2.970000e-02  0.000000e+00
  2.890000e-02  0.000000e+00
  2.820000e-02  0.000000e+00
  2.750000e-02  0.000000e+00
  2.680000e-02  0.000000e+00
  2.610000e-02  0.000000e+00
  2.540000e-02  0.000000e+00
  2.470000e-02  0.000000e+00
  2.410000e-02  0.000000e+00
  2.350000e-02  0.000000e+00
  2.290000e-02  0.000000e+00
  2.230000e-02  0.000000e+00
  2.170000e-02  0.000000e+00
  2.110000e-02  0.000000e+00
  2.060000e-02  0.000000e+00
  2.000000e-02  0.000000e+00
  1.950000e-02  0.000000e+00
  1.900000e-02  0.000000e+00
  1.850000e-02  0.000000e+00
  1.800000e-02  0.000000e+00
  1.760000e-02  0.000000e+00
  1.710000e-02  0.000000e+00
  1.670000e-02  0.000000e+00
  1.630000e-02  0.000000e+00
  1.580000e-02  0.000000e+00
  1.540000e-02  0.000000e+00
  1.500000e-02  0.000000e+00
  1.460000e-02  0.000000e+00
  1.430000e-02  0.000000e+00
  1.390000e-02  0.000000e+00
  1.350000e-02  0.000000e+00
  1.320000e-02  0.000000e+00
  1.280000e-02  0.000000e+00
  1.250000e-02  0.000000e+00
  1.220000e-02  0.000000e+00
  1.190000e-02  0.000000e+00
  1.160000e-02  0.000000e+00
  1.130000e-02  0.000000e+00
  1.100000e-02  2.220725e-02
  1.070000e-02  3.727645e-02
  1.040000e-02  2.537970e-02
  1.010000e-02  1.173815e-01
