  4.934820e+03  1.797285e-02
  4.806990e+03  2.156750e-03
  4.682470e+03  1.437800e-03
  4.561180e+03  6.470150e-03
  4.443030e+03  7.189000e-04
  4.327940e+03  2.875600e-03
  4.215830e+03  1.437800e-03
  4.106630e+03  7.189000e-04
  4.000250e+03  2.875600e-03
  3.896630e+03  1.437800e-03
  3.795700e+03  2.875600e-03
  3.697380e+03  3.594500e-03
  3.601600e+03  4.313400e-03
  3.508310e+03  3.594500e-03
  3.417430e+03  4.313400e-03
  3.328910e+03  6.470150e-03
  3.242680e+03  4.313450e-03
  3.158680e+03  4.313400e-03
  3.076860e+03  5.751250e-03
  2.997160e+03  8.626950e-03
  2.919530e+03  8.626950e-03
  2.843900e+03  1.222160e-02
  2.770230e+03  1.150260e-02
  2.698480e+03  9.345749e-03
  2.628580e+03  9.345800e-03
  2.560490e+03  1.941065e-02
  2.494160e+03  1.797285e-02
  2.429550e+03  1.797280e-02
  2.366620e+03  2.084860e-02
  2.305320e+03  1.437825e-02
  2.245600e+03  1.078360e-02
  2.187430e+03  3.091340e-02
  2.130770e+03  2.156740e-02
  2.075580e+03  2.228635e-02
  2.021810e+03  3.235135e-02
  1.969440e+03  2.947560e-02
  1.918430e+03  3.307015e-02
  1.868730e+03  4.025935e-02
  1.820330e+03  4.241620e-02
  1.773170e+03  3.738370e-02
  1.727240e+03  4.888645e-02
  1.682500e+03  5.823255e-02
  1.638920e+03  5.535685e-02
  1.596470e+03  7.764335e-02
  1.555110e+03  8.483180e-02
  1.514830e+03  8.986470e-02
  1.475590e+03  8.555120e-02
  1.437370e+03  1.035240e-01
  1.400140e+03  1.028038e-01
  1.363870e+03  1.171830e-01
  1.328540e+03  1.416260e-01
  1.294120e+03  1.516900e-01
  1.260600e+03  1.560045e-01
  1.227950e+03  1.689445e-01
  1.196140e+03  1.948255e-01
  1.165160e+03  1.797285e-01
  1.134980e+03  2.286140e-01
  1.105580e+03  2.530570e-01
  1.076940e+03  2.573710e-01
  1.049040e+03  3.120090e-01
  1.021870e+03  3.335765e-01
  9.953980e+02  3.824625e-01
  9.696140e+02  3.896530e-01
  9.444970e+02  4.306300e-01
  9.200320e+02  5.046800e-01
  8.962000e+02  5.686625e-01
  8.729850e+02  6.017325e-01
  8.503720e+02  7.110060e-01
  8.283450e+02  7.210720e-01
  8.068880e+02  8.353785e-01
  7.859870e+02  9.604730e-01
  7.656270e+02  1.019415e+00
  7.457950e+02  1.169670e+00
  7.264760e+02  1.266015e+00
  7.076580e+02  1.505405e+00
  6.893270e+02  1.632650e+00
  6.714710e+02  1.773565e+00
  6.540780e+02  1.979890e+00
  6.371350e+02  2.169680e+00
  6.206310e+02  2.493200e+00
  6.045550e+02  2.764955e+00
  5.888950e+02  3.070475e+00
  5.736410e+02  3.411965e+00
  5.587810e+02  3.647785e+00
  5.443070e+02  4.108590e+00
  5.302080e+02  4.665750e+00
  5.164740e+02  5.111490e+00
  5.030950e+02  5.619020e+00
  4.900630e+02  6.309920e+00
  4.773690e+02  6.793025e+00
  4.650040e+02  7.542850e+00
  4.529580e+02  8.320720e+00
  4.412250e+02  9.140280e+00
  4.297960e+02  1.002895e+01
  4.186630e+02  1.099150e+01
  4.078180e+02  1.212300e+01
  3.972540e+02  1.342865e+01
  3.869640e+02  1.471040e+01
  3.769400e+02  1.620580e+01
  3.671770e+02  1.793895e+01
  3.576650e+02  1.953225e+01
  3.484010e+02  2.168110e+01
  3.393760e+02  2.346250e+01
  3.305850e+02  2.539710e+01
  3.220220e+02  2.749995e+01
  3.136800e+02  2.992275e+01
  3.055550e+02  3.272440e+01
  2.976400e+02  3.566755e+01
  2.899300e+02  3.896225e+01
  2.824200e+02  4.245475e+01
  2.751040e+02  4.577910e+01
  2.679780e+02  4.983505e+01
  2.610370e+02  5.389275e+01
  2.542750e+02  5.785970e+01
  2.476890e+02  6.296190e+01
  2.412730e+02  6.844155e+01
  2.350230e+02  7.388075e+01
  2.289350e+02  7.964930e+01
  2.230050e+02  8.633945e+01
  2.172280e+02  9.155745e+01
  2.116010e+02  9.909590e+01
  2.061200e+02  1.055920e+02
  2.007810e+02  1.129680e+02
  1.955800e+02  1.214085e+02
  1.905140e+02  1.301165e+02
  1.855790e+02  1.404860e+02
  1.807720e+02  1.506860e+02
  1.760890e+02  1.605975e+02
  1.715280e+02  1.703620e+02
  1.670850e+02  1.797645e+02
  1.627570e+02  1.895580e+02
  1.585410e+02  2.004090e+02
  1.544340e+02  2.106795e+02
  1.504340e+02  2.204210e+02
  1.465370e+02  2.304210e+02
  1.427410e+02  2.417195e+02
  1.390440e+02  2.511600e+02
  1.354420e+02  2.611290e+02
  1.319340e+02  2.704150e+02
  1.285160e+02  2.797305e+02
  1.251870e+02  2.889265e+02
  1.219440e+02  2.977120e+02
  1.187850e+02  3.088595e+02
  1.157090e+02  3.182995e+02
  1.127110e+02  3.277000e+02
  1.097920e+02  3.366090e+02
  1.069480e+02  3.470930e+02
  1.041770e+02  3.585350e+02
  1.014790e+02  3.688465e+02
  9.885030e+01  3.788530e+02
  9.628970e+01  3.904415e+02
  9.379550e+01  4.007525e+02
  9.136590e+01  4.109455e+02
  8.899920e+01  4.211985e+02
  8.669380e+01  4.327410e+02
  8.444820e+01  4.432200e+02
  8.226070e+01  4.539830e+02
  8.012980e+01  4.645730e+02
  7.805420e+01  4.767150e+02
  7.603240e+01  4.880100e+02
  7.406290e+01  4.984250e+02
  7.214440e+01  5.082035e+02
  7.027560e+01  5.174300e+02
  6.845520e+01  5.270815e+02
  6.668200e+01  5.347380e+02
  6.495470e+01  5.403685e+02
  6.327220e+01  5.435915e+02
  6.163320e+01  5.450755e+02
  6.003670e+01  5.422345e+02
  5.848160e+01  5.409090e+02
  5.696670e+01  5.373540e+02
  5.549110e+01  5.329995e+02
  5.405370e+01  5.310385e+02
  5.265350e+01  5.278335e+02
  5.128960e+01  5.233845e+02
  4.996100e+01  5.164435e+02
  4.866690e+01  5.103690e+02
  4.740620e+01  4.987655e+02
  4.617830e+01  4.865280e+02
  4.498210e+01  4.684365e+02
  4.381690e+01  4.583690e+02
  4.268190e+01  4.444275e+02
  4.157630e+01  4.305520e+02
  4.049930e+01  4.161445e+02
  3.945030e+01  4.030120e+02
  3.842840e+01  3.928780e+02
  3.743290e+01  3.802495e+02
  3.646330e+01  3.713610e+02
  3.551880e+01  3.603915e+02
  3.459870e+01  3.504815e+02
  3.370250e+01  3.377165e+02
  3.282950e+01  3.263820e+02
  3.197910e+01  3.144685e+02
  3.115070e+01  3.033910e+02
  3.034380e+01  2.924285e+02
  2.955780e+01  2.803750e+02
  2.879220e+01  2.680735e+02
  2.804640e+01  2.565625e+02
  2.731990e+01  2.433390e+02
  2.661220e+01  2.309765e+02
  2.592290e+01  2.173300e+02
  2.525140e+01  2.050180e+02
  2.459730e+01  1.928825e+02
  2.396010e+01  1.798840e+02
  2.333950e+01  1.670025e+02
  2.273490e+01  1.549340e+02
  2.214600e+01  1.411585e+02
  2.157230e+01  1.284600e+02
  2.101350e+01  1.148855e+02
  2.046920e+01  1.031490e+02
  1.993900e+01  9.183279e+01
  1.942250e+01  8.224760e+01
  1.891940e+01  7.459895e+01
  1.842930e+01  7.154940e+01
  1.795200e+01  6.872610e+01
  1.748690e+01  7.010435e+01
  1.703400e+01  7.166010e+01
  1.659270e+01  7.689590e+01
  1.616290e+01  8.163139e+01
  1.574430e+01  8.758255e+01
  1.533640e+01  9.267680e+01
  1.493920e+01  9.752950e+01
  1.455220e+01  9.783205e+01
  1.417520e+01  9.231815e+01
  1.380800e+01  7.946885e+01
  1.345040e+01  6.294380e+01
  1.310200e+01  4.645835e+01
  1.276260e+01  3.206725e+01
  1.243200e+01  2.187150e+01
  1.211000e+01  1.441210e+01
  1.179630e+01  9.190605e+00
  1.149070e+01  5.981370e+00
  1.119310e+01  4.141665e+00
  1.090310e+01  3.087020e+00
  1.062070e+01  2.299805e+00
  1.034560e+01  1.677235e+00
  1.007760e+01  1.166800e+00
  9.816600e+00  8.332215e-01
  9.562300e+00  5.959805e-01
  9.314600e+00  6.894390e-01
  9.073300e+00  1.287580e+00
  8.838300e+00  2.404770e+00
  8.609300e+00  4.800910e+00
  8.386300e+00  9.046105e+00
  8.169100e+00  1.683845e+01
  7.957500e+00  2.898020e+01
  7.751400e+00  3.866115e+01
  7.550600e+00  5.157645e+01
  7.355000e+00  5.283805e+01
  7.164500e+00  4.905155e+01
  6.978900e+00  4.481135e+01
  6.798100e+00  3.911410e+01
  6.622000e+00  3.367320e+01
  6.450500e+00  2.912970e+01
  6.283400e+00  2.472635e+01
  6.120600e+00  2.080975e+01
  5.962100e+00  1.806840e+01
  5.807600e+00  1.589170e+01
  5.657200e+00  1.453785e+01
  5.510700e+00  1.311160e+01
  5.367900e+00  1.126825e+01
  5.228900e+00  9.189165e+00
  5.093400e+00  7.619070e+00
  4.961500e+00  6.263200e+00
  4.833000e+00  5.378200e+00
  4.707800e+00  4.662870e+00
  4.585800e+00  3.276100e+00
  4.467100e+00  2.682995e+00
  4.351300e+00  2.293340e+00
  4.238600e+00  2.026620e+00
  4.128800e+00  1.741210e+00
  4.021900e+00  2.394710e+00
  3.917700e+00  1.603195e+00
  3.816200e+00  9.856325e-01
  3.717400e+00  8.641371e-01
  3.621100e+00  6.808125e-01
  3.527300e+00  6.455875e-01
  3.435900e+00  5.233710e-01
  3.346900e+00  4.033115e-01
  3.260200e+00  2.739060e-01
  3.175800e+00  1.804470e-01
  3.093500e+00  1.294045e-01
  3.013400e+00  9.777215e-02
  2.935300e+00  9.920955e-02
  2.859300e+00  1.545660e-01
  2.785200e+00  1.869180e-01
  2.713100e+00  2.401170e-01
  2.642800e+00  2.487440e-01
  2.574300e+00  2.652795e-01
  2.507600e+00  1.991390e-01
  2.442700e+00  1.977005e-01
  2.379400e+00  2.048915e-01
  2.317800e+00  1.861985e-01
  2.257700e+00  1.768530e-01
  2.199300e+00  2.063290e-01
  2.142300e+00  1.653505e-01
  2.086800e+00  1.660690e-01
  2.032700e+00  1.574420e-01
  1.980100e+00  1.905125e-01
  1.928800e+00  1.250900e-01
  1.878800e+00  1.279665e-01
  1.830200e+00  1.459395e-01
  1.782800e+00  2.099230e-01
  1.736600e+00  1.315615e-01
  1.691600e+00  1.480960e-01
  1.647800e+00  1.272470e-01
  1.605100e+00  1.308435e-01
  1.563500e+00  1.171835e-01
  1.523000e+00  1.107120e-01
  1.483600e+00  1.157460e-01
  1.445100e+00  1.229340e-01
  1.407700e+00  1.035235e-01
  1.371200e+00  1.107130e-01
  1.335700e+00  1.114315e-01
  1.301100e+00  1.020860e-01
  1.267400e+00  9.273950e-02
  1.234600e+00  1.071185e-01
  1.202600e+00  1.186210e-01
  1.171500e+00  8.986470e-02
  1.141100e+00  9.921035e-02
  1.111600e+00  9.202175e-02
  1.082800e+00  9.417745e-02
  1.054700e+00  1.135885e-01
  1.027400e+00  9.058395e-02
  1.000800e+00  1.035226e-01
  9.749000e-01  1.020856e-01
  9.496000e-01  1.322805e-01
  9.250000e-01  1.279670e-01
  9.010000e-01  1.315615e-01
  8.777000e-01  1.164640e-01
  8.550000e-01  1.423445e-01
  8.328000e-01  1.229330e-01
  8.113000e-01  1.416255e-01
  7.902000e-01  1.516905e-01
  7.698000e-01  1.329985e-01
  7.498000e-01  1.480965e-01
  7.304000e-01  1.380315e-01
  7.115000e-01  1.337175e-01
  6.931000e-01  1.581605e-01
  6.751000e-01  2.041710e-01
  6.576000e-01  2.573720e-01
  6.406000e-01  2.480255e-01
  6.240000e-01  1.595990e-01
  6.078000e-01  2.458690e-01
  5.921000e-01  2.127995e-01
  5.767000e-01  1.394685e-01
  5.618000e-01  1.495340e-01
  5.472000e-01  1.365930e-01
  5.331000e-01  2.214250e-01
  5.193000e-01  2.580905e-01
  5.058000e-01  2.839715e-01
  4.927000e-01  1.689440e-01
  4.799000e-01  1.682260e-01
  4.675000e-01  1.524095e-01
  4.554000e-01  1.509715e-01
  4.436000e-01  1.430650e-01
  4.321000e-01  1.143080e-01
  4.209000e-01  1.179020e-01
  4.100000e-01  1.121510e-01
  3.994000e-01  1.977015e-01
  3.891000e-01  1.358740e-01
  3.790000e-01  1.214955e-01
  3.692000e-01  9.921110e-02
  3.596000e-01  1.107125e-01
  3.503000e-01  1.006487e-01
  3.412000e-01  8.555050e-02
  3.324000e-01  9.561470e-02
  3.238000e-01  6.326514e-02
  3.154000e-01  6.398350e-02
  3.072000e-01  6.973520e-02
  2.992000e-01  6.542200e-02
  2.915000e-01  4.888655e-02
  2.839000e-01  4.816760e-02
  2.766000e-01  5.104290e-02
  2.694000e-01  3.954050e-02
  2.624000e-01  4.169715e-02
  2.556000e-01  3.666465e-02
  2.490000e-01  2.731880e-02
  2.426000e-01  2.516210e-02
  2.363000e-01  2.444315e-02
  2.302000e-01  2.300520e-02
  2.242000e-01  1.869165e-02
  2.184000e-01  1.581610e-02
  2.127000e-01  6.470200e-03
  2.072000e-01  9.345850e-03
  2.019000e-01  3.594550e-03
  1.966000e-01  1.078375e-02
  1.915000e-01  8.626950e-03
  1.866000e-01  3.594500e-03
  1.817000e-01  7.189050e-03
  1.770000e-01  3.594500e-03
  1.725000e-01  7.189050e-03
  1.680000e-01  3.594550e-03
  1.636000e-01  2.156700e-03
  1.594000e-01  4.313450e-03
  1.553000e-01  1.437800e-03
  1.512000e-01  1.437800e-03
  1.473000e-01  7.189000e-04
  1.435000e-01  1.437800e-03
  1.398000e-01  7.189000e-04
  1.362000e-01  1.437800e-03
  1.326000e-01  1.437800e-03
  1.292000e-01  7.189000e-04
  1.259000e-01  1.437800e-03
  1.226000e-01  1.437800e-03
  1.194000e-01  1.437850e-03
  1.163000e-01  7.189000e-04
  1.133000e-01  2.156750e-03
  1.104000e-01  1.437800e-03
  1.075000e-01  7.189000e-04
  1.047000e-01  1.437800e-03
  1.020000e-01  3.594550e-03
  9.940000e-02  2.156700e-03
  9.680000e-02  7.189000e-04
  9.430000e-02  3.594550e-03
  9.190000e-02  7.189000e-04
  8.950000e-02  2.156700e-03
  8.720000e-02  7.189000e-04
  8.490000e-02  1.437800e-03
  8.270000e-02  1.437800e-03
  8.060000e-02  0.000000e+00
  7.850000e-02  2.156700e-03
  7.640000e-02  1.437800e-03
  7.450000e-02  1.437800e-03
  7.250000e-02  0.000000e+00
  7.070000e-02  7.189000e-04
  6.880000e-02  2.156750e-03
  6.700000e-02  2.156700e-03
  6.530000e-02  7.189000e-04
  6.360000e-02  7.189000e-04
  6.200000e-02  2.156700e-03
  6.040000e-02  7.189000e-04
  5.880000e-02  2.875600e-03
  5.730000e-02  0.000000e+00
  5.580000e-02  7.189000e-04
  5.430000e-02  1.437800e-03
  5.290000e-02  1.437800e-03
  5.160000e-02  7.189000e-04
  5.020000e-02  1.437800e-03
  4.890000e-02  1.437800e-03
  4.770000e-02  0.000000e+00
  4.640000e-02  0.000000e+00
  4.520000e-02  0.000000e+00
  4.410000e-02  0.000000e+00
  4.290000e-02  1.437800e-03
  4.180000e-02  1.437800e-03
  4.070000e-02  0.000000e+00
  3.970000e-02  7.189000e-04
  3.860000e-02  0.000000e+00
  3.760000e-02  7.189000e-04
  3.670000e-02  2.875600e-03
  3.570000e-02  1.437800e-03
  3.480000e-02  0.000000e+00
  3.390000e-02  0.000000e+00
  3.300000e-02  0.000000e+00
  3.220000e-02  7.189000e-04
  3.130000e-02  1.437800e-03
  3.050000e-02  7.189000e-04
  2.970000e-02  0.000000e+00
  2.890000e-02  0.000000e+00
  2.820000e-02  0.000000e+00
  2.750000e-02  0.000000e+00
  2.680000e-02  7.189000e-04
  2.610000e-02  0.000000e+00
  2.540000e-02  7.189000e-04
  2.470000e-02  0.000000e+00
  2.410000e-02  7.189000e-04
  2.350000e-02  7.189000e-04
  2.290000e-02  0.000000e+00
  2.230000e-02  0.000000e+00
  2.170000e-02  0.000000e+00
  2.110000e-02  0.000000e+00
  2.060000e-02  0.000000e+00
  2.000000e-02  0.000000e+00
  1.950000e-02  0.000000e+00
  1.900000e-02  0.000000e+00
  1.850000e-02  0.000000e+00
  1.800000e-02  0.000000e+00
  1.760000e-02  0.000000e+00
  1.710000e-02  0.000000e+00
  1.670000e-02  0.000000e+00
  1.630000e-02  0.000000e+00
  1.580000e-02  0.000000e+00
  1.540000e-02  0.000000e+00
  1.500000e-02  0.000000e+00
  1.460000e-02  0.000000e+00
  1.430000e-02  0.000000e+00
  1.390000e-02  0.000000e+00
  1.350000e-02  7.189000e-04
  1.320000e-02  0.000000e+00
  1.280000e-02  0.000000e+00
  1.250000e-02  0.000000e+00
  1.220000e-02  0.000000e+00
  1.190000e-02  0.000000e+00
  1.160000e-02  0.000000e+00
  1.130000e-02  0.000000e+00
  1.100000e-02  0.000000e+00
  1.070000e-02  0.000000e+00
  1.040000e-02  0.000000e+00
  1.010000e-02  1.437800e-03
