  4.934820e+03  1.294045e-02
  4.806990e+03  7.189000e-04
  4.682470e+03  0.000000e+00
  4.561180e+03  0.000000e+00
  4.443030e+03  7.189000e-04
  4.327940e+03  2.156700e-03
  4.215830e+03  7.189000e-04
  4.106630e+03  3.594500e-03
  4.000250e+03  2.875600e-03
  3.896630e+03  0.000000e+00
  3.795700e+03  2.875600e-03
  3.697380e+03  1.437800e-03
  3.601600e+03  7.189000e-04
  3.508310e+03  6.470250e-03
  3.417430e+03  3.594500e-03
  3.328910e+03  3.594550e-03
  3.242680e+03  5.032300e-03
  3.158680e+03  4.313450e-03
  3.076860e+03  5.032300e-03
  2.997160e+03  7.189150e-03
  2.919530e+03  1.437800e-03
  2.843900e+03  6.470150e-03
  2.770230e+03  5.751300e-03
  2.698480e+03  9.345900e-03
  2.628580e+03  7.908000e-03
  2.560490e+03  7.908000e-03
  2.494160e+03  1.078360e-02
  2.429550e+03  1.078370e-02
  2.366620e+03  1.365935e-02
  2.305320e+03  9.345850e-03
  2.245600e+03  1.869185e-02
  2.187430e+03  1.725395e-02
  2.130770e+03  2.516205e-02
  2.075580e+03  2.300535e-02
  2.021810e+03  2.228645e-02
  1.969440e+03  2.803775e-02
  1.918430e+03  3.522690e-02
  1.868730e+03  2.300535e-02
  1.820330e+03  3.450800e-02
  1.773170e+03  3.882140e-02
  1.727240e+03  4.169740e-02
  1.682500e+03  5.032410e-02
  1.638920e+03  4.960535e-02
  1.596470e+03  6.038915e-02
  1.555110e+03  6.614045e-02
  1.514830e+03  6.829705e-02
  1.475590e+03  8.339401e-02
  1.437370e+03  8.195645e-02
  1.400140e+03  1.028052e-01
  1.363870e+03  9.273975e-02
  1.328540e+03  1.250910e-01
  1.294120e+03  1.229340e-01
  1.260600e+03  1.085546e-01
  1.227950e+03  1.236525e-01
  1.196140e+03  1.588805e-01
  1.165160e+03  1.854790e-01
  1.134980e+03  1.826035e-01
  1.105580e+03  1.969815e-01
  1.076940e+03  2.178310e-01
  1.049040e+03  2.580905e-01
  1.021870e+03  2.401175e-01
  9.953980e+02  3.105720e-01
  9.696140e+02  3.285445e-01
  9.444970e+02  3.918095e-01
  9.200320e+02  4.277560e-01
  8.962000e+02  4.730465e-01
  8.729850e+02  5.413445e-01
  8.503720e+02  6.312080e-01
  8.283450e+02  6.664345e-01
  8.068880e+02  7.728335e-01
  7.859870e+02  8.547885e-01
  7.656270e+02  9.087065e-01
  7.457950e+02  1.053205e+00
  7.264760e+02  1.182610e+00
  7.076580e+02  1.317045e+00
  6.893270e+02  1.433510e+00
  6.714710e+02  1.660690e+00
  6.540780e+02  1.785060e+00
  6.371350e+02  2.015130e+00
  6.206310e+02  2.287595e+00
  6.045550e+02  2.549980e+00
  5.888950e+02  2.871345e+00
  5.736410e+02  3.028070e+00
  5.587810e+02  3.438565e+00
  5.443070e+02  3.899385e+00
  5.302080e+02  4.245900e+00
  5.164740e+02  4.688035e+00
  5.030950e+02  5.229375e+00
  4.900630e+02  5.725435e+00
  4.773690e+02  6.258170e+00
  4.650040e+02  7.139550e+00
  4.529580e+02  7.769325e+00
  4.412250e+02  8.583120e+00
  4.297960e+02  9.536385e+00
  4.186630e+02  1.046315e+01
  4.078180e+02  1.155730e+01
  3.972540e+02  1.257520e+01
  3.869640e+02  1.401455e+01
  3.769400e+02  1.532740e+01
  3.671770e+02  1.687215e+01
  3.576650e+02  1.862490e+01
  3.484010e+02  2.051215e+01
  3.393760e+02  2.234325e+01
  3.305850e+02  2.460045e+01
  3.220220e+02  2.650795e+01
  3.136800e+02  2.886435e+01
  3.055550e+02  3.137425e+01
  2.976400e+02  3.391130e+01
  2.899300e+02  3.722245e+01
  2.824200e+02  4.040590e+01
  2.751040e+02  4.396230e+01
  2.679780e+02  4.791280e+01
  2.610370e+02  5.155415e+01
  2.542750e+02  5.572170e+01
  2.476890e+02  6.041175e+01
  2.412730e+02  6.570455e+01
  2.350230e+02  7.146225e+01
  2.289350e+02  7.676006e+01
  2.230050e+02  8.286145e+01
  2.172280e+02  8.875590e+01
  2.116010e+02  9.524045e+01
  2.061200e+02  1.014135e+02
  2.007810e+02  1.082950e+02
  1.955800e+02  1.169565e+02
  1.905140e+02  1.262645e+02
  1.855790e+02  1.353075e+02
  1.807720e+02  1.450370e+02
  1.760890e+02  1.549555e+02
  1.715280e+02  1.643635e+02
  1.670850e+02  1.738265e+02
  1.627570e+02  1.834490e+02
  1.585410e+02  1.928035e+02
  1.544340e+02  2.032765e+02
  1.504340e+02  2.118545e+02
  1.465370e+02  2.224000e+02
  1.427410e+02  2.327315e+02
  1.390440e+02  2.413490e+02
  1.354420e+02  2.507690e+02
  1.319340e+02  2.593555e+02
  1.285160e+02  2.678720e+02
  1.251870e+02  2.767950e+02
  1.219440e+02  2.862065e+02
  1.187850e+02  2.942790e+02
  1.157090e+02  3.038805e+02
  1.127110e+02  3.130950e+02
  1.097920e+02  3.215190e+02
  1.069480e+02  3.310575e+02
  1.041770e+02  3.406265e+02
  1.014790e+02  3.506990e+02
  9.885030e+01  3.599160e+02
  9.628970e+01  3.704275e+02
  9.379550e+01  3.783040e+02
  9.136590e+01  3.876680e+02
  8.899920e+01  3.992110e+02
  8.669380e+01  4.080135e+02
  8.444820e+01  4.173625e+02
  8.226070e+01  4.277585e+02
  8.012980e+01  4.381475e+02
  7.805420e+01  4.469280e+02
  7.603240e+01  4.576110e+02
  7.406290e+01  4.673665e+02
  7.214440e+01  4.769120e+02
  7.027560e+01  4.842250e+02
  6.845520e+01  4.917790e+02
  6.668200e+01  4.992745e+02
  6.495470e+01  5.037170e+02
  6.327220e+01  5.056930e+02
  6.163320e+01  5.051365e+02
  6.003670e+01  5.021750e+02
  5.848160e+01  4.980950e+02
  5.696670e+01  4.924550e+02
  5.549110e+01  4.871965e+02
  5.405370e+01  4.842010e+02
  5.265350e+01  4.800705e+02
  5.128960e+01  4.751640e+02
  4.996100e+01  4.688230e+02
  4.866690e+01  4.586180e+02
  4.740620e+01  4.479760e+02
  4.617830e+01  4.345475e+02
  4.498210e+01  4.185610e+02
  4.381690e+01  4.058450e+02
  4.268190e+01  3.915795e+02
  4.157630e+01  3.761125e+02
  4.049930e+01  3.602135e+02
  3.945030e+01  3.458795e+02
  3.842840e+01  3.338950e+02
  3.743290e+01  3.216550e+02
  3.646330e+01  3.107040e+02
  3.551880e+01  2.984510e+02
  3.459870e+01  2.869355e+02
  3.370250e+01  2.743585e+02
  3.282950e+01  2.613305e+02
  3.197910e+01  2.490325e+02
  3.115070e+01  2.371110e+02
  3.034380e+01  2.256440e+02
  2.955780e+01  2.127500e+02
  2.879220e+01  2.008090e+02
  2.804640e+01  1.886710e+02
  2.731990e+01  1.767840e+02
  2.661220e+01  1.645740e+02
  2.592290e+01  1.527340e+02
  2.525140e+01  1.409025e+02
  2.459730e+01  1.290570e+02
  2.396010e+01  1.179285e+02
  2.333950e+01  1.069080e+02
  2.273490e+01  9.686369e+01
  2.214600e+01  8.573430e+01
  2.157230e+01  7.545375e+01
  2.101350e+01  6.548095e+01
  2.046920e+01  5.663195e+01
  1.993900e+01  4.894080e+01
  1.942250e+01  4.211840e+01
  1.891940e+01  3.697585e+01
  1.842930e+01  3.420885e+01
  1.795200e+01  3.182490e+01
  1.748690e+01  3.127785e+01
  1.703400e+01  3.094710e+01
  1.659270e+01  3.256685e+01
  1.616290e+01  3.392850e+01
  1.574430e+01  3.511040e+01
  1.533640e+01  3.580145e+01
  1.493920e+01  3.689760e+01
  1.455220e+01  3.602125e+01
  1.417520e+01  3.213265e+01
  1.380800e+01  2.653370e+01
  1.345040e+01  1.963430e+01
  1.310200e+01  1.323165e+01
  1.276260e+01  8.586720e+00
  1.243200e+01  5.247365e+00
  1.211000e+01  3.124410e+00
  1.179630e+01  1.768525e+00
  1.149070e+01  1.074775e+00
  1.119310e+01  6.736240e-01
  1.090310e+01  4.428530e-01
  1.062070e+01  3.407660e-01
  1.034560e+01  2.278955e-01
  1.007760e+01  1.365935e-01
  9.816600e+00  9.346070e-02
  9.562300e+00  7.476750e-02
  9.314600e+00  7.980075e-02
  9.073300e+00  1.423455e-01
  8.838300e+00  3.062575e-01
  8.609300e+00  6.333640e-01
  8.386300e+00  1.250185e+00
  8.169100e+00  2.535615e+00
  7.957500e+00  4.782940e+00
  7.751400e+00  6.565140e+00
  7.550600e+00  9.060486e+00
  7.355000e+00  9.721149e+00
  7.164500e+00  9.092115e+00
  6.978900e+00  8.273270e+00
  6.798100e+00  7.204240e+00
  6.622000e+00  6.339395e+00
  6.450500e+00  5.647790e+00
  6.283400e+00  4.805940e+00
  6.120600e+00  4.094945e+00
  5.962100e+00  3.613980e+00
  5.807600e+00  3.476675e+00
  5.657200e+00  3.208520e+00
  5.510700e+00  3.061865e+00
  5.367900e+00  2.794420e+00
  5.228900e+00  2.388245e+00
  5.093400e+00  2.173285e+00
  4.961500e+00  1.883550e+00
  4.833000e+00  1.668590e+00
  4.707800e+00  1.563640e+00
  4.585800e+00  1.199160e+00
  4.467100e+00  9.942575e-01
  4.351300e+00  9.611865e-01
  4.238600e+00  8.095015e-01
  4.128800e+00  7.361685e-01
  4.021900e+00  1.061830e+00
  3.917700e+00  7.519850e-01
  3.816200e+00  4.629815e-01
  3.717400e+00  3.486740e-01
  3.621100e+00  3.191985e-01
  3.527300e+00  2.746255e-01
  3.435900e+00  2.120800e-01
  3.346900e+00  1.746970e-01
  3.260200e+00  1.078380e-01
  3.175800e+00  6.110850e-02
  3.093500e+00  2.588090e-02
  3.013400e+00  2.516205e-02
  2.935300e+00  2.516200e-02
  2.859300e+00  4.097840e-02
  2.785200e+00  5.679440e-02
  2.713100e+00  6.973540e-02
  2.642800e+00  9.417865e-02
  2.574300e+00  8.555105e-02
  2.507600e+00  6.398370e-02
  2.442700e+00  5.607560e-02
  2.379400e+00  6.326465e-02
  2.317800e+00  5.032430e-02
  2.257700e+00  4.169725e-02
  2.199300e+00  4.672960e-02
  2.142300e+00  3.378915e-02
  2.086800e+00  3.091330e-02
  2.032700e+00  4.025950e-02
  1.980100e+00  3.450805e-02
  1.928800e+00  2.372425e-02
  1.878800e+00  2.228645e-02
  1.830200e+00  2.228640e-02
  1.782800e+00  4.241625e-02
  1.736600e+00  2.731880e-02
  1.691600e+00  2.228630e-02
  1.647800e+00  2.731875e-02
  1.605100e+00  2.228645e-02
  1.563500e+00  2.228645e-02
  1.523000e+00  2.372425e-02
  1.483600e+00  1.509725e-02
  1.445100e+00  1.581610e-02
  1.407700e+00  1.581610e-02
  1.371200e+00  1.797290e-02
  1.335700e+00  2.372425e-02
  1.301100e+00  1.797285e-02
  1.267400e+00  1.869175e-02
  1.234600e+00  1.365930e-02
  1.202600e+00  1.006475e-02
  1.171500e+00  1.078365e-02
  1.141100e+00  6.470150e-03
  1.111600e+00  1.365935e-02
  1.082800e+00  1.222155e-02
  1.054700e+00  1.725400e-02
  1.027400e+00  8.626950e-03
  1.000800e+00  1.150260e-02
  9.749000e-01  1.797285e-02
  9.496000e-01  1.365935e-02
  9.250000e-01  1.365930e-02
  9.010000e-01  1.150265e-02
  8.777000e-01  1.150255e-02
  8.550000e-01  1.006480e-02
  8.328000e-01  1.222150e-02
  8.113000e-01  1.294050e-02
  7.902000e-01  1.150255e-02
  7.698000e-01  1.365925e-02
  7.498000e-01  1.509720e-02
  7.304000e-01  1.006480e-02
  7.115000e-01  1.437835e-02
  6.931000e-01  1.078370e-02
  6.751000e-01  1.581615e-02
  6.576000e-01  2.156740e-02
  6.406000e-01  2.372415e-02
  6.240000e-01  1.581605e-02
  6.078000e-01  2.300535e-02
  5.921000e-01  1.581605e-02
  5.767000e-01  9.345850e-03
  5.618000e-01  1.437825e-02
  5.472000e-01  1.222160e-02
  5.331000e-01  6.470100e-03
  5.193000e-01  1.869175e-02
  5.058000e-01  1.725385e-02
  4.927000e-01  1.869180e-02
  4.799000e-01  1.509720e-02
  4.675000e-01  2.012965e-02
  4.554000e-01  2.012960e-02
  4.436000e-01  8.626900e-03
  4.321000e-01  5.751200e-03
  4.209000e-01  5.751200e-03
  4.100000e-01  1.006480e-02
  3.994000e-01  1.078370e-02
  3.891000e-01  5.032350e-03
  3.790000e-01  8.627000e-03
  3.692000e-01  8.626901e-03
  3.596000e-01  8.626901e-03
  3.503000e-01  1.222155e-02
  3.412000e-01  8.626901e-03
  3.324000e-01  7.189050e-03
  3.238000e-01  3.594500e-03
  3.154000e-01  2.875600e-03
  3.072000e-01  2.156700e-03
  2.992000e-01  9.345850e-03
  2.915000e-01  5.032300e-03
  2.839000e-01  6.470150e-03
  2.766000e-01  2.875600e-03
  2.694000e-01  3.594550e-03
  2.624000e-01  2.156700e-03
  2.556000e-01  2.875600e-03
  2.490000e-01  7.189000e-04
  2.426000e-01  2.875600e-03
  2.363000e-01  3.594550e-03
  2.302000e-01  1.437800e-03
  2.242000e-01  7.189000e-04
  2.184000e-01  0.000000e+00
  2.127000e-01  7.189000e-04
  2.072000e-01  1.437800e-03
  2.019000e-01  7.189000e-04
  1.966000e-01  0.000000e+00
  1.915000e-01  7.189000e-04
  1.866000e-01  0.000000e+00
  1.817000e-01  7.189000e-04
  1.770000e-01  0.000000e+00
  1.725000e-01  0.000000e+00
  1.680000e-01  0.000000e+00
  1.636000e-01  0.000000e+00
  1.594000e-01  0.000000e+00
  1.553000e-01  0.000000e+00
  1.512000e-01  0.000000e+00
  1.473000e-01  0.000000e+00
  1.435000e-01  0.000000e+00
  1.398000e-01  0.000000e+00
  1.362000e-01  0.000000e+00
  1.326000e-01  0.000000e+00
  1.292000e-01  0.000000e+00
  1.259000e-01  0.000000e+00
  1.226000e-01  0.000000e+00
  1.194000e-01  0.000000e+00
  1.163000e-01  0.000000e+00
  1.133000e-01  0.000000e+00
  1.104000e-01  0.000000e+00
  1.075000e-01  0.000000e+00
  1.047000e-01  0.000000e+00
  1.020000e-01  0.000000e+00
  9.940000e-02  0.000000e+00
  9.680000e-02  7.189000e-04
  9.430000e-02  0.000000e+00
  9.190000e-02  0.000000e+00
  8.950000e-02  7.189000e-04
  8.720000e-02  0.000000e+00
  8.490000e-02  0.000000e+00
  8.270000e-02  0.000000e+00
  8.060000e-02  0.000000e+00
  7.850000e-02  0.000000e+00
  7.640000e-02  0.000000e+00
  7.450000e-02  0.000000e+00
  7.250000e-02  0.000000e+00
  7.070000e-02  0.000000e+00
  6.880000e-02  0.000000e+00
  6.700000e-02  0.000000e+00
  6.530000e-02  0.000000e+00
  6.360000e-02  0.000000e+00
  6.200000e-02  0.000000e+00
  6.040000e-02  0.000000e+00
  5.880000e-02  0.000000e+00
  5.730000e-02  0.000000e+00
  5.580000e-02  0.000000e+00
  5.430000e-02  0.000000e+00
  5.290000e-02  0.000000e+00
  5.160000e-02  0.000000e+00
  5.020000e-02  0.000000e+00
  4.890000e-02  0.000000e+00
  4.770000e-02  0.000000e+00
  4.640000e-02  0.000000e+00
  4.520000e-02  0.000000e+00
  4.410000e-02  0.000000e+00
  4.290000e-02  0.000000e+00
  4.180000e-02  0.000000e+00
  4.070000e-02  0.000000e+00
  3.970000e-02  0.000000e+00
  3.860000e-02  0.000000e+00
  3.760000e-02  7.189000e-04
  3.670000e-02  0.000000e+00
  3.570000e-02  7.189000e-04
  3.480000e-02  0.000000e+00
  3.390000e-02  0.000000e+00
  3.300000e-02  0.000000e+00
  3.220000e-02  0.000000e+00
  3.130000e-02  0.000000e+00
  3.050000e-02  0.000000e+00
  2.970000e-02  0.000000e+00
  2.890000e-02  0.000000e+00
  2.820000e-02  0.000000e+00
  2.750000e-02  0.000000e+00
  2.680000e-02  0.000000e+00
  2.610000e-02  0.000000e+00
  2.540000e-02  0.000000e+00
  2.470000e-02  0.000000e+00
  2.410000e-02  0.000000e+00
  2.350000e-02  0.000000e+00
  2.290000e-02  0.000000e+00
  2.230000e-02  0.000000e+00
  2.170000e-02  0.000000e+00
  2.110000e-02  0.000000e+00
  2.060000e-02  0.000000e+00
  2.000000e-02  0.000000e+00
  1.950000e-02  0.000000e+00
  1.900000e-02  0.000000e+00
  1.850000e-02  0.000000e+00
  1.800000e-02  0.000000e+00
  1.760000e-02  0.000000e+00
  1.710000e-02  0.000000e+00
  1.670000e-02  0.000000e+00
  1.630000e-02  0.000000e+00
  1.580000e-02  0.000000e+00
  1.540000e-02  0.000000e+00
  1.500000e-02  0.000000e+00
  1.460000e-02  0.000000e+00
  1.430000e-02  0.000000e+00
  1.390000e-02  0.000000e+00
  1.350000e-02  0.000000e+00
  1.320000e-02  0.000000e+00
  1.280000e-02  0.000000e+00
  1.250000e-02  0.000000e+00
  1.220000e-02  0.000000e+00
  1.190000e-02  0.000000e+00
  1.160000e-02  0.000000e+00
  1.130000e-02  0.000000e+00
  1.100000e-02  0.000000e+00
  1.070000e-02  0.000000e+00
  1.040000e-02  0.000000e+00
  1.010000e-02  0.000000e+00
