  4.934820e+03  0.000000e+00
  4.806990e+03  0.000000e+00
  4.682470e+03  0.000000e+00
  4.561180e+03  0.000000e+00
  4.443030e+03  0.000000e+00
  4.327940e+03  0.000000e+00
  4.215830e+03  0.000000e+00
  4.106630e+03  0.000000e+00
  4.000250e+03  0.000000e+00
  3.896630e+03  0.000000e+00
  3.795700e+03  0.000000e+00
  3.697380e+03  0.000000e+00
  3.601600e+03  0.000000e+00
  3.508310e+03  0.000000e+00
  3.417430e+03  0.000000e+00
  3.328910e+03  0.000000e+00
  3.242680e+03  0.000000e+00
  3.158680e+03  8.802500e-02
  3.076860e+03  0.000000e+00
  2.997160e+03  0.000000e+00
  2.919530e+03  0.000000e+00
  2.843900e+03  8.802500e-02
  2.770230e+03  0.000000e+00
  2.698480e+03  0.000000e+00
  2.628580e+03  0.000000e+00
  2.560490e+03  0.000000e+00
  2.494160e+03  0.000000e+00
  2.429550e+03  0.000000e+00
  2.366620e+03  0.000000e+00
  2.305320e+03  8.802500e-02
  2.245600e+03  0.000000e+00
  2.187430e+03  8.802500e-02
  2.130770e+03  0.000000e+00
  2.075580e+03  0.000000e+00
  2.021810e+03  8.802500e-02
  1.969440e+03  0.000000e+00
  1.918430e+03  8.802500e-02
  1.868730e+03  1.760500e-01
  1.820330e+03  0.000000e+00
  1.773170e+03  8.802500e-02
  1.727240e+03  2.640750e-01
  1.682500e+03  3.521050e-01
  1.638920e+03  1.760500e-01
  1.596470e+03  8.802500e-02
  1.555110e+03  6.161800e-01
  1.514830e+03  7.042050e-01
  1.475590e+03  6.161751e-01
  1.437370e+03  4.401300e-01
  1.400140e+03  1.760500e-01
  1.363870e+03  4.401250e-01
  1.328540e+03  2.640750e-01
  1.294120e+03  6.161751e-01
  1.260600e+03  1.056315e+00
  1.227950e+03  3.521000e-01
  1.196140e+03  9.682800e-01
  1.165160e+03  3.521050e-01
  1.134980e+03  1.056310e+00
  1.105580e+03  8.802600e-01
  1.076940e+03  7.922300e-01
  1.049040e+03  1.320390e+00
  1.021870e+03  1.584475e+00
  9.953980e+02  1.672495e+00
  9.696140e+02  7.922300e-01
  9.444970e+02  1.672505e+00
  9.200320e+02  2.464750e+00
  8.962000e+02  2.464745e+00
  8.729850e+02  3.521060e+00
  8.503720e+02  3.433050e+00
  8.283450e+02  3.873175e+00
  8.068880e+02  3.873185e+00
  7.859870e+02  6.161895e+00
  7.656270e+02  6.778040e+00
  7.457950e+02  6.337930e+00
  7.264760e+02  7.482295e+00
  7.076580e+02  8.450550e+00
  6.893270e+02  1.012306e+01
  6.714710e+02  1.205970e+01
  6.540780e+02  1.170753e+01
  6.371350e+02  1.496465e+01
  6.206310e+02  1.461245e+01
  6.045550e+02  1.487665e+01
  5.888950e+02  1.963005e+01
  5.736410e+02  2.086255e+01
  5.587810e+02  2.588010e+01
  5.443070e+02  2.702440e+01
  5.302080e+02  2.869690e+01
  5.164740e+02  3.776345e+01
  5.030950e+02  4.383755e+01
  4.900630e+02  4.436570e+01
  4.773690e+02  5.422475e+01
  4.650040e+02  5.845005e+01
  4.529580e+02  6.188310e+01
  4.412250e+02  6.998164e+01
  4.297960e+02  8.679480e+01
  4.186630e+02  9.559635e+01
  4.078180e+02  1.119700e+02
  3.972540e+02  1.229735e+02
  3.869640e+02  1.306325e+02
  3.769400e+02  1.538715e+02
  3.671770e+02  1.734130e+02
  3.576650e+02  1.938365e+02
  3.484010e+02  2.148745e+02
  3.393760e+02  2.401385e+02
  3.305850e+02  2.774605e+02
  3.220220e+02  3.109990e+02
  3.136800e+02  3.551895e+02
  3.055550e+02  3.885515e+02
  2.976400e+02  4.427765e+02
  2.899300e+02  4.944480e+02
  2.824200e+02  5.617010e+02
  2.751040e+02  6.256090e+02
  2.679780e+02  6.975260e+02
  2.610370e+02  7.974370e+02
  2.542750e+02  8.805360e+02
  2.476890e+02  1.000430e+03
  2.412730e+02  1.118820e+03
  2.350230e+02  1.273830e+03
  2.289350e+02  1.419440e+03
  2.230050e+02  1.580515e+03
  2.172280e+02  1.766705e+03
  2.116010e+02  1.945920e+03
  2.061200e+02  2.226725e+03
  2.007810e+02  2.447855e+03
  1.955800e+02  2.764585e+03
  1.905140e+02  3.081290e+03
  1.855790e+02  3.441610e+03
  1.807720e+02  3.844495e+03
  1.760890e+02  4.242905e+03
  1.715280e+02  4.747210e+03
  1.670850e+02  5.249050e+03
  1.627570e+02  5.788665e+03
  1.585410e+02  6.377825e+03
  1.544340e+02  7.012160e+03
  1.504340e+02  7.765140e+03
  1.465370e+02  8.514245e+03
  1.427410e+02  9.265020e+03
  1.390440e+02  1.008190e+04
  1.354420e+02  1.107215e+04
  1.319340e+02  1.203510e+04
  1.285160e+02  1.296040e+04
  1.251870e+02  1.410225e+04
  1.219440e+02  1.534075e+04
  1.187850e+02  1.658530e+04
  1.157090e+02  1.789035e+04
  1.127110e+02  1.920070e+04
  1.097920e+02  2.064895e+04
  1.069480e+02  2.229045e+04
  1.041770e+02  2.377200e+04
  1.014790e+02  2.540370e+04
  9.885030e+01  2.715045e+04
  9.628970e+01  2.881175e+04
  9.379550e+01  3.074875e+04
  9.136590e+01  3.259125e+04
  8.899920e+01  3.412980e+04
  8.669380e+01  3.599525e+04
  8.444820e+01  3.780025e+04
  8.226070e+01  3.957620e+04
  8.012980e+01  4.117175e+04
  7.805420e+01  4.283185e+04
  7.603240e+01  4.412995e+04
  7.406290e+01  4.551780e+04
  7.214440e+01  4.666735e+04
  7.027560e+01  4.773655e+04
  6.845520e+01  4.848370e+04
  6.668200e+01  4.892485e+04
  6.495470e+01  4.925980e+04
  6.327220e+01  4.972950e+04
  6.163320e+01  4.989555e+04
  6.003670e+01  5.008750e+04
  5.848160e+01  5.015185e+04
  5.696670e+01  4.995785e+04
  5.549110e+01  4.981850e+04
  5.405370e+01  4.891415e+04
  5.265350e+01  4.770195e+04
  5.128960e+01  4.624445e+04
  4.996100e+01  4.488350e+04
  4.866690e+01  4.270795e+04
  4.740620e+01  4.064540e+04
  4.617830e+01  3.845430e+04
  4.498210e+01  3.627745e+04
  4.381690e+01  3.489520e+04
  4.268190e+01  3.358875e+04
  4.157630e+01  3.208225e+04
  4.049930e+01  3.045490e+04
  3.945030e+01  2.898370e+04
  3.842840e+01  2.782930e+04
  3.743290e+01  2.643420e+04
  3.646330e+01  2.505935e+04
  3.551880e+01  2.367140e+04
  3.459870e+01  2.218060e+04
  3.370250e+01  2.059275e+04
  3.282950e+01  1.901815e+04
  3.197910e+01  1.741475e+04
  3.115070e+01  1.595015e+04
  3.034380e+01  1.454600e+04
  2.955780e+01  1.311490e+04
  2.879220e+01  1.173305e+04
  2.804640e+01  1.036675e+04
  2.731990e+01  9.222945e+03
  2.661220e+01  8.088015e+03
  2.592290e+01  7.031155e+03
  2.525140e+01  6.084960e+03
  2.459730e+01  5.206275e+03
  2.396010e+01  4.429000e+03
  2.333950e+01  3.750410e+03
  2.273490e+01  3.162195e+03
  2.214600e+01  2.610620e+03
  2.157230e+01  2.160270e+03
  2.101350e+01  1.748930e+03
  2.046920e+01  1.445665e+03
  1.993900e+01  1.167755e+03
  1.942250e+01  9.547420e+02
  1.891940e+01  7.904830e+02
  1.842930e+01  6.826510e+02
  1.795200e+01  5.512255e+02
  1.748690e+01  4.779885e+02
  1.703400e+01  4.176890e+02
  1.659270e+01  3.534285e+02
  1.616290e+01  3.107355e+02
  1.574430e+01  2.688345e+02
  1.533640e+01  2.403145e+02
  1.493920e+01  2.014945e+02
  1.455220e+01  1.632005e+02
  1.417520e+01  1.335370e+02
  1.380800e+01  1.023750e+02
  1.345040e+01  8.054440e+01
  1.310200e+01  6.971745e+01
  1.276260e+01  5.783390e+01
  1.243200e+01  5.237615e+01
  1.211000e+01  4.489390e+01
  1.179630e+01  4.506985e+01
  1.149070e+01  3.917210e+01
  1.119310e+01  3.635515e+01
  1.090310e+01  3.327430e+01
  1.062070e+01  3.080950e+01
  1.034560e+01  2.975320e+01
  1.007760e+01  2.632015e+01
  9.816600e+00  2.623215e+01
  9.562300e+00  1.989415e+01
  9.314600e+00  1.531665e+01
  9.073300e+00  1.214770e+01
  8.838300e+00  1.056321e+01
  8.609300e+00  7.306255e+00
  8.386300e+00  5.281615e+00
  8.169100e+00  6.513955e+00
  7.957500e+00  6.601995e+00
  7.751400e+00  7.218250e+00
  7.550600e+00  1.047520e+01
  7.355000e+00  8.890656e+00
  7.164500e+00  9.242820e+00
  6.978900e+00  9.330795e+00
  6.798100e+00  1.109145e+01
  6.622000e+00  1.012311e+01
  6.450500e+00  1.012304e+01
  6.283400e+00  8.186500e+00
  6.120600e+00  9.330865e+00
  5.962100e+00  9.066740e+00
  5.807600e+00  8.802645e+00
  5.657200e+00  8.274500e+00
  5.510700e+00  9.947055e+00
  5.367900e+00  9.682936e+00
  5.228900e+00  7.922360e+00
  5.093400e+00  6.690085e+00
  4.961500e+00  9.418880e+00
  4.833000e+00  7.394245e+00
  4.707800e+00  6.513975e+00
  4.585800e+00  6.690000e+00
  4.467100e+00  5.809800e+00
  4.351300e+00  8.098425e+00
  4.238600e+00  7.394280e+00
  4.128800e+00  7.394285e+00
  4.021900e+00  6.425960e+00
  3.917700e+00  6.337960e+00
  3.816200e+00  7.482220e+00
  3.717400e+00  6.601945e+00
  3.621100e+00  6.337925e+00
  3.527300e+00  6.954085e+00
  3.435900e+00  6.337955e+00
  3.346900e+00  5.633700e+00
  3.260200e+00  5.545675e+00
  3.175800e+00  5.105580e+00
  3.093500e+00  6.161855e+00
  3.013400e+00  4.753445e+00
  2.935300e+00  5.633710e+00
  2.859300e+00  5.633725e+00
  2.785200e+00  5.721760e+00
  2.713100e+00  6.073875e+00
  2.642800e+00  6.249945e+00
  2.574300e+00  6.866080e+00
  2.507600e+00  5.985840e+00
  2.442700e+00  6.161865e+00
  2.379400e+00  6.337945e+00
  2.317800e+00  6.690025e+00
  2.257700e+00  5.545715e+00
  2.199300e+00  6.866115e+00
  2.142300e+00  5.809780e+00
  2.086800e+00  7.130165e+00
  2.032700e+00  5.809760e+00
  1.980100e+00  5.633710e+00
  1.928800e+00  5.809745e+00
  1.878800e+00  6.778030e+00
  1.830200e+00  6.249915e+00
  1.782800e+00  8.186490e+00
  1.736600e+00  6.249920e+00
  1.691600e+00  5.281615e+00
  1.647800e+00  5.281615e+00
  1.605100e+00  4.665395e+00
  1.563500e+00  4.577375e+00
  1.523000e+00  4.753470e+00
  1.483600e+00  4.665420e+00
  1.445100e+00  5.457655e+00
  1.407700e+00  4.841485e+00
  1.371200e+00  6.161890e+00
  1.335700e+00  5.193590e+00
  1.301100e+00  5.017530e+00
  1.267400e+00  4.225280e+00
  1.234600e+00  5.281615e+00
  1.202600e+00  4.841495e+00
  1.171500e+00  4.489390e+00
  1.141100e+00  5.545660e+00
  1.111600e+00  3.785135e+00
  1.082800e+00  4.929495e+00
  1.054700e+00  6.602020e+00
  1.027400e+00  5.105540e+00
  1.000800e+00  4.929520e+00
  9.749000e-01  4.225295e+00
  9.496000e-01  5.721750e+00
  9.250000e-01  5.281595e+00
  9.010000e-01  6.954125e+00
  8.777000e-01  5.809780e+00
  8.550000e-01  7.306220e+00
  8.328000e-01  7.042120e+00
  8.113000e-01  9.506845e+00
  7.902000e-01  7.042140e+00
  7.698000e-01  6.690000e+00
  7.498000e-01  9.594945e+00
  7.304000e-01  1.126749e+01
  7.115000e-01  9.594900e+00
  6.931000e-01  1.073925e+01
  6.751000e-01  2.086260e+01
  6.576000e-01  3.248205e+01
  6.406000e-01  3.547495e+01
  6.240000e-01  1.443640e+01
  6.078000e-01  1.522855e+01
  5.921000e-01  1.452445e+01
  5.767000e-01  1.399630e+01
  5.618000e-01  1.522870e+01
  5.472000e-01  1.742935e+01
  5.331000e-01  1.866170e+01
  5.193000e-01  2.367930e+01
  5.058000e-01  2.491170e+01
  4.927000e-01  1.945405e+01
  4.799000e-01  1.839770e+01
  4.675000e-01  2.183085e+01
  4.554000e-01  1.971805e+01
  4.436000e-01  2.253490e+01
  4.321000e-01  2.174270e+01
  4.209000e-01  2.543985e+01
  4.100000e-01  2.288720e+01
  3.994000e-01  3.124965e+01
  3.891000e-01  4.181275e+01
  3.790000e-01  3.846785e+01
  3.692000e-01  3.406655e+01
  3.596000e-01  3.133760e+01
  3.503000e-01  3.204200e+01
  3.412000e-01  3.010520e+01
  3.324000e-01  3.177780e+01
  3.238000e-01  3.362640e+01
  3.154000e-01  4.128470e+01
  3.072000e-01  4.330935e+01
  2.992000e-01  5.175995e+01
  2.915000e-01  6.575630e+01
  2.839000e-01  7.315050e+01
  2.766000e-01  6.425975e+01
  2.694000e-01  7.543920e+01
  2.624000e-01  7.667150e+01
  2.556000e-01  8.116085e+01
  2.490000e-01  5.871400e+01
  2.426000e-01  5.396065e+01
  2.363000e-01  5.933035e+01
  2.302000e-01  4.542210e+01
  2.242000e-01  4.313330e+01
  2.184000e-01  4.410165e+01
  2.127000e-01  4.005230e+01
  2.072000e-01  3.529885e+01
  2.019000e-01  3.512280e+01
  1.966000e-01  3.116165e+01
  1.915000e-01  2.728855e+01
  1.866000e-01  2.728855e+01
  1.817000e-01  2.966520e+01
  1.770000e-01  2.235885e+01
  1.725000e-01  2.526370e+01
  1.680000e-01  2.112655e+01
  1.636000e-01  2.112645e+01
  1.594000e-01  2.086235e+01
  1.553000e-01  1.654905e+01
  1.512000e-01  1.786945e+01
  1.473000e-01  1.681320e+01
  1.435000e-01  1.575680e+01
  1.398000e-01  1.522865e+01
  1.362000e-01  1.329205e+01
  1.326000e-01  1.373220e+01
  1.292000e-01  1.355610e+01
  1.259000e-01  1.205970e+01
  1.226000e-01  1.214765e+01
  1.194000e-01  1.153160e+01
  1.163000e-01  9.418905e+00
  1.133000e-01  1.065115e+01
  1.104000e-01  1.082725e+01
  1.075000e-01  9.242886e+00
  1.047000e-01  8.274490e+00
  1.020000e-01  8.802666e+00
  9.940000e-02  7.394230e+00
  9.680000e-02  5.897810e+00
  9.430000e-02  4.401335e+00
  9.190000e-02  4.225285e+00
  8.950000e-02  3.785160e+00
  8.720000e-02  3.697115e+00
  8.490000e-02  3.433035e+00
  8.270000e-02  2.552775e+00
  8.060000e-02  1.672495e+00
  7.850000e-02  1.320400e+00
  7.640000e-02  1.496440e+00
  7.450000e-02  1.408420e+00
  7.250000e-02  1.144345e+00
  7.070000e-02  8.802600e-01
  6.880000e-02  7.922300e-01
  6.700000e-02  5.281550e-01
  6.530000e-02  8.802600e-01
  6.360000e-02  3.521000e-01
  6.200000e-02  4.401300e-01
  6.040000e-02  1.760500e-01
  5.880000e-02  2.640750e-01
  5.730000e-02  8.802500e-02
  5.580000e-02  1.760500e-01
  5.430000e-02  1.760500e-01
  5.290000e-02  2.640800e-01
  5.160000e-02  0.000000e+00
  5.020000e-02  0.000000e+00
  4.890000e-02  8.802500e-02
  4.770000e-02  0.000000e+00
  4.640000e-02  8.802500e-02
  4.520000e-02  8.802500e-02
  4.410000e-02  0.000000e+00
  4.290000e-02  0.000000e+00
  4.180000e-02  1.760500e-01
  4.070000e-02  8.802500e-02
  3.970000e-02  0.000000e+00
  3.860000e-02  0.000000e+00
  3.760000e-02  2.640750e-01
  3.670000e-02  1.760500e-01
  3.570000e-02  0.000000e+00
  3.480000e-02  1.760500e-01
  3.390000e-02  8.802500e-02
  3.300000e-02  1.760500e-01
  3.220000e-02  8.802500e-02
  3.130000e-02  1.760500e-01
  3.050000e-02  8.802500e-02
  2.970000e-02  3.521000e-01
  2.890000e-02  8.802500e-02
  2.820000e-02  8.802500e-02
  2.750000e-02  8.802500e-02
  2.680000e-02  0.000000e+00
  2.610000e-02  8.802500e-02
  2.540000e-02  0.000000e+00
  2.470000e-02  1.760500e-01
  2.410000e-02  0.000000e+00
  2.350000e-02  0.000000e+00
  2.290000e-02  0.000000e+00
  2.230000e-02  0.000000e+00
  2.170000e-02  8.802500e-02
  2.110000e-02  8.802500e-02
  2.060000e-02  0.000000e+00
  2.000000e-02  1.760500e-01
  1.950000e-02  0.000000e+00
  1.900000e-02  8.802500e-02
  1.850000e-02  0.000000e+00
  1.800000e-02  0.000000e+00
  1.760000e-02  8.802500e-02
  1.710000e-02  8.802500e-02
  1.670000e-02  1.760500e-01
  1.630000e-02  0.000000e+00
  1.580000e-02  0.000000e+00
  1.540000e-02  0.000000e+00
  1.500000e-02  0.000000e+00
  1.460000e-02  0.000000e+00
  1.430000e-02  0.000000e+00
  1.390000e-02  0.000000e+00
  1.350000e-02  0.000000e+00
  1.320000e-02  0.000000e+00
  1.280000e-02  0.000000e+00
  1.250000e-02  0.000000e+00
  1.220000e-02  0.000000e+00
  1.190000e-02  0.000000e+00
  1.160000e-02  0.000000e+00
  1.130000e-02  0.000000e+00
  1.100000e-02  0.000000e+00
  1.070000e-02  2.640750e-01
  1.040000e-02  1.760500e-01
  1.010000e-02  3.521000e-01
