  4.934820e+03  0.000000e+00
  4.806990e+03  3.674100e-02
  4.682470e+03  0.000000e+00
  4.561180e+03  0.000000e+00
  4.443030e+03  0.000000e+00
  4.327940e+03  0.000000e+00
  4.215830e+03  0.000000e+00
  4.106630e+03  0.000000e+00
  4.000250e+03  0.000000e+00
  3.896630e+03  0.000000e+00
  3.795700e+03  0.000000e+00
  3.697380e+03  0.000000e+00
  3.601600e+03  0.000000e+00
  3.508310e+03  0.000000e+00
  3.417430e+03  0.000000e+00
  3.328910e+03  0.000000e+00
  3.242680e+03  3.674100e-02
  3.158680e+03  3.674100e-02
  3.076860e+03  0.000000e+00
  2.997160e+03  0.000000e+00
  2.919530e+03  0.000000e+00
  2.843900e+03  0.000000e+00
  2.770230e+03  3.674100e-02
  2.698480e+03  3.674100e-02
  2.628580e+03  0.000000e+00
  2.560490e+03  3.674100e-02
  2.494160e+03  3.674100e-02
  2.429550e+03  3.674100e-02
  2.366620e+03  0.000000e+00
  2.305320e+03  3.674100e-02
  2.245600e+03  7.348200e-02
  2.187430e+03  1.102230e-01
  2.130770e+03  1.469640e-01
  2.075580e+03  3.674100e-02
  2.021810e+03  7.348200e-02
  1.969440e+03  3.674100e-02
  1.918430e+03  1.102230e-01
  1.868730e+03  7.348200e-02
  1.820330e+03  7.348200e-02
  1.773170e+03  1.102230e-01
  1.727240e+03  3.674100e-02
  1.682500e+03  7.348200e-02
  1.638920e+03  1.837050e-01
  1.596470e+03  1.102230e-01
  1.555110e+03  1.469620e-01
  1.514830e+03  1.102230e-01
  1.475590e+03  2.204440e-01
  1.437370e+03  3.306650e-01
  1.400140e+03  2.204440e-01
  1.363870e+03  2.571850e-01
  1.328540e+03  3.306650e-01
  1.294120e+03  3.306650e-01
  1.260600e+03  4.776310e-01
  1.227950e+03  5.511190e-01
  1.196140e+03  5.143700e-01
  1.165160e+03  3.674100e-01
  1.134980e+03  6.245910e-01
  1.105580e+03  6.245930e-01
  1.076940e+03  4.408920e-01
  1.049040e+03  8.817800e-01
  1.021870e+03  9.919980e-01
  9.953980e+02  1.285930e+00
  9.696140e+02  1.138965e+00
  9.444970e+02  1.322675e+00
  9.200320e+02  1.432903e+00
  8.962000e+02  1.359420e+00
  8.729850e+02  2.057500e+00
  8.503720e+02  1.322680e+00
  8.283450e+02  2.167730e+00
  8.068880e+02  1.947280e+00
  7.859870e+02  3.012775e+00
  7.656270e+02  2.865800e+00
  7.457950e+02  3.674120e+00
  7.264760e+02  4.555905e+00
  7.076580e+02  4.372185e+00
  6.893270e+02  5.327495e+00
  6.714710e+02  7.201315e+00
  6.540780e+02  7.568650e+00
  6.371350e+02  8.597490e+00
  6.206310e+02  8.450510e+00
  6.045550e+02  1.094895e+01
  5.888950e+02  1.179380e+01
  5.736410e+02  1.161015e+01
  5.587810e+02  1.333695e+01
  5.443070e+02  1.719470e+01
  5.302080e+02  1.917905e+01
  5.164740e+02  2.035460e+01
  5.030950e+02  2.153025e+01
  4.900630e+02  2.355110e+01
  4.773690e+02  3.053185e+01
  4.650040e+02  3.435295e+01
  4.529580e+02  3.545520e+01
  4.412250e+02  4.067235e+01
  4.297960e+02  4.548555e+01
  4.186630e+02  5.386250e+01
  4.078180e+02  6.077000e+01
  3.972540e+02  6.723640e+01
  3.869640e+02  7.241685e+01
  3.769400e+02  8.292490e+01
  3.671770e+02  9.582125e+01
  3.576650e+02  1.057045e+02
  3.484010e+02  1.194460e+02
  3.393760e+02  1.379255e+02
  3.305850e+02  1.511160e+02
  3.220220e+02  1.644530e+02
  3.136800e+02  1.846615e+02
  3.055550e+02  2.109320e+02
  2.976400e+02  2.384510e+02
  2.899300e+02  2.656390e+02
  2.824200e+02  3.024530e+02
  2.751040e+02  3.317725e+02
  2.679780e+02  3.761550e+02
  2.610370e+02  4.165720e+02
  2.542750e+02  4.612860e+02
  2.476890e+02  5.290355e+02
  2.412730e+02  5.866460e+02
  2.350230e+02  6.561250e+02
  2.289350e+02  7.398945e+02
  2.230050e+02  8.295795e+02
  2.172280e+02  9.140105e+02
  2.116010e+02  1.015340e+03
  2.061200e+02  1.149380e+03
  2.007810e+02  1.276325e+03
  1.955800e+02  1.435520e+03
  1.905140e+02  1.596105e+03
  1.855790e+02  1.798590e+03
  1.807720e+02  1.987665e+03
  1.760890e+02  2.227245e+03
  1.715280e+02  2.480320e+03
  1.670850e+02  2.724100e+03
  1.627570e+02  3.022910e+03
  1.585410e+02  3.326365e+03
  1.544340e+02  3.661515e+03
  1.504340e+02  4.023485e+03
  1.465370e+02  4.409205e+03
  1.427410e+02  4.826315e+03
  1.390440e+02  5.268535e+03
  1.354420e+02  5.730470e+03
  1.319340e+02  6.212900e+03
  1.285160e+02  6.757175e+03
  1.251870e+02  7.323210e+03
  1.219440e+02  7.930325e+03
  1.187850e+02  8.574030e+03
  1.157090e+02  9.197785e+03
  1.127110e+02  9.956290e+03
  1.097920e+02  1.074855e+04
  1.069480e+02  1.156005e+04
  1.041770e+02  1.241265e+04
  1.014790e+02  1.326315e+04
  9.885030e+01  1.416725e+04
  9.628970e+01  1.513815e+04
  9.379550e+01  1.611675e+04
  9.136590e+01  1.712605e+04
  8.899920e+01  1.812240e+04
  8.669380e+01  1.917505e+04
  8.444820e+01  2.018770e+04
  8.226070e+01  2.123170e+04
  8.012980e+01  2.225525e+04
  7.805420e+01  2.319470e+04
  7.603240e+01  2.411790e+04
  7.406290e+01  2.510905e+04
  7.214440e+01  2.581115e+04
  7.027560e+01  2.660510e+04
  6.845520e+01  2.712010e+04
  6.668200e+01  2.761375e+04
  6.495470e+01  2.780775e+04
  6.327220e+01  2.798190e+04
  6.163320e+01  2.799925e+04
  6.003670e+01  2.790045e+04
  5.848160e+01  2.769960e+04
  5.696670e+01  2.737115e+04
  5.549110e+01  2.695335e+04
  5.405370e+01  2.632815e+04
  5.265350e+01  2.546225e+04
  5.128960e+01  2.461845e+04
  4.996100e+01  2.358445e+04
  4.866690e+01  2.222895e+04
  4.740620e+01  2.088345e+04
  4.617830e+01  1.942640e+04
  4.498210e+01  1.793445e+04
  4.381690e+01  1.694925e+04
  4.268190e+01  1.594360e+04
  4.157630e+01  1.487265e+04
  4.049930e+01  1.379665e+04
  3.945030e+01  1.294485e+04
  3.842840e+01  1.206465e+04
  3.743290e+01  1.128650e+04
  3.646330e+01  1.051475e+04
  3.551880e+01  9.791305e+03
  3.459870e+01  9.051420e+03
  3.370250e+01  8.204565e+03
  3.282950e+01  7.472825e+03
  3.197910e+01  6.771110e+03
  3.115070e+01  6.085225e+03
  3.034380e+01  5.461585e+03
  2.955780e+01  4.828825e+03
  2.879220e+01  4.291035e+03
  2.804640e+01  3.792725e+03
  2.731990e+01  3.289880e+03
  2.661220e+01  2.814440e+03
  2.592290e+01  2.444750e+03
  2.525140e+01  2.069755e+03
  2.459730e+01  1.745175e+03
  2.396010e+01  1.479970e+03
  2.333950e+01  1.210105e+03
  2.273490e+01  9.916085e+02
  2.214600e+01  8.066155e+02
  2.157230e+01  6.312865e+02
  2.101350e+01  5.069545e+02
  2.046920e+01  4.014710e+02
  1.993900e+01  3.191710e+02
  1.942250e+01  2.572625e+02
  1.891940e+01  2.040970e+02
  1.842930e+01  1.767985e+02
  1.795200e+01  1.518885e+02
  1.748690e+01  1.384415e+02
  1.703400e+01  1.267210e+02
  1.659270e+01  1.256560e+02
  1.616290e+01  1.250300e+02
  1.574430e+01  1.227530e+02
  1.533640e+01  1.238910e+02
  1.493920e+01  1.189305e+02
  1.455220e+01  1.102245e+02
  1.417520e+01  9.008960e+01
  1.380800e+01  6.260690e+01
  1.345040e+01  3.960695e+01
  1.310200e+01  2.424915e+01
  1.276260e+01  1.870125e+01
  1.243200e+01  1.535780e+01
  1.211000e+01  1.138980e+01
  1.179630e+01  9.589425e+00
  1.149070e+01  7.531930e+00
  1.119310e+01  6.907340e+00
  1.090310e+01  6.319465e+00
  1.062070e+01  6.539945e+00
  1.034560e+01  6.429700e+00
  1.007760e+01  5.878585e+00
  9.816600e+00  5.143775e+00
  9.562300e+00  4.372200e+00
  9.314600e+00  3.821075e+00
  9.073300e+00  3.380190e+00
  8.838300e+00  3.159735e+00
  8.609300e+00  3.049515e+00
  8.386300e+00  3.784335e+00
  8.169100e+00  4.849835e+00
  7.957500e+00  7.201330e+00
  7.751400e+00  1.006718e+01
  7.550600e+00  1.337385e+01
  7.355000e+00  1.620285e+01
  7.164500e+00  1.355750e+01
  6.978900e+00  1.462290e+01
  6.798100e+00  1.480670e+01
  6.622000e+00  1.260225e+01
  6.450500e+00  1.289620e+01
  6.283400e+00  1.274920e+01
  6.120600e+00  1.153675e+01
  5.962100e+00  1.014054e+01
  5.807600e+00  1.142655e+01
  5.657200e+00  1.131630e+01
  5.510700e+00  1.252875e+01
  5.367900e+00  1.267560e+01
  5.228900e+00  1.282265e+01
  5.093400e+00  1.161025e+01
  4.961500e+00  1.175730e+01
  4.833000e+00  1.186740e+01
  4.707800e+00  1.120615e+01
  4.585800e+00  1.113255e+01
  4.467100e+00  1.102235e+01
  4.351300e+00  9.993560e+00
  4.238600e+00  1.036100e+01
  4.128800e+00  1.153670e+01
  4.021900e+00  1.282260e+01
  3.917700e+00  1.028754e+01
  3.816200e+00  9.883390e+00
  3.717400e+00  1.039780e+01
  3.621100e+00  9.332340e+00
  3.527300e+00  1.028747e+01
  3.435900e+00  9.369020e+00
  3.346900e+00  9.773215e+00
  3.260200e+00  8.303465e+00
  3.175800e+00  6.723630e+00
  3.093500e+00  5.107020e+00
  3.013400e+00  4.078270e+00
  2.935300e+00  5.070290e+00
  2.859300e+00  6.135755e+00
  2.785200e+00  7.568730e+00
  2.713100e+00  7.972865e+00
  2.642800e+00  8.230035e+00
  2.574300e+00  7.936055e+00
  2.507600e+00  8.156515e+00
  2.442700e+00  7.127800e+00
  2.379400e+00  7.531920e+00
  2.317800e+00  7.458445e+00
  2.257700e+00  6.723660e+00
  2.199300e+00  7.384985e+00
  2.142300e+00  7.237945e+00
  2.086800e+00  6.650155e+00
  2.032700e+00  7.237990e+00
  1.980100e+00  6.760425e+00
  1.928800e+00  5.658155e+00
  1.878800e+00  4.996800e+00
  1.830200e+00  5.290750e+00
  1.782800e+00  8.230000e+00
  1.736600e+00  5.694885e+00
  1.691600e+00  4.776350e+00
  1.647800e+00  4.629395e+00
  1.605100e+00  5.143765e+00
  1.563500e+00  4.666100e+00
  1.523000e+00  4.776360e+00
  1.483600e+00  3.416930e+00
  1.445100e+00  4.151750e+00
  1.407700e+00  3.710865e+00
  1.371200e+00  3.416930e+00
  1.335700e+00  4.188475e+00
  1.301100e+00  2.939290e+00
  1.267400e+00  2.645370e+00
  1.234600e+00  3.123005e+00
  1.202600e+00  3.159730e+00
  1.171500e+00  3.012780e+00
  1.141100e+00  3.343435e+00
  1.111600e+00  2.277950e+00
  1.082800e+00  2.461650e+00
  1.054700e+00  3.306695e+00
  1.027400e+00  3.086245e+00
  1.000800e+00  2.608610e+00
  9.749000e-01  2.314685e+00
  9.496000e-01  2.461645e+00
  9.250000e-01  2.167720e+00
  9.010000e-01  2.645350e+00
  8.777000e-01  2.902545e+00
  8.550000e-01  2.571880e+00
  8.328000e-01  2.865805e+00
  8.113000e-01  3.012770e+00
  7.902000e-01  3.710860e+00
  7.698000e-01  3.012765e+00
  7.498000e-01  4.555900e+00
  7.304000e-01  3.416925e+00
  7.115000e-01  4.335450e+00
  6.931000e-01  4.776350e+00
  6.751000e-01  1.322685e+01
  6.576000e-01  2.300005e+01
  6.406000e-01  2.766615e+01
  6.240000e-01  6.025565e+00
  6.078000e-01  4.960065e+00
  5.921000e-01  6.797140e+00
  5.767000e-01  5.180505e+00
  5.618000e-01  5.584645e+00
  5.472000e-01  5.547945e+00
  5.331000e-01  7.715640e+00
  5.193000e-01  7.972835e+00
  5.058000e-01  7.936170e+00
  4.927000e-01  9.736410e+00
  4.799000e-01  9.883390e+00
  4.675000e-01  9.295490e+00
  4.554000e-01  8.523914e+00
  4.436000e-01  1.098565e+01
  4.321000e-01  1.146330e+01
  4.209000e-01  9.258720e+00
  4.100000e-01  9.809940e+00
  3.994000e-01  1.679070e+01
  3.891000e-01  1.745215e+01
  3.790000e-01  1.803975e+01
  3.692000e-01  1.260220e+01
  3.596000e-01  1.293290e+01
  3.503000e-01  1.190405e+01
  3.412000e-01  1.194100e+01
  3.324000e-01  1.164700e+01
  3.238000e-01  1.462295e+01
  3.154000e-01  1.348405e+01
  3.072000e-01  1.476985e+01
  2.992000e-01  1.789300e+01
  2.915000e-01  2.200785e+01
  2.839000e-01  2.733540e+01
  2.766000e-01  2.564545e+01
  2.694000e-01  2.906215e+01
  2.624000e-01  3.225865e+01
  2.556000e-01  3.115645e+01
  2.490000e-01  2.465325e+01
  2.426000e-01  2.480030e+01
  2.363000e-01  2.377160e+01
  2.302000e-01  2.031775e+01
  2.242000e-01  1.884825e+01
  2.184000e-01  1.800315e+01
  2.127000e-01  1.723155e+01
  2.072000e-01  1.671725e+01
  2.019000e-01  1.561495e+01
  1.966000e-01  1.557825e+01
  1.915000e-01  1.568845e+01
  1.866000e-01  1.366770e+01
  1.817000e-01  1.646000e+01
  1.770000e-01  1.495365e+01
  1.725000e-01  1.377800e+01
  1.680000e-01  1.363105e+01
  1.636000e-01  1.300630e+01
  1.594000e-01  1.381475e+01
  1.553000e-01  1.172045e+01
  1.512000e-01  1.054460e+01
  1.473000e-01  1.050795e+01
  1.435000e-01  1.172045e+01
  1.398000e-01  1.094885e+01
  1.362000e-01  9.846600e+00
  1.326000e-01  1.102235e+01
  1.292000e-01  1.065490e+01
  1.259000e-01  1.098565e+01
  1.226000e-01  8.964930e+00
  1.194000e-01  9.038256e+00
  1.163000e-01  8.524015e+00
  1.133000e-01  7.972855e+00
  1.104000e-01  7.495210e+00
  1.075000e-01  8.119835e+00
  1.047000e-01  7.678925e+00
  1.020000e-01  7.164560e+00
  9.940000e-02  6.099040e+00
  9.680000e-02  5.511185e+00
  9.430000e-02  5.254015e+00
  9.190000e-02  4.408940e+00
  8.950000e-02  5.143760e+00
  8.720000e-02  4.078260e+00
  8.490000e-02  4.261970e+00
  8.270000e-02  3.343445e+00
  8.060000e-02  2.130980e+00
  7.850000e-02  3.086250e+00
  7.640000e-02  2.388160e+00
  7.450000e-02  2.277945e+00
  7.250000e-02  1.432905e+00
  7.070000e-02  1.102230e+00
  6.880000e-02  1.102230e+00
  6.700000e-02  9.552640e-01
  6.530000e-02  8.817730e-01
  6.360000e-02  4.408860e-01
  6.200000e-02  5.511170e-01
  6.040000e-02  2.939260e-01
  5.880000e-02  3.306670e-01
  5.730000e-02  1.837050e-01
  5.580000e-02  3.674100e-01
  5.430000e-02  7.348200e-02
  5.290000e-02  1.837030e-01
  5.160000e-02  1.102230e-01
  5.020000e-02  1.102230e-01
  4.890000e-02  7.348200e-02
  4.770000e-02  7.348200e-02
  4.640000e-02  3.674100e-02
  4.520000e-02  1.102230e-01
  4.410000e-02  2.571870e-01
  4.290000e-02  3.674100e-02
  4.180000e-02  1.102230e-01
  4.070000e-02  3.674100e-02
  3.970000e-02  3.674100e-02
  3.860000e-02  7.348200e-02
  3.760000e-02  3.674100e-02
  3.670000e-02  0.000000e+00
  3.570000e-02  0.000000e+00
  3.480000e-02  0.000000e+00
  3.390000e-02  3.674100e-02
  3.300000e-02  1.102230e-01
  3.220000e-02  3.674100e-02
  3.130000e-02  3.674100e-02
  3.050000e-02  0.000000e+00
  2.970000e-02  7.348200e-02
  2.890000e-02  1.102210e-01
  2.820000e-02  0.000000e+00
  2.750000e-02  0.000000e+00
  2.680000e-02  7.348000e-02
  2.610000e-02  1.102230e-01
  2.540000e-02  3.674100e-02
  2.470000e-02  7.348200e-02
  2.410000e-02  3.674100e-02
  2.350000e-02  1.102230e-01
  2.290000e-02  1.102210e-01
  2.230000e-02  7.348200e-02
  2.170000e-02  1.102230e-01
  2.110000e-02  3.674100e-02
  2.060000e-02  0.000000e+00
  2.000000e-02  3.674100e-02
  1.950000e-02  7.348200e-02
  1.900000e-02  3.674100e-02
  1.850000e-02  7.348200e-02
  1.800000e-02  3.674100e-02
  1.760000e-02  0.000000e+00
  1.710000e-02  0.000000e+00
  1.670000e-02  0.000000e+00
  1.630000e-02  0.000000e+00
  1.580000e-02  0.000000e+00
  1.540000e-02  7.348200e-02
  1.500000e-02  0.000000e+00
  1.460000e-02  0.000000e+00
  1.430000e-02  0.000000e+00
  1.390000e-02  0.000000e+00
  1.350000e-02  0.000000e+00
  1.320000e-02  0.000000e+00
  1.280000e-02  0.000000e+00
  1.250000e-02  0.000000e+00
  1.220000e-02  0.000000e+00
  1.190000e-02  0.000000e+00
  1.160000e-02  0.000000e+00
  1.130000e-02  0.000000e+00
  1.100000e-02  5.805100e+00
  1.070000e-02  7.091025e+00
  1.040000e-02  6.209290e+00
  1.010000e-02  3.861495e+01
