  4.934820e+03  0.000000e+00
  4.806990e+03  0.000000e+00
  4.682470e+03  0.000000e+00
  4.561180e+03  0.000000e+00
  4.443030e+03  0.000000e+00
  4.327940e+03  0.000000e+00
  4.215830e+03  0.000000e+00
  4.106630e+03  0.000000e+00
  4.000250e+03  0.000000e+00
  3.896630e+03  0.000000e+00
  3.795700e+03  0.000000e+00
  3.697380e+03  0.000000e+00
  3.601600e+03  0.000000e+00
  3.508310e+03  0.000000e+00
  3.417430e+03  0.000000e+00
  3.328910e+03  0.000000e+00
  3.242680e+03  0.000000e+00
  3.158680e+03  0.000000e+00
  3.076860e+03  0.000000e+00
  2.997160e+03  0.000000e+00
  2.919530e+03  0.000000e+00
  2.843900e+03  0.000000e+00
  2.770230e+03  0.000000e+00
  2.698480e+03  0.000000e+00
  2.628580e+03  0.000000e+00
  2.560490e+03  0.000000e+00
  2.494160e+03  0.000000e+00
  2.429550e+03  0.000000e+00
  2.366620e+03  0.000000e+00
  2.305320e+03  0.000000e+00
  2.245600e+03  0.000000e+00
  2.187430e+03  0.000000e+00
  2.130770e+03  4.180850e-01
  2.075580e+03  4.180850e-01
  2.021810e+03  0.000000e+00
  1.969440e+03  0.000000e+00
  1.918430e+03  0.000000e+00
  1.868730e+03  0.000000e+00
  1.820330e+03  4.180850e-01
  1.773170e+03  0.000000e+00
  1.727240e+03  0.000000e+00
  1.682500e+03  0.000000e+00
  1.638920e+03  0.000000e+00
  1.596470e+03  0.000000e+00
  1.555110e+03  0.000000e+00
  1.514830e+03  0.000000e+00
  1.475590e+03  0.000000e+00
  1.437370e+03  4.180850e-01
  1.400140e+03  4.180850e-01
  1.363870e+03  0.000000e+00
  1.328540e+03  4.180850e-01
  1.294120e+03  1.254255e+00
  1.260600e+03  0.000000e+00
  1.227950e+03  4.180850e-01
  1.196140e+03  0.000000e+00
  1.165160e+03  0.000000e+00
  1.134980e+03  8.361700e-01
  1.105580e+03  8.361700e-01
  1.076940e+03  2.090405e+00
  1.049040e+03  0.000000e+00
  1.021870e+03  8.361700e-01
  9.953980e+02  0.000000e+00
  9.696140e+02  8.361700e-01
  9.444970e+02  1.672340e+00
  9.200320e+02  0.000000e+00
  8.962000e+02  1.672340e+00
  8.729850e+02  1.254255e+00
  8.503720e+02  2.090405e+00
  8.283450e+02  1.672340e+00
  8.068880e+02  2.090405e+00
  7.859870e+02  1.254255e+00
  7.656270e+02  3.344640e+00
  7.457950e+02  3.762725e+00
  7.264760e+02  3.762745e+00
  7.076580e+02  2.090405e+00
  6.893270e+02  3.344660e+00
  6.714710e+02  2.090405e+00
  6.540780e+02  2.508490e+00
  6.371350e+02  3.762765e+00
  6.206310e+02  6.271195e+00
  6.045550e+02  3.344640e+00
  5.888950e+02  5.853110e+00
  5.736410e+02  6.271225e+00
  5.587810e+02  1.003395e+01
  5.443070e+02  1.212440e+01
  5.302080e+02  1.254250e+01
  5.164740e+02  1.505090e+01
  5.030950e+02  1.003400e+01
  4.900630e+02  9.615891e+00
  4.773690e+02  1.964990e+01
  4.650040e+02  1.588710e+01
  4.529580e+02  1.505100e+01
  4.412250e+02  2.550300e+01
  4.297960e+02  2.466690e+01
  4.186630e+02  1.964980e+01
  4.078180e+02  2.842970e+01
  3.972540e+02  3.762750e+01
  3.869640e+02  3.553720e+01
  3.769400e+02  3.720955e+01
  3.671770e+02  4.348085e+01
  3.576650e+02  4.975205e+01
  3.484010e+02  5.853205e+01
  3.393760e+02  5.226060e+01
  3.305850e+02  6.104030e+01
  3.220220e+02  8.069030e+01
  3.136800e+02  8.069000e+01
  3.055550e+02  9.490525e+01
  2.976400e+02  1.199900e+02
  2.899300e+02  1.099565e+02
  2.824200e+02  1.258435e+02
  2.751040e+02  1.421490e+02
  2.679780e+02  1.680700e+02
  2.610370e+02  1.881375e+02
  2.542750e+02  1.852115e+02
  2.476890e+02  2.358000e+02
  2.412730e+02  2.621390e+02
  2.350230e+02  3.010205e+02
  2.289350e+02  3.169070e+02
  2.230050e+02  3.587170e+02
  2.172280e+02  4.205930e+02
  2.116010e+02  4.569665e+02
  2.061200e+02  5.146620e+02
  2.007810e+02  5.656680e+02
  1.955800e+02  6.639185e+02
  1.905140e+02  7.199420e+02
  1.855790e+02  7.985420e+02
  1.807720e+02  9.590885e+02
  1.760890e+02  1.023463e+03
  1.715280e+02  1.158515e+03
  1.670850e+02  1.286035e+03
  1.627570e+02  1.408940e+03
  1.585410e+02  1.597505e+03
  1.544340e+02  1.766825e+03
  1.504340e+02  1.988825e+03
  1.465370e+02  2.196210e+03
  1.427410e+02  2.393115e+03
  1.390440e+02  2.682435e+03
  1.354420e+02  2.814130e+03
  1.319340e+02  3.281550e+03
  1.285160e+02  3.438745e+03
  1.251870e+02  3.812510e+03
  1.219440e+02  4.266125e+03
  1.187850e+02  4.675005e+03
  1.157090e+02  5.153735e+03
  1.127110e+02  5.499085e+03
  1.097920e+02  6.093585e+03
  1.069480e+02  6.740785e+03
  1.041770e+02  7.374185e+03
  1.014790e+02  8.048130e+03
  9.885030e+01  8.889725e+03
  9.628970e+01  9.457500e+03
  9.379550e+01  1.039435e+04
  9.136590e+01  1.141330e+04
  8.899920e+01  1.241965e+04
  8.669380e+01  1.337150e+04
  8.444820e+01  1.479960e+04
  8.226070e+01  1.592395e+04
  8.012980e+01  1.741025e+04
  7.805420e+01  1.839905e+04
  7.603240e+01  2.000080e+04
  7.406290e+01  2.160530e+04
  7.214440e+01  2.349770e+04
  7.027560e+01  2.519135e+04
  6.845520e+01  2.689660e+04
  6.668200e+01  2.880345e+04
  6.495470e+01  3.076640e+04
  6.327220e+01  3.253990e+04
  6.163320e+01  3.421765e+04
  6.003670e+01  3.605440e+04
  5.848160e+01  3.761845e+04
  5.696670e+01  3.926830e+04
  5.549110e+01  4.093005e+04
  5.405370e+01  4.294055e+04
  5.265350e+01  4.480780e+04
  5.128960e+01  4.708080e+04
  4.996100e+01  4.892055e+04
  4.866690e+01  5.132575e+04
  4.740620e+01  5.302445e+04
  4.617830e+01  5.494480e+04
  4.498210e+01  5.666015e+04
  4.381690e+01  5.838960e+04
  4.268190e+01  5.982875e+04
  4.157630e+01  6.102705e+04
  4.049930e+01  6.219470e+04
  3.945030e+01  6.282225e+04
  3.842840e+01  6.410655e+04
  3.743290e+01  6.506150e+04
  3.646330e+01  6.564430e+04
  3.551880e+01  6.674141e+04
  3.459870e+01  6.774200e+04
  3.370250e+01  6.879505e+04
  3.282950e+01  6.965670e+04
  3.197910e+01  7.088450e+04
  3.115070e+01  7.215260e+04
  3.034380e+01  7.318110e+04
  2.955780e+01  7.441745e+04
  2.879220e+01  7.550990e+04
  2.804640e+01  7.704834e+04
  2.731990e+01  7.815709e+04
  2.661220e+01  7.947425e+04
  2.592290e+01  8.086595e+04
  2.525140e+01  8.271555e+04
  2.459730e+01  8.416765e+04
  2.396010e+01  8.512695e+04
  2.333950e+01  8.721705e+04
  2.273490e+01  8.860725e+04
  2.214600e+01  9.065880e+04
  2.157230e+01  9.291060e+04
  2.101350e+01  9.473140e+04
  2.046920e+01  9.718205e+04
  1.993900e+01  9.902770e+04
  1.942250e+01  1.009005e+05
  1.891940e+01  1.029705e+05
  1.842930e+01  1.044585e+05
  1.795200e+01  1.049645e+05
  1.748690e+01  1.051080e+05
  1.703400e+01  1.053250e+05
  1.659270e+01  1.048940e+05
  1.616290e+01  1.047480e+05
  1.574430e+01  1.040440e+05
  1.533640e+01  1.040100e+05
  1.493920e+01  1.038835e+05
  1.455220e+01  1.040455e+05
  1.417520e+01  1.050200e+05
  1.380800e+01  1.072160e+05
  1.345040e+01  1.106450e+05
  1.310200e+01  1.145235e+05
  1.276260e+01  1.191690e+05
  1.243200e+01  1.239420e+05
  1.211000e+01  1.294035e+05
  1.179630e+01  1.351315e+05
  1.149070e+01  1.412085e+05
  1.119310e+01  1.462590e+05
  1.090310e+01  1.519700e+05
  1.062070e+01  1.580670e+05
  1.034560e+01  1.640760e+05
  1.007760e+01  1.691145e+05
  9.816600e+00  1.743075e+05
  9.562300e+00  1.769310e+05
  9.314600e+00  1.751335e+05
  9.073300e+00  1.691940e+05
  8.838300e+00  1.602305e+05
  8.609300e+00  1.508755e+05
  8.386300e+00  1.412005e+05
  8.169100e+00  1.315955e+05
  7.957500e+00  1.237715e+05
  7.751400e+00  1.170320e+05
  7.550600e+00  1.126930e+05
  7.355000e+00  1.106020e+05
  7.164500e+00  1.099520e+05
  6.978900e+00  1.089685e+05
  6.798100e+00  1.091090e+05
  6.622000e+00  1.093550e+05
  6.450500e+00  1.098295e+05
  6.283400e+00  1.108415e+05
  6.120600e+00  1.106950e+05
  5.962100e+00  1.106100e+05
  5.807600e+00  1.105820e+05
  5.657200e+00  1.105860e+05
  5.510700e+00  1.112310e+05
  5.367900e+00  1.128990e+05
  5.228900e+00  1.128710e+05
  5.093400e+00  1.123080e+05
  4.961500e+00  1.125245e+05
  4.833000e+00  1.168115e+05
  4.707800e+00  1.235150e+05
  4.585800e+00  1.176950e+05
  4.467100e+00  1.171660e+05
  4.351300e+00  1.186945e+05
  4.238600e+00  1.210115e+05
  4.128800e+00  1.209410e+05
  4.021900e+00  1.621720e+05
  3.917700e+00  1.291375e+05
  3.816200e+00  1.130685e+05
  3.717400e+00  1.133600e+05
  3.621100e+00  1.133285e+05
  3.527300e+00  1.128345e+05
  3.435900e+00  1.125680e+05
  3.346900e+00  1.124225e+05
  3.260200e+00  1.129260e+05
  3.175800e+00  1.133205e+05
  3.093500e+00  1.126365e+05
  3.013400e+00  1.125185e+05
  2.935300e+00  1.134700e+05
  2.859300e+00  1.128500e+05
  2.785200e+00  1.142050e+05
  2.713100e+00  1.137690e+05
  2.642800e+00  1.125450e+05
  2.574300e+00  1.155300e+05
  2.507600e+00  1.137375e+05
  2.442700e+00  1.172730e+05
  2.379400e+00  1.184120e+05
  2.317800e+00  1.155160e+05
  2.257700e+00  1.124895e+05
  2.199300e+00  1.222230e+05
  2.142300e+00  1.116250e+05
  2.086800e+00  1.089640e+05
  2.032700e+00  1.123935e+05
  1.980100e+00  1.328955e+05
  1.928800e+00  1.033995e+05
  1.878800e+00  9.259525e+04
  1.830200e+00  1.347980e+05
  1.782800e+00  3.050820e+05
  1.736600e+00  1.714200e+05
  1.691600e+00  1.292790e+05
  1.647800e+00  1.032535e+05
  1.605100e+00  9.714775e+04
  1.563500e+00  9.207515e+04
  1.523000e+00  8.863400e+04
  1.483600e+00  8.697375e+04
  1.445100e+00  8.308790e+04
  1.407700e+00  8.009670e+04
  1.371200e+00  7.496291e+04
  1.335700e+00  7.782559e+04
  1.301100e+00  6.837225e+04
  1.267400e+00  5.514660e+04
  1.234600e+00  7.244865e+04
  1.202600e+00  7.639420e+04
  1.171500e+00  7.338215e+04
  1.141100e+00  8.548870e+04
  1.111600e+00  5.503870e+04
  1.082800e+00  4.733935e+04
  1.054700e+00  8.827059e+04
  1.027400e+00  6.148065e+04
  1.000800e+00  4.222910e+04
  9.749000e-01  7.019635e+04
  9.496000e-01  4.913655e+04
  9.250000e-01  4.908860e+04
  9.010000e-01  5.497885e+04
  8.777000e-01  6.034005e+04
  8.550000e-01  6.038060e+04
  8.328000e-01  6.528940e+04
  8.113000e-01  6.947030e+04
  7.902000e-01  7.315980e+04
  7.698000e-01  7.651530e+04
  7.498000e-01  8.087080e+04
  7.304000e-01  8.271230e+04
  7.115000e-01  8.839934e+04
  6.931000e-01  1.968825e+05
  6.751000e-01  1.512290e+06
  6.576000e-01  1.070245e+06
  6.406000e-01  3.594395e+06
  6.240000e-01  1.014755e+06
  6.078000e-01  1.281095e+05
  5.921000e-01  1.196520e+05
  5.767000e-01  1.197475e+05
  5.618000e-01  1.256185e+05
  5.472000e-01  1.244000e+05
  5.331000e-01  1.536920e+05
  5.193000e-01  1.453320e+05
  5.058000e-01  1.531870e+05
  4.927000e-01  2.804305e+05
  4.799000e-01  3.165895e+05
  4.675000e-01  2.010100e+05
  4.554000e-01  1.573795e+05
  4.436000e-01  3.570070e+05
  4.321000e-01  3.371525e+05
  4.209000e-01  3.171835e+05
  4.100000e-01  1.938420e+05
  3.994000e-01  3.743010e+05
  3.891000e-01  6.204185e+05
  3.790000e-01  5.237305e+05
  3.692000e-01  1.430385e+05
  3.596000e-01  1.180985e+05
  3.503000e-01  1.197810e+05
  3.412000e-01  1.181820e+05
  3.324000e-01  1.351755e+05
  3.238000e-01  1.131595e+05
  3.154000e-01  8.475580e+04
  3.072000e-01  1.582870e+05
  2.992000e-01  1.920430e+05
  2.915000e-01  2.170540e+05
  2.839000e-01  2.040540e+05
  2.766000e-01  7.970695e+04
  2.694000e-01  2.038165e+05
  2.624000e-01  4.768385e+05
  2.556000e-01  4.983460e+05
  2.490000e-01  1.747645e+05
  2.426000e-01  9.630209e+04
  2.363000e-01  1.296520e+05
  2.302000e-01  1.035610e+05
  2.242000e-01  7.994391e+04
  2.184000e-01  8.478680e+04
  2.127000e-01  9.801795e+04
  2.072000e-01  6.670750e+04
  2.019000e-01  7.619555e+04
  1.966000e-01  1.268720e+05
  1.915000e-01  2.827545e+04
  1.866000e-01  1.249940e+04
  1.817000e-01  7.183125e+03
  1.770000e-01  1.065400e+04
  1.725000e-01  1.410325e+04
  1.680000e-01  6.054875e+04
  1.636000e-01  1.211610e+05
  1.594000e-01  1.476760e+05
  1.553000e-01  1.835500e+05
  1.512000e-01  1.928855e+05
  1.473000e-01  1.906755e+05
  1.435000e-01  3.186370e+05
  1.398000e-01  1.254395e+05
  1.362000e-01  6.917165e+04
  1.326000e-01  4.387425e+04
  1.292000e-01  4.114085e+04
  1.259000e-01  4.626950e+04
  1.226000e-01  9.425005e+04
  1.194000e-01  9.181385e+04
  1.163000e-01  7.030965e+04
  1.133000e-01  7.394535e+04
  1.104000e-01  8.264070e+04
  1.075000e-01  9.025490e+04
  1.047000e-01  1.013140e+05
  1.020000e-01  1.167270e+05
  9.940000e-02  1.393845e+05
  9.680000e-02  1.659255e+05
  9.430000e-02  1.966375e+05
  9.190000e-02  2.327655e+05
  8.950000e-02  2.625515e+05
  8.720000e-02  2.636075e+05
  8.490000e-02  2.664030e+05
  8.270000e-02  2.673965e+05
  8.060000e-02  2.698880e+05
  7.850000e-02  2.751900e+05
  7.640000e-02  2.823475e+05
  7.450000e-02  2.892090e+05
  7.250000e-02  3.005615e+05
  7.070000e-02  3.105620e+05
  6.880000e-02  3.116875e+05
  6.700000e-02  3.108625e+05
  6.530000e-02  3.120030e+05
  6.360000e-02  3.109600e+05
  6.200000e-02  3.101575e+05
  6.040000e-02  3.083850e+05
  5.880000e-02  3.040255e+05
  5.730000e-02  2.997835e+05
  5.580000e-02  2.934335e+05
  5.430000e-02  2.847070e+05
  5.290000e-02  2.760865e+05
  5.160000e-02  2.662425e+05
  5.020000e-02  2.540625e+05
  4.890000e-02  2.411235e+05
  4.770000e-02  2.276335e+05
  4.640000e-02  2.138920e+05
  4.520000e-02  2.006825e+05
  4.410000e-02  1.869580e+05
  4.290000e-02  1.735170e+05
  4.180000e-02  1.601125e+05
  4.070000e-02  1.471580e+05
  3.970000e-02  1.346490e+05
  3.860000e-02  1.226030e+05
  3.760000e-02  1.108345e+05
  3.670000e-02  1.002044e+05
  3.570000e-02  9.134734e+04
  3.480000e-02  8.163305e+04
  3.390000e-02  7.236841e+04
  3.300000e-02  6.376995e+04
  3.220000e-02  5.574780e+04
  3.130000e-02  4.853240e+04
  3.050000e-02  4.204935e+04
  2.970000e-02  3.595910e+04
  2.890000e-02  3.076645e+04
  2.820000e-02  2.620725e+04
  2.750000e-02  2.221065e+04
  2.680000e-02  1.852825e+04
  2.610000e-02  1.542490e+04
  2.540000e-02  1.263575e+04
  2.470000e-02  1.046460e+04
  2.410000e-02  8.587870e+03
  2.350000e-02  6.957350e+03
  2.290000e-02  5.685100e+03
  2.230000e-02  4.576775e+03
  2.170000e-02  3.748135e+03
  2.110000e-02  3.037800e+03
  2.060000e-02  2.395220e+03
  2.000000e-02  1.961235e+03
  1.950000e-02  1.650590e+03
  1.900000e-02  1.362945e+03
  1.850000e-02  1.104585e+03
  1.800000e-02  9.486265e+02
  1.760000e-02  8.420210e+02
  1.710000e-02  7.450275e+02
  1.670000e-02  6.706080e+02
  1.630000e-02  6.124935e+02
  1.580000e-02  5.782110e+02
  1.540000e-02  5.054650e+02
  1.500000e-02  5.142440e+02
  1.460000e-02  4.766155e+02
  1.430000e-02  4.615650e+02
  1.390000e-02  4.314635e+02
  1.350000e-02  4.042880e+02
  1.320000e-02  4.088875e+02
  1.280000e-02  3.967615e+02
  1.250000e-02  3.491010e+02
  1.220000e-02  3.503545e+02
  1.190000e-02  3.369765e+02
  1.160000e-02  3.022755e+02
  1.130000e-02  2.801160e+02
  1.100000e-02  2.667380e+02
  1.070000e-02  2.341280e+02
  1.040000e-02  2.010990e+02
  1.010000e-02  1.782290e+03
