  4.934820e+03  0.000000e+00
  4.806990e+03  0.000000e+00
  4.682470e+03  0.000000e+00
  4.561180e+03  0.000000e+00
  4.443030e+03  0.000000e+00
  4.327940e+03  0.000000e+00
  4.215830e+03  0.000000e+00
  4.106630e+03  0.000000e+00
  4.000250e+03  0.000000e+00
  3.896630e+03  0.000000e+00
  3.795700e+03  0.000000e+00
  3.697380e+03  0.000000e+00
  3.601600e+03  0.000000e+00
  3.508310e+03  0.000000e+00
  3.417430e+03  0.000000e+00
  3.328910e+03  0.000000e+00
  3.242680e+03  0.000000e+00
  3.158680e+03  0.000000e+00
  3.076860e+03  0.000000e+00
  2.997160e+03  0.000000e+00
  2.919530e+03  0.000000e+00
  2.843900e+03  0.000000e+00
  2.770230e+03  0.000000e+00
  2.698480e+03  0.000000e+00
  2.628580e+03  0.000000e+00
  2.560490e+03  0.000000e+00
  2.494160e+03  0.000000e+00
  2.429550e+03  1.620800e-01
  2.366620e+03  0.000000e+00
  2.305320e+03  0.000000e+00
  2.245600e+03  0.000000e+00
  2.187430e+03  0.000000e+00
  2.130770e+03  0.000000e+00
  2.075580e+03  0.000000e+00
  2.021810e+03  0.000000e+00
  1.969440e+03  0.000000e+00
  1.918430e+03  0.000000e+00
  1.868730e+03  0.000000e+00
  1.820330e+03  0.000000e+00
  1.773170e+03  0.000000e+00
  1.727240e+03  0.000000e+00
  1.682500e+03  0.000000e+00
  1.638920e+03  0.000000e+00
  1.596470e+03  1.620800e-01
  1.555110e+03  0.000000e+00
  1.514830e+03  1.620800e-01
  1.475590e+03  3.241600e-01
  1.437370e+03  0.000000e+00
  1.400140e+03  0.000000e+00
  1.363870e+03  1.620800e-01
  1.328540e+03  3.241600e-01
  1.294120e+03  4.862400e-01
  1.260600e+03  4.862400e-01
  1.227950e+03  4.862400e-01
  1.196140e+03  3.241600e-01
  1.165160e+03  0.000000e+00
  1.134980e+03  1.620800e-01
  1.105580e+03  6.483200e-01
  1.076940e+03  3.241600e-01
  1.049040e+03  1.620800e-01
  1.021870e+03  3.241600e-01
  9.953980e+02  4.862400e-01
  9.696140e+02  3.241600e-01
  9.444970e+02  9.724800e-01
  9.200320e+02  3.241600e-01
  8.962000e+02  4.862400e-01
  8.729850e+02  8.104000e-01
  8.503720e+02  6.483200e-01
  8.283450e+02  1.134560e+00
  8.068880e+02  1.134560e+00
  7.859870e+02  9.724801e-01
  7.656270e+02  1.296640e+00
  7.457950e+02  1.944960e+00
  7.264760e+02  2.755360e+00
  7.076580e+02  2.431200e+00
  6.893270e+02  2.917440e+00
  6.714710e+02  3.727840e+00
  6.540780e+02  3.565760e+00
  6.371350e+02  3.241600e+00
  6.206310e+02  5.024500e+00
  6.045550e+02  4.862420e+00
  5.888950e+02  6.483140e+00
  5.736410e+02  6.321060e+00
  5.587810e+02  7.455620e+00
  5.443070e+02  6.645280e+00
  5.302080e+02  7.779820e+00
  5.164740e+02  1.004898e+01
  5.030950e+02  1.215600e+01
  4.900630e+02  1.361470e+01
  4.773690e+02  1.410090e+01
  4.650040e+02  1.604590e+01
  4.529580e+02  1.880130e+01
  4.412250e+02  1.815295e+01
  4.297960e+02  1.912540e+01
  4.186630e+02  2.512250e+01
  4.078180e+02  3.047105e+01
  3.972540e+02  3.047115e+01
  3.869640e+02  3.857505e+01
  3.769400e+02  3.954760e+01
  3.671770e+02  4.635475e+01
  3.576650e+02  5.040690e+01
  3.484010e+02  5.980750e+01
  3.393760e+02  6.207685e+01
  3.305850e+02  7.001860e+01
  3.220220e+02  8.638860e+01
  3.136800e+02  9.254820e+01
  3.055550e+02  9.319580e+01
  2.976400e+02  1.092430e+02
  2.899300e+02  1.199395e+02
  2.824200e+02  1.366335e+02
  2.751040e+02  1.530040e+02
  2.679780e+02  1.726165e+02
  2.610370e+02  1.927150e+02
  2.542750e+02  2.113520e+02
  2.476890e+02  2.473335e+02
  2.412730e+02  2.666210e+02
  2.350230e+02  3.019550e+02
  2.289350e+02  3.402070e+02
  2.230050e+02  3.844550e+02
  2.172280e+02  4.087665e+02
  2.116010e+02  4.719775e+02
  2.061200e+02  5.287050e+02
  2.007810e+02  5.732775e+02
  1.955800e+02  6.599915e+02
  1.905140e+02  7.332510e+02
  1.855790e+02  8.236910e+02
  1.807720e+02  9.112160e+02
  1.760890e+02  1.017380e+03
  1.715280e+02  1.168585e+03
  1.670850e+02  1.276215e+03
  1.627570e+02  1.380585e+03
  1.585410e+02  1.551115e+03
  1.544340e+02  1.689525e+03
  1.504340e+02  1.873470e+03
  1.465370e+02  1.997965e+03
  1.427410e+02  2.278685e+03
  1.390440e+02  2.431690e+03
  1.354420e+02  2.700085e+03
  1.319340e+02  2.865910e+03
  1.285160e+02  3.214370e+03
  1.251870e+02  3.413245e+03
  1.219440e+02  3.711325e+03
  1.187850e+02  4.063685e+03
  1.157090e+02  4.309390e+03
  1.127110e+02  4.773590e+03
  1.097920e+02  5.067440e+03
  1.069480e+02  5.514620e+03
  1.041770e+02  5.918365e+03
  1.014790e+02  6.416440e+03
  9.885030e+01  6.907535e+03
  9.628970e+01  7.425875e+03
  9.379550e+01  8.003375e+03
  9.136590e+01  8.541625e+03
  8.899920e+01  9.123016e+03
  8.669380e+01  9.743320e+03
  8.444820e+01  1.032935e+04
  8.226070e+01  1.091145e+04
  8.012980e+01  1.161005e+04
  7.805420e+01  1.232435e+04
  7.603240e+01  1.293070e+04
  7.406290e+01  1.361445e+04
  7.214440e+01  1.414185e+04
  7.027560e+01  1.494265e+04
  6.845520e+01  1.547015e+04
  6.668200e+01  1.601005e+04
  6.495470e+01  1.659040e+04
  6.327220e+01  1.687650e+04
  6.163320e+01  1.719790e+04
  6.003670e+01  1.742855e+04
  5.848160e+01  1.751735e+04
  5.696670e+01  1.773120e+04
  5.549110e+01  1.768735e+04
  5.405370e+01  1.766520e+04
  5.265350e+01  1.756960e+04
  5.128960e+01  1.750525e+04
  4.996100e+01  1.720280e+04
  4.866690e+01  1.690525e+04
  4.740620e+01  1.649985e+04
  4.617830e+01  1.599055e+04
  4.498210e+01  1.535115e+04
  4.381690e+01  1.498740e+04
  4.268190e+01  1.430335e+04
  4.157630e+01  1.373835e+04
  4.049930e+01  1.313380e+04
  3.945030e+01  1.259690e+04
  3.842840e+01  1.213420e+04
  3.743290e+01  1.158620e+04
  3.646330e+01  1.109345e+04
  3.551880e+01  1.051385e+04
  3.459870e+01  1.003405e+04
  3.370250e+01  9.533410e+03
  3.282950e+01  8.891245e+03
  3.197910e+01  8.439840e+03
  3.115070e+01  7.878720e+03
  3.034380e+01  7.437060e+03
  2.955780e+01  6.982920e+03
  2.879220e+01  6.391960e+03
  2.804640e+01  5.946885e+03
  2.731990e+01  5.524180e+03
  2.661220e+01  5.088035e+03
  2.592290e+01  4.686720e+03
  2.525140e+01  4.373255e+03
  2.459730e+01  3.959295e+03
  2.396010e+01  3.670955e+03
  2.333950e+01  3.340630e+03
  2.273490e+01  3.041445e+03
  2.214600e+01  2.770760e+03
  2.157230e+01  2.545145e+03
  2.101350e+01  2.280635e+03
  2.046920e+01  2.095210e+03
  1.993900e+01  1.960205e+03
  1.942250e+01  1.816910e+03
  1.891940e+01  1.679155e+03
  1.842930e+01  1.631190e+03
  1.795200e+01  1.487250e+03
  1.748690e+01  1.432625e+03
  1.703400e+01  1.327275e+03
  1.659270e+01  1.277200e+03
  1.616290e+01  1.258715e+03
  1.574430e+01  1.199240e+03
  1.533640e+01  1.118670e+03
  1.493920e+01  1.078490e+03
  1.455220e+01  1.001813e+03
  1.417520e+01  8.950065e+02
  1.380800e+01  8.369830e+02
  1.345040e+01  7.262830e+02
  1.310200e+01  6.481600e+02
  1.276260e+01  6.107185e+02
  1.243200e+01  5.773290e+02
  1.211000e+01  5.622570e+02
  1.179630e+01  5.462104e+02
  1.149070e+01  5.309755e+02
  1.119310e+01  5.343781e+02
  1.090310e+01  5.546385e+02
  1.062070e+01  5.544760e+02
  1.034560e+01  5.616085e+02
  1.007760e+01  5.442655e+02
  9.816600e+00  5.197920e+02
  9.562300e+00  5.030975e+02
  9.314600e+00  4.280535e+02
  9.073300e+00  3.828345e+02
  8.838300e+00  3.301575e+02
  8.609300e+00  2.789400e+02
  8.386300e+00  2.449035e+02
  8.169100e+00  2.252920e+02
  7.957500e+00  2.298295e+02
  7.751400e+00  2.032490e+02
  7.550600e+00  2.030870e+02
  7.355000e+00  2.022765e+02
  7.164500e+00  1.752075e+02
  6.978900e+00  1.766680e+02
  6.798100e+00  1.547860e+02
  6.622000e+00  1.445765e+02
  6.450500e+00  1.248005e+02
  6.283400e+00  1.183175e+02
  6.120600e+00  1.024340e+02
  5.962100e+00  9.465421e+01
  5.807600e+00  8.930576e+01
  5.657200e+00  8.865855e+01
  5.510700e+00  8.898210e+01
  5.367900e+00  8.428195e+01
  5.228900e+00  7.796055e+01
  5.093400e+00  7.812270e+01
  4.961500e+00  6.353545e+01
  4.833000e+00  6.045580e+01
  4.707800e+00  6.904636e+01
  4.585800e+00  6.191470e+01
  4.467100e+00  5.818690e+01
  4.351300e+00  5.445895e+01
  4.238600e+00  5.721445e+01
  4.128800e+00  4.927240e+01
  4.021900e+00  6.548050e+01
  3.917700e+00  5.283820e+01
  3.816200e+00  4.489610e+01
  3.717400e+00  4.052000e+01
  3.621100e+00  4.246490e+01
  3.527300e+00  3.841305e+01
  3.435900e+00  3.954760e+01
  3.346900e+00  3.484720e+01
  3.260200e+00  3.517135e+01
  3.175800e+00  2.236705e+01
  3.093500e+00  2.090840e+01
  3.013400e+00  1.912545e+01
  2.935300e+00  1.912550e+01
  2.859300e+00  2.496025e+01
  2.785200e+00  3.063310e+01
  2.713100e+00  3.274020e+01
  2.642800e+00  3.355070e+01
  2.574300e+00  3.581965e+01
  2.507600e+00  3.436105e+01
  2.442700e+00  3.500940e+01
  2.379400e+00  3.760265e+01
  2.317800e+00  3.646805e+01
  2.257700e+00  3.095735e+01
  2.199300e+00  3.355065e+01
  2.142300e+00  2.949865e+01
  2.086800e+00  2.690530e+01
  2.032700e+00  3.128150e+01
  1.980100e+00  3.176770e+01
  1.928800e+00  2.998485e+01
  1.878800e+00  2.739155e+01
  1.830200e+00  3.500935e+01
  1.782800e+00  6.304935e+01
  1.736600e+00  3.711640e+01
  1.691600e+00  3.160565e+01
  1.647800e+00  2.382575e+01
  1.605100e+00  2.463620e+01
  1.563500e+00  2.820200e+01
  1.523000e+00  2.123245e+01
  1.483600e+00  2.236705e+01
  1.445100e+00  2.317730e+01
  1.407700e+00  1.928750e+01
  1.371200e+00  1.750460e+01
  1.335700e+00  2.123255e+01
  1.301100e+00  1.604590e+01
  1.267400e+00  1.734250e+01
  1.234600e+00  1.588385e+01
  1.202600e+00  1.766670e+01
  1.171500e+00  1.555965e+01
  1.141100e+00  1.718045e+01
  1.111600e+00  1.474930e+01
  1.082800e+00  1.183175e+01
  1.054700e+00  1.880140e+01
  1.027400e+00  1.588370e+01
  1.000800e+00  1.264215e+01
  9.749000e-01  1.539755e+01
  9.496000e-01  1.215594e+01
  9.250000e-01  1.507340e+01
  9.010000e-01  1.361465e+01
  8.777000e-01  1.847705e+01
  8.550000e-01  1.604575e+01
  8.328000e-01  1.361470e+01
  8.113000e-01  1.766670e+01
  7.902000e-01  1.944955e+01
  7.698000e-01  1.766680e+01
  7.498000e-01  2.155660e+01
  7.304000e-01  2.171870e+01
  7.115000e-01  2.301540e+01
  6.931000e-01  4.522030e+01
  6.751000e-01  3.254570e+02
  6.576000e-01  2.724575e+02
  6.406000e-01  8.392520e+02
  6.240000e-01  2.123235e+02
  6.078000e-01  3.598180e+01
  5.921000e-01  3.322655e+01
  5.767000e-01  3.581975e+01
  5.618000e-01  3.825090e+01
  5.472000e-01  3.727835e+01
  5.331000e-01  4.246505e+01
  5.193000e-01  4.554450e+01
  5.058000e-01  5.300010e+01
  4.927000e-01  8.995385e+01
  4.799000e-01  1.048669e+02
  4.675000e-01  6.094220e+01
  4.554000e-01  5.024485e+01
  4.436000e-01  1.047038e+02
  4.321000e-01  1.017859e+02
  4.209000e-01  9.643770e+01
  4.100000e-01  6.564260e+01
  3.994000e-01  1.254495e+02
  3.891000e-01  2.085975e+02
  3.790000e-01  1.729405e+02
  3.692000e-01  5.121735e+01
  3.596000e-01  3.987165e+01
  3.503000e-01  4.133045e+01
  3.412000e-01  4.570660e+01
  3.324000e-01  4.165470e+01
  3.238000e-01  4.052005e+01
  3.154000e-01  3.663000e+01
  3.072000e-01  5.932145e+01
  2.992000e-01  7.309840e+01
  2.915000e-01  9.416860e+01
  2.839000e-01  1.003280e+02
  2.766000e-01  5.300025e+01
  2.694000e-01  1.215600e+02
  2.624000e-01  3.098970e+02
  2.556000e-01  3.346955e+02
  2.490000e-01  1.129705e+02
  2.426000e-01  9.189885e+01
  2.363000e-01  1.144290e+02
  2.302000e-01  8.104040e+01
  2.242000e-01  5.705215e+01
  2.184000e-01  5.251405e+01
  2.127000e-01  5.705235e+01
  2.072000e-01  4.829990e+01
  2.019000e-01  4.959650e+01
  1.966000e-01  6.256305e+01
  1.915000e-01  6.612865e+01
  1.866000e-01  5.640400e+01
  1.817000e-01  3.646810e+01
  1.770000e-01  3.517140e+01
  1.725000e-01  4.051990e+01
  1.680000e-01  5.251390e+01
  1.636000e-01  6.596660e+01
  1.594000e-01  6.126645e+01
  1.553000e-01  7.374660e+01
  1.512000e-01  6.677710e+01
  1.473000e-01  7.925670e+01
  1.435000e-01  1.017873e+02
  1.398000e-01  7.163945e+01
  1.362000e-01  7.504315e+01
  1.326000e-01  6.953240e+01
  1.292000e-01  7.293594e+01
  1.259000e-01  8.266130e+01
  1.226000e-01  9.870635e+01
  1.194000e-01  1.029190e+02
  1.163000e-01  9.157465e+01
  1.133000e-01  1.069725e+02
  1.104000e-01  1.170215e+02
  1.075000e-01  1.175080e+02
  1.047000e-01  1.262610e+02
  1.020000e-01  1.327435e+02
  9.940000e-02  1.437660e+02
  9.680000e-02  1.979005e+02
  9.430000e-02  1.850965e+02
  9.190000e-02  1.696970e+02
  8.950000e-02  1.580295e+02
  8.720000e-02  1.653225e+02
  8.490000e-02  1.727770e+02
  8.270000e-02  1.599735e+02
  8.060000e-02  1.619185e+02
  7.850000e-02  1.586770e+02
  7.640000e-02  1.667805e+02
  7.450000e-02  1.543000e+02
  7.250000e-02  1.481410e+02
  7.070000e-02  1.526795e+02
  6.880000e-02  1.272340e+02
  6.700000e-02  1.363095e+02
  6.530000e-02  1.248015e+02
  6.360000e-02  1.160490e+02
  6.200000e-02  1.064870e+02
  6.040000e-02  1.032445e+02
  5.880000e-02  8.752280e+01
  5.730000e-02  9.173655e+01
  5.580000e-02  7.212575e+01
  5.430000e-02  5.996970e+01
  5.290000e-02  5.332435e+01
  5.160000e-02  4.911040e+01
  5.020000e-02  4.570660e+01
  4.890000e-02  3.987165e+01
  4.770000e-02  3.808885e+01
  4.640000e-02  3.144350e+01
  4.520000e-02  2.998480e+01
  4.410000e-02  2.690525e+01
  4.290000e-02  2.787770e+01
  4.180000e-02  2.414985e+01
  4.070000e-02  1.799085e+01
  3.970000e-02  1.977370e+01
  3.860000e-02  1.863915e+01
  3.760000e-02  1.572180e+01
  3.670000e-02  1.199385e+01
  3.570000e-02  1.134560e+01
  3.480000e-02  1.021099e+01
  3.390000e-02  9.238600e+00
  3.300000e-02  6.159020e+00
  3.220000e-02  4.700300e+00
  3.130000e-02  4.376140e+00
  3.050000e-02  5.024460e+00
  2.970000e-02  4.214060e+00
  2.890000e-02  2.593280e+00
  2.820000e-02  2.593280e+00
  2.750000e-02  2.593280e+00
  2.680000e-02  1.620800e+00
  2.610000e-02  1.458720e+00
  2.540000e-02  1.134560e+00
  2.470000e-02  1.296640e+00
  2.410000e-02  1.620800e+00
  2.350000e-02  1.620800e-01
  2.290000e-02  1.620800e-01
  2.230000e-02  4.862400e-01
  2.170000e-02  6.483200e-01
  2.110000e-02  6.483200e-01
  2.060000e-02  0.000000e+00
  2.000000e-02  4.862400e-01
  1.950000e-02  1.620800e-01
  1.900000e-02  0.000000e+00
  1.850000e-02  4.862400e-01
  1.800000e-02  0.000000e+00
  1.760000e-02  3.241600e-01
  1.710000e-02  3.241600e-01
  1.670000e-02  1.620800e-01
  1.630000e-02  0.000000e+00
  1.580000e-02  3.241600e-01
  1.540000e-02  1.620800e-01
  1.500000e-02  0.000000e+00
  1.460000e-02  1.620800e-01
  1.430000e-02  0.000000e+00
  1.390000e-02  0.000000e+00
  1.350000e-02  0.000000e+00
  1.320000e-02  0.000000e+00
  1.280000e-02  1.620800e-01
  1.250000e-02  0.000000e+00
  1.220000e-02  0.000000e+00
  1.190000e-02  1.620800e-01
  1.160000e-02  0.000000e+00
  1.130000e-02  0.000000e+00
  1.100000e-02  1.620800e+00
  1.070000e-02  2.431180e+00
  1.040000e-02  3.079520e+00
  1.010000e-02  6.321140e+01
