  4.934820e+03  0.000000e+00
  4.806990e+03  0.000000e+00
  4.682470e+03  0.000000e+00
  4.561180e+03  0.000000e+00
  4.443030e+03  0.000000e+00
  4.327940e+03  0.000000e+00
  4.215830e+03  0.000000e+00
  4.106630e+03  0.000000e+00
  4.000250e+03  0.000000e+00
  3.896630e+03  2.921050e-01
  3.795700e+03  0.000000e+00
  3.697380e+03  0.000000e+00
  3.601600e+03  0.000000e+00
  3.508310e+03  0.000000e+00
  3.417430e+03  0.000000e+00
  3.328910e+03  0.000000e+00
  3.242680e+03  0.000000e+00
  3.158680e+03  0.000000e+00
  3.076860e+03  0.000000e+00
  2.997160e+03  0.000000e+00
  2.919530e+03  0.000000e+00
  2.843900e+03  0.000000e+00
  2.770230e+03  0.000000e+00
  2.698480e+03  0.000000e+00
  2.628580e+03  2.921050e-01
  2.560490e+03  0.000000e+00
  2.494160e+03  0.000000e+00
  2.429550e+03  0.000000e+00
  2.366620e+03  2.921050e-01
  2.305320e+03  0.000000e+00
  2.245600e+03  0.000000e+00
  2.187430e+03  0.000000e+00
  2.130770e+03  2.921050e-01
  2.075580e+03  0.000000e+00
  2.021810e+03  0.000000e+00
  1.969440e+03  0.000000e+00
  1.918430e+03  0.000000e+00
  1.868730e+03  5.842100e-01
  1.820330e+03  0.000000e+00
  1.773170e+03  0.000000e+00
  1.727240e+03  0.000000e+00
  1.682500e+03  0.000000e+00
  1.638920e+03  5.842100e-01
  1.596470e+03  0.000000e+00
  1.555110e+03  0.000000e+00
  1.514830e+03  2.921050e-01
  1.475590e+03  8.763150e-01
  1.437370e+03  2.921050e-01
  1.400140e+03  5.842100e-01
  1.363870e+03  0.000000e+00
  1.328540e+03  0.000000e+00
  1.294120e+03  2.921050e-01
  1.260600e+03  2.921050e-01
  1.227950e+03  2.921050e-01
  1.196140e+03  5.842100e-01
  1.165160e+03  1.752630e+00
  1.134980e+03  2.921050e-01
  1.105580e+03  8.763150e-01
  1.076940e+03  8.763150e-01
  1.049040e+03  8.763150e-01
  1.021870e+03  8.763150e-01
  9.953980e+02  1.460525e+00
  9.696140e+02  1.168410e+00
  9.444970e+02  1.752630e+00
  9.200320e+02  2.336840e+00
  8.962000e+02  1.460525e+00
  8.729850e+02  1.752620e+00
  8.503720e+02  2.336870e+00
  8.283450e+02  2.921040e+00
  8.068880e+02  3.505270e+00
  7.859870e+02  3.505240e+00
  7.656270e+02  4.089435e+00
  7.457950e+02  3.505290e+00
  7.264760e+02  3.213115e+00
  7.076580e+02  4.673630e+00
  6.893270e+02  7.010430e+00
  6.714710e+02  4.089420e+00
  6.540780e+02  7.302550e+00
  6.371350e+02  9.931505e+00
  6.206310e+02  1.109985e+01
  6.045550e+02  9.055170e+00
  5.888950e+02  9.347385e+00
  5.736410e+02  1.460520e+01
  5.587810e+02  1.372890e+01
  5.443070e+02  1.518955e+01
  5.302080e+02  2.395280e+01
  5.164740e+02  1.869485e+01
  5.030950e+02  2.745805e+01
  4.900630e+02  3.125555e+01
  4.773690e+02  3.125555e+01
  4.650040e+02  3.271600e+01
  4.529580e+02  4.089505e+01
  4.412250e+02  5.111875e+01
  4.297960e+02  5.988170e+01
  4.186630e+02  6.134230e+01
  4.078180e+02  6.922929e+01
  3.972540e+02  7.828470e+01
  3.869640e+02  8.996835e+01
  3.769400e+02  1.036972e+02
  3.671770e+02  1.086635e+02
  3.576650e+02  1.174270e+02
  3.484010e+02  1.402110e+02
  3.393760e+02  1.498515e+02
  3.305850e+02  1.732180e+02
  3.220220e+02  2.088570e+02
  3.136800e+02  2.319330e+02
  3.055550e+02  2.538410e+02
  2.976400e+02  2.754565e+02
  2.899300e+02  3.227785e+02
  2.824200e+02  3.733120e+02
  2.751040e+02  4.069050e+02
  2.679780e+02  4.384525e+02
  2.610370e+02  5.070965e+02
  2.542750e+02  5.617209e+02
  2.476890e+02  6.578240e+02
  2.412730e+02  7.320185e+02
  2.350230e+02  8.333800e+02
  2.289350e+02  9.487620e+02
  2.230050e+02  1.050125e+03
  2.172280e+02  1.157030e+03
  2.116010e+02  1.312735e+03
  2.061200e+02  1.453815e+03
  2.007810e+02  1.640750e+03
  1.955800e+02  1.864225e+03
  1.905140e+02  2.097620e+03
  1.855790e+02  2.407835e+03
  1.807720e+02  2.640935e+03
  1.760890e+02  3.024175e+03
  1.715280e+02  3.352800e+03
  1.670850e+02  3.646365e+03
  1.627570e+02  4.136510e+03
  1.585410e+02  4.608280e+03
  1.544340e+02  5.151290e+03
  1.504340e+02  5.655485e+03
  1.465370e+02  6.264510e+03
  1.427410e+02  7.006465e+03
  1.390440e+02  7.710450e+03
  1.354420e+02  8.454445e+03
  1.319340e+02  9.283730e+03
  1.285160e+02  1.017465e+04
  1.251870e+02  1.114485e+04
  1.219440e+02  1.233620e+04
  1.187850e+02  1.344245e+04
  1.157090e+02  1.469705e+04
  1.127110e+02  1.605745e+04
  1.097920e+02  1.745890e+04
  1.069480e+02  1.909410e+04
  1.041770e+02  2.077055e+04
  1.014790e+02  2.261550e+04
  9.885030e+01  2.459710e+04
  9.628970e+01  2.662825e+04
  9.379550e+01  2.898660e+04
  9.136590e+01  3.135990e+04
  8.899920e+01  3.360155e+04
  8.669380e+01  3.615170e+04
  8.444820e+01  3.896055e+04
  8.226070e+01  4.186495e+04
  8.012980e+01  4.504485e+04
  7.805420e+01  4.799545e+04
  7.603240e+01  5.105665e+04
  7.406290e+01  5.422880e+04
  7.214440e+01  5.765220e+04
  7.027560e+01  6.108235e+04
  6.845520e+01  6.424125e+04
  6.668200e+01  6.769165e+04
  6.495470e+01  7.086216e+04
  6.327220e+01  7.395241e+04
  6.163320e+01  7.717659e+04
  6.003670e+01  7.998960e+04
  5.848160e+01  8.302484e+04
  5.696670e+01  8.614134e+04
  5.549110e+01  8.973310e+04
  5.405370e+01  9.224680e+04
  5.265350e+01  9.478810e+04
  5.128960e+01  9.798485e+04
  4.996100e+01  1.008080e+05
  4.866690e+01  1.032595e+05
  4.740620e+01  1.057330e+05
  4.617830e+01  1.080225e+05
  4.498210e+01  1.101300e+05
  4.381690e+01  1.131860e+05
  4.268190e+01  1.157990e+05
  4.157630e+01  1.179780e+05
  4.049930e+01  1.202875e+05
  3.945030e+01  1.226500e+05
  3.842840e+01  1.250485e+05
  3.743290e+01  1.274430e+05
  3.646330e+01  1.293365e+05
  3.551880e+01  1.318410e+05
  3.459870e+01  1.344095e+05
  3.370250e+01  1.361105e+05
  3.282950e+01  1.380750e+05
  3.197910e+01  1.397455e+05
  3.115070e+01  1.422780e+05
  3.034380e+01  1.447035e+05
  2.955780e+01  1.467140e+05
  2.879220e+01  1.488630e+05
  2.804640e+01  1.511855e+05
  2.731990e+01  1.539340e+05
  2.661220e+01  1.561410e+05
  2.592290e+01  1.582240e+05
  2.525140e+01  1.608120e+05
  2.459730e+01  1.634120e+05
  2.396010e+01  1.658140e+05
  2.333950e+01  1.684145e+05
  2.273490e+01  1.712120e+05
  2.214600e+01  1.741685e+05
  2.157230e+01  1.771600e+05
  2.101350e+01  1.802115e+05
  2.046920e+01  1.831765e+05
  1.993900e+01  1.861610e+05
  1.942250e+01  1.889300e+05
  1.891940e+01  1.915955e+05
  1.842930e+01  1.941655e+05
  1.795200e+01  1.960875e+05
  1.748690e+01  1.986160e+05
  1.703400e+01  1.998190e+05
  1.659270e+01  2.013295e+05
  1.616290e+01  2.025880e+05
  1.574430e+01  2.035285e+05
  1.533640e+01  2.041290e+05
  1.493920e+01  2.065155e+05
  1.455220e+01  2.086715e+05
  1.417520e+01  2.110025e+05
  1.380800e+01  2.144935e+05
  1.345040e+01  2.192530e+05
  1.310200e+01  2.240245e+05
  1.276260e+01  2.302520e+05
  1.243200e+01  2.367275e+05
  1.211000e+01  2.438580e+05
  1.179630e+01  2.507420e+05
  1.149070e+01  2.578300e+05
  1.119310e+01  2.648300e+05
  1.090310e+01  2.726675e+05
  1.062070e+01  2.795515e+05
  1.034560e+01  2.874020e+05
  1.007760e+01  2.943550e+05
  9.816600e+00  3.010470e+05
  9.562300e+00  3.036970e+05
  9.314600e+00  3.040675e+05
  9.073300e+00  3.027400e+05
  8.838300e+00  2.956590e+05
  8.609300e+00  2.893880e+05
  8.386300e+00  2.814815e+05
  8.169100e+00  2.736220e+05
  7.957500e+00  2.685255e+05
  7.751400e+00  2.606550e+05
  7.550600e+00  2.606015e+05
  7.355000e+00  2.576760e+05
  7.164500e+00  2.573570e+05
  6.978900e+00  2.597315e+05
  6.798100e+00  2.601525e+05
  6.622000e+00  2.621870e+05
  6.450500e+00  2.660300e+05
  6.283400e+00  2.689710e+05
  6.120600e+00  2.708190e+05
  5.962100e+00  2.723970e+05
  5.807600e+00  2.738375e+05
  5.657200e+00  2.756970e+05
  5.510700e+00  2.781050e+05
  5.367900e+00  2.828375e+05
  5.228900e+00  2.846395e+05
  5.093400e+00  2.845725e+05
  4.961500e+00  2.857155e+05
  4.833000e+00  2.972845e+05
  4.707800e+00  3.137160e+05
  4.585800e+00  3.006810e+05
  4.467100e+00  2.997890e+05
  4.351300e+00  3.037115e+05
  4.238600e+00  3.078800e+05
  4.128800e+00  3.095775e+05
  4.021900e+00  3.649785e+05
  3.917700e+00  3.180655e+05
  3.816200e+00  2.910085e+05
  3.717400e+00  2.905980e+05
  3.621100e+00  2.894045e+05
  3.527300e+00  2.877460e+05
  3.435900e+00  2.871365e+05
  3.346900e+00  2.854115e+05
  3.260200e+00  2.865840e+05
  3.175800e+00  2.882375e+05
  3.093500e+00  2.848030e+05
  3.013400e+00  2.821830e+05
  2.935300e+00  2.800370e+05
  2.859300e+00  2.749500e+05
  2.785200e+00  2.717120e+05
  2.713100e+00  2.669090e+05
  2.642800e+00  2.596290e+05
  2.574300e+00  2.610215e+05
  2.507600e+00  2.542410e+05
  2.442700e+00  2.542200e+05
  2.379400e+00  2.521740e+05
  2.317800e+00  2.432515e+05
  2.257700e+00  2.339335e+05
  2.199300e+00  2.387135e+05
  2.142300e+00  2.231535e+05
  2.086800e+00  2.159355e+05
  2.032700e+00  2.168115e+05
  1.980100e+00  2.322240e+05
  1.928800e+00  1.932090e+05
  1.878800e+00  1.792900e+05
  1.830200e+00  2.160040e+05
  1.782800e+00  3.860760e+05
  1.736600e+00  2.520870e+05
  1.691600e+00  1.975665e+05
  1.647800e+00  1.690160e+05
  1.605100e+00  1.608335e+05
  1.563500e+00  1.534830e+05
  1.523000e+00  1.477595e+05
  1.483600e+00  1.437600e+05
  1.445100e+00  1.368485e+05
  1.407700e+00  1.305100e+05
  1.371200e+00  1.214500e+05
  1.335700e+00  1.233810e+05
  1.301100e+00  1.067815e+05
  1.267400e+00  8.866255e+04
  1.234600e+00  1.074375e+05
  1.202600e+00  1.105070e+05
  1.171500e+00  1.050480e+05
  1.141100e+00  1.156845e+05
  1.111600e+00  8.106605e+04
  1.082800e+00  6.893184e+04
  1.054700e+00  1.109525e+05
  1.027400e+00  8.339990e+04
  1.000800e+00  6.066730e+04
  9.749000e-01  9.075430e+04
  9.496000e-01  6.514830e+04
  9.250000e-01  6.601490e+04
  9.010000e-01  7.343766e+04
  8.777000e-01  7.899115e+04
  8.550000e-01  7.903380e+04
  8.328000e-01  8.337716e+04
  8.113000e-01  8.841070e+04
  7.902000e-01  9.295515e+04
  7.698000e-01  9.648800e+04
  7.498000e-01  1.019065e+05
  7.304000e-01  1.050355e+05
  7.115000e-01  1.116880e+05
  6.931000e-01  2.080495e+05
  6.751000e-01  1.455425e+06
  6.576000e-01  1.030960e+06
  6.406000e-01  3.289565e+06
  6.240000e-01  1.028300e+06
  6.078000e-01  1.600810e+05
  5.921000e-01  1.440965e+05
  5.767000e-01  1.451205e+05
  5.618000e-01  1.510865e+05
  5.472000e-01  1.497680e+05
  5.331000e-01  1.770155e+05
  5.193000e-01  1.659470e+05
  5.058000e-01  1.756420e+05
  4.927000e-01  3.141900e+05
  4.799000e-01  3.169385e+05
  4.675000e-01  2.084995e+05
  4.554000e-01  1.837890e+05
  4.436000e-01  3.681560e+05
  4.321000e-01  3.749405e+05
  4.209000e-01  3.328065e+05
  4.100000e-01  2.123270e+05
  3.994000e-01  3.928020e+05
  3.891000e-01  6.246545e+05
  3.790000e-01  5.861285e+05
  3.692000e-01  1.889640e+05
  3.596000e-01  1.541765e+05
  3.503000e-01  1.551835e+05
  3.412000e-01  1.461515e+05
  3.324000e-01  1.626520e+05
  3.238000e-01  1.286330e+05
  3.154000e-01  1.123780e+05
  3.072000e-01  1.921120e+05
  2.992000e-01  2.363305e+05
  2.915000e-01  2.604690e+05
  2.839000e-01  2.399210e+05
  2.766000e-01  1.069985e+05
  2.694000e-01  2.570140e+05
  2.624000e-01  6.620250e+05
  2.556000e-01  6.823790e+05
  2.490000e-01  2.191755e+05
  2.426000e-01  2.559925e+05
  2.363000e-01  2.649285e+05
  2.302000e-01  1.673215e+05
  2.242000e-01  1.210735e+05
  2.184000e-01  1.238290e+05
  2.127000e-01  1.403030e+05
  2.072000e-01  1.307725e+05
  2.019000e-01  1.353405e+05
  1.966000e-01  1.736640e+05
  1.915000e-01  2.854355e+05
  1.866000e-01  3.848780e+05
  1.817000e-01  2.418985e+05
  1.770000e-01  2.019520e+05
  1.725000e-01  2.049140e+05
  1.680000e-01  2.072180e+05
  1.636000e-01  2.014440e+05
  1.594000e-01  2.064140e+05
  1.553000e-01  2.419855e+05
  1.512000e-01  2.501565e+05
  1.473000e-01  2.415435e+05
  1.435000e-01  4.192540e+05
  1.398000e-01  3.113205e+05
  1.362000e-01  2.963715e+05
  1.326000e-01  2.924325e+05
  1.292000e-01  2.704175e+05
  1.259000e-01  2.792240e+05
  1.226000e-01  3.462055e+05
  1.194000e-01  3.273400e+05
  1.163000e-01  2.980615e+05
  1.133000e-01  2.967335e+05
  1.104000e-01  3.017800e+05
  1.075000e-01  3.042080e+05
  1.047000e-01  3.104850e+05
  1.020000e-01  3.107570e+05
  9.940000e-02  3.153690e+05
  9.680000e-02  3.798865e+05
  9.430000e-02  3.408590e+05
  9.190000e-02  3.285240e+05
  8.950000e-02  3.341510e+05
  8.720000e-02  3.335275e+05
  8.490000e-02  3.329550e+05
  8.270000e-02  3.333395e+05
  8.060000e-02  3.317480e+05
  7.850000e-02  3.304430e+05
  7.640000e-02  3.302635e+05
  7.450000e-02  3.279670e+05
  7.250000e-02  3.273135e+05
  7.070000e-02  3.275355e+05
  6.880000e-02  3.229420e+05
  6.700000e-02  3.166965e+05
  6.530000e-02  3.118085e+05
  6.360000e-02  3.045145e+05
  6.200000e-02  2.970910e+05
  6.040000e-02  2.888915e+05
  5.880000e-02  2.803825e+05
  5.730000e-02  2.711035e+05
  5.580000e-02  2.596740e+05
  5.430000e-02  2.475670e+05
  5.290000e-02  2.354130e+05
  5.160000e-02  2.229335e+05
  5.020000e-02  2.094850e+05
  4.890000e-02  1.966075e+05
  4.770000e-02  1.834860e+05
  4.640000e-02  1.709655e+05
  4.520000e-02  1.585740e+05
  4.410000e-02  1.456520e+05
  4.290000e-02  1.340145e+05
  4.180000e-02  1.219565e+05
  4.070000e-02  1.105250e+05
  3.970000e-02  1.002550e+05
  3.860000e-02  8.965975e+04
  3.760000e-02  8.025805e+04
  3.670000e-02  7.124425e+04
  3.570000e-02  6.421755e+04
  3.480000e-02  5.667530e+04
  3.390000e-02  4.977170e+04
  3.300000e-02  4.311295e+04
  3.220000e-02  3.720450e+04
  3.130000e-02  3.196640e+04
  3.050000e-02  2.728065e+04
  2.970000e-02  2.329330e+04
  2.890000e-02  1.972190e+04
  2.820000e-02  1.673710e+04
  2.750000e-02  1.398840e+04
  2.680000e-02  1.178910e+04
  2.610000e-02  9.716619e+03
  2.540000e-02  8.076165e+03
  2.470000e-02  6.628790e+03
  2.410000e-02  5.553230e+03
  2.350000e-02  4.555995e+03
  2.290000e-02  3.841495e+03
  2.230000e-02  3.234205e+03
  2.170000e-02  2.739955e+03
  2.110000e-02  2.304130e+03
  2.060000e-02  2.016705e+03
  2.000000e-02  1.833550e+03
  1.950000e-02  1.610670e+03
  1.900000e-02  1.460820e+03
  1.850000e-02  1.310095e+03
  1.800000e-02  1.227720e+03
  1.760000e-02  1.160260e+03
  1.710000e-02  1.119060e+03
  1.670000e-02  1.028210e+03
  1.630000e-02  1.029970e+03
  1.580000e-02  9.426295e+02
  1.540000e-02  9.411600e+02
  1.500000e-02  8.798265e+02
  1.460000e-02  8.509050e+02
  1.430000e-02  8.383475e+02
  1.390000e-02  7.892715e+02
  1.350000e-02  7.349395e+02
  1.320000e-02  7.033935e+02
  1.280000e-02  6.797325e+02
  1.250000e-02  6.508130e+02
  1.220000e-02  6.157605e+02
  1.190000e-02  5.701915e+02
  1.160000e-02  5.368925e+02
  1.130000e-02  4.942440e+02
  1.100000e-02  4.816835e+02
  1.070000e-02  4.226780e+02
  1.040000e-02  3.724350e+02
  1.010000e-02  3.125840e+03
