  4.934820e+03  0.000000e+00
  4.806990e+03  0.000000e+00
  4.682470e+03  0.000000e+00
  4.561180e+03  0.000000e+00
  4.443030e+03  1.445500e-02
  4.327940e+03  0.000000e+00
  4.215830e+03  0.000000e+00
  4.106630e+03  0.000000e+00
  4.000250e+03  0.000000e+00
  3.896630e+03  1.445500e-02
  3.795700e+03  2.891000e-02
  3.697380e+03  1.445500e-02
  3.601600e+03  2.891000e-02
  3.508310e+03  0.000000e+00
  3.417430e+03  0.000000e+00
  3.328910e+03  1.445500e-02
  3.242680e+03  0.000000e+00
  3.158680e+03  0.000000e+00
  3.076860e+03  0.000000e+00
  2.997160e+03  0.000000e+00
  2.919530e+03  5.782000e-02
  2.843900e+03  1.445500e-02
  2.770230e+03  1.445500e-02
  2.698480e+03  1.445500e-02
  2.628580e+03  1.445500e-02
  2.560490e+03  1.445500e-02
  2.494160e+03  5.782000e-02
  2.429550e+03  2.891000e-02
  2.366620e+03  2.891000e-02
  2.305320e+03  1.445500e-02
  2.245600e+03  4.336500e-02
  2.187430e+03  7.227500e-02
  2.130770e+03  4.336500e-02
  2.075580e+03  7.227500e-02
  2.021810e+03  7.227500e-02
  1.969440e+03  8.673000e-02
  1.918430e+03  1.011850e-01
  1.868730e+03  8.673000e-02
  1.820330e+03  7.227500e-02
  1.773170e+03  7.227500e-02
  1.727240e+03  2.168250e-01
  1.682500e+03  1.590050e-01
  1.638920e+03  1.156400e-01
  1.596470e+03  2.023700e-01
  1.555110e+03  4.914700e-01
  1.514830e+03  2.312800e-01
  1.475590e+03  2.746450e-01
  1.437370e+03  2.601900e-01
  1.400140e+03  4.047400e-01
  1.363870e+03  2.601900e-01
  1.328540e+03  4.625600e-01
  1.294120e+03  5.926550e-01
  1.260600e+03  3.613750e-01
  1.227950e+03  4.914700e-01
  1.196140e+03  6.793850e-01
  1.165160e+03  7.805700e-01
  1.134980e+03  6.938400e-01
  1.105580e+03  1.040760e+00
  1.076940e+03  9.395750e-01
  1.049040e+03  9.684850e-01
  1.021870e+03  1.156400e+00
  9.953980e+02  1.243130e+00
  9.696140e+02  1.286495e+00
  9.444970e+02  1.546685e+00
  9.200320e+02  1.821330e+00
  8.962000e+02  2.023700e+00
  8.729850e+02  2.399530e+00
  8.503720e+02  2.891000e+00
  8.283450e+02  2.992185e+00
  8.068880e+02  3.223465e+00
  7.859870e+02  3.975125e+00
  7.656270e+02  4.090765e+00
  7.457950e+02  4.885790e+00
  7.264760e+02  5.232710e+00
  7.076580e+02  5.941005e+00
  6.893270e+02  7.169680e+00
  6.714710e+02  8.470659e+00
  6.540780e+02  8.803181e+00
  6.371350e+02  1.061005e+01
  6.206310e+02  1.188215e+01
  6.045550e+02  1.250375e+01
  5.888950e+02  1.439725e+01
  5.736410e+02  1.623305e+01
  5.587810e+02  1.819890e+01
  5.443070e+02  2.039615e+01
  5.302080e+02  2.294015e+01
  5.164740e+02  2.675625e+01
  5.030950e+02  2.947380e+01
  4.900630e+02  3.266855e+01
  4.773690e+02  3.571855e+01
  4.650040e+02  4.165945e+01
  4.529580e+02  4.700785e+01
  4.412250e+02  5.274640e+01
  4.297960e+02  6.114485e+01
  4.186630e+02  6.864700e+01
  4.078180e+02  7.438575e+01
  3.972540e+02  8.545825e+01
  3.869640e+02  9.382770e+01
  3.769400e+02  1.065330e+02
  3.671770e+02  1.194120e+02
  3.576650e+02  1.323215e+02
  3.484010e+02  1.510850e+02
  3.393760e+02  1.714950e+02
  3.305850e+02  1.903580e+02
  3.220220e+02  2.091640e+02
  3.136800e+02  2.362530e+02
  3.055550e+02  2.626610e+02
  2.976400e+02  2.959950e+02
  2.899300e+02  3.327840e+02
  2.824200e+02  3.708575e+02
  2.751040e+02  4.099595e+02
  2.679780e+02  4.603360e+02
  2.610370e+02  5.111290e+02
  2.542750e+02  5.728825e+02
  2.476890e+02  6.390445e+02
  2.412730e+02  7.102190e+02
  2.350230e+02  8.004620e+02
  2.289350e+02  8.839410e+02
  2.230050e+02  9.897030e+02
  2.172280e+02  1.094040e+03
  2.116010e+02  1.208670e+03
  2.061200e+02  1.351985e+03
  2.007810e+02  1.499690e+03
  1.955800e+02  1.645125e+03
  1.905140e+02  1.821010e+03
  1.855790e+02  2.026210e+03
  1.807720e+02  2.230015e+03
  1.760890e+02  2.465940e+03
  1.715280e+02  2.705745e+03
  1.670850e+02  2.962955e+03
  1.627570e+02  3.223730e+03
  1.585410e+02  3.505200e+03
  1.544340e+02  3.813660e+03
  1.504340e+02  4.155175e+03
  1.465370e+02  4.484960e+03
  1.427410e+02  4.845085e+03
  1.390440e+02  5.209245e+03
  1.354420e+02  5.594125e+03
  1.319340e+02  5.969565e+03
  1.285160e+02  6.415270e+03
  1.251870e+02  6.821090e+03
  1.219440e+02  7.258355e+03
  1.187850e+02  7.717270e+03
  1.157090e+02  8.175135e+03
  1.127110e+02  8.649605e+03
  1.097920e+02  9.116609e+03
  1.069480e+02  9.592050e+03
  1.041770e+02  1.004815e+04
  1.014790e+02  1.051560e+04
  9.885030e+01  1.093430e+04
  9.628970e+01  1.139120e+04
  9.379550e+01  1.178430e+04
  9.136590e+01  1.215625e+04
  8.899920e+01  1.249795e+04
  8.669380e+01  1.278050e+04
  8.444820e+01  1.303180e+04
  8.226070e+01  1.320450e+04
  8.012980e+01  1.331095e+04
  7.805420e+01  1.337135e+04
  7.603240e+01  1.337435e+04
  7.406290e+01  1.329800e+04
  7.214440e+01  1.314660e+04
  7.027560e+01  1.293195e+04
  6.845520e+01  1.263850e+04
  6.668200e+01  1.228035e+04
  6.495470e+01  1.182730e+04
  6.327220e+01  1.148030e+04
  6.163320e+01  1.108915e+04
  6.003670e+01  1.064650e+04
  5.848160e+01  1.023115e+04
  5.696670e+01  9.792005e+03
  5.549110e+01  9.376050e+03
  5.405370e+01  8.765645e+03
  5.265350e+01  8.122050e+03
  5.128960e+01  7.515125e+03
  4.996100e+01  6.924340e+03
  4.866690e+01  6.238040e+03
  4.740620e+01  5.609330e+03
  4.617830e+01  5.029785e+03
  4.498210e+01  4.468895e+03
  4.381690e+01  4.118415e+03
  4.268190e+01  3.755430e+03
  4.157630e+01  3.409950e+03
  4.049930e+01  3.074675e+03
  3.945030e+01  2.791235e+03
  3.842840e+01  2.543240e+03
  3.743290e+01  2.302170e+03
  3.646330e+01  2.079485e+03
  3.551880e+01  1.855325e+03
  3.459870e+01  1.649520e+03
  3.370250e+01  1.450400e+03
  3.282950e+01  1.265855e+03
  3.197910e+01  1.104785e+03
  3.115070e+01  9.569970e+02
  3.034380e+01  8.194990e+02
  2.955780e+01  6.999570e+02
  2.879220e+01  5.902150e+02
  2.804640e+01  4.989150e+02
  2.731990e+01  4.211330e+02
  2.661220e+01  3.491920e+02
  2.592290e+01  2.873075e+02
  2.525140e+01  2.396795e+02
  2.459730e+01  1.917895e+02
  2.396010e+01  1.575595e+02
  2.333950e+01  1.266400e+02
  2.273490e+01  1.016345e+02
  2.214600e+01  8.073150e+01
  2.157230e+01  6.370330e+01
  2.101350e+01  5.078055e+01
  2.046920e+01  4.086445e+01
  1.993900e+01  3.141085e+01
  1.942250e+01  2.532510e+01
  1.891940e+01  2.142235e+01
  1.842930e+01  1.671005e+01
  1.795200e+01  1.350095e+01
  1.748690e+01  1.066790e+01
  1.703400e+01  9.034440e+00
  1.659270e+01  7.314245e+00
  1.616290e+01  5.912095e+00
  1.574430e+01  5.059250e+00
  1.533640e+01  4.582235e+00
  1.493920e+01  3.396925e+00
  1.455220e+01  3.122280e+00
  1.417520e+01  2.139340e+00
  1.380800e+01  1.691235e+00
  1.345040e+01  1.373225e+00
  1.310200e+01  1.214220e+00
  1.276260e+01  7.805700e-01
  1.243200e+01  7.372050e-01
  1.211000e+01  5.348350e-01
  1.179630e+01  4.047400e-01
  1.149070e+01  5.203800e-01
  1.119310e+01  4.047400e-01
  1.090310e+01  2.457350e-01
  1.062070e+01  2.891000e-01
  1.034560e+01  3.324650e-01
  1.007760e+01  2.891000e-01
  9.816600e+00  2.891000e-01
  9.562300e+00  2.457350e-01
  9.314600e+00  2.891000e-01
  9.073300e+00  3.902850e-01
  8.838300e+00  4.191950e-01
  8.609300e+00  6.360200e-01
  8.386300e+00  7.372050e-01
  8.169100e+00  9.829400e-01
  7.957500e+00  1.257585e+00
  7.751400e+00  1.792420e+00
  7.550600e+00  1.965880e+00
  7.355000e+00  2.226070e+00
  7.164500e+00  1.879150e+00
  6.978900e+00  2.283890e+00
  6.798100e+00  2.486260e+00
  6.622000e+00  2.572990e+00
  6.450500e+00  2.168250e+00
  6.283400e+00  2.081520e+00
  6.120600e+00  2.385075e+00
  5.962100e+00  2.356165e+00
  5.807600e+00  2.760905e+00
  5.657200e+00  2.789815e+00
  5.510700e+00  2.587445e+00
  5.367900e+00  2.688630e+00
  5.228900e+00  2.977730e+00
  5.093400e+00  2.862090e+00
  4.961500e+00  2.804270e+00
  4.833000e+00  3.151190e+00
  4.707800e+00  2.963275e+00
  4.585800e+00  3.035550e+00
  4.467100e+00  2.876545e+00
  4.351300e+00  2.674175e+00
  4.238600e+00  2.876545e+00
  4.128800e+00  3.223465e+00
  4.021900e+00  3.136735e+00
  3.917700e+00  3.078915e+00
  3.816200e+00  3.064460e+00
  3.717400e+00  3.122280e+00
  3.621100e+00  3.021095e+00
  3.527300e+00  2.992185e+00
  3.435900e+00  2.760905e+00
  3.346900e+00  2.905455e+00
  3.260200e+00  2.572990e+00
  3.175800e+00  1.922515e+00
  3.093500e+00  1.908060e+00
  3.013400e+00  1.850240e+00
  2.935300e+00  1.749055e+00
  2.859300e+00  1.936970e+00
  2.785200e+00  2.168250e+00
  2.713100e+00  2.385075e+00
  2.642800e+00  2.370620e+00
  2.574300e+00  2.139340e+00
  2.507600e+00  2.254980e+00
  2.442700e+00  2.659720e+00
  2.379400e+00  2.471805e+00
  2.317800e+00  1.792420e+00
  2.257700e+00  2.110430e+00
  2.199300e+00  2.124885e+00
  2.142300e+00  2.052610e+00
  2.086800e+00  1.980335e+00
  2.032700e+00  1.763510e+00
  1.980100e+00  1.893605e+00
  1.928800e+00  1.488865e+00
  1.878800e+00  1.445500e+00
  1.830200e+00  1.676780e+00
  1.782800e+00  1.373225e+00
  1.736600e+00  1.344315e+00
  1.691600e+00  1.474410e+00
  1.647800e+00  1.069670e+00
  1.605100e+00  1.214220e+00
  1.563500e+00  1.040760e+00
  1.523000e+00  1.185310e+00
  1.483600e+00  9.395750e-01
  1.445100e+00  8.528450e-01
  1.407700e+00  7.805700e-01
  1.371200e+00  1.011850e+00
  1.335700e+00  8.673000e-01
  1.301100e+00  6.360200e-01
  1.267400e+00  7.661150e-01
  1.234600e+00  7.082950e-01
  1.202600e+00  6.504750e-01
  1.171500e+00  6.360200e-01
  1.141100e+00  8.528450e-01
  1.111600e+00  7.227499e-01
  1.082800e+00  5.348350e-01
  1.054700e+00  6.071100e-01
  1.027400e+00  7.227499e-01
  1.000800e+00  6.071100e-01
  9.749000e-01  5.059250e-01
  9.496000e-01  5.492900e-01
  9.250000e-01  4.770150e-01
  9.010000e-01  5.203800e-01
  8.777000e-01  5.059250e-01
  8.550000e-01  5.926550e-01
  8.328000e-01  5.492900e-01
  8.113000e-01  4.481050e-01
  7.902000e-01  5.926550e-01
  7.698000e-01  4.625600e-01
  7.498000e-01  7.805700e-01
  7.304000e-01  5.203800e-01
  7.115000e-01  3.758300e-01
  6.931000e-01  5.348350e-01
  6.751000e-01  4.914700e-01
  6.576000e-01  5.348350e-01
  6.406000e-01  5.059250e-01
  6.240000e-01  5.203800e-01
  6.078000e-01  4.770150e-01
  5.921000e-01  5.348350e-01
  5.767000e-01  5.492900e-01
  5.618000e-01  4.336500e-01
  5.472000e-01  4.481050e-01
  5.331000e-01  4.191950e-01
  5.193000e-01  5.059250e-01
  5.058000e-01  5.348350e-01
  4.927000e-01  6.215650e-01
  4.799000e-01  4.481050e-01
  4.675000e-01  6.504750e-01
  4.554000e-01  5.348350e-01
  4.436000e-01  4.914700e-01
  4.321000e-01  5.203800e-01
  4.209000e-01  4.047400e-01
  4.100000e-01  5.203800e-01
  3.994000e-01  4.481050e-01
  3.891000e-01  5.782000e-01
  3.790000e-01  5.492900e-01
  3.692000e-01  4.481050e-01
  3.596000e-01  4.481050e-01
  3.503000e-01  3.613750e-01
  3.412000e-01  3.035550e-01
  3.324000e-01  3.469200e-01
  3.238000e-01  4.336500e-01
  3.154000e-01  3.469200e-01
  3.072000e-01  2.891000e-01
  2.992000e-01  5.203800e-01
  2.915000e-01  3.613750e-01
  2.839000e-01  4.481050e-01
  2.766000e-01  3.758300e-01
  2.694000e-01  3.035550e-01
  2.624000e-01  3.902850e-01
  2.556000e-01  3.469200e-01
  2.490000e-01  1.879150e-01
  2.426000e-01  3.035550e-01
  2.363000e-01  1.300950e-01
  2.302000e-01  1.011850e-01
  2.242000e-01  1.445500e-01
  2.184000e-01  5.782000e-02
  2.127000e-01  5.782000e-02
  2.072000e-01  4.336500e-02
  2.019000e-01  5.782000e-02
  1.966000e-01  8.673000e-02
  1.915000e-01  1.011850e-01
  1.866000e-01  8.673000e-02
  1.817000e-01  2.891000e-02
  1.770000e-01  0.000000e+00
  1.725000e-01  1.445500e-02
  1.680000e-01  1.445500e-02
  1.636000e-01  0.000000e+00
  1.594000e-01  0.000000e+00
  1.553000e-01  0.000000e+00
  1.512000e-01  0.000000e+00
  1.473000e-01  0.000000e+00
  1.435000e-01  0.000000e+00
  1.398000e-01  0.000000e+00
  1.362000e-01  2.891000e-02
  1.326000e-01  0.000000e+00
  1.292000e-01  1.445500e-02
  1.259000e-01  1.445500e-02
  1.226000e-01  0.000000e+00
  1.194000e-01  0.000000e+00
  1.163000e-01  0.000000e+00
  1.133000e-01  1.445500e-02
  1.104000e-01  0.000000e+00
  1.075000e-01  0.000000e+00
  1.047000e-01  0.000000e+00
  1.020000e-01  0.000000e+00
  9.940000e-02  0.000000e+00
  9.680000e-02  0.000000e+00
  9.430000e-02  0.000000e+00
  9.190000e-02  0.000000e+00
  8.950000e-02  0.000000e+00
  8.720000e-02  0.000000e+00
  8.490000e-02  0.000000e+00
  8.270000e-02  0.000000e+00
  8.060000e-02  0.000000e+00
  7.850000e-02  1.445500e-02
  7.640000e-02  0.000000e+00
  7.450000e-02  0.000000e+00
  7.250000e-02  0.000000e+00
  7.070000e-02  0.000000e+00
  6.880000e-02  0.000000e+00
  6.700000e-02  0.000000e+00
  6.530000e-02  0.000000e+00
  6.360000e-02  0.000000e+00
  6.200000e-02  0.000000e+00
  6.040000e-02  0.000000e+00
  5.880000e-02  0.000000e+00
  5.730000e-02  0.000000e+00
  5.580000e-02  0.000000e+00
  5.430000e-02  0.000000e+00
  5.290000e-02  0.000000e+00
  5.160000e-02  0.000000e+00
  5.020000e-02  0.000000e+00
  4.890000e-02  0.000000e+00
  4.770000e-02  0.000000e+00
  4.640000e-02  0.000000e+00
  4.520000e-02  0.000000e+00
  4.410000e-02  0.000000e+00
  4.290000e-02  0.000000e+00
  4.180000e-02  0.000000e+00
  4.070000e-02  0.000000e+00
  3.970000e-02  0.000000e+00
  3.860000e-02  0.000000e+00
  3.760000e-02  0.000000e+00
  3.670000e-02  0.000000e+00
  3.570000e-02  0.000000e+00
  3.480000e-02  0.000000e+00
  3.390000e-02  0.000000e+00
  3.300000e-02  0.000000e+00
  3.220000e-02  0.000000e+00
  3.130000e-02  0.000000e+00
  3.050000e-02  0.000000e+00
  2.970000e-02  0.000000e+00
  2.890000e-02  0.000000e+00
  2.820000e-02  0.000000e+00
  2.750000e-02  0.000000e+00
  2.680000e-02  0.000000e+00
  2.610000e-02  0.000000e+00
  2.540000e-02  0.000000e+00
  2.470000e-02  0.000000e+00
  2.410000e-02  0.000000e+00
  2.350000e-02  0.000000e+00
  2.290000e-02  0.000000e+00
  2.230000e-02  0.000000e+00
  2.170000e-02  0.000000e+00
  2.110000e-02  0.000000e+00
  2.060000e-02  0.000000e+00
  2.000000e-02  0.000000e+00
  1.950000e-02  0.000000e+00
  1.900000e-02  0.000000e+00
  1.850000e-02  0.000000e+00
  1.800000e-02  0.000000e+00
  1.760000e-02  0.000000e+00
  1.710000e-02  0.000000e+00
  1.670000e-02  0.000000e+00
  1.630000e-02  0.000000e+00
  1.580000e-02  0.000000e+00
  1.540000e-02  0.000000e+00
  1.500000e-02  0.000000e+00
  1.460000e-02  0.000000e+00
  1.430000e-02  0.000000e+00
  1.390000e-02  0.000000e+00
  1.350000e-02  0.000000e+00
  1.320000e-02  0.000000e+00
  1.280000e-02  0.000000e+00
  1.250000e-02  0.000000e+00
  1.220000e-02  0.000000e+00
  1.190000e-02  0.000000e+00
  1.160000e-02  0.000000e+00
  1.130000e-02  0.000000e+00
  1.100000e-02  0.000000e+00
  1.070000e-02  0.000000e+00
  1.040000e-02  1.445500e-02
  1.010000e-02  0.000000e+00
