  4.934820e+03  7.354000e-02
  4.806990e+03  0.000000e+00
  4.682470e+03  0.000000e+00
  4.561180e+03  0.000000e+00
  4.443030e+03  0.000000e+00
  4.327940e+03  0.000000e+00
  4.215830e+03  0.000000e+00
  4.106630e+03  7.354000e-02
  4.000250e+03  0.000000e+00
  3.896630e+03  0.000000e+00
  3.795700e+03  0.000000e+00
  3.697380e+03  0.000000e+00
  3.601600e+03  7.354000e-02
  3.508310e+03  0.000000e+00
  3.417430e+03  7.354000e-02
  3.328910e+03  0.000000e+00
  3.242680e+03  7.354000e-02
  3.158680e+03  0.000000e+00
  3.076860e+03  0.000000e+00
  2.997160e+03  0.000000e+00
  2.919530e+03  7.354000e-02
  2.843900e+03  0.000000e+00
  2.770230e+03  7.354000e-02
  2.698480e+03  7.354000e-02
  2.628580e+03  0.000000e+00
  2.560490e+03  0.000000e+00
  2.494160e+03  0.000000e+00
  2.429550e+03  0.000000e+00
  2.366620e+03  0.000000e+00
  2.305320e+03  7.354000e-02
  2.245600e+03  0.000000e+00
  2.187430e+03  0.000000e+00
  2.130770e+03  7.354000e-02
  2.075580e+03  0.000000e+00
  2.021810e+03  0.000000e+00
  1.969440e+03  7.354000e-02
  1.918430e+03  1.470800e-01
  1.868730e+03  7.354000e-02
  1.820330e+03  0.000000e+00
  1.773170e+03  2.206200e-01
  1.727240e+03  7.354000e-02
  1.682500e+03  1.470800e-01
  1.638920e+03  2.941600e-01
  1.596470e+03  2.941600e-01
  1.555110e+03  1.470800e-01
  1.514830e+03  7.354000e-02
  1.475590e+03  2.206200e-01
  1.437370e+03  4.412400e-01
  1.400140e+03  3.677000e-01
  1.363870e+03  4.412400e-01
  1.328540e+03  3.677000e-01
  1.294120e+03  1.470800e-01
  1.260600e+03  5.147800e-01
  1.227950e+03  4.412400e-01
  1.196140e+03  2.941600e-01
  1.165160e+03  5.883200e-01
  1.134980e+03  6.618600e-01
  1.105580e+03  1.029560e+00
  1.076940e+03  7.354000e-01
  1.049040e+03  1.250180e+00
  1.021870e+03  8.824800e-01
  9.953980e+02  1.176640e+00
  9.696140e+02  1.176640e+00
  9.444970e+02  1.544340e+00
  9.200320e+02  1.176640e+00
  8.962000e+02  1.470800e+00
  8.729850e+02  1.691420e+00
  8.503720e+02  2.132660e+00
  8.283450e+02  2.868060e+00
  8.068880e+02  2.720980e+00
  7.859870e+02  3.750540e+00
  7.656270e+02  3.750530e+00
  7.457950e+02  4.927175e+00
  7.264760e+02  4.338855e+00
  7.076580e+02  4.927215e+00
  6.893270e+02  6.765680e+00
  6.714710e+02  6.618610e+00
  6.540780e+02  8.236435e+00
  6.371350e+02  8.310030e+00
  6.206310e+02  7.942205e+00
  6.045550e+02  1.088390e+01
  5.888950e+02  1.132505e+01
  5.736410e+02  1.191335e+01
  5.587810e+02  1.536980e+01
  5.443070e+02  1.735530e+01
  5.302080e+02  1.948795e+01
  5.164740e+02  2.066470e+01
  5.030950e+02  2.529755e+01
  4.900630e+02  2.772440e+01
  4.773690e+02  3.191615e+01
  4.650040e+02  3.346040e+01
  4.529580e+02  3.860830e+01
  4.412250e+02  4.559455e+01
  4.297960e+02  4.758015e+01
  4.186630e+02  5.419865e+01
  4.078180e+02  5.993480e+01
  3.972540e+02  6.765645e+01
  3.869640e+02  7.412801e+01
  3.769400e+02  8.685025e+01
  3.671770e+02  1.003081e+02
  3.576650e+02  1.146475e+02
  3.484010e+02  1.225910e+02
  3.393760e+02  1.362690e+02
  3.305850e+02  1.553155e+02
  3.220220e+02  1.768620e+02
  3.136800e+02  1.966445e+02
  3.055550e+02  2.202515e+02
  2.976400e+02  2.533445e+02
  2.899300e+02  2.850400e+02
  2.824200e+02  3.173975e+02
  2.751040e+02  3.490935e+02
  2.679780e+02  3.939520e+02
  2.610370e+02  4.461645e+02
  2.542750e+02  5.001420e+02
  2.476890e+02  5.436045e+02
  2.412730e+02  6.207460e+02
  2.350230e+02  6.998760e+02
  2.289350e+02  8.082735e+02
  2.230050e+02  8.900490e+02
  2.172280e+02  9.976315e+02
  2.116010e+02  1.095810e+03
  2.061200e+02  1.234740e+03
  2.007810e+02  1.382245e+03
  1.955800e+02  1.541095e+03
  1.905140e+02  1.721120e+03
  1.855790e+02  1.953580e+03
  1.807720e+02  2.181345e+03
  1.760890e+02  2.446945e+03
  1.715280e+02  2.727885e+03
  1.670850e+02  3.020280e+03
  1.627570e+02  3.375090e+03
  1.585410e+02  3.692930e+03
  1.544340e+02  4.093570e+03
  1.504340e+02  4.518050e+03
  1.465370e+02  4.925755e+03
  1.427410e+02  5.433615e+03
  1.390440e+02  5.971115e+03
  1.354420e+02  6.478985e+03
  1.319340e+02  7.109730e+03
  1.285160e+02  7.714590e+03
  1.251870e+02  8.452200e+03
  1.219440e+02  9.144430e+03
  1.187850e+02  9.924725e+03
  1.157090e+02  1.076530e+04
  1.127110e+02  1.169245e+04
  1.097920e+02  1.267075e+04
  1.069480e+02  1.375140e+04
  1.041770e+02  1.478115e+04
  1.014790e+02  1.593300e+04
  9.885030e+01  1.707880e+04
  9.628970e+01  1.839060e+04
  9.379550e+01  1.980920e+04
  9.136590e+01  2.108645e+04
  8.899920e+01  2.257655e+04
  8.669380e+01  2.402020e+04
  8.444820e+01  2.550955e+04
  8.226070e+01  2.707800e+04
  8.012980e+01  2.859605e+04
  7.805420e+01  3.020720e+04
  7.603240e+01  3.167680e+04
  7.406290e+01  3.313210e+04
  7.214440e+01  3.464675e+04
  7.027560e+01  3.591380e+04
  6.845520e+01  3.720630e+04
  6.668200e+01  3.828700e+04
  6.495470e+01  3.922575e+04
  6.327220e+01  3.997145e+04
  6.163320e+01  4.050010e+04
  6.003670e+01  4.085495e+04
  5.848160e+01  4.088575e+04
  5.696670e+01  4.096800e+04
  5.549110e+01  4.105330e+04
  5.405370e+01  4.070095e+04
  5.265350e+01  4.012245e+04
  5.128960e+01  3.935930e+04
  4.996100e+01  3.846640e+04
  4.866690e+01  3.721430e+04
  4.740620e+01  3.570100e+04
  4.617830e+01  3.405155e+04
  4.498210e+01  3.213170e+04
  4.381690e+01  3.090715e+04
  4.268190e+01  2.953590e+04
  4.157630e+01  2.821305e+04
  4.049930e+01  2.666100e+04
  3.945030e+01  2.529210e+04
  3.842840e+01  2.408115e+04
  3.743290e+01  2.282880e+04
  3.646330e+01  2.156950e+04
  3.551880e+01  2.032365e+04
  3.459870e+01  1.902760e+04
  3.370250e+01  1.777725e+04
  3.282950e+01  1.643785e+04
  3.197910e+01  1.520480e+04
  3.115070e+01  1.400305e+04
  3.034380e+01  1.277945e+04
  2.955780e+01  1.165525e+04
  2.879220e+01  1.053175e+04
  2.804640e+01  9.537355e+03
  2.731990e+01  8.565810e+03
  2.661220e+01  7.619275e+03
  2.592290e+01  6.740045e+03
  2.525140e+01  5.913320e+03
  2.459730e+01  5.199540e+03
  2.396010e+01  4.504815e+03
  2.333950e+01  3.903405e+03
  2.273490e+01  3.340020e+03
  2.214600e+01  2.822165e+03
  2.157230e+01  2.396360e+03
  2.101350e+01  1.977035e+03
  2.046920e+01  1.672435e+03
  1.993900e+01  1.398955e+03
  1.942250e+01  1.199950e+03
  1.891940e+01  9.941815e+02
  1.842930e+01  8.905660e+02
  1.795200e+01  8.019485e+02
  1.748690e+01  7.365000e+02
  1.703400e+01  6.875215e+02
  1.659270e+01  6.403825e+02
  1.616290e+01  6.202335e+02
  1.574430e+01  5.939055e+02
  1.533640e+01  5.700055e+02
  1.493920e+01  5.633875e+02
  1.455220e+01  5.236020e+02
  1.417520e+01  4.427070e+02
  1.380800e+01  3.292370e+02
  1.345040e+01  2.570940e+02
  1.310200e+01  1.782590e+02
  1.276260e+01  1.400200e+02
  1.243200e+01  1.113385e+02
  1.211000e+01  9.574845e+01
  1.179630e+01  8.457030e+01
  1.149070e+01  8.177589e+01
  1.119310e+01  7.743710e+01
  1.090310e+01  6.942130e+01
  1.062070e+01  6.898020e+01
  1.034560e+01  6.530320e+01
  1.007760e+01  5.942015e+01
  9.816600e+00  5.508115e+01
  9.562300e+00  5.228660e+01
  9.314600e+00  4.846270e+01
  9.073300e+00  4.044680e+01
  8.838300e+00  3.382815e+01
  8.609300e+00  3.198975e+01
  8.386300e+00  2.890105e+01
  8.169100e+00  3.294580e+01
  7.957500e+00  3.919660e+01
  7.751400e+00  4.493270e+01
  7.550600e+00  6.368530e+01
  7.355000e+00  6.155275e+01
  7.164500e+00  6.074370e+01
  6.978900e+00  5.824335e+01
  6.798100e+00  5.463985e+01
  6.622000e+00  4.838910e+01
  6.450500e+00  4.566800e+01
  6.283400e+00  4.905090e+01
  6.120600e+00  4.721245e+01
  5.962100e+00  4.625650e+01
  5.807600e+00  4.375610e+01
  5.657200e+00  4.419735e+01
  5.510700e+00  4.478565e+01
  5.367900e+00  4.405020e+01
  5.228900e+00  4.265300e+01
  5.093400e+00  4.309425e+01
  4.961500e+00  4.272660e+01
  4.833000e+00  4.221175e+01
  4.707800e+00  4.103505e+01
  4.585800e+00  3.603440e+01
  4.467100e+00  3.559315e+01
  4.351300e+00  3.949065e+01
  4.238600e+00  3.574035e+01
  4.128800e+00  3.699040e+01
  4.021900e+00  3.897600e+01
  3.917700e+00  3.846120e+01
  3.816200e+00  3.551965e+01
  3.717400e+00  3.316635e+01
  3.621100e+00  3.397535e+01
  3.527300e+00  3.243090e+01
  3.435900e+00  3.323995e+01
  3.346900e+00  3.243095e+01
  3.260200e+00  2.948930e+01
  3.175800e+00  2.345905e+01
  3.093500e+00  1.676690e+01
  3.013400e+00  1.338420e+01
  2.935300e+00  1.691400e+01
  2.859300e+00  2.117935e+01
  2.785200e+00  2.139990e+01
  2.713100e+00  2.735665e+01
  2.642800e+00  2.662130e+01
  2.574300e+00  2.500340e+01
  2.507600e+00  2.404745e+01
  2.442700e+00  2.647415e+01
  2.379400e+00  2.316485e+01
  2.317800e+00  2.331200e+01
  2.257700e+00  2.081155e+01
  2.199300e+00  2.117940e+01
  2.142300e+00  1.985555e+01
  2.086800e+00  1.853190e+01
  2.032700e+00  1.845835e+01
  1.980100e+00  2.095875e+01
  1.928800e+00  1.831115e+01
  1.878800e+00  1.588450e+01
  1.830200e+00  1.978200e+01
  1.782800e+00  3.184255e+01
  1.736600e+00  1.507555e+01
  1.691600e+00  1.500200e+01
  1.647800e+00  1.338430e+01
  1.605100e+00  1.316350e+01
  1.563500e+00  1.375205e+01
  1.523000e+00  1.213410e+01
  1.483600e+00  1.058966e+01
  1.445100e+00  1.125165e+01
  1.407700e+00  1.066322e+01
  1.371200e+00  9.560110e+00
  1.335700e+00  9.413074e+00
  1.301100e+00  9.707220e+00
  1.267400e+00  7.206885e+00
  1.234600e+00  8.824790e+00
  1.202600e+00  8.751230e+00
  1.171500e+00  8.089436e+00
  1.141100e+00  8.530610e+00
  1.111600e+00  7.574585e+00
  1.082800e+00  8.089385e+00
  1.054700e+00  8.751245e+00
  1.027400e+00  7.648205e+00
  1.000800e+00  6.177345e+00
  9.749000e-01  6.912825e+00
  9.496000e-01  6.030245e+00
  9.250000e-01  3.971160e+00
  9.010000e-01  7.501030e+00
  8.777000e-01  7.721750e+00
  8.550000e-01  6.912740e+00
  8.328000e-01  8.530655e+00
  8.113000e-01  8.457069e+00
  7.902000e-01  8.971880e+00
  7.698000e-01  7.574670e+00
  7.498000e-01  1.147215e+01
  7.304000e-01  9.633695e+00
  7.115000e-01  1.044260e+01
  6.931000e-01  1.787010e+01
  6.751000e-01  8.618884e+01
  6.576000e-01  9.516029e+01
  6.406000e-01  2.173830e+02
  6.240000e-01  4.368265e+01
  6.078000e-01  1.639925e+01
  5.921000e-01  1.544330e+01
  5.767000e-01  1.456090e+01
  5.618000e-01  1.816420e+01
  5.472000e-01  1.882600e+01
  5.331000e-01  2.257660e+01
  5.193000e-01  1.948800e+01
  5.058000e-01  2.162055e+01
  4.927000e-01  2.809210e+01
  4.799000e-01  2.912170e+01
  4.675000e-01  2.551825e+01
  4.554000e-01  2.132655e+01
  4.436000e-01  3.949080e+01
  4.321000e-01  4.493275e+01
  4.209000e-01  3.603450e+01
  4.100000e-01  2.691550e+01
  3.994000e-01  4.566810e+01
  3.891000e-01  7.721660e+01
  3.790000e-01  6.493546e+01
  3.692000e-01  2.588575e+01
  3.596000e-01  2.073805e+01
  3.503000e-01  2.338555e+01
  3.412000e-01  2.213530e+01
  3.324000e-01  2.382690e+01
  3.238000e-01  2.331215e+01
  3.154000e-01  2.088500e+01
  3.072000e-01  3.206325e+01
  2.992000e-01  3.824060e+01
  2.915000e-01  4.544745e+01
  2.839000e-01  5.111010e+01
  2.766000e-01  3.956430e+01
  2.694000e-01  7.096561e+01
  2.624000e-01  1.361950e+02
  2.556000e-01  1.498000e+02
  2.490000e-01  5.758145e+01
  2.426000e-01  7.000965e+01
  2.363000e-01  7.353960e+01
  2.302000e-01  4.419735e+01
  2.242000e-01  3.485765e+01
  2.184000e-01  3.434300e+01
  2.127000e-01  3.419585e+01
  2.072000e-01  3.191620e+01
  2.019000e-01  3.360760e+01
  1.966000e-01  3.610795e+01
  1.915000e-01  3.721100e+01
  1.866000e-01  3.750520e+01
  1.817000e-01  3.934370e+01
  1.770000e-01  4.015270e+01
  1.725000e-01  3.853490e+01
  1.680000e-01  4.022630e+01
  1.636000e-01  3.838775e+01
  1.594000e-01  3.787295e+01
  1.553000e-01  3.750520e+01
  1.512000e-01  3.949075e+01
  1.473000e-01  4.022610e+01
  1.435000e-01  4.765370e+01
  1.398000e-01  4.346195e+01
  1.362000e-01  4.485920e+01
  1.326000e-01  4.537395e+01
  1.292000e-01  4.596220e+01
  1.259000e-01  4.699175e+01
  1.226000e-01  4.471215e+01
  1.194000e-01  4.633005e+01
  1.163000e-01  5.008055e+01
  1.133000e-01  4.927170e+01
  1.104000e-01  4.934515e+01
  1.075000e-01  5.699335e+01
  1.047000e-01  5.419870e+01
  1.020000e-01  5.500760e+01
  9.940000e-02  5.287490e+01
  9.680000e-02  5.566955e+01
  9.430000e-02  5.544885e+01
  9.190000e-02  5.449285e+01
  8.950000e-02  5.125720e+01
  8.720000e-02  5.191895e+01
  8.490000e-02  4.905090e+01
  8.270000e-02  4.758010e+01
  8.060000e-02  4.368260e+01
  7.850000e-02  4.140280e+01
  7.640000e-02  3.956435e+01
  7.450000e-02  3.919660e+01
  7.250000e-02  3.757860e+01
  7.070000e-02  3.419585e+01
  6.880000e-02  3.162200e+01
  6.700000e-02  3.118065e+01
  6.530000e-02  2.434165e+01
  6.360000e-02  2.529765e+01
  6.200000e-02  2.257660e+01
  6.040000e-02  1.897315e+01
  5.880000e-02  1.956140e+01
  5.730000e-02  1.603150e+01
  5.580000e-02  1.309015e+01
  5.430000e-02  1.103094e+01
  5.290000e-02  9.118940e+00
  5.160000e-02  6.912705e+00
  5.020000e-02  7.427485e+00
  4.890000e-02  6.030310e+00
  4.770000e-02  4.706575e+00
  4.640000e-02  4.265335e+00
  4.520000e-02  3.309300e+00
  4.410000e-02  3.235760e+00
  4.290000e-02  2.573895e+00
  4.180000e-02  2.941600e+00
  4.070000e-02  2.206200e+00
  3.970000e-02  1.985580e+00
  3.860000e-02  1.323720e+00
  3.760000e-02  1.250180e+00
  3.670000e-02  1.103100e+00
  3.570000e-02  7.354000e-01
  3.480000e-02  8.824800e-01
  3.390000e-02  4.412400e-01
  3.300000e-02  6.618600e-01
  3.220000e-02  2.941600e-01
  3.130000e-02  6.618600e-01
  3.050000e-02  4.412400e-01
  2.970000e-02  0.000000e+00
  2.890000e-02  1.470800e-01
  2.820000e-02  4.412400e-01
  2.750000e-02  1.470800e-01
  2.680000e-02  7.354000e-02
  2.610000e-02  7.354000e-02
  2.540000e-02  1.470800e-01
  2.470000e-02  2.206200e-01
  2.410000e-02  1.470800e-01
  2.350000e-02  7.354000e-02
  2.290000e-02  1.470800e-01
  2.230000e-02  1.470800e-01
  2.170000e-02  1.470800e-01
  2.110000e-02  0.000000e+00
  2.060000e-02  0.000000e+00
  2.000000e-02  0.000000e+00
  1.950000e-02  7.354000e-02
  1.900000e-02  0.000000e+00
  1.850000e-02  7.354000e-02
  1.800000e-02  0.000000e+00
  1.760000e-02  0.000000e+00
  1.710000e-02  7.354000e-02
  1.670000e-02  1.470800e-01
  1.630000e-02  7.354000e-02
  1.580000e-02  0.000000e+00
  1.540000e-02  0.000000e+00
  1.500000e-02  0.000000e+00
  1.460000e-02  0.000000e+00
  1.430000e-02  7.354000e-02
  1.390000e-02  7.354000e-02
  1.350000e-02  0.000000e+00
  1.320000e-02  7.354000e-02
  1.280000e-02  7.354000e-02
  1.250000e-02  0.000000e+00
  1.220000e-02  0.000000e+00
  1.190000e-02  0.000000e+00
  1.160000e-02  0.000000e+00
  1.130000e-02  0.000000e+00
  1.100000e-02  1.228115e+01
  1.070000e-02  1.603150e+01
  1.040000e-02  1.603150e+01
  1.010000e-02  1.370770e+02
