  4.934820e+03  7.571640e-03
  4.806990e+03  9.876150e-04
  4.682470e+03  9.876150e-04
  4.561180e+03  1.646025e-03
  4.443030e+03  9.876050e-04
  4.327940e+03  9.876150e-04
  4.215830e+03  3.292050e-04
  4.106630e+03  6.584100e-04
  4.000250e+03  9.876150e-04
  3.896630e+03  3.950445e-03
  3.795700e+03  3.292050e-04
  3.697380e+03  1.646015e-03
  3.601600e+03  6.584000e-04
  3.508310e+03  1.316820e-03
  3.417430e+03  9.876050e-04
  3.328910e+03  2.962845e-03
  3.242680e+03  2.304425e-03
  3.158680e+03  3.950450e-03
  3.076860e+03  3.950450e-03
  2.997160e+03  3.292030e-03
  2.919530e+03  5.596430e-03
  2.843900e+03  6.584045e-03
  2.770230e+03  4.938080e-03
  2.698480e+03  4.938045e-03
  2.628580e+03  9.876030e-03
  2.560490e+03  8.230045e-03
  2.494160e+03  9.546814e-03
  2.429550e+03  9.546909e-03
  2.366620e+03  1.053451e-02
  2.305320e+03  7.571625e-03
  2.245600e+03  1.349737e-02
  2.187430e+03  1.448490e-02
  2.130770e+03  1.250970e-02
  2.075580e+03  1.349730e-02
  2.021810e+03  1.843550e-02
  1.969440e+03  2.337370e-02
  1.918430e+03  2.271515e-02
  1.868730e+03  2.567805e-02
  1.820330e+03  4.049250e-02
  1.773170e+03  3.127455e-02
  1.727240e+03  3.390840e-02
  1.682500e+03  3.390845e-02
  1.638920e+03  4.411365e-02
  1.596470e+03  4.608890e-02
  1.555110e+03  5.102695e-02
  1.514830e+03  5.826960e-02
  1.475590e+03  6.419520e-02
  1.437370e+03  7.242531e-02
  1.400140e+03  7.176685e-02
  1.363870e+03  8.230155e-02
  1.328540e+03  8.855724e-02
  1.294120e+03  8.460640e-02
  1.260600e+03  1.069925e-01
  1.227950e+03  1.241100e-01
  1.196140e+03  1.168690e-01
  1.165160e+03  1.428755e-01
  1.134980e+03  1.619705e-01
  1.105580e+03  1.609825e-01
  1.076940e+03  1.840265e-01
  1.049040e+03  1.843550e-01
  1.021870e+03  2.403200e-01
  9.953980e+02  2.429545e-01
  9.696140e+02  2.679750e-01
  9.444970e+02  3.255860e-01
  9.200320e+02  3.423745e-01
  8.962000e+02  3.927440e-01
  8.729850e+02  4.444300e-01
  8.503720e+02  5.115885e-01
  8.283450e+02  5.422040e-01
  8.068880e+02  6.050810e-01
  7.859870e+02  6.985760e-01
  7.656270e+02  7.486155e-01
  7.457950e+02  8.592295e-01
  7.264760e+02  9.481165e-01
  7.076580e+02  1.024825e+00
  6.893270e+02  1.161775e+00
  6.714710e+02  1.338555e+00
  6.540780e+02  1.449505e+00
  6.371350e+02  1.606545e+00
  6.206310e+02  1.808325e+00
  6.045550e+02  1.971610e+00
  5.888950e+02  2.211935e+00
  5.736410e+02  2.491430e+00
  5.587810e+02  2.781795e+00
  5.443070e+02  2.980960e+00
  5.302080e+02  3.302590e+00
  5.164740e+02  3.720040e+00
  5.030950e+02  4.098955e+00
  4.900630e+02  4.466670e+00
  4.773690e+02  4.919660e+00
  4.650040e+02  5.499735e+00
  4.529580e+02  6.007355e+00
  4.412250e+02  6.684220e+00
  4.297960e+02  7.207965e+00
  4.186630e+02  7.915465e+00
  4.078180e+02  8.721004e+00
  3.972540e+02  9.608219e+00
  3.869640e+02  1.053625e+01
  3.769400e+02  1.155920e+01
  3.671770e+02  1.254580e+01
  3.576650e+02  1.379975e+01
  3.484010e+02  1.496275e+01
  3.393760e+02  1.636815e+01
  3.305850e+02  1.771630e+01
  3.220220e+02  1.917740e+01
  3.136800e+02  2.069170e+01
  3.055550e+02  2.239925e+01
  2.976400e+02  2.422460e+01
  2.899300e+02  2.631950e+01
  2.824200e+02  2.838545e+01
  2.751040e+02  3.071045e+01
  2.679780e+02  3.298880e+01
  2.610370e+02  3.560365e+01
  2.542750e+02  3.820900e+01
  2.476890e+02  4.092245e+01
  2.412730e+02  4.415005e+01
  2.350230e+02  4.741135e+01
  2.289350e+02  5.117090e+01
  2.230050e+02  5.433325e+01
  2.172280e+02  5.800430e+01
  2.116010e+02  6.190995e+01
  2.061200e+02  6.530080e+01
  2.007810e+02  6.961105e+01
  1.955800e+02  7.405370e+01
  1.905140e+02  7.976430e+01
  1.855790e+02  8.506630e+01
  1.807720e+02  9.050645e+01
  1.760890e+02  9.521220e+01
  1.715280e+02  1.009785e+02
  1.670850e+02  1.057105e+02
  1.627570e+02  1.111240e+02
  1.585410e+02  1.158170e+02
  1.544340e+02  1.212025e+02
  1.504340e+02  1.263620e+02
  1.465370e+02  1.312015e+02
  1.427410e+02  1.363695e+02
  1.390440e+02  1.413930e+02
  1.354420e+02  1.458075e+02
  1.319340e+02  1.500390e+02
  1.285160e+02  1.543300e+02
  1.251870e+02  1.587275e+02
  1.219440e+02  1.631615e+02
  1.187850e+02  1.677500e+02
  1.157090e+02  1.721185e+02
  1.127110e+02  1.767685e+02
  1.097920e+02  1.808790e+02
  1.069480e+02  1.852695e+02
  1.041770e+02  1.898995e+02
  1.014790e+02  1.952570e+02
  9.885030e+01  1.997780e+02
  9.628970e+01  2.043430e+02
  9.379550e+01  2.091710e+02
  9.136590e+01  2.133770e+02
  8.899920e+01  2.185525e+02
  8.669380e+01  2.229890e+02
  8.444820e+01  2.272290e+02
  8.226070e+01  2.314085e+02
  8.012980e+01  2.362730e+02
  7.805420e+01  2.404015e+02
  7.603240e+01  2.449370e+02
  7.406290e+01  2.490475e+02
  7.214440e+01  2.522005e+02
  7.027560e+01  2.554950e+02
  6.845520e+01  2.576445e+02
  6.668200e+01  2.596265e+02
  6.495470e+01  2.597735e+02
  6.327220e+01  2.597895e+02
  6.163320e+01  2.571285e+02
  6.003670e+01  2.544290e+02
  5.848160e+01  2.509575e+02
  5.696670e+01  2.469260e+02
  5.549110e+01  2.433115e+02
  5.405370e+01  2.382460e+02
  5.265350e+01  2.328620e+02
  5.128960e+01  2.278980e+02
  4.996100e+01  2.221545e+02
  4.866690e+01  2.142705e+02
  4.740620e+01  2.051365e+02
  4.617830e+01  1.958440e+02
  4.498210e+01  1.843330e+02
  4.381690e+01  1.769065e+02
  4.268190e+01  1.693380e+02
  4.157630e+01  1.614475e+02
  4.049930e+01  1.536295e+02
  3.945030e+01  1.467180e+02
  3.842840e+01  1.405430e+02
  3.743290e+01  1.352035e+02
  3.646330e+01  1.293600e+02
  3.551880e+01  1.243485e+02
  3.459870e+01  1.186760e+02
  3.370250e+01  1.115520e+02
  3.282950e+01  1.060340e+02
  3.197910e+01  1.002133e+02
  3.115070e+01  9.422950e+01
  3.034380e+01  8.869355e+01
  2.955780e+01  8.264425e+01
  2.879220e+01  7.717230e+01
  2.804640e+01  7.167355e+01
  2.731990e+01  6.595560e+01
  2.661220e+01  6.042100e+01
  2.592290e+01  5.516285e+01
  2.525140e+01  4.980330e+01
  2.459730e+01  4.493045e+01
  2.396010e+01  4.034920e+01
  2.333950e+01  3.586975e+01
  2.273490e+01  3.135825e+01
  2.214600e+01  2.707200e+01
  2.157230e+01  2.306490e+01
  2.101350e+01  1.947855e+01
  2.046920e+01  1.620790e+01
  1.993900e+01  1.346640e+01
  1.942250e+01  1.123840e+01
  1.891940e+01  9.694480e+00
  1.842930e+01  8.670640e+00
  1.795200e+01  8.059315e+00
  1.748690e+01  8.081690e+00
  1.703400e+01  8.159380e+00
  1.659270e+01  8.674589e+00
  1.616290e+01  9.411385e+00
  1.574430e+01  1.001673e+01
  1.533640e+01  1.066445e+01
  1.493920e+01  1.109220e+01
  1.455220e+01  1.098770e+01
  1.417520e+01  9.681310e+00
  1.380800e+01  7.542130e+00
  1.345040e+01  5.107315e+00
  1.310200e+01  3.173885e+00
  1.276260e+01  1.796810e+00
  1.243200e+01  9.691910e-01
  1.211000e+01  5.214640e-01
  1.179630e+01  2.574395e-01
  1.149070e+01  1.214780e-01
  1.119310e+01  6.649985e-02
  1.090310e+01  4.279690e-02
  1.062070e+01  3.094545e-02
  1.034560e+01  1.876465e-02
  1.007760e+01  1.086375e-02
  9.816600e+00  7.242430e-03
  9.562300e+00  4.938020e-03
  9.314600e+00  6.584045e-03
  9.073300e+00  1.316830e-02
  8.838300e+00  2.962870e-02
  8.609300e+00  6.353670e-02
  8.386300e+00  1.823795e-01
  8.169100e+00  4.783370e-01
  7.957500e+00  1.123905e+00
  7.751400e+00  1.711220e+00
  7.550600e+00  2.775205e+00
  7.355000e+00  2.898335e+00
  7.164500e+00  2.623440e+00
  6.978900e+00  2.437775e+00
  6.798100e+00  1.999275e+00
  6.622000e+00  1.710875e+00
  6.450500e+00  1.451150e+00
  6.283400e+00  1.144305e+00
  6.120600e+00  9.392275e-01
  5.962100e+00  8.121525e-01
  5.807600e+00  7.420320e-01
  5.657200e+00  6.761890e-01
  5.510700e+00  6.202245e-01
  5.367900e+00  5.405575e-01
  5.228900e+00  4.523305e-01
  5.093400e+00  3.851715e-01
  4.961500e+00  3.311820e-01
  4.833000e+00  2.666580e-01
  4.707800e+00  2.248485e-01
  4.585800e+00  1.655900e-01
  4.467100e+00  1.366205e-01
  4.351300e+00  1.208180e-01
  4.238600e+00  1.063345e-01
  4.128800e+00  1.142355e-01
  4.021900e+00  1.211480e-01
  3.917700e+00  8.460680e-02
  3.816200e+00  6.222000e-02
  3.717400e+00  4.839340e-02
  3.621100e+00  4.016320e-02
  3.527300e+00  3.489600e-02
  3.435900e+00  3.720050e-02
  3.346900e+00  2.600740e-02
  3.260200e+00  1.909395e-02
  3.175800e+00  9.546875e-03
  3.093500e+00  4.608850e-03
  3.013400e+00  4.279635e-03
  2.935300e+00  8.559290e-03
  2.859300e+00  7.242490e-03
  2.785200e+00  7.900830e-03
  2.713100e+00  9.546865e-03
  2.642800e+00  1.250965e-02
  2.574300e+00  1.152205e-02
  2.507600e+00  1.152215e-02
  2.442700e+00  7.900869e-03
  2.379400e+00  1.185128e-02
  2.317800e+00  6.254845e-03
  2.257700e+00  7.571690e-03
  2.199300e+00  8.230050e-03
  2.142300e+00  8.888420e-03
  2.086800e+00  4.938045e-03
  2.032700e+00  8.230135e-03
  1.980100e+00  7.571695e-03
  1.928800e+00  5.925645e-03
  1.878800e+00  1.975230e-03
  1.830200e+00  2.633620e-03
  1.782800e+00  3.950435e-03
  1.736600e+00  3.950440e-03
  1.691600e+00  2.962825e-03
  1.647800e+00  2.304415e-03
  1.605100e+00  4.279625e-03
  1.563500e+00  3.292035e-03
  1.523000e+00  5.267280e-03
  1.483600e+00  2.633630e-03
  1.445100e+00  1.646015e-03
  1.407700e+00  3.292040e-03
  1.371200e+00  1.975210e-03
  1.335700e+00  3.292040e-03
  1.301100e+00  9.876150e-04
  1.267400e+00  1.316820e-03
  1.234600e+00  1.316820e-03
  1.202600e+00  2.304435e-03
  1.171500e+00  1.316820e-03
  1.141100e+00  1.646025e-03
  1.111600e+00  1.646005e-03
  1.082800e+00  6.584100e-04
  1.054700e+00  1.316820e-03
  1.027400e+00  1.316820e-03
  1.000800e+00  1.316820e-03
  9.749000e-01  1.316810e-03
  9.496000e-01  2.304425e-03
  9.250000e-01  1.316820e-03
  9.010000e-01  1.316820e-03
  8.777000e-01  1.316820e-03
  8.550000e-01  1.316820e-03
  8.328000e-01  2.304425e-03
  8.113000e-01  9.876150e-04
  7.902000e-01  3.292050e-04
  7.698000e-01  9.876150e-04
  7.498000e-01  1.316810e-03
  7.304000e-01  1.975220e-03
  7.115000e-01  2.304425e-03
  6.931000e-01  1.646025e-03
  6.751000e-01  3.950450e-03
  6.576000e-01  1.316810e-03
  6.406000e-01  4.608825e-03
  6.240000e-01  1.646010e-03
  6.078000e-01  1.646025e-03
  5.921000e-01  1.646025e-03
  5.767000e-01  1.316820e-03
  5.618000e-01  1.646025e-03
  5.472000e-01  2.304435e-03
  5.331000e-01  1.316820e-03
  5.193000e-01  1.646025e-03
  5.058000e-01  1.646005e-03
  4.927000e-01  1.646025e-03
  4.799000e-01  1.646025e-03
  4.675000e-01  6.584100e-04
  4.554000e-01  1.975230e-03
  4.436000e-01  1.316820e-03
  4.321000e-01  1.316820e-03
  4.209000e-01  9.876150e-04
  4.100000e-01  1.646015e-03
  3.994000e-01  9.876150e-04
  3.891000e-01  3.292010e-03
  3.790000e-01  1.646015e-03
  3.692000e-01  1.316820e-03
  3.596000e-01  1.646025e-03
  3.503000e-01  1.316820e-03
  3.412000e-01  1.646015e-03
  3.324000e-01  1.975230e-03
  3.238000e-01  1.646005e-03
  3.154000e-01  6.584100e-04
  3.072000e-01  3.292050e-04
  2.992000e-01  9.876150e-04
  2.915000e-01  9.876150e-04
  2.839000e-01  6.584100e-04
  2.766000e-01  1.316820e-03
  2.694000e-01  2.304425e-03
  2.624000e-01  1.316820e-03
  2.556000e-01  6.584100e-04
  2.490000e-01  3.292050e-04
  2.426000e-01  6.584100e-04
  2.363000e-01  9.876150e-04
  2.302000e-01  1.646015e-03
  2.242000e-01  9.876150e-04
  2.184000e-01  6.584100e-04
  2.127000e-01  0.000000e+00
  2.072000e-01  3.292050e-04
  2.019000e-01  3.292050e-04
  1.966000e-01  3.292050e-04
  1.915000e-01  9.876150e-04
  1.866000e-01  6.584100e-04
  1.817000e-01  3.292050e-04
  1.770000e-01  0.000000e+00
  1.725000e-01  0.000000e+00
  1.680000e-01  3.292050e-04
  1.636000e-01  0.000000e+00
  1.594000e-01  3.292050e-04
  1.553000e-01  0.000000e+00
  1.512000e-01  6.584100e-04
  1.473000e-01  3.292050e-04
  1.435000e-01  3.292050e-04
  1.398000e-01  0.000000e+00
  1.362000e-01  0.000000e+00
  1.326000e-01  0.000000e+00
  1.292000e-01  0.000000e+00
  1.259000e-01  0.000000e+00
  1.226000e-01  0.000000e+00
  1.194000e-01  0.000000e+00
  1.163000e-01  0.000000e+00
  1.133000e-01  0.000000e+00
  1.104000e-01  0.000000e+00
  1.075000e-01  0.000000e+00
  1.047000e-01  0.000000e+00
  1.020000e-01  0.000000e+00
  9.940000e-02  0.000000e+00
  9.680000e-02  0.000000e+00
  9.430000e-02  0.000000e+00
  9.190000e-02  0.000000e+00
  8.950000e-02  0.000000e+00
  8.720000e-02  0.000000e+00
  8.490000e-02  0.000000e+00
  8.270000e-02  0.000000e+00
  8.060000e-02  0.000000e+00
  7.850000e-02  0.000000e+00
  7.640000e-02  0.000000e+00
  7.450000e-02  0.000000e+00
  7.250000e-02  0.000000e+00
  7.070000e-02  0.000000e+00
  6.880000e-02  0.000000e+00
  6.700000e-02  0.000000e+00
  6.530000e-02  0.000000e+00
  6.360000e-02  0.000000e+00
  6.200000e-02  0.000000e+00
  6.040000e-02  0.000000e+00
  5.880000e-02  0.000000e+00
  5.730000e-02  0.000000e+00
  5.580000e-02  0.000000e+00
  5.430000e-02  0.000000e+00
  5.290000e-02  0.000000e+00
  5.160000e-02  0.000000e+00
  5.020000e-02  0.000000e+00
  4.890000e-02  0.000000e+00
  4.770000e-02  0.000000e+00
  4.640000e-02  0.000000e+00
  4.520000e-02  0.000000e+00
  4.410000e-02  0.000000e+00
  4.290000e-02  0.000000e+00
  4.180000e-02  0.000000e+00
  4.070000e-02  0.000000e+00
  3.970000e-02  0.000000e+00
  3.860000e-02  3.292050e-04
  3.760000e-02  0.000000e+00
  3.670000e-02  0.000000e+00
  3.570000e-02  0.000000e+00
  3.480000e-02  0.000000e+00
  3.390000e-02  0.000000e+00
  3.300000e-02  0.000000e+00
  3.220000e-02  0.000000e+00
  3.130000e-02  0.000000e+00
  3.050000e-02  0.000000e+00
  2.970000e-02  0.000000e+00
  2.890000e-02  0.000000e+00
  2.820000e-02  0.000000e+00
  2.750000e-02  0.000000e+00
  2.680000e-02  0.000000e+00
  2.610000e-02  0.000000e+00
  2.540000e-02  0.000000e+00
  2.470000e-02  0.000000e+00
  2.410000e-02  0.000000e+00
  2.350000e-02  0.000000e+00
  2.290000e-02  0.000000e+00
  2.230000e-02  0.000000e+00
  2.170000e-02  0.000000e+00
  2.110000e-02  0.000000e+00
  2.060000e-02  0.000000e+00
  2.000000e-02  0.000000e+00
  1.950000e-02  0.000000e+00
  1.900000e-02  0.000000e+00
  1.850000e-02  0.000000e+00
  1.800000e-02  0.000000e+00
  1.760000e-02  0.000000e+00
  1.710000e-02  0.000000e+00
  1.670000e-02  0.000000e+00
  1.630000e-02  0.000000e+00
  1.580000e-02  0.000000e+00
  1.540000e-02  0.000000e+00
  1.500000e-02  0.000000e+00
  1.460000e-02  0.000000e+00
  1.430000e-02  0.000000e+00
  1.390000e-02  0.000000e+00
  1.350000e-02  0.000000e+00
  1.320000e-02  0.000000e+00
  1.280000e-02  0.000000e+00
  1.250000e-02  0.000000e+00
  1.220000e-02  0.000000e+00
  1.190000e-02  0.000000e+00
  1.160000e-02  0.000000e+00
  1.130000e-02  0.000000e+00
  1.100000e-02  0.000000e+00
  1.070000e-02  0.000000e+00
  1.040000e-02  0.000000e+00
  1.010000e-02  6.584000e-04
