  4.934820e+03  0.000000e+00
  4.806990e+03  0.000000e+00
  4.682470e+03  0.000000e+00
  4.561180e+03  0.000000e+00
  4.443030e+03  0.000000e+00
  4.327940e+03  0.000000e+00
  4.215830e+03  0.000000e+00
  4.106630e+03  0.000000e+00
  4.000250e+03  0.000000e+00
  3.896630e+03  0.000000e+00
  3.795700e+03  0.000000e+00
  3.697380e+03  0.000000e+00
  3.601600e+03  0.000000e+00
  3.508310e+03  0.000000e+00
  3.417430e+03  0.000000e+00
  3.328910e+03  0.000000e+00
  3.242680e+03  0.000000e+00
  3.158680e+03  0.000000e+00
  3.076860e+03  0.000000e+00
  2.997160e+03  0.000000e+00
  2.919530e+03  0.000000e+00
  2.843900e+03  0.000000e+00
  2.770230e+03  0.000000e+00
  2.698480e+03  0.000000e+00
  2.628580e+03  0.000000e+00
  2.560490e+03  0.000000e+00
  2.494160e+03  0.000000e+00
  2.429550e+03  0.000000e+00
  2.366620e+03  0.000000e+00
  2.305320e+03  0.000000e+00
  2.245600e+03  0.000000e+00
  2.187430e+03  2.173100e-01
  2.130770e+03  0.000000e+00
  2.075580e+03  0.000000e+00
  2.021810e+03  2.173100e-01
  1.969440e+03  4.346200e-01
  1.918430e+03  0.000000e+00
  1.868730e+03  0.000000e+00
  1.820330e+03  0.000000e+00
  1.773170e+03  4.346200e-01
  1.727240e+03  2.173100e-01
  1.682500e+03  2.173100e-01
  1.638920e+03  4.346200e-01
  1.596470e+03  2.173100e-01
  1.555110e+03  2.173100e-01
  1.514830e+03  2.173100e-01
  1.475590e+03  2.173100e-01
  1.437370e+03  1.086545e+00
  1.400140e+03  4.346200e-01
  1.363870e+03  4.346200e-01
  1.328540e+03  4.346200e-01
  1.294120e+03  6.519300e-01
  1.260600e+03  2.173100e-01
  1.227950e+03  0.000000e+00
  1.196140e+03  8.692400e-01
  1.165160e+03  2.173100e-01
  1.134980e+03  6.519300e-01
  1.105580e+03  8.692350e-01
  1.076940e+03  2.173065e+00
  1.049040e+03  1.521155e+00
  1.021870e+03  1.738475e+00
  9.953980e+02  1.955785e+00
  9.696140e+02  2.390370e+00
  9.444970e+02  2.607685e+00
  9.200320e+02  8.692400e-01
  8.962000e+02  1.955780e+00
  8.729850e+02  1.955785e+00
  8.503720e+02  3.042330e+00
  8.283450e+02  3.476940e+00
  8.068880e+02  3.694225e+00
  7.859870e+02  4.563425e+00
  7.656270e+02  3.911505e+00
  7.457950e+02  5.867300e+00
  7.264760e+02  8.474850e+00
  7.076580e+02  7.605770e+00
  6.893270e+02  7.388425e+00
  6.714710e+02  8.257695e+00
  6.540780e+02  1.108260e+01
  6.371350e+02  1.151741e+01
  6.206310e+02  1.347320e+01
  6.045550e+02  1.803655e+01
  5.888950e+02  1.716735e+01
  5.736410e+02  1.847115e+01
  5.587810e+02  2.042690e+01
  5.443070e+02  2.651150e+01
  5.302080e+02  2.911920e+01
  5.164740e+02  3.020575e+01
  5.030950e+02  3.759435e+01
  4.900630e+02  3.955005e+01
  4.773690e+02  4.476545e+01
  4.650040e+02  4.802495e+01
  4.529580e+02  6.454025e+01
  4.412250e+02  6.671365e+01
  4.297960e+02  7.214635e+01
  4.186630e+02  8.909660e+01
  4.078180e+02  1.019175e+02
  3.972540e+02  1.058290e+02
  3.869640e+02  1.216930e+02
  3.769400e+02  1.251690e+02
  3.671770e+02  1.460305e+02
  3.576650e+02  1.736295e+02
  3.484010e+02  2.001415e+02
  3.393760e+02  2.273040e+02
  3.305850e+02  2.512090e+02
  3.220220e+02  2.820670e+02
  3.136800e+02  3.235710e+02
  3.055550e+02  3.407400e+02
  2.976400e+02  4.046270e+02
  2.899300e+02  4.520010e+02
  2.824200e+02  5.087195e+02
  2.751040e+02  5.832555e+02
  2.679780e+02  6.256305e+02
  2.610370e+02  7.299380e+02
  2.542750e+02  8.005625e+02
  2.476890e+02  9.222565e+02
  2.412730e+02  1.013090e+03
  2.350230e+02  1.130865e+03
  2.289350e+02  1.300810e+03
  2.230050e+02  1.459665e+03
  2.172280e+02  1.621125e+03
  2.116010e+02  1.825830e+03
  2.061200e+02  2.013580e+03
  2.007810e+02  2.330205e+03
  1.955800e+02  2.571410e+03
  1.905140e+02  2.873470e+03
  1.855790e+02  3.246145e+03
  1.807720e+02  3.642735e+03
  1.760890e+02  4.147775e+03
  1.715280e+02  4.561515e+03
  1.670850e+02  5.035035e+03
  1.627570e+02  5.647625e+03
  1.585410e+02  6.238045e+03
  1.544340e+02  6.915845e+03
  1.504340e+02  7.618175e+03
  1.465370e+02  8.321385e+03
  1.427410e+02  9.171925e+03
  1.390440e+02  1.028310e+04
  1.354420e+02  1.118925e+04
  1.319340e+02  1.228785e+04
  1.285160e+02  1.348915e+04
  1.251870e+02  1.452240e+04
  1.219440e+02  1.594140e+04
  1.187850e+02  1.738425e+04
  1.157090e+02  1.876500e+04
  1.127110e+02  2.050825e+04
  1.097920e+02  2.219085e+04
  1.069480e+02  2.412535e+04
  1.041770e+02  2.612610e+04
  1.014790e+02  2.832650e+04
  9.885030e+01  3.041310e+04
  9.628970e+01  3.276105e+04
  9.379550e+01  3.536980e+04
  9.136590e+01  3.764525e+04
  8.899920e+01  4.045310e+04
  8.669380e+01  4.318500e+04
  8.444820e+01  4.597585e+04
  8.226070e+01  4.873160e+04
  8.012980e+01  5.172960e+04
  7.805420e+01  5.484175e+04
  7.603240e+01  5.763845e+04
  7.406290e+01  6.058155e+04
  7.214440e+01  6.349110e+04
  7.027560e+01  6.640460e+04
  6.845520e+01  6.894284e+04
  6.668200e+01  7.178370e+04
  6.495470e+01  7.402095e+04
  6.327220e+01  7.660805e+04
  6.163320e+01  7.902545e+04
  6.003670e+01  8.090875e+04
  5.848160e+01  8.306695e+04
  5.696670e+01  8.538120e+04
  5.549110e+01  8.764765e+04
  5.405370e+01  8.892315e+04
  5.265350e+01  8.973670e+04
  5.128960e+01  9.103560e+04
  4.996100e+01  9.251484e+04
  4.866690e+01  9.266715e+04
  4.740620e+01  9.319690e+04
  4.617830e+01  9.335080e+04
  4.498210e+01  9.290120e+04
  4.381690e+01  9.388105e+04
  4.268190e+01  9.463330e+04
  4.157630e+01  9.456930e+04
  4.049930e+01  9.504690e+04
  3.945030e+01  9.541195e+04
  3.842840e+01  9.559265e+04
  3.743290e+01  9.560550e+04
  3.646330e+01  9.555830e+04
  3.551880e+01  9.570295e+04
  3.459870e+01  9.532225e+04
  3.370250e+01  9.471395e+04
  3.282950e+01  9.393915e+04
  3.197910e+01  9.324884e+04
  3.115070e+01  9.258205e+04
  3.034380e+01  9.201655e+04
  2.955780e+01  9.128425e+04
  2.879220e+01  9.016205e+04
  2.804640e+01  8.914050e+04
  2.731990e+01  8.801420e+04
  2.661220e+01  8.667170e+04
  2.592290e+01  8.584066e+04
  2.525140e+01  8.472240e+04
  2.459730e+01  8.360675e+04
  2.396010e+01  8.236490e+04
  2.333950e+01  8.110180e+04
  2.273490e+01  8.035820e+04
  2.214600e+01  7.847225e+04
  2.157230e+01  7.771420e+04
  2.101350e+01  7.635475e+04
  2.046920e+01  7.494055e+04
  1.993900e+01  7.358300e+04
  1.942250e+01  7.219109e+04
  1.891940e+01  7.060865e+04
  1.842930e+01  6.943510e+04
  1.795200e+01  6.706920e+04
  1.748690e+01  6.528725e+04
  1.703400e+01  6.347730e+04
  1.659270e+01  6.143330e+04
  1.616290e+01  5.950730e+04
  1.574430e+01  5.697905e+04
  1.533640e+01  5.498120e+04
  1.493920e+01  5.310195e+04
  1.455220e+01  5.097735e+04
  1.417520e+01  4.895790e+04
  1.380800e+01  4.682385e+04
  1.345040e+01  4.528090e+04
  1.310200e+01  4.326625e+04
  1.276260e+01  4.159340e+04
  1.243200e+01  4.007755e+04
  1.211000e+01  3.887170e+04
  1.179630e+01  3.737695e+04
  1.149070e+01  3.600665e+04
  1.119310e+01  3.438665e+04
  1.090310e+01  3.305085e+04
  1.062070e+01  3.158585e+04
  1.034560e+01  3.007370e+04
  1.007760e+01  2.866700e+04
  9.816600e+00  2.720505e+04
  9.562300e+00  2.537320e+04
  9.314600e+00  2.339425e+04
  9.073300e+00  2.114325e+04
  8.838300e+00  1.881335e+04
  8.609300e+00  1.653145e+04
  8.386300e+00  1.465585e+04
  8.169100e+00  1.310825e+04
  7.957500e+00  1.183225e+04
  7.751400e+00  1.060415e+04
  7.550600e+00  9.855365e+03
  7.355000e+00  8.870085e+03
  7.164500e+00  8.026930e+03
  6.978900e+00  7.305245e+03
  6.798100e+00  6.723290e+03
  6.622000e+00  6.135260e+03
  6.450500e+00  5.578515e+03
  6.283400e+00  5.075235e+03
  6.120600e+00  4.602375e+03
  5.962100e+00  4.248155e+03
  5.807600e+00  3.936535e+03
  5.657200e+00  3.686640e+03
  5.510700e+00  3.484975e+03
  5.367900e+00  3.213565e+03
  5.228900e+00  3.065780e+03
  5.093400e+00  2.903235e+03
  4.961500e+00  2.744820e+03
  4.833000e+00  2.577940e+03
  4.707800e+00  2.501865e+03
  4.585800e+00  2.392125e+03
  4.467100e+00  2.309765e+03
  4.351300e+00  2.229360e+03
  4.238600e+00  2.186550e+03
  4.128800e+00  2.137015e+03
  4.021900e+00  2.139610e+03
  3.917700e+00  2.095085e+03
  3.816200e+00  1.998585e+03
  3.717400e+00  1.936440e+03
  3.621100e+00  1.913615e+03
  3.527300e+00  1.884940e+03
  3.435900e+00  1.813225e+03
  3.346900e+00  1.780630e+03
  3.260200e+00  1.679575e+03
  3.175800e+00  1.469655e+03
  3.093500e+00  1.251035e+03
  3.013400e+00  1.087410e+03
  2.935300e+00  1.128910e+03
  2.859300e+00  1.244300e+03
  2.785200e+00  1.386645e+03
  2.713100e+00  1.538320e+03
  2.642800e+00  1.478120e+03
  2.574300e+00  1.473340e+03
  2.507600e+00  1.407070e+03
  2.442700e+00  1.391420e+03
  2.379400e+00  1.379030e+03
  2.317800e+00  1.309495e+03
  2.257700e+00  1.286250e+03
  2.199300e+00  1.261465e+03
  2.142300e+00  1.195195e+03
  2.086800e+00  1.149775e+03
  2.032700e+00  1.137170e+03
  1.980100e+00  1.147160e+03
  1.928800e+00  1.070675e+03
  1.878800e+00  9.809295e+02
  1.830200e+00  1.028520e+03
  1.782800e+00  1.435090e+03
  1.736600e+00  9.726785e+02
  1.691600e+00  8.737985e+02
  1.647800e+00  8.053435e+02
  1.605100e+00  7.301560e+02
  1.563500e+00  7.127705e+02
  1.523000e+00  6.719170e+02
  1.483600e+00  6.649630e+02
  1.445100e+00  6.086815e+02
  1.407700e+00  5.410980e+02
  1.371200e+00  5.163245e+02
  1.335700e+00  4.935080e+02
  1.301100e+00  4.506980e+02
  1.267400e+00  3.687730e+02
  1.234600e+00  3.968035e+02
  1.202600e+00  3.779000e+02
  1.171500e+00  3.359585e+02
  1.141100e+00  3.652950e+02
  1.111600e+00  3.035795e+02
  1.082800e+00  2.592485e+02
  1.054700e+00  3.368275e+02
  1.027400e+00  2.688100e+02
  1.000800e+00  2.131790e+02
  9.749000e-01  2.618560e+02
  9.496000e-01  1.981850e+02
  9.250000e-01  1.949260e+02
  9.010000e-01  2.140490e+02
  8.777000e-01  2.227410e+02
  8.550000e-01  2.164390e+02
  8.328000e-01  2.333885e+02
  8.113000e-01  2.477325e+02
  7.902000e-01  2.442550e+02
  7.698000e-01  2.649005e+02
  7.498000e-01  2.842390e+02
  7.304000e-01  3.005390e+02
  7.115000e-01  3.031445e+02
  6.931000e-01  4.563475e+02
  6.751000e-01  2.376490e+03
  6.576000e-01  3.287655e+03
  6.406000e-01  6.521425e+03
  6.240000e-01  1.230180e+03
  6.078000e-01  4.391795e+02
  5.921000e-01  4.328760e+02
  5.767000e-01  4.539565e+02
  5.618000e-01  4.685170e+02
  5.472000e-01  4.824255e+02
  5.331000e-01  6.047700e+02
  5.193000e-01  5.823870e+02
  5.058000e-01  6.332355e+02
  4.927000e-01  1.015705e+03
  4.799000e-01  1.066330e+03
  4.675000e-01  6.982110e+02
  4.554000e-01  6.856080e+02
  4.436000e-01  1.136725e+03
  4.321000e-01  1.199110e+03
  4.209000e-01  1.098705e+03
  4.100000e-01  8.172970e+02
  3.994000e-01  1.504425e+03
  3.891000e-01  2.374310e+03
  3.790000e-01  2.163740e+03
  3.692000e-01  7.979565e+02
  3.596000e-01  7.195075e+02
  3.503000e-01  7.232020e+02
  3.412000e-01  7.423240e+02
  3.324000e-01  7.716610e+02
  3.238000e-01  7.136405e+02
  3.154000e-01  7.368920e+02
  3.072000e-01  9.809300e+02
  2.992000e-01  1.286895e+03
  2.915000e-01  1.465095e+03
  2.839000e-01  1.587875e+03
  2.766000e-01  8.651040e+02
  2.694000e-01  1.863640e+03
  2.624000e-01  3.687710e+03
  2.556000e-01  4.283785e+03
  2.490000e-01  1.604390e+03
  2.426000e-01  1.915580e+03
  2.363000e-01  1.834305e+03
  2.302000e-01  1.277990e+03
  2.242000e-01  1.029395e+03
  2.184000e-01  1.023735e+03
  2.127000e-01  1.026345e+03
  2.072000e-01  1.021565e+03
  2.019000e-01  1.059165e+03
  1.966000e-01  1.161515e+03
  1.915000e-01  1.314925e+03
  1.866000e-01  1.296900e+03
  1.817000e-01  1.285590e+03
  1.770000e-01  1.400115e+03
  1.725000e-01  1.415760e+03
  1.680000e-01  1.385980e+03
  1.636000e-01  1.358170e+03
  1.594000e-01  1.346210e+03
  1.553000e-01  1.392495e+03
  1.512000e-01  1.449665e+03
  1.473000e-01  1.420335e+03
  1.435000e-01  1.751725e+03
  1.398000e-01  1.550720e+03
  1.362000e-01  1.568750e+03
  1.326000e-01  1.595685e+03
  1.292000e-01  1.626335e+03
  1.259000e-01  1.595250e+03
  1.226000e-01  1.658920e+03
  1.194000e-01  1.632410e+03
  1.163000e-01  1.622645e+03
  1.133000e-01  1.603305e+03
  1.104000e-01  1.647415e+03
  1.075000e-01  1.584400e+03
  1.047000e-01  1.583300e+03
  1.020000e-01  1.549850e+03
  9.940000e-02  1.499645e+03
  9.680000e-02  1.489860e+03
  9.430000e-02  1.456830e+03
  9.190000e-02  1.397725e+03
  8.950000e-02  1.355345e+03
  8.720000e-02  1.331440e+03
  8.490000e-02  1.271465e+03
  8.270000e-02  1.230610e+03
  8.060000e-02  1.178240e+03
  7.850000e-02  1.110445e+03
  7.640000e-02  1.102185e+03
  7.450000e-02  1.027000e+03
  7.250000e-02  1.014825e+03
  7.070000e-02  9.783235e+02
  6.880000e-02  9.033530e+02
  6.700000e-02  8.477200e+02
  6.530000e-02  8.101245e+02
  6.360000e-02  7.599270e+02
  6.200000e-02  6.958215e+02
  6.040000e-02  6.299775e+02
  5.880000e-02  5.882525e+02
  5.730000e-02  5.269730e+02
  5.580000e-02  4.639535e+02
  5.430000e-02  4.200560e+02
  5.290000e-02  3.800725e+02
  5.160000e-02  3.331340e+02
  5.020000e-02  2.866305e+02
  4.890000e-02  2.646810e+02
  4.770000e-02  2.320850e+02
  4.640000e-02  2.064440e+02
  4.520000e-02  1.716740e+02
  4.410000e-02  1.508130e+02
  4.290000e-02  1.201705e+02
  4.180000e-02  1.158250e+02
  4.070000e-02  9.822385e+01
  3.970000e-02  7.540600e+01
  3.860000e-02  6.997305e+01
  3.760000e-02  5.736935e+01
  3.670000e-02  4.672135e+01
  3.570000e-02  4.346165e+01
  3.480000e-02  2.716350e+01
  3.390000e-02  2.303465e+01
  3.300000e-02  2.064430e+01
  3.220000e-02  1.586355e+01
  3.130000e-02  1.608085e+01
  3.050000e-02  1.542890e+01
  2.970000e-02  9.996105e+00
  2.890000e-02  8.909575e+00
  2.820000e-02  6.301905e+00
  2.750000e-02  8.257745e+00
  2.680000e-02  5.867305e+00
  2.610000e-02  4.563470e+00
  2.540000e-02  7.171045e+00
  2.470000e-02  6.301900e+00
  2.410000e-02  5.867230e+00
  2.350000e-02  3.911510e+00
  2.290000e-02  4.780800e+00
  2.230000e-02  3.259610e+00
  2.170000e-02  6.953880e+00
  2.110000e-02  5.649960e+00
  2.060000e-02  5.215350e+00
  2.000000e-02  4.128855e+00
  1.950000e-02  3.911560e+00
  1.900000e-02  4.346160e+00
  1.850000e-02  3.694250e+00
  1.800000e-02  5.215380e+00
  1.760000e-02  3.911565e+00
  1.710000e-02  4.563450e+00
  1.670000e-02  2.390405e+00
  1.630000e-02  4.780715e+00
  1.580000e-02  2.825015e+00
  1.540000e-02  4.346155e+00
  1.500000e-02  3.911555e+00
  1.460000e-02  3.042320e+00
  1.430000e-02  2.825040e+00
  1.390000e-02  2.825020e+00
  1.350000e-02  2.173100e+00
  1.320000e-02  1.086550e+00
  1.280000e-02  1.521165e+00
  1.250000e-02  1.521165e+00
  1.220000e-02  1.738480e+00
  1.190000e-02  1.521160e+00
  1.160000e-02  8.692350e-01
  1.130000e-02  4.346150e-01
  1.100000e-02  1.762370e+02
  1.070000e-02  2.651165e+02
  1.040000e-02  2.570760e+02
  1.010000e-02  1.987935e+03
