  4.934820e+03  0.000000e+00
  4.806990e+03  0.000000e+00
  4.682470e+03  0.000000e+00
  4.561180e+03  0.000000e+00
  4.443030e+03  0.000000e+00
  4.327940e+03  0.000000e+00
  4.215830e+03  0.000000e+00
  4.106630e+03  0.000000e+00
  4.000250e+03  0.000000e+00
  3.896630e+03  0.000000e+00
  3.795700e+03  0.000000e+00
  3.697380e+03  0.000000e+00
  3.601600e+03  0.000000e+00
  3.508310e+03  0.000000e+00
  3.417430e+03  1.206300e-01
  3.328910e+03  0.000000e+00
  3.242680e+03  0.000000e+00
  3.158680e+03  0.000000e+00
  3.076860e+03  0.000000e+00
  2.997160e+03  0.000000e+00
  2.919530e+03  0.000000e+00
  2.843900e+03  0.000000e+00
  2.770230e+03  0.000000e+00
  2.698480e+03  0.000000e+00
  2.628580e+03  0.000000e+00
  2.560490e+03  0.000000e+00
  2.494160e+03  0.000000e+00
  2.429550e+03  0.000000e+00
  2.366620e+03  1.206300e-01
  2.305320e+03  0.000000e+00
  2.245600e+03  0.000000e+00
  2.187430e+03  0.000000e+00
  2.130770e+03  1.206300e-01
  2.075580e+03  0.000000e+00
  2.021810e+03  0.000000e+00
  1.969440e+03  1.206300e-01
  1.918430e+03  2.412600e-01
  1.868730e+03  0.000000e+00
  1.820330e+03  0.000000e+00
  1.773170e+03  0.000000e+00
  1.727240e+03  2.412600e-01
  1.682500e+03  0.000000e+00
  1.638920e+03  1.206300e-01
  1.596470e+03  1.206300e-01
  1.555110e+03  1.206300e-01
  1.514830e+03  2.412600e-01
  1.475590e+03  3.618900e-01
  1.437370e+03  1.206300e-01
  1.400140e+03  0.000000e+00
  1.363870e+03  1.206300e-01
  1.328540e+03  2.412600e-01
  1.294120e+03  1.206300e-01
  1.260600e+03  4.825200e-01
  1.227950e+03  2.412600e-01
  1.196140e+03  2.412600e-01
  1.165160e+03  6.031500e-01
  1.134980e+03  3.618900e-01
  1.105580e+03  7.237800e-01
  1.076940e+03  9.650300e-01
  1.049040e+03  1.206300e-01
  1.021870e+03  6.031500e-01
  9.953980e+02  4.825150e-01
  9.696140e+02  3.618900e-01
  9.444970e+02  4.825150e-01
  9.200320e+02  1.206300e-01
  8.962000e+02  7.237800e-01
  8.729850e+02  9.650350e-01
  8.503720e+02  6.031450e-01
  8.283450e+02  9.650350e-01
  8.068880e+02  8.444000e-01
  7.859870e+02  1.568175e+00
  7.656270e+02  1.326920e+00
  7.457950e+02  1.326915e+00
  7.264760e+02  1.930055e+00
  7.076580e+02  2.050700e+00
  6.893270e+02  1.930060e+00
  6.714710e+02  1.326925e+00
  6.540780e+02  2.050685e+00
  6.371350e+02  2.653825e+00
  6.206310e+02  1.688795e+00
  6.045550e+02  3.256965e+00
  5.888950e+02  3.618850e+00
  5.736410e+02  4.825140e+00
  5.587810e+02  4.945785e+00
  5.443070e+02  5.066400e+00
  5.302080e+02  7.117075e+00
  5.164740e+02  6.272645e+00
  5.030950e+02  6.031365e+00
  4.900630e+02  6.513865e+00
  4.773690e+02  6.393255e+00
  4.650040e+02  8.805820e+00
  4.529580e+02  1.049467e+01
  4.412250e+02  1.109770e+01
  4.297960e+02  9.891470e+00
  4.186630e+02  1.302780e+01
  4.078180e+02  1.387215e+01
  3.972540e+02  1.869720e+01
  3.869640e+02  1.809405e+01
  3.769400e+02  2.074805e+01
  3.671770e+02  2.328115e+01
  3.576650e+02  2.774440e+01
  3.484010e+02  2.690010e+01
  3.393760e+02  3.148385e+01
  3.305850e+02  3.582635e+01
  3.220220e+02  4.197840e+01
  3.136800e+02  4.161655e+01
  3.055550e+02  4.993975e+01
  2.976400e+02  5.512680e+01
  2.899300e+02  5.428230e+01
  2.824200e+02  6.791340e+01
  2.751040e+02  7.382420e+01
  2.679780e+02  7.346210e+01
  2.610370e+02  9.155666e+01
  2.542750e+02  1.037399e+02
  2.476890e+02  1.108570e+02
  2.412730e+02  1.188180e+02
  2.350230e+02  1.320885e+02
  2.289350e+02  1.527155e+02
  2.230050e+02  1.630880e+02
  2.172280e+02  1.874550e+02
  2.116010e+02  2.016890e+02
  2.061200e+02  2.279855e+02
  2.007810e+02  2.458385e+02
  1.955800e+02  2.609180e+02
  1.905140e+02  3.044635e+02
  1.855790e+02  3.364300e+02
  1.807720e+02  3.708090e+02
  1.760890e+02  4.083245e+02
  1.715280e+02  4.534380e+02
  1.670850e+02  5.025350e+02
  1.627570e+02  5.503020e+02
  1.585410e+02  5.977080e+02
  1.544340e+02  6.322075e+02
  1.504340e+02  7.201470e+02
  1.465370e+02  7.646580e+02
  1.427410e+02  8.494595e+02
  1.390440e+02  9.185780e+02
  1.354420e+02  9.863670e+02
  1.319340e+02  1.058750e+03
  1.285160e+02  1.144270e+03
  1.251870e+02  1.237885e+03
  1.219440e+02  1.330535e+03
  1.187850e+02  1.434980e+03
  1.157090e+02  1.528470e+03
  1.127110e+02  1.653920e+03
  1.097920e+02  1.763820e+03
  1.069480e+02  1.914845e+03
  1.041770e+02  2.030165e+03
  1.014790e+02  2.181545e+03
  9.885030e+01  2.341375e+03
  9.628970e+01  2.495060e+03
  9.379550e+01  2.671885e+03
  9.136590e+01  2.846680e+03
  8.899920e+01  3.008320e+03
  8.669380e+01  3.231250e+03
  8.444820e+01  3.417855e+03
  8.226070e+01  3.635845e+03
  8.012980e+01  3.866825e+03
  7.805420e+01  4.070320e+03
  7.603240e+01  4.341620e+03
  7.406290e+01  4.518225e+03
  7.214440e+01  4.824020e+03
  7.027560e+01  5.001225e+03
  6.845520e+01  5.315925e+03
  6.668200e+01  5.503270e+03
  6.495470e+01  5.780835e+03
  6.327220e+01  5.968640e+03
  6.163320e+01  6.148380e+03
  6.003670e+01  6.308690e+03
  5.848160e+01  6.379625e+03
  5.696670e+01  6.466595e+03
  5.549110e+01  6.583490e+03
  5.405370e+01  6.691580e+03
  5.265350e+01  6.882650e+03
  5.128960e+01  6.987475e+03
  4.996100e+01  7.118705e+03
  4.866690e+01  7.203270e+03
  4.740620e+01  7.321850e+03
  4.617830e+01  7.296400e+03
  4.498210e+01  7.292645e+03
  4.381690e+01  7.225230e+03
  4.268190e+01  7.155870e+03
  4.157630e+01  7.042465e+03
  4.049930e+01  6.926550e+03
  3.945030e+01  6.835245e+03
  3.842840e+01  6.629925e+03
  3.743290e+01  6.485895e+03
  3.646330e+01  6.336325e+03
  3.551880e+01  6.240060e+03
  3.459870e+01  6.053685e+03
  3.370250e+01  5.942590e+03
  3.282950e+01  5.813880e+03
  3.197910e+01  5.603505e+03
  3.115070e+01  5.475765e+03
  3.034380e+01  5.293135e+03
  2.955780e+01  5.146565e+03
  2.879220e+01  4.944165e+03
  2.804640e+01  4.871675e+03
  2.731990e+01  4.696755e+03
  2.661220e+01  4.485665e+03
  2.592290e+01  4.369495e+03
  2.525140e+01  4.150430e+03
  2.459730e+01  3.970810e+03
  2.396010e+01  3.795785e+03
  2.333950e+01  3.590110e+03
  2.273490e+01  3.445720e+03
  2.214600e+01  3.329450e+03
  2.157230e+01  3.072620e+03
  2.101350e+01  2.871775e+03
  2.046920e+01  2.639555e+03
  1.993900e+01  2.477330e+03
  1.942250e+01  2.306630e+03
  1.891940e+01  2.179855e+03
  1.842930e+01  2.099995e+03
  1.795200e+01  1.981185e+03
  1.748690e+01  1.948985e+03
  1.703400e+01  1.896380e+03
  1.659270e+01  1.856710e+03
  1.616290e+01  1.849460e+03
  1.574430e+01  1.810740e+03
  1.533640e+01  1.801460e+03
  1.493920e+01  1.776245e+03
  1.455220e+01  1.710375e+03
  1.417520e+01  1.548010e+03
  1.380800e+01  1.428955e+03
  1.345040e+01  1.247170e+03
  1.310200e+01  1.046690e+03
  1.276260e+01  8.942120e+02
  1.243200e+01  7.553690e+02
  1.211000e+01  6.506650e+02
  1.179630e+01  5.483720e+02
  1.149070e+01  4.939690e+02
  1.119310e+01  4.533185e+02
  1.090310e+01  4.331735e+02
  1.062070e+01  4.039825e+02
  1.034560e+01  3.984340e+02
  1.007760e+01  3.681555e+02
  9.816600e+00  3.400485e+02
  9.562300e+00  3.024125e+02
  9.314600e+00  3.062735e+02
  9.073300e+00  3.062730e+02
  8.838300e+00  3.320870e+02
  8.609300e+00  3.566950e+02
  8.386300e+00  4.133900e+02
  8.169100e+00  4.737040e+02
  7.957500e+00  5.664665e+02
  7.751400e+00  5.968650e+02
  7.550600e+00  6.633310e+02
  7.355000e+00  6.598325e+02
  7.164500e+00  6.021725e+02
  6.978900e+00  5.690000e+02
  6.798100e+00  5.313630e+02
  6.622000e+00  4.895060e+02
  6.450500e+00  4.552480e+02
  6.283400e+00  4.278660e+02
  6.120600e+00  3.741870e+02
  5.962100e+00  3.372745e+02
  5.807600e+00  3.322085e+02
  5.657200e+00  3.230405e+02
  5.510700e+00  3.092890e+02
  5.367900e+00  2.898680e+02
  5.228900e+00  2.655025e+02
  5.093400e+00  2.493375e+02
  4.961500e+00  2.331720e+02
  4.833000e+00  2.136310e+02
  4.707800e+00  2.059110e+02
  4.585800e+00  1.753930e+02
  4.467100e+00  1.640535e+02
  4.351300e+00  1.564540e+02
  4.238600e+00  1.443905e+02
  4.128800e+00  1.378775e+02
  4.021900e+00  1.580225e+02
  3.917700e+00  1.236420e+02
  3.816200e+00  1.068755e+02
  3.717400e+00  8.986694e+01
  3.621100e+00  9.553740e+01
  3.527300e+00  8.250930e+01
  3.435900e+00  7.515096e+01
  3.346900e+00  5.814250e+01
  3.260200e+00  5.379995e+01
  3.175800e+00  3.534380e+01
  3.093500e+00  2.617625e+01
  3.013400e+00  1.966225e+01
  2.935300e+00  2.147170e+01
  2.859300e+00  3.039815e+01
  2.785200e+00  3.305190e+01
  2.713100e+00  4.764800e+01
  2.642800e+00  4.752720e+01
  2.574300e+00  4.547655e+01
  2.507600e+00  3.908330e+01
  2.442700e+00  4.294340e+01
  2.379400e+00  4.077215e+01
  2.317800e+00  3.920380e+01
  2.257700e+00  3.522340e+01
  2.199300e+00  4.258160e+01
  2.142300e+00  3.353445e+01
  2.086800e+00  3.317255e+01
  2.032700e+00  3.015690e+01
  1.980100e+00  3.474075e+01
  1.928800e+00  2.774430e+01
  1.878800e+00  2.677940e+01
  1.830200e+00  3.015695e+01
  1.782800e+00  6.236450e+01
  1.736600e+00  3.208700e+01
  1.691600e+00  2.098930e+01
  1.647800e+00  2.074800e+01
  1.605100e+00  2.050670e+01
  1.563500e+00  1.688785e+01
  1.523000e+00  1.616410e+01
  1.483600e+00  1.845610e+01
  1.445100e+00  1.435480e+01
  1.407700e+00  1.326900e+01
  1.371200e+00  9.650135e+00
  1.335700e+00  1.206280e+01
  1.301100e+00  9.529530e+00
  1.267400e+00  7.358295e+00
  1.234600e+00  1.085645e+01
  1.202600e+00  8.685246e+00
  1.171500e+00  8.082066e+00
  1.141100e+00  1.049463e+01
  1.111600e+00  8.082075e+00
  1.082800e+00  6.875775e+00
  1.054700e+00  9.408970e+00
  1.027400e+00  6.513950e+00
  1.000800e+00  6.513945e+00
  9.749000e-01  6.875795e+00
  9.496000e-01  5.187015e+00
  9.250000e-01  5.428280e+00
  9.010000e-01  5.186985e+00
  8.777000e-01  5.428275e+00
  8.550000e-01  6.031415e+00
  8.328000e-01  5.910785e+00
  8.113000e-01  6.031405e+00
  7.902000e-01  6.634565e+00
  7.698000e-01  6.031375e+00
  7.498000e-01  6.031445e+00
  7.304000e-01  6.755150e+00
  7.115000e-01  7.961480e+00
  6.931000e-01  1.025339e+01
  6.751000e-01  1.133890e+02
  6.576000e-01  1.059110e+02
  6.406000e-01  2.747905e+02
  6.240000e-01  5.983130e+01
  6.078000e-01  9.288330e+00
  5.921000e-01  1.001207e+01
  5.767000e-01  7.478915e+00
  5.618000e-01  9.529615e+00
  5.472000e-01  8.443975e+00
  5.331000e-01  9.288360e+00
  5.193000e-01  1.001208e+01
  5.058000e-01  9.650240e+00
  4.927000e-01  2.328110e+01
  4.799000e-01  2.424620e+01
  4.675000e-01  1.423405e+01
  4.554000e-01  1.242470e+01
  4.436000e-01  2.195425e+01
  4.321000e-01  2.110975e+01
  4.209000e-01  2.135100e+01
  4.100000e-01  1.411345e+01
  3.994000e-01  2.484925e+01
  3.891000e-01  4.849225e+01
  3.790000e-01  4.800985e+01
  3.692000e-01  1.145960e+01
  3.596000e-01  1.025338e+01
  3.503000e-01  8.805875e+00
  3.412000e-01  8.443935e+00
  3.324000e-01  1.230405e+01
  3.238000e-01  1.182155e+01
  3.154000e-01  9.650230e+00
  3.072000e-01  1.507845e+01
  2.992000e-01  1.905920e+01
  2.915000e-01  2.267800e+01
  2.839000e-01  2.328120e+01
  2.766000e-01  1.278645e+01
  2.694000e-01  3.787695e+01
  2.624000e-01  7.418600e+01
  2.556000e-01  1.069955e+02
  2.490000e-01  3.642950e+01
  2.426000e-01  2.291935e+01
  2.363000e-01  3.498195e+01
  2.302000e-01  2.521115e+01
  2.242000e-01  1.821475e+01
  2.184000e-01  1.676725e+01
  2.127000e-01  1.724970e+01
  2.072000e-01  1.881795e+01
  2.019000e-01  1.507850e+01
  1.966000e-01  1.592275e+01
  1.915000e-01  2.135110e+01
  1.866000e-01  2.243680e+01
  1.817000e-01  1.218345e+01
  1.770000e-01  1.037405e+01
  1.725000e-01  1.001209e+01
  1.680000e-01  1.676715e+01
  1.636000e-01  1.737035e+01
  1.594000e-01  1.845595e+01
  1.553000e-01  2.183370e+01
  1.512000e-01  2.002415e+01
  1.473000e-01  2.207490e+01
  1.435000e-01  2.702070e+01
  1.398000e-01  2.002415e+01
  1.362000e-01  1.990355e+01
  1.326000e-01  2.135120e+01
  1.292000e-01  1.869730e+01
  1.259000e-01  1.712920e+01
  1.226000e-01  2.424620e+01
  1.194000e-01  2.533185e+01
  1.163000e-01  2.050685e+01
  1.133000e-01  2.798565e+01
  1.104000e-01  2.895060e+01
  1.075000e-01  2.870935e+01
  1.047000e-01  2.955380e+01
  1.020000e-01  3.353460e+01
  9.940000e-02  3.462020e+01
  9.680000e-02  4.209895e+01
  9.430000e-02  3.992775e+01
  9.190000e-02  4.535590e+01
  8.950000e-02  4.053090e+01
  8.720000e-02  4.402895e+01
  8.490000e-02  3.908340e+01
  8.270000e-02  4.475275e+01
  8.060000e-02  4.125450e+01
  7.850000e-02  4.306405e+01
  7.640000e-02  3.667080e+01
  7.450000e-02  3.823900e+01
  7.250000e-02  3.799760e+01
  7.070000e-02  3.449945e+01
  6.880000e-02  3.570580e+01
  6.700000e-02  3.317265e+01
  6.530000e-02  3.027750e+01
  6.360000e-02  3.015695e+01
  6.200000e-02  2.931255e+01
  6.040000e-02  2.545245e+01
  5.880000e-02  2.340170e+01
  5.730000e-02  1.785285e+01
  5.580000e-02  2.098920e+01
  5.430000e-02  1.423400e+01
  5.290000e-02  1.290705e+01
  5.160000e-02  1.085655e+01
  5.020000e-02  1.170081e+01
  4.890000e-02  1.001211e+01
  4.770000e-02  9.650220e+00
  4.640000e-02  8.926505e+00
  4.520000e-02  9.288380e+00
  4.410000e-02  8.082050e+00
  4.290000e-02  6.272690e+00
  4.180000e-02  6.031430e+00
  4.070000e-02  5.307640e+00
  3.970000e-02  4.463225e+00
  3.860000e-02  5.428290e+00
  3.760000e-02  3.739495e+00
  3.670000e-02  2.653825e+00
  3.570000e-02  2.653830e+00
  3.480000e-02  2.171320e+00
  3.390000e-02  1.688800e+00
  3.300000e-02  1.326915e+00
  3.220000e-02  1.930065e+00
  3.130000e-02  1.326920e+00
  3.050000e-02  4.825200e-01
  2.970000e-02  6.031450e-01
  2.890000e-02  4.825200e-01
  2.820000e-02  1.206300e-01
  2.750000e-02  6.031500e-01
  2.680000e-02  7.237700e-01
  2.610000e-02  3.618850e-01
  2.540000e-02  2.412600e-01
  2.470000e-02  1.206300e-01
  2.410000e-02  1.206300e-01
  2.350000e-02  0.000000e+00
  2.290000e-02  1.206300e-01
  2.230000e-02  1.206300e-01
  2.170000e-02  1.206300e-01
  2.110000e-02  0.000000e+00
  2.060000e-02  0.000000e+00
  2.000000e-02  0.000000e+00
  1.950000e-02  2.412600e-01
  1.900000e-02  0.000000e+00
  1.850000e-02  0.000000e+00
  1.800000e-02  0.000000e+00
  1.760000e-02  0.000000e+00
  1.710000e-02  0.000000e+00
  1.670000e-02  0.000000e+00
  1.630000e-02  0.000000e+00
  1.580000e-02  0.000000e+00
  1.540000e-02  0.000000e+00
  1.500000e-02  0.000000e+00
  1.460000e-02  0.000000e+00
  1.430000e-02  0.000000e+00
  1.390000e-02  0.000000e+00
  1.350000e-02  0.000000e+00
  1.320000e-02  0.000000e+00
  1.280000e-02  0.000000e+00
  1.250000e-02  0.000000e+00
  1.220000e-02  0.000000e+00
  1.190000e-02  0.000000e+00
  1.160000e-02  0.000000e+00
  1.130000e-02  1.206300e-01
  1.100000e-02  9.650300e-01
  1.070000e-02  9.650350e-01
  1.040000e-02  4.825200e-01
  1.010000e-02  1.459595e+01
