  4.934820e+03  0.000000e+00
  4.806990e+03  0.000000e+00
  4.682470e+03  0.000000e+00
  4.561180e+03  0.000000e+00
  4.443030e+03  0.000000e+00
  4.327940e+03  0.000000e+00
  4.215830e+03  0.000000e+00
  4.106630e+03  0.000000e+00
  4.000250e+03  0.000000e+00
  3.896630e+03  0.000000e+00
  3.795700e+03  0.000000e+00
  3.697380e+03  2.921050e-01
  3.601600e+03  0.000000e+00
  3.508310e+03  0.000000e+00
  3.417430e+03  0.000000e+00
  3.328910e+03  0.000000e+00
  3.242680e+03  2.921050e-01
  3.158680e+03  0.000000e+00
  3.076860e+03  0.000000e+00
  2.997160e+03  0.000000e+00
  2.919530e+03  0.000000e+00
  2.843900e+03  0.000000e+00
  2.770230e+03  0.000000e+00
  2.698480e+03  0.000000e+00
  2.628580e+03  2.921050e-01
  2.560490e+03  0.000000e+00
  2.494160e+03  0.000000e+00
  2.429550e+03  0.000000e+00
  2.366620e+03  0.000000e+00
  2.305320e+03  0.000000e+00
  2.245600e+03  0.000000e+00
  2.187430e+03  0.000000e+00
  2.130770e+03  0.000000e+00
  2.075580e+03  0.000000e+00
  2.021810e+03  0.000000e+00
  1.969440e+03  0.000000e+00
  1.918430e+03  2.921050e-01
  1.868730e+03  2.921050e-01
  1.820330e+03  0.000000e+00
  1.773170e+03  5.842100e-01
  1.727240e+03  0.000000e+00
  1.682500e+03  0.000000e+00
  1.638920e+03  2.921050e-01
  1.596470e+03  0.000000e+00
  1.555110e+03  0.000000e+00
  1.514830e+03  0.000000e+00
  1.475590e+03  0.000000e+00
  1.437370e+03  0.000000e+00
  1.400140e+03  5.842100e-01
  1.363870e+03  0.000000e+00
  1.328540e+03  0.000000e+00
  1.294120e+03  2.921050e-01
  1.260600e+03  2.921050e-01
  1.227950e+03  2.921050e-01
  1.196140e+03  1.752610e+00
  1.165160e+03  5.842100e-01
  1.134980e+03  1.168420e+00
  1.105580e+03  2.921050e-01
  1.076940e+03  8.763150e-01
  1.049040e+03  5.842100e-01
  1.021870e+03  0.000000e+00
  9.953980e+02  1.752620e+00
  9.696140e+02  8.763050e-01
  9.444970e+02  1.168410e+00
  9.200320e+02  2.044715e+00
  8.962000e+02  2.044715e+00
  8.729850e+02  2.336820e+00
  8.503720e+02  1.460515e+00
  8.283450e+02  1.168420e+00
  8.068880e+02  4.089455e+00
  7.859870e+02  2.628925e+00
  7.656270e+02  2.336840e+00
  7.457950e+02  3.213135e+00
  7.264760e+02  2.921025e+00
  7.076580e+02  4.381530e+00
  6.893270e+02  4.089450e+00
  6.714710e+02  7.594640e+00
  6.540780e+02  7.302526e+00
  6.371350e+02  9.931510e+00
  6.206310e+02  7.302535e+00
  6.045550e+02  1.460515e+01
  5.888950e+02  1.168405e+01
  5.736410e+02  1.869480e+01
  5.587810e+02  1.781845e+01
  5.443070e+02  1.694215e+01
  5.302080e+02  1.840255e+01
  5.164740e+02  2.103160e+01
  5.030950e+02  1.811050e+01
  4.900630e+02  3.125555e+01
  4.773690e+02  3.680545e+01
  4.650040e+02  3.534500e+01
  4.529580e+02  3.943445e+01
  4.412250e+02  5.491605e+01
  4.297960e+02  5.111865e+01
  4.186630e+02  5.988190e+01
  4.078180e+02  6.952145e+01
  3.972540e+02  7.419495e+01
  3.869640e+02  9.405800e+01
  3.769400e+02  9.668635e+01
  3.671770e+02  1.121690e+02
  3.576650e+02  1.218085e+02
  3.484010e+02  1.378750e+02
  3.393760e+02  1.513120e+02
  3.305850e+02  1.665005e+02
  3.220220e+02  2.068120e+02
  3.136800e+02  2.214170e+02
  3.055550e+02  2.193715e+02
  2.976400e+02  2.710755e+02
  2.899300e+02  3.181045e+02
  2.824200e+02  3.350465e+02
  2.751040e+02  3.882080e+02
  2.679780e+02  4.299810e+02
  2.610370e+02  5.021310e+02
  2.542750e+02  5.760340e+02
  2.476890e+02  6.169300e+02
  2.412730e+02  7.244240e+02
  2.350230e+02  7.793400e+02
  2.289350e+02  8.587920e+02
  2.230050e+02  1.002510e+03
  2.172280e+02  1.137460e+03
  2.116010e+02  1.212540e+03
  2.061200e+02  1.385760e+03
  2.007810e+02  1.575620e+03
  1.955800e+02  1.749135e+03
  1.905140e+02  1.966760e+03
  1.855790e+02  2.209485e+03
  1.807720e+02  2.490225e+03
  1.760890e+02  2.829640e+03
  1.715280e+02  3.117945e+03
  1.670850e+02  3.451830e+03
  1.627570e+02  3.826885e+03
  1.585410e+02  4.213060e+03
  1.544340e+02  4.808365e+03
  1.504340e+02  5.232200e+03
  1.465370e+02  5.748370e+03
  1.427410e+02  6.336080e+03
  1.390440e+02  7.042695e+03
  1.354420e+02  7.657860e+03
  1.319340e+02  8.311305e+03
  1.285160e+02  9.170105e+03
  1.251870e+02  9.946845e+03
  1.219440e+02  1.089850e+04
  1.187850e+02  1.192375e+04
  1.157090e+02  1.297980e+04
  1.127110e+02  1.410290e+04
  1.097920e+02  1.533240e+04
  1.069480e+02  1.660445e+04
  1.041770e+02  1.813605e+04
  1.014790e+02  1.940205e+04
  9.885030e+01  2.107520e+04
  9.628970e+01  2.279835e+04
  9.379550e+01  2.433380e+04
  9.136590e+01  2.616630e+04
  8.899920e+01  2.808625e+04
  8.669380e+01  2.988330e+04
  8.444820e+01  3.204360e+04
  8.226070e+01  3.423115e+04
  8.012980e+01  3.614230e+04
  7.805420e+01  3.846025e+04
  7.603240e+01  4.057915e+04
  7.406290e+01  4.266080e+04
  7.214440e+01  4.470990e+04
  7.027560e+01  4.657090e+04
  6.845520e+01  4.903130e+04
  6.668200e+01  5.056090e+04
  6.495470e+01  5.245095e+04
  6.327220e+01  5.427115e+04
  6.163320e+01  5.588605e+04
  6.003670e+01  5.709280e+04
  5.848160e+01  5.868100e+04
  5.696670e+01  5.978925e+04
  5.549110e+01  6.113155e+04
  5.405370e+01  6.185385e+04
  5.265350e+01  6.283795e+04
  5.128960e+01  6.348060e+04
  4.996100e+01  6.405280e+04
  4.866690e+01  6.433820e+04
  4.740620e+01  6.414510e+04
  4.617830e+01  6.421915e+04
  4.498210e+01  6.402890e+04
  4.381690e+01  6.412955e+04
  4.268190e+01  6.394505e+04
  4.157630e+01  6.403060e+04
  4.049930e+01  6.358015e+04
  3.945030e+01  6.337620e+04
  3.842840e+01  6.294880e+04
  3.743290e+01  6.238220e+04
  3.646330e+01  6.176825e+04
  3.551880e+01  6.106170e+04
  3.459870e+01  5.996275e+04
  3.370250e+01  5.909600e+04
  3.282950e+01  5.828330e+04
  3.197910e+01  5.726115e+04
  3.115070e+01  5.601775e+04
  3.034380e+01  5.487955e+04
  2.955780e+01  5.374590e+04
  2.879220e+01  5.259900e+04
  2.804640e+01  5.123460e+04
  2.731990e+01  5.014270e+04
  2.661220e+01  4.893050e+04
  2.592290e+01  4.749065e+04
  2.525140e+01  4.637775e+04
  2.459730e+01  4.488075e+04
  2.396010e+01  4.382125e+04
  2.333950e+01  4.265165e+04
  2.273490e+01  4.140495e+04
  2.214600e+01  4.044250e+04
  2.157230e+01  3.912010e+04
  2.101350e+01  3.782860e+04
  2.046920e+01  3.676940e+04
  1.993900e+01  3.552680e+04
  1.942250e+01  3.422675e+04
  1.891940e+01  3.320350e+04
  1.842930e+01  3.162810e+04
  1.795200e+01  3.004345e+04
  1.748690e+01  2.867075e+04
  1.703400e+01  2.677350e+04
  1.659270e+01  2.515150e+04
  1.616290e+01  2.352430e+04
  1.574430e+01  2.177275e+04
  1.533640e+01  2.029740e+04
  1.493920e+01  1.881080e+04
  1.455220e+01  1.749625e+04
  1.417520e+01  1.652040e+04
  1.380800e+01  1.551295e+04
  1.345040e+01  1.450690e+04
  1.310200e+01  1.406545e+04
  1.276260e+01  1.344685e+04
  1.243200e+01  1.298355e+04
  1.211000e+01  1.263715e+04
  1.179630e+01  1.235790e+04
  1.149070e+01  1.204965e+04
  1.119310e+01  1.161375e+04
  1.090310e+01  1.126335e+04
  1.062070e+01  1.089940e+04
  1.034560e+01  1.080440e+04
  1.007760e+01  1.041330e+04
  9.816600e+00  1.011365e+04
  9.562300e+00  9.548975e+03
  9.314600e+00  8.644605e+03
  9.073300e+00  7.440240e+03
  8.838300e+00  6.261590e+03
  8.609300e+00  5.212935e+03
  8.386300e+00  4.321420e+03
  8.169100e+00  3.507625e+03
  7.957500e+00  2.924575e+03
  7.751400e+00  2.549205e+03
  7.550600e+00  2.232280e+03
  7.355000e+00  2.020500e+03
  7.164500e+00  1.823035e+03
  6.978900e+00  1.726925e+03
  6.798100e+00  1.609790e+03
  6.622000e+00  1.591980e+03
  6.450500e+00  1.478935e+03
  6.283400e+00  1.445635e+03
  6.120600e+00  1.350115e+03
  5.962100e+00  1.285265e+03
  5.807600e+00  1.278850e+03
  5.657200e+00  1.269790e+03
  5.510700e+00  1.246130e+03
  5.367900e+00  1.239705e+03
  5.228900e+00  1.244955e+03
  5.093400e+00  1.177190e+03
  4.961500e+00  1.145635e+03
  4.833000e+00  1.127825e+03
  4.707800e+00  1.142445e+03
  4.585800e+00  1.062395e+03
  4.467100e+00  1.047490e+03
  4.351300e+00  1.043405e+03
  4.238600e+00  1.003391e+03
  4.128800e+00  1.006310e+03
  4.021900e+00  1.046905e+03
  3.917700e+00  1.001044e+03
  3.816200e+00  9.502285e+02
  3.717400e+00  9.046550e+02
  3.621100e+00  8.903410e+02
  3.527300e+00  8.523670e+02
  3.435900e+00  8.447720e+02
  3.346900e+00  7.962820e+02
  3.260200e+00  6.879110e+02
  3.175800e+00  6.350405e+02
  3.093500e+00  5.287130e+02
  3.013400e+00  4.705835e+02
  2.935300e+00  4.913235e+02
  2.859300e+00  5.217020e+02
  2.785200e+00  5.839205e+02
  2.713100e+00  6.312410e+02
  2.642800e+00  6.435120e+02
  2.574300e+00  6.256915e+02
  2.507600e+00  5.932675e+02
  2.442700e+00  5.611370e+02
  2.379400e+00  5.772020e+02
  2.317800e+00  5.450705e+02
  2.257700e+00  5.415660e+02
  2.199300e+00  5.065115e+02
  2.142300e+00  4.997935e+02
  2.086800e+00  4.802240e+02
  2.032700e+00  4.673695e+02
  1.980100e+00  4.860655e+02
  1.928800e+00  4.445850e+02
  1.878800e+00  4.036910e+02
  1.830200e+00  4.527640e+02
  1.782800e+00  6.639580e+02
  1.736600e+00  4.822675e+02
  1.691600e+00  3.998945e+02
  1.647800e+00  3.566620e+02
  1.605100e+00  3.297895e+02
  1.563500e+00  3.172280e+02
  1.523000e+00  3.061280e+02
  1.483600e+00  2.959045e+02
  1.445100e+00  2.634810e+02
  1.407700e+00  2.652335e+02
  1.371200e+00  2.477085e+02
  1.335700e+00  2.658175e+02
  1.301100e+00  2.339770e+02
  1.267400e+00  1.951265e+02
  1.234600e+00  2.184950e+02
  1.202600e+00  2.380660e+02
  1.171500e+00  2.202485e+02
  1.141100e+00  2.278435e+02
  1.111600e+00  1.720510e+02
  1.082800e+00  1.454695e+02
  1.054700e+00  2.111930e+02
  1.027400e+00  1.822740e+02
  1.000800e+00  1.355370e+02
  9.749000e-01  1.954195e+02
  9.496000e-01  1.454695e+02
  9.250000e-01  1.460535e+02
  9.010000e-01  1.603655e+02
  8.777000e-01  1.729285e+02
  8.550000e-01  1.711740e+02
  8.328000e-01  1.866560e+02
  8.113000e-01  1.965885e+02
  7.902000e-01  2.100245e+02
  7.698000e-01  2.398200e+02
  7.498000e-01  2.386515e+02
  7.304000e-01  2.500430e+02
  7.115000e-01  2.763325e+02
  6.931000e-01  5.570475e+02
  6.751000e-01  4.142070e+03
  6.576000e-01  2.952035e+03
  6.406000e-01  9.573205e+03
  6.240000e-01  3.016890e+03
  6.078000e-01  4.530565e+02
  5.921000e-01  4.150835e+02
  5.767000e-01  4.206320e+02
  5.618000e-01  4.551025e+02
  5.472000e-01  4.717530e+02
  5.331000e-01  5.494515e+02
  5.193000e-01  5.389360e+02
  5.058000e-01  5.526645e+02
  4.927000e-01  1.055670e+03
  4.799000e-01  1.068535e+03
  4.675000e-01  7.101110e+02
  4.554000e-01  6.037850e+02
  4.436000e-01  1.277665e+03
  4.321000e-01  1.336975e+03
  4.209000e-01  1.172235e+03
  4.100000e-01  7.644435e+02
  3.994000e-01  1.447385e+03
  3.891000e-01  2.295080e+03
  3.790000e-01  2.231395e+03
  3.692000e-01  7.054380e+02
  3.596000e-01  5.780790e+02
  3.503000e-01  5.897635e+02
  3.412000e-01  5.503280e+02
  3.324000e-01  6.245240e+02
  3.238000e-01  5.062215e+02
  3.154000e-01  4.016460e+02
  3.072000e-01  7.442880e+02
  2.992000e-01  9.359055e+02
  2.915000e-01  9.826470e+02
  2.839000e-01  8.789465e+02
  2.766000e-01  4.042750e+02
  2.694000e-01  8.678465e+02
  2.624000e-01  1.930825e+03
  2.556000e-01  2.297425e+03
  2.490000e-01  8.088425e+02
  2.426000e-01  6.458475e+02
  2.363000e-01  7.574330e+02
  2.302000e-01  5.795385e+02
  2.242000e-01  4.133300e+02
  2.184000e-01  4.130395e+02
  2.127000e-01  4.959970e+02
  2.072000e-01  4.515965e+02
  2.019000e-01  4.843110e+02
  1.966000e-01  6.464315e+02
  1.915000e-01  7.530495e+02
  1.866000e-01  8.345485e+02
  1.817000e-01  5.257915e+02
  1.770000e-01  4.355310e+02
  1.725000e-01  4.816840e+02
  1.680000e-01  6.730130e+02
  1.636000e-01  7.390290e+02
  1.594000e-01  7.697025e+02
  1.553000e-01  8.874205e+02
  1.512000e-01  9.029015e+02
  1.473000e-01  8.926755e+02
  1.435000e-01  1.602205e+03
  1.398000e-01  1.161995e+03
  1.362000e-01  1.111460e+03
  1.326000e-01  1.118475e+03
  1.292000e-01  1.030552e+03
  1.259000e-01  1.106795e+03
  1.226000e-01  1.396855e+03
  1.194000e-01  1.340190e+03
  1.163000e-01  1.247295e+03
  1.133000e-01  1.262480e+03
  1.104000e-01  1.320325e+03
  1.075000e-01  1.355075e+03
  1.047000e-01  1.386045e+03
  1.020000e-01  1.392765e+03
  9.940000e-02  1.418470e+03
  9.680000e-02  1.802295e+03
  9.430000e-02  1.581165e+03
  9.190000e-02  1.512235e+03
  8.950000e-02  1.574150e+03
  8.720000e-02  1.563050e+03
  8.490000e-02  1.524215e+03
  8.270000e-02  1.549625e+03
  8.060000e-02  1.513405e+03
  7.850000e-02  1.534140e+03
  7.640000e-02  1.543480e+03
  7.450000e-02  1.506400e+03
  7.250000e-02  1.495585e+03
  7.070000e-02  1.549910e+03
  6.880000e-02  1.489450e+03
  6.700000e-02  1.425765e+03
  6.530000e-02  1.391010e+03
  6.360000e-02  1.361500e+03
  6.200000e-02  1.316540e+03
  6.040000e-02  1.241455e+03
  5.880000e-02  1.186535e+03
  5.730000e-02  1.128405e+03
  5.580000e-02  1.045455e+03
  5.430000e-02  9.551875e+02
  5.290000e-02  8.809930e+02
  5.160000e-02  7.895640e+02
  5.020000e-02  7.290980e+02
  4.890000e-02  6.849905e+02
  4.770000e-02  6.627895e+02
  4.640000e-02  5.906390e+02
  4.520000e-02  5.620125e+02
  4.410000e-02  4.962880e+02
  4.290000e-02  4.577305e+02
  4.180000e-02  4.308570e+02
  4.070000e-02  4.071955e+02
  3.970000e-02  3.516960e+02
  3.860000e-02  3.195655e+02
  3.760000e-02  2.865570e+02
  3.670000e-02  2.658165e+02
  3.570000e-02  2.220020e+02
  3.480000e-02  2.030155e+02
  3.390000e-02  1.708815e+02
  3.300000e-02  1.478060e+02
  3.220000e-02  1.276515e+02
  3.130000e-02  1.045730e+02
  3.050000e-02  9.610350e+01
  2.970000e-02  7.916055e+01
  2.890000e-02  7.273445e+01
  2.820000e-02  5.725285e+01
  2.750000e-02  5.199505e+01
  2.680000e-02  4.527655e+01
  2.610000e-02  3.709755e+01
  2.540000e-02  2.658180e+01
  2.470000e-02  2.512115e+01
  2.410000e-02  1.752640e+01
  2.350000e-02  1.723425e+01
  2.290000e-02  1.489740e+01
  2.230000e-02  1.168420e+01
  2.170000e-02  8.178915e+00
  2.110000e-02  7.010445e+00
  2.060000e-02  7.886785e+00
  2.000000e-02  5.549945e+00
  1.950000e-02  4.965725e+00
  1.900000e-02  4.965755e+00
  1.850000e-02  2.921030e+00
  1.800000e-02  3.797335e+00
  1.760000e-02  3.213130e+00
  1.710000e-02  2.628945e+00
  1.670000e-02  1.168420e+00
  1.630000e-02  2.628925e+00
  1.580000e-02  1.460525e+00
  1.540000e-02  1.460525e+00
  1.500000e-02  5.842100e-01
  1.460000e-02  1.460505e+00
  1.430000e-02  1.460515e+00
  1.390000e-02  1.168420e+00
  1.350000e-02  2.044715e+00
  1.320000e-02  1.752610e+00
  1.280000e-02  1.752610e+00
  1.250000e-02  8.763050e-01
  1.220000e-02  2.921050e-01
  1.190000e-02  5.842100e-01
  1.160000e-02  2.921050e-01
  1.130000e-02  5.842100e-01
  1.100000e-02  8.237415e+01
  1.070000e-02  1.145055e+02
  1.040000e-02  9.873085e+01
  1.010000e-02  8.365925e+02
