  4.934820e+03  0.000000e+00
  4.806990e+03  0.000000e+00
  4.682470e+03  0.000000e+00
  4.561180e+03  0.000000e+00
  4.443030e+03  0.000000e+00
  4.327940e+03  0.000000e+00
  4.215830e+03  0.000000e+00
  4.106630e+03  0.000000e+00
  4.000250e+03  0.000000e+00
  3.896630e+03  0.000000e+00
  3.795700e+03  0.000000e+00
  3.697380e+03  8.802500e-02
  3.601600e+03  0.000000e+00
  3.508310e+03  8.802500e-02
  3.417430e+03  0.000000e+00
  3.328910e+03  0.000000e+00
  3.242680e+03  0.000000e+00
  3.158680e+03  0.000000e+00
  3.076860e+03  0.000000e+00
  2.997160e+03  0.000000e+00
  2.919530e+03  8.802500e-02
  2.843900e+03  0.000000e+00
  2.770230e+03  0.000000e+00
  2.698480e+03  0.000000e+00
  2.628580e+03  0.000000e+00
  2.560490e+03  8.802500e-02
  2.494160e+03  0.000000e+00
  2.429550e+03  0.000000e+00
  2.366620e+03  1.760500e-01
  2.305320e+03  8.802500e-02
  2.245600e+03  8.802500e-02
  2.187430e+03  8.802500e-02
  2.130770e+03  8.802500e-02
  2.075580e+03  1.760500e-01
  2.021810e+03  8.802500e-02
  1.969440e+03  0.000000e+00
  1.918430e+03  0.000000e+00
  1.868730e+03  1.760500e-01
  1.820330e+03  8.802500e-02
  1.773170e+03  8.802500e-02
  1.727240e+03  8.802500e-02
  1.682500e+03  8.802500e-02
  1.638920e+03  8.802500e-02
  1.596470e+03  1.760500e-01
  1.555110e+03  7.922300e-01
  1.514830e+03  4.401300e-01
  1.475590e+03  4.401250e-01
  1.437370e+03  8.802500e-02
  1.400140e+03  1.760500e-01
  1.363870e+03  7.922350e-01
  1.328540e+03  6.161751e-01
  1.294120e+03  3.521000e-01
  1.260600e+03  6.161751e-01
  1.227950e+03  9.682850e-01
  1.196140e+03  8.802600e-01
  1.165160e+03  1.144340e+00
  1.134980e+03  1.144345e+00
  1.105580e+03  1.408430e+00
  1.076940e+03  9.682850e-01
  1.049040e+03  8.802600e-01
  1.021870e+03  1.408420e+00
  9.953980e+02  2.376710e+00
  9.696140e+02  2.288700e+00
  9.444970e+02  2.024605e+00
  9.200320e+02  2.816860e+00
  8.962000e+02  3.697130e+00
  8.729850e+02  3.168955e+00
  8.503720e+02  3.609125e+00
  8.283450e+02  3.521070e+00
  8.068880e+02  4.489380e+00
  7.859870e+02  3.961185e+00
  7.656270e+02  7.306200e+00
  7.457950e+02  6.337915e+00
  7.264760e+02  7.570305e+00
  7.076580e+02  6.778070e+00
  6.893270e+02  1.029915e+01
  6.714710e+02  1.161955e+01
  6.540780e+02  1.144350e+01
  6.371350e+02  1.461240e+01
  6.206310e+02  1.487655e+01
  6.045550e+02  1.760545e+01
  5.888950e+02  2.244690e+01
  5.736410e+02  2.262310e+01
  5.587810e+02  2.438345e+01
  5.443070e+02  2.816870e+01
  5.302080e+02  3.609100e+01
  5.164740e+02  3.732350e+01
  5.030950e+02  3.802765e+01
  4.900630e+02  4.665435e+01
  4.773690e+02  5.343250e+01
  4.650040e+02  6.205920e+01
  4.529580e+02  6.381970e+01
  4.412250e+02  7.596735e+01
  4.297960e+02  8.230520e+01
  4.186630e+02  9.348390e+01
  4.078180e+02  1.079210e+02
  3.972540e+02  1.231500e+02
  3.869640e+02  1.330965e+02
  3.769400e+02  1.497335e+02
  3.671770e+02  1.786945e+02
  3.576650e+02  1.920750e+02
  3.484010e+02  2.196280e+02
  3.393760e+02  2.485890e+02
  3.305850e+02  2.793985e+02
  3.220220e+02  3.167225e+02
  3.136800e+02  3.556285e+02
  3.055550e+02  3.953305e+02
  2.976400e+02  4.471775e+02
  2.899300e+02  4.966485e+02
  2.824200e+02  5.683905e+02
  2.751040e+02  6.330024e+02
  2.679780e+02  7.134600e+02
  2.610370e+02  8.091455e+02
  2.542750e+02  8.984905e+02
  2.476890e+02  1.005365e+03
  2.412730e+02  1.121120e+03
  2.350230e+02  1.256850e+03
  2.289350e+02  1.425955e+03
  2.230050e+02  1.587660e+03
  2.172280e+02  1.769785e+03
  2.116010e+02  1.988270e+03
  2.061200e+02  2.220405e+03
  2.007810e+02  2.516690e+03
  1.955800e+02  2.776285e+03
  1.905140e+02  3.096625e+03
  1.855790e+02  3.474785e+03
  1.807720e+02  3.858760e+03
  1.760890e+02  4.310685e+03
  1.715280e+02  4.812630e+03
  1.670850e+02  5.349060e+03
  1.627570e+02  5.904050e+03
  1.585410e+02  6.516820e+03
  1.544340e+02  7.139620e+03
  1.504340e+02  7.854215e+03
  1.465370e+02  8.587400e+03
  1.427410e+02  9.381750e+03
  1.390440e+02  1.031045e+04
  1.354420e+02  1.126205e+04
  1.319340e+02  1.223390e+04
  1.285160e+02  1.324920e+04
  1.251870e+02  1.439180e+04
  1.219440e+02  1.562300e+04
  1.187850e+02  1.678400e+04
  1.157090e+02  1.825705e+04
  1.127110e+02  1.969805e+04
  1.097920e+02  2.125670e+04
  1.069480e+02  2.281265e+04
  1.041770e+02  2.438165e+04
  1.014790e+02  2.616880e+04
  9.885030e+01  2.793855e+04
  9.628970e+01  2.972625e+04
  9.379550e+01  3.156970e+04
  9.136590e+01  3.350225e+04
  8.899920e+01  3.545380e+04
  8.669380e+01  3.756460e+04
  8.444820e+01  3.937825e+04
  8.226070e+01  4.123765e+04
  8.012980e+01  4.326295e+04
  7.805420e+01  4.502740e+04
  7.603240e+01  4.656505e+04
  7.406290e+01  4.816800e+04
  7.214440e+01  4.949240e+04
  7.027560e+01  5.100110e+04
  6.845520e+01  5.199010e+04
  6.668200e+01  5.288705e+04
  6.495470e+01  5.353505e+04
  6.327220e+01  5.427265e+04
  6.163320e+01  5.494565e+04
  6.003670e+01  5.505565e+04
  5.848160e+01  5.557990e+04
  5.696670e+01  5.584980e+04
  5.549110e+01  5.610420e+04
  5.405370e+01  5.548020e+04
  5.265350e+01  5.450125e+04
  5.128960e+01  5.377045e+04
  4.996100e+01  5.253820e+04
  4.866690e+01  5.078425e+04
  4.740620e+01  4.928225e+04
  4.617830e+01  4.729570e+04
  4.498210e+01  4.525650e+04
  4.381690e+01  4.439890e+04
  4.268190e+01  4.316770e+04
  4.157630e+01  4.186750e+04
  4.049930e+01  4.034835e+04
  3.945030e+01  3.907915e+04
  3.842840e+01  3.777100e+04
  3.743290e+01  3.660055e+04
  3.646330e+01  3.510560e+04
  3.551880e+01  3.380210e+04
  3.459870e+01  3.216540e+04
  3.370250e+01  3.047985e+04
  3.282950e+01  2.887230e+04
  3.197910e+01  2.713875e+04
  3.115070e+01  2.553755e+04
  3.034380e+01  2.391115e+04
  2.955780e+01  2.220690e+04
  2.879220e+01  2.056090e+04
  2.804640e+01  1.909195e+04
  2.731990e+01  1.756890e+04
  2.661220e+01  1.607460e+04
  2.592290e+01  1.469380e+04
  2.525140e+01  1.337290e+04
  2.459730e+01  1.217550e+04
  2.396010e+01  1.096260e+04
  2.333950e+01  9.967460e+03
  2.273490e+01  8.958340e+03
  2.214600e+01  8.013640e+03
  2.157230e+01  7.147355e+03
  2.101350e+01  6.394035e+03
  2.046920e+01  5.711380e+03
  1.993900e+01  5.103370e+03
  1.942250e+01  4.554610e+03
  1.891940e+01  4.052430e+03
  1.842930e+01  3.620730e+03
  1.795200e+01  3.221445e+03
  1.748690e+01  2.870120e+03
  1.703400e+01  2.557640e+03
  1.659270e+01  2.279460e+03
  1.616290e+01  1.999445e+03
  1.574430e+01  1.789235e+03
  1.533640e+01  1.594885e+03
  1.493920e+01  1.387220e+03
  1.455220e+01  1.230010e+03
  1.417520e+01  1.039605e+03
  1.380800e+01  8.854640e+02
  1.345040e+01  7.343215e+02
  1.310200e+01  6.223510e+02
  1.276260e+01  5.096760e+02
  1.243200e+01  4.425120e+02
  1.211000e+01  3.850305e+02
  1.179630e+01  3.340635e+02
  1.149070e+01  2.790460e+02
  1.119310e+01  2.434825e+02
  1.090310e+01  2.139060e+02
  1.062070e+01  1.907555e+02
  1.034560e+01  1.646095e+02
  1.007760e+01  1.441895e+02
  9.816600e+00  1.257025e+02
  9.562300e+00  1.056320e+02
  9.314600e+00  9.075584e+01
  9.073300e+00  6.804495e+01
  8.838300e+00  5.994645e+01
  8.609300e+00  5.026340e+01
  8.386300e+00  4.894300e+01
  8.169100e+00  4.542205e+01
  7.957500e+00  5.272820e+01
  7.751400e+00  5.941830e+01
  7.550600e+00  6.962950e+01
  7.355000e+00  6.425980e+01
  7.164500e+00  6.971745e+01
  6.978900e+00  6.945320e+01
  6.798100e+00  6.971741e+01
  6.622000e+00  6.742880e+01
  6.450500e+00  7.394275e+01
  6.283400e+00  6.654860e+01
  6.120600e+00  6.487605e+01
  5.962100e+00  6.980540e+01
  5.807600e+00  7.103780e+01
  5.657200e+00  7.147795e+01
  5.510700e+00  7.473485e+01
  5.367900e+00  8.503405e+01
  5.228900e+00  7.658350e+01
  5.093400e+00  7.649555e+01
  4.961500e+00  8.089685e+01
  4.833000e+00  7.464700e+01
  4.707800e+00  7.376680e+01
  4.585800e+00  7.385480e+01
  4.467100e+00  7.218215e+01
  4.351300e+00  7.288630e+01
  4.238600e+00  7.200591e+01
  4.128800e+00  7.957625e+01
  4.021900e+00  7.869620e+01
  3.917700e+00  7.499895e+01
  3.816200e+00  7.772790e+01
  3.717400e+00  7.323856e+01
  3.621100e+00  6.769295e+01
  3.527300e+00  7.429485e+01
  3.435900e+00  7.447080e+01
  3.346900e+00  6.945330e+01
  3.260200e+00  6.205915e+01
  3.175800e+00  5.492900e+01
  3.093500e+00  4.348545e+01
  3.013400e+00  3.723545e+01
  2.935300e+00  3.970015e+01
  2.859300e+00  4.850300e+01
  2.785200e+00  5.193610e+01
  2.713100e+00  6.117880e+01
  2.642800e+00  6.029865e+01
  2.574300e+00  5.959445e+01
  2.507600e+00  5.607325e+01
  2.442700e+00  5.730560e+01
  2.379400e+00  5.158385e+01
  2.317800e+00  5.360845e+01
  2.257700e+00  4.779875e+01
  2.199300e+00  5.352050e+01
  2.142300e+00  4.806275e+01
  2.086800e+00  4.718255e+01
  2.032700e+00  4.577400e+01
  1.980100e+00  4.242895e+01
  1.928800e+00  3.970020e+01
  1.878800e+00  3.741165e+01
  1.830200e+00  3.926015e+01
  1.782800e+00  4.022830e+01
  1.736600e+00  3.917195e+01
  1.691600e+00  3.345025e+01
  1.647800e+00  3.371440e+01
  1.605100e+00  3.045735e+01
  1.563500e+00  2.984110e+01
  1.523000e+00  2.684825e+01
  1.483600e+00  2.596800e+01
  1.445100e+00  2.367935e+01
  1.407700e+00  2.482365e+01
  1.371200e+00  2.139070e+01
  1.335700e+00  1.945405e+01
  1.301100e+00  2.112655e+01
  1.267400e+00  1.963010e+01
  1.234600e+00  1.963015e+01
  1.202600e+00  1.778155e+01
  1.171500e+00  1.813360e+01
  1.141100e+00  1.531665e+01
  1.111600e+00  1.637295e+01
  1.082800e+00  1.698915e+01
  1.054700e+00  2.068640e+01
  1.027400e+00  1.610900e+01
  1.000800e+00  1.778150e+01
  9.749000e-01  1.593290e+01
  9.496000e-01  1.707730e+01
  9.250000e-01  1.971805e+01
  9.010000e-01  1.945395e+01
  8.777000e-01  2.033435e+01
  8.550000e-01  2.350325e+01
  8.328000e-01  1.866180e+01
  8.113000e-01  2.473565e+01
  7.902000e-01  2.491175e+01
  7.698000e-01  2.755250e+01
  7.498000e-01  3.054545e+01
  7.304000e-01  3.116165e+01
  7.115000e-01  3.142580e+01
  6.931000e-01  3.644335e+01
  6.751000e-01  6.619646e+01
  6.576000e-01  9.665305e+01
  6.406000e-01  1.198935e+02
  6.240000e-01  5.114375e+01
  6.078000e-01  5.079175e+01
  5.921000e-01  5.149590e+01
  5.767000e-01  4.700650e+01
  5.618000e-01  5.052760e+01
  5.472000e-01  5.580920e+01
  5.331000e-01  7.262235e+01
  5.193000e-01  8.521005e+01
  5.058000e-01  8.644215e+01
  4.927000e-01  7.024545e+01
  4.799000e-01  6.522810e+01
  4.675000e-01  7.068585e+01
  4.554000e-01  7.235830e+01
  4.436000e-01  8.397765e+01
  4.321000e-01  7.631950e+01
  4.209000e-01  8.609045e+01
  4.100000e-01  8.485780e+01
  3.994000e-01  1.193660e+02
  3.891000e-01  1.354730e+02
  3.790000e-01  1.267585e+02
  3.692000e-01  1.036080e+02
  3.596000e-01  1.087130e+02
  3.503000e-01  1.167240e+02
  3.412000e-01  1.133790e+02
  3.324000e-01  1.140830e+02
  3.238000e-01  1.154915e+02
  3.154000e-01  1.424270e+02
  3.072000e-01  1.521995e+02
  2.992000e-01  1.840650e+02
  2.915000e-01  2.358235e+02
  2.839000e-01  2.650500e+02
  2.766000e-01  2.100325e+02
  2.694000e-01  2.658425e+02
  2.624000e-01  2.449795e+02
  2.556000e-01  2.598555e+02
  2.490000e-01  2.085355e+02
  2.426000e-01  1.892575e+02
  2.363000e-01  1.877625e+02
  2.302000e-01  1.718285e+02
  2.242000e-01  1.443645e+02
  2.184000e-01  1.474450e+02
  2.127000e-01  1.390820e+02
  2.072000e-01  1.305445e+02
  2.019000e-01  1.281665e+02
  1.966000e-01  1.259665e+02
  1.915000e-01  1.176040e+02
  1.866000e-01  1.092425e+02
  1.817000e-01  9.982325e+01
  1.770000e-01  1.025519e+02
  1.725000e-01  8.996315e+01
  1.680000e-01  9.269270e+01
  1.636000e-01  8.353725e+01
  1.594000e-01  8.036870e+01
  1.553000e-01  7.658365e+01
  1.512000e-01  6.813300e+01
  1.473000e-01  7.191805e+01
  1.435000e-01  6.989350e+01
  1.398000e-01  6.663655e+01
  1.362000e-01  5.836180e+01
  1.326000e-01  5.387255e+01
  1.292000e-01  5.959440e+01
  1.259000e-01  5.167200e+01
  1.226000e-01  4.991135e+01
  1.194000e-01  4.735845e+01
  1.163000e-01  4.471775e+01
  1.133000e-01  4.146080e+01
  1.104000e-01  3.873190e+01
  1.075000e-01  3.230600e+01
  1.047000e-01  3.028140e+01
  1.020000e-01  2.711245e+01
  9.940000e-02  2.420745e+01
  9.680000e-02  2.350330e+01
  9.430000e-02  2.068645e+01
  9.190000e-02  1.883780e+01
  8.950000e-02  1.470050e+01
  8.720000e-02  1.276375e+01
  8.490000e-02  1.197165e+01
  8.270000e-02  1.021103e+01
  8.060000e-02  8.186501e+00
  7.850000e-02  7.482305e+00
  7.640000e-02  6.161910e+00
  7.450000e-02  5.017515e+00
  7.250000e-02  4.049235e+00
  7.070000e-02  3.256995e+00
  6.880000e-02  2.992895e+00
  6.700000e-02  3.345020e+00
  6.530000e-02  2.552780e+00
  6.360000e-02  1.848550e+00
  6.200000e-02  2.112640e+00
  6.040000e-02  1.320395e+00
  5.880000e-02  1.408420e+00
  5.730000e-02  7.042050e-01
  5.580000e-02  9.682850e-01
  5.430000e-02  1.232360e+00
  5.290000e-02  1.144340e+00
  5.160000e-02  7.042100e-01
  5.020000e-02  7.042050e-01
  4.890000e-02  5.281500e-01
  4.770000e-02  7.922350e-01
  4.640000e-02  6.161800e-01
  4.520000e-02  7.922300e-01
  4.410000e-02  7.922350e-01
  4.290000e-02  6.161800e-01
  4.180000e-02  8.802550e-01
  4.070000e-02  3.521000e-01
  3.970000e-02  2.640750e-01
  3.860000e-02  7.042100e-01
  3.760000e-02  2.640750e-01
  3.670000e-02  3.521000e-01
  3.570000e-02  7.042050e-01
  3.480000e-02  7.922350e-01
  3.390000e-02  3.521050e-01
  3.300000e-02  7.042100e-01
  3.220000e-02  7.042050e-01
  3.130000e-02  8.802550e-01
  3.050000e-02  3.521000e-01
  2.970000e-02  2.640800e-01
  2.890000e-02  7.042050e-01
  2.820000e-02  8.802550e-01
  2.750000e-02  2.640750e-01
  2.680000e-02  3.521000e-01
  2.610000e-02  3.521000e-01
  2.540000e-02  7.042050e-01
  2.470000e-02  5.281550e-01
  2.410000e-02  4.401250e-01
  2.350000e-02  2.640750e-01
  2.290000e-02  2.640750e-01
  2.230000e-02  5.281500e-01
  2.170000e-02  7.042150e-01
  2.110000e-02  3.521000e-01
  2.060000e-02  1.056305e+00
  2.000000e-02  5.281500e-01
  1.950000e-02  1.760500e-01
  1.900000e-02  2.640750e-01
  1.850000e-02  2.640750e-01
  1.800000e-02  2.640800e-01
  1.760000e-02  1.760500e-01
  1.710000e-02  2.640750e-01
  1.670000e-02  2.640750e-01
  1.630000e-02  8.802500e-02
  1.580000e-02  8.802500e-02
  1.540000e-02  3.521000e-01
  1.500000e-02  1.760500e-01
  1.460000e-02  8.802500e-02
  1.430000e-02  2.640750e-01
  1.390000e-02  8.802500e-02
  1.350000e-02  0.000000e+00
  1.320000e-02  8.802500e-02
  1.280000e-02  8.802500e-02
  1.250000e-02  8.802500e-02
  1.220000e-02  8.802500e-02
  1.190000e-02  0.000000e+00
  1.160000e-02  0.000000e+00
  1.130000e-02  0.000000e+00
  1.100000e-02  8.098434e+00
  1.070000e-02  1.056320e+01
  1.040000e-02  1.047520e+01
  1.010000e-02  4.551000e+01
