  4.934820e+03  0.000000e+00
  4.806990e+03  0.000000e+00
  4.682470e+03  0.000000e+00
  4.561180e+03  0.000000e+00
  4.443030e+03  0.000000e+00
  4.327940e+03  0.000000e+00
  4.215830e+03  0.000000e+00
  4.106630e+03  0.000000e+00
  4.000250e+03  0.000000e+00
  3.896630e+03  0.000000e+00
  3.795700e+03  5.691500e-02
  3.697380e+03  0.000000e+00
  3.601600e+03  0.000000e+00
  3.508310e+03  0.000000e+00
  3.417430e+03  0.000000e+00
  3.328910e+03  0.000000e+00
  3.242680e+03  0.000000e+00
  3.158680e+03  0.000000e+00
  3.076860e+03  0.000000e+00
  2.997160e+03  5.691500e-02
  2.919530e+03  0.000000e+00
  2.843900e+03  0.000000e+00
  2.770230e+03  5.691500e-02
  2.698480e+03  0.000000e+00
  2.628580e+03  0.000000e+00
  2.560490e+03  0.000000e+00
  2.494160e+03  0.000000e+00
  2.429550e+03  0.000000e+00
  2.366620e+03  5.691500e-02
  2.305320e+03  0.000000e+00
  2.245600e+03  5.691500e-02
  2.187430e+03  0.000000e+00
  2.130770e+03  0.000000e+00
  2.075580e+03  5.691500e-02
  2.021810e+03  5.691500e-02
  1.969440e+03  0.000000e+00
  1.918430e+03  5.691500e-02
  1.868730e+03  1.138300e-01
  1.820330e+03  0.000000e+00
  1.773170e+03  1.707400e-01
  1.727240e+03  1.138300e-01
  1.682500e+03  0.000000e+00
  1.638920e+03  1.138250e-01
  1.596470e+03  5.691500e-02
  1.555110e+03  0.000000e+00
  1.514830e+03  5.691500e-02
  1.475590e+03  0.000000e+00
  1.437370e+03  2.276600e-01
  1.400140e+03  5.691500e-02
  1.363870e+03  0.000000e+00
  1.328540e+03  2.276600e-01
  1.294120e+03  1.138300e-01
  1.260600e+03  5.691500e-02
  1.227950e+03  2.276600e-01
  1.196140e+03  1.138300e-01
  1.165160e+03  1.138300e-01
  1.134980e+03  1.138300e-01
  1.105580e+03  4.553150e-01
  1.076940e+03  2.845750e-01
  1.049040e+03  3.984000e-01
  1.021870e+03  3.984000e-01
  9.953980e+02  2.276600e-01
  9.696140e+02  3.414900e-01
  9.444970e+02  3.984050e-01
  9.200320e+02  2.276600e-01
  8.962000e+02  3.983950e-01
  8.729850e+02  4.553100e-01
  8.503720e+02  6.260600e-01
  8.283450e+02  3.984000e-01
  8.068880e+02  5.691400e-01
  7.859870e+02  8.537150e-01
  7.656270e+02  1.024450e+00
  7.457950e+02  1.081365e+00
  7.264760e+02  1.309015e+00
  7.076580e+02  1.024445e+00
  6.893270e+02  1.764310e+00
  6.714710e+02  1.536670e+00
  6.540780e+02  1.878150e+00
  6.371350e+02  1.422835e+00
  6.206310e+02  2.333440e+00
  6.045550e+02  3.187130e+00
  5.888950e+02  2.618015e+00
  5.736410e+02  3.585520e+00
  5.587810e+02  3.642440e+00
  5.443070e+02  4.325395e+00
  5.302080e+02  4.666870e+00
  5.164740e+02  4.837590e+00
  5.030950e+02  5.805130e+00
  4.900630e+02  5.918975e+00
  4.773690e+02  7.284805e+00
  4.650040e+02  7.626335e+00
  4.529580e+02  8.593835e+00
  4.412250e+02  8.935350e+00
  4.297960e+02  1.098430e+01
  4.186630e+02  1.274855e+01
  4.078180e+02  1.343140e+01
  3.972540e+02  1.388675e+01
  3.869640e+02  1.690315e+01
  3.769400e+02  1.957805e+01
  3.671770e+02  2.145615e+01
  3.576650e+02  2.515555e+01
  3.484010e+02  2.845670e+01
  3.393760e+02  3.198515e+01
  3.305850e+02  3.073310e+01
  3.220220e+02  3.750565e+01
  3.136800e+02  3.841615e+01
  3.055550e+02  4.507510e+01
  2.976400e+02  5.002660e+01
  2.899300e+02  5.554715e+01
  2.824200e+02  6.146600e+01
  2.751040e+02  6.647450e+01
  2.679780e+02  7.398700e+01
  2.610370e+02  8.337780e+01
  2.542750e+02  9.151580e+01
  2.476890e+02  1.050045e+02
  2.412730e+02  1.186635e+02
  2.350230e+02  1.259480e+02
  2.289350e+02  1.410315e+02
  2.230050e+02  1.587295e+02
  2.172280e+02  1.761465e+02
  2.116010e+02  1.927640e+02
  2.061200e+02  2.088710e+02
  2.007810e+02  2.383515e+02
  1.955800e+02  2.564505e+02
  1.905140e+02  2.866145e+02
  1.855790e+02  3.245755e+02
  1.807720e+02  3.454050e+02
  1.760890e+02  3.911060e+02
  1.715280e+02  4.220675e+02
  1.670850e+02  4.598005e+02
  1.627570e+02  4.948020e+02
  1.585410e+02  5.497805e+02
  1.544340e+02  5.991245e+02
  1.504340e+02  6.560935e+02
  1.465370e+02  6.867140e+02
  1.427410e+02  7.556345e+02
  1.390440e+02  8.066870e+02
  1.354420e+02  8.755520e+02
  1.319340e+02  9.362200e+02
  1.285160e+02  9.949565e+02
  1.251870e+02  1.068030e+03
  1.219440e+02  1.149070e+03
  1.187850e+02  1.219550e+03
  1.157090e+02  1.289935e+03
  1.127110e+02  1.403640e+03
  1.097920e+02  1.491180e+03
  1.069480e+02  1.573880e+03
  1.041770e+02  1.676830e+03
  1.014790e+02  1.790320e+03
  9.885030e+01  1.897315e+03
  9.628970e+01  2.010165e+03
  9.379550e+01  2.130545e+03
  9.136590e+01  2.264405e+03
  8.899920e+01  2.394450e+03
  8.669380e+01  2.535405e+03
  8.444820e+01  2.677530e+03
  8.226070e+01  2.820050e+03
  8.012980e+01  2.986225e+03
  7.805420e+01  3.140510e+03
  7.603240e+01  3.290710e+03
  7.406290e+01  3.485915e+03
  7.214440e+01  3.668330e+03
  7.027560e+01  3.839880e+03
  6.845520e+01  4.030295e+03
  6.668200e+01  4.244920e+03
  6.495470e+01  4.419865e+03
  6.327220e+01  4.554750e+03
  6.163320e+01  4.706310e+03
  6.003670e+01  4.803975e+03
  5.848160e+01  4.906550e+03
  5.696670e+01  4.993210e+03
  5.549110e+01  5.045515e+03
  5.405370e+01  5.179780e+03
  5.265350e+01  5.348180e+03
  5.128960e+01  5.519545e+03
  4.996100e+01  5.672065e+03
  4.866690e+01  5.827505e+03
  4.740620e+01  6.010195e+03
  4.617830e+01  6.156515e+03
  4.498210e+01  6.238635e+03
  4.381690e+01  6.248945e+03
  4.268190e+01  6.233635e+03
  4.157630e+01  6.177005e+03
  4.049930e+01  6.108475e+03
  3.945030e+01  6.050550e+03
  3.842840e+01  5.910080e+03
  3.743290e+01  5.824875e+03
  3.646330e+01  5.744745e+03
  3.551880e+01  5.621195e+03
  3.459870e+01  5.504575e+03
  3.370250e+01  5.437370e+03
  3.282950e+01  5.363715e+03
  3.197910e+01  5.238620e+03
  3.115070e+01  5.155805e+03
  3.034380e+01  5.055640e+03
  2.955780e+01  4.973445e+03
  2.879220e+01  4.895310e+03
  2.804640e+01  4.812790e+03
  2.731990e+01  4.688500e+03
  2.661220e+01  4.582300e+03
  2.592290e+01  4.504500e+03
  2.525140e+01  4.389485e+03
  2.459730e+01  4.263135e+03
  2.396010e+01  4.128355e+03
  2.333950e+01  4.023525e+03
  2.273490e+01  3.878400e+03
  2.214600e+01  3.791380e+03
  2.157230e+01  3.639415e+03
  2.101350e+01  3.502825e+03
  2.046920e+01  3.345865e+03
  1.993900e+01  3.201595e+03
  1.942250e+01  3.035230e+03
  1.891940e+01  2.890510e+03
  1.842930e+01  2.759205e+03
  1.795200e+01  2.619080e+03
  1.748690e+01  2.527155e+03
  1.703400e+01  2.399460e+03
  1.659270e+01  2.335880e+03
  1.616290e+01  2.201965e+03
  1.574430e+01  2.083575e+03
  1.533640e+01  1.982905e+03
  1.493920e+01  1.897935e+03
  1.455220e+01  1.794135e+03
  1.417520e+01  1.656445e+03
  1.380800e+01  1.548045e+03
  1.345040e+01  1.448655e+03
  1.310200e+01  1.311450e+03
  1.276260e+01  1.167975e+03
  1.243200e+01  1.020560e+03
  1.211000e+01  8.986575e+02
  1.179630e+01  7.950765e+02
  1.149070e+01  6.747050e+02
  1.119310e+01  5.836436e+02
  1.090310e+01  5.382830e+02
  1.062070e+01  4.874040e+02
  1.034560e+01  4.333355e+02
  1.007760e+01  3.889445e+02
  9.816600e+00  3.315755e+02
  9.562300e+00  2.977695e+02
  9.314600e+00  2.956070e+02
  9.073300e+00  3.278760e+02
  8.838300e+00  3.696505e+02
  8.609300e+00  3.990750e+02
  8.386300e+00  4.447750e+02
  8.169100e+00  4.724345e+02
  7.957500e+00  4.808590e+02
  7.751400e+00  4.647525e+02
  7.550600e+00  4.475635e+02
  7.355000e+00  4.324255e+02
  7.164500e+00  3.986760e+02
  6.978900e+00  3.878620e+02
  6.798100e+00  3.798385e+02
  6.622000e+00  3.559915e+02
  6.450500e+00  3.455185e+02
  6.283400e+00  3.387470e+02
  6.120600e+00  3.290145e+02
  5.962100e+00  3.146165e+02
  5.807600e+00  3.254855e+02
  5.657200e+00  3.242335e+02
  5.510700e+00  3.223550e+02
  5.367900e+00  3.216725e+02
  5.228900e+00  3.062495e+02
  5.093400e+00  3.100615e+02
  4.961500e+00  3.043140e+02
  4.833000e+00  2.957785e+02
  4.707800e+00  2.992480e+02
  4.585800e+00  2.695975e+02
  4.467100e+00  2.560520e+02
  4.351300e+00  2.569055e+02
  4.238600e+00  2.586125e+02
  4.128800e+00  2.557095e+02
  4.021900e+00  2.929885e+02
  3.917700e+00  2.512145e+02
  3.816200e+00  2.141630e+02
  3.717400e+00  1.979440e+02
  3.621100e+00  1.979435e+02
  3.527300e+00  1.887230e+02
  3.435900e+00  1.670965e+02
  3.346900e+00  1.402910e+02
  3.260200e+00  1.120620e+02
  3.175800e+00  7.842599e+01
  3.093500e+00  4.957130e+01
  3.013400e+00  3.733500e+01
  2.935300e+00  4.410760e+01
  2.859300e+00  5.998640e+01
  2.785200e+00  7.643430e+01
  2.713100e+00  1.009648e+02
  2.642800e+00  1.058015e+02
  2.574300e+00  9.925590e+01
  2.507600e+00  8.462960e+01
  2.442700e+00  8.468670e+01
  2.379400e+00  7.939371e+01
  2.317800e+00  6.977530e+01
  2.257700e+00  6.835271e+01
  2.199300e+00  6.391345e+01
  2.142300e+00  5.537640e+01
  2.086800e+00  4.957120e+01
  2.032700e+00  4.854675e+01
  1.980100e+00  4.996970e+01
  1.928800e+00  3.744885e+01
  1.878800e+00  3.124525e+01
  1.830200e+00  3.864395e+01
  1.782800e+00  7.017380e+01
  1.736600e+00  3.483085e+01
  1.691600e+00  2.487105e+01
  1.647800e+00  1.929350e+01
  1.605100e+00  1.787060e+01
  1.563500e+00  1.445585e+01
  1.523000e+00  1.405740e+01
  1.483600e+00  1.343135e+01
  1.445100e+00  1.052885e+01
  1.407700e+00  1.041500e+01
  1.371200e+00  8.878420e+00
  1.335700e+00  7.626350e+00
  1.301100e+00  7.398715e+00
  1.267400e+00  4.837585e+00
  1.234600e+00  5.235990e+00
  1.202600e+00  4.154660e+00
  1.171500e+00  4.723775e+00
  1.141100e+00  5.975870e+00
  1.111600e+00  3.927000e+00
  1.082800e+00  3.130220e+00
  1.054700e+00  4.268470e+00
  1.027400e+00  3.244045e+00
  1.000800e+00  2.390355e+00
  9.749000e-01  2.561085e+00
  9.496000e-01  2.333440e+00
  9.250000e-01  2.105785e+00
  9.010000e-01  2.219610e+00
  8.777000e-01  1.650495e+00
  8.550000e-01  1.878130e+00
  8.328000e-01  2.048880e+00
  8.113000e-01  2.333445e+00
  7.902000e-01  2.219605e+00
  7.698000e-01  2.276525e+00
  7.498000e-01  1.821230e+00
  7.304000e-01  1.309015e+00
  7.115000e-01  1.878145e+00
  6.931000e-01  4.211560e+00
  6.751000e-01  2.606615e+01
  6.576000e-01  2.771655e+01
  6.406000e-01  6.818180e+01
  6.240000e-01  1.684625e+01
  6.078000e-01  2.504180e+00
  5.921000e-01  2.617995e+00
  5.767000e-01  1.991955e+00
  5.618000e-01  2.674920e+00
  5.472000e-01  1.821230e+00
  5.331000e-01  2.618005e+00
  5.193000e-01  2.162705e+00
  5.058000e-01  2.504160e+00
  4.927000e-01  5.122180e+00
  4.799000e-01  5.008340e+00
  4.675000e-01  3.187130e+00
  4.554000e-01  2.618010e+00
  4.436000e-01  4.666860e+00
  4.321000e-01  3.983920e+00
  4.209000e-01  3.870090e+00
  4.100000e-01  2.276520e+00
  3.994000e-01  4.894525e+00
  3.891000e-01  1.161030e+01
  3.790000e-01  8.878420e+00
  3.692000e-01  1.991960e+00
  3.596000e-01  2.048880e+00
  3.503000e-01  1.878135e+00
  3.412000e-01  1.878140e+00
  3.324000e-01  2.219605e+00
  3.238000e-01  2.048880e+00
  3.154000e-01  1.707395e+00
  3.072000e-01  2.618000e+00
  2.992000e-01  2.617995e+00
  2.915000e-01  3.642435e+00
  2.839000e-01  3.244040e+00
  2.766000e-01  1.650485e+00
  2.694000e-01  5.577490e+00
  2.624000e-01  1.007361e+01
  2.556000e-01  1.411445e+01
  2.490000e-01  6.203545e+00
  2.426000e-01  2.845650e+00
  2.363000e-01  5.122150e+00
  2.302000e-01  3.870090e+00
  2.242000e-01  2.731825e+00
  2.184000e-01  2.674925e+00
  2.127000e-01  2.845655e+00
  2.072000e-01  2.333445e+00
  2.019000e-01  2.504170e+00
  1.966000e-01  2.276525e+00
  1.915000e-01  2.674910e+00
  1.866000e-01  2.390345e+00
  1.817000e-01  1.536660e+00
  1.770000e-01  1.365920e+00
  1.725000e-01  1.365920e+00
  1.680000e-01  2.219610e+00
  1.636000e-01  2.105800e+00
  1.594000e-01  3.130215e+00
  1.553000e-01  1.536650e+00
  1.512000e-01  2.162700e+00
  1.473000e-01  3.130215e+00
  1.435000e-01  3.300955e+00
  1.398000e-01  2.504180e+00
  1.362000e-01  2.276520e+00
  1.326000e-01  2.390360e+00
  1.292000e-01  1.935060e+00
  1.259000e-01  3.187110e+00
  1.226000e-01  1.991970e+00
  1.194000e-01  2.447265e+00
  1.163000e-01  2.447260e+00
  1.133000e-01  2.561100e+00
  1.104000e-01  2.959480e+00
  1.075000e-01  3.016385e+00
  1.047000e-01  3.300965e+00
  1.020000e-01  3.642440e+00
  9.940000e-02  3.244040e+00
  9.680000e-02  4.154645e+00
  9.430000e-02  3.585525e+00
  9.190000e-02  3.357865e+00
  8.950000e-02  3.244045e+00
  8.720000e-02  4.268465e+00
  8.490000e-02  3.471700e+00
  8.270000e-02  2.959470e+00
  8.060000e-02  3.471700e+00
  7.850000e-02  3.244055e+00
  7.640000e-02  2.618010e+00
  7.450000e-02  3.187135e+00
  7.250000e-02  2.902570e+00
  7.070000e-02  2.731825e+00
  6.880000e-02  3.244045e+00
  6.700000e-02  2.504165e+00
  6.530000e-02  1.707415e+00
  6.360000e-02  1.991960e+00
  6.200000e-02  1.878135e+00
  6.040000e-02  1.707395e+00
  5.880000e-02  1.764315e+00
  5.730000e-02  1.479755e+00
  5.580000e-02  1.081360e+00
  5.430000e-02  1.252100e+00
  5.290000e-02  7.398750e-01
  5.160000e-02  5.122350e-01
  5.020000e-02  1.081355e+00
  4.890000e-02  6.260600e-01
  4.770000e-02  7.967950e-01
  4.640000e-02  2.845750e-01
  4.520000e-02  9.675250e-01
  4.410000e-02  3.984000e-01
  4.290000e-02  7.967950e-01
  4.180000e-02  4.553100e-01
  4.070000e-02  5.691350e-01
  3.970000e-02  2.276550e-01
  3.860000e-02  5.691500e-02
  3.760000e-02  3.983950e-01
  3.670000e-02  5.691500e-02
  3.570000e-02  1.138300e-01
  3.480000e-02  1.138300e-01
  3.390000e-02  5.691500e-02
  3.300000e-02  0.000000e+00
  3.220000e-02  5.691500e-02
  3.130000e-02  1.138300e-01
  3.050000e-02  0.000000e+00
  2.970000e-02  0.000000e+00
  2.890000e-02  1.138300e-01
  2.820000e-02  5.691500e-02
  2.750000e-02  0.000000e+00
  2.680000e-02  0.000000e+00
  2.610000e-02  0.000000e+00
  2.540000e-02  0.000000e+00
  2.470000e-02  0.000000e+00
  2.410000e-02  5.691500e-02
  2.350000e-02  0.000000e+00
  2.290000e-02  0.000000e+00
  2.230000e-02  0.000000e+00
  2.170000e-02  5.691500e-02
  2.110000e-02  0.000000e+00
  2.060000e-02  5.691500e-02
  2.000000e-02  0.000000e+00
  1.950000e-02  0.000000e+00
  1.900000e-02  0.000000e+00
  1.850000e-02  0.000000e+00
  1.800000e-02  0.000000e+00
  1.760000e-02  0.000000e+00
  1.710000e-02  0.000000e+00
  1.670000e-02  0.000000e+00
  1.630000e-02  0.000000e+00
  1.580000e-02  0.000000e+00
  1.540000e-02  0.000000e+00
  1.500000e-02  0.000000e+00
  1.460000e-02  5.691500e-02
  1.430000e-02  0.000000e+00
  1.390000e-02  0.000000e+00
  1.350000e-02  0.000000e+00
  1.320000e-02  0.000000e+00
  1.280000e-02  0.000000e+00
  1.250000e-02  0.000000e+00
  1.220000e-02  0.000000e+00
  1.190000e-02  5.691500e-02
  1.160000e-02  5.691500e-02
  1.130000e-02  5.691500e-02
  1.100000e-02  5.691500e-02
  1.070000e-02  0.000000e+00
  1.040000e-02  0.000000e+00
  1.010000e-02  0.000000e+00
