  4.934820e+03  8.623445e-03
  4.806990e+03  4.619700e-04
  4.682470e+03  1.539885e-03
  4.561180e+03  1.231910e-03
  4.443030e+03  2.001860e-03
  4.327940e+03  2.001860e-03
  4.215830e+03  1.077925e-03
  4.106630e+03  9.239400e-04
  4.000250e+03  1.385905e-03
  3.896630e+03  1.693880e-03
  3.795700e+03  2.155840e-03
  3.697380e+03  2.155835e-03
  3.601600e+03  1.847875e-03
  3.508310e+03  2.309835e-03
  3.417430e+03  3.233760e-03
  3.328910e+03  4.157680e-03
  3.242680e+03  5.081610e-03
  3.158680e+03  4.465660e-03
  3.076860e+03  4.311680e-03
  2.997160e+03  4.773640e-03
  2.919530e+03  4.773635e-03
  2.843900e+03  4.465680e-03
  2.770230e+03  6.929485e-03
  2.698480e+03  6.159535e-03
  2.628580e+03  6.159550e-03
  2.560490e+03  8.623345e-03
  2.494160e+03  7.853465e-03
  2.429550e+03  9.085295e-03
  2.366620e+03  1.154920e-02
  2.305320e+03  1.308908e-02
  2.245600e+03  1.247310e-02
  2.187430e+03  1.462895e-02
  2.130770e+03  1.724670e-02
  2.075580e+03  1.647675e-02
  2.021810e+03  2.325230e-02
  1.969440e+03  1.986450e-02
  1.918430e+03  2.109640e-02
  1.868730e+03  2.571600e-02
  1.820330e+03  3.341540e-02
  1.773170e+03  3.156755e-02
  1.727240e+03  3.772715e-02
  1.682500e+03  3.464735e-02
  1.638920e+03  4.188470e-02
  1.596470e+03  3.972885e-02
  1.555110e+03  4.912220e-02
  1.514830e+03  6.036335e-02
  1.475590e+03  6.482895e-02
  1.437370e+03  6.390510e-02
  1.400140e+03  6.806285e-02
  1.363870e+03  8.022760e-02
  1.328540e+03  9.162265e-02
  1.294120e+03  9.377825e-02
  1.260600e+03  1.085610e-01
  1.227950e+03  1.207265e-01
  1.196140e+03  1.245760e-01
  1.165160e+03  1.404380e-01
  1.134980e+03  1.502940e-01
  1.105580e+03  1.632295e-01
  1.076940e+03  1.810910e-01
  1.049040e+03  2.074215e-01
  1.021870e+03  2.235900e-01
  9.953980e+02  2.440700e-01
  9.696140e+02  2.796440e-01
  9.444970e+02  3.076685e-01
  9.200320e+02  3.310740e-01
  8.962000e+02  3.686475e-01
  8.729850e+02  4.297830e-01
  8.503720e+02  4.739745e-01
  8.283450e+02  5.294120e-01
  8.068880e+02  5.885420e-01
  7.859870e+02  6.524470e-01
  7.656270e+02  7.046490e-01
  7.457950e+02  7.935010e-01
  7.264760e+02  8.848170e-01
  7.076580e+02  9.710425e-01
  6.893270e+02  1.077465e+00
  6.714710e+02  1.179555e+00
  6.540780e+02  1.330455e+00
  6.371350e+02  1.485515e+00
  6.206310e+02  1.645675e+00
  6.045550e+02  1.862945e+00
  5.888950e+02  2.030335e+00
  5.736410e+02  2.208645e+00
  5.587810e+02  2.471045e+00
  5.443070e+02  2.706360e+00
  5.302080e+02  2.915305e+00
  5.164740e+02  3.201420e+00
  5.030950e+02  3.527570e+00
  4.900630e+02  3.889280e+00
  4.773690e+02  4.280565e+00
  4.650040e+02  4.641050e+00
  4.529580e+02  5.152765e+00
  4.412250e+02  5.606560e+00
  4.297960e+02  6.014320e+00
  4.186630e+02  6.654600e+00
  4.078180e+02  7.148280e+00
  3.972540e+02  7.806285e+00
  3.869640e+02  8.581605e+00
  3.769400e+02  9.238831e+00
  3.671770e+02  1.009555e+01
  3.576650e+02  1.090780e+01
  3.484010e+02  1.184875e+01
  3.393760e+02  1.275180e+01
  3.305850e+02  1.369040e+01
  3.220220e+02  1.477665e+01
  3.136800e+02  1.572485e+01
  3.055550e+02  1.681070e+01
  2.976400e+02  1.806910e+01
  2.899300e+02  1.941160e+01
  2.824200e+02  2.096135e+01
  2.751040e+02  2.242850e+01
  2.679780e+02  2.379485e+01
  2.610370e+02  2.524815e+01
  2.542750e+02  2.698780e+01
  2.476890e+02  2.872930e+01
  2.412730e+02  3.070965e+01
  2.350230e+02  3.268205e+01
  2.289350e+02  3.488840e+01
  2.230050e+02  3.687045e+01
  2.172280e+02  3.888335e+01
  2.116010e+02  4.109890e+01
  2.061200e+02  4.315735e+01
  2.007810e+02  4.536890e+01
  1.955800e+02  4.834145e+01
  1.905140e+02  5.128090e+01
  1.855790e+02  5.416425e+01
  1.807720e+02  5.720305e+01
  1.760890e+02  6.024970e+01
  1.715280e+02  6.324270e+01
  1.670850e+02  6.601414e+01
  1.627570e+02  6.860650e+01
  1.585410e+02  7.151880e+01
  1.544340e+02  7.405830e+01
  1.504340e+02  7.679445e+01
  1.465370e+02  7.942709e+01
  1.427410e+02  8.235700e+01
  1.390440e+02  8.457120e+01
  1.354420e+02  8.705230e+01
  1.319340e+02  8.962265e+01
  1.285160e+02  9.184039e+01
  1.251870e+02  9.422005e+01
  1.219440e+02  9.623586e+01
  1.187850e+02  9.889545e+01
  1.157090e+02  1.010685e+02
  1.127110e+02  1.037875e+02
  1.097920e+02  1.060555e+02
  1.069480e+02  1.082090e+02
  1.041770e+02  1.108720e+02
  1.014790e+02  1.136505e+02
  9.885030e+01  1.159005e+02
  9.628970e+01  1.182745e+02
  9.379550e+01  1.206350e+02
  9.136590e+01  1.228190e+02
  8.899920e+01  1.249240e+02
  8.669380e+01  1.275000e+02
  8.444820e+01  1.293365e+02
  8.226070e+01  1.310055e+02
  8.012980e+01  1.331385e+02
  7.805420e+01  1.346670e+02
  7.603240e+01  1.361620e+02
  7.406290e+01  1.374175e+02
  7.214440e+01  1.381660e+02
  7.027560e+01  1.380785e+02
  6.845520e+01  1.379490e+02
  6.668200e+01  1.375125e+02
  6.495470e+01  1.359150e+02
  6.327220e+01  1.340600e+02
  6.163320e+01  1.318650e+02
  6.003670e+01  1.289080e+02
  5.848160e+01  1.258665e+02
  5.696670e+01  1.226780e+02
  5.549110e+01  1.196745e+02
  5.405370e+01  1.156370e+02
  5.265350e+01  1.109945e+02
  5.128960e+01  1.064070e+02
  4.996100e+01  1.016725e+02
  4.866690e+01  9.503225e+01
  4.740620e+01  8.859145e+01
  4.617830e+01  8.175875e+01
  4.498210e+01  7.504054e+01
  4.381690e+01  7.076545e+01
  4.268190e+01  6.692595e+01
  4.157630e+01  6.267215e+01
  4.049930e+01  5.885585e+01
  3.945030e+01  5.590380e+01
  3.842840e+01  5.337470e+01
  3.743290e+01  5.092145e+01
  3.646330e+01  4.855815e+01
  3.551880e+01  4.621010e+01
  3.459870e+01  4.372520e+01
  3.370250e+01  4.098595e+01
  3.282950e+01  3.826985e+01
  3.197910e+01  3.581790e+01
  3.115070e+01  3.334770e+01
  3.034380e+01  3.085730e+01
  2.955780e+01  2.858680e+01
  2.879220e+01  2.620985e+01
  2.804640e+01  2.366495e+01
  2.731990e+01  2.146965e+01
  2.661220e+01  1.938730e+01
  2.592290e+01  1.714105e+01
  2.525140e+01  1.525280e+01
  2.459730e+01  1.340150e+01
  2.396010e+01  1.162545e+01
  2.333950e+01  1.002390e+01
  2.273490e+01  8.483206e+00
  2.214600e+01  7.072210e+00
  2.157230e+01  5.753765e+00
  2.101350e+01  4.625190e+00
  2.046920e+01  3.734525e+00
  1.993900e+01  2.924085e+00
  1.942250e+01  2.326905e+00
  1.891940e+01  1.893130e+00
  1.842930e+01  1.738835e+00
  1.795200e+01  1.589470e+00
  1.748690e+01  1.656455e+00
  1.703400e+01  1.729285e+00
  1.659270e+01  1.954580e+00
  1.616290e+01  2.294110e+00
  1.574430e+01  2.551895e+00
  1.533640e+01  2.837230e+00
  1.493920e+01  3.132280e+00
  1.455220e+01  3.134435e+00
  1.417520e+01  2.679855e+00
  1.380800e+01  1.970585e+00
  1.345040e+01  1.226975e+00
  1.310200e+01  6.510620e-01
  1.276260e+01  3.184485e-01
  1.243200e+01  1.361260e-01
  1.211000e+01  5.035420e-02
  1.179630e+01  2.664010e-02
  1.149070e+01  1.000926e-02
  1.119310e+01  4.311680e-03
  1.090310e+01  2.309830e-03
  1.062070e+01  1.077925e-03
  1.034560e+01  9.239400e-04
  1.007760e+01  3.079800e-04
  9.816600e+00  1.539900e-04
  9.562300e+00  0.000000e+00
  9.314600e+00  3.079800e-04
  9.073300e+00  4.619700e-04
  8.838300e+00  9.239350e-04
  8.609300e+00  5.697560e-03
  8.386300e+00  1.817070e-02
  8.169100e+00  6.929465e-02
  7.957500e+00  2.197405e-01
  7.751400e+00  4.157685e-01
  7.550600e+00  7.737895e-01
  7.355000e+00  8.778865e-01
  7.164500e+00  7.215890e-01
  6.978900e+00  6.330460e-01
  6.798100e+00  4.653520e-01
  6.622000e+00  3.647975e-01
  6.450500e+00  2.697870e-01
  6.283400e+00  2.034170e-01
  6.120600e+00  1.432100e-01
  5.962100e+00  1.020930e-01
  5.807600e+00  9.593390e-02
  5.657200e+00  7.037260e-02
  5.510700e+00  5.882355e-02
  5.367900e+00  4.635045e-02
  5.228900e+00  3.895900e-02
  5.093400e+00  2.356030e-02
  4.961500e+00  2.094255e-02
  4.833000e+00  1.601485e-02
  4.707800e+00  1.370500e-02
  4.585800e+00  1.016323e-02
  4.467100e+00  8.315375e-03
  4.351300e+00  5.851545e-03
  4.238600e+00  6.467510e-03
  4.128800e+00  6.621500e-03
  4.021900e+00  9.393335e-03
  3.917700e+00  5.851550e-03
  3.816200e+00  3.695720e-03
  3.717400e+00  5.081600e-03
  3.621100e+00  2.925780e-03
  3.527300e+00  3.233760e-03
  3.435900e+00  2.925780e-03
  3.346900e+00  3.387745e-03
  3.260200e+00  1.385910e-03
  3.175800e+00  1.539890e-03
  3.093500e+00  1.077925e-03
  3.013400e+00  4.619700e-04
  2.935300e+00  7.699500e-04
  2.859300e+00  1.231915e-03
  2.785200e+00  2.001850e-03
  2.713100e+00  2.463830e-03
  2.642800e+00  1.231910e-03
  2.574300e+00  1.539890e-03
  2.507600e+00  1.539885e-03
  2.442700e+00  1.231915e-03
  2.379400e+00  1.385900e-03
  2.317800e+00  1.385910e-03
  2.257700e+00  9.239350e-04
  2.199300e+00  1.385900e-03
  2.142300e+00  7.699450e-04
  2.086800e+00  9.239400e-04
  2.032700e+00  7.699500e-04
  1.980100e+00  1.231915e-03
  1.928800e+00  7.699500e-04
  1.878800e+00  9.239350e-04
  1.830200e+00  7.699500e-04
  1.782800e+00  1.231910e-03
  1.736600e+00  3.079800e-04
  1.691600e+00  1.077930e-03
  1.647800e+00  7.699500e-04
  1.605100e+00  7.699500e-04
  1.563500e+00  7.699450e-04
  1.523000e+00  7.699450e-04
  1.483600e+00  6.159550e-04
  1.445100e+00  7.699450e-04
  1.407700e+00  6.159550e-04
  1.371200e+00  6.159550e-04
  1.335700e+00  3.079800e-04
  1.301100e+00  0.000000e+00
  1.267400e+00  3.079800e-04
  1.234600e+00  0.000000e+00
  1.202600e+00  1.539900e-04
  1.171500e+00  4.619700e-04
  1.141100e+00  3.079800e-04
  1.111600e+00  4.619700e-04
  1.082800e+00  3.079750e-04
  1.054700e+00  3.079800e-04
  1.027400e+00  1.539900e-04
  1.000800e+00  4.619700e-04
  9.749000e-01  1.539900e-04
  9.496000e-01  1.539900e-04
  9.250000e-01  3.079800e-04
  9.010000e-01  1.539900e-04
  8.777000e-01  0.000000e+00
  8.550000e-01  4.619700e-04
  8.328000e-01  4.619700e-04
  8.113000e-01  4.619700e-04
  7.902000e-01  1.539900e-04
  7.698000e-01  3.079800e-04
  7.498000e-01  1.539900e-04
  7.304000e-01  0.000000e+00
  7.115000e-01  1.539900e-04
  6.931000e-01  1.539900e-04
  6.751000e-01  0.000000e+00
  6.576000e-01  7.699500e-04
  6.406000e-01  4.619700e-04
  6.240000e-01  0.000000e+00
  6.078000e-01  3.079800e-04
  5.921000e-01  3.079800e-04
  5.767000e-01  0.000000e+00
  5.618000e-01  0.000000e+00
  5.472000e-01  0.000000e+00
  5.331000e-01  1.539900e-04
  5.193000e-01  0.000000e+00
  5.058000e-01  0.000000e+00
  4.927000e-01  3.079800e-04
  4.799000e-01  1.539900e-04
  4.675000e-01  3.079800e-04
  4.554000e-01  0.000000e+00
  4.436000e-01  0.000000e+00
  4.321000e-01  4.619700e-04
  4.209000e-01  0.000000e+00
  4.100000e-01  0.000000e+00
  3.994000e-01  1.539900e-04
  3.891000e-01  3.079800e-04
  3.790000e-01  3.079750e-04
  3.692000e-01  3.079800e-04
  3.596000e-01  1.539900e-04
  3.503000e-01  3.079800e-04
  3.412000e-01  1.539900e-04
  3.324000e-01  1.539900e-04
  3.238000e-01  0.000000e+00
  3.154000e-01  3.079800e-04
  3.072000e-01  0.000000e+00
  2.992000e-01  0.000000e+00
  2.915000e-01  0.000000e+00
  2.839000e-01  0.000000e+00
  2.766000e-01  1.539900e-04
  2.694000e-01  0.000000e+00
  2.624000e-01  0.000000e+00
  2.556000e-01  0.000000e+00
  2.490000e-01  0.000000e+00
  2.426000e-01  0.000000e+00
  2.363000e-01  0.000000e+00
  2.302000e-01  0.000000e+00
  2.242000e-01  1.539900e-04
  2.184000e-01  0.000000e+00
  2.127000e-01  0.000000e+00
  2.072000e-01  0.000000e+00
  2.019000e-01  0.000000e+00
  1.966000e-01  0.000000e+00
  1.915000e-01  0.000000e+00
  1.866000e-01  0.000000e+00
  1.817000e-01  0.000000e+00
  1.770000e-01  1.539900e-04
  1.725000e-01  0.000000e+00
  1.680000e-01  0.000000e+00
  1.636000e-01  0.000000e+00
  1.594000e-01  0.000000e+00
  1.553000e-01  0.000000e+00
  1.512000e-01  0.000000e+00
  1.473000e-01  0.000000e+00
  1.435000e-01  0.000000e+00
  1.398000e-01  0.000000e+00
  1.362000e-01  0.000000e+00
  1.326000e-01  0.000000e+00
  1.292000e-01  0.000000e+00
  1.259000e-01  0.000000e+00
  1.226000e-01  0.000000e+00
  1.194000e-01  0.000000e+00
  1.163000e-01  0.000000e+00
  1.133000e-01  0.000000e+00
  1.104000e-01  0.000000e+00
  1.075000e-01  0.000000e+00
  1.047000e-01  0.000000e+00
  1.020000e-01  0.000000e+00
  9.940000e-02  0.000000e+00
  9.680000e-02  0.000000e+00
  9.430000e-02  0.000000e+00
  9.190000e-02  0.000000e+00
  8.950000e-02  0.000000e+00
  8.720000e-02  0.000000e+00
  8.490000e-02  0.000000e+00
  8.270000e-02  1.539900e-04
  8.060000e-02  0.000000e+00
  7.850000e-02  0.000000e+00
  7.640000e-02  0.000000e+00
  7.450000e-02  0.000000e+00
  7.250000e-02  0.000000e+00
  7.070000e-02  0.000000e+00
  6.880000e-02  0.000000e+00
  6.700000e-02  0.000000e+00
  6.530000e-02  0.000000e+00
  6.360000e-02  0.000000e+00
  6.200000e-02  0.000000e+00
  6.040000e-02  0.000000e+00
  5.880000e-02  0.000000e+00
  5.730000e-02  0.000000e+00
  5.580000e-02  0.000000e+00
  5.430000e-02  0.000000e+00
  5.290000e-02  0.000000e+00
  5.160000e-02  0.000000e+00
  5.020000e-02  0.000000e+00
  4.890000e-02  0.000000e+00
  4.770000e-02  0.000000e+00
  4.640000e-02  0.000000e+00
  4.520000e-02  0.000000e+00
  4.410000e-02  0.000000e+00
  4.290000e-02  0.000000e+00
  4.180000e-02  0.000000e+00
  4.070000e-02  0.000000e+00
  3.970000e-02  0.000000e+00
  3.860000e-02  0.000000e+00
  3.760000e-02  0.000000e+00
  3.670000e-02  0.000000e+00
  3.570000e-02  0.000000e+00
  3.480000e-02  0.000000e+00
  3.390000e-02  0.000000e+00
  3.300000e-02  0.000000e+00
  3.220000e-02  0.000000e+00
  3.130000e-02  0.000000e+00
  3.050000e-02  0.000000e+00
  2.970000e-02  0.000000e+00
  2.890000e-02  0.000000e+00
  2.820000e-02  0.000000e+00
  2.750000e-02  0.000000e+00
  2.680000e-02  0.000000e+00
  2.610000e-02  0.000000e+00
  2.540000e-02  0.000000e+00
  2.470000e-02  0.000000e+00
  2.410000e-02  0.000000e+00
  2.350000e-02  0.000000e+00
  2.290000e-02  0.000000e+00
  2.230000e-02  0.000000e+00
  2.170000e-02  0.000000e+00
  2.110000e-02  0.000000e+00
  2.060000e-02  0.000000e+00
  2.000000e-02  0.000000e+00
  1.950000e-02  0.000000e+00
  1.900000e-02  0.000000e+00
  1.850000e-02  0.000000e+00
  1.800000e-02  0.000000e+00
  1.760000e-02  0.000000e+00
  1.710000e-02  0.000000e+00
  1.670000e-02  0.000000e+00
  1.630000e-02  0.000000e+00
  1.580000e-02  0.000000e+00
  1.540000e-02  0.000000e+00
  1.500000e-02  0.000000e+00
  1.460000e-02  0.000000e+00
  1.430000e-02  0.000000e+00
  1.390000e-02  0.000000e+00
  1.350000e-02  0.000000e+00
  1.320000e-02  0.000000e+00
  1.280000e-02  0.000000e+00
  1.250000e-02  0.000000e+00
  1.220000e-02  0.000000e+00
  1.190000e-02  0.000000e+00
  1.160000e-02  0.000000e+00
  1.130000e-02  0.000000e+00
  1.100000e-02  0.000000e+00
  1.070000e-02  0.000000e+00
  1.040000e-02  0.000000e+00
  1.010000e-02  7.699450e-04
