  4.934820e+03  0.000000e+00
  4.806990e+03  0.000000e+00
  4.682470e+03  0.000000e+00
  4.561180e+03  0.000000e+00
  4.443030e+03  2.520050e-02
  4.327940e+03  0.000000e+00
  4.215830e+03  0.000000e+00
  4.106630e+03  0.000000e+00
  4.000250e+03  2.520050e-02
  3.896630e+03  0.000000e+00
  3.795700e+03  0.000000e+00
  3.697380e+03  0.000000e+00
  3.601600e+03  2.520050e-02
  3.508310e+03  0.000000e+00
  3.417430e+03  0.000000e+00
  3.328910e+03  0.000000e+00
  3.242680e+03  0.000000e+00
  3.158680e+03  0.000000e+00
  3.076860e+03  0.000000e+00
  2.997160e+03  2.520050e-02
  2.919530e+03  0.000000e+00
  2.843900e+03  2.520050e-02
  2.770230e+03  2.520050e-02
  2.698480e+03  0.000000e+00
  2.628580e+03  0.000000e+00
  2.560490e+03  7.560050e-02
  2.494160e+03  2.520050e-02
  2.429550e+03  5.040100e-02
  2.366620e+03  5.040100e-02
  2.305320e+03  2.520050e-02
  2.245600e+03  1.008020e-01
  2.187430e+03  0.000000e+00
  2.130770e+03  5.040100e-02
  2.075580e+03  2.520050e-02
  2.021810e+03  7.560150e-02
  1.969440e+03  5.040100e-02
  1.918430e+03  0.000000e+00
  1.868730e+03  7.560150e-02
  1.820330e+03  1.008010e-01
  1.773170e+03  1.008020e-01
  1.727240e+03  2.016020e-01
  1.682500e+03  2.016010e-01
  1.638920e+03  1.512030e-01
  1.596470e+03  1.764015e-01
  1.555110e+03  1.764025e-01
  1.514830e+03  7.560150e-02
  1.475590e+03  2.016020e-01
  1.437370e+03  2.268035e-01
  1.400140e+03  2.268025e-01
  1.363870e+03  2.772020e-01
  1.328540e+03  3.024050e-01
  1.294120e+03  5.292020e-01
  1.260600e+03  4.536050e-01
  1.227950e+03  4.536040e-01
  1.196140e+03  4.536045e-01
  1.165160e+03  2.520040e-01
  1.134980e+03  5.292040e-01
  1.105580e+03  5.796065e-01
  1.076940e+03  6.804050e-01
  1.049040e+03  6.804035e-01
  1.021870e+03  5.544025e-01
  9.953980e+02  8.316035e-01
  9.696140e+02  7.308105e-01
  9.444970e+02  8.568115e-01
  9.200320e+02  9.828010e-01
  8.962000e+02  1.159210e+00
  8.729850e+02  1.386015e+00
  8.503720e+02  1.209611e+00
  8.283450e+02  1.335620e+00
  8.068880e+02  1.890030e+00
  7.859870e+02  2.192445e+00
  7.656270e+02  2.268045e+00
  7.457950e+02  2.242845e+00
  7.264760e+02  3.074470e+00
  7.076580e+02  3.326480e+00
  6.893270e+02  3.880890e+00
  6.714710e+02  4.460500e+00
  6.540780e+02  4.510900e+00
  6.371350e+02  5.518930e+00
  6.206310e+02  6.400935e+00
  6.045550e+02  7.056140e+00
  5.888950e+02  7.232545e+00
  5.736410e+02  8.139750e+00
  5.587810e+02  9.752495e+00
  5.443070e+02  9.424885e+00
  5.302080e+02  1.179365e+01
  5.164740e+02  1.345680e+01
  5.030950e+02  1.378440e+01
  4.900630e+02  1.496885e+01
  4.773690e+02  1.879940e+01
  4.650040e+02  1.930350e+01
  4.529580e+02  2.169755e+01
  4.412250e+02  2.441940e+01
  4.297960e+02  2.762010e+01
  4.186630e+02  2.953535e+01
  4.078180e+02  3.386980e+01
  3.972540e+02  3.628900e+01
  3.869640e+02  4.289140e+01
  3.769400e+02  4.750300e+01
  3.671770e+02  5.309740e+01
  3.576650e+02  5.773420e+01
  3.484010e+02  6.327845e+01
  3.393760e+02  7.373690e+01
  3.305850e+02  8.003720e+01
  3.220220e+02  8.805080e+01
  3.136800e+02  9.694630e+01
  3.055550e+02  1.084630e+02
  2.976400e+02  1.173575e+02
  2.899300e+02  1.365620e+02
  2.824200e+02  1.500700e+02
  2.751040e+02  1.650635e+02
  2.679780e+02  1.802340e+02
  2.610370e+02  2.022330e+02
  2.542750e+02  2.271325e+02
  2.476890e+02  2.487805e+02
  2.412730e+02  2.765010e+02
  2.350230e+02  2.997100e+02
  2.289350e+02  3.404860e+02
  2.230050e+02  3.786885e+02
  2.172280e+02  4.000595e+02
  2.116010e+02  4.483430e+02
  2.061200e+02  4.901765e+02
  2.007810e+02  5.377545e+02
  1.955800e+02  5.944560e+02
  1.905140e+02  6.651690e+02
  1.855790e+02  7.234075e+02
  1.807720e+02  8.022345e+02
  1.760890e+02  8.761470e+02
  1.715280e+02  9.738735e+02
  1.670850e+02  1.051195e+03
  1.627570e+02  1.144405e+03
  1.585410e+02  1.234900e+03
  1.544340e+02  1.337910e+03
  1.504340e+02  1.443705e+03
  1.465370e+02  1.573400e+03
  1.427410e+02  1.690955e+03
  1.390440e+02  1.813255e+03
  1.354420e+02  1.924945e+03
  1.319340e+02  2.068025e+03
  1.285160e+02  2.211325e+03
  1.251870e+02  2.350770e+03
  1.219440e+02  2.486640e+03
  1.187850e+02  2.655490e+03
  1.157090e+02  2.818965e+03
  1.127110e+02  2.991705e+03
  1.097920e+02  3.176455e+03
  1.069480e+02  3.355910e+03
  1.041770e+02  3.568110e+03
  1.014790e+02  3.772750e+03
  9.885030e+01  3.974755e+03
  9.628970e+01  4.182970e+03
  9.379550e+01  4.429600e+03
  9.136590e+01  4.659610e+03
  8.899920e+01  4.872275e+03
  8.669380e+01  5.139805e+03
  8.444820e+01  5.377275e+03
  8.226070e+01  5.637985e+03
  8.012980e+01  5.941285e+03
  7.805420e+01  6.190220e+03
  7.603240e+01  6.492220e+03
  7.406290e+01  6.782700e+03
  7.214440e+01  7.048930e+03
  7.027560e+01  7.360530e+03
  6.845520e+01  7.675255e+03
  6.668200e+01  7.961875e+03
  6.495470e+01  8.219670e+03
  6.327220e+01  8.427020e+03
  6.163320e+01  8.572925e+03
  6.003670e+01  8.701189e+03
  5.848160e+01  8.798311e+03
  5.696670e+01  8.850984e+03
  5.549110e+01  8.924580e+03
  5.405370e+01  9.057255e+03
  5.265350e+01  9.235885e+03
  5.128960e+01  9.382770e+03
  4.996100e+01  9.577820e+03
  4.866690e+01  9.709875e+03
  4.740620e+01  9.832426e+03
  4.617830e+01  9.957340e+03
  4.498210e+01  9.941970e+03
  4.381690e+01  9.831516e+03
  4.268190e+01  9.680740e+03
  4.157630e+01  9.543266e+03
  4.049930e+01  9.363391e+03
  3.945030e+01  9.178080e+03
  3.842840e+01  8.968800e+03
  3.743290e+01  8.731010e+03
  3.646330e+01  8.529955e+03
  3.551880e+01  8.369580e+03
  3.459870e+01  8.153415e+03
  3.370250e+01  8.003695e+03
  3.282950e+01  7.817475e+03
  3.197910e+01  7.618610e+03
  3.115070e+01  7.437035e+03
  3.034380e+01  7.231405e+03
  2.955780e+01  7.074915e+03
  2.879220e+01  6.892225e+03
  2.804640e+01  6.679125e+03
  2.731990e+01  6.504820e+03
  2.661220e+01  6.295565e+03
  2.592290e+01  6.073215e+03
  2.525140e+01  5.838920e+03
  2.459730e+01  5.605685e+03
  2.396010e+01  5.366865e+03
  2.333950e+01  5.137660e+03
  2.273490e+01  4.912495e+03
  2.214600e+01  4.617930e+03
  2.157230e+01  4.380340e+03
  2.101350e+01  4.089470e+03
  2.046920e+01  3.810120e+03
  1.993900e+01  3.508695e+03
  1.942250e+01  3.277105e+03
  1.891940e+01  3.043485e+03
  1.842930e+01  2.886165e+03
  1.795200e+01  2.746105e+03
  1.748690e+01  2.684915e+03
  1.703400e+01  2.622690e+03
  1.659270e+01  2.598985e+03
  1.616290e+01  2.574340e+03
  1.574430e+01  2.542030e+03
  1.533640e+01  2.511840e+03
  1.493920e+01  2.483840e+03
  1.455220e+01  2.387275e+03
  1.417520e+01  2.231915e+03
  1.380800e+01  2.006990e+03
  1.345040e+01  1.733155e+03
  1.310200e+01  1.446325e+03
  1.276260e+01  1.157825e+03
  1.243200e+01  9.073459e+02
  1.211000e+01  6.984345e+02
  1.179630e+01  5.338240e+02
  1.149070e+01  4.071400e+02
  1.119310e+01  3.159640e+02
  1.090310e+01  2.677805e+02
  1.062070e+01  2.188165e+02
  1.034560e+01  1.750190e+02
  1.007760e+01  1.404675e+02
  9.816600e+00  1.121670e+02
  9.562300e+00  8.973920e+01
  9.314600e+00  9.339360e+01
  9.073300e+00  1.215920e+02
  8.838300e+00  1.661980e+02
  8.609300e+00  2.280400e+02
  8.386300e+00  3.046245e+02
  8.169100e+00  4.127090e+02
  7.957500e+00  5.311775e+02
  7.751400e+00  5.891895e+02
  7.550600e+00  6.633030e+02
  7.355000e+00  6.473025e+02
  7.164500e+00  6.003025e+02
  6.978900e+00  5.664830e+02
  6.798100e+00  5.117475e+02
  6.622000e+00  4.707960e+02
  6.450500e+00  4.316870e+02
  6.283400e+00  3.918935e+02
  6.120600e+00  3.535135e+02
  5.962100e+00  3.258690e+02
  5.807600e+00  3.079255e+02
  5.657200e+00  2.952240e+02
  5.510700e+00  2.865045e+02
  5.367900e+00  2.663695e+02
  5.228900e+00  2.498885e+02
  5.093400e+00  2.267545e+02
  4.961500e+00  2.117345e+02
  4.833000e+00  1.924300e+02
  4.707800e+00  1.784705e+02
  4.585800e+00  1.562695e+02
  4.467100e+00  1.423075e+02
  4.351300e+00  1.331100e+02
  4.238600e+00  1.294555e+02
  4.128800e+00  1.167030e+02
  4.021900e+00  1.242115e+02
  3.917700e+00  1.021375e+02
  3.816200e+00  8.626160e+01
  3.717400e+00  8.170039e+01
  3.621100e+00  7.025925e+01
  3.527300e+00  6.116155e+01
  3.435900e+00  5.392900e+01
  3.346900e+00  4.377340e+01
  3.260200e+00  3.064415e+01
  3.175800e+00  1.753920e+01
  3.093500e+00  9.550924e+00
  3.013400e+00  7.131735e+00
  2.935300e+00  8.265736e+00
  2.859300e+00  1.128970e+01
  2.785200e+00  1.602725e+01
  2.713100e+00  2.275620e+01
  2.642800e+00  2.315935e+01
  2.574300e+00  1.963095e+01
  2.507600e+00  1.839610e+01
  2.442700e+00  1.685885e+01
  2.379400e+00  1.499400e+01
  2.317800e+00  1.423800e+01
  2.257700e+00  1.242370e+01
  2.199300e+00  1.121410e+01
  2.142300e+00  9.374505e+00
  2.086800e+00  8.568106e+00
  2.032700e+00  8.114534e+00
  1.980100e+00  9.550875e+00
  1.928800e+00  6.249720e+00
  1.878800e+00  4.863700e+00
  1.830200e+00  6.426125e+00
  1.782800e+00  1.086130e+01
  1.736600e+00  5.720515e+00
  1.691600e+00  4.208510e+00
  1.647800e+00  4.032090e+00
  1.605100e+00  3.528085e+00
  1.563500e+00  2.343645e+00
  1.523000e+00  2.595665e+00
  1.483600e+00  2.066450e+00
  1.445100e+00  2.595650e+00
  1.407700e+00  2.192445e+00
  1.371200e+00  1.839630e+00
  1.335700e+00  1.915230e+00
  1.301100e+00  1.260010e+00
  1.267400e+00  1.260010e+00
  1.234600e+00  1.890030e+00
  1.202600e+00  1.310405e+00
  1.171500e+00  1.436410e+00
  1.141100e+00  1.234806e+00
  1.111600e+00  1.108805e+00
  1.082800e+00  7.560015e-01
  1.054700e+00  1.310405e+00
  1.027400e+00  8.316035e-01
  1.000800e+00  7.056040e-01
  9.749000e-01  8.568005e-01
  9.496000e-01  7.056040e-01
  9.250000e-01  6.552030e-01
  9.010000e-01  5.796035e-01
  8.777000e-01  6.804020e-01
  8.550000e-01  7.812030e-01
  8.328000e-01  5.544025e-01
  8.113000e-01  7.560045e-01
  7.902000e-01  6.804040e-01
  7.698000e-01  9.576020e-01
  7.498000e-01  6.300025e-01
  7.304000e-01  7.308080e-01
  7.115000e-01  6.048050e-01
  6.931000e-01  1.285210e+00
  6.751000e-01  6.199335e+00
  6.576000e-01  6.753725e+00
  6.406000e-01  1.504440e+01
  6.240000e-01  3.452485e+00
  6.078000e-01  7.308035e-01
  5.921000e-01  8.568140e-01
  5.767000e-01  7.560080e-01
  5.618000e-01  8.064075e-01
  5.472000e-01  8.064020e-01
  5.331000e-01  1.134005e+00
  5.193000e-01  9.072015e-01
  5.058000e-01  1.033206e+00
  4.927000e-01  1.209600e+00
  4.799000e-01  1.663230e+00
  4.675000e-01  1.083601e+00
  4.554000e-01  7.056015e-01
  4.436000e-01  1.234810e+00
  4.321000e-01  1.285215e+00
  4.209000e-01  1.159205e+00
  4.100000e-01  9.576116e-01
  3.994000e-01  1.436415e+00
  3.891000e-01  2.570455e+00
  3.790000e-01  2.394050e+00
  3.692000e-01  6.048055e-01
  3.596000e-01  8.316020e-01
  3.503000e-01  6.804040e-01
  3.412000e-01  5.040025e-01
  3.324000e-01  6.804035e-01
  3.238000e-01  9.072125e-01
  3.154000e-01  5.292025e-01
  3.072000e-01  8.316035e-01
  2.992000e-01  7.056020e-01
  2.915000e-01  1.234810e+00
  2.839000e-01  1.436405e+00
  2.766000e-01  9.576025e-01
  2.694000e-01  1.839635e+00
  2.624000e-01  3.603670e+00
  2.556000e-01  3.528085e+00
  2.490000e-01  1.587630e+00
  2.426000e-01  1.512025e+00
  2.363000e-01  1.839635e+00
  2.302000e-01  1.260005e+00
  2.242000e-01  1.008007e+00
  2.184000e-01  1.008013e+00
  2.127000e-01  7.560045e-01
  2.072000e-01  6.804085e-01
  2.019000e-01  7.056040e-01
  1.966000e-01  4.284035e-01
  1.915000e-01  8.064020e-01
  1.866000e-01  9.576120e-01
  1.817000e-01  8.820005e-01
  1.770000e-01  8.064035e-01
  1.725000e-01  6.552040e-01
  1.680000e-01  6.804040e-01
  1.636000e-01  8.064065e-01
  1.594000e-01  8.064024e-01
  1.553000e-01  7.812030e-01
  1.512000e-01  7.812015e-01
  1.473000e-01  6.300055e-01
  1.435000e-01  8.064025e-01
  1.398000e-01  6.048040e-01
  1.362000e-01  6.804050e-01
  1.326000e-01  7.812030e-01
  1.292000e-01  6.300045e-01
  1.259000e-01  7.308030e-01
  1.226000e-01  6.300030e-01
  1.194000e-01  6.048045e-01
  1.163000e-01  9.576125e-01
  1.133000e-01  8.820035e-01
  1.104000e-01  9.576070e-01
  1.075000e-01  7.056070e-01
  1.047000e-01  9.324060e-01
  1.020000e-01  1.008008e+00
  9.940000e-02  7.812040e-01
  9.680000e-02  1.108812e+00
  9.430000e-02  9.828075e-01
  9.190000e-02  9.576025e-01
  8.950000e-02  9.828015e-01
  8.720000e-02  7.812020e-01
  8.490000e-02  8.568065e-01
  8.270000e-02  6.300050e-01
  8.060000e-02  5.796040e-01
  7.850000e-02  7.056035e-01
  7.640000e-02  7.560075e-01
  7.450000e-02  5.292040e-01
  7.250000e-02  5.796036e-01
  7.070000e-02  3.528035e-01
  6.880000e-02  4.284045e-01
  6.700000e-02  5.040025e-01
  6.530000e-02  2.016020e-01
  6.360000e-02  5.040050e-01
  6.200000e-02  6.552030e-01
  6.040000e-02  3.528025e-01
  5.880000e-02  1.764015e-01
  5.730000e-02  2.772040e-01
  5.580000e-02  1.260025e-01
  5.430000e-02  1.512020e-01
  5.290000e-02  1.260025e-01
  5.160000e-02  5.040100e-02
  5.020000e-02  1.260025e-01
  4.890000e-02  1.008010e-01
  4.770000e-02  1.008020e-01
  4.640000e-02  7.560150e-02
  4.520000e-02  7.560150e-02
  4.410000e-02  7.560050e-02
  4.290000e-02  0.000000e+00
  4.180000e-02  2.520050e-02
  4.070000e-02  5.040100e-02
  3.970000e-02  0.000000e+00
  3.860000e-02  2.520050e-02
  3.760000e-02  2.520050e-02
  3.670000e-02  5.040100e-02
  3.570000e-02  0.000000e+00
  3.480000e-02  0.000000e+00
  3.390000e-02  0.000000e+00
  3.300000e-02  0.000000e+00
  3.220000e-02  2.520050e-02
  3.130000e-02  0.000000e+00
  3.050000e-02  0.000000e+00
  2.970000e-02  0.000000e+00
  2.890000e-02  0.000000e+00
  2.820000e-02  2.520050e-02
  2.750000e-02  0.000000e+00
  2.680000e-02  0.000000e+00
  2.610000e-02  0.000000e+00
  2.540000e-02  0.000000e+00
  2.470000e-02  0.000000e+00
  2.410000e-02  0.000000e+00
  2.350000e-02  0.000000e+00
  2.290000e-02  0.000000e+00
  2.230000e-02  0.000000e+00
  2.170000e-02  0.000000e+00
  2.110000e-02  0.000000e+00
  2.060000e-02  0.000000e+00
  2.000000e-02  0.000000e+00
  1.950000e-02  0.000000e+00
  1.900000e-02  0.000000e+00
  1.850000e-02  0.000000e+00
  1.800000e-02  0.000000e+00
  1.760000e-02  0.000000e+00
  1.710000e-02  0.000000e+00
  1.670000e-02  0.000000e+00
  1.630000e-02  0.000000e+00
  1.580000e-02  0.000000e+00
  1.540000e-02  0.000000e+00
  1.500000e-02  0.000000e+00
  1.460000e-02  0.000000e+00
  1.430000e-02  0.000000e+00
  1.390000e-02  0.000000e+00
  1.350000e-02  0.000000e+00
  1.320000e-02  0.000000e+00
  1.280000e-02  0.000000e+00
  1.250000e-02  0.000000e+00
  1.220000e-02  0.000000e+00
  1.190000e-02  0.000000e+00
  1.160000e-02  0.000000e+00
  1.130000e-02  5.040100e-02
  1.100000e-02  5.040100e-02
  1.070000e-02  0.000000e+00
  1.040000e-02  0.000000e+00
  1.010000e-02  6.703330e+00
