  4.934820e+03  4.878150e-01
  4.806990e+03  0.000000e+00
  4.682470e+03  0.000000e+00
  4.561180e+03  0.000000e+00
  4.443030e+03  0.000000e+00
  4.327940e+03  0.000000e+00
  4.215830e+03  0.000000e+00
  4.106630e+03  0.000000e+00
  4.000250e+03  0.000000e+00
  3.896630e+03  0.000000e+00
  3.795700e+03  0.000000e+00
  3.697380e+03  0.000000e+00
  3.601600e+03  0.000000e+00
  3.508310e+03  0.000000e+00
  3.417430e+03  0.000000e+00
  3.328910e+03  0.000000e+00
  3.242680e+03  0.000000e+00
  3.158680e+03  0.000000e+00
  3.076860e+03  0.000000e+00
  2.997160e+03  0.000000e+00
  2.919530e+03  0.000000e+00
  2.843900e+03  0.000000e+00
  2.770230e+03  0.000000e+00
  2.698480e+03  4.878150e-01
  2.628580e+03  4.878150e-01
  2.560490e+03  0.000000e+00
  2.494160e+03  0.000000e+00
  2.429550e+03  0.000000e+00
  2.366620e+03  0.000000e+00
  2.305320e+03  0.000000e+00
  2.245600e+03  0.000000e+00
  2.187430e+03  0.000000e+00
  2.130770e+03  0.000000e+00
  2.075580e+03  0.000000e+00
  2.021810e+03  0.000000e+00
  1.969440e+03  0.000000e+00
  1.918430e+03  4.878150e-01
  1.868730e+03  0.000000e+00
  1.820330e+03  0.000000e+00
  1.773170e+03  0.000000e+00
  1.727240e+03  0.000000e+00
  1.682500e+03  4.878150e-01
  1.638920e+03  0.000000e+00
  1.596470e+03  0.000000e+00
  1.555110e+03  0.000000e+00
  1.514830e+03  0.000000e+00
  1.475590e+03  0.000000e+00
  1.437370e+03  4.878150e-01
  1.400140e+03  0.000000e+00
  1.363870e+03  4.878150e-01
  1.328540e+03  4.878150e-01
  1.294120e+03  9.756300e-01
  1.260600e+03  0.000000e+00
  1.227950e+03  9.756300e-01
  1.196140e+03  4.878150e-01
  1.165160e+03  9.756300e-01
  1.134980e+03  4.878150e-01
  1.105580e+03  1.951280e+00
  1.076940e+03  9.756300e-01
  1.049040e+03  4.878150e-01
  1.021870e+03  1.463445e+00
  9.953980e+02  1.463445e+00
  9.696140e+02  9.756500e-01
  9.444970e+02  4.390355e+00
  9.200320e+02  2.439075e+00
  8.962000e+02  1.463445e+00
  8.729850e+02  4.878150e-01
  8.503720e+02  3.414725e+00
  8.283450e+02  2.926890e+00
  8.068880e+02  2.439075e+00
  7.859870e+02  3.902545e+00
  7.656270e+02  3.414705e+00
  7.457950e+02  4.390355e+00
  7.264760e+02  4.878170e+00
  7.076580e+02  2.926910e+00
  6.893270e+02  5.366025e+00
  6.714710e+02  7.317290e+00
  6.540780e+02  6.829455e+00
  6.371350e+02  1.024416e+01
  6.206310e+02  6.829440e+00
  6.045550e+02  1.268330e+01
  5.888950e+02  1.024424e+01
  5.736410e+02  9.756375e+00
  5.587810e+02  1.561025e+01
  5.443070e+02  1.951275e+01
  5.302080e+02  1.268326e+01
  5.164740e+02  2.097620e+01
  5.030950e+02  1.951270e+01
  4.900630e+02  3.414725e+01
  4.773690e+02  2.536645e+01
  4.650040e+02  3.804975e+01
  4.529580e+02  4.244015e+01
  4.412250e+02  4.292790e+01
  4.297960e+02  4.536700e+01
  4.186630e+02  4.244005e+01
  4.078180e+02  5.853800e+01
  3.972540e+02  7.853865e+01
  3.869640e+02  7.414860e+01
  3.769400e+02  8.488005e+01
  3.671770e+02  1.009779e+02
  3.576650e+02  1.131735e+02
  3.484010e+02  1.234165e+02
  3.393760e+02  1.531735e+02
  3.305850e+02  1.512230e+02
  3.220220e+02  1.790280e+02
  3.136800e+02  2.151260e+02
  3.055550e+02  2.204920e+02
  2.976400e+02  2.526890e+02
  2.899300e+02  3.146410e+02
  2.824200e+02  3.370810e+02
  2.751040e+02  3.731805e+02
  2.679780e+02  4.004970e+02
  2.610370e+02  4.814760e+02
  2.542750e+02  5.214755e+02
  2.476890e+02  5.814775e+02
  2.412730e+02  6.278199e+02
  2.350230e+02  7.385530e+02
  2.289350e+02  8.341655e+02
  2.230050e+02  9.263675e+02
  2.172280e+02  1.053195e+03
  2.116010e+02  1.173195e+03
  2.061200e+02  1.319550e+03
  2.007810e+02  1.449310e+03
  1.955800e+02  1.677595e+03
  1.905140e+02  1.845885e+03
  1.855790e+02  2.079070e+03
  1.807720e+02  2.302000e+03
  1.760890e+02  2.613240e+03
  1.715280e+02  2.800550e+03
  1.670850e+02  3.196190e+03
  1.627570e+02  3.550810e+03
  1.585410e+02  3.938630e+03
  1.544340e+02  4.336685e+03
  1.504340e+02  4.817190e+03
  1.465370e+02  5.299645e+03
  1.427410e+02  5.848435e+03
  1.390440e+02  6.312340e+03
  1.354420e+02  7.087490e+03
  1.319340e+02  7.630430e+03
  1.285160e+02  8.368490e+03
  1.251870e+02  9.160715e+03
  1.219440e+02  9.945035e+03
  1.187850e+02  1.079630e+04
  1.157090e+02  1.186360e+04
  1.127110e+02  1.279065e+04
  1.097920e+02  1.403355e+04
  1.069480e+02  1.506000e+04
  1.041770e+02  1.643640e+04
  1.014790e+02  1.778480e+04
  9.885030e+01  1.900680e+04
  9.628970e+01  2.065215e+04
  9.379550e+01  2.181515e+04
  9.136590e+01  2.383470e+04
  8.899920e+01  2.533275e+04
  8.669380e+01  2.714345e+04
  8.444820e+01  2.892700e+04
  8.226070e+01  3.038170e+04
  8.012980e+01  3.263185e+04
  7.805420e+01  3.425790e+04
  7.603240e+01  3.627160e+04
  7.406290e+01  3.776680e+04
  7.214440e+01  3.968585e+04
  7.027560e+01  4.153855e+04
  6.845520e+01  4.328245e+04
  6.668200e+01  4.453575e+04
  6.495470e+01  4.582545e+04
  6.327220e+01  4.747285e+04
  6.163320e+01  4.851835e+04
  6.003670e+01  4.972855e+04
  5.848160e+01  5.028370e+04
  5.696670e+01  5.107920e+04
  5.549110e+01  5.247010e+04
  5.405370e+01  5.257130e+04
  5.265350e+01  5.284220e+04
  5.128960e+01  5.303700e+04
  4.996100e+01  5.319240e+04
  4.866690e+01  5.251785e+04
  4.740620e+01  5.232365e+04
  4.617830e+01  5.177140e+04
  4.498210e+01  5.103775e+04
  4.381690e+01  5.060180e+04
  4.268190e+01  5.001735e+04
  4.157630e+01  4.919380e+04
  4.049930e+01  4.828360e+04
  3.945030e+01  4.718740e+04
  3.842840e+01  4.628880e+04
  3.743290e+01  4.536015e+04
  3.646330e+01  4.433410e+04
  3.551880e+01  4.337915e+04
  3.459870e+01  4.216100e+04
  3.370250e+01  4.053180e+04
  3.282950e+01  3.950940e+04
  3.197910e+01  3.812045e+04
  3.115070e+01  3.648905e+04
  3.034380e+01  3.539255e+04
  2.955780e+01  3.387940e+04
  2.879220e+01  3.255110e+04
  2.804640e+01  3.114080e+04
  2.731990e+01  2.997930e+04
  2.661220e+01  2.834270e+04
  2.592290e+01  2.720315e+04
  2.525140e+01  2.628750e+04
  2.459730e+01  2.473815e+04
  2.396010e+01  2.395380e+04
  2.333950e+01  2.266495e+04
  2.273490e+01  2.167310e+04
  2.214600e+01  2.098685e+04
  2.157230e+01  2.002730e+04
  2.101350e+01  1.913410e+04
  2.046920e+01  1.858740e+04
  1.993900e+01  1.772040e+04
  1.942250e+01  1.720000e+04
  1.891940e+01  1.632630e+04
  1.842930e+01  1.549250e+04
  1.795200e+01  1.478370e+04
  1.748690e+01  1.370710e+04
  1.703400e+01  1.272805e+04
  1.659270e+01  1.166225e+04
  1.616290e+01  1.073235e+04
  1.574430e+01  9.995325e+03
  1.533640e+01  9.022175e+03
  1.493920e+01  8.376305e+03
  1.455220e+01  7.698730e+03
  1.417520e+01  7.116275e+03
  1.380800e+01  6.696260e+03
  1.345040e+01  6.433815e+03
  1.310200e+01  6.407960e+03
  1.276260e+01  6.427955e+03
  1.243200e+01  6.568455e+03
  1.211000e+01  6.791865e+03
  1.179630e+01  6.954315e+03
  1.149070e+01  7.096760e+03
  1.119310e+01  7.340170e+03
  1.090310e+01  7.675795e+03
  1.062070e+01  7.989440e+03
  1.034560e+01  8.246061e+03
  1.007760e+01  8.222641e+03
  9.816600e+00  8.371410e+03
  9.562300e+00  8.120680e+03
  9.314600e+00  7.587505e+03
  9.073300e+00  6.486985e+03
  8.838300e+00  5.498185e+03
  8.609300e+00  4.391320e+03
  8.386300e+00  3.618135e+03
  8.169100e+00  2.865435e+03
  7.957500e+00  2.239065e+03
  7.751400e+00  1.862490e+03
  7.550600e+00  1.617110e+03
  7.355000e+00  1.449290e+03
  7.164500e+00  1.337100e+03
  6.978900e+00  1.265875e+03
  6.798100e+00  1.236620e+03
  6.622000e+00  1.144415e+03
  6.450500e+00  1.090760e+03
  6.283400e+00  1.052705e+03
  6.120600e+00  1.030755e+03
  5.962100e+00  1.017095e+03
  5.807600e+00  9.639235e+02
  5.657200e+00  9.395400e+02
  5.510700e+00  9.566075e+02
  5.367900e+00  9.019725e+02
  5.228900e+00  8.405070e+02
  5.093400e+00  8.258715e+02
  4.961500e+00  8.039210e+02
  4.833000e+00  7.439205e+02
  4.707800e+00  7.356270e+02
  4.585800e+00  6.814805e+02
  4.467100e+00  6.775775e+02
  4.351300e+00  6.409900e+02
  4.238600e+00  6.361125e+02
  4.128800e+00  6.156250e+02
  4.021900e+00  6.078190e+02
  3.917700e+00  5.619650e+02
  3.816200e+00  4.936690e+02
  3.717400e+00  5.092795e+02
  3.621100e+00  5.024505e+02
  3.527300e+00  4.912300e+02
  3.435900e+00  4.453760e+02
  3.346900e+00  4.224495e+02
  3.260200e+00  3.868385e+02
  3.175800e+00  3.312285e+02
  3.093500e+00  2.931780e+02
  3.013400e+00  2.287865e+02
  2.935300e+00  2.409815e+02
  2.859300e+00  2.712265e+02
  2.785200e+00  2.741530e+02
  2.713100e+00  3.190325e+02
  2.642800e+00  3.536670e+02
  2.574300e+00  3.409845e+02
  2.507600e+00  3.214715e+02
  2.442700e+00  3.136665e+02
  2.379400e+00  2.892755e+02
  2.317800e+00  2.931775e+02
  2.257700e+00  2.902510e+02
  2.199300e+00  2.936645e+02
  2.142300e+00  2.722015e+02
  2.086800e+00  2.868350e+02
  2.032700e+00  2.770795e+02
  1.980100e+00  2.946410e+02
  1.928800e+00  2.629340e+02
  1.878800e+00  2.507375e+02
  1.830200e+00  2.975690e+02
  1.782800e+00  5.214755e+02
  1.736600e+00  3.131775e+02
  1.691600e+00  2.702510e+02
  1.647800e+00  2.361040e+02
  1.605100e+00  2.282970e+02
  1.563500e+00  2.131755e+02
  1.523000e+00  2.185420e+02
  1.483600e+00  1.902490e+02
  1.445100e+00  1.921985e+02
  1.407700e+00  1.887845e+02
  1.371200e+00  1.907355e+02
  1.335700e+00  1.990280e+02
  1.301100e+00  1.609785e+02
  1.267400e+00  1.473205e+02
  1.234600e+00  1.678090e+02
  1.202600e+00  1.561015e+02
  1.171500e+00  1.565885e+02
  1.141100e+00  1.780535e+02
  1.111600e+00  1.273205e+02
  1.082800e+00  1.112225e+02
  1.054700e+00  1.731745e+02
  1.027400e+00  1.268325e+02
  1.000800e+00  1.048801e+02
  9.749000e-01  1.604910e+02
  9.496000e-01  1.117100e+02
  9.250000e-01  1.063450e+02
  9.010000e-01  1.297590e+02
  8.777000e-01  1.404910e+02
  8.550000e-01  1.492720e+02
  8.328000e-01  1.702485e+02
  8.113000e-01  1.839055e+02
  7.902000e-01  1.907360e+02
  7.698000e-01  1.980535e+02
  7.498000e-01  2.112240e+02
  7.304000e-01  2.341520e+02
  7.115000e-01  2.312245e+02
  6.931000e-01  6.336730e+02
  6.751000e-01  4.545970e+03
  6.576000e-01  3.009340e+03
  6.406000e-01  1.007980e+04
  6.240000e-01  3.352265e+03
  6.078000e-01  4.497670e+02
  5.921000e-01  3.722045e+02
  5.767000e-01  3.736670e+02
  5.618000e-01  4.131810e+02
  5.472000e-01  4.117180e+02
  5.331000e-01  4.907440e+02
  5.193000e-01  5.039140e+02
  5.058000e-01  5.263535e+02
  4.927000e-01  1.009300e+03
  4.799000e-01  1.127825e+03
  4.675000e-01  7.078205e+02
  4.554000e-01  5.770880e+02
  4.436000e-01  1.337100e+03
  4.321000e-01  1.432710e+03
  4.209000e-01  1.314190e+03
  4.100000e-01  7.678240e+02
  3.994000e-01  1.566860e+03
  3.891000e-01  2.066865e+03
  3.790000e-01  1.964910e+03
  3.692000e-01  6.746500e+02
  3.596000e-01  5.361105e+02
  3.503000e-01  5.644025e+02
  3.412000e-01  5.170850e+02
  3.324000e-01  6.078185e+02
  3.238000e-01  5.000120e+02
  3.154000e-01  3.858625e+02
  3.072000e-01  7.180660e+02
  2.992000e-01  9.834420e+02
  2.915000e-01  1.001969e+03
  2.839000e-01  9.156335e+02
  2.766000e-01  3.907420e+02
  2.694000e-01  9.488010e+02
  2.624000e-01  2.125415e+03
  2.556000e-01  2.241035e+03
  2.490000e-01  8.297755e+02
  2.426000e-01  5.195235e+02
  2.363000e-01  6.878199e+02
  2.302000e-01  5.575745e+02
  2.242000e-01  3.907410e+02
  2.184000e-01  4.165945e+02
  2.127000e-01  4.609860e+02
  2.072000e-01  3.404960e+02
  2.019000e-01  3.678130e+02
  1.966000e-01  5.819640e+02
  1.915000e-01  3.204960e+02
  1.866000e-01  2.614690e+02
  1.817000e-01  1.434170e+02
  1.770000e-01  1.321970e+02
  1.725000e-01  1.800030e+02
  1.680000e-01  4.029355e+02
  1.636000e-01  5.414745e+02
  1.594000e-01  5.512315e+02
  1.553000e-01  6.736740e+02
  1.512000e-01  6.648930e+02
  1.473000e-01  7.170900e+02
  1.435000e-01  1.234675e+03
  1.398000e-01  7.234310e+02
  1.362000e-01  6.409900e+02
  1.326000e-01  6.044050e+02
  1.292000e-01  5.931850e+02
  1.259000e-01  7.302610e+02
  1.226000e-01  1.638585e+03
  1.194000e-01  1.257095e+03
  1.163000e-01  8.936800e+02
  1.133000e-01  9.361180e+02
  1.104000e-01  9.507555e+02
  1.075000e-01  1.062465e+03
  1.047000e-01  1.100515e+03
  1.020000e-01  1.239050e+03
  9.940000e-02  1.321005e+03
  9.680000e-02  1.355645e+03
  9.430000e-02  1.476140e+03
  9.190000e-02  1.567835e+03
  8.950000e-02  1.629800e+03
  8.720000e-02  1.624915e+03
  8.490000e-02  1.672710e+03
  8.270000e-02  1.650780e+03
  8.060000e-02  1.672235e+03
  7.850000e-02  1.711260e+03
  7.640000e-02  1.693215e+03
  7.450000e-02  1.657115e+03
  7.250000e-02  1.645405e+03
  7.070000e-02  1.667345e+03
  6.880000e-02  1.636630e+03
  6.700000e-02  1.619065e+03
  6.530000e-02  1.587840e+03
  6.360000e-02  1.536130e+03
  6.200000e-02  1.465390e+03
  6.040000e-02  1.381495e+03
  5.880000e-02  1.256615e+03
  5.730000e-02  1.221005e+03
  5.580000e-02  1.106850e+03
  5.430000e-02  1.037095e+03
  5.290000e-02  9.166055e+02
  5.160000e-02  8.434340e+02
  5.020000e-02  7.634320e+02
  4.890000e-02  7.702615e+02
  4.770000e-02  7.029420e+02
  4.640000e-02  6.580640e+02
  4.520000e-02  6.322104e+02
  4.410000e-02  5.863550e+02
  4.290000e-02  5.239160e+02
  4.180000e-02  5.014750e+02
  4.070000e-02  4.644015e+02
  3.970000e-02  4.195220e+02
  3.860000e-02  3.643975e+02
  3.760000e-02  3.229345e+02
  3.670000e-02  2.985435e+02
  3.570000e-02  2.863490e+02
  3.480000e-02  2.512260e+02
  3.390000e-02  2.497625e+02
  3.300000e-02  1.907360e+02
  3.220000e-02  1.790280e+02
  3.130000e-02  1.443930e+02
  3.050000e-02  1.361005e+02
  2.970000e-02  1.156125e+02
  2.890000e-02  1.014664e+02
  2.820000e-02  8.731930e+01
  2.750000e-02  7.268480e+01
  2.680000e-02  6.585550e+01
  2.610000e-02  5.658680e+01
  2.540000e-02  5.024515e+01
  2.470000e-02  3.609830e+01
  2.410000e-02  3.414720e+01
  2.350000e-02  2.048840e+01
  2.290000e-02  2.097620e+01
  2.230000e-02  1.707370e+01
  2.170000e-02  1.317110e+01
  2.110000e-02  1.121986e+01
  2.060000e-02  8.292920e+00
  2.000000e-02  9.756380e+00
  1.950000e-02  9.268595e+00
  1.900000e-02  5.853820e+00
  1.850000e-02  6.829435e+00
  1.800000e-02  3.414725e+00
  1.760000e-02  1.951260e+00
  1.710000e-02  2.926890e+00
  1.670000e-02  1.463445e+00
  1.630000e-02  1.463445e+00
  1.580000e-02  1.951260e+00
  1.540000e-02  9.756300e-01
  1.500000e-02  2.439075e+00
  1.460000e-02  1.951260e+00
  1.430000e-02  1.463445e+00
  1.390000e-02  2.926890e+00
  1.350000e-02  1.951260e+00
  1.320000e-02  0.000000e+00
  1.280000e-02  0.000000e+00
  1.250000e-02  0.000000e+00
  1.220000e-02  9.756300e-01
  1.190000e-02  9.756300e-01
  1.160000e-02  0.000000e+00
  1.130000e-02  0.000000e+00
  1.100000e-02  4.439125e+01
  1.070000e-02  6.634300e+01
  1.040000e-02  6.390430e+01
  1.010000e-02  5.253790e+02
