  4.934820e+03  8.070100e-02
  4.806990e+03  0.000000e+00
  4.682470e+03  0.000000e+00
  4.561180e+03  4.035050e-02
  4.443030e+03  0.000000e+00
  4.327940e+03  0.000000e+00
  4.215830e+03  0.000000e+00
  4.106630e+03  0.000000e+00
  4.000250e+03  0.000000e+00
  3.896630e+03  0.000000e+00
  3.795700e+03  0.000000e+00
  3.697380e+03  8.070100e-02
  3.601600e+03  0.000000e+00
  3.508310e+03  4.035050e-02
  3.417430e+03  0.000000e+00
  3.328910e+03  0.000000e+00
  3.242680e+03  0.000000e+00
  3.158680e+03  8.070100e-02
  3.076860e+03  0.000000e+00
  2.997160e+03  0.000000e+00
  2.919530e+03  0.000000e+00
  2.843900e+03  4.035050e-02
  2.770230e+03  4.035050e-02
  2.698480e+03  0.000000e+00
  2.628580e+03  8.070100e-02
  2.560490e+03  4.035050e-02
  2.494160e+03  0.000000e+00
  2.429550e+03  8.070100e-02
  2.366620e+03  8.070100e-02
  2.305320e+03  4.035050e-02
  2.245600e+03  1.210515e-01
  2.187430e+03  0.000000e+00
  2.130770e+03  2.017515e-01
  2.075580e+03  1.210515e-01
  2.021810e+03  1.614020e-01
  1.969440e+03  2.017525e-01
  1.918430e+03  8.070100e-02
  1.868730e+03  2.017515e-01
  1.820330e+03  2.017515e-01
  1.773170e+03  1.614010e-01
  1.727240e+03  1.614010e-01
  1.682500e+03  2.824535e-01
  1.638920e+03  2.421015e-01
  1.596470e+03  4.438535e-01
  1.555110e+03  8.070055e-01
  1.514830e+03  8.473515e-01
  1.475590e+03  8.877020e-01
  1.437370e+03  2.824525e-01
  1.400140e+03  6.456035e-01
  1.363870e+03  4.035035e-01
  1.328540e+03  7.666530e-01
  1.294120e+03  8.070040e-01
  1.260600e+03  8.473530e-01
  1.227950e+03  1.049102e+00
  1.196140e+03  1.049103e+00
  1.165160e+03  8.877025e-01
  1.134980e+03  1.452600e+00
  1.105580e+03  1.654350e+00
  1.076940e+03  1.654350e+00
  1.049040e+03  1.331550e+00
  1.021870e+03  2.017505e+00
  9.953980e+02  2.138555e+00
  9.696140e+02  2.138560e+00
  9.444970e+02  2.299955e+00
  9.200320e+02  3.066610e+00
  8.962000e+02  3.510475e+00
  8.729850e+02  2.824515e+00
  8.503720e+02  4.640295e+00
  8.283450e+02  4.801705e+00
  8.068880e+02  4.801705e+00
  7.859870e+02  5.568365e+00
  7.656270e+02  7.343775e+00
  7.457950e+02  8.150775e+00
  7.264760e+02  9.240215e+00
  7.076580e+02  1.081380e+01
  6.893270e+02  1.125765e+01
  6.714710e+02  1.404180e+01
  6.540780e+02  1.545405e+01
  6.371350e+02  1.682595e+01
  6.206310e+02  1.799610e+01
  6.045550e+02  2.199075e+01
  5.888950e+02  2.356440e+01
  5.736410e+02  2.590470e+01
  5.587810e+02  2.897130e+01
  5.443070e+02  3.615380e+01
  5.302080e+02  3.849400e+01
  5.164740e+02  4.486990e+01
  5.030950e+02  4.717005e+01
  4.900630e+02  5.632960e+01
  4.773690e+02  6.427855e+01
  4.650040e+02  6.879774e+01
  4.529580e+02  7.985365e+01
  4.412250e+02  8.635000e+01
  4.297960e+02  9.829380e+01
  4.186630e+02  1.127000e+02
  4.078180e+02  1.294435e+02
  3.972540e+02  1.434460e+02
  3.869640e+02  1.652765e+02
  3.769400e+02  1.852490e+02
  3.671770e+02  2.023180e+02
  3.576650e+02  2.321355e+02
  3.484010e+02  2.610270e+02
  3.393760e+02  2.937115e+02
  3.305850e+02  3.282515e+02
  3.220220e+02  3.688040e+02
  3.136800e+02  4.135515e+02
  3.055550e+02  4.655235e+02
  2.976400e+02  5.243550e+02
  2.899300e+02  5.895210e+02
  2.824200e+02  6.491185e+02
  2.751040e+02  7.286895e+02
  2.679780e+02  8.198820e+02
  2.610370e+02  9.282630e+02
  2.542750e+02  1.019130e+03
  2.476890e+02  1.150685e+03
  2.412730e+02  1.275390e+03
  2.350230e+02  1.435055e+03
  2.289350e+02  1.606590e+03
  2.230050e+02  1.800030e+03
  2.172280e+02  2.001945e+03
  2.116010e+02  2.227595e+03
  2.061200e+02  2.492975e+03
  2.007810e+02  2.769375e+03
  1.955800e+02  3.066035e+03
  1.905140e+02  3.405290e+03
  1.855790e+02  3.795625e+03
  1.807720e+02  4.211510e+03
  1.760890e+02  4.669105e+03
  1.715280e+02  5.157550e+03
  1.670850e+02  5.667505e+03
  1.627570e+02  6.180930e+03
  1.585410e+02  6.800755e+03
  1.544340e+02  7.437080e+03
  1.504340e+02  8.163180e+03
  1.465370e+02  8.794480e+03
  1.427410e+02  9.595430e+03
  1.390440e+02  1.038870e+04
  1.354420e+02  1.129425e+04
  1.319340e+02  1.217075e+04
  1.285160e+02  1.312225e+04
  1.251870e+02  1.404565e+04
  1.219440e+02  1.511505e+04
  1.187850e+02  1.621855e+04
  1.157090e+02  1.730820e+04
  1.127110e+02  1.848705e+04
  1.097920e+02  1.968785e+04
  1.069480e+02  2.096100e+04
  1.041770e+02  2.213210e+04
  1.014790e+02  2.344125e+04
  9.885030e+01  2.474465e+04
  9.628970e+01  2.601635e+04
  9.379550e+01  2.725880e+04
  9.136590e+01  2.847730e+04
  8.899920e+01  2.969110e+04
  8.669380e+01  3.078585e+04
  8.444820e+01  3.185630e+04
  8.226070e+01  3.281555e+04
  8.012980e+01  3.370135e+04
  7.805420e+01  3.444735e+04
  7.603240e+01  3.502475e+04
  7.406290e+01  3.541695e+04
  7.214440e+01  3.576635e+04
  7.027560e+01  3.602885e+04
  6.845520e+01  3.594540e+04
  6.668200e+01  3.567140e+04
  6.495470e+01  3.531250e+04
  6.327220e+01  3.499795e+04
  6.163320e+01  3.460120e+04
  6.003670e+01  3.397305e+04
  5.848160e+01  3.346355e+04
  5.696670e+01  3.281495e+04
  5.549110e+01  3.218890e+04
  5.405370e+01  3.096975e+04
  5.265350e+01  2.963260e+04
  5.128960e+01  2.829280e+04
  4.996100e+01  2.690545e+04
  4.866690e+01  2.504540e+04
  4.740620e+01  2.336535e+04
  4.617830e+01  2.170015e+04
  4.498210e+01  2.006960e+04
  4.381690e+01  1.900185e+04
  4.268190e+01  1.790615e+04
  4.157630e+01  1.684625e+04
  4.049930e+01  1.570625e+04
  3.945030e+01  1.474545e+04
  3.842840e+01  1.386460e+04
  3.743290e+01  1.292875e+04
  3.646330e+01  1.204745e+04
  3.551880e+01  1.118290e+04
  3.459870e+01  1.029320e+04
  3.370250e+01  9.410295e+03
  3.282950e+01  8.517335e+03
  3.197910e+01  7.691200e+03
  3.115070e+01  6.932375e+03
  3.034380e+01  6.213860e+03
  2.955780e+01  5.509375e+03
  2.879220e+01  4.889390e+03
  2.804640e+01  4.287360e+03
  2.731990e+01  3.762445e+03
  2.661220e+01  3.260520e+03
  2.592290e+01  2.835875e+03
  2.525140e+01  2.425465e+03
  2.459730e+01  2.076955e+03
  2.396010e+01  1.765925e+03
  2.333950e+01  1.491605e+03
  2.273490e+01  1.267210e+03
  2.214600e+01  1.056205e+03
  2.157230e+01  8.821425e+02
  2.101350e+01  7.416020e+02
  2.046920e+01  6.094135e+02
  1.993900e+01  5.078905e+02
  1.942250e+01  4.187580e+02
  1.891940e+01  3.417285e+02
  1.842930e+01  2.958095e+02
  1.795200e+01  2.473075e+02
  1.748690e+01  2.076840e+02
  1.703400e+01  1.778655e+02
  1.659270e+01  1.532510e+02
  1.616290e+01  1.283150e+02
  1.574430e+01  1.078570e+02
  1.533640e+01  9.413770e+01
  1.493920e+01  7.715020e+01
  1.455220e+01  6.653815e+01
  1.417520e+01  5.362615e+01
  1.380800e+01  4.083460e+01
  1.345040e+01  2.981865e+01
  1.310200e+01  2.473455e+01
  1.276260e+01  1.706805e+01
  1.243200e+01  1.327515e+01
  1.211000e+01  1.053145e+01
  1.179630e+01  8.110425e+00
  1.149070e+01  7.343760e+00
  1.119310e+01  4.721005e+00
  1.090310e+01  4.156100e+00
  1.062070e+01  4.438550e+00
  1.034560e+01  2.864860e+00
  1.007760e+01  2.380660e+00
  9.816600e+00  2.178905e+00
  9.562300e+00  2.259600e+00
  9.314600e+00  1.694705e+00
  9.073300e+00  1.815750e+00
  8.838300e+00  1.654350e+00
  8.609300e+00  3.550825e+00
  8.386300e+00  3.389420e+00
  8.169100e+00  4.196435e+00
  7.957500e+00  6.980630e+00
  7.751400e+00  7.827980e+00
  7.550600e+00  9.643730e+00
  7.355000e+00  1.049105e+01
  7.164500e+00  1.045070e+01
  6.978900e+00  1.057174e+01
  6.798100e+00  1.037000e+01
  6.622000e+00  1.077348e+01
  6.450500e+00  1.137870e+01
  6.283400e+00  1.178220e+01
  6.120600e+00  1.141905e+01
  5.962100e+00  1.210500e+01
  5.807600e+00  1.218570e+01
  5.657200e+00  1.238745e+01
  5.510700e+00  1.222605e+01
  5.367900e+00  1.198395e+01
  5.228900e+00  1.347690e+01
  5.093400e+00  1.351725e+01
  4.961500e+00  1.460670e+01
  4.833000e+00  1.303305e+01
  4.707800e+00  1.384005e+01
  4.585800e+00  1.307340e+01
  4.467100e+00  1.198395e+01
  4.351300e+00  1.392075e+01
  4.238600e+00  1.384005e+01
  4.128800e+00  1.323480e+01
  4.021900e+00  1.492950e+01
  3.917700e+00  1.355760e+01
  3.816200e+00  1.246815e+01
  3.717400e+00  1.315410e+01
  3.621100e+00  1.182255e+01
  3.527300e+00  1.271025e+01
  3.435900e+00  1.214535e+01
  3.346900e+00  1.242780e+01
  3.260200e+00  1.166115e+01
  3.175800e+00  1.004717e+01
  3.093500e+00  7.787620e+00
  3.013400e+00  5.850815e+00
  2.935300e+00  6.940280e+00
  2.859300e+00  9.643740e+00
  2.785200e+00  9.361256e+00
  2.713100e+00  1.053135e+01
  2.642800e+00  1.093485e+01
  2.574300e+00  1.041030e+01
  2.507600e+00  9.361244e+00
  2.442700e+00  9.482325e+00
  2.379400e+00  1.073318e+01
  2.317800e+00  8.836725e+00
  2.257700e+00  9.684031e+00
  2.199300e+00  9.078805e+00
  2.142300e+00  9.401620e+00
  2.086800e+00  7.706925e+00
  2.032700e+00  7.706930e+00
  1.980100e+00  7.989375e+00
  1.928800e+00  6.980630e+00
  1.878800e+00  7.505175e+00
  1.830200e+00  6.617480e+00
  1.782800e+00  6.456065e+00
  1.736600e+00  7.020965e+00
  1.691600e+00  6.213985e+00
  1.647800e+00  5.850820e+00
  1.605100e+00  5.003465e+00
  1.563500e+00  3.752585e+00
  1.523000e+00  3.913985e+00
  1.483600e+00  4.357840e+00
  1.445100e+00  3.510465e+00
  1.407700e+00  3.833285e+00
  1.371200e+00  3.308720e+00
  1.335700e+00  3.550825e+00
  1.301100e+00  3.026275e+00
  1.267400e+00  2.542065e+00
  1.234600e+00  2.824510e+00
  1.202600e+00  2.663115e+00
  1.171500e+00  2.340300e+00
  1.141100e+00  2.542065e+00
  1.111600e+00  2.017505e+00
  1.082800e+00  1.977150e+00
  1.054700e+00  2.017510e+00
  1.027400e+00  1.815750e+00
  1.000800e+00  1.533300e+00
  9.749000e-01  1.573655e+00
  9.496000e-01  1.049101e+00
  9.250000e-01  1.654350e+00
  9.010000e-01  2.017500e+00
  8.777000e-01  1.250850e+00
  8.550000e-01  1.452600e+00
  8.328000e-01  1.170150e+00
  8.113000e-01  2.178915e+00
  7.902000e-01  1.492955e+00
  7.698000e-01  1.735055e+00
  7.498000e-01  1.573650e+00
  7.304000e-01  1.412250e+00
  7.115000e-01  1.291205e+00
  6.931000e-01  1.977150e+00
  6.751000e-01  2.340305e+00
  6.576000e-01  3.510470e+00
  6.406000e-01  2.622760e+00
  6.240000e-01  2.299950e+00
  6.078000e-01  1.815755e+00
  5.921000e-01  2.380650e+00
  5.767000e-01  1.977155e+00
  5.618000e-01  2.340300e+00
  5.472000e-01  2.421010e+00
  5.331000e-01  3.147325e+00
  5.193000e-01  2.340315e+00
  5.058000e-01  2.743810e+00
  4.927000e-01  1.815750e+00
  4.799000e-01  2.057850e+00
  4.675000e-01  1.977160e+00
  4.554000e-01  2.098205e+00
  4.436000e-01  3.147325e+00
  4.321000e-01  2.259600e+00
  4.209000e-01  1.573650e+00
  4.100000e-01  2.299950e+00
  3.994000e-01  3.187665e+00
  3.891000e-01  3.187665e+00
  3.790000e-01  3.026275e+00
  3.692000e-01  3.187675e+00
  3.596000e-01  2.501710e+00
  3.503000e-01  2.421005e+00
  3.412000e-01  2.622760e+00
  3.324000e-01  1.856100e+00
  3.238000e-01  2.259600e+00
  3.154000e-01  2.259610e+00
  3.072000e-01  2.380655e+00
  2.992000e-01  3.066610e+00
  2.915000e-01  3.712235e+00
  2.839000e-01  3.228015e+00
  2.766000e-01  3.429785e+00
  2.694000e-01  2.703460e+00
  2.624000e-01  2.703470e+00
  2.556000e-01  2.461360e+00
  2.490000e-01  2.582415e+00
  2.426000e-01  2.219255e+00
  2.363000e-01  1.170150e+00
  2.302000e-01  1.735050e+00
  2.242000e-01  1.089453e+00
  2.184000e-01  1.492950e+00
  2.127000e-01  9.684016e-01
  2.072000e-01  8.473550e-01
  2.019000e-01  7.263035e-01
  1.966000e-01  6.052545e-01
  1.915000e-01  6.456030e-01
  1.866000e-01  8.070030e-01
  1.817000e-01  4.842040e-01
  1.770000e-01  4.842040e-01
  1.725000e-01  5.649030e-01
  1.680000e-01  8.070100e-02
  1.636000e-01  6.052545e-01
  1.594000e-01  1.614020e-01
  1.553000e-01  3.228040e-01
  1.512000e-01  2.824525e-01
  1.473000e-01  1.614020e-01
  1.435000e-01  1.614020e-01
  1.398000e-01  8.070100e-02
  1.362000e-01  1.210515e-01
  1.326000e-01  8.070100e-02
  1.292000e-01  4.035050e-02
  1.259000e-01  0.000000e+00
  1.226000e-01  8.070100e-02
  1.194000e-01  1.614020e-01
  1.163000e-01  8.070100e-02
  1.133000e-01  0.000000e+00
  1.104000e-01  8.070100e-02
  1.075000e-01  4.035050e-02
  1.047000e-01  0.000000e+00
  1.020000e-01  0.000000e+00
  9.940000e-02  4.035050e-02
  9.680000e-02  0.000000e+00
  9.430000e-02  0.000000e+00
  9.190000e-02  0.000000e+00
  8.950000e-02  0.000000e+00
  8.720000e-02  0.000000e+00
  8.490000e-02  0.000000e+00
  8.270000e-02  0.000000e+00
  8.060000e-02  0.000000e+00
  7.850000e-02  0.000000e+00
  7.640000e-02  0.000000e+00
  7.450000e-02  0.000000e+00
  7.250000e-02  0.000000e+00
  7.070000e-02  0.000000e+00
  6.880000e-02  0.000000e+00
  6.700000e-02  0.000000e+00
  6.530000e-02  0.000000e+00
  6.360000e-02  0.000000e+00
  6.200000e-02  0.000000e+00
  6.040000e-02  0.000000e+00
  5.880000e-02  0.000000e+00
  5.730000e-02  0.000000e+00
  5.580000e-02  0.000000e+00
  5.430000e-02  0.000000e+00
  5.290000e-02  0.000000e+00
  5.160000e-02  0.000000e+00
  5.020000e-02  0.000000e+00
  4.890000e-02  0.000000e+00
  4.770000e-02  0.000000e+00
  4.640000e-02  0.000000e+00
  4.520000e-02  0.000000e+00
  4.410000e-02  0.000000e+00
  4.290000e-02  4.035050e-02
  4.180000e-02  0.000000e+00
  4.070000e-02  0.000000e+00
  3.970000e-02  0.000000e+00
  3.860000e-02  0.000000e+00
  3.760000e-02  0.000000e+00
  3.670000e-02  0.000000e+00
  3.570000e-02  0.000000e+00
  3.480000e-02  0.000000e+00
  3.390000e-02  0.000000e+00
  3.300000e-02  0.000000e+00
  3.220000e-02  0.000000e+00
  3.130000e-02  0.000000e+00
  3.050000e-02  0.000000e+00
  2.970000e-02  0.000000e+00
  2.890000e-02  0.000000e+00
  2.820000e-02  0.000000e+00
  2.750000e-02  0.000000e+00
  2.680000e-02  0.000000e+00
  2.610000e-02  0.000000e+00
  2.540000e-02  0.000000e+00
  2.470000e-02  0.000000e+00
  2.410000e-02  0.000000e+00
  2.350000e-02  0.000000e+00
  2.290000e-02  0.000000e+00
  2.230000e-02  0.000000e+00
  2.170000e-02  0.000000e+00
  2.110000e-02  0.000000e+00
  2.060000e-02  0.000000e+00
  2.000000e-02  0.000000e+00
  1.950000e-02  0.000000e+00
  1.900000e-02  0.000000e+00
  1.850000e-02  0.000000e+00
  1.800000e-02  0.000000e+00
  1.760000e-02  0.000000e+00
  1.710000e-02  0.000000e+00
  1.670000e-02  0.000000e+00
  1.630000e-02  0.000000e+00
  1.580000e-02  0.000000e+00
  1.540000e-02  0.000000e+00
  1.500000e-02  0.000000e+00
  1.460000e-02  0.000000e+00
  1.430000e-02  0.000000e+00
  1.390000e-02  0.000000e+00
  1.350000e-02  0.000000e+00
  1.320000e-02  0.000000e+00
  1.280000e-02  0.000000e+00
  1.250000e-02  0.000000e+00
  1.220000e-02  0.000000e+00
  1.190000e-02  0.000000e+00
  1.160000e-02  0.000000e+00
  1.130000e-02  0.000000e+00
  1.100000e-02  2.017515e-01
  1.070000e-02  3.228020e-01
  1.040000e-02  2.421030e-01
  1.010000e-02  8.877045e-01
