  4.934820e+03  0.000000e+00
  4.806990e+03  0.000000e+00
  4.682470e+03  0.000000e+00
  4.561180e+03  0.000000e+00
  4.443030e+03  0.000000e+00
  4.327940e+03  0.000000e+00
  4.215830e+03  0.000000e+00
  4.106630e+03  0.000000e+00
  4.000250e+03  0.000000e+00
  3.896630e+03  0.000000e+00
  3.795700e+03  0.000000e+00
  3.697380e+03  0.000000e+00
  3.601600e+03  0.000000e+00
  3.508310e+03  0.000000e+00
  3.417430e+03  0.000000e+00
  3.328910e+03  0.000000e+00
  3.242680e+03  0.000000e+00
  3.158680e+03  0.000000e+00
  3.076860e+03  0.000000e+00
  2.997160e+03  0.000000e+00
  2.919530e+03  3.235600e-01
  2.843900e+03  0.000000e+00
  2.770230e+03  0.000000e+00
  2.698480e+03  0.000000e+00
  2.628580e+03  0.000000e+00
  2.560490e+03  0.000000e+00
  2.494160e+03  3.235600e-01
  2.429550e+03  0.000000e+00
  2.366620e+03  0.000000e+00
  2.305320e+03  3.235600e-01
  2.245600e+03  0.000000e+00
  2.187430e+03  0.000000e+00
  2.130770e+03  0.000000e+00
  2.075580e+03  0.000000e+00
  2.021810e+03  3.235600e-01
  1.969440e+03  0.000000e+00
  1.918430e+03  0.000000e+00
  1.868730e+03  3.235600e-01
  1.820330e+03  3.235600e-01
  1.773170e+03  0.000000e+00
  1.727240e+03  0.000000e+00
  1.682500e+03  3.235600e-01
  1.638920e+03  0.000000e+00
  1.596470e+03  3.235600e-01
  1.555110e+03  3.235600e-01
  1.514830e+03  0.000000e+00
  1.475590e+03  0.000000e+00
  1.437370e+03  3.235600e-01
  1.400140e+03  6.471200e-01
  1.363870e+03  3.235600e-01
  1.328540e+03  3.235600e-01
  1.294120e+03  0.000000e+00
  1.260600e+03  9.706600e-01
  1.227950e+03  6.471200e-01
  1.196140e+03  0.000000e+00
  1.165160e+03  3.235600e-01
  1.134980e+03  6.471200e-01
  1.105580e+03  9.706600e-01
  1.076940e+03  3.235600e-01
  1.049040e+03  6.471200e-01
  1.021870e+03  1.294240e+00
  9.953980e+02  3.235600e-01
  9.696140e+02  1.294240e+00
  9.444970e+02  6.471200e-01
  9.200320e+02  2.264920e+00
  8.962000e+02  1.617800e+00
  8.729850e+02  1.941360e+00
  8.503720e+02  1.617800e+00
  8.283450e+02  1.941360e+00
  8.068880e+02  2.912000e+00
  7.859870e+02  2.264900e+00
  7.656270e+02  2.588440e+00
  7.457950e+02  1.941340e+00
  7.264760e+02  4.206280e+00
  7.076580e+02  4.206240e+00
  6.893270e+02  5.500420e+00
  6.714710e+02  6.794720e+00
  6.540780e+02  4.206240e+00
  6.371350e+02  5.500480e+00
  6.206310e+02  6.471140e+00
  6.045550e+02  5.500540e+00
  5.888950e+02  6.794720e+00
  5.736410e+02  9.383240e+00
  5.587810e+02  7.118220e+00
  5.443070e+02  6.794760e+00
  5.302080e+02  7.441870e+00
  5.164740e+02  1.261880e+01
  5.030950e+02  1.358945e+01
  4.900630e+02  1.229515e+01
  4.773690e+02  1.164805e+01
  4.650040e+02  1.617805e+01
  4.529580e+02  2.038440e+01
  4.412250e+02  2.200210e+01
  4.297960e+02  2.879695e+01
  4.186630e+02  2.717915e+01
  4.078180e+02  2.491420e+01
  3.972540e+02  3.397395e+01
  3.869640e+02  3.818025e+01
  3.769400e+02  4.465150e+01
  3.671770e+02  5.176985e+01
  3.576650e+02  5.047560e+01
  3.484010e+02  6.535950e+01
  3.393760e+02  7.247790e+01
  3.305850e+02  7.086025e+01
  3.220220e+02  8.800840e+01
  3.136800e+02  9.286180e+01
  3.055550e+02  1.083936e+02
  2.976400e+02  1.038630e+02
  2.899300e+02  1.294245e+02
  2.824200e+02  1.420435e+02
  2.751040e+02  1.546620e+02
  2.679780e+02  1.708410e+02
  2.610370e+02  1.970500e+02
  2.542750e+02  2.326405e+02
  2.476890e+02  2.649960e+02
  2.412730e+02  2.666150e+02
  2.350230e+02  2.989690e+02
  2.289350e+02  3.549480e+02
  2.230050e+02  3.824505e+02
  2.172280e+02  4.290430e+02
  2.116010e+02  4.779015e+02
  2.061200e+02  5.283760e+02
  2.007810e+02  5.992370e+02
  1.955800e+02  6.468010e+02
  1.905140e+02  7.513105e+02
  1.855790e+02  8.467595e+02
  1.807720e+02  9.218255e+02
  1.760890e+02  1.063230e+03
  1.715280e+02  1.124390e+03
  1.670850e+02  1.261565e+03
  1.627570e+02  1.412665e+03
  1.585410e+02  1.554715e+03
  1.544340e+02  1.658595e+03
  1.504340e+02  1.872455e+03
  1.465370e+02  2.063040e+03
  1.427410e+02  2.269140e+03
  1.390440e+02  2.439005e+03
  1.354420e+02  2.671640e+03
  1.319340e+02  3.016895e+03
  1.285160e+02  3.210715e+03
  1.251870e+02  3.508375e+03
  1.219440e+02  3.759140e+03
  1.187850e+02  4.117975e+03
  1.157090e+02  4.514345e+03
  1.127110e+02  4.909405e+03
  1.097920e+02  5.270845e+03
  1.069480e+02  5.749055e+03
  1.041770e+02  6.244435e+03
  1.014790e+02  6.642415e+03
  9.885030e+01  7.285665e+03
  9.628970e+01  7.825340e+03
  9.379550e+01  8.364734e+03
  9.136590e+01  9.046465e+03
  8.899920e+01  9.689050e+03
  8.669380e+01  1.045035e+04
  8.444820e+01  1.111695e+04
  8.226070e+01  1.182200e+04
  8.012980e+01  1.269240e+04
  7.805420e+01  1.360155e+04
  7.603240e+01  1.444995e+04
  7.406290e+01  1.538180e+04
  7.214440e+01  1.623920e+04
  7.027560e+01  1.707795e+04
  6.845520e+01  1.813795e+04
  6.668200e+01  1.903520e+04
  6.495470e+01  1.984925e+04
  6.327220e+01  2.067020e+04
  6.163320e+01  2.136700e+04
  6.003670e+01  2.196270e+04
  5.848160e+01  2.231255e+04
  5.696670e+01  2.291665e+04
  5.549110e+01  2.322975e+04
  5.405370e+01  2.376990e+04
  5.265350e+01  2.424970e+04
  5.128960e+01  2.484220e+04
  4.996100e+01  2.515050e+04
  4.866690e+01  2.566480e+04
  4.740620e+01  2.578725e+04
  4.617830e+01  2.608960e+04
  4.498210e+01  2.612670e+04
  4.381690e+01  2.611990e+04
  4.268190e+01  2.582910e+04
  4.157630e+01  2.567110e+04
  4.049930e+01  2.528410e+04
  3.945030e+01  2.484250e+04
  3.842840e+01  2.476675e+04
  3.743290e+01  2.419785e+04
  3.646330e+01  2.377105e+04
  3.551880e+01  2.354820e+04
  3.459870e+01  2.307835e+04
  3.370250e+01  2.252680e+04
  3.282950e+01  2.212320e+04
  3.197910e+01  2.189380e+04
  3.115070e+01  2.142370e+04
  3.034380e+01  2.087485e+04
  2.955780e+01  2.046620e+04
  2.879220e+01  2.013240e+04
  2.804640e+01  1.957650e+04
  2.731990e+01  1.930955e+04
  2.661220e+01  1.870770e+04
  2.592290e+01  1.844890e+04
  2.525140e+01  1.801865e+04
  2.459730e+01  1.764805e+04
  2.396010e+01  1.719080e+04
  2.333950e+01  1.667350e+04
  2.273490e+01  1.633865e+04
  2.214600e+01  1.591505e+04
  2.157230e+01  1.579925e+04
  2.101350e+01  1.522625e+04
  2.046920e+01  1.491050e+04
  1.993900e+01  1.454505e+04
  1.942250e+01  1.410695e+04
  1.891940e+01  1.361290e+04
  1.842930e+01  1.334265e+04
  1.795200e+01  1.278995e+04
  1.748690e+01  1.236015e+04
  1.703400e+01  1.185330e+04
  1.659270e+01  1.162730e+04
  1.616290e+01  1.109340e+04
  1.574430e+01  1.073775e+04
  1.533640e+01  1.037305e+04
  1.493920e+01  9.971275e+03
  1.455220e+01  9.624040e+03
  1.417520e+01  9.107295e+03
  1.380800e+01  8.642016e+03
  1.345040e+01  8.187095e+03
  1.310200e+01  7.746715e+03
  1.276260e+01  7.395325e+03
  1.243200e+01  7.152345e+03
  1.211000e+01  6.991845e+03
  1.179630e+01  6.866315e+03
  1.149070e+01  6.864055e+03
  1.119310e+01  6.929730e+03
  1.090310e+01  6.905785e+03
  1.062070e+01  7.049450e+03
  1.034560e+01  7.231930e+03
  1.007760e+01  7.223850e+03
  9.816600e+00  7.237135e+03
  9.562300e+00  7.126130e+03
  9.314600e+00  6.734300e+03
  9.073300e+00  6.096875e+03
  8.838300e+00  5.443280e+03
  8.609300e+00  4.891295e+03
  8.386300e+00  4.270690e+03
  8.169100e+00  3.960070e+03
  7.957500e+00  3.774025e+03
  7.751400e+00  3.548520e+03
  7.550600e+00  3.508065e+03
  7.355000e+00  3.338835e+03
  7.164500e+00  3.109435e+03
  6.978900e+00  2.909475e+03
  6.798100e+00  2.796870e+03
  6.622000e+00  2.569095e+03
  6.450500e+00  2.404720e+03
  6.283400e+00  2.307320e+03
  6.120600e+00  2.157840e+03
  5.962100e+00  2.010280e+03
  5.807600e+00  1.969525e+03
  5.657200e+00  1.916125e+03
  5.510700e+00  1.884425e+03
  5.367900e+00  1.779275e+03
  5.228900e+00  1.745610e+03
  5.093400e+00  1.642730e+03
  4.961500e+00  1.575100e+03
  4.833000e+00  1.532060e+03
  4.707800e+00  1.561825e+03
  4.585800e+00  1.456355e+03
  4.467100e+00  1.414935e+03
  4.351300e+00  1.374495e+03
  4.238600e+00  1.360580e+03
  4.128800e+00  1.276760e+03
  4.021900e+00  1.456035e+03
  3.917700e+00  1.293590e+03
  3.816200e+00  1.117595e+03
  3.717400e+00  1.109495e+03
  3.621100e+00  1.096565e+03
  3.527300e+00  1.061605e+03
  3.435900e+00  9.907505e+02
  3.346900e+00  9.011219e+02
  3.260200e+00  8.745885e+02
  3.175800e+00  7.639300e+02
  3.093500e+00  6.516535e+02
  3.013400e+00  5.882365e+02
  2.935300e+00  5.736765e+02
  2.859300e+00  6.351515e+02
  2.785200e+00  6.924215e+02
  2.713100e+00  7.551940e+02
  2.642800e+00  7.526055e+02
  2.574300e+00  7.047190e+02
  2.507600e+00  6.937180e+02
  2.442700e+00  6.707455e+02
  2.379400e+00  6.775385e+02
  2.317800e+00  6.429175e+02
  2.257700e+00  6.503605e+02
  2.199300e+00  6.053840e+02
  2.142300e+00  5.662335e+02
  2.086800e+00  5.484380e+02
  2.032700e+00  5.494085e+02
  1.980100e+00  6.015020e+02
  1.928800e+00  5.219055e+02
  1.878800e+00  4.775760e+02
  1.830200e+00  5.875895e+02
  1.782800e+00  1.017285e+03
  1.736600e+00  5.940594e+02
  1.691600e+00  4.516925e+02
  1.647800e+00  3.934510e+02
  1.605100e+00  3.763020e+02
  1.563500e+00  3.623890e+02
  1.523000e+00  3.358585e+02
  1.483600e+00  3.190320e+02
  1.445100e+00  3.132070e+02
  1.407700e+00  2.957365e+02
  1.371200e+00  2.782635e+02
  1.335700e+00  2.669385e+02
  1.301100e+00  2.378180e+02
  1.267400e+00  2.022265e+02
  1.234600e+00  2.349055e+02
  1.202600e+00  2.180805e+02
  1.171500e+00  2.132280e+02
  1.141100e+00  2.310220e+02
  1.111600e+00  1.588690e+02
  1.082800e+00  1.475440e+02
  1.054700e+00  2.093445e+02
  1.027400e+00  1.562805e+02
  1.000800e+00  1.210105e+02
  9.749000e-01  1.410735e+02
  9.496000e-01  1.219830e+02
  9.250000e-01  1.132460e+02
  9.010000e-01  1.155110e+02
  8.777000e-01  1.274830e+02
  8.550000e-01  1.342785e+02
  8.328000e-01  1.171290e+02
  8.113000e-01  1.333070e+02
  7.902000e-01  1.475435e+02
  7.698000e-01  1.485145e+02
  7.498000e-01  1.572505e+02
  7.304000e-01  1.536920e+02
  7.115000e-01  1.676045e+02
  6.931000e-01  3.310035e+02
  6.751000e-01  2.998775e+03
  6.576000e-01  2.407950e+03
  6.406000e-01  7.833765e+03
  6.240000e-01  2.152335e+03
  6.078000e-01  2.410525e+02
  5.921000e-01  2.148445e+02
  5.767000e-01  2.400825e+02
  5.618000e-01  2.394350e+02
  5.472000e-01  2.294060e+02
  5.331000e-01  2.973525e+02
  5.193000e-01  2.876460e+02
  5.058000e-01  3.306800e+02
  4.927000e-01  6.833635e+02
  4.799000e-01  7.814015e+02
  4.675000e-01  4.222480e+02
  4.554000e-01  3.449180e+02
  4.436000e-01  7.936990e+02
  4.321000e-01  7.836680e+02
  4.209000e-01  7.212205e+02
  4.100000e-01  4.681940e+02
  3.994000e-01  9.325040e+02
  3.891000e-01  1.785740e+03
  3.790000e-01  1.578670e+03
  3.692000e-01  3.620665e+02
  3.596000e-01  2.484965e+02
  3.503000e-01  2.682325e+02
  3.412000e-01  2.688800e+02
  3.324000e-01  3.002660e+02
  3.238000e-01  2.675865e+02
  3.154000e-01  2.361985e+02
  3.072000e-01  3.792150e+02
  2.992000e-01  4.969915e+02
  2.915000e-01  6.581255e+02
  2.839000e-01  7.047180e+02
  2.766000e-01  2.921765e+02
  2.694000e-01  9.043580e+02
  2.624000e-01  1.947845e+03
  2.556000e-01  2.391770e+03
  2.490000e-01  8.519395e+02
  2.426000e-01  4.808130e+02
  2.363000e-01  7.247790e+02
  2.302000e-01  5.468200e+02
  2.242000e-01  3.860100e+02
  2.184000e-01  3.714490e+02
  2.127000e-01  3.934510e+02
  2.072000e-01  3.102960e+02
  2.019000e-01  3.358580e+02
  1.966000e-01  4.753130e+02
  1.915000e-01  3.850410e+02
  1.866000e-01  3.394165e+02
  1.817000e-01  1.468980e+02
  1.770000e-01  1.232770e+02
  1.725000e-01  1.604860e+02
  1.680000e-01  3.232380e+02
  1.636000e-01  4.601055e+02
  1.594000e-01  4.947265e+02
  1.553000e-01  5.555560e+02
  1.512000e-01  5.872660e+02
  1.473000e-01  6.400055e+02
  1.435000e-01  1.052225e+03
  1.398000e-01  6.070025e+02
  1.362000e-01  4.798425e+02
  1.326000e-01  4.966680e+02
  1.292000e-01  4.594585e+02
  1.259000e-01  4.989335e+02
  1.226000e-01  6.173560e+02
  1.194000e-01  7.251040e+02
  1.163000e-01  6.374170e+02
  1.133000e-01  7.053670e+02
  1.104000e-01  7.344860e+02
  1.075000e-01  7.713735e+02
  1.047000e-01  8.289665e+02
  1.020000e-01  8.684385e+02
  9.940000e-02  9.613005e+02
  9.680000e-02  1.006595e+03
  9.430000e-02  1.131830e+03
  9.190000e-02  1.062265e+03
  8.950000e-02  1.206890e+03
  8.720000e-02  1.260600e+03
  8.490000e-02  1.277095e+03
  8.270000e-02  1.326605e+03
  8.060000e-02  1.302005e+03
  7.850000e-02  1.339860e+03
  7.640000e-02  1.337605e+03
  7.450000e-02  1.376755e+03
  7.250000e-02  1.385495e+03
  7.070000e-02  1.419470e+03
  6.880000e-02  1.351195e+03
  6.700000e-02  1.354430e+03
  6.530000e-02  1.262870e+03
  6.360000e-02  1.207860e+03
  6.200000e-02  1.190390e+03
  6.040000e-02  1.141535e+03
  5.880000e-02  1.058050e+03
  5.730000e-02  1.006286e+03
  5.580000e-02  9.321885e+02
  5.430000e-02  8.532340e+02
  5.290000e-02  7.736365e+02
  5.160000e-02  7.218675e+02
  5.020000e-02  6.438900e+02
  4.890000e-02  6.031205e+02
  4.770000e-02  5.840290e+02
  4.640000e-02  5.516730e+02
  4.520000e-02  4.895495e+02
  4.410000e-02  4.876080e+02
  4.290000e-02  4.199830e+02
  4.180000e-02  3.834210e+02
  4.070000e-02  3.633600e+02
  3.970000e-02  3.209735e+02
  3.860000e-02  2.996180e+02
  3.760000e-02  2.630555e+02
  3.670000e-02  2.365235e+02
  3.570000e-02  2.290820e+02
  3.480000e-02  1.756940e+02
  3.390000e-02  1.627520e+02
  3.300000e-02  1.423655e+02
  3.220000e-02  1.268360e+02
  3.130000e-02  1.132460e+02
  3.050000e-02  9.803885e+01
  2.970000e-02  7.474250e+01
  2.890000e-02  6.859500e+01
  2.820000e-02  6.956565e+01
  2.750000e-02  4.497485e+01
  2.680000e-02  4.335720e+01
  2.610000e-02  3.235605e+01
  2.540000e-02  2.750270e+01
  2.470000e-02  1.423660e+01
  2.410000e-02  2.070795e+01
  2.350000e-02  1.358960e+01
  2.290000e-02  1.067741e+01
  2.230000e-02  9.383330e+00
  2.170000e-02  8.088989e+00
  2.110000e-02  6.147660e+00
  2.060000e-02  3.882680e+00
  2.000000e-02  3.559120e+00
  1.950000e-02  2.912020e+00
  1.900000e-02  3.559100e+00
  1.850000e-02  1.294240e+00
  1.800000e-02  2.912000e+00
  1.760000e-02  1.294240e+00
  1.710000e-02  1.294240e+00
  1.670000e-02  6.471200e-01
  1.630000e-02  1.294240e+00
  1.580000e-02  1.294220e+00
  1.540000e-02  9.706800e-01
  1.500000e-02  3.235600e-01
  1.460000e-02  3.235600e-01
  1.430000e-02  0.000000e+00
  1.390000e-02  1.617800e+00
  1.350000e-02  6.471200e-01
  1.320000e-02  6.471200e-01
  1.280000e-02  3.235600e-01
  1.250000e-02  6.471200e-01
  1.220000e-02  6.471200e-01
  1.190000e-02  3.235600e-01
  1.160000e-02  0.000000e+00
  1.130000e-02  3.235600e-01
  1.100000e-02  3.688600e+01
  1.070000e-02  6.180040e+01
  1.040000e-02  4.788720e+01
  1.010000e-02  4.096290e+02
