  4.934820e+03  1.980250e-02
  4.806990e+03  0.000000e+00
  4.682470e+03  0.000000e+00
  4.561180e+03  0.000000e+00
  4.443030e+03  0.000000e+00
  4.327940e+03  3.960500e-03
  4.215830e+03  7.921000e-03
  4.106630e+03  3.960500e-03
  4.000250e+03  0.000000e+00
  3.896630e+03  0.000000e+00
  3.795700e+03  0.000000e+00
  3.697380e+03  3.960500e-03
  3.601600e+03  0.000000e+00
  3.508310e+03  7.921000e-03
  3.417430e+03  1.584200e-02
  3.328910e+03  7.921000e-03
  3.242680e+03  2.376300e-02
  3.158680e+03  1.980250e-02
  3.076860e+03  7.921000e-03
  2.997160e+03  2.772350e-02
  2.919530e+03  1.188150e-02
  2.843900e+03  3.168400e-02
  2.770230e+03  3.960500e-02
  2.698480e+03  2.376300e-02
  2.628580e+03  3.168400e-02
  2.560490e+03  5.148650e-02
  2.494160e+03  3.960500e-02
  2.429550e+03  2.376300e-02
  2.366620e+03  4.752600e-02
  2.305320e+03  5.940750e-02
  2.245600e+03  7.128900e-02
  2.187430e+03  4.356550e-02
  2.130770e+03  5.544700e-02
  2.075580e+03  9.901250e-02
  2.021810e+03  6.732850e-02
  1.969440e+03  7.524950e-02
  1.918430e+03  1.029730e-01
  1.868730e+03  9.109150e-02
  1.820330e+03  1.703015e-01
  1.773170e+03  1.267360e-01
  1.727240e+03  1.465385e-01
  1.682500e+03  1.782225e-01
  1.638920e+03  2.178275e-01
  1.596470e+03  2.257485e-01
  1.555110e+03  4.435760e-01
  1.514830e+03  6.336775e-01
  1.475590e+03  5.505095e-01
  1.437370e+03  3.643650e-01
  1.400140e+03  3.009980e-01
  1.363870e+03  3.326820e-01
  1.328540e+03  4.673390e-01
  1.294120e+03  3.960500e-01
  1.260600e+03  4.713000e-01
  1.227950e+03  5.584280e-01
  1.196140e+03  6.059550e-01
  1.165160e+03  6.257580e-01
  1.134980e+03  6.653635e-01
  1.105580e+03  8.831870e-01
  1.076940e+03  9.148765e-01
  1.049040e+03  1.025765e+00
  1.021870e+03  1.140630e+00
  9.953980e+02  1.382215e+00
  9.696140e+02  1.572330e+00
  9.444970e+02  1.635685e+00
  9.200320e+02  1.798070e+00
  8.962000e+02  2.114900e+00
  8.729850e+02  2.293150e+00
  8.503720e+02  2.815930e+00
  8.283450e+02  3.093160e+00
  8.068880e+02  3.457525e+00
  7.859870e+02  3.992195e+00
  7.656270e+02  4.780340e+00
  7.457950e+02  5.223920e+00
  7.264760e+02  5.703140e+00
  7.076580e+02  6.396245e+00
  6.893270e+02  7.010115e+00
  6.714710e+02  7.968565e+00
  6.540780e+02  9.180460e+00
  6.371350e+02  1.047160e+01
  6.206310e+02  1.145785e+01
  6.045550e+02  1.321625e+01
  5.888950e+02  1.498655e+01
  5.736410e+02  1.674110e+01
  5.587810e+02  1.945400e+01
  5.443070e+02  2.130760e+01
  5.302080e+02  2.343045e+01
  5.164740e+02  2.684440e+01
  5.030950e+02  3.038505e+01
  4.900630e+02  3.327230e+01
  4.773690e+02  3.751405e+01
  4.650040e+02  4.204490e+01
  4.529580e+02  4.691630e+01
  4.412250e+02  5.330065e+01
  4.297960e+02  6.036615e+01
  4.186630e+02  6.739615e+01
  4.078180e+02  7.504385e+01
  3.972540e+02  8.506800e+01
  3.869640e+02  9.420105e+01
  3.769400e+02  1.042640e+02
  3.671770e+02  1.183730e+02
  3.576650e+02  1.327565e+02
  3.484010e+02  1.471450e+02
  3.393760e+02  1.638665e+02
  3.305850e+02  1.818985e+02
  3.220220e+02  2.043665e+02
  3.136800e+02  2.243635e+02
  3.055550e+02  2.520915e+02
  2.976400e+02  2.795175e+02
  2.899300e+02  3.121565e+02
  2.824200e+02  3.442920e+02
  2.751040e+02  3.826015e+02
  2.679780e+02  4.222780e+02
  2.610370e+02  4.700700e+02
  2.542750e+02  5.181620e+02
  2.476890e+02  5.755110e+02
  2.412730e+02  6.331010e+02
  2.350230e+02  6.977635e+02
  2.289350e+02  7.734340e+02
  2.230050e+02  8.493465e+02
  2.172280e+02  9.301355e+02
  2.116010e+02  1.017835e+03
  2.061200e+02  1.120980e+03
  2.007810e+02  1.223700e+03
  1.955800e+02  1.334430e+03
  1.905140e+02  1.459325e+03
  1.855790e+02  1.593090e+03
  1.807720e+02  1.729310e+03
  1.760890e+02  1.874195e+03
  1.715280e+02  2.030955e+03
  1.670850e+02  2.179710e+03
  1.627570e+02  2.347275e+03
  1.585410e+02  2.504305e+03
  1.544340e+02  2.678940e+03
  1.504340e+02  2.847840e+03
  1.465370e+02  3.029925e+03
  1.427410e+02  3.195720e+03
  1.390440e+02  3.388130e+03
  1.354420e+02  3.559225e+03
  1.319340e+02  3.739095e+03
  1.285160e+02  3.912210e+03
  1.251870e+02  4.078685e+03
  1.219440e+02  4.249405e+03
  1.187850e+02  4.400825e+03
  1.157090e+02  4.547530e+03
  1.127110e+02  4.685315e+03
  1.097920e+02  4.810525e+03
  1.069480e+02  4.921425e+03
  1.041770e+02  5.017625e+03
  1.014790e+02  5.076640e+03
  9.885030e+01  5.132960e+03
  9.628970e+01  5.147300e+03
  9.379550e+01  5.162505e+03
  9.136590e+01  5.132040e+03
  8.899920e+01  5.091875e+03
  8.669380e+01  5.012730e+03
  8.444820e+01  4.903115e+03
  8.226070e+01  4.768420e+03
  8.012980e+01  4.616010e+03
  7.805420e+01  4.407650e+03
  7.603240e+01  4.200780e+03
  7.406290e+01  3.982345e+03
  7.214440e+01  3.737675e+03
  7.027560e+01  3.490020e+03
  6.845520e+01  3.221150e+03
  6.668200e+01  2.952365e+03
  6.495470e+01  2.690935e+03
  6.327220e+01  2.465830e+03
  6.163320e+01  2.241505e+03
  6.003670e+01  2.020075e+03
  5.848160e+01  1.842545e+03
  5.696670e+01  1.658055e+03
  5.549110e+01  1.489835e+03
  5.405370e+01  1.295800e+03
  5.265350e+01  1.111425e+03
  5.128960e+01  9.471065e+02
  4.996100e+01  7.983175e+02
  4.866690e+01  6.557550e+02
  4.740620e+01  5.354505e+02
  4.617830e+01  4.300250e+02
  4.498210e+01  3.478400e+02
  4.381690e+01  2.923300e+02
  4.268190e+01  2.466890e+02
  4.157630e+01  2.010120e+02
  4.049930e+01  1.691645e+02
  3.945030e+01  1.406140e+02
  3.842840e+01  1.163210e+02
  3.743290e+01  9.685440e+01
  3.646330e+01  8.009351e+01
  3.551880e+01  6.430295e+01
  3.459870e+01  5.115010e+01
  3.370250e+01  4.096760e+01
  3.282950e+01  3.231785e+01
  3.197910e+01  2.502660e+01
  3.115070e+01  1.949365e+01
  3.034380e+01  1.434495e+01
  2.955780e+01  1.097455e+01
  2.879220e+01  8.087376e+00
  2.804640e+01  5.794235e+00
  2.731990e+01  4.039735e+00
  2.661220e+01  2.621865e+00
  2.592290e+01  2.114920e+00
  2.525140e+01  1.263400e+00
  2.459730e+01  8.950745e-01
  2.396010e+01  5.584285e-01
  2.333950e+01  3.564450e-01
  2.273490e+01  2.653535e-01
  2.214600e+01  1.386175e-01
  2.157230e+01  6.732850e-02
  2.101350e+01  4.752600e-02
  2.046920e+01  3.960500e-02
  1.993900e+01  7.921000e-03
  1.942250e+01  1.188150e-02
  1.891940e+01  0.000000e+00
  1.842930e+01  7.921000e-03
  1.795200e+01  3.960500e-03
  1.748690e+01  0.000000e+00
  1.703400e+01  0.000000e+00
  1.659270e+01  0.000000e+00
  1.616290e+01  0.000000e+00
  1.574430e+01  0.000000e+00
  1.533640e+01  0.000000e+00
  1.493920e+01  0.000000e+00
  1.455220e+01  3.960500e-03
  1.417520e+01  3.960500e-03
  1.380800e+01  0.000000e+00
  1.345040e+01  0.000000e+00
  1.310200e+01  0.000000e+00
  1.276260e+01  0.000000e+00
  1.243200e+01  0.000000e+00
  1.211000e+01  3.960500e-03
  1.179630e+01  0.000000e+00
  1.149070e+01  3.960500e-03
  1.119310e+01  0.000000e+00
  1.090310e+01  0.000000e+00
  1.062070e+01  0.000000e+00
  1.034560e+01  0.000000e+00
  1.007760e+01  0.000000e+00
  9.816600e+00  0.000000e+00
  9.562300e+00  0.000000e+00
  9.314600e+00  0.000000e+00
  9.073300e+00  0.000000e+00
  8.838300e+00  0.000000e+00
  8.609300e+00  0.000000e+00
  8.386300e+00  3.960500e-03
  8.169100e+00  0.000000e+00
  7.957500e+00  3.960500e-03
  7.751400e+00  0.000000e+00
  7.550600e+00  7.921000e-03
  7.355000e+00  7.921000e-03
  7.164500e+00  1.584200e-02
  6.978900e+00  1.188150e-02
  6.798100e+00  7.921000e-03
  6.622000e+00  7.921000e-03
  6.450500e+00  1.188150e-02
  6.283400e+00  7.921000e-03
  6.120600e+00  3.960500e-03
  5.962100e+00  0.000000e+00
  5.807600e+00  3.960500e-03
  5.657200e+00  7.921000e-03
  5.510700e+00  3.960500e-03
  5.367900e+00  1.584200e-02
  5.228900e+00  1.188150e-02
  5.093400e+00  3.960500e-03
  4.961500e+00  7.921000e-03
  4.833000e+00  7.921000e-03
  4.707800e+00  7.921000e-03
  4.585800e+00  3.960500e-03
  4.467100e+00  1.188150e-02
  4.351300e+00  7.921000e-03
  4.238600e+00  7.921000e-03
  4.128800e+00  1.188150e-02
  4.021900e+00  1.584200e-02
  3.917700e+00  1.188150e-02
  3.816200e+00  3.960500e-03
  3.717400e+00  7.921000e-03
  3.621100e+00  7.921000e-03
  3.527300e+00  1.584200e-02
  3.435900e+00  7.921000e-03
  3.346900e+00  1.188150e-02
  3.260200e+00  7.921000e-03
  3.175800e+00  0.000000e+00
  3.093500e+00  3.960500e-03
  3.013400e+00  0.000000e+00
  2.935300e+00  7.921000e-03
  2.859300e+00  0.000000e+00
  2.785200e+00  3.960500e-03
  2.713100e+00  0.000000e+00
  2.642800e+00  1.188150e-02
  2.574300e+00  1.188150e-02
  2.507600e+00  7.921000e-03
  2.442700e+00  3.960500e-03
  2.379400e+00  1.188150e-02
  2.317800e+00  7.921000e-03
  2.257700e+00  7.921000e-03
  2.199300e+00  3.960500e-03
  2.142300e+00  0.000000e+00
  2.086800e+00  3.960500e-03
  2.032700e+00  7.921000e-03
  1.980100e+00  3.960500e-03
  1.928800e+00  0.000000e+00
  1.878800e+00  7.921000e-03
  1.830200e+00  1.584200e-02
  1.782800e+00  7.921000e-03
  1.736600e+00  3.960500e-03
  1.691600e+00  3.960500e-03
  1.647800e+00  0.000000e+00
  1.605100e+00  3.960500e-03
  1.563500e+00  0.000000e+00
  1.523000e+00  0.000000e+00
  1.483600e+00  7.921000e-03
  1.445100e+00  7.921000e-03
  1.407700e+00  3.960500e-03
  1.371200e+00  7.921000e-03
  1.335700e+00  3.960500e-03
  1.301100e+00  0.000000e+00
  1.267400e+00  7.921000e-03
  1.234600e+00  0.000000e+00
  1.202600e+00  0.000000e+00
  1.171500e+00  0.000000e+00
  1.141100e+00  0.000000e+00
  1.111600e+00  0.000000e+00
  1.082800e+00  0.000000e+00
  1.054700e+00  0.000000e+00
  1.027400e+00  0.000000e+00
  1.000800e+00  0.000000e+00
  9.749000e-01  0.000000e+00
  9.496000e-01  3.960500e-03
  9.250000e-01  0.000000e+00
  9.010000e-01  3.960500e-03
  8.777000e-01  0.000000e+00
  8.550000e-01  7.921000e-03
  8.328000e-01  0.000000e+00
  8.113000e-01  0.000000e+00
  7.902000e-01  0.000000e+00
  7.698000e-01  3.960500e-03
  7.498000e-01  3.960500e-03
  7.304000e-01  3.960500e-03
  7.115000e-01  0.000000e+00
  6.931000e-01  7.921000e-03
  6.751000e-01  3.960500e-03
  6.576000e-01  1.188150e-02
  6.406000e-01  1.188150e-02
  6.240000e-01  0.000000e+00
  6.078000e-01  3.960500e-03
  5.921000e-01  0.000000e+00
  5.767000e-01  0.000000e+00
  5.618000e-01  3.960500e-03
  5.472000e-01  0.000000e+00
  5.331000e-01  3.960500e-03
  5.193000e-01  0.000000e+00
  5.058000e-01  0.000000e+00
  4.927000e-01  0.000000e+00
  4.799000e-01  0.000000e+00
  4.675000e-01  0.000000e+00
  4.554000e-01  0.000000e+00
  4.436000e-01  0.000000e+00
  4.321000e-01  0.000000e+00
  4.209000e-01  0.000000e+00
  4.100000e-01  3.960500e-03
  3.994000e-01  7.921000e-03
  3.891000e-01  7.921000e-03
  3.790000e-01  7.921000e-03
  3.692000e-01  0.000000e+00
  3.596000e-01  0.000000e+00
  3.503000e-01  0.000000e+00
  3.412000e-01  0.000000e+00
  3.324000e-01  0.000000e+00
  3.238000e-01  0.000000e+00
  3.154000e-01  0.000000e+00
  3.072000e-01  0.000000e+00
  2.992000e-01  0.000000e+00
  2.915000e-01  3.960500e-03
  2.839000e-01  0.000000e+00
  2.766000e-01  3.960500e-03
  2.694000e-01  0.000000e+00
  2.624000e-01  3.960500e-03
  2.556000e-01  3.960500e-03
  2.490000e-01  0.000000e+00
  2.426000e-01  0.000000e+00
  2.363000e-01  0.000000e+00
  2.302000e-01  0.000000e+00
  2.242000e-01  0.000000e+00
  2.184000e-01  0.000000e+00
  2.127000e-01  7.921000e-03
  2.072000e-01  0.000000e+00
  2.019000e-01  0.000000e+00
  1.966000e-01  0.000000e+00
  1.915000e-01  0.000000e+00
  1.866000e-01  0.000000e+00
  1.817000e-01  0.000000e+00
  1.770000e-01  3.960500e-03
  1.725000e-01  0.000000e+00
  1.680000e-01  0.000000e+00
  1.636000e-01  0.000000e+00
  1.594000e-01  0.000000e+00
  1.553000e-01  0.000000e+00
  1.512000e-01  3.960500e-03
  1.473000e-01  0.000000e+00
  1.435000e-01  0.000000e+00
  1.398000e-01  0.000000e+00
  1.362000e-01  0.000000e+00
  1.326000e-01  0.000000e+00
  1.292000e-01  3.960500e-03
  1.259000e-01  3.960500e-03
  1.226000e-01  0.000000e+00
  1.194000e-01  0.000000e+00
  1.163000e-01  0.000000e+00
  1.133000e-01  0.000000e+00
  1.104000e-01  0.000000e+00
  1.075000e-01  0.000000e+00
  1.047000e-01  0.000000e+00
  1.020000e-01  0.000000e+00
  9.940000e-02  0.000000e+00
  9.680000e-02  0.000000e+00
  9.430000e-02  0.000000e+00
  9.190000e-02  0.000000e+00
  8.950000e-02  0.000000e+00
  8.720000e-02  0.000000e+00
  8.490000e-02  0.000000e+00
  8.270000e-02  0.000000e+00
  8.060000e-02  0.000000e+00
  7.850000e-02  0.000000e+00
  7.640000e-02  0.000000e+00
  7.450000e-02  0.000000e+00
  7.250000e-02  0.000000e+00
  7.070000e-02  0.000000e+00
  6.880000e-02  0.000000e+00
  6.700000e-02  0.000000e+00
  6.530000e-02  0.000000e+00
  6.360000e-02  0.000000e+00
  6.200000e-02  0.000000e+00
  6.040000e-02  0.000000e+00
  5.880000e-02  0.000000e+00
  5.730000e-02  0.000000e+00
  5.580000e-02  0.000000e+00
  5.430000e-02  0.000000e+00
  5.290000e-02  0.000000e+00
  5.160000e-02  0.000000e+00
  5.020000e-02  0.000000e+00
  4.890000e-02  0.000000e+00
  4.770000e-02  0.000000e+00
  4.640000e-02  0.000000e+00
  4.520000e-02  0.000000e+00
  4.410000e-02  0.000000e+00
  4.290000e-02  0.000000e+00
  4.180000e-02  0.000000e+00
  4.070000e-02  0.000000e+00
  3.970000e-02  0.000000e+00
  3.860000e-02  0.000000e+00
  3.760000e-02  0.000000e+00
  3.670000e-02  0.000000e+00
  3.570000e-02  0.000000e+00
  3.480000e-02  0.000000e+00
  3.390000e-02  0.000000e+00
  3.300000e-02  0.000000e+00
  3.220000e-02  0.000000e+00
  3.130000e-02  0.000000e+00
  3.050000e-02  0.000000e+00
  2.970000e-02  0.000000e+00
  2.890000e-02  0.000000e+00
  2.820000e-02  0.000000e+00
  2.750000e-02  0.000000e+00
  2.680000e-02  0.000000e+00
  2.610000e-02  0.000000e+00
  2.540000e-02  0.000000e+00
  2.470000e-02  0.000000e+00
  2.410000e-02  0.000000e+00
  2.350000e-02  0.000000e+00
  2.290000e-02  0.000000e+00
  2.230000e-02  0.000000e+00
  2.170000e-02  0.000000e+00
  2.110000e-02  0.000000e+00
  2.060000e-02  0.000000e+00
  2.000000e-02  0.000000e+00
  1.950000e-02  0.000000e+00
  1.900000e-02  0.000000e+00
  1.850000e-02  0.000000e+00
  1.800000e-02  0.000000e+00
  1.760000e-02  0.000000e+00
  1.710000e-02  0.000000e+00
  1.670000e-02  0.000000e+00
  1.630000e-02  0.000000e+00
  1.580000e-02  0.000000e+00
  1.540000e-02  0.000000e+00
  1.500000e-02  0.000000e+00
  1.460000e-02  0.000000e+00
  1.430000e-02  0.000000e+00
  1.390000e-02  0.000000e+00
  1.350000e-02  0.000000e+00
  1.320000e-02  0.000000e+00
  1.280000e-02  0.000000e+00
  1.250000e-02  0.000000e+00
  1.220000e-02  0.000000e+00
  1.190000e-02  0.000000e+00
  1.160000e-02  0.000000e+00
  1.130000e-02  0.000000e+00
  1.100000e-02  2.376300e-02
  1.070000e-02  6.336800e-02
  1.040000e-02  3.168400e-02
  1.010000e-02  1.663410e-01
