  4.934820e+03  2.617750e-01
  4.806990e+03  2.617750e-01
  4.682470e+03  0.000000e+00
  4.561180e+03  0.000000e+00
  4.443030e+03  0.000000e+00
  4.327940e+03  0.000000e+00
  4.215830e+03  0.000000e+00
  4.106630e+03  0.000000e+00
  4.000250e+03  0.000000e+00
  3.896630e+03  0.000000e+00
  3.795700e+03  2.617750e-01
  3.697380e+03  2.617750e-01
  3.601600e+03  0.000000e+00
  3.508310e+03  0.000000e+00
  3.417430e+03  0.000000e+00
  3.328910e+03  0.000000e+00
  3.242680e+03  2.617750e-01
  3.158680e+03  0.000000e+00
  3.076860e+03  0.000000e+00
  2.997160e+03  0.000000e+00
  2.919530e+03  0.000000e+00
  2.843900e+03  0.000000e+00
  2.770230e+03  2.617750e-01
  2.698480e+03  0.000000e+00
  2.628580e+03  0.000000e+00
  2.560490e+03  0.000000e+00
  2.494160e+03  2.617750e-01
  2.429550e+03  0.000000e+00
  2.366620e+03  0.000000e+00
  2.305320e+03  0.000000e+00
  2.245600e+03  0.000000e+00
  2.187430e+03  0.000000e+00
  2.130770e+03  2.617750e-01
  2.075580e+03  5.235500e-01
  2.021810e+03  0.000000e+00
  1.969440e+03  2.617750e-01
  1.918430e+03  2.617750e-01
  1.868730e+03  2.617750e-01
  1.820330e+03  5.235500e-01
  1.773170e+03  7.853249e-01
  1.727240e+03  2.617750e-01
  1.682500e+03  7.853249e-01
  1.638920e+03  0.000000e+00
  1.596470e+03  7.853250e-01
  1.555110e+03  2.617750e-01
  1.514830e+03  2.617750e-01
  1.475590e+03  5.235500e-01
  1.437370e+03  5.235500e-01
  1.400140e+03  1.047100e+00
  1.363870e+03  0.000000e+00
  1.328540e+03  2.617750e-01
  1.294120e+03  7.853249e-01
  1.260600e+03  5.235500e-01
  1.227950e+03  7.853250e-01
  1.196140e+03  7.853249e-01
  1.165160e+03  1.570650e+00
  1.134980e+03  1.832400e+00
  1.105580e+03  7.853249e-01
  1.076940e+03  1.308875e+00
  1.049040e+03  1.832425e+00
  1.021870e+03  3.403075e+00
  9.953980e+02  3.141300e+00
  9.696140e+02  2.617750e+00
  9.444970e+02  1.570625e+00
  9.200320e+02  2.355950e+00
  8.962000e+02  1.047100e+00
  8.729850e+02  2.355975e+00
  8.503720e+02  3.926625e+00
  8.283450e+02  3.403050e+00
  8.068880e+02  6.020800e+00
  7.859870e+02  4.973650e+00
  7.656270e+02  4.450175e+00
  7.457950e+02  4.188375e+00
  7.264760e+02  5.497275e+00
  7.076580e+02  5.235450e+00
  6.893270e+02  5.497250e+00
  6.714710e+02  7.591400e+00
  6.540780e+02  6.806075e+00
  6.371350e+02  6.544325e+00
  6.206310e+02  9.423775e+00
  6.045550e+02  9.423775e+00
  5.888950e+02  1.099450e+01
  5.736410e+02  1.282690e+01
  5.587810e+02  1.439740e+01
  5.443070e+02  1.282675e+01
  5.302080e+02  1.256505e+01
  5.164740e+02  1.910935e+01
  5.030950e+02  1.937110e+01
  4.900630e+02  2.041825e+01
  4.773690e+02  2.146530e+01
  4.650040e+02  1.963300e+01
  4.529580e+02  2.670075e+01
  4.412250e+02  2.748615e+01
  4.297960e+02  2.670085e+01
  4.186630e+02  3.036565e+01
  4.078180e+02  2.853320e+01
  3.972540e+02  3.298340e+01
  3.869640e+02  3.900430e+01
  3.769400e+02  3.586290e+01
  3.671770e+02  3.848075e+01
  3.576650e+02  4.031310e+01
  3.484010e+02  4.188385e+01
  3.393760e+02  5.654320e+01
  3.305850e+02  7.015545e+01
  3.220220e+02  6.125525e+01
  3.136800e+02  6.832310e+01
  3.055550e+02  8.507690e+01
  2.976400e+02  8.376820e+01
  2.899300e+02  9.240625e+01
  2.824200e+02  1.026160e+02
  2.751040e+02  1.086370e+02
  2.679780e+02  1.180610e+02
  2.610370e+02  1.230345e+02
  2.542750e+02  1.413590e+02
  2.476890e+02  1.379550e+02
  2.412730e+02  1.743405e+02
  2.350230e+02  1.769595e+02
  2.289350e+02  1.803625e+02
  2.230050e+02  2.057540e+02
  2.172280e+02  2.138685e+02
  2.116010e+02  2.426640e+02
  2.061200e+02  2.565380e+02
  2.007810e+02  2.766940e+02
  1.955800e+02  2.963275e+02
  1.905140e+02  3.311440e+02
  1.855790e+02  3.541795e+02
  1.807720e+02  3.816660e+02
  1.760890e+02  4.264305e+02
  1.715280e+02  4.444920e+02
  1.670850e+02  4.992025e+02
  1.627570e+02  5.232850e+02
  1.585410e+02  5.690950e+02
  1.544340e+02  6.149075e+02
  1.504340e+02  6.633345e+02
  1.465370e+02  7.313960e+02
  1.427410e+02  7.738030e+02
  1.390440e+02  8.465760e+02
  1.354420e+02  8.913395e+02
  1.319340e+02  9.536340e+02
  1.285160e+02  1.082700e+03
  1.251870e+02  1.126155e+03
  1.219440e+02  1.161485e+03
  1.187850e+02  1.281390e+03
  1.157090e+02  1.367245e+03
  1.127110e+02  1.424565e+03
  1.097920e+02  1.525875e+03
  1.069480e+02  1.650750e+03
  1.041770e+02  1.753895e+03
  1.014790e+02  1.898380e+03
  9.885030e+01  2.016970e+03
  9.628970e+01  2.153350e+03
  9.379550e+01  2.305700e+03
  9.136590e+01  2.422180e+03
  8.899920e+01  2.628465e+03
  8.669380e+01  2.776625e+03
  8.444820e+01  2.915650e+03
  8.226070e+01  3.107260e+03
  8.012980e+01  3.353590e+03
  7.805420e+01  3.580550e+03
  7.603240e+01  3.747825e+03
  7.406290e+01  4.073200e+03
  7.214440e+01  4.242300e+03
  7.027560e+01  4.563500e+03
  6.845520e+01  4.837055e+03
  6.668200e+01  5.163490e+03
  6.495470e+01  5.355375e+03
  6.327220e+01  5.691225e+03
  6.163320e+01  6.052735e+03
  6.003670e+01  6.214525e+03
  5.848160e+01  6.554550e+03
  5.696670e+01  6.765285e+03
  5.549110e+01  6.934385e+03
  5.405370e+01  7.400340e+03
  5.265350e+01  7.724690e+03
  5.128960e+01  8.177015e+03
  4.996100e+01  8.412885e+03
  4.866690e+01  8.933564e+03
  4.740620e+01  9.427266e+03
  4.617830e+01  9.943830e+03
  4.498210e+01  1.038770e+04
  4.381690e+01  1.074000e+04
  4.268190e+01  1.102515e+04
  4.157630e+01  1.114580e+04
  4.049930e+01  1.157830e+04
  3.945030e+01  1.169860e+04
  3.842840e+01  1.191490e+04
  3.743290e+01  1.202090e+04
  3.646330e+01  1.218170e+04
  3.551880e+01  1.235800e+04
  3.459870e+01  1.265435e+04
  3.370250e+01  1.274420e+04
  3.282950e+01  1.310530e+04
  3.197910e+01  1.331820e+04
  3.115070e+01  1.351890e+04
  3.034380e+01  1.388180e+04
  2.955780e+01  1.397880e+04
  2.879220e+01  1.436245e+04
  2.804640e+01  1.454795e+04
  2.731990e+01  1.483965e+04
  2.661220e+01  1.506455e+04
  2.592290e+01  1.552815e+04
  2.525140e+01  1.571760e+04
  2.459730e+01  1.589360e+04
  2.396010e+01  1.615890e+04
  2.333950e+01  1.661165e+04
  2.273490e+01  1.683935e+04
  2.214600e+01  1.729120e+04
  2.157230e+01  1.736110e+04
  2.101350e+01  1.780725e+04
  2.046920e+01  1.802575e+04
  1.993900e+01  1.842155e+04
  1.942250e+01  1.865110e+04
  1.891940e+01  1.877905e+04
  1.842930e+01  1.903675e+04
  1.795200e+01  1.910165e+04
  1.748690e+01  1.907165e+04
  1.703400e+01  1.885620e+04
  1.659270e+01  1.889275e+04
  1.616290e+01  1.879310e+04
  1.574430e+01  1.879765e+04
  1.533640e+01  1.876270e+04
  1.493920e+01  1.875760e+04
  1.455220e+01  1.869495e+04
  1.417520e+01  1.889645e+04
  1.380800e+01  1.941865e+04
  1.345040e+01  1.970265e+04
  1.310200e+01  1.999660e+04
  1.276260e+01  2.064895e+04
  1.243200e+01  2.124815e+04
  1.211000e+01  2.185710e+04
  1.179630e+01  2.248635e+04
  1.149070e+01  2.317045e+04
  1.119310e+01  2.384760e+04
  1.090310e+01  2.463135e+04
  1.062070e+01  2.564555e+04
  1.034560e+01  2.652165e+04
  1.007760e+01  2.747050e+04
  9.816600e+00  2.820270e+04
  9.562300e+00  2.892340e+04
  9.314600e+00  2.888925e+04
  9.073300e+00  2.838355e+04
  8.838300e+00  2.772540e+04
  8.609300e+00  2.665985e+04
  8.386300e+00  2.580375e+04
  8.169100e+00  2.479650e+04
  7.957500e+00  2.394300e+04
  7.751400e+00  2.317455e+04
  7.550600e+00  2.290530e+04
  7.355000e+00  2.282485e+04
  7.164500e+00  2.281770e+04
  6.978900e+00  2.248720e+04
  6.798100e+00  2.266725e+04
  6.622000e+00  2.260910e+04
  6.450500e+00  2.294025e+04
  6.283400e+00  2.326300e+04
  6.120600e+00  2.305445e+04
  5.962100e+00  2.321695e+04
  5.807600e+00  2.317145e+04
  5.657200e+00  2.330995e+04
  5.510700e+00  2.340175e+04
  5.367900e+00  2.425200e+04
  5.228900e+00  2.402410e+04
  5.093400e+00  2.378390e+04
  4.961500e+00  2.391235e+04
  4.833000e+00  2.557865e+04
  4.707800e+00  2.786420e+04
  4.585800e+00  2.574960e+04
  4.467100e+00  2.546455e+04
  4.351300e+00  2.613415e+04
  4.238600e+00  2.675165e+04
  4.128800e+00  2.690665e+04
  4.021900e+00  4.463795e+04
  3.917700e+00  3.395005e+04
  3.816200e+00  2.543130e+04
  3.717400e+00  2.473435e+04
  3.621100e+00  2.520025e+04
  3.527300e+00  2.529995e+04
  3.435900e+00  2.552400e+04
  3.346900e+00  2.555960e+04
  3.260200e+00  2.597245e+04
  3.175800e+00  2.633390e+04
  3.093500e+00  2.601740e+04
  3.013400e+00  2.596745e+04
  2.935300e+00  2.642805e+04
  2.859300e+00  2.647770e+04
  2.785200e+00  2.711735e+04
  2.713100e+00  2.722445e+04
  2.642800e+00  2.710820e+04
  2.574300e+00  2.850060e+04
  2.507600e+00  2.769015e+04
  2.442700e+00  2.921955e+04
  2.379400e+00  3.055400e+04
  2.317800e+00  2.972060e+04
  2.257700e+00  2.918800e+04
  2.199300e+00  3.460310e+04
  2.142300e+00  3.090870e+04
  2.086800e+00  3.047230e+04
  2.032700e+00  3.249850e+04
  1.980100e+00  4.108750e+04
  1.928800e+00  3.045430e+04
  1.878800e+00  2.688570e+04
  1.830200e+00  4.176375e+04
  1.782800e+00  9.853795e+04
  1.736600e+00  5.322650e+04
  1.691600e+00  3.846370e+04
  1.647800e+00  3.037045e+04
  1.605100e+00  2.937390e+04
  1.563500e+00  2.875610e+04
  1.523000e+00  2.866360e+04
  1.483600e+00  2.839995e+04
  1.445100e+00  2.706680e+04
  1.407700e+00  2.649615e+04
  1.371200e+00  2.490875e+04
  1.335700e+00  2.644385e+04
  1.301100e+00  2.283565e+04
  1.267400e+00  1.822135e+04
  1.234600e+00  2.438560e+04
  1.202600e+00  2.704470e+04
  1.171500e+00  2.511830e+04
  1.141100e+00  3.230790e+04
  1.111600e+00  2.038950e+04
  1.082800e+00  1.874385e+04
  1.054700e+00  3.038465e+04
  1.027400e+00  2.311525e+04
  1.000800e+00  1.762075e+04
  9.749000e-01  2.474800e+04
  9.496000e-01  1.974875e+04
  9.250000e-01  2.091050e+04
  9.010000e-01  2.224585e+04
  8.777000e-01  2.482870e+04
  8.550000e-01  2.860850e+04
  8.328000e-01  2.598900e+04
  8.113000e-01  3.012360e+04
  7.902000e-01  2.946840e+04
  7.698000e-01  2.862900e+04
  7.498000e-01  3.359200e+04
  7.304000e-01  3.208890e+04
  7.115000e-01  3.217535e+04
  6.931000e-01  6.355830e+04
  6.751000e-01  4.756480e+05
  6.576000e-01  4.194610e+05
  6.406000e-01  1.231850e+06
  6.240000e-01  3.252290e+05
  6.078000e-01  5.150945e+04
  5.921000e-01  4.749995e+04
  5.767000e-01  4.602410e+04
  5.618000e-01  4.776610e+04
  5.472000e-01  4.684655e+04
  5.331000e-01  5.176860e+04
  5.193000e-01  4.844275e+04
  5.058000e-01  6.135220e+04
  4.927000e-01  1.219730e+05
  4.799000e-01  1.402660e+05
  4.675000e-01  8.201870e+04
  4.554000e-01  6.122730e+04
  4.436000e-01  1.239000e+05
  4.321000e-01  1.308305e+05
  4.209000e-01  1.115960e+05
  4.100000e-01  7.981780e+04
  3.994000e-01  1.264530e+05
  3.891000e-01  2.814165e+05
  3.790000e-01  2.809785e+05
  3.692000e-01  6.463745e+04
  3.596000e-01  4.711300e+04
  3.503000e-01  4.941090e+04
  3.412000e-01  4.974160e+04
  3.324000e-01  5.618170e+04
  3.238000e-01  5.314250e+04
  3.154000e-01  5.113615e+04
  3.072000e-01  6.398310e+04
  2.992000e-01  8.243970e+04
  2.915000e-01  1.020810e+05
  2.839000e-01  1.155150e+05
  2.766000e-01  9.349565e+04
  2.694000e-01  2.199520e+05
  2.624000e-01  4.857785e+05
  2.556000e-01  5.262460e+05
  2.490000e-01  2.173815e+05
  2.426000e-01  1.800155e+05
  2.363000e-01  2.573155e+05
  2.302000e-01  1.473710e+05
  2.242000e-01  1.016830e+05
  2.184000e-01  9.765845e+04
  2.127000e-01  1.024160e+05
  2.072000e-01  1.029315e+05
  2.019000e-01  1.085400e+05
  1.966000e-01  1.211435e+05
  1.915000e-01  3.101730e+05
  1.866000e-01  4.196635e+05
  1.817000e-01  2.458665e+05
  1.770000e-01  1.420560e+05
  1.725000e-01  1.532330e+05
  1.680000e-01  1.594180e+05
  1.636000e-01  1.528305e+05
  1.594000e-01  1.571900e+05
  1.553000e-01  1.647550e+05
  1.512000e-01  1.751160e+05
  1.473000e-01  1.927230e+05
  1.435000e-01  3.226010e+05
  1.398000e-01  2.135665e+05
  1.362000e-01  2.150575e+05
  1.326000e-01  2.202470e+05
  1.292000e-01  2.196135e+05
  1.259000e-01  2.389880e+05
  1.226000e-01  3.307085e+05
  1.194000e-01  3.703150e+05
  1.163000e-01  2.568070e+05
  1.133000e-01  2.853655e+05
  1.104000e-01  2.961625e+05
  1.075000e-01  2.806855e+05
  1.047000e-01  2.659585e+05
  1.020000e-01  2.757590e+05
  9.940000e-02  3.306960e+05
  9.680000e-02  3.290995e+05
  9.430000e-02  3.303910e+05
  9.190000e-02  3.161695e+05
  8.950000e-02  2.951740e+05
  8.720000e-02  2.778385e+05
  8.490000e-02  2.789585e+05
  8.270000e-02  3.151195e+05
  8.060000e-02  2.793695e+05
  7.850000e-02  2.803590e+05
  7.640000e-02  2.798225e+05
  7.450000e-02  2.756010e+05
  7.250000e-02  2.740010e+05
  7.070000e-02  2.706105e+05
  6.880000e-02  2.675740e+05
  6.700000e-02  2.630720e+05
  6.530000e-02  2.582040e+05
  6.360000e-02  2.491400e+05
  6.200000e-02  2.416330e+05
  6.040000e-02  2.337650e+05
  5.880000e-02  2.254070e+05
  5.730000e-02  2.157900e+05
  5.580000e-02  2.062520e+05
  5.430000e-02  1.963400e+05
  5.290000e-02  1.864620e+05
  5.160000e-02  1.762325e+05
  5.020000e-02  1.661415e+05
  4.890000e-02  1.559960e+05
  4.770000e-02  1.454425e+05
  4.640000e-02  1.354150e+05
  4.520000e-02  1.254920e+05
  4.410000e-02  1.160305e+05
  4.290000e-02  1.061505e+05
  4.180000e-02  9.713780e+04
  4.070000e-02  8.809960e+04
  3.970000e-02  7.963345e+04
  3.860000e-02  7.145850e+04
  3.760000e-02  6.377965e+04
  3.670000e-02  5.702375e+04
  3.570000e-02  5.042320e+04
  3.480000e-02  4.433265e+04
  3.390000e-02  3.858130e+04
  3.300000e-02  3.381995e+04
  3.220000e-02  2.900370e+04
  3.130000e-02  2.512995e+04
  3.050000e-02  2.151230e+04
  2.970000e-02  1.819140e+04
  2.890000e-02  1.566690e+04
  2.820000e-02  1.362685e+04
  2.750000e-02  1.151935e+04
  2.680000e-02  9.644516e+03
  2.610000e-02  8.120745e+03
  2.540000e-02  6.746430e+03
  2.470000e-02  5.639925e+03
  2.410000e-02  4.727375e+03
  2.350000e-02  3.953300e+03
  2.290000e-02  3.332645e+03
  2.230000e-02  2.851235e+03
  2.170000e-02  2.513030e+03
  2.110000e-02  2.140545e+03
  2.060000e-02  1.893415e+03
  2.000000e-02  1.678765e+03
  1.950000e-02  1.540550e+03
  1.900000e-02  1.449695e+03
  1.850000e-02  1.331910e+03
  1.800000e-02  1.240550e+03
  1.760000e-02  1.186620e+03
  1.710000e-02  1.124325e+03
  1.670000e-02  1.110445e+03
  1.630000e-02  1.027730e+03
  1.580000e-02  1.016995e+03
  1.540000e-02  9.845250e+02
  1.500000e-02  9.156845e+02
  1.460000e-02  9.018115e+02
  1.430000e-02  8.722305e+02
  1.390000e-02  8.264205e+02
  1.350000e-02  7.667350e+02
  1.320000e-02  7.324435e+02
  1.280000e-02  6.892495e+02
  1.250000e-02  6.596700e+02
  1.220000e-02  6.112415e+02
  1.190000e-02  5.635995e+02
  1.160000e-02  5.314005e+02
  1.130000e-02  4.999890e+02
  1.100000e-02  4.685740e+02
  1.070000e-02  4.170055e+02
  1.040000e-02  3.811430e+02
  1.010000e-02  2.937100e+03
