  4.934820e+03  2.219980e-02
  4.806990e+03  0.000000e+00
  4.682470e+03  0.000000e+00
  4.561180e+03  0.000000e+00
  4.443030e+03  6.342800e-03
  4.327940e+03  3.171400e-03
  4.215830e+03  0.000000e+00
  4.106630e+03  0.000000e+00
  4.000250e+03  9.514200e-03
  3.896630e+03  6.342800e-03
  3.795700e+03  0.000000e+00
  3.697380e+03  9.514200e-03
  3.601600e+03  6.342800e-03
  3.508310e+03  3.171400e-03
  3.417430e+03  6.342800e-03
  3.328910e+03  6.342800e-03
  3.242680e+03  2.219980e-02
  3.158680e+03  3.171400e-03
  3.076860e+03  9.514200e-03
  2.997160e+03  3.171400e-03
  2.919530e+03  6.342800e-03
  2.843900e+03  1.902840e-02
  2.770230e+03  9.514200e-03
  2.698480e+03  1.585720e-02
  2.628580e+03  2.854280e-02
  2.560490e+03  1.902860e-02
  2.494160e+03  1.902840e-02
  2.429550e+03  2.537160e-02
  2.366620e+03  2.537140e-02
  2.305320e+03  3.805640e-02
  2.245600e+03  9.514400e-03
  2.187430e+03  5.074240e-02
  2.130770e+03  3.171400e-02
  2.075580e+03  4.122860e-02
  2.021810e+03  4.757160e-02
  1.969440e+03  6.025650e-02
  1.918430e+03  6.342790e-02
  1.868730e+03  7.611420e-02
  1.820330e+03  6.659940e-02
  1.773170e+03  7.611380e-02
  1.727240e+03  8.245650e-02
  1.682500e+03  1.236845e-01
  1.638920e+03  9.197070e-02
  1.596470e+03  1.300275e-01
  1.555110e+03  1.268555e-01
  1.514830e+03  1.363705e-01
  1.475590e+03  1.839405e-01
  1.437370e+03  1.775990e-01
  1.400140e+03  2.600535e-01
  1.363870e+03  2.537105e-01
  1.328540e+03  1.997975e-01
  1.294120e+03  3.393390e-01
  1.260600e+03  3.393385e-01
  1.227950e+03  3.805655e-01
  1.196140e+03  4.217940e-01
  1.165160e+03  4.439930e-01
  1.134980e+03  4.059375e-01
  1.105580e+03  6.057360e-01
  1.076940e+03  5.708500e-01
  1.049040e+03  6.596470e-01
  1.021870e+03  7.294185e-01
  9.953980e+02  8.055260e-01
  9.696140e+02  8.308975e-01
  9.444970e+02  1.056065e+00
  9.200320e+02  1.217810e+00
  8.962000e+02  1.287580e+00
  8.729850e+02  1.449325e+00
  8.503720e+02  1.775975e+00
  8.283450e+02  1.902830e+00
  8.068880e+02  2.007485e+00
  7.859870e+02  2.426100e+00
  7.656270e+02  2.565645e+00
  7.457950e+02  3.069895e+00
  7.264760e+02  3.409220e+00
  7.076580e+02  3.643920e+00
  6.893270e+02  4.144990e+00
  6.714710e+02  5.064705e+00
  6.540780e+02  5.346960e+00
  6.371350e+02  5.832175e+00
  6.206310e+02  6.774060e+00
  6.045550e+02  7.817460e+00
  5.888950e+02  8.458085e+00
  5.736410e+02  9.679029e+00
  5.587810e+02  1.089370e+01
  5.443070e+02  1.207665e+01
  5.302080e+02  1.396680e+01
  5.164740e+02  1.533995e+01
  5.030950e+02  1.700490e+01
  4.900630e+02  1.946915e+01
  4.773690e+02  2.167330e+01
  4.650040e+02  2.460680e+01
  4.529580e+02  2.799695e+01
  4.412250e+02  2.989350e+01
  4.297960e+02  3.395295e+01
  4.186630e+02  3.751120e+01
  4.078180e+02  4.223970e+01
  3.972540e+02  4.749460e+01
  3.869640e+02  5.262275e+01
  3.769400e+02  5.907650e+01
  3.671770e+02  6.696070e+01
  3.576650e+02  7.341755e+01
  3.484010e+02  8.129835e+01
  3.393760e+02  9.191310e+01
  3.305850e+02  1.015480e+02
  3.220220e+02  1.120230e+02
  3.136800e+02  1.248060e+02
  3.055550e+02  1.369785e+02
  2.976400e+02  1.525980e+02
  2.899300e+02  1.696060e+02
  2.824200e+02  1.862775e+02
  2.751040e+02  2.084395e+02
  2.679780e+02  2.313785e+02
  2.610370e+02  2.547190e+02
  2.542750e+02  2.823215e+02
  2.476890e+02  3.101135e+02
  2.412730e+02  3.456380e+02
  2.350230e+02  3.796235e+02
  2.289350e+02  4.190635e+02
  2.230050e+02  4.587945e+02
  2.172280e+02  5.069310e+02
  2.116010e+02  5.571680e+02
  2.061200e+02  6.082271e+02
  2.007810e+02  6.665966e+02
  1.955800e+02  7.323870e+02
  1.905140e+02  8.073260e+02
  1.855790e+02  8.853195e+02
  1.807720e+02  9.690740e+02
  1.760890e+02  1.055190e+03
  1.715280e+02  1.146650e+03
  1.670850e+02  1.247880e+03
  1.627570e+02  1.344265e+03
  1.585410e+02  1.444510e+03
  1.544340e+02  1.551040e+03
  1.504340e+02  1.661315e+03
  1.465370e+02  1.780370e+03
  1.427410e+02  1.893905e+03
  1.390440e+02  2.015145e+03
  1.354420e+02  2.135435e+03
  1.319340e+02  2.262485e+03
  1.285160e+02  2.384330e+03
  1.251870e+02  2.507310e+03
  1.219440e+02  2.626000e+03
  1.187850e+02  2.752385e+03
  1.157090e+02  2.879620e+03
  1.127110e+02  3.004090e+03
  1.097920e+02  3.121305e+03
  1.069480e+02  3.237225e+03
  1.041770e+02  3.346675e+03
  1.014790e+02  3.454970e+03
  9.885030e+01  3.548775e+03
  9.628970e+01  3.636255e+03
  9.379550e+01  3.703245e+03
  9.136590e+01  3.772730e+03
  8.899920e+01  3.801620e+03
  8.669380e+01  3.831005e+03
  8.444820e+01  3.840060e+03
  8.226070e+01  3.828050e+03
  8.012980e+01  3.800140e+03
  7.805420e+01  3.741235e+03
  7.603240e+01  3.661875e+03
  7.406290e+01  3.561750e+03
  7.214440e+01  3.440205e+03
  7.027560e+01  3.299385e+03
  6.845520e+01  3.128260e+03
  6.668200e+01  2.942440e+03
  6.495470e+01  2.752860e+03
  6.327220e+01  2.570010e+03
  6.163320e+01  2.390390e+03
  6.003670e+01  2.204060e+03
  5.848160e+01  2.043980e+03
  5.696670e+01  1.883210e+03
  5.549110e+01  1.726050e+03
  5.405370e+01  1.539055e+03
  5.265350e+01  1.342595e+03
  5.128960e+01  1.166075e+03
  4.996100e+01  1.002866e+03
  4.866690e+01  8.329200e+02
  4.740620e+01  6.811265e+02
  4.617830e+01  5.537685e+02
  4.498210e+01  4.496780e+02
  4.381690e+01  3.853195e+02
  4.268190e+01  3.312640e+02
  4.157630e+01  2.832655e+02
  4.049930e+01  2.392935e+02
  3.945030e+01  2.071680e+02
  3.842840e+01  1.790560e+02
  3.743290e+01  1.562470e+02
  3.646330e+01  1.368785e+02
  3.551880e+01  1.199640e+02
  3.459870e+01  1.011110e+02
  3.370250e+01  8.426375e+01
  3.282950e+01  6.945005e+01
  3.197910e+01  5.725940e+01
  3.115070e+01  4.746610e+01
  3.034380e+01  3.838960e+01
  2.955780e+01  3.063555e+01
  2.879220e+01  2.396615e+01
  2.804640e+01  1.873010e+01
  2.731990e+01  1.424275e+01
  2.661220e+01  1.101745e+01
  2.592290e+01  7.966520e+00
  2.525140e+01  6.108080e+00
  2.459730e+01  4.217935e+00
  2.396010e+01  3.149180e+00
  2.333950e+01  2.188245e+00
  2.273490e+01  1.541285e+00
  2.214600e+01  9.545850e-01
  2.157230e+01  6.437940e-01
  2.101350e+01  4.249650e-01
  2.046920e+01  2.568835e-01
  1.993900e+01  1.363700e-01
  1.942250e+01  1.046565e-01
  1.891940e+01  9.514160e-02
  1.842930e+01  4.757160e-02
  1.795200e+01  3.171440e-02
  1.748690e+01  5.391480e-02
  1.703400e+01  3.488600e-02
  1.659270e+01  4.757160e-02
  1.616290e+01  2.537100e-02
  1.574430e+01  2.537160e-02
  1.533640e+01  4.439970e-02
  1.493920e+01  5.708580e-02
  1.455220e+01  4.757180e-02
  1.417520e+01  2.537140e-02
  1.380800e+01  2.537140e-02
  1.345040e+01  6.342800e-03
  1.310200e+01  1.268560e-02
  1.276260e+01  9.514400e-03
  1.243200e+01  3.171400e-03
  1.211000e+01  3.171400e-03
  1.179630e+01  0.000000e+00
  1.149070e+01  0.000000e+00
  1.119310e+01  1.585720e-02
  1.090310e+01  3.171400e-03
  1.062070e+01  6.342800e-03
  1.034560e+01  0.000000e+00
  1.007760e+01  3.171400e-03
  9.816600e+00  6.342800e-03
  9.562300e+00  0.000000e+00
  9.314600e+00  9.514200e-03
  9.073300e+00  9.514200e-03
  8.838300e+00  1.268560e-02
  8.609300e+00  1.902860e-02
  8.386300e+00  9.514200e-03
  8.169100e+00  2.854270e-02
  7.957500e+00  4.122880e-02
  7.751400e+00  6.342860e-02
  7.550600e+00  1.331996e-01
  7.355000e+00  8.879980e-02
  7.164500e+00  1.046571e-01
  6.978900e+00  8.245740e-02
  6.798100e+00  1.141710e-01
  6.622000e+00  9.831430e-02
  6.450500e+00  8.245670e-02
  6.283400e+00  1.078285e-01
  6.120600e+00  1.078287e-01
  5.962100e+00  9.514200e-02
  5.807600e+00  8.562890e-02
  5.657200e+00  1.173420e-01
  5.510700e+00  1.173423e-01
  5.367900e+00  1.236850e-01
  5.228900e+00  1.109989e-01
  5.093400e+00  1.458855e-01
  4.961500e+00  1.173425e-01
  4.833000e+00  1.205135e-01
  4.707800e+00  1.490545e-01
  4.585800e+00  8.562810e-02
  4.467100e+00  1.363705e-01
  4.351300e+00  1.141700e-01
  4.238600e+00  1.331985e-01
  4.128800e+00  1.775985e-01
  4.021900e+00  2.156550e-01
  3.917700e+00  1.363690e-01
  3.816200e+00  1.300265e-01
  3.717400e+00  1.236850e-01
  3.621100e+00  1.617415e-01
  3.527300e+00  1.775975e-01
  3.435900e+00  1.458850e-01
  3.346900e+00  1.110005e-01
  3.260200e+00  9.197190e-02
  3.175800e+00  1.014846e-01
  3.093500e+00  8.245650e-02
  3.013400e+00  4.757200e-02
  2.935300e+00  4.439970e-02
  2.859300e+00  8.562950e-02
  2.785200e+00  8.562820e-02
  2.713100e+00  1.078273e-01
  2.642800e+00  1.236855e-01
  2.574300e+00  8.562820e-02
  2.507600e+00  1.268565e-01
  2.442700e+00  1.078281e-01
  2.379400e+00  1.205141e-01
  2.317800e+00  9.831370e-02
  2.257700e+00  1.014855e-01
  2.199300e+00  1.395410e-01
  2.142300e+00  1.046565e-01
  2.086800e+00  1.014863e-01
  2.032700e+00  1.236835e-01
  1.980100e+00  1.141705e-01
  1.928800e+00  1.014852e-01
  1.878800e+00  1.014858e-01
  1.830200e+00  9.197050e-02
  1.782800e+00  1.078275e-01
  1.736600e+00  1.014850e-01
  1.691600e+00  7.928510e-02
  1.647800e+00  5.391440e-02
  1.605100e+00  8.562730e-02
  1.563500e+00  8.880000e-02
  1.523000e+00  4.440000e-02
  1.483600e+00  5.391460e-02
  1.445100e+00  8.245680e-02
  1.407700e+00  6.659980e-02
  1.371200e+00  5.391360e-02
  1.335700e+00  4.439980e-02
  1.301100e+00  4.757200e-02
  1.267400e+00  5.074280e-02
  1.234600e+00  6.660080e-02
  1.202600e+00  4.122840e-02
  1.171500e+00  5.074280e-02
  1.141100e+00  6.025680e-02
  1.111600e+00  3.805680e-02
  1.082800e+00  5.074340e-02
  1.054700e+00  5.708490e-02
  1.027400e+00  2.854260e-02
  1.000800e+00  1.268560e-02
  9.749000e-01  3.488580e-02
  9.496000e-01  2.220020e-02
  9.250000e-01  4.439960e-02
  9.010000e-01  4.439940e-02
  8.777000e-01  4.757100e-02
  8.550000e-01  3.171420e-02
  8.328000e-01  4.757100e-02
  8.113000e-01  5.074300e-02
  7.902000e-01  6.659940e-02
  7.698000e-01  4.439980e-02
  7.498000e-01  3.805740e-02
  7.304000e-01  3.488580e-02
  7.115000e-01  2.537140e-02
  6.931000e-01  3.488560e-02
  6.751000e-01  6.659970e-02
  6.576000e-01  1.522270e-01
  6.406000e-01  2.093120e-01
  6.240000e-01  3.171420e-02
  6.078000e-01  5.391440e-02
  5.921000e-01  6.025640e-02
  5.767000e-01  5.074280e-02
  5.618000e-01  6.342880e-02
  5.472000e-01  5.074230e-02
  5.331000e-01  5.391400e-02
  5.193000e-01  5.708640e-02
  5.058000e-01  7.611340e-02
  4.927000e-01  6.659950e-02
  4.799000e-01  4.440040e-02
  4.675000e-01  4.757140e-02
  4.554000e-01  4.122900e-02
  4.436000e-01  6.025670e-02
  4.321000e-01  2.854280e-02
  4.209000e-01  7.928680e-02
  4.100000e-01  6.977220e-02
  3.994000e-01  9.514309e-02
  3.891000e-01  1.046557e-01
  3.790000e-01  6.025740e-02
  3.692000e-01  7.611370e-02
  3.596000e-01  6.659999e-02
  3.503000e-01  6.025720e-02
  3.412000e-01  5.391400e-02
  3.324000e-01  4.757200e-02
  3.238000e-01  3.805720e-02
  3.154000e-01  6.342860e-02
  3.072000e-01  2.854300e-02
  2.992000e-01  6.977100e-02
  2.915000e-01  8.245640e-02
  2.839000e-01  7.611380e-02
  2.766000e-01  8.562911e-02
  2.694000e-01  6.342840e-02
  2.624000e-01  5.391460e-02
  2.556000e-01  6.659999e-02
  2.490000e-01  7.294240e-02
  2.426000e-01  4.122920e-02
  2.363000e-01  4.757080e-02
  2.302000e-01  5.074320e-02
  2.242000e-01  3.805780e-02
  2.184000e-01  5.391420e-02
  2.127000e-01  2.537160e-02
  2.072000e-01  5.074240e-02
  2.019000e-01  3.488560e-02
  1.966000e-01  2.854260e-02
  1.915000e-01  3.171420e-02
  1.866000e-01  3.805720e-02
  1.817000e-01  2.219960e-02
  1.770000e-01  1.585700e-02
  1.725000e-01  1.585700e-02
  1.680000e-01  2.854260e-02
  1.636000e-01  1.268560e-02
  1.594000e-01  1.585720e-02
  1.553000e-01  2.854260e-02
  1.512000e-01  2.854280e-02
  1.473000e-01  2.219980e-02
  1.435000e-01  2.219980e-02
  1.398000e-01  1.585720e-02
  1.362000e-01  1.902860e-02
  1.326000e-01  1.585720e-02
  1.292000e-01  9.514200e-03
  1.259000e-01  6.342800e-03
  1.226000e-01  6.342800e-03
  1.194000e-01  6.342800e-03
  1.163000e-01  3.171400e-03
  1.133000e-01  6.342800e-03
  1.104000e-01  3.171400e-03
  1.075000e-01  3.171400e-03
  1.047000e-01  3.171400e-03
  1.020000e-01  0.000000e+00
  9.940000e-02  0.000000e+00
  9.680000e-02  0.000000e+00
  9.430000e-02  0.000000e+00
  9.190000e-02  6.342800e-03
  8.950000e-02  0.000000e+00
  8.720000e-02  3.171400e-03
  8.490000e-02  0.000000e+00
  8.270000e-02  0.000000e+00
  8.060000e-02  0.000000e+00
  7.850000e-02  0.000000e+00
  7.640000e-02  0.000000e+00
  7.450000e-02  0.000000e+00
  7.250000e-02  0.000000e+00
  7.070000e-02  0.000000e+00
  6.880000e-02  0.000000e+00
  6.700000e-02  0.000000e+00
  6.530000e-02  0.000000e+00
  6.360000e-02  0.000000e+00
  6.200000e-02  0.000000e+00
  6.040000e-02  0.000000e+00
  5.880000e-02  0.000000e+00
  5.730000e-02  0.000000e+00
  5.580000e-02  0.000000e+00
  5.430000e-02  0.000000e+00
  5.290000e-02  0.000000e+00
  5.160000e-02  0.000000e+00
  5.020000e-02  0.000000e+00
  4.890000e-02  0.000000e+00
  4.770000e-02  0.000000e+00
  4.640000e-02  0.000000e+00
  4.520000e-02  0.000000e+00
  4.410000e-02  0.000000e+00
  4.290000e-02  0.000000e+00
  4.180000e-02  0.000000e+00
  4.070000e-02  0.000000e+00
  3.970000e-02  0.000000e+00
  3.860000e-02  0.000000e+00
  3.760000e-02  0.000000e+00
  3.670000e-02  0.000000e+00
  3.570000e-02  0.000000e+00
  3.480000e-02  0.000000e+00
  3.390000e-02  0.000000e+00
  3.300000e-02  0.000000e+00
  3.220000e-02  0.000000e+00
  3.130000e-02  0.000000e+00
  3.050000e-02  0.000000e+00
  2.970000e-02  0.000000e+00
  2.890000e-02  0.000000e+00
  2.820000e-02  0.000000e+00
  2.750000e-02  0.000000e+00
  2.680000e-02  0.000000e+00
  2.610000e-02  0.000000e+00
  2.540000e-02  0.000000e+00
  2.470000e-02  0.000000e+00
  2.410000e-02  3.171400e-03
  2.350000e-02  0.000000e+00
  2.290000e-02  0.000000e+00
  2.230000e-02  0.000000e+00
  2.170000e-02  0.000000e+00
  2.110000e-02  0.000000e+00
  2.060000e-02  0.000000e+00
  2.000000e-02  0.000000e+00
  1.950000e-02  0.000000e+00
  1.900000e-02  0.000000e+00
  1.850000e-02  0.000000e+00
  1.800000e-02  0.000000e+00
  1.760000e-02  0.000000e+00
  1.710000e-02  0.000000e+00
  1.670000e-02  0.000000e+00
  1.630000e-02  0.000000e+00
  1.580000e-02  0.000000e+00
  1.540000e-02  0.000000e+00
  1.500000e-02  0.000000e+00
  1.460000e-02  0.000000e+00
  1.430000e-02  0.000000e+00
  1.390000e-02  0.000000e+00
  1.350000e-02  0.000000e+00
  1.320000e-02  0.000000e+00
  1.280000e-02  0.000000e+00
  1.250000e-02  0.000000e+00
  1.220000e-02  0.000000e+00
  1.190000e-02  0.000000e+00
  1.160000e-02  0.000000e+00
  1.130000e-02  0.000000e+00
  1.100000e-02  4.217940e-01
  1.070000e-02  6.501325e-01
  1.040000e-02  4.217955e-01
  1.010000e-02  2.299245e+00
