  4.934820e+03  7.659000e-02
  4.806990e+03  3.829500e-02
  4.682470e+03  0.000000e+00
  4.561180e+03  0.000000e+00
  4.443030e+03  3.829500e-02
  4.327940e+03  0.000000e+00
  4.215830e+03  0.000000e+00
  4.106630e+03  0.000000e+00
  4.000250e+03  3.829500e-02
  3.896630e+03  0.000000e+00
  3.795700e+03  0.000000e+00
  3.697380e+03  3.829500e-02
  3.601600e+03  3.829500e-02
  3.508310e+03  3.829500e-02
  3.417430e+03  0.000000e+00
  3.328910e+03  0.000000e+00
  3.242680e+03  0.000000e+00
  3.158680e+03  0.000000e+00
  3.076860e+03  3.829500e-02
  2.997160e+03  1.148850e-01
  2.919530e+03  3.829500e-02
  2.843900e+03  0.000000e+00
  2.770230e+03  0.000000e+00
  2.698480e+03  7.659000e-02
  2.628580e+03  3.829500e-02
  2.560490e+03  1.148850e-01
  2.494160e+03  7.659000e-02
  2.429550e+03  1.148850e-01
  2.366620e+03  1.148850e-01
  2.305320e+03  0.000000e+00
  2.245600e+03  1.914750e-01
  2.187430e+03  1.148850e-01
  2.130770e+03  0.000000e+00
  2.075580e+03  1.148850e-01
  2.021810e+03  7.659000e-02
  1.969440e+03  0.000000e+00
  1.918430e+03  1.914750e-01
  1.868730e+03  7.659000e-02
  1.820330e+03  3.829500e-02
  1.773170e+03  2.680650e-01
  1.727240e+03  7.659000e-02
  1.682500e+03  1.531800e-01
  1.638920e+03  1.148850e-01
  1.596470e+03  1.148850e-01
  1.555110e+03  1.148850e-01
  1.514830e+03  2.680650e-01
  1.475590e+03  1.914750e-01
  1.437370e+03  1.914750e-01
  1.400140e+03  3.063600e-01
  1.363870e+03  3.063600e-01
  1.328540e+03  1.531800e-01
  1.294120e+03  3.829500e-01
  1.260600e+03  6.127200e-01
  1.227950e+03  7.276050e-01
  1.196140e+03  5.744250e-01
  1.165160e+03  5.744250e-01
  1.134980e+03  6.510150e-01
  1.105580e+03  6.127200e-01
  1.076940e+03  7.659000e-01
  1.049040e+03  8.807850e-01
  1.021870e+03  1.340325e+00
  9.953980e+02  8.807850e-01
  9.696140e+02  1.225440e+00
  9.444970e+02  1.340325e+00
  9.200320e+02  1.991340e+00
  8.962000e+02  1.455210e+00
  8.729850e+02  1.838160e+00
  8.503720e+02  2.680650e+00
  8.283450e+02  2.910420e+00
  8.068880e+02  2.910420e+00
  7.859870e+02  2.757240e+00
  7.656270e+02  3.714615e+00
  7.457950e+02  4.097565e+00
  7.264760e+02  3.484845e+00
  7.076580e+02  4.863465e+00
  6.893270e+02  6.088905e+00
  6.714710e+02  5.859135e+00
  6.540780e+02  6.663315e+00
  6.371350e+02  8.233440e+00
  6.206310e+02  7.773945e+00
  6.045550e+02  1.033950e+01
  5.888950e+02  1.248400e+01
  5.736410e+02  1.133520e+01
  5.587810e+02  1.363285e+01
  5.443070e+02  1.497320e+01
  5.302080e+02  1.807520e+01
  5.164740e+02  1.918570e+01
  5.030950e+02  2.316840e+01
  4.900630e+02  2.397260e+01
  4.773690e+02  2.749575e+01
  4.650040e+02  3.006150e+01
  4.529580e+02  3.212945e+01
  4.412250e+02  3.772045e+01
  4.297960e+02  4.400100e+01
  4.186630e+02  4.890270e+01
  4.078180e+02  5.223440e+01
  3.972540e+02  5.901255e+01
  3.869640e+02  6.582899e+01
  3.769400e+02  7.601555e+01
  3.671770e+02  8.482335e+01
  3.576650e+02  9.317165e+01
  3.484010e+02  1.099055e+02
  3.393760e+02  1.170675e+02
  3.305850e+02  1.285185e+02
  3.220220e+02  1.405045e+02
  3.136800e+02  1.589235e+02
  3.055550e+02  1.771525e+02
  2.976400e+02  1.994020e+02
  2.899300e+02  2.236050e+02
  2.824200e+02  2.481895e+02
  2.751040e+02  2.806260e+02
  2.679780e+02  3.077010e+02
  2.610370e+02  3.395990e+02
  2.542750e+02  3.777025e+02
  2.476890e+02  4.275255e+02
  2.412730e+02  4.650535e+02
  2.350230e+02  5.298105e+02
  2.289350e+02  5.896670e+02
  2.230050e+02  6.648400e+02
  2.172280e+02  7.147380e+02
  2.116010e+02  7.984500e+02
  2.061200e+02  8.853805e+02
  2.007810e+02  9.740310e+02
  1.955800e+02  1.084780e+03
  1.905140e+02  1.217470e+03
  1.855790e+02  1.361625e+03
  1.807720e+02  1.532595e+03
  1.760890e+02  1.662575e+03
  1.715280e+02  1.857540e+03
  1.670850e+02  2.030325e+03
  1.627570e+02  2.218925e+03
  1.585410e+02  2.439585e+03
  1.544340e+02  2.660435e+03
  1.504340e+02  2.901205e+03
  1.465370e+02  3.198125e+03
  1.427410e+02  3.444670e+03
  1.390440e+02  3.742340e+03
  1.354420e+02  4.059380e+03
  1.319340e+02  4.369835e+03
  1.285160e+02  4.715800e+03
  1.251870e+02  5.085690e+03
  1.219440e+02  5.477710e+03
  1.187850e+02  5.863190e+03
  1.157090e+02  6.282740e+03
  1.127110e+02  6.752810e+03
  1.097920e+02  7.200720e+03
  1.069480e+02  7.736925e+03
  1.041770e+02  8.244490e+03
  1.014790e+02  8.857631e+03
  9.885030e+01  9.426385e+03
  9.628970e+01  1.005905e+04
  9.379550e+01  1.067190e+04
  9.136590e+01  1.135125e+04
  8.899920e+01  1.202755e+04
  8.669380e+01  1.270820e+04
  8.444820e+01  1.340825e+04
  8.226070e+01  1.412265e+04
  8.012980e+01  1.490140e+04
  7.805420e+01  1.564065e+04
  7.603240e+01  1.642960e+04
  7.406290e+01  1.720620e+04
  7.214440e+01  1.791965e+04
  7.027560e+01  1.863740e+04
  6.845520e+01  1.933805e+04
  6.668200e+01  1.997045e+04
  6.495470e+01  2.048690e+04
  6.327220e+01  2.097895e+04
  6.163320e+01  2.120140e+04
  6.003670e+01  2.138700e+04
  5.848160e+01  2.148510e+04
  5.696670e+01  2.148765e+04
  5.549110e+01  2.151980e+04
  5.405370e+01  2.149035e+04
  5.265350e+01  2.135430e+04
  5.128960e+01  2.130530e+04
  4.996100e+01  2.116200e+04
  4.866690e+01  2.087590e+04
  4.740620e+01  2.039425e+04
  4.617830e+01  1.987275e+04
  4.498210e+01  1.910240e+04
  4.381690e+01  1.860160e+04
  4.268190e+01  1.787690e+04
  4.157630e+01  1.715595e+04
  4.049930e+01  1.640725e+04
  3.945030e+01  1.575060e+04
  3.842840e+01  1.516255e+04
  3.743290e+01  1.458955e+04
  3.646330e+01  1.399755e+04
  3.551880e+01  1.338120e+04
  3.459870e+01  1.282245e+04
  3.370250e+01  1.218315e+04
  3.282950e+01  1.162740e+04
  3.197910e+01  1.100455e+04
  3.115070e+01  1.048085e+04
  3.034380e+01  9.878185e+03
  2.955780e+01  9.362275e+03
  2.879220e+01  8.742330e+03
  2.804640e+01  8.237475e+03
  2.731990e+01  7.625260e+03
  2.661220e+01  7.064160e+03
  2.592290e+01  6.555525e+03
  2.525140e+01  6.028930e+03
  2.459730e+01  5.531530e+03
  2.396010e+01  5.011290e+03
  2.333950e+01  4.548340e+03
  2.273490e+01  4.082585e+03
  2.214600e+01  3.618155e+03
  2.157230e+01  3.176350e+03
  2.101350e+01  2.767495e+03
  2.046920e+01  2.395120e+03
  1.993900e+01  2.062950e+03
  1.942250e+01  1.772750e+03
  1.891940e+01  1.568395e+03
  1.842930e+01  1.434255e+03
  1.795200e+01  1.334655e+03
  1.748690e+01  1.316800e+03
  1.703400e+01  1.303630e+03
  1.659270e+01  1.353695e+03
  1.616290e+01  1.436750e+03
  1.574430e+01  1.481705e+03
  1.533640e+01  1.514480e+03
  1.493920e+01  1.576420e+03
  1.455220e+01  1.540290e+03
  1.417520e+01  1.373875e+03
  1.380800e+01  1.117035e+03
  1.345040e+01  8.190905e+02
  1.310200e+01  5.597580e+02
  1.276260e+01  3.662145e+02
  1.243200e+01  2.293480e+02
  1.211000e+01  1.491980e+02
  1.179630e+01  9.451145e+01
  1.149070e+01  6.483340e+01
  1.119310e+01  4.763890e+01
  1.090310e+01  3.354630e+01
  1.062070e+01  2.860630e+01
  1.034560e+01  2.163670e+01
  1.007760e+01  1.899435e+01
  9.816600e+00  1.520305e+01
  9.562300e+00  1.167995e+01
  9.314600e+00  1.202465e+01
  9.073300e+00  1.524125e+01
  8.838300e+00  2.021960e+01
  8.609300e+00  3.059770e+01
  8.386300e+00  5.403415e+01
  8.169100e+00  9.049060e+01
  7.957500e+00  1.685360e+02
  7.751400e+00  2.303440e+02
  7.550600e+00  3.206830e+02
  7.355000e+00  3.293735e+02
  7.164500e+00  2.952550e+02
  6.978900e+00  2.633555e+02
  6.798100e+00  2.224950e+02
  6.622000e+00  1.894065e+02
  6.450500e+00  1.634040e+02
  6.283400e+00  1.328840e+02
  6.120600e+00  1.113615e+02
  5.962100e+00  9.677126e+01
  5.807600e+00  9.190740e+01
  5.657200e+00  8.750375e+01
  5.510700e+00  8.049600e+01
  5.367900e+00  7.344975e+01
  5.228900e+00  6.628850e+01
  5.093400e+00  5.824660e+01
  4.961500e+00  5.430225e+01
  4.833000e+00  4.629860e+01
  4.707800e+00  4.258405e+01
  4.585800e+00  4.036275e+01
  4.467100e+00  3.534625e+01
  4.351300e+00  3.369955e+01
  4.238600e+00  3.278050e+01
  4.128800e+00  3.059775e+01
  4.021900e+00  3.450375e+01
  3.917700e+00  2.837660e+01
  3.816200e+00  2.500665e+01
  3.717400e+00  2.290040e+01
  3.621100e+00  2.293870e+01
  3.527300e+00  2.159835e+01
  3.435900e+00  2.090905e+01
  3.346900e+00  1.616040e+01
  3.260200e+00  1.409245e+01
  3.175800e+00  1.049280e+01
  3.093500e+00  7.161185e+00
  3.013400e+00  6.854780e+00
  2.935300e+00  7.773870e+00
  2.859300e+00  7.927030e+00
  2.785200e+00  9.880040e+00
  2.713100e+00  1.206285e+01
  2.642800e+00  1.129690e+01
  2.574300e+00  1.179475e+01
  2.507600e+00  1.114370e+01
  2.442700e+00  1.118210e+01
  2.379400e+00  1.152670e+01
  2.317800e+00  9.956635e+00
  2.257700e+00  9.841715e+00
  2.199300e+00  9.382270e+00
  2.142300e+00  9.918409e+00
  2.086800e+00  8.309990e+00
  2.032700e+00  8.271715e+00
  1.980100e+00  7.927060e+00
  1.928800e+00  7.314340e+00
  1.878800e+00  6.663390e+00
  1.830200e+00  7.620685e+00
  1.782800e+00  1.382435e+01
  1.736600e+00  8.424960e+00
  1.691600e+00  6.433580e+00
  1.647800e+00  6.471855e+00
  1.605100e+00  5.323005e+00
  1.563500e+00  5.667660e+00
  1.523000e+00  5.054940e+00
  1.483600e+00  5.169825e+00
  1.445100e+00  4.786875e+00
  1.407700e+00  4.940055e+00
  1.371200e+00  4.174155e+00
  1.335700e+00  4.403925e+00
  1.301100e+00  3.829500e+00
  1.267400e+00  3.101895e+00
  1.234600e+00  3.944385e+00
  1.202600e+00  4.289040e+00
  1.171500e+00  3.408255e+00
  1.141100e+00  4.710285e+00
  1.111600e+00  2.489175e+00
  1.082800e+00  2.604060e+00
  1.054700e+00  4.059270e+00
  1.027400e+00  2.718945e+00
  1.000800e+00  1.953045e+00
  9.749000e-01  3.484845e+00
  9.496000e-01  2.872125e+00
  9.250000e-01  2.718945e+00
  9.010000e-01  2.757240e+00
  8.777000e-01  3.025305e+00
  8.550000e-01  2.987010e+00
  8.328000e-01  3.599730e+00
  8.113000e-01  3.867795e+00
  7.902000e-01  3.867795e+00
  7.698000e-01  4.327335e+00
  7.498000e-01  3.446550e+00
  7.304000e-01  4.710285e+00
  7.115000e-01  5.552775e+00
  6.931000e-01  7.390940e+00
  6.751000e-01  3.917575e+01
  6.576000e-01  3.618865e+01
  6.406000e-01  9.600555e+01
  6.240000e-01  2.282375e+01
  6.078000e-01  6.318675e+00
  5.921000e-01  6.663285e+00
  5.767000e-01  5.935725e+00
  5.618000e-01  6.854825e+00
  5.472000e-01  7.161185e+00
  5.331000e-01  7.927055e+00
  5.193000e-01  7.314365e+00
  5.058000e-01  7.812105e+00
  4.927000e-01  1.122030e+01
  4.799000e-01  1.221590e+01
  4.675000e-01  8.118455e+00
  4.554000e-01  7.276025e+00
  4.436000e-01  1.374780e+01
  4.321000e-01  1.290545e+01
  4.209000e-01  1.324990e+01
  4.100000e-01  8.807884e+00
  3.994000e-01  1.570085e+01
  3.891000e-01  2.496820e+01
  3.790000e-01  2.504485e+01
  3.692000e-01  8.271735e+00
  3.596000e-01  6.203810e+00
  3.503000e-01  5.744270e+00
  3.412000e-01  6.356970e+00
  3.324000e-01  7.276090e+00
  3.238000e-01  5.667635e+00
  3.154000e-01  5.859155e+00
  3.072000e-01  7.314360e+00
  2.992000e-01  9.688550e+00
  2.915000e-01  1.321175e+01
  2.839000e-01  1.328835e+01
  2.766000e-01  9.841764e+00
  2.694000e-01  1.784545e+01
  2.624000e-01  3.994155e+01
  2.556000e-01  4.296690e+01
  2.490000e-01  1.608380e+01
  2.426000e-01  1.849650e+01
  2.363000e-01  1.738595e+01
  2.302000e-01  1.129695e+01
  2.242000e-01  7.084550e+00
  2.184000e-01  8.309990e+00
  2.127000e-01  7.850535e+00
  2.072000e-01  8.233376e+00
  2.019000e-01  6.969675e+00
  1.966000e-01  7.812170e+00
  1.915000e-01  1.087570e+01
  1.866000e-01  1.083740e+01
  1.817000e-01  8.386660e+00
  1.770000e-01  9.114110e+00
  1.725000e-01  8.999360e+00
  1.680000e-01  9.190735e+00
  1.636000e-01  9.114265e+00
  1.594000e-01  7.659015e+00
  1.553000e-01  8.884445e+00
  1.512000e-01  8.846080e+00
  1.473000e-01  8.999315e+00
  1.435000e-01  1.099055e+01
  1.398000e-01  9.114204e+00
  1.362000e-01  9.535365e+00
  1.326000e-01  1.148845e+01
  1.292000e-01  9.765170e+00
  1.259000e-01  1.091400e+01
  1.226000e-01  1.171820e+01
  1.194000e-01  1.244575e+01
  1.163000e-01  1.171830e+01
  1.133000e-01  1.171825e+01
  1.104000e-01  1.125850e+01
  1.075000e-01  1.374775e+01
  1.047000e-01  1.436050e+01
  1.020000e-01  1.374800e+01
  9.940000e-02  1.347970e+01
  9.680000e-02  1.370955e+01
  9.430000e-02  1.367120e+01
  9.190000e-02  1.386275e+01
  8.950000e-02  1.393940e+01
  8.720000e-02  1.233080e+01
  8.490000e-02  1.175640e+01
  8.270000e-02  1.102890e+01
  8.060000e-02  1.045450e+01
  7.850000e-02  1.003321e+01
  7.640000e-02  1.003329e+01
  7.450000e-02  9.765249e+00
  7.250000e-02  1.053100e+01
  7.070000e-02  9.650385e+00
  6.880000e-02  8.807779e+00
  6.700000e-02  9.343945e+00
  6.530000e-02  7.084575e+00
  6.360000e-02  7.161125e+00
  6.200000e-02  5.935725e+00
  6.040000e-02  6.012315e+00
  5.880000e-02  5.054940e+00
  5.730000e-02  3.944385e+00
  5.580000e-02  3.944385e+00
  5.430000e-02  2.833830e+00
  5.290000e-02  2.565765e+00
  5.160000e-02  2.297700e+00
  5.020000e-02  2.144520e+00
  4.890000e-02  2.489175e+00
  4.770000e-02  2.067930e+00
  4.640000e-02  1.799865e+00
  4.520000e-02  1.455210e+00
  4.410000e-02  1.072260e+00
  4.290000e-02  1.340325e+00
  4.180000e-02  1.033965e+00
  4.070000e-02  7.276050e-01
  3.970000e-02  6.893100e-01
  3.860000e-02  5.744250e-01
  3.760000e-02  5.744250e-01
  3.670000e-02  3.446550e-01
  3.570000e-02  4.978350e-01
  3.480000e-02  3.829500e-01
  3.390000e-02  4.212450e-01
  3.300000e-02  3.829500e-02
  3.220000e-02  2.297700e-01
  3.130000e-02  1.531800e-01
  3.050000e-02  1.914750e-01
  2.970000e-02  1.148850e-01
  2.890000e-02  3.829500e-02
  2.820000e-02  3.829500e-02
  2.750000e-02  0.000000e+00
  2.680000e-02  0.000000e+00
  2.610000e-02  7.659000e-02
  2.540000e-02  3.829500e-02
  2.470000e-02  0.000000e+00
  2.410000e-02  0.000000e+00
  2.350000e-02  0.000000e+00
  2.290000e-02  3.829500e-02
  2.230000e-02  3.829500e-02
  2.170000e-02  7.659000e-02
  2.110000e-02  0.000000e+00
  2.060000e-02  0.000000e+00
  2.000000e-02  3.829500e-02
  1.950000e-02  0.000000e+00
  1.900000e-02  0.000000e+00
  1.850000e-02  0.000000e+00
  1.800000e-02  0.000000e+00
  1.760000e-02  0.000000e+00
  1.710000e-02  0.000000e+00
  1.670000e-02  7.659000e-02
  1.630000e-02  0.000000e+00
  1.580000e-02  0.000000e+00
  1.540000e-02  3.829500e-02
  1.500000e-02  0.000000e+00
  1.460000e-02  0.000000e+00
  1.430000e-02  0.000000e+00
  1.390000e-02  0.000000e+00
  1.350000e-02  0.000000e+00
  1.320000e-02  0.000000e+00
  1.280000e-02  0.000000e+00
  1.250000e-02  0.000000e+00
  1.220000e-02  0.000000e+00
  1.190000e-02  0.000000e+00
  1.160000e-02  0.000000e+00
  1.130000e-02  0.000000e+00
  1.100000e-02  4.097565e+00
  1.070000e-02  6.242085e+00
  1.040000e-02  6.701600e+00
  1.010000e-02  4.928565e+01
