  4.934820e+03  7.572500e-02
  4.806990e+03  0.000000e+00
  4.682470e+03  7.572500e-02
  4.561180e+03  0.000000e+00
  4.443030e+03  0.000000e+00
  4.327940e+03  0.000000e+00
  4.215830e+03  0.000000e+00
  4.106630e+03  0.000000e+00
  4.000250e+03  0.000000e+00
  3.896630e+03  0.000000e+00
  3.795700e+03  0.000000e+00
  3.697380e+03  0.000000e+00
  3.601600e+03  0.000000e+00
  3.508310e+03  0.000000e+00
  3.417430e+03  0.000000e+00
  3.328910e+03  0.000000e+00
  3.242680e+03  0.000000e+00
  3.158680e+03  0.000000e+00
  3.076860e+03  0.000000e+00
  2.997160e+03  0.000000e+00
  2.919530e+03  7.572500e-02
  2.843900e+03  0.000000e+00
  2.770230e+03  0.000000e+00
  2.698480e+03  7.572500e-02
  2.628580e+03  0.000000e+00
  2.560490e+03  7.572500e-02
  2.494160e+03  0.000000e+00
  2.429550e+03  0.000000e+00
  2.366620e+03  0.000000e+00
  2.305320e+03  0.000000e+00
  2.245600e+03  0.000000e+00
  2.187430e+03  0.000000e+00
  2.130770e+03  0.000000e+00
  2.075580e+03  0.000000e+00
  2.021810e+03  1.514500e-01
  1.969440e+03  0.000000e+00
  1.918430e+03  0.000000e+00
  1.868730e+03  3.029000e-01
  1.820330e+03  0.000000e+00
  1.773170e+03  7.572500e-02
  1.727240e+03  1.514500e-01
  1.682500e+03  1.514500e-01
  1.638920e+03  1.514500e-01
  1.596470e+03  0.000000e+00
  1.555110e+03  1.514500e-01
  1.514830e+03  7.572500e-02
  1.475590e+03  2.271750e-01
  1.437370e+03  7.572500e-02
  1.400140e+03  7.572500e-02
  1.363870e+03  4.543450e-01
  1.328540e+03  3.028950e-01
  1.294120e+03  3.786200e-01
  1.260600e+03  2.271750e-01
  1.227950e+03  6.057850e-01
  1.196140e+03  3.786200e-01
  1.165160e+03  1.514500e-01
  1.134980e+03  3.786200e-01
  1.105580e+03  7.572500e-02
  1.076940e+03  1.514500e-01
  1.049040e+03  8.329650e-01
  1.021870e+03  7.572449e-01
  9.953980e+02  6.815150e-01
  9.696140e+02  5.300750e-01
  9.444970e+02  7.572400e-01
  9.200320e+02  9.086850e-01
  8.962000e+02  1.211585e+00
  8.729850e+02  1.741645e+00
  8.503720e+02  1.741650e+00
  8.283450e+02  1.060135e+00
  8.068880e+02  2.347425e+00
  7.859870e+02  1.514470e+00
  7.656270e+02  2.271705e+00
  7.457950e+02  3.331820e+00
  7.264760e+02  3.028940e+00
  7.076580e+02  4.997755e+00
  6.893270e+02  3.256110e+00
  6.714710e+02  4.619120e+00
  6.540780e+02  3.331840e+00
  6.371350e+02  5.830690e+00
  6.206310e+02  7.269455e+00
  6.045550e+02  6.512235e+00
  5.888950e+02  8.935375e+00
  5.736410e+02  9.541155e+00
  5.587810e+02  1.022265e+01
  5.443070e+02  1.173709e+01
  5.302080e+02  1.431180e+01
  5.164740e+02  1.476625e+01
  5.030950e+02  1.590200e+01
  4.900630e+02  1.893100e+01
  4.773690e+02  2.044545e+01
  4.650040e+02  2.203570e+01
  4.529580e+02  2.529165e+01
  4.412250e+02  2.938080e+01
  4.297960e+02  3.612000e+01
  4.186630e+02  3.589300e+01
  4.078180e+02  4.202655e+01
  3.972540e+02  4.641850e+01
  3.869640e+02  5.391510e+01
  3.769400e+02  5.929145e+01
  3.671770e+02  6.860555e+01
  3.576650e+02  7.511790e+01
  3.484010e+02  8.208410e+01
  3.393760e+02  9.344210e+01
  3.305850e+02  1.048775e+02
  3.220220e+02  1.191130e+02
  3.136800e+02  1.310015e+02
  3.055550e+02  1.427385e+02
  2.976400e+02  1.594740e+02
  2.899300e+02  1.787835e+02
  2.824200e+02  2.087700e+02
  2.751040e+02  2.204310e+02
  2.679780e+02  2.526135e+02
  2.610370e+02  2.829790e+02
  2.542750e+02  3.084970e+02
  2.476890e+02  3.449195e+02
  2.412730e+02  3.824045e+02
  2.350230e+02  4.362425e+02
  2.289350e+02  4.940205e+02
  2.230050e+02  5.419535e+02
  2.172280e+02  6.004120e+02
  2.116010e+02  6.760594e+02
  2.061200e+02  7.479960e+02
  2.007810e+02  8.299310e+02
  1.955800e+02  9.269350e+02
  1.905140e+02  1.036345e+03
  1.855790e+02  1.154470e+03
  1.807720e+02  1.267545e+03
  1.760890e+02  1.398695e+03
  1.715280e+02  1.576950e+03
  1.670850e+02  1.734370e+03
  1.627570e+02  1.914360e+03
  1.585410e+02  2.078915e+03
  1.544340e+02  2.304570e+03
  1.504340e+02  2.500705e+03
  1.465370e+02  2.747780e+03
  1.427410e+02  2.985410e+03
  1.390440e+02  3.255360e+03
  1.354420e+02  3.543785e+03
  1.319340e+02  3.825775e+03
  1.285160e+02  4.144050e+03
  1.251870e+02  4.459510e+03
  1.219440e+02  4.832980e+03
  1.187850e+02  5.193045e+03
  1.157090e+02  5.608460e+03
  1.127110e+02  6.028505e+03
  1.097920e+02  6.468610e+03
  1.069480e+02  6.946505e+03
  1.041770e+02  7.468685e+03
  1.014790e+02  7.985955e+03
  9.885030e+01  8.614766e+03
  9.628970e+01  9.192825e+03
  9.379550e+01  9.783630e+03
  9.136590e+01  1.040815e+04
  8.899920e+01  1.106125e+04
  8.669380e+01  1.177420e+04
  8.444820e+01  1.252725e+04
  8.226070e+01  1.325840e+04
  8.012980e+01  1.404060e+04
  7.805420e+01  1.487745e+04
  7.603240e+01  1.563140e+04
  7.406290e+01  1.644580e+04
  7.214440e+01  1.717100e+04
  7.027560e+01  1.800420e+04
  6.845520e+01  1.881320e+04
  6.668200e+01  1.959100e+04
  6.495470e+01  2.017070e+04
  6.327220e+01  2.083710e+04
  6.163320e+01  2.108255e+04
  6.003670e+01  2.138280e+04
  5.848160e+01  2.166850e+04
  5.696670e+01  2.173800e+04
  5.549110e+01  2.185055e+04
  5.405370e+01  2.193175e+04
  5.265350e+01  2.214045e+04
  5.128960e+01  2.225040e+04
  4.996100e+01  2.214545e+04
  4.866690e+01  2.206375e+04
  4.740620e+01  2.175265e+04
  4.617830e+01  2.150630e+04
  4.498210e+01  2.086995e+04
  4.381690e+01  2.027135e+04
  4.268190e+01  1.968760e+04
  4.157630e+01  1.907745e+04
  4.049930e+01  1.828795e+04
  3.945030e+01  1.765200e+04
  3.842840e+01  1.696070e+04
  3.743290e+01  1.635855e+04
  3.646330e+01  1.570755e+04
  3.551880e+01  1.513375e+04
  3.459870e+01  1.449385e+04
  3.370250e+01  1.380210e+04
  3.282950e+01  1.321950e+04
  3.197910e+01  1.259305e+04
  3.115070e+01  1.201115e+04
  3.034380e+01  1.137040e+04
  2.955780e+01  1.071870e+04
  2.879220e+01  1.010040e+04
  2.804640e+01  9.511939e+03
  2.731990e+01  8.906385e+03
  2.661220e+01  8.284305e+03
  2.592290e+01  7.679045e+03
  2.525140e+01  7.112475e+03
  2.459730e+01  6.501245e+03
  2.396010e+01  5.961330e+03
  2.333950e+01  5.442100e+03
  2.273490e+01  4.900135e+03
  2.214600e+01  4.403930e+03
  2.157230e+01  3.876590e+03
  2.101350e+01  3.410130e+03
  2.046920e+01  2.944295e+03
  1.993900e+01  2.572165e+03
  1.942250e+01  2.239285e+03
  1.891940e+01  1.962530e+03
  1.842930e+01  1.792080e+03
  1.795200e+01  1.681975e+03
  1.748690e+01  1.612760e+03
  1.703400e+01  1.583530e+03
  1.659270e+01  1.570425e+03
  1.616290e+01  1.622750e+03
  1.574430e+01  1.647285e+03
  1.533640e+01  1.649110e+03
  1.493920e+01  1.641000e+03
  1.455220e+01  1.560055e+03
  1.417520e+01  1.388165e+03
  1.380800e+01  1.128660e+03
  1.345040e+01  8.440900e+02
  1.310200e+01  6.072265e+02
  1.276260e+01  4.019405e+02
  1.243200e+01  2.636690e+02
  1.211000e+01  1.809795e+02
  1.179630e+01  1.255500e+02
  1.149070e+01  9.276140e+01
  1.119310e+01  7.277025e+01
  1.090310e+01  5.762565e+01
  1.062070e+01  4.914470e+01
  1.034560e+01  3.983050e+01
  1.007760e+01  3.377270e+01
  9.816600e+00  2.536730e+01
  9.562300e+00  2.248990e+01
  9.314600e+00  2.112685e+01
  9.073300e+00  2.589750e+01
  8.838300e+00  3.399975e+01
  8.609300e+00  4.535840e+01
  8.386300e+00  6.996855e+01
  8.169100e+00  1.036655e+02
  7.957500e+00  1.684845e+02
  7.751400e+00  2.079360e+02
  7.550600e+00  2.754815e+02
  7.355000e+00  2.773750e+02
  7.164500e+00  2.492065e+02
  6.978900e+00  2.357280e+02
  6.798100e+00  2.033945e+02
  6.622000e+00  1.866580e+02
  6.450500e+00  1.668945e+02
  6.283400e+00  1.512195e+02
  6.120600e+00  1.287310e+02
  5.962100e+00  1.197955e+02
  5.807600e+00  1.169925e+02
  5.657200e+00  1.126020e+02
  5.510700e+00  1.105555e+02
  5.367900e+00  1.012428e+02
  5.228900e+00  9.374595e+01
  5.093400e+00  8.791490e+01
  4.961500e+00  7.557205e+01
  4.833000e+00  6.913565e+01
  4.707800e+00  6.504655e+01
  4.585800e+00  5.785275e+01
  4.467100e+00  5.391530e+01
  4.351300e+00  5.088620e+01
  4.238600e+00  4.891745e+01
  4.128800e+00  3.998195e+01
  4.021900e+00  4.414680e+01
  3.917700e+00  3.808895e+01
  3.816200e+00  3.036510e+01
  3.717400e+00  3.081945e+01
  3.621100e+00  2.695765e+01
  3.527300e+00  2.332300e+01
  3.435900e+00  2.324710e+01
  3.346900e+00  1.741650e+01
  3.260200e+00  1.272155e+01
  3.175800e+00  8.556709e+00
  3.093500e+00  5.300630e+00
  3.013400e+00  3.634735e+00
  2.935300e+00  4.013350e+00
  2.859300e+00  8.480995e+00
  2.785200e+00  8.859705e+00
  2.713100e+00  1.241865e+01
  2.642800e+00  1.097993e+01
  2.574300e+00  1.067690e+01
  2.507600e+00  9.541225e+00
  2.442700e+00  8.708220e+00
  2.379400e+00  6.966530e+00
  2.317800e+00  7.950930e+00
  2.257700e+00  6.209295e+00
  2.199300e+00  6.966565e+00
  2.142300e+00  7.118020e+00
  2.086800e+00  5.755000e+00
  2.032700e+00  5.300645e+00
  1.980100e+00  5.754995e+00
  1.928800e+00  5.224905e+00
  1.878800e+00  4.619145e+00
  1.830200e+00  5.376360e+00
  1.782800e+00  9.541170e+00
  1.736600e+00  5.376355e+00
  1.691600e+00  3.786180e+00
  1.647800e+00  2.726040e+00
  1.605100e+00  2.120250e+00
  1.563500e+00  2.953225e+00
  1.523000e+00  2.877495e+00
  1.483600e+00  2.044530e+00
  1.445100e+00  1.211575e+00
  1.407700e+00  2.423145e+00
  1.371200e+00  1.817375e+00
  1.335700e+00  1.893090e+00
  1.301100e+00  1.893080e+00
  1.267400e+00  9.844150e-01
  1.234600e+00  1.287310e+00
  1.202600e+00  9.086850e-01
  1.171500e+00  9.844050e-01
  1.141100e+00  1.590200e+00
  1.111600e+00  1.060130e+00
  1.082800e+00  8.329600e-01
  1.054700e+00  1.590205e+00
  1.027400e+00  1.287310e+00
  1.000800e+00  7.572401e-01
  9.749000e-01  2.120255e+00
  9.496000e-01  3.786250e-01
  9.250000e-01  5.300700e-01
  9.010000e-01  9.844100e-01
  8.777000e-01  1.817360e+00
  8.550000e-01  1.211580e+00
  8.328000e-01  7.572450e-01
  8.113000e-01  3.786250e-01
  7.902000e-01  2.195980e+00
  7.698000e-01  1.741640e+00
  7.498000e-01  1.968820e+00
  7.304000e-01  1.817360e+00
  7.115000e-01  1.893085e+00
  6.931000e-01  2.574600e+00
  6.751000e-01  1.749230e+01
  6.576000e-01  1.294870e+01
  6.406000e-01  4.399550e+01
  6.240000e-01  1.302450e+01
  6.078000e-01  2.877495e+00
  5.921000e-01  1.590195e+00
  5.767000e-01  2.044530e+00
  5.618000e-01  2.650320e+00
  5.472000e-01  2.877490e+00
  5.331000e-01  3.104665e+00
  5.193000e-01  3.028945e+00
  5.058000e-01  2.195975e+00
  4.927000e-01  6.209315e+00
  4.799000e-01  4.619135e+00
  4.675000e-01  3.861890e+00
  4.554000e-01  2.877505e+00
  4.436000e-01  6.966560e+00
  4.321000e-01  5.527820e+00
  4.209000e-01  5.982145e+00
  4.100000e-01  3.786180e+00
  3.994000e-01  7.572335e+00
  3.891000e-01  1.302440e+01
  3.790000e-01  1.287305e+01
  3.692000e-01  2.877495e+00
  3.596000e-01  2.726040e+00
  3.503000e-01  3.104660e+00
  3.412000e-01  2.423150e+00
  3.324000e-01  2.801765e+00
  3.238000e-01  2.271695e+00
  3.154000e-01  3.180390e+00
  3.072000e-01  3.483285e+00
  2.992000e-01  5.149195e+00
  2.915000e-01  5.376380e+00
  2.839000e-01  7.269455e+00
  2.766000e-01  4.770590e+00
  2.694000e-01  9.011115e+00
  2.624000e-01  2.211135e+01
  2.556000e-01  3.066800e+01
  2.490000e-01  1.075270e+01
  2.426000e-01  9.313950e+00
  2.363000e-01  9.238211e+00
  2.302000e-01  6.966545e+00
  2.242000e-01  5.073470e+00
  2.184000e-01  3.786155e+00
  2.127000e-01  4.619130e+00
  2.072000e-01  3.558995e+00
  2.019000e-01  4.543410e+00
  1.966000e-01  3.634730e+00
  1.915000e-01  6.966520e+00
  1.866000e-01  6.966565e+00
  1.817000e-01  3.028945e+00
  1.770000e-01  4.089065e+00
  1.725000e-01  4.089070e+00
  1.680000e-01  4.846320e+00
  1.636000e-01  3.710440e+00
  1.594000e-01  3.786170e+00
  1.553000e-01  4.619145e+00
  1.512000e-01  5.452070e+00
  1.473000e-01  4.770590e+00
  1.435000e-01  6.739430e+00
  1.398000e-01  5.754975e+00
  1.362000e-01  6.360750e+00
  1.326000e-01  4.694875e+00
  1.292000e-01  6.436515e+00
  1.259000e-01  6.436500e+00
  1.226000e-01  8.102345e+00
  1.194000e-01  7.269430e+00
  1.163000e-01  7.117995e+00
  1.133000e-01  7.648060e+00
  1.104000e-01  8.556746e+00
  1.075000e-01  7.950985e+00
  1.047000e-01  7.723770e+00
  1.020000e-01  1.029836e+01
  9.940000e-02  9.692605e+00
  9.680000e-02  1.082843e+01
  9.430000e-02  1.097995e+01
  9.190000e-02  1.052545e+01
  8.950000e-02  1.014700e+01
  8.720000e-02  8.556665e+00
  8.490000e-02  9.011086e+00
  8.270000e-02  9.465401e+00
  8.060000e-02  8.708176e+00
  7.850000e-02  8.859665e+00
  7.640000e-02  9.086770e+00
  7.450000e-02  6.815095e+00
  7.250000e-02  8.253750e+00
  7.070000e-02  6.209310e+00
  6.880000e-02  7.420865e+00
  6.700000e-02  6.890825e+00
  6.530000e-02  6.663645e+00
  6.360000e-02  4.543410e+00
  6.200000e-02  4.997725e+00
  6.040000e-02  4.391975e+00
  5.880000e-02  3.331835e+00
  5.730000e-02  3.104660e+00
  5.580000e-02  3.028945e+00
  5.430000e-02  2.044540e+00
  5.290000e-02  1.665930e+00
  5.160000e-02  2.120275e+00
  5.020000e-02  2.195980e+00
  4.890000e-02  1.060140e+00
  4.770000e-02  1.741640e+00
  4.640000e-02  1.514480e+00
  4.520000e-02  9.844150e-01
  4.410000e-02  1.287300e+00
  4.290000e-02  6.057950e-01
  4.180000e-02  7.572350e-01
  4.070000e-02  6.057950e-01
  3.970000e-02  4.543450e-01
  3.860000e-02  3.786250e-01
  3.760000e-02  3.786150e-01
  3.670000e-02  3.786250e-01
  3.570000e-02  0.000000e+00
  3.480000e-02  1.514500e-01
  3.390000e-02  1.514500e-01
  3.300000e-02  2.271750e-01
  3.220000e-02  7.572500e-02
  3.130000e-02  0.000000e+00
  3.050000e-02  1.514500e-01
  2.970000e-02  0.000000e+00
  2.890000e-02  0.000000e+00
  2.820000e-02  0.000000e+00
  2.750000e-02  7.572500e-02
  2.680000e-02  0.000000e+00
  2.610000e-02  0.000000e+00
  2.540000e-02  7.572500e-02
  2.470000e-02  7.572500e-02
  2.410000e-02  7.572500e-02
  2.350000e-02  1.514500e-01
  2.290000e-02  7.572500e-02
  2.230000e-02  7.572500e-02
  2.170000e-02  0.000000e+00
  2.110000e-02  0.000000e+00
  2.060000e-02  0.000000e+00
  2.000000e-02  7.572500e-02
  1.950000e-02  0.000000e+00
  1.900000e-02  7.572500e-02
  1.850000e-02  0.000000e+00
  1.800000e-02  0.000000e+00
  1.760000e-02  0.000000e+00
  1.710000e-02  0.000000e+00
  1.670000e-02  0.000000e+00
  1.630000e-02  0.000000e+00
  1.580000e-02  0.000000e+00
  1.540000e-02  0.000000e+00
  1.500000e-02  0.000000e+00
  1.460000e-02  0.000000e+00
  1.430000e-02  0.000000e+00
  1.390000e-02  0.000000e+00
  1.350000e-02  0.000000e+00
  1.320000e-02  0.000000e+00
  1.280000e-02  0.000000e+00
  1.250000e-02  0.000000e+00
  1.220000e-02  0.000000e+00
  1.190000e-02  0.000000e+00
  1.160000e-02  0.000000e+00
  1.130000e-02  0.000000e+00
  1.100000e-02  7.572500e-02
  1.070000e-02  0.000000e+00
  1.040000e-02  0.000000e+00
  1.010000e-02  0.000000e+00
