  4.934820e+03  4.633495e-03
  4.806990e+03  5.231450e-04
  4.682470e+03  9.715400e-04
  4.561180e+03  6.726100e-04
  4.443030e+03  9.715350e-04
  4.327940e+03  8.968100e-04
  4.215830e+03  8.968150e-04
  4.106630e+03  9.715400e-04
  4.000250e+03  8.968100e-04
  3.896630e+03  1.494680e-03
  3.795700e+03  1.195735e-03
  3.697380e+03  1.644145e-03
  3.601600e+03  2.391470e-03
  3.508310e+03  2.167270e-03
  3.417430e+03  2.167270e-03
  3.328910e+03  1.943065e-03
  3.242680e+03  2.690405e-03
  3.158680e+03  2.540935e-03
  3.076860e+03  3.138805e-03
  2.997160e+03  4.334550e-03
  2.919530e+03  4.259825e-03
  2.843900e+03  4.409290e-03
  2.770230e+03  3.811410e-03
  2.698480e+03  4.708190e-03
  2.628580e+03  5.081900e-03
  2.560490e+03  5.530310e-03
  2.494160e+03  7.174415e-03
  2.429550e+03  8.220704e-03
  2.366620e+03  8.818544e-03
  2.305320e+03  1.023845e-02
  2.245600e+03  1.106055e-02
  2.187430e+03  1.188265e-02
  2.130770e+03  1.158375e-02
  2.075580e+03  1.472250e-02
  2.021810e+03  1.487195e-02
  1.969440e+03  1.681495e-02
  1.918430e+03  2.025275e-02
  1.868730e+03  1.838445e-02
  1.820330e+03  2.294310e-02
  1.773170e+03  2.488620e-02
  1.727240e+03  2.653035e-02
  1.682500e+03  2.989330e-02
  1.638920e+03  3.333115e-02
  1.596470e+03  3.467615e-02
  1.555110e+03  3.901085e-02
  1.514830e+03  4.312125e-02
  1.475590e+03  4.685795e-02
  1.437370e+03  5.306095e-02
  1.400140e+03  5.605035e-02
  1.363870e+03  5.784395e-02
  1.328540e+03  6.740969e-02
  1.294120e+03  7.308941e-02
  1.260600e+03  7.652730e-02
  1.227950e+03  8.863420e-02
  1.196140e+03  9.319255e-02
  1.165160e+03  1.061225e-01
  1.134980e+03  1.162110e-01
  1.105580e+03  1.246550e-01
  1.076940e+03  1.441610e-01
  1.049040e+03  1.546995e-01
  1.021870e+03  1.671780e-01
  9.953980e+02  1.837700e-01
  9.696140e+02  2.054425e-01
  9.444970e+02  2.181475e-01
  9.200320e+02  2.533460e-01
  8.962000e+02  2.863790e-01
  8.729850e+02  3.169460e-01
  8.503720e+02  3.584975e-01
  8.283450e+02  3.925750e-01
  8.068880e+02  4.300925e-01
  7.859870e+02  4.780700e-01
  7.656270e+02  5.371110e-01
  7.457950e+02  5.856130e-01
  7.264760e+02  6.537700e-01
  7.076580e+02  7.100445e-01
  6.893270e+02  8.116820e-01
  6.714710e+02  8.817815e-01
  6.540780e+02  9.641395e-01
  6.371350e+02  1.086180e+00
  6.206310e+02  1.180490e+00
  6.045550e+02  1.321135e+00
  5.888950e+02  1.441385e+00
  5.736410e+02  1.596685e+00
  5.587810e+02  1.720295e+00
  5.443070e+02  1.893385e+00
  5.302080e+02  2.068110e+00
  5.164740e+02  2.254120e+00
  5.030950e+02  2.426600e+00
  4.900630e+02  2.672320e+00
  4.773690e+02  2.927835e+00
  4.650040e+02  3.178430e+00
  4.529580e+02  3.416910e+00
  4.412250e+02  3.761715e+00
  4.297960e+02  4.088005e+00
  4.186630e+02  4.407565e+00
  4.078180e+02  4.724135e+00
  3.972540e+02  5.123230e+00
  3.869640e+02  5.544860e+00
  3.769400e+02  6.051940e+00
  3.671770e+02  6.518185e+00
  3.576650e+02  7.002680e+00
  3.484010e+02  7.528885e+00
  3.393760e+02  8.041636e+00
  3.305850e+02  8.615280e+00
  3.220220e+02  9.189091e+00
  3.136800e+02  9.795275e+00
  3.055550e+02  1.039465e+01
  2.976400e+02  1.100610e+01
  2.899300e+02  1.177285e+01
  2.824200e+02  1.256675e+01
  2.751040e+02  1.332840e+01
  2.679780e+02  1.421435e+01
  2.610370e+02  1.495365e+01
  2.542750e+02  1.579215e+01
  2.476890e+02  1.678345e+01
  2.412730e+02  1.774480e+01
  2.350230e+02  1.883275e+01
  2.289350e+02  1.995320e+01
  2.230050e+02  2.104315e+01
  2.172280e+02  2.212290e+01
  2.116010e+02  2.320560e+01
  2.061200e+02  2.420110e+01
  2.007810e+02  2.534870e+01
  1.955800e+02  2.681925e+01
  1.905140e+02  2.833550e+01
  1.855790e+02  2.985770e+01
  1.807720e+02  3.147010e+01
  1.760890e+02  3.293010e+01
  1.715280e+02  3.432090e+01
  1.670850e+02  3.577545e+01
  1.627570e+02  3.721815e+01
  1.585410e+02  3.853510e+01
  1.544340e+02  3.990750e+01
  1.504340e+02  4.104480e+01
  1.465370e+02  4.249370e+01
  1.427410e+02  4.397795e+01
  1.390440e+02  4.515665e+01
  1.354420e+02  4.639320e+01
  1.319340e+02  4.764460e+01
  1.285160e+02  4.864040e+01
  1.251870e+02  4.987660e+01
  1.219440e+02  5.087875e+01
  1.187850e+02  5.208835e+01
  1.157090e+02  5.329230e+01
  1.127110e+02  5.441875e+01
  1.097920e+02  5.566285e+01
  1.069480e+02  5.677905e+01
  1.041770e+02  5.798895e+01
  1.014790e+02  5.910955e+01
  9.885030e+01  6.022325e+01
  9.628970e+01  6.129455e+01
  9.379550e+01  6.238920e+01
  9.136590e+01  6.329240e+01
  8.899920e+01  6.434164e+01
  8.669380e+01  6.506700e+01
  8.444820e+01  6.578895e+01
  8.226070e+01  6.643365e+01
  8.012980e+01  6.709510e+01
  7.805420e+01  6.732775e+01
  7.603240e+01  6.759565e+01
  7.406290e+01  6.764430e+01
  7.214440e+01  6.751080e+01
  7.027560e+01  6.714861e+01
  6.845520e+01  6.633255e+01
  6.668200e+01  6.534585e+01
  6.495470e+01  6.380895e+01
  6.327220e+01  6.231085e+01
  6.163320e+01  6.049090e+01
  6.003670e+01  5.840450e+01
  5.848160e+01  5.640540e+01
  5.696670e+01  5.443395e+01
  5.549110e+01  5.248065e+01
  5.405370e+01  4.983055e+01
  5.265350e+01  4.694515e+01
  5.128960e+01  4.399130e+01
  4.996100e+01  4.112465e+01
  4.866690e+01  3.758280e+01
  4.740620e+01  3.398300e+01
  4.617830e+01  3.040480e+01
  4.498210e+01  2.714825e+01
  4.381690e+01  2.513665e+01
  4.268190e+01  2.334435e+01
  4.157630e+01  2.144760e+01
  4.049930e+01  1.975110e+01
  3.945030e+01  1.844930e+01
  3.842840e+01  1.733725e+01
  3.743290e+01  1.628420e+01
  3.646330e+01  1.532325e+01
  3.551880e+01  1.438985e+01
  3.459870e+01  1.334335e+01
  3.370250e+01  1.224710e+01
  3.282950e+01  1.118790e+01
  3.197910e+01  1.017235e+01
  3.115070e+01  9.214205e+00
  3.034380e+01  8.346775e+00
  2.955780e+01  7.495400e+00
  2.879220e+01  6.653170e+00
  2.804640e+01  5.873395e+00
  2.731990e+01  5.142120e+00
  2.661220e+01  4.450240e+00
  2.592290e+01  3.826360e+00
  2.525140e+01  3.235600e+00
  2.459730e+01  2.699975e+00
  2.396010e+01  2.240660e+00
  2.333950e+01  1.840690e+00
  2.273490e+01  1.482940e+00
  2.214600e+01  1.147530e+00
  2.157230e+01  8.774475e-01
  2.101350e+01  6.515285e-01
  2.046920e+01  4.882350e-01
  1.993900e+01  3.605905e-01
  1.942250e+01  2.571585e-01
  1.891940e+01  2.004335e-01
  1.842930e+01  1.693460e-01
  1.795200e+01  1.568665e-01
  1.748690e+01  1.562695e-01
  1.703400e+01  1.603040e-01
  1.659270e+01  1.827985e-01
  1.616290e+01  2.150075e-01
  1.574430e+01  2.378755e-01
  1.533640e+01  2.705360e-01
  1.493920e+01  2.822700e-01
  1.455220e+01  2.797290e-01
  1.417520e+01  2.282375e-01
  1.380800e+01  1.517100e-01
  1.345040e+01  7.615365e-02
  1.310200e+01  3.348050e-02
  1.276260e+01  1.330260e-02
  1.243200e+01  4.035600e-03
  1.211000e+01  1.270480e-03
  1.179630e+01  5.978700e-04
  1.149070e+01  2.242050e-04
  1.119310e+01  7.473500e-05
  1.090310e+01  7.473500e-05
  1.062070e+01  7.473500e-05
  1.034560e+01  0.000000e+00
  1.007760e+01  0.000000e+00
  9.816600e+00  0.000000e+00
  9.562300e+00  0.000000e+00
  9.314600e+00  0.000000e+00
  9.073300e+00  7.473500e-05
  8.838300e+00  0.000000e+00
  8.609300e+00  1.494700e-04
  8.386300e+00  5.978750e-04
  8.169100e+00  1.494675e-03
  7.957500e+00  6.053430e-03
  7.751400e+00  1.913180e-02
  7.550600e+00  3.826355e-02
  7.355000e+00  4.334565e-02
  7.164500e+00  3.564780e-02
  6.978900e+00  3.146275e-02
  6.798100e+00  2.503570e-02
  6.622000e+00  1.868330e-02
  6.450500e+00  1.382565e-02
  6.283400e+00  9.416420e-03
  6.120600e+00  5.978660e-03
  5.962100e+00  5.007145e-03
  5.807600e+00  3.736690e-03
  5.657200e+00  3.213555e-03
  5.510700e+00  2.466225e-03
  5.367900e+00  2.017800e-03
  5.228900e+00  1.121015e-03
  5.093400e+00  9.715400e-04
  4.961500e+00  8.220749e-04
  4.833000e+00  8.220749e-04
  4.707800e+00  3.736700e-04
  4.585800e+00  2.989400e-04
  4.467100e+00  0.000000e+00
  4.351300e+00  2.989350e-04
  4.238600e+00  2.242050e-04
  4.128800e+00  2.242050e-04
  4.021900e+00  2.989400e-04
  3.917700e+00  2.242050e-04
  3.816200e+00  4.484050e-04
  3.717400e+00  7.473500e-05
  3.621100e+00  0.000000e+00
  3.527300e+00  1.494700e-04
  3.435900e+00  1.494700e-04
  3.346900e+00  1.494700e-04
  3.260200e+00  7.473500e-05
  3.175800e+00  0.000000e+00
  3.093500e+00  7.473500e-05
  3.013400e+00  0.000000e+00
  2.935300e+00  7.473500e-05
  2.859300e+00  0.000000e+00
  2.785200e+00  7.473500e-05
  2.713100e+00  7.473500e-05
  2.642800e+00  1.494700e-04
  2.574300e+00  1.494700e-04
  2.507600e+00  0.000000e+00
  2.442700e+00  1.494700e-04
  2.379400e+00  0.000000e+00
  2.317800e+00  7.473500e-05
  2.257700e+00  0.000000e+00
  2.199300e+00  1.494700e-04
  2.142300e+00  0.000000e+00
  2.086800e+00  7.473500e-05
  2.032700e+00  0.000000e+00
  1.980100e+00  7.473500e-05
  1.928800e+00  0.000000e+00
  1.878800e+00  7.473500e-05
  1.830200e+00  0.000000e+00
  1.782800e+00  7.473500e-05
  1.736600e+00  0.000000e+00
  1.691600e+00  0.000000e+00
  1.647800e+00  0.000000e+00
  1.605100e+00  0.000000e+00
  1.563500e+00  0.000000e+00
  1.523000e+00  0.000000e+00
  1.483600e+00  0.000000e+00
  1.445100e+00  0.000000e+00
  1.407700e+00  7.473500e-05
  1.371200e+00  0.000000e+00
  1.335700e+00  0.000000e+00
  1.301100e+00  0.000000e+00
  1.267400e+00  0.000000e+00
  1.234600e+00  0.000000e+00
  1.202600e+00  0.000000e+00
  1.171500e+00  7.473500e-05
  1.141100e+00  0.000000e+00
  1.111600e+00  0.000000e+00
  1.082800e+00  0.000000e+00
  1.054700e+00  0.000000e+00
  1.027400e+00  0.000000e+00
  1.000800e+00  0.000000e+00
  9.749000e-01  0.000000e+00
  9.496000e-01  0.000000e+00
  9.250000e-01  0.000000e+00
  9.010000e-01  0.000000e+00
  8.777000e-01  0.000000e+00
  8.550000e-01  0.000000e+00
  8.328000e-01  0.000000e+00
  8.113000e-01  0.000000e+00
  7.902000e-01  0.000000e+00
  7.698000e-01  0.000000e+00
  7.498000e-01  0.000000e+00
  7.304000e-01  0.000000e+00
  7.115000e-01  0.000000e+00
  6.931000e-01  0.000000e+00
  6.751000e-01  0.000000e+00
  6.576000e-01  0.000000e+00
  6.406000e-01  0.000000e+00
  6.240000e-01  0.000000e+00
  6.078000e-01  0.000000e+00
  5.921000e-01  0.000000e+00
  5.767000e-01  0.000000e+00
  5.618000e-01  0.000000e+00
  5.472000e-01  0.000000e+00
  5.331000e-01  0.000000e+00
  5.193000e-01  0.000000e+00
  5.058000e-01  0.000000e+00
  4.927000e-01  0.000000e+00
  4.799000e-01  0.000000e+00
  4.675000e-01  0.000000e+00
  4.554000e-01  0.000000e+00
  4.436000e-01  0.000000e+00
  4.321000e-01  0.000000e+00
  4.209000e-01  0.000000e+00
  4.100000e-01  0.000000e+00
  3.994000e-01  0.000000e+00
  3.891000e-01  0.000000e+00
  3.790000e-01  0.000000e+00
  3.692000e-01  0.000000e+00
  3.596000e-01  0.000000e+00
  3.503000e-01  0.000000e+00
  3.412000e-01  0.000000e+00
  3.324000e-01  0.000000e+00
  3.238000e-01  0.000000e+00
  3.154000e-01  0.000000e+00
  3.072000e-01  0.000000e+00
  2.992000e-01  0.000000e+00
  2.915000e-01  0.000000e+00
  2.839000e-01  0.000000e+00
  2.766000e-01  0.000000e+00
  2.694000e-01  0.000000e+00
  2.624000e-01  0.000000e+00
  2.556000e-01  0.000000e+00
  2.490000e-01  0.000000e+00
  2.426000e-01  0.000000e+00
  2.363000e-01  0.000000e+00
  2.302000e-01  0.000000e+00
  2.242000e-01  0.000000e+00
  2.184000e-01  0.000000e+00
  2.127000e-01  0.000000e+00
  2.072000e-01  0.000000e+00
  2.019000e-01  0.000000e+00
  1.966000e-01  0.000000e+00
  1.915000e-01  0.000000e+00
  1.866000e-01  0.000000e+00
  1.817000e-01  0.000000e+00
  1.770000e-01  0.000000e+00
  1.725000e-01  0.000000e+00
  1.680000e-01  0.000000e+00
  1.636000e-01  0.000000e+00
  1.594000e-01  0.000000e+00
  1.553000e-01  0.000000e+00
  1.512000e-01  0.000000e+00
  1.473000e-01  0.000000e+00
  1.435000e-01  0.000000e+00
  1.398000e-01  0.000000e+00
  1.362000e-01  0.000000e+00
  1.326000e-01  0.000000e+00
  1.292000e-01  0.000000e+00
  1.259000e-01  0.000000e+00
  1.226000e-01  0.000000e+00
  1.194000e-01  0.000000e+00
  1.163000e-01  0.000000e+00
  1.133000e-01  0.000000e+00
  1.104000e-01  0.000000e+00
  1.075000e-01  0.000000e+00
  1.047000e-01  0.000000e+00
  1.020000e-01  0.000000e+00
  9.940000e-02  0.000000e+00
  9.680000e-02  0.000000e+00
  9.430000e-02  0.000000e+00
  9.190000e-02  0.000000e+00
  8.950000e-02  0.000000e+00
  8.720000e-02  0.000000e+00
  8.490000e-02  0.000000e+00
  8.270000e-02  0.000000e+00
  8.060000e-02  0.000000e+00
  7.850000e-02  0.000000e+00
  7.640000e-02  0.000000e+00
  7.450000e-02  0.000000e+00
  7.250000e-02  0.000000e+00
  7.070000e-02  0.000000e+00
  6.880000e-02  0.000000e+00
  6.700000e-02  0.000000e+00
  6.530000e-02  0.000000e+00
  6.360000e-02  0.000000e+00
  6.200000e-02  0.000000e+00
  6.040000e-02  0.000000e+00
  5.880000e-02  0.000000e+00
  5.730000e-02  0.000000e+00
  5.580000e-02  0.000000e+00
  5.430000e-02  0.000000e+00
  5.290000e-02  0.000000e+00
  5.160000e-02  0.000000e+00
  5.020000e-02  0.000000e+00
  4.890000e-02  0.000000e+00
  4.770000e-02  0.000000e+00
  4.640000e-02  0.000000e+00
  4.520000e-02  0.000000e+00
  4.410000e-02  0.000000e+00
  4.290000e-02  0.000000e+00
  4.180000e-02  0.000000e+00
  4.070000e-02  0.000000e+00
  3.970000e-02  0.000000e+00
  3.860000e-02  0.000000e+00
  3.760000e-02  0.000000e+00
  3.670000e-02  0.000000e+00
  3.570000e-02  0.000000e+00
  3.480000e-02  0.000000e+00
  3.390000e-02  0.000000e+00
  3.300000e-02  0.000000e+00
  3.220000e-02  0.000000e+00
  3.130000e-02  0.000000e+00
  3.050000e-02  0.000000e+00
  2.970000e-02  0.000000e+00
  2.890000e-02  0.000000e+00
  2.820000e-02  0.000000e+00
  2.750000e-02  0.000000e+00
  2.680000e-02  0.000000e+00
  2.610000e-02  0.000000e+00
  2.540000e-02  0.000000e+00
  2.470000e-02  0.000000e+00
  2.410000e-02  0.000000e+00
  2.350000e-02  0.000000e+00
  2.290000e-02  0.000000e+00
  2.230000e-02  0.000000e+00
  2.170000e-02  0.000000e+00
  2.110000e-02  0.000000e+00
  2.060000e-02  0.000000e+00
  2.000000e-02  0.000000e+00
  1.950000e-02  0.000000e+00
  1.900000e-02  0.000000e+00
  1.850000e-02  0.000000e+00
  1.800000e-02  0.000000e+00
  1.760000e-02  0.000000e+00
  1.710000e-02  0.000000e+00
  1.670000e-02  0.000000e+00
  1.630000e-02  0.000000e+00
  1.580000e-02  0.000000e+00
  1.540000e-02  0.000000e+00
  1.500000e-02  0.000000e+00
  1.460000e-02  0.000000e+00
  1.430000e-02  0.000000e+00
  1.390000e-02  0.000000e+00
  1.350000e-02  0.000000e+00
  1.320000e-02  0.000000e+00
  1.280000e-02  0.000000e+00
  1.250000e-02  0.000000e+00
  1.220000e-02  0.000000e+00
  1.190000e-02  0.000000e+00
  1.160000e-02  0.000000e+00
  1.130000e-02  0.000000e+00
  1.100000e-02  0.000000e+00
  1.070000e-02  0.000000e+00
  1.040000e-02  0.000000e+00
  1.010000e-02  0.000000e+00
