  4.934820e+03  7.588300e-03
  4.806990e+03  6.898500e-04
  4.682470e+03  0.000000e+00
  4.561180e+03  2.069550e-03
  4.443030e+03  0.000000e+00
  4.327940e+03  1.379700e-03
  4.215830e+03  1.379700e-03
  4.106630e+03  2.069550e-03
  4.000250e+03  2.069550e-03
  3.896630e+03  2.759400e-03
  3.795700e+03  2.069550e-03
  3.697380e+03  6.898500e-04
  3.601600e+03  6.898500e-04
  3.508310e+03  6.898500e-04
  3.417430e+03  4.828950e-03
  3.328910e+03  6.208650e-03
  3.242680e+03  4.828950e-03
  3.158680e+03  7.588300e-03
  3.076860e+03  6.208600e-03
  2.997160e+03  4.828950e-03
  2.919530e+03  4.828950e-03
  2.843900e+03  3.449250e-03
  2.770230e+03  6.898500e-03
  2.698480e+03  8.967999e-03
  2.628580e+03  8.968050e-03
  2.560490e+03  8.968050e-03
  2.494160e+03  9.657900e-03
  2.429550e+03  1.517660e-02
  2.366620e+03  1.103755e-02
  2.305320e+03  1.517670e-02
  2.245600e+03  1.655635e-02
  2.187430e+03  2.138505e-02
  2.130770e+03  1.379690e-02
  2.075580e+03  1.931560e-02
  2.021810e+03  2.483435e-02
  1.969440e+03  2.552410e-02
  1.918430e+03  3.104280e-02
  1.868730e+03  3.656155e-02
  1.820330e+03  3.932090e-02
  1.773170e+03  4.208010e-02
  1.727240e+03  5.794635e-02
  1.682500e+03  5.932605e-02
  1.638920e+03  5.242770e-02
  1.596470e+03  6.967360e-02
  1.555110e+03  5.863595e-02
  1.514830e+03  8.898870e-02
  1.475590e+03  7.933110e-02
  1.437370e+03  1.055450e-01
  1.400140e+03  9.795670e-02
  1.363870e+03  1.193420e-01
  1.328540e+03  1.227915e-01
  1.294120e+03  1.379680e-01
  1.260600e+03  1.414155e-01
  1.227950e+03  1.697010e-01
  1.196140e+03  1.807385e-01
  1.165160e+03  1.986730e-01
  1.134980e+03  1.966040e-01
  1.105580e+03  2.379950e-01
  1.076940e+03  2.835250e-01
  1.049040e+03  3.076695e-01
  1.021870e+03  2.987015e-01
  9.953980e+02  3.359525e-01
  9.696140e+02  4.063165e-01
  9.444970e+02  4.490875e-01
  9.200320e+02  4.897860e-01
  8.962000e+02  5.435935e-01
  8.729850e+02  6.111979e-01
  8.503720e+02  7.622736e-01
  8.283450e+02  7.898685e-01
  8.068880e+02  8.898970e-01
  7.859870e+02  9.837115e-01
  7.656270e+02  1.125805e+00
  7.457950e+02  1.255510e+00
  7.264760e+02  1.292755e+00
  7.076580e+02  1.523175e+00
  6.893270e+02  1.659060e+00
  6.714710e+02  1.885335e+00
  6.540780e+02  2.117130e+00
  6.371350e+02  2.486180e+00
  6.206310e+02  2.697275e+00
  6.045550e+02  2.906295e+00
  5.888950e+02  3.275370e+00
  5.736410e+02  3.739620e+00
  5.587810e+02  4.099715e+00
  5.443070e+02  4.550880e+00
  5.302080e+02  5.066890e+00
  5.164740e+02  5.548395e+00
  5.030950e+02  6.120265e+00
  4.900630e+02  6.765265e+00
  4.773690e+02  7.408895e+00
  4.650040e+02  8.378111e+00
  4.529580e+02  9.168674e+00
  4.412250e+02  1.002405e+01
  4.297960e+02  1.130095e+01
  4.186630e+02  1.213290e+01
  4.078180e+02  1.344500e+01
  3.972540e+02  1.474320e+01
  3.869640e+02  1.654995e+01
  3.769400e+02  1.792195e+01
  3.671770e+02  1.966460e+01
  3.576650e+02  2.159200e+01
  3.484010e+02  2.397465e+01
  3.393760e+02  2.609245e+01
  3.305850e+02  2.827175e+01
  3.220220e+02  3.064405e+01
  3.136800e+02  3.324755e+01
  3.055550e+02  3.589035e+01
  2.976400e+02  3.934505e+01
  2.899300e+02  4.239210e+01
  2.824200e+02  4.626410e+01
  2.751040e+02  5.019345e+01
  2.679780e+02  5.436345e+01
  2.610370e+02  5.860265e+01
  2.542750e+02  6.285905e+01
  2.476890e+02  6.839695e+01
  2.412730e+02  7.373915e+01
  2.350230e+02  7.990350e+01
  2.289350e+02  8.577065e+01
  2.230050e+02  9.251590e+01
  2.172280e+02  9.903130e+01
  2.116010e+02  1.054125e+02
  2.061200e+02  1.119465e+02
  2.007810e+02  1.204570e+02
  1.955800e+02  1.289075e+02
  1.905140e+02  1.387390e+02
  1.855790e+02  1.485300e+02
  1.807720e+02  1.588570e+02
  1.760890e+02  1.680230e+02
  1.715280e+02  1.780995e+02
  1.670850e+02  1.883455e+02
  1.627570e+02  1.986985e+02
  1.585410e+02  2.080655e+02
  1.544340e+02  2.176260e+02
  1.504340e+02  2.265300e+02
  1.465370e+02  2.371365e+02
  1.427410e+02  2.476270e+02
  1.390440e+02  2.566150e+02
  1.354420e+02  2.658795e+02
  1.319340e+02  2.747305e+02
  1.285160e+02  2.836010e+02
  1.251870e+02  2.920045e+02
  1.219440e+02  2.997705e+02
  1.187850e+02  3.088595e+02
  1.157090e+02  3.179105e+02
  1.127110e+02  3.258860e+02
  1.097920e+02  3.356220e+02
  1.069480e+02  3.444955e+02
  1.041770e+02  3.542160e+02
  1.014790e+02  3.636365e+02
  9.885030e+01  3.719520e+02
  9.628970e+01  3.818605e+02
  9.379550e+01  3.914815e+02
  9.136590e+01  4.007835e+02
  8.899920e+01  4.098185e+02
  8.669380e+01  4.192480e+02
  8.444820e+01  4.278090e+02
  8.226070e+01  4.373975e+02
  8.012980e+01  4.470955e+02
  7.805420e+01  4.574785e+02
  7.603240e+01  4.648460e+02
  7.406290e+01  4.738405e+02
  7.214440e+01  4.833350e+02
  7.027560e+01  4.899235e+02
  6.845520e+01  4.966345e+02
  6.668200e+01  5.030140e+02
  6.495470e+01  5.057325e+02
  6.327220e+01  5.060670e+02
  6.163320e+01  5.033645e+02
  6.003670e+01  5.001570e+02
  5.848160e+01  4.934720e+02
  5.696670e+01  4.897785e+02
  5.549110e+01  4.821840e+02
  5.405370e+01  4.762105e+02
  5.265350e+01  4.708020e+02
  5.128960e+01  4.621865e+02
  4.996100e+01  4.541080e+02
  4.866690e+01  4.420130e+02
  4.740620e+01  4.274205e+02
  4.617830e+01  4.134105e+02
  4.498210e+01  3.942370e+02
  4.381690e+01  3.797635e+02
  4.268190e+01  3.646870e+02
  4.157630e+01  3.490665e+02
  4.049930e+01  3.328100e+02
  3.945030e+01  3.196410e+02
  3.842840e+01  3.065765e+02
  3.743290e+01  2.938800e+02
  3.646330e+01  2.830065e+02
  3.551880e+01  2.708340e+02
  3.459870e+01  2.577695e+02
  3.370250e+01  2.457475e+02
  3.282950e+01  2.322300e+02
  3.197910e+01  2.200555e+02
  3.115070e+01  2.078300e+02
  3.034380e+01  1.971990e+02
  2.955780e+01  1.844555e+02
  2.879220e+01  1.717870e+02
  2.804640e+01  1.609655e+02
  2.731990e+01  1.482745e+02
  2.661220e+01  1.364870e+02
  2.592290e+01  1.255200e+02
  2.525140e+01  1.145835e+02
  2.459730e+01  1.040040e+02
  2.396010e+01  9.360305e+01
  2.333950e+01  8.443520e+01
  2.273490e+01  7.443719e+01
  2.214600e+01  6.488914e+01
  2.157230e+01  5.612815e+01
  2.101350e+01  4.780450e+01
  2.046920e+01  4.052340e+01
  1.993900e+01  3.414920e+01
  1.942250e+01  2.844490e+01
  1.891940e+01  2.448465e+01
  1.842930e+01  2.259295e+01
  1.795200e+01  2.073725e+01
  1.748690e+01  2.001575e+01
  1.703400e+01  2.014410e+01
  1.659270e+01  2.084360e+01
  1.616290e+01  2.168375e+01
  1.574430e+01  2.255710e+01
  1.533640e+01  2.297450e+01
  1.493920e+01  2.352145e+01
  1.455220e+01  2.241285e+01
  1.417520e+01  1.953005e+01
  1.380800e+01  1.558905e+01
  1.345040e+01  1.113265e+01
  1.310200e+01  7.129495e+00
  1.276260e+01  4.280460e+00
  1.243200e+01  2.466180e+00
  1.211000e+01  1.314840e+00
  1.179630e+01  7.505470e-01
  1.149070e+01  3.621665e-01
  1.119310e+01  2.497240e-01
  1.090310e+01  1.545245e-01
  1.062070e+01  8.967815e-02
  1.034560e+01  6.208545e-02
  1.007760e+01  4.208025e-02
  9.816600e+00  2.207505e-02
  9.562300e+00  2.276480e-02
  9.314600e+00  2.345455e-02
  9.073300e+00  4.001065e-02
  8.838300e+00  9.036835e-02
  8.609300e+00  2.172995e-01
  8.386300e+00  4.808190e-01
  8.169100e+00  1.132020e+00
  7.957500e+00  2.242680e+00
  7.751400e+00  3.396775e+00
  7.550600e+00  5.131025e+00
  7.355000e+00  5.611175e+00
  7.164500e+00  5.240720e+00
  6.978900e+00  4.899925e+00
  6.798100e+00  4.270105e+00
  6.622000e+00  3.845165e+00
  6.450500e+00  3.376090e+00
  6.283400e+00  2.955275e+00
  6.120600e+00  2.453085e+00
  5.962100e+00  2.148155e+00
  5.807600e+00  2.206795e+00
  5.657200e+00  2.095735e+00
  5.510700e+00  1.905330e+00
  5.367900e+00  1.742535e+00
  5.228900e+00  1.577670e+00
  5.093400e+00  1.266545e+00
  4.961500e+00  1.146520e+00
  4.833000e+00  9.850990e-01
  4.707800e+00  8.940310e-01
  4.585800e+00  6.367225e-01
  4.467100e+00  5.656690e-01
  4.351300e+00  5.408355e-01
  4.238600e+00  4.621935e-01
  4.128800e+00  4.028655e-01
  4.021900e+00  5.346260e-01
  3.917700e+00  3.449190e-01
  3.816200e+00  2.593810e-01
  3.717400e+00  2.207495e-01
  3.621100e+00  1.683205e-01
  3.527300e+00  1.538335e-01
  3.435900e+00  1.221005e-01
  3.346900e+00  8.691961e-02
  3.260200e+00  5.104820e-02
  3.175800e+00  3.311235e-02
  3.093500e+00  2.000545e-02
  3.013400e+00  1.379695e-02
  2.935300e+00  1.655625e-02
  2.859300e+00  2.276480e-02
  2.785200e+00  2.069530e-02
  2.713100e+00  3.104285e-02
  2.642800e+00  3.725130e-02
  2.574300e+00  3.932090e-02
  2.507600e+00  3.380220e-02
  2.442700e+00  2.552415e-02
  2.379400e+00  2.207495e-02
  2.317800e+00  2.966320e-02
  2.257700e+00  1.931565e-02
  2.199300e+00  3.518185e-02
  2.142300e+00  2.483430e-02
  2.086800e+00  1.517665e-02
  2.032700e+00  1.793610e-02
  1.980100e+00  1.586645e-02
  1.928800e+00  1.172745e-02
  1.878800e+00  9.657900e-03
  1.830200e+00  6.208650e-03
  1.782800e+00  1.655630e-02
  1.736600e+00  1.241730e-02
  1.691600e+00  8.968050e-03
  1.647800e+00  6.898450e-03
  1.605100e+00  1.310715e-02
  1.563500e+00  9.657901e-03
  1.523000e+00  8.968000e-03
  1.483600e+00  8.967999e-03
  1.445100e+00  1.034770e-02
  1.407700e+00  6.898500e-03
  1.371200e+00  7.588250e-03
  1.335700e+00  4.828950e-03
  1.301100e+00  4.139100e-03
  1.267400e+00  2.069550e-03
  1.234600e+00  6.898450e-03
  1.202600e+00  3.449250e-03
  1.171500e+00  2.069550e-03
  1.141100e+00  3.449250e-03
  1.111600e+00  3.449250e-03
  1.082800e+00  2.069550e-03
  1.054700e+00  6.208650e-03
  1.027400e+00  5.518800e-03
  1.000800e+00  5.518800e-03
  9.749000e-01  2.759400e-03
  9.496000e-01  6.898500e-04
  9.250000e-01  7.588350e-03
  9.010000e-01  4.139050e-03
  8.777000e-01  4.139100e-03
  8.550000e-01  2.759400e-03
  8.328000e-01  2.759350e-03
  8.113000e-01  2.759400e-03
  7.902000e-01  4.828950e-03
  7.698000e-01  1.379700e-03
  7.498000e-01  4.139100e-03
  7.304000e-01  5.518800e-03
  7.115000e-01  3.449250e-03
  6.931000e-01  1.379700e-03
  6.751000e-01  4.139100e-03
  6.576000e-01  1.379700e-03
  6.406000e-01  4.828950e-03
  6.240000e-01  1.379700e-03
  6.078000e-01  4.828950e-03
  5.921000e-01  6.208600e-03
  5.767000e-01  2.069550e-03
  5.618000e-01  2.759400e-03
  5.472000e-01  2.759400e-03
  5.331000e-01  6.208650e-03
  5.193000e-01  4.828950e-03
  5.058000e-01  4.139100e-03
  4.927000e-01  1.379700e-03
  4.799000e-01  2.759400e-03
  4.675000e-01  4.828950e-03
  4.554000e-01  1.379700e-03
  4.436000e-01  2.759400e-03
  4.321000e-01  3.449250e-03
  4.209000e-01  2.759400e-03
  4.100000e-01  2.759400e-03
  3.994000e-01  3.449250e-03
  3.891000e-01  4.139100e-03
  3.790000e-01  3.449200e-03
  3.692000e-01  2.069550e-03
  3.596000e-01  3.449250e-03
  3.503000e-01  6.898500e-04
  3.412000e-01  0.000000e+00
  3.324000e-01  1.379700e-03
  3.238000e-01  1.379700e-03
  3.154000e-01  6.898500e-04
  3.072000e-01  2.759400e-03
  2.992000e-01  0.000000e+00
  2.915000e-01  6.898500e-04
  2.839000e-01  1.379700e-03
  2.766000e-01  0.000000e+00
  2.694000e-01  0.000000e+00
  2.624000e-01  3.449250e-03
  2.556000e-01  6.898500e-04
  2.490000e-01  2.069550e-03
  2.426000e-01  0.000000e+00
  2.363000e-01  0.000000e+00
  2.302000e-01  2.069550e-03
  2.242000e-01  0.000000e+00
  2.184000e-01  1.379700e-03
  2.127000e-01  0.000000e+00
  2.072000e-01  0.000000e+00
  2.019000e-01  0.000000e+00
  1.966000e-01  0.000000e+00
  1.915000e-01  0.000000e+00
  1.866000e-01  6.898500e-04
  1.817000e-01  0.000000e+00
  1.770000e-01  0.000000e+00
  1.725000e-01  0.000000e+00
  1.680000e-01  0.000000e+00
  1.636000e-01  0.000000e+00
  1.594000e-01  1.379700e-03
  1.553000e-01  0.000000e+00
  1.512000e-01  0.000000e+00
  1.473000e-01  0.000000e+00
  1.435000e-01  0.000000e+00
  1.398000e-01  0.000000e+00
  1.362000e-01  0.000000e+00
  1.326000e-01  0.000000e+00
  1.292000e-01  0.000000e+00
  1.259000e-01  0.000000e+00
  1.226000e-01  0.000000e+00
  1.194000e-01  0.000000e+00
  1.163000e-01  0.000000e+00
  1.133000e-01  0.000000e+00
  1.104000e-01  0.000000e+00
  1.075000e-01  0.000000e+00
  1.047000e-01  0.000000e+00
  1.020000e-01  0.000000e+00
  9.940000e-02  0.000000e+00
  9.680000e-02  0.000000e+00
  9.430000e-02  0.000000e+00
  9.190000e-02  0.000000e+00
  8.950000e-02  0.000000e+00
  8.720000e-02  0.000000e+00
  8.490000e-02  0.000000e+00
  8.270000e-02  0.000000e+00
  8.060000e-02  0.000000e+00
  7.850000e-02  0.000000e+00
  7.640000e-02  0.000000e+00
  7.450000e-02  0.000000e+00
  7.250000e-02  0.000000e+00
  7.070000e-02  0.000000e+00
  6.880000e-02  0.000000e+00
  6.700000e-02  0.000000e+00
  6.530000e-02  0.000000e+00
  6.360000e-02  0.000000e+00
  6.200000e-02  0.000000e+00
  6.040000e-02  0.000000e+00
  5.880000e-02  0.000000e+00
  5.730000e-02  0.000000e+00
  5.580000e-02  0.000000e+00
  5.430000e-02  0.000000e+00
  5.290000e-02  0.000000e+00
  5.160000e-02  0.000000e+00
  5.020000e-02  0.000000e+00
  4.890000e-02  0.000000e+00
  4.770000e-02  0.000000e+00
  4.640000e-02  0.000000e+00
  4.520000e-02  0.000000e+00
  4.410000e-02  0.000000e+00
  4.290000e-02  0.000000e+00
  4.180000e-02  0.000000e+00
  4.070000e-02  0.000000e+00
  3.970000e-02  0.000000e+00
  3.860000e-02  0.000000e+00
  3.760000e-02  0.000000e+00
  3.670000e-02  0.000000e+00
  3.570000e-02  0.000000e+00
  3.480000e-02  0.000000e+00
  3.390000e-02  0.000000e+00
  3.300000e-02  0.000000e+00
  3.220000e-02  0.000000e+00
  3.130000e-02  0.000000e+00
  3.050000e-02  0.000000e+00
  2.970000e-02  0.000000e+00
  2.890000e-02  0.000000e+00
  2.820000e-02  0.000000e+00
  2.750000e-02  0.000000e+00
  2.680000e-02  0.000000e+00
  2.610000e-02  0.000000e+00
  2.540000e-02  0.000000e+00
  2.470000e-02  0.000000e+00
  2.410000e-02  0.000000e+00
  2.350000e-02  0.000000e+00
  2.290000e-02  0.000000e+00
  2.230000e-02  0.000000e+00
  2.170000e-02  0.000000e+00
  2.110000e-02  0.000000e+00
  2.060000e-02  0.000000e+00
  2.000000e-02  0.000000e+00
  1.950000e-02  0.000000e+00
  1.900000e-02  0.000000e+00
  1.850000e-02  0.000000e+00
  1.800000e-02  0.000000e+00
  1.760000e-02  0.000000e+00
  1.710000e-02  0.000000e+00
  1.670000e-02  0.000000e+00
  1.630000e-02  0.000000e+00
  1.580000e-02  0.000000e+00
  1.540000e-02  0.000000e+00
  1.500000e-02  0.000000e+00
  1.460000e-02  0.000000e+00
  1.430000e-02  0.000000e+00
  1.390000e-02  0.000000e+00
  1.350000e-02  0.000000e+00
  1.320000e-02  0.000000e+00
  1.280000e-02  0.000000e+00
  1.250000e-02  0.000000e+00
  1.220000e-02  0.000000e+00
  1.190000e-02  0.000000e+00
  1.160000e-02  0.000000e+00
  1.130000e-02  0.000000e+00
  1.100000e-02  0.000000e+00
  1.070000e-02  0.000000e+00
  1.040000e-02  0.000000e+00
  1.010000e-02  0.000000e+00
