  4.934820e+03  2.617750e-01
  4.806990e+03  0.000000e+00
  4.682470e+03  0.000000e+00
  4.561180e+03  0.000000e+00
  4.443030e+03  0.000000e+00
  4.327940e+03  0.000000e+00
  4.215830e+03  0.000000e+00
  4.106630e+03  2.617750e-01
  4.000250e+03  0.000000e+00
  3.896630e+03  0.000000e+00
  3.795700e+03  0.000000e+00
  3.697380e+03  0.000000e+00
  3.601600e+03  0.000000e+00
  3.508310e+03  0.000000e+00
  3.417430e+03  0.000000e+00
  3.328910e+03  0.000000e+00
  3.242680e+03  0.000000e+00
  3.158680e+03  0.000000e+00
  3.076860e+03  0.000000e+00
  2.997160e+03  0.000000e+00
  2.919530e+03  2.617750e-01
  2.843900e+03  0.000000e+00
  2.770230e+03  0.000000e+00
  2.698480e+03  0.000000e+00
  2.628580e+03  0.000000e+00
  2.560490e+03  5.235500e-01
  2.494160e+03  0.000000e+00
  2.429550e+03  0.000000e+00
  2.366620e+03  0.000000e+00
  2.305320e+03  0.000000e+00
  2.245600e+03  0.000000e+00
  2.187430e+03  0.000000e+00
  2.130770e+03  2.617750e-01
  2.075580e+03  0.000000e+00
  2.021810e+03  2.617750e-01
  1.969440e+03  0.000000e+00
  1.918430e+03  0.000000e+00
  1.868730e+03  0.000000e+00
  1.820330e+03  5.235500e-01
  1.773170e+03  0.000000e+00
  1.727240e+03  2.617750e-01
  1.682500e+03  5.235500e-01
  1.638920e+03  2.617750e-01
  1.596470e+03  5.235500e-01
  1.555110e+03  7.853249e-01
  1.514830e+03  2.617750e-01
  1.475590e+03  5.235500e-01
  1.437370e+03  2.617750e-01
  1.400140e+03  5.235500e-01
  1.363870e+03  1.047100e+00
  1.328540e+03  2.617750e-01
  1.294120e+03  5.235500e-01
  1.260600e+03  7.853250e-01
  1.227950e+03  5.235500e-01
  1.196140e+03  2.617750e-01
  1.165160e+03  1.308875e+00
  1.134980e+03  7.853249e-01
  1.105580e+03  7.853250e-01
  1.076940e+03  2.617750e-01
  1.049040e+03  7.853249e-01
  1.021870e+03  7.853249e-01
  9.953980e+02  7.853249e-01
  9.696140e+02  1.832425e+00
  9.444970e+02  1.047100e+00
  9.200320e+02  1.570650e+00
  8.962000e+02  1.570650e+00
  8.729850e+02  1.570650e+00
  8.503720e+02  1.047100e+00
  8.283450e+02  1.047100e+00
  8.068880e+02  2.094200e+00
  7.859870e+02  4.450150e+00
  7.656270e+02  1.832425e+00
  7.457950e+02  4.188400e+00
  7.264760e+02  2.094200e+00
  7.076580e+02  5.497250e+00
  6.893270e+02  4.711925e+00
  6.714710e+02  3.926625e+00
  6.540780e+02  5.235500e+00
  6.371350e+02  3.926625e+00
  6.206310e+02  5.759025e+00
  6.045550e+02  4.973700e+00
  5.888950e+02  6.544350e+00
  5.736410e+02  6.544300e+00
  5.587810e+02  8.900249e+00
  5.443070e+02  8.114975e+00
  5.302080e+02  6.020775e+00
  5.164740e+02  9.162001e+00
  5.030950e+02  9.947374e+00
  4.900630e+02  1.335030e+01
  4.773690e+02  1.073260e+01
  4.650040e+02  1.596810e+01
  4.529580e+02  1.492100e+01
  4.412250e+02  1.622990e+01
  4.297960e+02  1.989470e+01
  4.186630e+02  2.251240e+01
  4.078180e+02  1.701515e+01
  3.972540e+02  2.434485e+01
  3.869640e+02  2.251250e+01
  3.769400e+02  2.408300e+01
  3.671770e+02  2.460665e+01
  3.576650e+02  2.355950e+01
  3.484010e+02  3.507760e+01
  3.393760e+02  3.062740e+01
  3.305850e+02  3.429215e+01
  3.220220e+02  4.476330e+01
  3.136800e+02  4.214545e+01
  3.055550e+02  5.497260e+01
  2.976400e+02  5.340195e+01
  2.899300e+02  6.465825e+01
  2.824200e+02  6.884650e+01
  2.751040e+02  6.675235e+01
  2.679780e+02  7.146440e+01
  2.610370e+02  8.167385e+01
  2.542750e+02  8.481544e+01
  2.476890e+02  1.044490e+02
  2.412730e+02  1.133495e+02
  2.350230e+02  1.196310e+02
  2.289350e+02  1.285310e+02
  2.230050e+02  1.416195e+02
  2.172280e+02  1.510435e+02
  2.116010e+02  1.746030e+02
  2.061200e+02  1.821940e+02
  2.007810e+02  1.973780e+02
  1.955800e+02  2.201510e+02
  1.905140e+02  2.345490e+02
  1.855790e+02  2.808840e+02
  1.807720e+02  2.889990e+02
  1.760890e+02  3.099400e+02
  1.715280e+02  3.342845e+02
  1.670850e+02  3.533950e+02
  1.627570e+02  3.903045e+02
  1.585410e+02  4.256440e+02
  1.544340e+02  4.814030e+02
  1.504340e+02  5.230245e+02
  1.465370e+02  5.518190e+02
  1.427410e+02  5.827085e+02
  1.390440e+02  6.489370e+02
  1.354420e+02  6.803510e+02
  1.319340e+02  7.295625e+02
  1.285160e+02  8.073105e+02
  1.251870e+02  8.363675e+02
  1.219440e+02  8.738000e+02
  1.187850e+02  9.735400e+02
  1.157090e+02  1.011754e+03
  1.127110e+02  1.122220e+03
  1.097920e+02  1.212020e+03
  1.069480e+02  1.304160e+03
  1.041770e+02  1.359655e+03
  1.014790e+02  1.445525e+03
  9.885030e+01  1.578480e+03
  9.628970e+01  1.701790e+03
  9.379550e+01  1.755715e+03
  9.136590e+01  1.921685e+03
  8.899920e+01  1.988695e+03
  8.669380e+01  2.150200e+03
  8.444820e+01  2.301255e+03
  8.226070e+01  2.468790e+03
  8.012980e+01  2.611200e+03
  7.805420e+01  2.839730e+03
  7.603240e+01  2.953855e+03
  7.406290e+01  3.175325e+03
  7.214440e+01  3.357525e+03
  7.027560e+01  3.581595e+03
  6.845520e+01  3.834465e+03
  6.668200e+01  4.022685e+03
  6.495470e+01  4.256180e+03
  6.327220e+01  4.495965e+03
  6.163320e+01  4.727380e+03
  6.003670e+01  4.860345e+03
  5.848160e+01  5.123700e+03
  5.696670e+01  5.195685e+03
  5.549110e+01  5.465840e+03
  5.405370e+01  5.666090e+03
  5.265350e+01  6.020270e+03
  5.128960e+01  6.249850e+03
  4.996100e+01  6.613455e+03
  4.866690e+01  7.010830e+03
  4.740620e+01  7.313425e+03
  4.617830e+01  7.732275e+03
  4.498210e+01  8.045355e+03
  4.381690e+01  8.198500e+03
  4.268190e+01  8.483830e+03
  4.157630e+01  8.513410e+03
  4.049930e+01  8.730686e+03
  3.945030e+01  8.761840e+03
  3.842840e+01  8.928840e+03
  3.743290e+01  8.974920e+03
  3.646330e+01  9.033820e+03
  3.551880e+01  9.133555e+03
  3.459870e+01  9.230404e+03
  3.370250e+01  9.357105e+03
  3.282950e+01  9.506320e+03
  3.197910e+01  9.569420e+03
  3.115070e+01  9.774125e+03
  3.034380e+01  9.870945e+03
  2.955780e+01  1.001444e+04
  2.879220e+01  9.985535e+03
  2.804640e+01  1.034740e+04
  2.731990e+01  1.038915e+04
  2.661220e+01  1.052255e+04
  2.592290e+01  1.064685e+04
  2.525140e+01  1.082960e+04
  2.459730e+01  1.091595e+04
  2.396010e+01  1.110070e+04
  2.333950e+01  1.121800e+04
  2.273490e+01  1.131365e+04
  2.214600e+01  1.155790e+04
  2.157230e+01  1.165885e+04
  2.101350e+01  1.191785e+04
  2.046920e+01  1.198670e+04
  1.993900e+01  1.219790e+04
  1.942250e+01  1.233200e+04
  1.891940e+01  1.239035e+04
  1.842930e+01  1.237040e+04
  1.795200e+01  1.238655e+04
  1.748690e+01  1.231705e+04
  1.703400e+01  1.213510e+04
  1.659270e+01  1.199385e+04
  1.616290e+01  1.180315e+04
  1.574430e+01  1.165395e+04
  1.533640e+01  1.149600e+04
  1.493920e+01  1.154430e+04
  1.455220e+01  1.137315e+04
  1.417520e+01  1.149135e+04
  1.380800e+01  1.164330e+04
  1.345040e+01  1.203630e+04
  1.310200e+01  1.232920e+04
  1.276260e+01  1.263820e+04
  1.243200e+01  1.302275e+04
  1.211000e+01  1.355565e+04
  1.179630e+01  1.401805e+04
  1.149070e+01  1.453965e+04
  1.119310e+01  1.529105e+04
  1.090310e+01  1.600410e+04
  1.062070e+01  1.672815e+04
  1.034560e+01  1.745180e+04
  1.007760e+01  1.838750e+04
  9.816600e+00  1.910150e+04
  9.562300e+00  1.962070e+04
  9.314600e+00  1.951425e+04
  9.073300e+00  1.917620e+04
  8.838300e+00  1.833630e+04
  8.609300e+00  1.757520e+04
  8.386300e+00  1.660675e+04
  8.169100e+00  1.566135e+04
  7.957500e+00  1.482475e+04
  7.751400e+00  1.407325e+04
  7.550600e+00  1.378950e+04
  7.355000e+00  1.373975e+04
  7.164500e+00  1.365830e+04
  6.978900e+00  1.354345e+04
  6.798100e+00  1.371515e+04
  6.622000e+00  1.373005e+04
  6.450500e+00  1.397380e+04
  6.283400e+00  1.424365e+04
  6.120600e+00  1.425465e+04
  5.962100e+00  1.435985e+04
  5.807600e+00  1.450545e+04
  5.657200e+00  1.467585e+04
  5.510700e+00  1.502695e+04
  5.367900e+00  1.571485e+04
  5.228900e+00  1.554805e+04
  5.093400e+00  1.559525e+04
  4.961500e+00  1.583650e+04
  4.833000e+00  1.724860e+04
  4.707800e+00  1.902380e+04
  4.585800e+00  1.754140e+04
  4.467100e+00  1.746740e+04
  4.351300e+00  1.806110e+04
  4.238600e+00  1.868770e+04
  4.128800e+00  1.901900e+04
  4.021900e+00  3.185895e+04
  3.917700e+00  2.432540e+04
  3.816200e+00  1.841155e+04
  3.717400e+00  1.838420e+04
  3.621100e+00  1.876405e+04
  3.527300e+00  1.916495e+04
  3.435900e+00  1.932005e+04
  3.346900e+00  1.963200e+04
  3.260200e+00  1.996455e+04
  3.175800e+00  2.060860e+04
  3.093500e+00  2.051870e+04
  3.013400e+00  2.088675e+04
  2.935300e+00  2.129065e+04
  2.859300e+00  2.168765e+04
  2.785200e+00  2.218510e+04
  2.713100e+00  2.244065e+04
  2.642800e+00  2.242540e+04
  2.574300e+00  2.353170e+04
  2.507600e+00  2.312015e+04
  2.442700e+00  2.386175e+04
  2.379400e+00  2.454585e+04
  2.317800e+00  2.392405e+04
  2.257700e+00  2.364025e+04
  2.199300e+00  2.667740e+04
  2.142300e+00  2.403165e+04
  2.086800e+00  2.383020e+04
  2.032700e+00  2.518485e+04
  1.980100e+00  3.197625e+04
  1.928800e+00  2.477195e+04
  1.878800e+00  2.219490e+04
  1.830200e+00  3.348090e+04
  1.782800e+00  7.985625e+04
  1.736600e+00  3.839860e+04
  1.691600e+00  2.682740e+04
  1.647800e+00  2.147755e+04
  1.605100e+00  2.045190e+04
  1.563500e+00  1.985165e+04
  1.523000e+00  1.911990e+04
  1.483600e+00  1.897235e+04
  1.445100e+00  1.782615e+04
  1.407700e+00  1.718855e+04
  1.371200e+00  1.619380e+04
  1.335700e+00  1.615870e+04
  1.301100e+00  1.443705e+04
  1.267400e+00  1.205825e+04
  1.234600e+00  1.400100e+04
  1.202600e+00  1.508920e+04
  1.171500e+00  1.413115e+04
  1.141100e+00  1.777495e+04
  1.111600e+00  1.203745e+04
  1.082800e+00  1.105180e+04
  1.054700e+00  1.608010e+04
  1.027400e+00  1.224470e+04
  1.000800e+00  9.641641e+03
  9.749000e-01  1.264525e+04
  9.496000e-01  1.004425e+04
  9.250000e-01  1.039560e+04
  9.010000e-01  9.958324e+03
  8.777000e-01  1.114670e+04
  8.550000e-01  1.223315e+04
  8.328000e-01  1.087655e+04
  8.113000e-01  1.300875e+04
  7.902000e-01  1.260180e+04
  7.698000e-01  1.203385e+04
  7.498000e-01  1.432770e+04
  7.304000e-01  1.339600e+04
  7.115000e-01  1.384125e+04
  6.931000e-01  3.409210e+04
  6.751000e-01  3.201865e+05
  6.576000e-01  3.231350e+05
  6.406000e-01  8.749445e+05
  6.240000e-01  2.053230e+05
  6.078000e-01  2.237525e+04
  5.921000e-01  1.970445e+04
  5.767000e-01  1.921740e+04
  5.618000e-01  2.009715e+04
  5.472000e-01  1.957610e+04
  5.331000e-01  2.295360e+04
  5.193000e-01  2.287310e+04
  5.058000e-01  2.881380e+04
  4.927000e-01  6.464185e+04
  4.799000e-01  7.761900e+04
  4.675000e-01  3.848635e+04
  4.554000e-01  2.650910e+04
  4.436000e-01  6.769655e+04
  4.321000e-01  7.519141e+04
  4.209000e-01  5.859335e+04
  4.100000e-01  4.026940e+04
  3.994000e-01  7.012640e+04
  3.891000e-01  1.567570e+05
  3.790000e-01  1.446695e+05
  3.692000e-01  3.011345e+04
  3.596000e-01  2.265730e+04
  3.503000e-01  2.359315e+04
  3.412000e-01  2.464955e+04
  3.324000e-01  2.716195e+04
  3.238000e-01  2.744300e+04
  3.154000e-01  2.685060e+04
  3.072000e-01  3.187290e+04
  2.992000e-01  4.322470e+04
  2.915000e-01  5.377305e+04
  2.839000e-01  5.908285e+04
  2.766000e-01  2.979090e+04
  2.694000e-01  9.496895e+04
  2.624000e-01  1.910485e+05
  2.556000e-01  2.441705e+05
  2.490000e-01  1.135170e+05
  2.426000e-01  5.063210e+04
  2.363000e-01  9.753225e+04
  2.302000e-01  6.519750e+04
  2.242000e-01  4.723885e+04
  2.184000e-01  4.604000e+04
  2.127000e-01  4.824160e+04
  2.072000e-01  4.358155e+04
  2.019000e-01  4.679270e+04
  1.966000e-01  5.466855e+04
  1.915000e-01  4.236010e+04
  1.866000e-01  1.751150e+04
  1.817000e-01  1.004740e+04
  1.770000e-01  6.288340e+03
  1.725000e-01  9.254484e+03
  1.680000e-01  4.783230e+04
  1.636000e-01  7.153100e+04
  1.594000e-01  7.759516e+04
  1.553000e-01  8.053835e+04
  1.512000e-01  8.586360e+04
  1.473000e-01  9.160670e+04
  1.435000e-01  1.277840e+05
  1.398000e-01  8.419485e+04
  1.362000e-01  6.715570e+04
  1.326000e-01  5.417440e+04
  1.292000e-01  4.241885e+04
  1.259000e-01  4.570545e+04
  1.226000e-01  5.972840e+04
  1.194000e-01  7.156865e+04
  1.163000e-01  6.892875e+04
  1.133000e-01  3.057810e+04
  1.104000e-01  1.961405e+04
  1.075000e-01  2.364760e+04
  1.047000e-01  3.077285e+04
  1.020000e-01  3.641275e+04
  9.940000e-02  2.168155e+04
  9.680000e-02  1.067625e+04
  9.430000e-02  9.708865e+03
  9.190000e-02  8.002690e+03
  8.950000e-02  4.377745e+04
  8.720000e-02  5.466630e+04
  8.490000e-02  5.311150e+04
  8.270000e-02  5.830310e+04
  8.060000e-02  6.507410e+04
  7.850000e-02  7.101550e+04
  7.640000e-02  7.866550e+04
  7.450000e-02  8.614685e+04
  7.250000e-02  9.460559e+04
  7.070000e-02  9.807795e+04
  6.880000e-02  1.000050e+05
  6.700000e-02  1.015130e+05
  6.530000e-02  1.027205e+05
  6.360000e-02  1.033530e+05
  6.200000e-02  1.038190e+05
  6.040000e-02  1.039085e+05
  5.880000e-02  1.029775e+05
  5.730000e-02  1.018860e+05
  5.580000e-02  1.001495e+05
  5.430000e-02  9.768645e+04
  5.290000e-02  9.484550e+04
  5.160000e-02  9.204415e+04
  5.020000e-02  8.783410e+04
  4.890000e-02  8.269175e+04
  4.770000e-02  7.737991e+04
  4.640000e-02  7.230200e+04
  4.520000e-02  6.706210e+04
  4.410000e-02  6.184370e+04
  4.290000e-02  5.659215e+04
  4.180000e-02  5.168125e+04
  4.070000e-02  4.694150e+04
  3.970000e-02  4.247690e+04
  3.860000e-02  3.790460e+04
  3.760000e-02  3.398180e+04
  3.670000e-02  3.019875e+04
  3.570000e-02  2.663515e+04
  3.480000e-02  2.328805e+04
  3.390000e-02  2.032270e+04
  3.300000e-02  1.751825e+04
  3.220000e-02  1.521425e+04
  3.130000e-02  1.292775e+04
  3.050000e-02  1.101005e+04
  2.970000e-02  9.372295e+03
  2.890000e-02  7.816040e+03
  2.820000e-02  6.554045e+03
  2.750000e-02  5.503540e+03
  2.680000e-02  4.551985e+03
  2.610000e-02  3.652285e+03
  2.540000e-02  2.976635e+03
  2.470000e-02  2.424810e+03
  2.410000e-02  1.946555e+03
  2.350000e-02  1.545775e+03
  2.290000e-02  1.225095e+03
  2.230000e-02  9.683090e+02
  2.170000e-02  7.845355e+02
  2.110000e-02  6.253781e+02
  2.060000e-02  5.075795e+02
  2.000000e-02  3.986820e+02
  1.950000e-02  3.429240e+02
  1.900000e-02  2.824545e+02
  1.850000e-02  2.612505e+02
  1.800000e-02  2.198895e+02
  1.760000e-02  2.075860e+02
  1.710000e-02  1.787925e+02
  1.670000e-02  1.743415e+02
  1.630000e-02  1.685815e+02
  1.580000e-02  1.691060e+02
  1.540000e-02  1.403105e+02
  1.500000e-02  1.484260e+02
  1.460000e-02  1.337675e+02
  1.430000e-02  1.395260e+02
  1.390000e-02  1.285320e+02
  1.350000e-02  1.280085e+02
  1.320000e-02  1.146565e+02
  1.280000e-02  1.013072e+02
  1.250000e-02  1.109935e+02
  1.220000e-02  1.104695e+02
  1.190000e-02  9.711951e+01
  1.160000e-02  9.397694e+01
  1.130000e-02  8.952715e+01
  1.100000e-02  7.539115e+01
  1.070000e-02  8.350645e+01
  1.040000e-02  7.565305e+01
  1.010000e-02  5.622905e+02
