  4.934820e+03  0.000000e+00
  4.806990e+03  0.000000e+00
  4.682470e+03  2.901050e-02
  4.561180e+03  0.000000e+00
  4.443030e+03  0.000000e+00
  4.327940e+03  0.000000e+00
  4.215830e+03  0.000000e+00
  4.106630e+03  0.000000e+00
  4.000250e+03  0.000000e+00
  3.896630e+03  0.000000e+00
  3.795700e+03  0.000000e+00
  3.697380e+03  0.000000e+00
  3.601600e+03  0.000000e+00
  3.508310e+03  0.000000e+00
  3.417430e+03  0.000000e+00
  3.328910e+03  0.000000e+00
  3.242680e+03  0.000000e+00
  3.158680e+03  2.901050e-02
  3.076860e+03  0.000000e+00
  2.997160e+03  0.000000e+00
  2.919530e+03  5.802100e-02
  2.843900e+03  2.901050e-02
  2.770230e+03  0.000000e+00
  2.698480e+03  0.000000e+00
  2.628580e+03  0.000000e+00
  2.560490e+03  0.000000e+00
  2.494160e+03  2.901050e-02
  2.429550e+03  0.000000e+00
  2.366620e+03  0.000000e+00
  2.305320e+03  8.703150e-02
  2.245600e+03  5.802100e-02
  2.187430e+03  8.703150e-02
  2.130770e+03  2.901050e-02
  2.075580e+03  0.000000e+00
  2.021810e+03  5.802000e-02
  1.969440e+03  2.901050e-02
  1.918430e+03  5.802100e-02
  1.868730e+03  1.450515e-01
  1.820330e+03  1.160410e-01
  1.773170e+03  8.703150e-02
  1.727240e+03  1.160410e-01
  1.682500e+03  1.160420e-01
  1.638920e+03  8.703050e-02
  1.596470e+03  5.802100e-02
  1.555110e+03  1.450525e-01
  1.514830e+03  1.740630e-01
  1.475590e+03  1.740610e-01
  1.437370e+03  2.610925e-01
  1.400140e+03  1.450505e-01
  1.363870e+03  2.320815e-01
  1.328540e+03  4.931735e-01
  1.294120e+03  3.191145e-01
  1.260600e+03  4.061430e-01
  1.227950e+03  4.351545e-01
  1.196140e+03  4.061435e-01
  1.165160e+03  3.771355e-01
  1.134980e+03  4.931730e-01
  1.105580e+03  7.542635e-01
  1.076940e+03  3.481240e-01
  1.049040e+03  6.092139e-01
  1.021870e+03  7.252550e-01
  9.953980e+02  8.993175e-01
  9.696140e+02  9.283250e-01
  9.444970e+02  1.334476e+00
  9.200320e+02  1.015352e+00
  8.962000e+02  1.595560e+00
  8.729850e+02  1.682605e+00
  8.503720e+02  1.769630e+00
  8.283450e+02  2.088755e+00
  8.068880e+02  2.204795e+00
  7.859870e+02  2.204790e+00
  7.656270e+02  2.901055e+00
  7.457950e+02  3.771380e+00
  7.264760e+02  4.090490e+00
  7.076580e+02  4.496645e+00
  6.893270e+02  5.221905e+00
  6.714710e+02  5.337945e+00
  6.540780e+02  6.266280e+00
  6.371350e+02  7.368690e+00
  6.206310e+02  8.297010e+00
  6.045550e+02  9.544525e+00
  5.888950e+02  1.070485e+01
  5.736410e+02  1.192345e+01
  5.587810e+02  1.264855e+01
  5.443070e+02  1.401210e+01
  5.302080e+02  1.682610e+01
  5.164740e+02  1.876980e+01
  5.030950e+02  2.022040e+01
  4.900630e+02  2.375975e+01
  4.773690e+02  2.695080e+01
  4.650040e+02  2.996795e+01
  4.529580e+02  3.286905e+01
  4.412250e+02  3.527685e+01
  4.297960e+02  4.078890e+01
  4.186630e+02  4.598175e+01
  4.078180e+02  5.195795e+01
  3.972540e+02  6.054510e+01
  3.869640e+02  6.504175e+01
  3.769400e+02  7.539855e+01
  3.671770e+02  8.363760e+01
  3.576650e+02  9.335635e+01
  3.484010e+02  1.055985e+02
  3.393760e+02  1.185370e+02
  3.305850e+02  1.304905e+02
  3.220220e+02  1.484460e+02
  3.136800e+02  1.632720e+02
  3.055550e+02  1.835500e+02
  2.976400e+02  2.003475e+02
  2.899300e+02  2.240785e+02
  2.824200e+02  2.524215e+02
  2.751040e+02  2.913830e+02
  2.679780e+02  3.199870e+02
  2.610370e+02  3.429350e+02
  2.542750e+02  3.991275e+02
  2.476890e+02  4.412795e+02
  2.412730e+02  4.901635e+02
  2.350230e+02  5.435725e+02
  2.289350e+02  6.133425e+02
  2.230050e+02  6.854330e+02
  2.172280e+02  7.532025e+02
  2.116010e+02  8.314725e+02
  2.061200e+02  9.241620e+02
  2.007810e+02  1.034250e+03
  1.955800e+02  1.128690e+03
  1.905140e+02  1.260505e+03
  1.855790e+02  1.423960e+03
  1.807720e+02  1.584240e+03
  1.760890e+02  1.748790e+03
  1.715280e+02  1.925925e+03
  1.670850e+02  2.114380e+03
  1.627570e+02  2.334075e+03
  1.585410e+02  2.558590e+03
  1.544340e+02  2.809910e+03
  1.504340e+02  3.053975e+03
  1.465370e+02  3.314150e+03
  1.427410e+02  3.624515e+03
  1.390440e+02  3.892985e+03
  1.354420e+02  4.244185e+03
  1.319340e+02  4.573230e+03
  1.285160e+02  4.931795e+03
  1.251870e+02  5.303500e+03
  1.219440e+02  5.701300e+03
  1.187850e+02  6.125850e+03
  1.157090e+02  6.580560e+03
  1.127110e+02  7.038345e+03
  1.097920e+02  7.530950e+03
  1.069480e+02  8.069355e+03
  1.041770e+02  8.634135e+03
  1.014790e+02  9.199870e+03
  9.885030e+01  9.788935e+03
  9.628970e+01  1.041890e+04
  9.379550e+01  1.105025e+04
  9.136590e+01  1.170945e+04
  8.899920e+01  1.236630e+04
  8.669380e+01  1.310500e+04
  8.444820e+01  1.380110e+04
  8.226070e+01  1.451840e+04
  8.012980e+01  1.526010e+04
  7.805420e+01  1.598520e+04
  7.603240e+01  1.674450e+04
  7.406290e+01  1.747935e+04
  7.214440e+01  1.810355e+04
  7.027560e+01  1.878540e+04
  6.845520e+01  1.947935e+04
  6.668200e+01  2.005320e+04
  6.495470e+01  2.043970e+04
  6.327220e+01  2.080405e+04
  6.163320e+01  2.099130e+04
  6.003670e+01  2.103260e+04
  5.848160e+01  2.110305e+04
  5.696670e+01  2.092795e+04
  5.549110e+01  2.087290e+04
  5.405370e+01  2.071725e+04
  5.265350e+01  2.057575e+04
  5.128960e+01  2.027425e+04
  4.996100e+01  1.998195e+04
  4.866690e+01  1.948790e+04
  4.740620e+01  1.885775e+04
  4.617830e+01  1.817945e+04
  4.498210e+01  1.730935e+04
  4.381690e+01  1.658930e+04
  4.268190e+01  1.588610e+04
  4.157630e+01  1.516290e+04
  4.049930e+01  1.439605e+04
  3.945030e+01  1.369250e+04
  3.842840e+01  1.309985e+04
  3.743290e+01  1.248530e+04
  3.646330e+01  1.191655e+04
  3.551880e+01  1.133920e+04
  3.459870e+01  1.074715e+04
  3.370250e+01  1.016110e+04
  3.282950e+01  9.566660e+03
  3.197910e+01  8.953840e+03
  3.115070e+01  8.450530e+03
  3.034380e+01  7.887110e+03
  2.955780e+01  7.334405e+03
  2.879220e+01  6.791650e+03
  2.804640e+01  6.246420e+03
  2.731990e+01  5.747725e+03
  2.661220e+01  5.254695e+03
  2.592290e+01  4.771000e+03
  2.525140e+01  4.301460e+03
  2.459730e+01  3.839260e+03
  2.396010e+01  3.412555e+03
  2.333950e+01  3.016870e+03
  2.273490e+01  2.637040e+03
  2.214600e+01  2.261955e+03
  2.157230e+01  1.890560e+03
  2.101350e+01  1.603535e+03
  2.046920e+01  1.318905e+03
  1.993900e+01  1.099875e+03
  1.942250e+01  9.079445e+02
  1.891940e+01  7.615575e+02
  1.842930e+01  6.785594e+02
  1.795200e+01  6.168805e+02
  1.748690e+01  6.069305e+02
  1.703400e+01  6.040015e+02
  1.659270e+01  6.392490e+02
  1.616290e+01  6.769915e+02
  1.574430e+01  7.080334e+02
  1.533640e+01  7.398290e+02
  1.493920e+01  7.669250e+02
  1.455220e+01  7.379430e+02
  1.417520e+01  6.404680e+02
  1.380800e+01  4.841870e+02
  1.345040e+01  3.200160e+02
  1.310200e+01  1.910355e+02
  1.276260e+01  1.080640e+02
  1.243200e+01  5.291525e+01
  1.211000e+01  2.970690e+01
  1.179630e+01  1.314190e+01
  1.149070e+01  8.674215e+00
  1.119310e+01  4.844765e+00
  1.090310e+01  3.742365e+00
  1.062070e+01  2.146770e+00
  1.034560e+01  1.421500e+00
  1.007760e+01  1.073370e+00
  9.816600e+00  7.542630e-01
  9.562300e+00  9.283245e-01
  9.314600e+00  8.122860e-01
  9.073300e+00  1.015356e+00
  8.838300e+00  1.566550e+00
  8.609300e+00  3.568295e+00
  8.386300e+00  8.587130e+00
  8.169100e+00  1.694215e+01
  7.957500e+00  3.626330e+01
  7.751400e+00  5.648370e+01
  7.550600e+00  9.083245e+01
  7.355000e+00  9.350156e+01
  7.164500e+00  8.474020e+01
  6.978900e+00  7.301955e+01
  6.798100e+00  6.536090e+01
  6.622000e+00  5.204505e+01
  6.450500e+00  4.496640e+01
  6.283400e+00  3.559615e+01
  6.120600e+00  3.130230e+01
  5.962100e+00  2.697985e+01
  5.807600e+00  2.306340e+01
  5.657200e+00  2.375960e+01
  5.510700e+00  2.193215e+01
  5.367900e+00  1.833490e+01
  5.228900e+00  1.685510e+01
  5.093400e+00  1.511450e+01
  4.961500e+00  1.348985e+01
  4.833000e+00  1.221350e+01
  4.707800e+00  1.015370e+01
  4.585800e+00  8.732220e+00
  4.467100e+00  8.006930e+00
  4.351300e+00  7.542760e+00
  4.238600e+00  6.817480e+00
  4.128800e+00  6.411345e+00
  4.021900e+00  7.252665e+00
  3.917700e+00  5.134875e+00
  3.816200e+00  4.264555e+00
  3.717400e+00  4.003465e+00
  3.621100e+00  3.945430e+00
  3.527300e+00  3.481275e+00
  3.435900e+00  3.249190e+00
  3.346900e+00  2.843025e+00
  3.260200e+00  2.117765e+00
  3.175800e+00  1.276445e+00
  3.093500e+00  1.131397e+00
  3.013400e+00  6.672340e-01
  2.935300e+00  9.863415e-01
  2.859300e+00  8.703075e-01
  2.785200e+00  1.160408e+00
  2.713100e+00  1.450515e+00
  2.642800e+00  1.624565e+00
  2.574300e+00  1.566560e+00
  2.507600e+00  1.073377e+00
  2.442700e+00  1.073375e+00
  2.379400e+00  1.160401e+00
  2.317800e+00  1.160402e+00
  2.257700e+00  9.283270e-01
  2.199300e+00  8.703065e-01
  2.142300e+00  7.832735e-01
  2.086800e+00  5.511930e-01
  2.032700e+00  7.542615e-01
  1.980100e+00  4.351525e-01
  1.928800e+00  8.412905e-01
  1.878800e+00  3.191140e-01
  1.830200e+00  2.610935e-01
  1.782800e+00  6.672325e-01
  1.736600e+00  5.511945e-01
  1.691600e+00  2.320820e-01
  1.647800e+00  4.351545e-01
  1.605100e+00  3.771320e-01
  1.563500e+00  2.610945e-01
  1.523000e+00  2.030725e-01
  1.483600e+00  3.191145e-01
  1.445100e+00  2.901020e-01
  1.407700e+00  1.450515e-01
  1.371200e+00  5.802100e-02
  1.335700e+00  2.030725e-01
  1.301100e+00  3.191130e-01
  1.267400e+00  1.160420e-01
  1.234600e+00  1.740615e-01
  1.202600e+00  2.320830e-01
  1.171500e+00  5.802100e-02
  1.141100e+00  1.450525e-01
  1.111600e+00  5.802100e-02
  1.082800e+00  1.160420e-01
  1.054700e+00  1.160420e-01
  1.027400e+00  1.450525e-01
  1.000800e+00  8.703150e-02
  9.749000e-01  2.030715e-01
  9.496000e-01  5.802100e-02
  9.250000e-01  2.901050e-02
  9.010000e-01  1.160420e-01
  8.777000e-01  1.160420e-01
  8.550000e-01  8.703150e-02
  8.328000e-01  2.030725e-01
  8.113000e-01  1.740630e-01
  7.902000e-01  1.160420e-01
  7.698000e-01  1.740630e-01
  7.498000e-01  1.450525e-01
  7.304000e-01  2.320840e-01
  7.115000e-01  3.481250e-01
  6.931000e-01  2.901020e-01
  6.751000e-01  1.450510e+00
  6.576000e-01  1.885665e+00
  6.406000e-01  3.365230e+00
  6.240000e-01  1.044361e+00
  6.078000e-01  4.351530e-01
  5.921000e-01  4.061425e-01
  5.767000e-01  3.481240e-01
  5.618000e-01  5.511935e-01
  5.472000e-01  4.351520e-01
  5.331000e-01  3.191145e-01
  5.193000e-01  4.641655e-01
  5.058000e-01  4.061440e-01
  4.927000e-01  4.351545e-01
  4.799000e-01  5.802035e-01
  4.675000e-01  4.061450e-01
  4.554000e-01  5.221860e-01
  4.436000e-01  8.703030e-01
  4.321000e-01  8.993180e-01
  4.209000e-01  6.092145e-01
  4.100000e-01  4.641625e-01
  3.994000e-01  8.993235e-01
  3.891000e-01  1.189422e+00
  3.790000e-01  1.276445e+00
  3.692000e-01  6.092135e-01
  3.596000e-01  4.351525e-01
  3.503000e-01  6.092135e-01
  3.412000e-01  4.931750e-01
  3.324000e-01  4.931740e-01
  3.238000e-01  6.962430e-01
  3.154000e-01  6.382235e-01
  3.072000e-01  5.511950e-01
  2.992000e-01  6.672330e-01
  2.915000e-01  1.102381e+00
  2.839000e-01  1.044368e+00
  2.766000e-01  1.102381e+00
  2.694000e-01  1.856660e+00
  2.624000e-01  3.104135e+00
  2.556000e-01  2.639965e+00
  2.490000e-01  1.653580e+00
  2.426000e-01  1.972710e+00
  2.363000e-01  1.537545e+00
  2.302000e-01  1.363475e+00
  2.242000e-01  7.542630e-01
  2.184000e-01  8.993120e-01
  2.127000e-01  9.863530e-01
  2.072000e-01  8.412940e-01
  2.019000e-01  8.412970e-01
  1.966000e-01  8.703050e-01
  1.915000e-01  9.573325e-01
  1.866000e-01  7.832710e-01
  1.817000e-01  5.802050e-01
  1.770000e-01  9.283235e-01
  1.725000e-01  1.073371e+00
  1.680000e-01  7.542630e-01
  1.636000e-01  6.382255e-01
  1.594000e-01  1.015352e+00
  1.553000e-01  6.382235e-01
  1.512000e-01  9.863425e-01
  1.473000e-01  8.122830e-01
  1.435000e-01  8.703040e-01
  1.398000e-01  8.412930e-01
  1.362000e-01  7.832745e-01
  1.326000e-01  6.382235e-01
  1.292000e-01  1.160405e+00
  1.259000e-01  6.672315e-01
  1.226000e-01  8.122860e-01
  1.194000e-01  9.283215e-01
  1.163000e-01  1.102382e+00
  1.133000e-01  1.044360e+00
  1.104000e-01  9.573414e-01
  1.075000e-01  1.131400e+00
  1.047000e-01  1.189417e+00
  1.020000e-01  7.542624e-01
  9.940000e-02  1.276450e+00
  9.680000e-02  1.305460e+00
  9.430000e-02  9.573361e-01
  9.190000e-02  1.131405e+00
  8.950000e-02  9.863410e-01
  8.720000e-02  1.305450e+00
  8.490000e-02  8.703025e-01
  8.270000e-02  9.283220e-01
  8.060000e-02  6.672345e-01
  7.850000e-02  9.283220e-01
  7.640000e-02  6.382290e-01
  7.450000e-02  8.412920e-01
  7.250000e-02  6.092140e-01
  7.070000e-02  5.802035e-01
  6.880000e-02  2.030725e-01
  6.700000e-02  5.802045e-01
  6.530000e-02  3.191130e-01
  6.360000e-02  3.191135e-01
  6.200000e-02  2.610945e-01
  6.040000e-02  3.191135e-01
  5.880000e-02  8.703150e-02
  5.730000e-02  1.160420e-01
  5.580000e-02  1.450515e-01
  5.430000e-02  1.740620e-01
  5.290000e-02  0.000000e+00
  5.160000e-02  2.901050e-02
  5.020000e-02  5.802100e-02
  4.890000e-02  5.802100e-02
  4.770000e-02  0.000000e+00
  4.640000e-02  5.802100e-02
  4.520000e-02  0.000000e+00
  4.410000e-02  2.901050e-02
  4.290000e-02  0.000000e+00
  4.180000e-02  0.000000e+00
  4.070000e-02  2.901050e-02
  3.970000e-02  0.000000e+00
  3.860000e-02  0.000000e+00
  3.760000e-02  0.000000e+00
  3.670000e-02  0.000000e+00
  3.570000e-02  2.901050e-02
  3.480000e-02  0.000000e+00
  3.390000e-02  0.000000e+00
  3.300000e-02  2.901050e-02
  3.220000e-02  0.000000e+00
  3.130000e-02  0.000000e+00
  3.050000e-02  0.000000e+00
  2.970000e-02  0.000000e+00
  2.890000e-02  0.000000e+00
  2.820000e-02  0.000000e+00
  2.750000e-02  0.000000e+00
  2.680000e-02  0.000000e+00
  2.610000e-02  0.000000e+00
  2.540000e-02  0.000000e+00
  2.470000e-02  0.000000e+00
  2.410000e-02  0.000000e+00
  2.350000e-02  0.000000e+00
  2.290000e-02  2.901050e-02
  2.230000e-02  0.000000e+00
  2.170000e-02  0.000000e+00
  2.110000e-02  0.000000e+00
  2.060000e-02  0.000000e+00
  2.000000e-02  0.000000e+00
  1.950000e-02  0.000000e+00
  1.900000e-02  0.000000e+00
  1.850000e-02  0.000000e+00
  1.800000e-02  0.000000e+00
  1.760000e-02  0.000000e+00
  1.710000e-02  0.000000e+00
  1.670000e-02  0.000000e+00
  1.630000e-02  0.000000e+00
  1.580000e-02  2.901050e-02
  1.540000e-02  0.000000e+00
  1.500000e-02  0.000000e+00
  1.460000e-02  0.000000e+00
  1.430000e-02  0.000000e+00
  1.390000e-02  0.000000e+00
  1.350000e-02  0.000000e+00
  1.320000e-02  0.000000e+00
  1.280000e-02  0.000000e+00
  1.250000e-02  0.000000e+00
  1.220000e-02  0.000000e+00
  1.190000e-02  0.000000e+00
  1.160000e-02  0.000000e+00
  1.130000e-02  0.000000e+00
  1.100000e-02  0.000000e+00
  1.070000e-02  0.000000e+00
  1.040000e-02  0.000000e+00
  1.010000e-02  5.802100e-02
