  4.934820e+03  1.724605e-02
  4.806990e+03  2.069550e-03
  4.682470e+03  2.759400e-03
  4.561180e+03  2.759400e-03
  4.443030e+03  1.379700e-03
  4.327940e+03  1.379700e-03
  4.215830e+03  2.759400e-03
  4.106630e+03  1.379700e-03
  4.000250e+03  3.449250e-03
  3.896630e+03  4.828950e-03
  3.795700e+03  5.518800e-03
  3.697380e+03  4.139100e-03
  3.601600e+03  4.828900e-03
  3.508310e+03  7.588350e-03
  3.417430e+03  5.518800e-03
  3.328910e+03  6.898450e-03
  3.242680e+03  8.278200e-03
  3.158680e+03  8.968050e-03
  3.076860e+03  1.103750e-02
  2.997160e+03  7.588300e-03
  2.919530e+03  1.172740e-02
  2.843900e+03  9.657900e-03
  2.770230e+03  1.310710e-02
  2.698480e+03  1.517660e-02
  2.628580e+03  1.103760e-02
  2.560490e+03  1.586645e-02
  2.494160e+03  1.724615e-02
  2.429550e+03  2.276480e-02
  2.366620e+03  2.621405e-02
  2.305320e+03  2.345470e-02
  2.245600e+03  2.828350e-02
  2.187430e+03  2.000540e-02
  2.130770e+03  3.587165e-02
  2.075580e+03  2.552420e-02
  2.021810e+03  3.587185e-02
  1.969440e+03  3.725130e-02
  1.918430e+03  5.449690e-02
  1.868730e+03  5.311775e-02
  1.820330e+03  5.449710e-02
  1.773170e+03  5.863635e-02
  1.727240e+03  6.001580e-02
  1.682500e+03  7.243315e-02
  1.638920e+03  8.071140e-02
  1.596470e+03  7.795100e-02
  1.555110e+03  9.036840e-02
  1.514830e+03  1.069244e-01
  1.475590e+03  1.096835e-01
  1.437370e+03  1.179620e-01
  1.400140e+03  1.352075e-01
  1.363870e+03  1.234800e-01
  1.328540e+03  1.469355e-01
  1.294120e+03  1.765990e-01
  1.260600e+03  2.021230e-01
  1.227950e+03  2.069525e-01
  1.196140e+03  2.207490e-01
  1.165160e+03  2.435135e-01
  1.134980e+03  2.855950e-01
  1.105580e+03  2.849045e-01
  1.076940e+03  3.028395e-01
  1.049040e+03  3.628555e-01
  1.021870e+03  3.718230e-01
  9.953980e+02  4.525360e-01
  9.696140e+02  4.663330e-01
  9.444970e+02  5.353165e-01
  9.200320e+02  5.863645e-01
  8.962000e+02  6.429305e-01
  8.729850e+02  7.664125e-01
  8.503720e+02  8.961120e-01
  8.283450e+02  8.954175e-01
  8.068880e+02  9.933630e-01
  7.859870e+02  1.165835e+00
  7.656270e+02  1.230670e+00
  7.457950e+02  1.432815e+00
  7.264760e+02  1.548680e+00
  7.076580e+02  1.763930e+00
  6.893270e+02  1.990185e+00
  6.714710e+02  2.204040e+00
  6.540780e+02  2.442040e+00
  6.371350e+02  2.673135e+00
  6.206310e+02  2.987700e+00
  6.045550e+02  3.345735e+00
  5.888950e+02  3.667195e+00
  5.736410e+02  4.000380e+00
  5.587810e+02  4.463275e+00
  5.443070e+02  4.943400e+00
  5.302080e+02  5.460785e+00
  5.164740e+02  6.050590e+00
  5.030950e+02  6.698340e+00
  4.900630e+02  7.301975e+00
  4.773690e+02  8.063550e+00
  4.650040e+02  8.867895e+00
  4.529580e+02  9.896390e+00
  4.412250e+02  1.092850e+01
  4.297960e+02  1.204740e+01
  4.186630e+02  1.309330e+01
  4.078180e+02  1.445215e+01
  3.972540e+02  1.577600e+01
  3.869640e+02  1.745720e+01
  3.769400e+02  1.903465e+01
  3.671770e+02  2.111395e+01
  3.576650e+02  2.288615e+01
  3.484010e+02  2.512480e+01
  3.393760e+02  2.748120e+01
  3.305850e+02  2.986885e+01
  3.220220e+02  3.250315e+01
  3.136800e+02  3.514335e+01
  3.055550e+02  3.811575e+01
  2.976400e+02  4.164705e+01
  2.899300e+02  4.492855e+01
  2.824200e+02  4.895805e+01
  2.751040e+02  5.278240e+01
  2.679780e+02  5.741890e+01
  2.610370e+02  6.179595e+01
  2.542750e+02  6.611780e+01
  2.476890e+02  7.179440e+01
  2.412730e+02  7.808300e+01
  2.350230e+02  8.437235e+01
  2.289350e+02  9.036090e+01
  2.230050e+02  9.699770e+01
  2.172280e+02  1.037350e+02
  2.116010e+02  1.111745e+02
  2.061200e+02  1.186370e+02
  2.007810e+02  1.263260e+02
  1.955800e+02  1.356020e+02
  1.905140e+02  1.451140e+02
  1.855790e+02  1.557465e+02
  1.807720e+02  1.669835e+02
  1.760890e+02  1.772935e+02
  1.715280e+02  1.871330e+02
  1.670850e+02  1.972075e+02
  1.627570e+02  2.089295e+02
  1.585410e+02  2.191580e+02
  1.544340e+02  2.289995e+02
  1.504340e+02  2.399690e+02
  1.465370e+02  2.499560e+02
  1.427410e+02  2.609715e+02
  1.390440e+02  2.713060e+02
  1.354420e+02  2.816630e+02
  1.319340e+02  2.914820e+02
  1.285160e+02  2.998805e+02
  1.251870e+02  3.098450e+02
  1.219440e+02  3.195125e+02
  1.187850e+02  3.286780e+02
  1.157090e+02  3.388475e+02
  1.127110e+02  3.486725e+02
  1.097920e+02  3.593125e+02
  1.069480e+02  3.693650e+02
  1.041770e+02  3.794475e+02
  1.014790e+02  3.910020e+02
  9.885030e+01  4.014655e+02
  9.628970e+01  4.120255e+02
  9.379550e+01  4.226185e+02
  9.136590e+01  4.336380e+02
  8.899920e+01  4.449150e+02
  8.669380e+01  4.545310e+02
  8.444820e+01  4.649100e+02
  8.226070e+01  4.764320e+02
  8.012980e+01  4.870255e+02
  7.805420e+01  4.990045e+02
  7.603240e+01  5.072065e+02
  7.406290e+01  5.195990e+02
  7.214440e+01  5.283605e+02
  7.027560e+01  5.375250e+02
  6.845520e+01  5.471120e+02
  6.668200e+01  5.547470e+02
  6.495470e+01  5.580675e+02
  6.327220e+01  5.604230e+02
  6.163320e+01  5.605475e+02
  6.003670e+01  5.573000e+02
  5.848160e+01  5.533405e+02
  5.696670e+01  5.486200e+02
  5.549110e+01  5.444200e+02
  5.405370e+01  5.392205e+02
  5.265350e+01  5.356565e+02
  5.128960e+01  5.295495e+02
  4.996100e+01  5.219750e+02
  4.866690e+01  5.105840e+02
  4.740620e+01  4.973475e+02
  4.617830e+01  4.802625e+02
  4.498210e+01  4.618845e+02
  4.381690e+01  4.482925e+02
  4.268190e+01  4.354065e+02
  4.157630e+01  4.197735e+02
  4.049930e+01  4.057440e+02
  3.945030e+01  3.924020e+02
  3.842840e+01  3.818940e+02
  3.743290e+01  3.703765e+02
  3.646330e+01  3.607730e+02
  3.551880e+01  3.502135e+02
  3.459870e+01  3.396040e+02
  3.370250e+01  3.274935e+02
  3.282950e+01  3.152040e+02
  3.197910e+01  3.030970e+02
  3.115070e+01  2.931075e+02
  3.034380e+01  2.803740e+02
  2.955780e+01  2.685035e+02
  2.879220e+01  2.557125e+02
  2.804640e+01  2.433915e+02
  2.731990e+01  2.307025e+02
  2.661220e+01  2.184620e+02
  2.592290e+01  2.058710e+02
  2.525140e+01  1.926470e+02
  2.459730e+01  1.801580e+02
  2.396010e+01  1.670635e+02
  2.333950e+01  1.552310e+02
  2.273490e+01  1.426210e+02
  2.214600e+01  1.291760e+02
  2.157230e+01  1.162680e+02
  2.101350e+01  1.033765e+02
  2.046920e+01  9.160120e+01
  1.993900e+01  8.189515e+01
  1.942250e+01  7.236360e+01
  1.891940e+01  6.554800e+01
  1.842930e+01  6.250370e+01
  1.795200e+01  6.002865e+01
  1.748690e+01  6.171040e+01
  1.703400e+01  6.381035e+01
  1.659270e+01  6.873911e+01
  1.616290e+01  7.438275e+01
  1.574430e+01  8.023740e+01
  1.533640e+01  8.583690e+01
  1.493920e+01  9.099765e+01
  1.455220e+01  9.242410e+01
  1.417520e+01  8.688680e+01
  1.380800e+01  7.375290e+01
  1.345040e+01  5.748020e+01
  1.310200e+01  4.149115e+01
  1.276260e+01  2.826690e+01
  1.243200e+01  1.842355e+01
  1.211000e+01  1.180445e+01
  1.179630e+01  7.168135e+00
  1.149070e+01  4.486040e+00
  1.119310e+01  3.165680e+00
  1.090310e+01  2.274405e+00
  1.062070e+01  1.708050e+00
  1.034560e+01  1.210665e+00
  1.007760e+01  7.898695e-01
  9.816600e+00  5.704970e-01
  9.562300e+00  3.780320e-01
  9.314600e+00  4.939260e-01
  9.073300e+00  9.443935e-01
  8.838300e+00  1.814275e+00
  8.609300e+00  3.882425e+00
  8.386300e+00  7.782780e+00
  8.169100e+00  1.545320e+01
  7.957500e+00  2.789860e+01
  7.751400e+00  3.844080e+01
  7.550600e+00  5.265205e+01
  7.355000e+00  5.455465e+01
  7.164500e+00  5.029830e+01
  6.978900e+00  4.594485e+01
  6.798100e+00  4.012455e+01
  6.622000e+00  3.466925e+01
  6.450500e+00  2.966860e+01
  6.283400e+00  2.502880e+01
  6.120600e+00  2.086550e+01
  5.962100e+00  1.786750e+01
  5.807600e+00  1.578705e+01
  5.657200e+00  1.417965e+01
  5.510700e+00  1.280690e+01
  5.367900e+00  1.101535e+01
  5.228900e+00  8.971371e+00
  5.093400e+00  7.221255e+00
  4.961500e+00  5.879515e+00
  4.833000e+00  4.842680e+00
  4.707800e+00  4.030050e+00
  4.585800e+00  2.990460e+00
  4.467100e+00  2.265450e+00
  4.351300e+00  1.950870e+00
  4.238600e+00  1.657695e+00
  4.128800e+00  1.422450e+00
  4.021900e+00  1.738395e+00
  3.917700e+00  1.142370e+00
  3.816200e+00  7.933170e-01
  3.717400e+00  6.919095e-01
  3.621100e+00  5.670495e-01
  3.527300e+00  4.787505e-01
  3.435900e+00  4.152830e-01
  3.346900e+00  3.249150e-01
  3.260200e+00  2.483420e-01
  3.175800e+00  1.634910e-01
  3.093500e+00  1.096845e-01
  3.013400e+00  6.829410e-02
  2.935300e+00  1.014055e-01
  2.859300e+00  1.103733e-01
  2.785200e+00  1.614220e-01
  2.713100e+00  1.931545e-01
  2.642800e+00  2.000545e-01
  2.574300e+00  1.531445e-01
  2.507600e+00  1.545240e-01
  2.442700e+00  1.648715e-01
  2.379400e+00  1.883255e-01
  2.317800e+00  1.607330e-01
  2.257700e+00  1.110630e-01
  2.199300e+00  1.772895e-01
  2.142300e+00  1.393470e-01
  2.086800e+00  1.103745e-01
  2.032700e+00  1.207215e-01
  1.980100e+00  1.469365e-01
  1.928800e+00  1.179610e-01
  1.878800e+00  8.416070e-02
  1.830200e+00  1.179625e-01
  1.782800e+00  1.531445e-01
  1.736600e+00  1.207215e-01
  1.691600e+00  1.234800e-01
  1.647800e+00  1.027844e-01
  1.605100e+00  9.174790e-02
  1.563500e+00  1.186520e-01
  1.523000e+00  9.933695e-02
  1.483600e+00  9.312750e-02
  1.445100e+00  9.243735e-02
  1.407700e+00  6.967385e-02
  1.371200e+00  8.140120e-02
  1.335700e+00  7.795145e-02
  1.301100e+00  1.000256e-01
  1.267400e+00  7.381200e-02
  1.234600e+00  8.829940e-02
  1.202600e+00  9.519725e-02
  1.171500e+00  8.071070e-02
  1.141100e+00  9.243785e-02
  1.111600e+00  7.657205e-02
  1.082800e+00  7.657165e-02
  1.054700e+00  9.450730e-02
  1.027400e+00  9.795690e-02
  1.000800e+00  8.553990e-02
  9.749000e-01  8.278041e-02
  9.496000e-01  8.622985e-02
  9.250000e-01  8.760855e-02
  9.010000e-01  1.062354e-01
  8.777000e-01  1.110632e-01
  8.550000e-01  1.110636e-01
  8.328000e-01  1.041647e-01
  8.113000e-01  1.138230e-01
  7.902000e-01  1.027845e-01
  7.698000e-01  1.172720e-01
  7.498000e-01  1.296895e-01
  7.304000e-01  1.255500e-01
  7.115000e-01  1.276195e-01
  6.931000e-01  1.214105e-01
  6.751000e-01  1.683210e-01
  6.576000e-01  2.179915e-01
  6.406000e-01  2.400650e-01
  6.240000e-01  1.786675e-01
  6.078000e-01  2.152310e-01
  5.921000e-01  1.793580e-01
  5.767000e-01  1.421070e-01
  5.618000e-01  1.427975e-01
  5.472000e-01  1.331380e-01
  5.331000e-01  1.690115e-01
  5.193000e-01  2.483430e-01
  5.058000e-01  2.421345e-01
  4.927000e-01  1.455550e-01
  4.799000e-01  1.207215e-01
  4.675000e-01  1.352080e-01
  4.554000e-01  1.200305e-01
  4.436000e-01  1.207210e-01
  4.321000e-01  1.117535e-01
  4.209000e-01  9.864675e-02
  4.100000e-01  1.227905e-01
  3.994000e-01  1.545245e-01
  3.891000e-01  1.007150e-01
  3.790000e-01  1.165820e-01
  3.692000e-01  1.041647e-01
  3.596000e-01  9.726670e-02
  3.503000e-01  9.105790e-02
  3.412000e-01  7.588170e-02
  3.324000e-01  8.622940e-02
  3.238000e-01  6.829410e-02
  3.154000e-01  5.656675e-02
  3.072000e-01  5.380750e-02
  2.992000e-01  5.380755e-02
  2.915000e-01  4.414980e-02
  2.839000e-01  4.897840e-02
  2.766000e-01  3.656150e-02
  2.694000e-01  3.587170e-02
  2.624000e-01  3.449200e-02
  2.556000e-01  2.690385e-02
  2.490000e-01  2.621400e-02
  2.426000e-01  2.414455e-02
  2.363000e-01  1.931555e-02
  2.302000e-01  1.517660e-02
  2.242000e-01  1.724615e-02
  2.184000e-01  1.310715e-02
  2.127000e-01  8.968000e-03
  2.072000e-01  1.241720e-02
  2.019000e-01  8.968050e-03
  1.966000e-01  4.139100e-03
  1.915000e-01  4.139100e-03
  1.866000e-01  4.139100e-03
  1.817000e-01  4.828950e-03
  1.770000e-01  7.588300e-03
  1.725000e-01  2.759400e-03
  1.680000e-01  2.759400e-03
  1.636000e-01  2.759400e-03
  1.594000e-01  1.379700e-03
  1.553000e-01  2.069550e-03
  1.512000e-01  2.759400e-03
  1.473000e-01  2.069550e-03
  1.435000e-01  0.000000e+00
  1.398000e-01  2.069550e-03
  1.362000e-01  6.898500e-04
  1.326000e-01  1.379700e-03
  1.292000e-01  3.449250e-03
  1.259000e-01  2.069550e-03
  1.226000e-01  1.379700e-03
  1.194000e-01  1.379700e-03
  1.163000e-01  6.898500e-04
  1.133000e-01  6.898500e-04
  1.104000e-01  6.898500e-04
  1.075000e-01  0.000000e+00
  1.047000e-01  2.759400e-03
  1.020000e-01  1.379700e-03
  9.940000e-02  6.898500e-04
  9.680000e-02  6.898500e-04
  9.430000e-02  0.000000e+00
  9.190000e-02  6.898500e-04
  8.950000e-02  1.379700e-03
  8.720000e-02  6.898500e-04
  8.490000e-02  1.379700e-03
  8.270000e-02  1.379700e-03
  8.060000e-02  2.069550e-03
  7.850000e-02  6.898500e-04
  7.640000e-02  0.000000e+00
  7.450000e-02  2.069550e-03
  7.250000e-02  6.898500e-04
  7.070000e-02  2.069550e-03
  6.880000e-02  6.898500e-04
  6.700000e-02  6.898500e-04
  6.530000e-02  2.069550e-03
  6.360000e-02  1.379700e-03
  6.200000e-02  6.898500e-04
  6.040000e-02  2.069550e-03
  5.880000e-02  2.069550e-03
  5.730000e-02  2.759400e-03
  5.580000e-02  1.379700e-03
  5.430000e-02  3.449250e-03
  5.290000e-02  1.379700e-03
  5.160000e-02  1.379700e-03
  5.020000e-02  1.379700e-03
  4.890000e-02  3.449250e-03
  4.770000e-02  1.379700e-03
  4.640000e-02  1.379700e-03
  4.520000e-02  1.379700e-03
  4.410000e-02  6.898500e-04
  4.290000e-02  0.000000e+00
  4.180000e-02  1.379700e-03
  4.070000e-02  1.379700e-03
  3.970000e-02  6.898500e-04
  3.860000e-02  0.000000e+00
  3.760000e-02  0.000000e+00
  3.670000e-02  1.379700e-03
  3.570000e-02  0.000000e+00
  3.480000e-02  6.898500e-04
  3.390000e-02  1.379700e-03
  3.300000e-02  6.898500e-04
  3.220000e-02  6.898500e-04
  3.130000e-02  0.000000e+00
  3.050000e-02  0.000000e+00
  2.970000e-02  0.000000e+00
  2.890000e-02  0.000000e+00
  2.820000e-02  0.000000e+00
  2.750000e-02  0.000000e+00
  2.680000e-02  0.000000e+00
  2.610000e-02  0.000000e+00
  2.540000e-02  0.000000e+00
  2.470000e-02  0.000000e+00
  2.410000e-02  6.898500e-04
  2.350000e-02  0.000000e+00
  2.290000e-02  0.000000e+00
  2.230000e-02  0.000000e+00
  2.170000e-02  0.000000e+00
  2.110000e-02  0.000000e+00
  2.060000e-02  0.000000e+00
  2.000000e-02  0.000000e+00
  1.950000e-02  0.000000e+00
  1.900000e-02  0.000000e+00
  1.850000e-02  0.000000e+00
  1.800000e-02  0.000000e+00
  1.760000e-02  0.000000e+00
  1.710000e-02  0.000000e+00
  1.670000e-02  0.000000e+00
  1.630000e-02  0.000000e+00
  1.580000e-02  0.000000e+00
  1.540000e-02  0.000000e+00
  1.500000e-02  0.000000e+00
  1.460000e-02  0.000000e+00
  1.430000e-02  0.000000e+00
  1.390000e-02  0.000000e+00
  1.350000e-02  0.000000e+00
  1.320000e-02  0.000000e+00
  1.280000e-02  0.000000e+00
  1.250000e-02  0.000000e+00
  1.220000e-02  0.000000e+00
  1.190000e-02  0.000000e+00
  1.160000e-02  0.000000e+00
  1.130000e-02  0.000000e+00
  1.100000e-02  6.898500e-04
  1.070000e-02  1.379700e-03
  1.040000e-02  2.759400e-03
  1.010000e-02  1.379700e-03
