  4.934820e+03  0.000000e+00
  4.806990e+03  0.000000e+00
  4.682470e+03  0.000000e+00
  4.561180e+03  0.000000e+00
  4.443030e+03  0.000000e+00
  4.327940e+03  0.000000e+00
  4.215830e+03  0.000000e+00
  4.106630e+03  0.000000e+00
  4.000250e+03  0.000000e+00
  3.896630e+03  0.000000e+00
  3.795700e+03  0.000000e+00
  3.697380e+03  0.000000e+00
  3.601600e+03  0.000000e+00
  3.508310e+03  0.000000e+00
  3.417430e+03  0.000000e+00
  3.328910e+03  0.000000e+00
  3.242680e+03  0.000000e+00
  3.158680e+03  0.000000e+00
  3.076860e+03  0.000000e+00
  2.997160e+03  0.000000e+00
  2.919530e+03  0.000000e+00
  2.843900e+03  0.000000e+00
  2.770230e+03  0.000000e+00
  2.698480e+03  0.000000e+00
  2.628580e+03  0.000000e+00
  2.560490e+03  0.000000e+00
  2.494160e+03  0.000000e+00
  2.429550e+03  0.000000e+00
  2.366620e+03  0.000000e+00
  2.305320e+03  0.000000e+00
  2.245600e+03  0.000000e+00
  2.187430e+03  0.000000e+00
  2.130770e+03  0.000000e+00
  2.075580e+03  0.000000e+00
  2.021810e+03  0.000000e+00
  1.969440e+03  0.000000e+00
  1.918430e+03  0.000000e+00
  1.868730e+03  0.000000e+00
  1.820330e+03  0.000000e+00
  1.773170e+03  6.541500e-01
  1.727240e+03  6.541500e-01
  1.682500e+03  6.541500e-01
  1.638920e+03  0.000000e+00
  1.596470e+03  0.000000e+00
  1.555110e+03  0.000000e+00
  1.514830e+03  0.000000e+00
  1.475590e+03  0.000000e+00
  1.437370e+03  0.000000e+00
  1.400140e+03  0.000000e+00
  1.363870e+03  6.541500e-01
  1.328540e+03  6.541500e-01
  1.294120e+03  6.541500e-01
  1.260600e+03  6.541500e-01
  1.227950e+03  0.000000e+00
  1.196140e+03  0.000000e+00
  1.165160e+03  6.541500e-01
  1.134980e+03  0.000000e+00
  1.105580e+03  0.000000e+00
  1.076940e+03  2.616600e+00
  1.049040e+03  6.541500e-01
  1.021870e+03  0.000000e+00
  9.953980e+02  0.000000e+00
  9.696140e+02  1.962450e+00
  9.444970e+02  6.541500e-01
  9.200320e+02  6.541500e-01
  8.962000e+02  6.541500e-01
  8.729850e+02  1.962450e+00
  8.503720e+02  6.541500e-01
  8.283450e+02  0.000000e+00
  8.068880e+02  2.616600e+00
  7.859870e+02  2.616600e+00
  7.656270e+02  1.308300e+00
  7.457950e+02  1.962450e+00
  7.264760e+02  3.270750e+00
  7.076580e+02  1.308300e+00
  6.893270e+02  3.270750e+00
  6.714710e+02  5.887400e+00
  6.540780e+02  2.616600e+00
  6.371350e+02  4.579050e+00
  6.206310e+02  9.158150e+00
  6.045550e+02  3.270750e+00
  5.888950e+02  7.195650e+00
  5.736410e+02  5.887400e+00
  5.587810e+02  7.195650e+00
  5.443070e+02  7.195650e+00
  5.302080e+02  8.503950e+00
  5.164740e+02  1.046640e+01
  5.030950e+02  1.766215e+01
  4.900630e+02  1.635390e+01
  4.773690e+02  1.504560e+01
  4.650040e+02  1.700800e+01
  4.529580e+02  2.682060e+01
  4.412250e+02  2.027885e+01
  4.297960e+02  2.289555e+01
  4.186630e+02  2.354960e+01
  4.078180e+02  2.747470e+01
  3.972540e+02  3.990395e+01
  3.869640e+02  4.055820e+01
  3.769400e+02  4.775370e+01
  3.671770e+02  4.252075e+01
  3.576650e+02  5.298690e+01
  3.484010e+02  5.167915e+01
  3.393760e+02  6.476245e+01
  3.305850e+02  7.261210e+01
  3.220220e+02  8.896680e+01
  3.136800e+02  9.616196e+01
  3.055550e+02  1.046675e+02
  2.976400e+02  1.210210e+02
  2.899300e+02  1.275620e+02
  2.824200e+02  1.458795e+02
  2.751040e+02  1.524210e+02
  2.679780e+02  1.746615e+02
  2.610370e+02  1.883990e+02
  2.542750e+02  2.433475e+02
  2.476890e+02  2.518515e+02
  2.412730e+02  2.956795e+02
  2.350230e+02  3.094180e+02
  2.289350e+02  3.375470e+02
  2.230050e+02  3.839920e+02
  2.172280e+02  4.448295e+02
  2.116010e+02  5.272540e+02
  2.061200e+02  5.717370e+02
  2.007810e+02  6.221065e+02
  1.955800e+02  7.248110e+02
  1.905140e+02  7.771435e+02
  1.855790e+02  9.190965e+02
  1.807720e+02  1.045345e+03
  1.760890e+02  1.146745e+03
  1.715280e+02  1.317480e+03
  1.670850e+02  1.439800e+03
  1.627570e+02  1.571290e+03
  1.585410e+02  1.777355e+03
  1.544340e+02  1.953320e+03
  1.504340e+02  2.208445e+03
  1.465370e+02  2.413195e+03
  1.427410e+02  2.638880e+03
  1.390440e+02  2.892050e+03
  1.354420e+02  3.150445e+03
  1.319340e+02  3.633225e+03
  1.285160e+02  3.890300e+03
  1.251870e+02  4.289985e+03
  1.219440e+02  4.613130e+03
  1.187850e+02  5.061245e+03
  1.157090e+02  5.676815e+03
  1.127110e+02  6.091550e+03
  1.097920e+02  6.724125e+03
  1.069480e+02  7.376325e+03
  1.041770e+02  7.934970e+03
  1.014790e+02  8.814175e+03
  9.885030e+01  9.579555e+03
  9.628970e+01  1.035340e+04
  9.379550e+01  1.137445e+04
  9.136590e+01  1.233485e+04
  8.899920e+01  1.335725e+04
  8.669380e+01  1.466240e+04
  8.444820e+01  1.590080e+04
  8.226070e+01  1.695455e+04
  8.012980e+01  1.856835e+04
  7.805420e+01  1.982030e+04
  7.603240e+01  2.165210e+04
  7.406290e+01  2.319925e+04
  7.214440e+01  2.501575e+04
  7.027560e+01  2.646865e+04
  6.845520e+01  2.850305e+04
  6.668200e+01  3.019800e+04
  6.495470e+01  3.221945e+04
  6.327220e+01  3.421665e+04
  6.163320e+01  3.576760e+04
  6.003670e+01  3.746125e+04
  5.848160e+01  3.897500e+04
  5.696670e+01  4.042135e+04
  5.549110e+01  4.237455e+04
  5.405370e+01  4.404935e+04
  5.265350e+01  4.618695e+04
  5.128960e+01  4.795325e+04
  4.996100e+01  4.997860e+04
  4.866690e+01  5.184680e+04
  4.740620e+01  5.391395e+04
  4.617830e+01  5.574235e+04
  4.498210e+01  5.699715e+04
  4.381690e+01  5.893020e+04
  4.268190e+01  5.996295e+04
  4.157630e+01  6.123335e+04
  4.049930e+01  6.200985e+04
  3.945030e+01  6.311160e+04
  3.842840e+01  6.376635e+04
  3.743290e+01  6.506945e+04
  3.646330e+01  6.572890e+04
  3.551880e+01  6.650280e+04
  3.459870e+01  6.737016e+04
  3.370250e+01  6.859866e+04
  3.282950e+01  6.879215e+04
  3.197910e+01  7.061735e+04
  3.115070e+01  7.138330e+04
  3.034380e+01  7.227700e+04
  2.955780e+01  7.365325e+04
  2.879220e+01  7.484391e+04
  2.804640e+01  7.647270e+04
  2.731990e+01  7.774505e+04
  2.661220e+01  7.936675e+04
  2.592290e+01  8.076725e+04
  2.525140e+01  8.201605e+04
  2.459730e+01  8.360830e+04
  2.396010e+01  8.578540e+04
  2.333950e+01  8.732790e+04
  2.273490e+01  8.917125e+04
  2.214600e+01  9.175460e+04
  2.157230e+01  9.433645e+04
  2.101350e+01  9.652150e+04
  2.046920e+01  9.867525e+04
  1.993900e+01  1.015855e+05
  1.942250e+01  1.043715e+05
  1.891940e+01  1.055705e+05
  1.842930e+01  1.078710e+05
  1.795200e+01  1.086355e+05
  1.748690e+01  1.088590e+05
  1.703400e+01  1.087455e+05
  1.659270e+01  1.080050e+05
  1.616290e+01  1.079430e+05
  1.574430e+01  1.067795e+05
  1.533640e+01  1.060515e+05
  1.493920e+01  1.052395e+05
  1.455220e+01  1.059125e+05
  1.417520e+01  1.073725e+05
  1.380800e+01  1.099280e+05
  1.345040e+01  1.130775e+05
  1.310200e+01  1.184595e+05
  1.276260e+01  1.236080e+05
  1.243200e+01  1.296145e+05
  1.211000e+01  1.366045e+05
  1.179630e+01  1.425870e+05
  1.149070e+01  1.497200e+05
  1.119310e+01  1.560240e+05
  1.090310e+01  1.639470e+05
  1.062070e+01  1.703165e+05
  1.034560e+01  1.774570e+05
  1.007760e+01  1.845525e+05
  9.816600e+00  1.902705e+05
  9.562300e+00  1.935520e+05
  9.314600e+00  1.915860e+05
  9.073300e+00  1.843130e+05
  8.838300e+00  1.736705e+05
  8.609300e+00  1.632275e+05
  8.386300e+00  1.511685e+05
  8.169100e+00  1.397525e+05
  7.957500e+00  1.301915e+05
  7.751400e+00  1.222285e+05
  7.550600e+00  1.173110e+05
  7.355000e+00  1.149200e+05
  7.164500e+00  1.140800e+05
  6.978900e+00  1.131380e+05
  6.798100e+00  1.139195e+05
  6.622000e+00  1.142345e+05
  6.450500e+00  1.145400e+05
  6.283400e+00  1.159745e+05
  6.120600e+00  1.163940e+05
  5.962100e+00  1.165400e+05
  5.807600e+00  1.174170e+05
  5.657200e+00  1.181500e+05
  5.510700e+00  1.185600e+05
  5.367900e+00  1.214805e+05
  5.228900e+00  1.218415e+05
  5.093400e+00  1.209275e+05
  4.961500e+00  1.220305e+05
  4.833000e+00  1.269965e+05
  4.707800e+00  1.353035e+05
  4.585800e+00  1.282310e+05
  4.467100e+00  1.278995e+05
  4.351300e+00  1.295545e+05
  4.238600e+00  1.324745e+05
  4.128800e+00  1.350040e+05
  4.021900e+00  1.871315e+05
  3.917700e+00  1.486690e+05
  3.816200e+00  1.269375e+05
  3.717400e+00  1.266445e+05
  3.621100e+00  1.264665e+05
  3.527300e+00  1.272910e+05
  3.435900e+00  1.271885e+05
  3.346900e+00  1.272125e+05
  3.260200e+00  1.279040e+05
  3.175800e+00  1.296435e+05
  3.093500e+00  1.276630e+05
  3.013400e+00  1.277485e+05
  2.935300e+00  1.284235e+05
  2.859300e+00  1.290560e+05
  2.785200e+00  1.301620e+05
  2.713100e+00  1.299670e+05
  2.642800e+00  1.288415e+05
  2.574300e+00  1.321775e+05
  2.507600e+00  1.292120e+05
  2.442700e+00  1.302130e+05
  2.379400e+00  1.316625e+05
  2.317800e+00  1.272135e+05
  2.257700e+00  1.232905e+05
  2.199300e+00  1.337025e+05
  2.142300e+00  1.209965e+05
  2.086800e+00  1.174455e+05
  2.032700e+00  1.197445e+05
  1.980100e+00  1.391340e+05
  1.928800e+00  1.122110e+05
  1.878800e+00  1.026320e+05
  1.830200e+00  1.381010e+05
  1.782800e+00  2.943410e+05
  1.736600e+00  1.670750e+05
  1.691600e+00  1.304695e+05
  1.647800e+00  1.017195e+05
  1.605100e+00  9.417434e+04
  1.563500e+00  8.619095e+04
  1.523000e+00  8.129790e+04
  1.483600e+00  7.853145e+04
  1.445100e+00  7.258570e+04
  1.407700e+00  6.928410e+04
  1.371200e+00  6.348045e+04
  1.335700e+00  6.276730e+04
  1.301100e+00  5.580395e+04
  1.267400e+00  4.570490e+04
  1.234600e+00  5.314930e+04
  1.202600e+00  5.350255e+04
  1.171500e+00  5.088060e+04
  1.141100e+00  5.655370e+04
  1.111600e+00  3.697590e+04
  1.082800e+00  3.181515e+04
  1.054700e+00  5.245395e+04
  1.027400e+00  3.591560e+04
  1.000800e+00  2.470045e+04
  9.749000e-01  3.699090e+04
  9.496000e-01  2.571445e+04
  9.250000e-01  2.469790e+04
  9.010000e-01  2.535660e+04
  8.777000e-01  2.656940e+04
  8.550000e-01  2.597085e+04
  8.328000e-01  2.566615e+04
  8.113000e-01  2.661455e+04
  7.902000e-01  2.743815e+04
  7.698000e-01  2.777700e+04
  7.498000e-01  2.844360e+04
  7.304000e-01  2.774355e+04
  7.115000e-01  2.910305e+04
  6.931000e-01  7.298541e+04
  6.751000e-01  6.595065e+05
  6.576000e-01  4.407120e+05
  6.406000e-01  1.387515e+06
  6.240000e-01  3.923400e+05
  6.078000e-01  4.384390e+04
  5.921000e-01  2.982585e+04
  5.767000e-01  2.850840e+04
  5.618000e-01  2.863395e+04
  5.472000e-01  2.705090e+04
  5.331000e-01  3.405570e+04
  5.193000e-01  3.129105e+04
  5.058000e-01  3.337320e+04
  4.927000e-01  5.970850e+04
  4.799000e-01  6.415490e+04
  4.675000e-01  3.697715e+04
  4.554000e-01  2.727270e+04
  4.436000e-01  6.503215e+04
  4.321000e-01  6.713000e+04
  4.209000e-01  5.864105e+04
  4.100000e-01  3.014900e+04
  3.994000e-01  6.652945e+04
  3.891000e-01  1.126935e+05
  3.790000e-01  8.843400e+04
  3.692000e-01  2.119730e+04
  3.596000e-01  1.600485e+04
  3.503000e-01  1.546105e+04
  3.412000e-01  1.504950e+04
  3.324000e-01  1.671380e+04
  3.238000e-01  1.366020e+04
  3.154000e-01  1.050055e+04
  3.072000e-01  1.907265e+04
  2.992000e-01  2.300425e+04
  2.915000e-01  2.519040e+04
  2.839000e-01  2.575625e+04
  2.766000e-01  1.426135e+04
  2.694000e-01  2.101955e+04
  2.624000e-01  2.509890e+04
  2.556000e-01  2.590020e+04
  2.490000e-01  1.525895e+04
  2.426000e-01  9.414710e+03
  2.363000e-01  1.230735e+04
  2.302000e-01  6.731980e+03
  2.242000e-01  4.164375e+03
  2.184000e-01  3.809190e+03
  2.127000e-01  3.812455e+03
  2.072000e-01  2.006305e+03
  2.019000e-01  2.081535e+03
  1.966000e-01  4.242880e+03
  1.915000e-01  1.426715e+03
  1.866000e-01  1.010035e+03
  1.817000e-01  6.652815e+02
  1.770000e-01  6.541605e+02
  1.725000e-01  8.392895e+02
  1.680000e-01  1.538590e+03
  1.636000e-01  2.540100e+03
  1.594000e-01  4.214755e+03
  1.553000e-01  6.217805e+03
  1.512000e-01  6.829430e+03
  1.473000e-01  6.801310e+03
  1.435000e-01  1.234660e+04
  1.398000e-01  3.117740e+03
  1.362000e-01  1.767555e+03
  1.326000e-01  1.385515e+03
  1.292000e-01  1.363940e+03
  1.259000e-01  1.551015e+03
  1.226000e-01  2.544025e+03
  1.194000e-01  2.135840e+03
  1.163000e-01  1.844085e+03
  1.133000e-01  2.160040e+03
  1.104000e-01  2.370020e+03
  1.075000e-01  2.409270e+03
  1.047000e-01  2.471415e+03
  1.020000e-01  2.901195e+03
  9.940000e-02  3.464450e+03
  9.680000e-02  3.947205e+03
  9.430000e-02  4.520900e+03
  9.190000e-02  5.236575e+03
  8.950000e-02  6.955050e+03
  8.720000e-02  7.515015e+03
  8.490000e-02  7.765545e+03
  8.270000e-02  8.160650e+03
  8.060000e-02  8.548580e+03
  7.850000e-02  9.173300e+03
  7.640000e-02  1.004930e+04
  7.450000e-02  1.122475e+04
  7.250000e-02  1.326510e+04
  7.070000e-02  1.453405e+04
  6.880000e-02  1.510070e+04
  6.700000e-02  1.541070e+04
  6.530000e-02  1.563835e+04
  6.360000e-02  1.622840e+04
  6.200000e-02  1.642135e+04
  6.040000e-02  1.685515e+04
  5.880000e-02  1.738300e+04
  5.730000e-02  1.770690e+04
  5.580000e-02  1.775065e+04
  5.430000e-02  1.790510e+04
  5.290000e-02  1.810190e+04
  5.160000e-02  1.832495e+04
  5.020000e-02  1.817325e+04
  4.890000e-02  1.706185e+04
  4.770000e-02  1.617230e+04
  4.640000e-02  1.523940e+04
  4.520000e-02  1.444785e+04
  4.410000e-02  1.344830e+04
  4.290000e-02  1.260110e+04
  4.180000e-02  1.171205e+04
  4.070000e-02  1.076150e+04
  3.970000e-02  9.907244e+03
  3.860000e-02  8.941740e+03
  3.760000e-02  8.169170e+03
  3.670000e-02  7.473800e+03
  3.570000e-02  6.636465e+03
  3.480000e-02  6.091545e+03
  3.390000e-02  5.311800e+03
  3.300000e-02  4.817245e+03
  3.220000e-02  4.329220e+03
  3.130000e-02  3.679660e+03
  3.050000e-02  3.149145e+03
  2.970000e-02  2.664405e+03
  2.890000e-02  2.412540e+03
  2.820000e-02  2.008925e+03
  2.750000e-02  1.753810e+03
  2.680000e-02  1.471230e+03
  2.610000e-02  1.178800e+03
  2.540000e-02  1.001525e+03
  2.470000e-02  8.235890e+02
  2.410000e-02  6.881770e+02
  2.350000e-02  5.730440e+02
  2.290000e-02  4.651090e+02
  2.230000e-02  3.473585e+02
  2.170000e-02  2.937175e+02
  2.110000e-02  2.256850e+02
  2.060000e-02  1.897075e+02
  2.000000e-02  1.530745e+02
  1.950000e-02  1.295245e+02
  1.900000e-02  9.812505e+01
  1.850000e-02  8.504150e+01
  1.800000e-02  7.195805e+01
  1.760000e-02  5.691225e+01
  1.710000e-02  4.775370e+01
  1.670000e-02  5.364120e+01
  1.630000e-02  4.579155e+01
  1.580000e-02  4.382870e+01
  1.540000e-02  3.401620e+01
  1.500000e-02  4.775420e+01
  1.460000e-02  5.167870e+01
  1.430000e-02  4.775380e+01
  1.390000e-02  3.467075e+01
  1.350000e-02  4.579135e+01
  1.320000e-02  5.822050e+01
  1.280000e-02  6.672466e+01
  1.250000e-02  7.130455e+01
  1.220000e-02  6.934125e+01
  1.190000e-02  9.812540e+01
  1.160000e-02  1.184040e+02
  1.130000e-02  1.393375e+02
  1.100000e-02  1.740080e+02
  1.070000e-02  1.465310e+02
  1.040000e-02  1.321415e+02
  1.010000e-02  1.038815e+03
