  4.934820e+03  9.238690e-03
  4.806990e+03  6.599200e-04
  4.682470e+03  3.299600e-04
  4.561180e+03  3.299560e-03
  4.443030e+03  1.979760e-03
  4.327940e+03  1.319820e-03
  4.215830e+03  2.309700e-03
  4.106630e+03  1.649780e-03
  4.000250e+03  2.309700e-03
  3.896630e+03  1.649780e-03
  3.795700e+03  2.639680e-03
  3.697380e+03  3.299580e-03
  3.601600e+03  3.299580e-03
  3.508310e+03  3.299620e-03
  3.417430e+03  4.289420e-03
  3.328910e+03  4.289420e-03
  3.242680e+03  5.939180e-03
  3.158680e+03  2.639680e-03
  3.076860e+03  4.619420e-03
  2.997160e+03  4.619400e-03
  2.919530e+03  7.259100e-03
  2.843900e+03  5.279260e-03
  2.770230e+03  8.908870e-03
  2.698480e+03  7.589000e-03
  2.628580e+03  7.589020e-03
  2.560490e+03  9.898670e-03
  2.494160e+03  1.121860e-02
  2.429550e+03  1.286850e-02
  2.366620e+03  1.220840e-02
  2.305320e+03  1.385826e-02
  2.245600e+03  1.418825e-02
  2.187430e+03  2.210715e-02
  2.130770e+03  2.177740e-02
  2.075580e+03  2.672675e-02
  2.021810e+03  2.375715e-02
  1.969440e+03  2.705670e-02
  1.918430e+03  2.837665e-02
  1.868730e+03  3.431590e-02
  1.820330e+03  3.860520e-02
  1.773170e+03  4.586430e-02
  1.727240e+03  3.794545e-02
  1.682500e+03  4.817420e-02
  1.638920e+03  5.180375e-02
  1.596470e+03  5.972315e-02
  1.555110e+03  6.599200e-02
  1.514830e+03  7.820106e-02
  1.475590e+03  7.721075e-02
  1.437370e+03  8.315075e-02
  1.400140e+03  1.026180e-01
  1.363870e+03  9.997796e-02
  1.328540e+03  1.227450e-01
  1.294120e+03  1.257145e-01
  1.260600e+03  1.356135e-01
  1.227950e+03  1.577210e-01
  1.196140e+03  1.692695e-01
  1.165160e+03  1.857680e-01
  1.134980e+03  2.002855e-01
  1.105580e+03  2.181025e-01
  1.076940e+03  2.421895e-01
  1.049040e+03  2.570385e-01
  1.021870e+03  2.996035e-01
  9.953980e+02  3.326005e-01
  9.696140e+02  3.787940e-01
  9.444970e+02  3.824245e-01
  9.200320e+02  4.672235e-01
  8.962000e+02  4.998905e-01
  8.729850e+02  5.295855e-01
  8.503720e+02  6.242845e-01
  8.283450e+02  6.760890e-01
  8.068880e+02  7.615490e-01
  7.859870e+02  8.423875e-01
  7.656270e+02  9.770240e-01
  7.457950e+02  1.073380e+00
  7.264760e+02  1.166760e+00
  7.076580e+02  1.323100e+00
  6.893270e+02  1.462360e+00
  6.714710e+02  1.615150e+00
  6.540780e+02  1.768595e+00
  6.371350e+02  2.033880e+00
  6.206310e+02  2.254265e+00
  6.045550e+02  2.497800e+00
  5.888950e+02  2.757170e+00
  5.736410e+02  3.062340e+00
  5.587810e+02  3.375170e+00
  5.443070e+02  3.696895e+00
  5.302080e+02  4.011975e+00
  5.164740e+02  4.471960e+00
  5.030950e+02  4.904190e+00
  4.900630e+02  5.486235e+00
  4.773690e+02  6.000000e+00
  4.650040e+02  6.612070e+00
  4.529580e+02  7.293110e+00
  4.412250e+02  7.932575e+00
  4.297960e+02  8.786830e+00
  4.186630e+02  9.646070e+00
  4.078180e+02  1.045865e+01
  3.972540e+02  1.140370e+01
  3.869640e+02  1.252785e+01
  3.769400e+02  1.373890e+01
  3.671770e+02  1.501480e+01
  3.576650e+02  1.637990e+01
  3.484010e+02  1.787790e+01
  3.393760e+02  1.935775e+01
  3.305850e+02  2.095500e+01
  3.220220e+02  2.267415e+01
  3.136800e+02  2.451665e+01
  3.055550e+02  2.622130e+01
  2.976400e+02  2.818425e+01
  2.899300e+02  3.062690e+01
  2.824200e+02  3.312865e+01
  2.751040e+02  3.579405e+01
  2.679780e+02  3.814635e+01
  2.610370e+02  4.096615e+01
  2.542750e+02  4.410970e+01
  2.476890e+02  4.702865e+01
  2.412730e+02  5.062050e+01
  2.350230e+02  5.439435e+01
  2.289350e+02  5.797330e+01
  2.230050e+02  6.202190e+01
  2.172280e+02  6.632410e+01
  2.116010e+02  7.006841e+01
  2.061200e+02  7.431100e+01
  2.007810e+02  7.846445e+01
  1.955800e+02  8.406735e+01
  1.905140e+02  8.936520e+01
  1.855790e+02  9.578120e+01
  1.807720e+02  1.012275e+02
  1.760890e+02  1.066980e+02
  1.715280e+02  1.128945e+02
  1.670850e+02  1.183435e+02
  1.627570e+02  1.239495e+02
  1.585410e+02  1.292905e+02
  1.544340e+02  1.345475e+02
  1.504340e+02  1.401900e+02
  1.465370e+02  1.455000e+02
  1.427410e+02  1.508520e+02
  1.390440e+02  1.562820e+02
  1.354420e+02  1.609010e+02
  1.319340e+02  1.653030e+02
  1.285160e+02  1.702300e+02
  1.251870e+02  1.750050e+02
  1.219440e+02  1.796345e+02
  1.187850e+02  1.844055e+02
  1.157090e+02  1.895530e+02
  1.127110e+02  1.942190e+02
  1.097920e+02  1.988290e+02
  1.069480e+02  2.043005e+02
  1.041770e+02  2.092725e+02
  1.014790e+02  2.148085e+02
  9.885030e+01  2.196975e+02
  9.628970e+01  2.247525e+02
  9.379550e+01  2.301205e+02
  9.136590e+01  2.352240e+02
  8.899920e+01  2.396005e+02
  8.669380e+01  2.448555e+02
  8.444820e+01  2.490850e+02
  8.226070e+01  2.537205e+02
  8.012980e+01  2.588950e+02
  7.805420e+01  2.627370e+02
  7.603240e+01  2.674605e+02
  7.406290e+01  2.717375e+02
  7.214440e+01  2.742580e+02
  7.027560e+01  2.772685e+02
  6.845520e+01  2.797835e+02
  6.668200e+01  2.806685e+02
  6.495470e+01  2.805400e+02
  6.327220e+01  2.794645e+02
  6.163320e+01  2.759725e+02
  6.003670e+01  2.726600e+02
  5.848160e+01  2.684160e+02
  5.696670e+01  2.640410e+02
  5.549110e+01  2.603780e+02
  5.405370e+01  2.547080e+02
  5.265350e+01  2.485975e+02
  5.128960e+01  2.410490e+02
  4.996100e+01  2.343580e+02
  4.866690e+01  2.244455e+02
  4.740620e+01  2.137315e+02
  4.617830e+01  2.018440e+02
  4.498210e+01  1.893620e+02
  4.381690e+01  1.817055e+02
  4.268190e+01  1.736765e+02
  4.157630e+01  1.654380e+02
  4.049930e+01  1.573680e+02
  3.945030e+01  1.508405e+02
  3.842840e+01  1.452260e+02
  3.743290e+01  1.394950e+02
  3.646330e+01  1.338955e+02
  3.551880e+01  1.289115e+02
  3.459870e+01  1.231930e+02
  3.370250e+01  1.166230e+02
  3.282950e+01  1.106420e+02
  3.197910e+01  1.047675e+02
  3.115070e+01  9.927295e+01
  3.034380e+01  9.355225e+01
  2.955780e+01  8.734755e+01
  2.879220e+01  8.168460e+01
  2.804640e+01  7.596595e+01
  2.731990e+01  7.022610e+01
  2.661220e+01  6.438165e+01
  2.592290e+01  5.904865e+01
  2.525140e+01  5.324730e+01
  2.459730e+01  4.837810e+01
  2.396010e+01  4.364240e+01
  2.333950e+01  3.857705e+01
  2.273490e+01  3.383830e+01
  2.214600e+01  2.928000e+01
  2.157230e+01  2.487175e+01
  2.101350e+01  2.126990e+01
  2.046920e+01  1.764600e+01
  1.993900e+01  1.466010e+01
  1.942250e+01  1.243975e+01
  1.891940e+01  1.051325e+01
  1.842930e+01  9.723274e+00
  1.795200e+01  9.219749e+00
  1.748690e+01  9.446440e+00
  1.703400e+01  9.774765e+00
  1.659270e+01  1.064785e+01
  1.616290e+01  1.195200e+01
  1.574430e+01  1.300905e+01
  1.533640e+01  1.425685e+01
  1.493920e+01  1.530655e+01
  1.455220e+01  1.537655e+01
  1.417520e+01  1.373080e+01
  1.380800e+01  1.082655e+01
  1.345040e+01  7.526390e+00
  1.310200e+01  4.446550e+00
  1.276260e+01  2.527500e+00
  1.243200e+01  1.309590e+00
  1.211000e+01  6.876360e-01
  1.179630e+01  3.335900e-01
  1.149070e+01  1.761975e-01
  1.119310e+01  8.941915e-02
  1.090310e+01  5.312355e-02
  1.062070e+01  3.827535e-02
  1.034560e+01  2.078745e-02
  1.007760e+01  1.055873e-02
  9.816600e+00  5.279300e-03
  9.562300e+00  5.939280e-03
  9.314600e+00  5.939270e-03
  9.073300e+00  1.418825e-02
  8.838300e+00  3.992535e-02
  8.609300e+00  1.118555e-01
  8.386300e+00  2.854145e-01
  8.169100e+00  8.216000e-01
  7.957500e+00  1.979445e+00
  7.751400e+00  3.217760e+00
  7.550600e+00  5.215360e+00
  7.355000e+00  5.451595e+00
  7.164500e+00  4.862940e+00
  6.978900e+00  4.313910e+00
  6.798100e+00  3.494950e+00
  6.622000e+00  2.734740e+00
  6.450500e+00  2.233805e+00
  6.283400e+00  1.723385e+00
  6.120600e+00  1.314545e+00
  5.962100e+00  1.077350e+00
  5.807600e+00  9.268610e-01
  5.657200e+00  8.479975e-01
  5.510700e+00  6.902765e-01
  5.367900e+00  5.945875e-01
  5.228900e+00  4.596340e-01
  5.093400e+00  3.692250e-01
  4.961500e+00  2.890445e-01
  4.833000e+00  2.365820e-01
  4.707800e+00  1.976460e-01
  4.585800e+00  1.531005e-01
  4.467100e+00  1.158160e-01
  4.351300e+00  9.008005e-02
  4.238600e+00  9.370965e-02
  4.128800e+00  8.084016e-02
  4.021900e+00  9.238960e-02
  3.917700e+00  6.368215e-02
  3.816200e+00  5.147370e-02
  3.717400e+00  4.553455e-02
  3.621100e+00  3.761535e-02
  3.527300e+00  3.563575e-02
  3.435900e+00  2.309725e-02
  3.346900e+00  1.715780e-02
  3.260200e+00  1.847780e-02
  3.175800e+00  1.253845e-02
  3.093500e+00  1.154855e-02
  3.013400e+00  5.279320e-03
  2.935300e+00  8.578900e-03
  2.859300e+00  1.088861e-02
  2.785200e+00  1.187848e-02
  2.713100e+00  1.517810e-02
  2.642800e+00  1.814770e-02
  2.574300e+00  1.451820e-02
  2.507600e+00  1.517805e-02
  2.442700e+00  1.121853e-02
  2.379400e+00  9.238770e-03
  2.317800e+00  1.649795e-02
  2.257700e+00  1.121860e-02
  2.199300e+00  1.220850e-02
  2.142300e+00  5.939280e-03
  2.086800e+00  6.599160e-03
  2.032700e+00  1.022869e-02
  1.980100e+00  1.022870e-02
  1.928800e+00  7.589020e-03
  1.878800e+00  4.289480e-03
  1.830200e+00  4.289480e-03
  1.782800e+00  8.908960e-03
  1.736600e+00  7.918980e-03
  1.691600e+00  5.609220e-03
  1.647800e+00  4.949360e-03
  1.605100e+00  4.949400e-03
  1.563500e+00  5.939201e-03
  1.523000e+00  3.629540e-03
  1.483600e+00  3.959510e-03
  1.445100e+00  6.599160e-03
  1.407700e+00  5.279320e-03
  1.371200e+00  2.309720e-03
  1.335700e+00  2.969620e-03
  1.301100e+00  2.969620e-03
  1.267400e+00  1.319840e-03
  1.234600e+00  2.639660e-03
  1.202600e+00  3.629580e-03
  1.171500e+00  4.289400e-03
  1.141100e+00  3.629520e-03
  1.111600e+00  1.319820e-03
  1.082800e+00  1.979720e-03
  1.054700e+00  2.969620e-03
  1.027400e+00  2.639720e-03
  1.000800e+00  1.979740e-03
  9.749000e-01  1.649800e-03
  9.496000e-01  2.639660e-03
  9.250000e-01  2.309720e-03
  9.010000e-01  1.649800e-03
  8.777000e-01  2.639660e-03
  8.550000e-01  2.639660e-03
  8.328000e-01  1.649780e-03
  8.113000e-01  2.639680e-03
  7.902000e-01  2.969620e-03
  7.698000e-01  1.319840e-03
  7.498000e-01  2.969580e-03
  7.304000e-01  2.969600e-03
  7.115000e-01  2.309700e-03
  6.931000e-01  2.969660e-03
  6.751000e-01  5.609320e-03
  6.576000e-01  6.929110e-03
  6.406000e-01  7.918980e-03
  6.240000e-01  3.629520e-03
  6.078000e-01  1.979740e-03
  5.921000e-01  4.619440e-03
  5.767000e-01  9.898799e-04
  5.618000e-01  4.289420e-03
  5.472000e-01  3.629520e-03
  5.331000e-01  9.898799e-04
  5.193000e-01  2.309720e-03
  5.058000e-01  4.619460e-03
  4.927000e-01  6.269270e-03
  4.799000e-01  2.969600e-03
  4.675000e-01  2.309720e-03
  4.554000e-01  2.309680e-03
  4.436000e-01  2.309700e-03
  4.321000e-01  3.959520e-03
  4.209000e-01  1.979740e-03
  4.100000e-01  2.969640e-03
  3.994000e-01  3.959500e-03
  3.891000e-01  2.309700e-03
  3.790000e-01  3.299580e-03
  3.692000e-01  1.649800e-03
  3.596000e-01  1.979720e-03
  3.503000e-01  1.649780e-03
  3.412000e-01  2.309700e-03
  3.324000e-01  9.898799e-04
  3.238000e-01  1.649780e-03
  3.154000e-01  3.299600e-04
  3.072000e-01  2.969580e-03
  2.992000e-01  3.629540e-03
  2.915000e-01  9.898600e-04
  2.839000e-01  2.639660e-03
  2.766000e-01  4.289460e-03
  2.694000e-01  2.969640e-03
  2.624000e-01  1.979760e-03
  2.556000e-01  1.319840e-03
  2.490000e-01  6.599200e-04
  2.426000e-01  1.649800e-03
  2.363000e-01  2.969600e-03
  2.302000e-01  1.649800e-03
  2.242000e-01  1.649800e-03
  2.184000e-01  3.299600e-04
  2.127000e-01  6.599200e-04
  2.072000e-01  0.000000e+00
  2.019000e-01  9.898799e-04
  1.966000e-01  9.898799e-04
  1.915000e-01  9.898799e-04
  1.866000e-01  3.299600e-04
  1.817000e-01  0.000000e+00
  1.770000e-01  6.599200e-04
  1.725000e-01  6.599200e-04
  1.680000e-01  6.599200e-04
  1.636000e-01  3.299600e-04
  1.594000e-01  6.599200e-04
  1.553000e-01  3.299600e-04
  1.512000e-01  3.299600e-04
  1.473000e-01  9.898600e-04
  1.435000e-01  0.000000e+00
  1.398000e-01  3.299600e-04
  1.362000e-01  0.000000e+00
  1.326000e-01  0.000000e+00
  1.292000e-01  0.000000e+00
  1.259000e-01  0.000000e+00
  1.226000e-01  0.000000e+00
  1.194000e-01  3.299600e-04
  1.163000e-01  0.000000e+00
  1.133000e-01  3.299600e-04
  1.104000e-01  0.000000e+00
  1.075000e-01  0.000000e+00
  1.047000e-01  0.000000e+00
  1.020000e-01  0.000000e+00
  9.940000e-02  0.000000e+00
  9.680000e-02  0.000000e+00
  9.430000e-02  0.000000e+00
  9.190000e-02  0.000000e+00
  8.950000e-02  0.000000e+00
  8.720000e-02  0.000000e+00
  8.490000e-02  0.000000e+00
  8.270000e-02  0.000000e+00
  8.060000e-02  0.000000e+00
  7.850000e-02  0.000000e+00
  7.640000e-02  0.000000e+00
  7.450000e-02  0.000000e+00
  7.250000e-02  0.000000e+00
  7.070000e-02  0.000000e+00
  6.880000e-02  0.000000e+00
  6.700000e-02  0.000000e+00
  6.530000e-02  0.000000e+00
  6.360000e-02  0.000000e+00
  6.200000e-02  0.000000e+00
  6.040000e-02  0.000000e+00
  5.880000e-02  0.000000e+00
  5.730000e-02  0.000000e+00
  5.580000e-02  0.000000e+00
  5.430000e-02  3.299600e-04
  5.290000e-02  0.000000e+00
  5.160000e-02  0.000000e+00
  5.020000e-02  0.000000e+00
  4.890000e-02  0.000000e+00
  4.770000e-02  0.000000e+00
  4.640000e-02  0.000000e+00
  4.520000e-02  0.000000e+00
  4.410000e-02  0.000000e+00
  4.290000e-02  0.000000e+00
  4.180000e-02  0.000000e+00
  4.070000e-02  0.000000e+00
  3.970000e-02  0.000000e+00
  3.860000e-02  0.000000e+00
  3.760000e-02  0.000000e+00
  3.670000e-02  0.000000e+00
  3.570000e-02  0.000000e+00
  3.480000e-02  0.000000e+00
  3.390000e-02  0.000000e+00
  3.300000e-02  0.000000e+00
  3.220000e-02  0.000000e+00
  3.130000e-02  0.000000e+00
  3.050000e-02  0.000000e+00
  2.970000e-02  0.000000e+00
  2.890000e-02  0.000000e+00
  2.820000e-02  0.000000e+00
  2.750000e-02  0.000000e+00
  2.680000e-02  0.000000e+00
  2.610000e-02  0.000000e+00
  2.540000e-02  0.000000e+00
  2.470000e-02  0.000000e+00
  2.410000e-02  0.000000e+00
  2.350000e-02  0.000000e+00
  2.290000e-02  0.000000e+00
  2.230000e-02  0.000000e+00
  2.170000e-02  0.000000e+00
  2.110000e-02  0.000000e+00
  2.060000e-02  0.000000e+00
  2.000000e-02  0.000000e+00
  1.950000e-02  0.000000e+00
  1.900000e-02  0.000000e+00
  1.850000e-02  0.000000e+00
  1.800000e-02  0.000000e+00
  1.760000e-02  0.000000e+00
  1.710000e-02  0.000000e+00
  1.670000e-02  0.000000e+00
  1.630000e-02  0.000000e+00
  1.580000e-02  0.000000e+00
  1.540000e-02  0.000000e+00
  1.500000e-02  0.000000e+00
  1.460000e-02  0.000000e+00
  1.430000e-02  0.000000e+00
  1.390000e-02  3.299600e-04
  1.350000e-02  0.000000e+00
  1.320000e-02  0.000000e+00
  1.280000e-02  0.000000e+00
  1.250000e-02  0.000000e+00
  1.220000e-02  0.000000e+00
  1.190000e-02  0.000000e+00
  1.160000e-02  0.000000e+00
  1.130000e-02  0.000000e+00
  1.100000e-02  9.898799e-04
  1.070000e-02  9.898799e-04
  1.040000e-02  1.319840e-03
  1.010000e-02  3.629500e-03
