  4.934820e+03  1.778550e-01
  4.806990e+03  0.000000e+00
  4.682470e+03  0.000000e+00
  4.561180e+03  0.000000e+00
  4.443030e+03  0.000000e+00
  4.327940e+03  1.778550e-01
  4.215830e+03  0.000000e+00
  4.106630e+03  0.000000e+00
  4.000250e+03  0.000000e+00
  3.896630e+03  0.000000e+00
  3.795700e+03  0.000000e+00
  3.697380e+03  0.000000e+00
  3.601600e+03  0.000000e+00
  3.508310e+03  0.000000e+00
  3.417430e+03  0.000000e+00
  3.328910e+03  0.000000e+00
  3.242680e+03  0.000000e+00
  3.158680e+03  0.000000e+00
  3.076860e+03  0.000000e+00
  2.997160e+03  1.778550e-01
  2.919530e+03  0.000000e+00
  2.843900e+03  1.778550e-01
  2.770230e+03  0.000000e+00
  2.698480e+03  0.000000e+00
  2.628580e+03  0.000000e+00
  2.560490e+03  0.000000e+00
  2.494160e+03  0.000000e+00
  2.429550e+03  1.778550e-01
  2.366620e+03  3.557100e-01
  2.305320e+03  0.000000e+00
  2.245600e+03  0.000000e+00
  2.187430e+03  3.557100e-01
  2.130770e+03  3.557100e-01
  2.075580e+03  0.000000e+00
  2.021810e+03  1.778550e-01
  1.969440e+03  1.778550e-01
  1.918430e+03  1.778550e-01
  1.868730e+03  1.778550e-01
  1.820330e+03  1.778550e-01
  1.773170e+03  1.778550e-01
  1.727240e+03  0.000000e+00
  1.682500e+03  3.557100e-01
  1.638920e+03  0.000000e+00
  1.596470e+03  1.778550e-01
  1.555110e+03  5.335650e-01
  1.514830e+03  3.557100e-01
  1.475590e+03  8.892750e-01
  1.437370e+03  3.557100e-01
  1.400140e+03  0.000000e+00
  1.363870e+03  7.114200e-01
  1.328540e+03  3.557100e-01
  1.294120e+03  7.114200e-01
  1.260600e+03  7.114150e-01
  1.227950e+03  7.114200e-01
  1.196140e+03  1.067130e+00
  1.165160e+03  1.067130e+00
  1.134980e+03  1.067130e+00
  1.105580e+03  5.335650e-01
  1.076940e+03  1.067125e+00
  1.049040e+03  1.244975e+00
  1.021870e+03  1.600690e+00
  9.953980e+02  1.244975e+00
  9.696140e+02  1.956395e+00
  9.444970e+02  1.244980e+00
  9.200320e+02  2.134235e+00
  8.962000e+02  1.778545e+00
  8.729850e+02  2.667800e+00
  8.503720e+02  3.023500e+00
  8.283450e+02  3.023500e+00
  8.068880e+02  2.667800e+00
  7.859870e+02  3.912750e+00
  7.656270e+02  4.090605e+00
  7.457950e+02  3.023490e+00
  7.264760e+02  6.580505e+00
  7.076580e+02  5.157720e+00
  6.893270e+02  7.114060e+00
  6.714710e+02  7.114030e+00
  6.540780e+02  7.825455e+00
  6.371350e+02  1.049318e+01
  6.206310e+02  1.084885e+01
  6.045550e+02  9.959635e+00
  5.888950e+02  1.405025e+01
  5.736410e+02  1.671795e+01
  5.587810e+02  1.867425e+01
  5.443070e+02  2.116430e+01
  5.302080e+02  2.027495e+01
  5.164740e+02  1.974135e+01
  5.030950e+02  2.756695e+01
  4.900630e+02  2.970135e+01
  4.773690e+02  3.645995e+01
  4.650040e+02  3.183545e+01
  4.529580e+02  3.877180e+01
  4.412250e+02  4.624185e+01
  4.297960e+02  4.802040e+01
  4.186630e+02  5.335600e+01
  4.078180e+02  7.131885e+01
  3.972540e+02  7.220810e+01
  3.869640e+02  7.878854e+01
  3.769400e+02  8.127850e+01
  3.671770e+02  9.639590e+01
  3.576650e+02  1.147145e+02
  3.484010e+02  1.300105e+02
  3.393760e+02  1.344555e+02
  3.305850e+02  1.684250e+02
  3.220220e+02  1.815880e+02
  3.136800e+02  1.972380e+02
  3.055550e+02  2.239145e+02
  2.976400e+02  2.475705e+02
  2.899300e+02  2.783380e+02
  2.824200e+02  3.206690e+02
  2.751040e+02  3.400535e+02
  2.679780e+02  3.848740e+02
  2.610370e+02  4.350275e+02
  2.542750e+02  4.869615e+02
  2.476890e+02  5.447620e+02
  2.412730e+02  6.345780e+02
  2.350230e+02  7.057185e+02
  2.289350e+02  7.846870e+02
  2.230050e+02  8.602725e+02
  2.172280e+02  9.748050e+02
  2.116010e+02  1.088275e+03
  2.061200e+02  1.186980e+03
  2.007810e+02  1.363595e+03
  1.955800e+02  1.487195e+03
  1.905140e+02  1.686750e+03
  1.855790e+02  1.936465e+03
  1.807720e+02  2.119815e+03
  1.760890e+02  2.369875e+03
  1.715280e+02  2.670280e+03
  1.670850e+02  2.952890e+03
  1.627570e+02  3.334375e+03
  1.585410e+02  3.681555e+03
  1.544340e+02  4.023380e+03
  1.504340e+02  4.424625e+03
  1.465370e+02  4.896285e+03
  1.427410e+02  5.369015e+03
  1.390440e+02  5.969810e+03
  1.354420e+02  6.487535e+03
  1.319340e+02  7.190220e+03
  1.285160e+02  7.804710e+03
  1.251870e+02  8.496730e+03
  1.219440e+02  9.236950e+03
  1.187850e+02  1.021425e+04
  1.157090e+02  1.103895e+04
  1.127110e+02  1.205505e+04
  1.097920e+02  1.323015e+04
  1.069480e+02  1.424920e+04
  1.041770e+02  1.554480e+04
  1.014790e+02  1.687675e+04
  9.885030e+01  1.834490e+04
  9.628970e+01  1.986820e+04
  9.379550e+01  2.158525e+04
  9.136590e+01  2.336125e+04
  8.899920e+01  2.515150e+04
  8.669380e+01  2.727130e+04
  8.444820e+01  2.932080e+04
  8.226070e+01  3.153760e+04
  8.012980e+01  3.406905e+04
  7.805420e+01  3.643900e+04
  7.603240e+01  3.917870e+04
  7.406290e+01  4.179325e+04
  7.214440e+01  4.496265e+04
  7.027560e+01  4.754400e+04
  6.845520e+01  5.061955e+04
  6.668200e+01  5.376950e+04
  6.495470e+01  5.667680e+04
  6.327220e+01  5.960395e+04
  6.163320e+01  6.216040e+04
  6.003670e+01  6.439425e+04
  5.848160e+01  6.684900e+04
  5.696670e+01  6.904710e+04
  5.549110e+01  7.126220e+04
  5.405370e+01  7.377870e+04
  5.265350e+01  7.627845e+04
  5.128960e+01  7.901400e+04
  4.996100e+01  8.186620e+04
  4.866690e+01  8.410295e+04
  4.740620e+01  8.671120e+04
  4.617830e+01  8.896700e+04
  4.498210e+01  9.048425e+04
  4.381690e+01  9.216230e+04
  4.268190e+01  9.319490e+04
  4.157630e+01  9.437316e+04
  4.049930e+01  9.479066e+04
  3.945030e+01  9.541290e+04
  3.842840e+01  9.610960e+04
  3.743290e+01  9.639275e+04
  3.646330e+01  9.680180e+04
  3.551880e+01  9.744480e+04
  3.459870e+01  9.830420e+04
  3.370250e+01  9.856525e+04
  3.282950e+01  9.919080e+04
  3.197910e+01  9.991615e+04
  3.115070e+01  1.004250e+05
  3.034380e+01  1.010335e+05
  2.955780e+01  1.019415e+05
  2.879220e+01  1.025505e+05
  2.804640e+01  1.031450e+05
  2.731990e+01  1.039835e+05
  2.661220e+01  1.048420e+05
  2.592290e+01  1.056635e+05
  2.525140e+01  1.063445e+05
  2.459730e+01  1.072975e+05
  2.396010e+01  1.082355e+05
  2.333950e+01  1.092770e+05
  2.273490e+01  1.102215e+05
  2.214600e+01  1.113715e+05
  2.157230e+01  1.127415e+05
  2.101350e+01  1.139885e+05
  2.046920e+01  1.155705e+05
  1.993900e+01  1.163665e+05
  1.942250e+01  1.177070e+05
  1.891940e+01  1.184960e+05
  1.842930e+01  1.199520e+05
  1.795200e+01  1.203045e+05
  1.748690e+01  1.207735e+05
  1.703400e+01  1.208830e+05
  1.659270e+01  1.207355e+05
  1.616290e+01  1.212880e+05
  1.574430e+01  1.207280e+05
  1.533640e+01  1.204490e+05
  1.493920e+01  1.208915e+05
  1.455220e+01  1.210405e+05
  1.417520e+01  1.222865e+05
  1.380800e+01  1.238545e+05
  1.345040e+01  1.263500e+05
  1.310200e+01  1.291470e+05
  1.276260e+01  1.325155e+05
  1.243200e+01  1.363905e+05
  1.211000e+01  1.403195e+05
  1.179630e+01  1.441890e+05
  1.149070e+01  1.486760e+05
  1.119310e+01  1.524505e+05
  1.090310e+01  1.563840e+05
  1.062070e+01  1.602290e+05
  1.034560e+01  1.640055e+05
  1.007760e+01  1.678990e+05
  9.816600e+00  1.715040e+05
  9.562300e+00  1.729330e+05
  9.314600e+00  1.721785e+05
  9.073300e+00  1.689000e+05
  8.838300e+00  1.630735e+05
  8.609300e+00  1.567225e+05
  8.386300e+00  1.501545e+05
  8.169100e+00  1.432885e+05
  7.957500e+00  1.376130e+05
  7.751400e+00  1.317600e+05
  7.550600e+00  1.293965e+05
  7.355000e+00  1.276160e+05
  7.164500e+00  1.266090e+05
  6.978900e+00  1.262005e+05
  6.798100e+00  1.264985e+05
  6.622000e+00  1.265240e+05
  6.450500e+00  1.272700e+05
  6.283400e+00  1.281005e+05
  6.120600e+00  1.282670e+05
  5.962100e+00  1.282650e+05
  5.807600e+00  1.280210e+05
  5.657200e+00  1.278035e+05
  5.510700e+00  1.277525e+05
  5.367900e+00  1.293065e+05
  5.228900e+00  1.291315e+05
  5.093400e+00  1.292050e+05
  4.961500e+00  1.292110e+05
  4.833000e+00  1.334495e+05
  4.707800e+00  1.408385e+05
  4.585800e+00  1.342640e+05
  4.467100e+00  1.326675e+05
  4.351300e+00  1.342640e+05
  4.238600e+00  1.361130e+05
  4.128800e+00  1.360705e+05
  4.021900e+00  1.584155e+05
  3.917700e+00  1.366305e+05
  3.816200e+00  1.254335e+05
  3.717400e+00  1.249365e+05
  3.621100e+00  1.233650e+05
  3.527300e+00  1.226060e+05
  3.435900e+00  1.214645e+05
  3.346900e+00  1.202550e+05
  3.260200e+00  1.194845e+05
  3.175800e+00  1.191250e+05
  3.093500e+00  1.177355e+05
  3.013400e+00  1.163630e+05
  2.935300e+00  1.161100e+05
  2.859300e+00  1.146190e+05
  2.785200e+00  1.145015e+05
  2.713100e+00  1.133940e+05
  2.642800e+00  1.115730e+05
  2.574300e+00  1.124480e+05
  2.507600e+00  1.100915e+05
  2.442700e+00  1.124085e+05
  2.379400e+00  1.119225e+05
  2.317800e+00  1.085055e+05
  2.257700e+00  1.048290e+05
  2.199300e+00  1.073760e+05
  2.142300e+00  1.015910e+05
  2.086800e+00  9.969520e+04
  2.032700e+00  1.009465e+05
  1.980100e+00  1.108615e+05
  1.928800e+00  9.060795e+04
  1.878800e+00  8.274450e+04
  1.830200e+00  1.052360e+05
  1.782800e+00  2.124710e+05
  1.736600e+00  1.278925e+05
  1.691600e+00  9.549235e+04
  1.647800e+00  8.341105e+04
  1.605100e+00  8.137695e+04
  1.563500e+00  7.863641e+04
  1.523000e+00  7.663059e+04
  1.483600e+00  7.494984e+04
  1.445100e+00  7.216475e+04
  1.407700e+00  6.944560e+04
  1.371200e+00  6.469625e+04
  1.335700e+00  6.737575e+04
  1.301100e+00  5.755470e+04
  1.267400e+00  4.691790e+04
  1.234600e+00  6.007295e+04
  1.202600e+00  6.297825e+04
  1.171500e+00  6.028970e+04
  1.141100e+00  6.682280e+04
  1.111600e+00  4.653915e+04
  1.082800e+00  3.988535e+04
  1.054700e+00  6.517160e+04
  1.027400e+00  4.935495e+04
  1.000800e+00  3.631540e+04
  9.749000e-01  5.366600e+04
  9.496000e-01  3.886200e+04
  9.250000e-01  3.880595e+04
  9.010000e-01  4.537050e+04
  8.777000e-01  4.796105e+04
  8.550000e-01  4.846820e+04
  8.328000e-01  5.175715e+04
  8.113000e-01  5.457680e+04
  7.902000e-01  5.746895e+04
  7.698000e-01  5.895655e+04
  7.498000e-01  6.247455e+04
  7.304000e-01  6.393895e+04
  7.115000e-01  6.678250e+04
  6.931000e-01  1.161710e+05
  6.751000e-01  8.512585e+05
  6.576000e-01  6.352675e+05
  6.406000e-01  1.795530e+06
  6.240000e-01  5.071560e+05
  6.078000e-01  9.493355e+04
  5.921000e-01  8.867445e+04
  5.767000e-01  8.936480e+04
  5.618000e-01  9.285009e+04
  5.472000e-01  9.196916e+04
  5.331000e-01  1.112225e+05
  5.193000e-01  1.020605e+05
  5.058000e-01  1.065195e+05
  4.927000e-01  1.829190e+05
  4.799000e-01  2.027835e+05
  4.675000e-01  1.335065e+05
  4.554000e-01  1.146535e+05
  4.436000e-01  2.145785e+05
  4.321000e-01  2.083175e+05
  4.209000e-01  1.983995e+05
  4.100000e-01  1.306945e+05
  3.994000e-01  2.499940e+05
  3.891000e-01  3.907910e+05
  3.790000e-01  3.640860e+05
  3.692000e-01  1.041165e+05
  3.596000e-01  8.135000e+04
  3.503000e-01  8.265695e+04
  3.412000e-01  7.824570e+04
  3.324000e-01  8.927100e+04
  3.238000e-01  7.240740e+04
  3.154000e-01  6.821445e+04
  3.072000e-01  1.010140e+05
  2.992000e-01  1.311880e+05
  2.915000e-01  1.642000e+05
  2.839000e-01  1.797975e+05
  2.766000e-01  1.269720e+05
  2.694000e-01  2.647175e+05
  2.624000e-01  6.428295e+05
  2.556000e-01  5.955340e+05
  2.490000e-01  2.014095e+05
  2.426000e-01  2.267065e+05
  2.363000e-01  2.414840e+05
  2.302000e-01  1.506540e+05
  2.242000e-01  1.016030e+05
  2.184000e-01  9.796684e+04
  2.127000e-01  1.048290e+05
  2.072000e-01  9.841095e+04
  2.019000e-01  1.006720e+05
  1.966000e-01  1.212680e+05
  1.915000e-01  1.990440e+05
  1.866000e-01  2.415375e+05
  1.817000e-01  1.537280e+05
  1.770000e-01  1.374665e+05
  1.725000e-01  1.426795e+05
  1.680000e-01  1.418610e+05
  1.636000e-01  1.345005e+05
  1.594000e-01  1.377095e+05
  1.553000e-01  1.536670e+05
  1.512000e-01  1.605600e+05
  1.473000e-01  1.593900e+05
  1.435000e-01  2.271255e+05
  1.398000e-01  1.703980e+05
  1.362000e-01  1.744670e+05
  1.326000e-01  1.800185e+05
  1.292000e-01  1.804595e+05
  1.259000e-01  1.895740e+05
  1.226000e-01  2.231420e+05
  1.194000e-01  2.131825e+05
  1.163000e-01  1.986590e+05
  1.133000e-01  2.028865e+05
  1.104000e-01  2.062245e+05
  1.075000e-01  2.071395e+05
  1.047000e-01  2.076100e+05
  1.020000e-01  2.106295e+05
  9.940000e-02  2.186585e+05
  9.680000e-02  2.210050e+05
  9.430000e-02  2.246615e+05
  9.190000e-02  2.239035e+05
  8.950000e-02  2.244465e+05
  8.720000e-02  2.231400e+05
  8.490000e-02  2.227090e+05
  8.270000e-02  2.224300e+05
  8.060000e-02  2.216500e+05
  7.850000e-02  2.200640e+05
  7.640000e-02  2.188790e+05
  7.450000e-02  2.168660e+05
  7.250000e-02  2.160765e+05
  7.070000e-02  2.145125e+05
  6.880000e-02  2.100430e+05
  6.700000e-02  2.056790e+05
  6.530000e-02  1.999395e+05
  6.360000e-02  1.939925e+05
  6.200000e-02  1.876685e+05
  6.040000e-02  1.811090e+05
  5.880000e-02  1.741715e+05
  5.730000e-02  1.669815e+05
  5.580000e-02  1.592815e+05
  5.430000e-02  1.508525e+05
  5.290000e-02  1.423280e+05
  5.160000e-02  1.332205e+05
  5.020000e-02  1.250095e+05
  4.890000e-02  1.165105e+05
  4.770000e-02  1.082360e+05
  4.640000e-02  1.003760e+05
  4.520000e-02  9.239325e+04
  4.410000e-02  8.479805e+04
  4.290000e-02  7.712165e+04
  4.180000e-02  7.029950e+04
  4.070000e-02  6.321645e+04
  3.970000e-02  5.679675e+04
  3.860000e-02  5.096305e+04
  3.760000e-02  4.520030e+04
  3.670000e-02  4.000885e+04
  3.570000e-02  3.530860e+04
  3.480000e-02  3.068825e+04
  3.390000e-02  2.670530e+04
  3.300000e-02  2.311930e+04
  3.220000e-02  2.000655e+04
  3.130000e-02  1.696530e+04
  3.050000e-02  1.443235e+04
  2.970000e-02  1.224055e+04
  2.890000e-02  1.029080e+04
  2.820000e-02  8.625135e+03
  2.750000e-02  7.239315e+03
  2.680000e-02  6.024225e+03
  2.610000e-02  5.021665e+03
  2.540000e-02  4.157825e+03
  2.470000e-02  3.424375e+03
  2.410000e-02  2.852220e+03
  2.350000e-02  2.382510e+03
  2.290000e-02  2.064505e+03
  2.230000e-02  1.700445e+03
  2.170000e-02  1.462845e+03
  2.110000e-02  1.274850e+03
  2.060000e-02  1.145015e+03
  2.000000e-02  1.017500e+03
  1.950000e-02  9.278580e+02
  1.900000e-02  8.504905e+02
  1.850000e-02  8.049610e+02
  1.800000e-02  7.468025e+02
  1.760000e-02  7.146115e+02
  1.710000e-02  6.852660e+02
  1.670000e-02  6.459605e+02
  1.630000e-02  6.491620e+02
  1.580000e-02  6.331555e+02
  1.540000e-02  5.826450e+02
  1.500000e-02  5.789095e+02
  1.460000e-02  5.356920e+02
  1.430000e-02  5.339135e+02
  1.390000e-02  5.029675e+02
  1.350000e-02  4.915855e+02
  1.320000e-02  4.579715e+02
  1.280000e-02  4.199105e+02
  1.250000e-02  3.902085e+02
  1.220000e-02  4.015925e+02
  1.190000e-02  3.642420e+02
  1.160000e-02  3.484140e+02
  1.130000e-02  3.343630e+02
  1.100000e-02  3.007485e+02
  1.070000e-02  2.738930e+02
  1.040000e-02  2.536185e+02
  1.010000e-02  2.015785e+03
