  4.934820e+03  0.000000e+00
  4.806990e+03  0.000000e+00
  4.682470e+03  0.000000e+00
  4.561180e+03  0.000000e+00
  4.443030e+03  0.000000e+00
  4.327940e+03  0.000000e+00
  4.215830e+03  0.000000e+00
  4.106630e+03  0.000000e+00
  4.000250e+03  0.000000e+00
  3.896630e+03  0.000000e+00
  3.795700e+03  0.000000e+00
  3.697380e+03  0.000000e+00
  3.601600e+03  0.000000e+00
  3.508310e+03  0.000000e+00
  3.417430e+03  0.000000e+00
  3.328910e+03  0.000000e+00
  3.242680e+03  0.000000e+00
  3.158680e+03  0.000000e+00
  3.076860e+03  0.000000e+00
  2.997160e+03  0.000000e+00
  2.919530e+03  0.000000e+00
  2.843900e+03  3.276200e-01
  2.770230e+03  0.000000e+00
  2.698480e+03  0.000000e+00
  2.628580e+03  0.000000e+00
  2.560490e+03  0.000000e+00
  2.494160e+03  0.000000e+00
  2.429550e+03  0.000000e+00
  2.366620e+03  0.000000e+00
  2.305320e+03  0.000000e+00
  2.245600e+03  0.000000e+00
  2.187430e+03  0.000000e+00
  2.130770e+03  0.000000e+00
  2.075580e+03  3.276200e-01
  2.021810e+03  3.276200e-01
  1.969440e+03  0.000000e+00
  1.918430e+03  0.000000e+00
  1.868730e+03  0.000000e+00
  1.820330e+03  0.000000e+00
  1.773170e+03  0.000000e+00
  1.727240e+03  3.276200e-01
  1.682500e+03  0.000000e+00
  1.638920e+03  0.000000e+00
  1.596470e+03  3.276200e-01
  1.555110e+03  6.552400e-01
  1.514830e+03  3.276200e-01
  1.475590e+03  0.000000e+00
  1.437370e+03  0.000000e+00
  1.400140e+03  3.276200e-01
  1.363870e+03  3.276200e-01
  1.328540e+03  0.000000e+00
  1.294120e+03  6.552400e-01
  1.260600e+03  3.276200e-01
  1.227950e+03  1.638100e+00
  1.196140e+03  6.552400e-01
  1.165160e+03  3.276200e-01
  1.134980e+03  1.310480e+00
  1.105580e+03  9.828600e-01
  1.076940e+03  1.310480e+00
  1.049040e+03  2.293340e+00
  1.021870e+03  1.310480e+00
  9.953980e+02  9.828600e-01
  9.696140e+02  2.948590e+00
  9.444970e+02  1.965720e+00
  9.200320e+02  3.931450e+00
  8.962000e+02  1.965740e+00
  8.729850e+02  3.603840e+00
  8.503720e+02  2.948570e+00
  8.283450e+02  6.224830e+00
  8.068880e+02  4.259070e+00
  7.859870e+02  6.552400e+00
  7.656270e+02  4.586710e+00
  7.457950e+02  7.535250e+00
  7.264760e+02  8.518160e+00
  7.076580e+02  9.828590e+00
  6.893270e+02  1.113905e+01
  6.714710e+02  1.048381e+01
  6.540780e+02  9.828650e+00
  6.371350e+02  1.670850e+01
  6.206310e+02  1.474285e+01
  6.045550e+02  1.965710e+01
  5.888950e+02  2.031225e+01
  5.736410e+02  2.424375e+01
  5.587810e+02  2.653700e+01
  5.443070e+02  3.079610e+01
  5.302080e+02  3.964180e+01
  5.164740e+02  3.538270e+01
  5.030950e+02  3.734855e+01
  4.900630e+02  4.521130e+01
  4.773690e+02  5.798840e+01
  4.650040e+02  6.421310e+01
  4.529580e+02  7.240330e+01
  4.412250e+02  8.976759e+01
  4.297960e+02  1.005779e+02
  4.186630e+02  9.435365e+01
  4.078180e+02  1.284260e+02
  3.972540e+02  1.310465e+02
  3.869640e+02  1.444790e+02
  3.769400e+02  1.687230e+02
  3.671770e+02  1.916565e+02
  3.576650e+02  2.149180e+02
  3.484010e+02  2.440755e+02
  3.393760e+02  2.673375e+02
  3.305850e+02  3.066500e+02
  3.220220e+02  3.544835e+02
  3.136800e+02  3.770885e+02
  3.055550e+02  4.268865e+02
  2.976400e+02  4.927380e+02
  2.899300e+02  5.798835e+02
  2.824200e+02  6.142855e+02
  2.751040e+02  7.060165e+02
  2.679780e+02  7.977500e+02
  2.610370e+02  9.016075e+02
  2.542750e+02  9.707350e+02
  2.476890e+02  1.136510e+03
  2.412730e+02  1.281985e+03
  2.350230e+02  1.387130e+03
  2.289350e+02  1.599105e+03
  2.230050e+02  1.771100e+03
  2.172280e+02  1.990940e+03
  2.116010e+02  2.254340e+03
  2.061200e+02  2.557710e+03
  2.007810e+02  2.847660e+03
  1.955800e+02  3.162495e+03
  1.905140e+02  3.464565e+03
  1.855790e+02  3.965160e+03
  1.807720e+02  4.403515e+03
  1.760890e+02  4.877570e+03
  1.715280e+02  5.509230e+03
  1.670850e+02  6.199175e+03
  1.627570e+02  6.853770e+03
  1.585410e+02  7.553885e+03
  1.544340e+02  8.259245e+03
  1.504340e+02  9.161185e+03
  1.465370e+02  1.010895e+04
  1.427410e+02  1.104525e+04
  1.390440e+02  1.196430e+04
  1.354420e+02  1.322755e+04
  1.319340e+02  1.441450e+04
  1.285160e+02  1.570925e+04
  1.251870e+02  1.721765e+04
  1.219440e+02  1.861135e+04
  1.187850e+02  2.027035e+04
  1.157090e+02  2.187070e+04
  1.127110e+02  2.385710e+04
  1.097920e+02  2.568520e+04
  1.069480e+02  2.766240e+04
  1.041770e+02  3.002425e+04
  1.014790e+02  3.202955e+04
  9.885030e+01  3.442870e+04
  9.628970e+01  3.691965e+04
  9.379550e+01  3.947305e+04
  9.136590e+01  4.200035e+04
  8.899920e+01  4.477895e+04
  8.669380e+01  4.752950e+04
  8.444820e+01  5.022740e+04
  8.226070e+01  5.297550e+04
  8.012980e+01  5.587925e+04
  7.805420e+01  5.832170e+04
  7.603240e+01  6.095970e+04
  7.406290e+01  6.324335e+04
  7.214440e+01  6.574085e+04
  7.027560e+01  6.808555e+04
  6.845520e+01  6.959725e+04
  6.668200e+01  7.124975e+04
  6.495470e+01  7.288825e+04
  6.327220e+01  7.422350e+04
  6.163320e+01  7.521590e+04
  6.003670e+01  7.624610e+04
  5.848160e+01  7.690175e+04
  5.696670e+01  7.762640e+04
  5.549110e+01  7.793870e+04
  5.405370e+01  7.766475e+04
  5.265350e+01  7.648970e+04
  5.128960e+01  7.575480e+04
  4.996100e+01  7.441159e+04
  4.866690e+01  7.191125e+04
  4.740620e+01  6.972566e+04
  4.617830e+01  6.711640e+04
  4.498210e+01  6.407125e+04
  4.381690e+01  6.282925e+04
  4.268190e+01  6.117520e+04
  4.157630e+01  5.943285e+04
  4.049930e+01  5.724465e+04
  3.945030e+01  5.550575e+04
  3.842840e+01  5.336110e+04
  3.743290e+01  5.152680e+04
  3.646330e+01  4.966865e+04
  3.551880e+01  4.760715e+04
  3.459870e+01  4.528950e+04
  3.370250e+01  4.257280e+04
  3.282950e+01  4.028550e+04
  3.197910e+01  3.770035e+04
  3.115070e+01  3.529230e+04
  3.034380e+01  3.269405e+04
  2.955780e+01  3.034035e+04
  2.879220e+01  2.781665e+04
  2.804640e+01  2.567215e+04
  2.731990e+01  2.331065e+04
  2.661220e+01  2.117460e+04
  2.592290e+01  1.907745e+04
  2.525140e+01  1.703055e+04
  2.459730e+01  1.538390e+04
  2.396010e+01  1.358440e+04
  2.333950e+01  1.222550e+04
  2.273490e+01  1.084745e+04
  2.214600e+01  9.558240e+03
  2.157230e+01  8.540350e+03
  2.101350e+01  7.581745e+03
  2.046920e+01  6.586435e+03
  1.993900e+01  6.018990e+03
  1.942250e+01  5.374905e+03
  1.891940e+01  4.914600e+03
  1.842930e+01  4.461180e+03
  1.795200e+01  4.071640e+03
  1.748690e+01  3.720755e+03
  1.703400e+01  3.340395e+03
  1.659270e+01  3.087475e+03
  1.616290e+01  2.795240e+03
  1.574430e+01  2.486955e+03
  1.533640e+01  2.243200e+03
  1.493920e+01  2.017790e+03
  1.455220e+01  1.791405e+03
  1.417520e+01  1.598110e+03
  1.380800e+01  1.440865e+03
  1.345040e+01  1.364860e+03
  1.310200e+01  1.305560e+03
  1.276260e+01  1.312115e+03
  1.243200e+01  1.312445e+03
  1.211000e+01  1.371075e+03
  1.179630e+01  1.330790e+03
  1.149070e+01  1.414335e+03
  1.119310e+01  1.468710e+03
  1.090310e+01  1.475265e+03
  1.062070e+01  1.526355e+03
  1.034560e+01  1.571585e+03
  1.007760e+01  1.525715e+03
  9.816600e+00  1.529315e+03
  9.562300e+00  1.427100e+03
  9.314600e+00  1.292775e+03
  9.073300e+00  1.084415e+03
  8.838300e+00  8.557385e+02
  8.609300e+00  6.565460e+02
  8.386300e+00  5.117390e+02
  8.169100e+00  3.996950e+02
  7.957500e+00  3.128765e+02
  7.751400e+00  2.745450e+02
  7.550600e+00  2.185225e+02
  7.355000e+00  2.005025e+02
  7.164500e+00  1.785510e+02
  6.978900e+00  1.677405e+02
  6.798100e+00  1.605330e+02
  6.622000e+00  1.490665e+02
  6.450500e+00  1.529975e+02
  6.283400e+00  1.369440e+02
  6.120600e+00  1.333395e+02
  5.962100e+00  1.313750e+02
  5.807600e+00  1.235120e+02
  5.657200e+00  1.202360e+02
  5.510700e+00  1.064755e+02
  5.367900e+00  1.005791e+02
  5.228900e+00  1.045100e+02
  5.093400e+00  1.028732e+02
  4.961500e+00  1.009061e+02
  4.833000e+00  8.943930e+01
  4.707800e+00  9.074985e+01
  4.585800e+00  8.387010e+01
  4.467100e+00  7.764536e+01
  4.351300e+00  8.845665e+01
  4.238600e+00  7.666255e+01
  4.128800e+00  8.943930e+01
  4.021900e+00  7.928300e+01
  3.917700e+00  7.338655e+01
  3.816200e+00  7.567980e+01
  3.717400e+00  6.978265e+01
  3.621100e+00  6.323035e+01
  3.527300e+00  7.207550e+01
  3.435900e+00  6.748904e+01
  3.346900e+00  6.323035e+01
  3.260200e+00  5.864370e+01
  3.175800e+00  4.684940e+01
  3.093500e+00  4.553890e+01
  3.013400e+00  3.439985e+01
  2.935300e+00  4.062465e+01
  2.859300e+00  4.455620e+01
  2.785200e+00  6.159230e+01
  2.713100e+00  5.929890e+01
  2.642800e+00  6.355785e+01
  2.574300e+00  6.323025e+01
  2.507600e+00  5.569515e+01
  2.442700e+00  5.766085e+01
  2.379400e+00  5.241900e+01
  2.317800e+00  5.078080e+01
  2.257700e+00  5.372950e+01
  2.199300e+00  6.224770e+01
  2.142300e+00  4.488370e+01
  2.086800e+00  4.947040e+01
  2.032700e+00  4.750460e+01
  1.980100e+00  4.881515e+01
  1.928800e+00  4.652180e+01
  1.878800e+00  3.996945e+01
  1.830200e+00  4.357330e+01
  1.782800e+00  7.993875e+01
  1.736600e+00  5.045325e+01
  1.691600e+00  3.964180e+01
  1.647800e+00  4.619425e+01
  1.605100e+00  3.407235e+01
  1.563500e+00  3.702090e+01
  1.523000e+00  3.734840e+01
  1.483600e+00  3.767610e+01
  1.445100e+00  3.276185e+01
  1.407700e+00  4.193515e+01
  1.371200e+00  3.243415e+01
  1.335700e+00  2.981320e+01
  1.301100e+00  2.358845e+01
  1.267400e+00  2.457140e+01
  1.234600e+00  2.981325e+01
  1.202600e+00  2.195035e+01
  1.171500e+00  3.046840e+01
  1.141100e+00  2.162275e+01
  1.111600e+00  2.391615e+01
  1.082800e+00  1.998470e+01
  1.054700e+00  2.752000e+01
  1.027400e+00  2.358840e+01
  1.000800e+00  2.063990e+01
  9.749000e-01  2.489885e+01
  9.496000e-01  1.932945e+01
  9.250000e-01  2.424370e+01
  9.010000e-01  2.162280e+01
  8.777000e-01  2.620940e+01
  8.550000e-01  2.129515e+01
  8.328000e-01  3.014090e+01
  8.113000e-01  3.079620e+01
  7.902000e-01  3.243420e+01
  7.698000e-01  3.833120e+01
  7.498000e-01  3.964175e+01
  7.304000e-01  4.127980e+01
  7.115000e-01  4.914275e+01
  6.931000e-01  8.190430e+01
  6.751000e-01  5.703820e+02
  6.576000e-01  4.619420e+02
  6.406000e-01  1.287535e+03
  6.240000e-01  3.459650e+02
  6.078000e-01  6.454080e+01
  5.921000e-01  6.323030e+01
  5.767000e-01  6.585135e+01
  5.618000e-01  7.109305e+01
  5.472000e-01  8.026640e+01
  5.331000e-01  8.386975e+01
  5.193000e-01  7.928375e+01
  5.058000e-01  9.599120e+01
  4.927000e-01  1.457895e+02
  4.799000e-01  1.710180e+02
  4.675000e-01  1.045098e+02
  4.554000e-01  9.763010e+01
  4.436000e-01  1.975540e+02
  4.321000e-01  2.126250e+02
  4.209000e-01  1.818285e+02
  4.100000e-01  1.244930e+02
  3.994000e-01  2.466965e+02
  3.891000e-01  3.967455e+02
  3.790000e-01  3.692260e+02
  3.692000e-01  1.169590e+02
  3.596000e-01  8.026675e+01
  3.503000e-01  9.042240e+01
  3.412000e-01  9.369860e+01
  3.324000e-01  9.697470e+01
  3.238000e-01  7.502425e+01
  3.154000e-01  6.191995e+01
  3.072000e-01  1.287550e+02
  2.992000e-01  1.588950e+02
  2.915000e-01  1.690510e+02
  2.839000e-01  1.726540e+02
  2.766000e-01  6.552361e+01
  2.694000e-01  1.742935e+02
  2.624000e-01  4.622690e+02
  2.556000e-01  4.924105e+02
  2.490000e-01  1.628260e+02
  2.426000e-01  1.818285e+02
  2.363000e-01  1.808450e+02
  2.302000e-01  1.179425e+02
  2.242000e-01  8.649095e+01
  2.184000e-01  8.452540e+01
  2.127000e-01  9.861285e+01
  2.072000e-01  8.452490e+01
  2.019000e-01  9.402730e+01
  1.966000e-01  1.084415e+02
  1.915000e-01  1.602035e+02
  1.866000e-01  1.998470e+02
  1.817000e-01  1.369425e+02
  1.770000e-01  1.068025e+02
  1.725000e-01  1.100790e+02
  1.680000e-01  1.228565e+02
  1.636000e-01  1.087695e+02
  1.594000e-01  1.258040e+02
  1.553000e-01  1.182695e+02
  1.512000e-01  1.359600e+02
  1.473000e-01  1.195800e+02
  1.435000e-01  1.857600e+02
  1.398000e-01  1.287540e+02
  1.362000e-01  1.313750e+02
  1.326000e-01  1.317020e+02
  1.292000e-01  1.507030e+02
  1.259000e-01  1.628265e+02
  1.226000e-01  1.615160e+02
  1.194000e-01  1.736370e+02
  1.163000e-01  1.713455e+02
  1.133000e-01  1.962440e+02
  1.104000e-01  1.919840e+02
  1.075000e-01  2.326085e+02
  1.047000e-01  2.188495e+02
  1.020000e-01  2.358860e+02
  9.940000e-02  2.568530e+02
  9.680000e-02  2.561970e+02
  9.430000e-02  2.607845e+02
  9.190000e-02  2.339195e+02
  8.950000e-02  2.545600e+02
  8.720000e-02  2.706135e+02
  8.490000e-02  2.548865e+02
  8.270000e-02  2.552145e+02
  8.060000e-02  2.614405e+02
  7.850000e-02  2.437465e+02
  7.640000e-02  2.237635e+02
  7.450000e-02  2.378510e+02
  7.250000e-02  2.155740e+02
  7.070000e-02  2.126240e+02
  6.880000e-02  2.050890e+02
  6.700000e-02  1.932950e+02
  6.530000e-02  1.828110e+02
  6.360000e-02  1.602050e+02
  6.200000e-02  1.543075e+02
  6.040000e-02  1.369435e+02
  5.880000e-02  1.277700e+02
  5.730000e-02  1.123720e+02
  5.580000e-02  9.599150e+01
  5.430000e-02  8.747440e+01
  5.290000e-02  8.387000e+01
  5.160000e-02  6.028190e+01
  5.020000e-02  6.224750e+01
  4.890000e-02  5.110860e+01
  4.770000e-02  4.848750e+01
  4.640000e-02  4.848750e+01
  4.520000e-02  4.390095e+01
  4.410000e-02  3.800365e+01
  4.290000e-02  3.014080e+01
  4.180000e-02  3.145130e+01
  4.070000e-02  2.915805e+01
  3.970000e-02  2.358850e+01
  3.860000e-02  2.129515e+01
  3.760000e-02  2.293330e+01
  3.670000e-02  1.769145e+01
  3.570000e-02  1.539810e+01
  3.480000e-02  1.474280e+01
  3.390000e-02  1.244950e+01
  3.300000e-02  1.048381e+01
  3.220000e-02  7.207650e+00
  3.130000e-02  5.241950e+00
  3.050000e-02  6.552360e+00
  2.970000e-02  4.259070e+00
  2.890000e-02  3.603810e+00
  2.820000e-02  3.603830e+00
  2.750000e-02  1.965730e+00
  2.680000e-02  2.293360e+00
  2.610000e-02  2.948570e+00
  2.540000e-02  1.310490e+00
  2.470000e-02  1.310480e+00
  2.410000e-02  1.965730e+00
  2.350000e-02  1.965730e+00
  2.290000e-02  0.000000e+00
  2.230000e-02  6.552400e-01
  2.170000e-02  3.276200e-01
  2.110000e-02  3.276200e-01
  2.060000e-02  6.552400e-01
  2.000000e-02  0.000000e+00
  1.950000e-02  3.276200e-01
  1.900000e-02  0.000000e+00
  1.850000e-02  3.276200e-01
  1.800000e-02  0.000000e+00
  1.760000e-02  0.000000e+00
  1.710000e-02  3.276200e-01
  1.670000e-02  0.000000e+00
  1.630000e-02  0.000000e+00
  1.580000e-02  0.000000e+00
  1.540000e-02  0.000000e+00
  1.500000e-02  0.000000e+00
  1.460000e-02  0.000000e+00
  1.430000e-02  0.000000e+00
  1.390000e-02  0.000000e+00
  1.350000e-02  3.276200e-01
  1.320000e-02  6.552400e-01
  1.280000e-02  0.000000e+00
  1.250000e-02  0.000000e+00
  1.220000e-02  3.276200e-01
  1.190000e-02  0.000000e+00
  1.160000e-02  0.000000e+00
  1.130000e-02  0.000000e+00
  1.100000e-02  9.828600e-01
  1.070000e-02  3.276200e-01
  1.040000e-02  9.828600e-01
  1.010000e-02  1.638100e+00
