  4.934820e+03  3.056250e-02
  4.806990e+03  0.000000e+00
  4.682470e+03  0.000000e+00
  4.561180e+03  0.000000e+00
  4.443030e+03  0.000000e+00
  4.327940e+03  1.528150e-02
  4.215830e+03  0.000000e+00
  4.106630e+03  0.000000e+00
  4.000250e+03  0.000000e+00
  3.896630e+03  0.000000e+00
  3.795700e+03  0.000000e+00
  3.697380e+03  1.528150e-02
  3.601600e+03  1.528150e-02
  3.508310e+03  1.528150e-02
  3.417430e+03  0.000000e+00
  3.328910e+03  0.000000e+00
  3.242680e+03  1.528150e-02
  3.158680e+03  1.528150e-02
  3.076860e+03  1.528150e-02
  2.997160e+03  4.584450e-02
  2.919530e+03  3.056300e-02
  2.843900e+03  0.000000e+00
  2.770230e+03  4.584450e-02
  2.698480e+03  4.584450e-02
  2.628580e+03  1.528150e-02
  2.560490e+03  3.056250e-02
  2.494160e+03  3.056300e-02
  2.429550e+03  4.584400e-02
  2.366620e+03  4.584450e-02
  2.305320e+03  3.056300e-02
  2.245600e+03  7.640700e-02
  2.187430e+03  7.640700e-02
  2.130770e+03  1.069700e-01
  2.075580e+03  1.528150e-02
  2.021810e+03  1.680955e-01
  1.969440e+03  7.640700e-02
  1.918430e+03  7.640750e-02
  1.868730e+03  1.069700e-01
  1.820330e+03  1.375320e-01
  1.773170e+03  2.903460e-01
  1.727240e+03  1.528145e-01
  1.682500e+03  1.680950e-01
  1.638920e+03  3.361900e-01
  1.596470e+03  3.209080e-01
  1.555110e+03  4.431585e-01
  1.514830e+03  6.570950e-01
  1.475590e+03  4.584405e-01
  1.437370e+03  2.750655e-01
  1.400140e+03  4.125955e-01
  1.363870e+03  6.112510e-01
  1.328540e+03  4.737210e-01
  1.294120e+03  5.501260e-01
  1.260600e+03  5.959735e-01
  1.227950e+03  6.571015e-01
  1.196140e+03  6.570960e-01
  1.165160e+03  8.710300e-01
  1.134980e+03  9.780080e-01
  1.105580e+03  1.084973e+00
  1.076940e+03  1.390590e+00
  1.049040e+03  1.115535e+00
  1.021870e+03  1.375320e+00
  9.953980e+02  1.635090e+00
  9.696140e+02  2.169955e+00
  9.444970e+02  2.215795e+00
  9.200320e+02  2.261640e+00
  8.962000e+02  2.674240e+00
  8.729850e+02  3.209075e+00
  8.503720e+02  3.545260e+00
  8.283450e+02  4.034260e+00
  8.068880e+02  4.385740e+00
  7.859870e+02  4.859475e+00
  7.656270e+02  6.311185e+00
  7.457950e+02  5.868030e+00
  7.264760e+02  7.136400e+00
  7.076580e+02  8.618690e+00
  6.893270e+02  9.367476e+00
  6.714710e+02  1.065110e+01
  6.540780e+02  1.208745e+01
  6.371350e+02  1.353925e+01
  6.206310e+02  1.462420e+01
  6.045550e+02  1.650385e+01
  5.888950e+02  1.946845e+01
  5.736410e+02  2.153145e+01
  5.587810e+02  2.388470e+01
  5.443070e+02  2.790365e+01
  5.302080e+02  3.112810e+01
  5.164740e+02  3.447475e+01
  5.030950e+02  4.043440e+01
  4.900630e+02  4.408665e+01
  4.773690e+02  4.996975e+01
  4.650040e+02  5.661740e+01
  4.529580e+02  6.525125e+01
  4.412250e+02  7.114995e+01
  4.297960e+02  8.041020e+01
  4.186630e+02  9.176469e+01
  4.078180e+02  1.018340e+02
  3.972540e+02  1.144560e+02
  3.869640e+02  1.278580e+02
  3.769400e+02  1.459970e+02
  3.671770e+02  1.607910e+02
  3.576650e+02  1.820315e+02
  3.484010e+02  2.060380e+02
  3.393760e+02  2.277225e+02
  3.305850e+02  2.587120e+02
  3.220220e+02  2.894900e+02
  3.136800e+02  3.189510e+02
  3.055550e+02  3.557625e+02
  2.976400e+02  3.970840e+02
  2.899300e+02  4.518845e+02
  2.824200e+02  4.998355e+02
  2.751040e+02  5.575229e+02
  2.679780e+02  6.261515e+02
  2.610370e+02  6.921055e+02
  2.542750e+02  7.743340e+02
  2.476890e+02  8.585500e+02
  2.412730e+02  9.615165e+02
  2.350230e+02  1.077650e+03
  2.289350e+02  1.195250e+03
  2.230050e+02  1.324055e+03
  2.172280e+02  1.471835e+03
  2.116010e+02  1.621850e+03
  2.061200e+02  1.790320e+03
  2.007810e+02  1.999130e+03
  1.955800e+02  2.211555e+03
  1.905140e+02  2.436110e+03
  1.855790e+02  2.698800e+03
  1.807720e+02  2.977805e+03
  1.760890e+02  3.286140e+03
  1.715280e+02  3.581815e+03
  1.670850e+02  3.926830e+03
  1.627570e+02  4.289870e+03
  1.585410e+02  4.667570e+03
  1.544340e+02  5.053490e+03
  1.504340e+02  5.462405e+03
  1.465370e+02  5.892795e+03
  1.427410e+02  6.361390e+03
  1.390440e+02  6.831445e+03
  1.354420e+02  7.348230e+03
  1.319340e+02  7.846755e+03
  1.285160e+02  8.391525e+03
  1.251870e+02  8.901915e+03
  1.219440e+02  9.459359e+03
  1.187850e+02  1.006395e+04
  1.157090e+02  1.062510e+04
  1.127110e+02  1.123365e+04
  1.097920e+02  1.181190e+04
  1.069480e+02  1.240190e+04
  1.041770e+02  1.300850e+04
  1.014790e+02  1.354505e+04
  9.885030e+01  1.411245e+04
  9.628970e+01  1.463740e+04
  9.379550e+01  1.510815e+04
  9.136590e+01  1.552425e+04
  8.899920e+01  1.596505e+04
  8.669380e+01  1.632810e+04
  8.444820e+01  1.659800e+04
  8.226070e+01  1.682425e+04
  8.012980e+01  1.697670e+04
  7.805420e+01  1.697795e+04
  7.603240e+01  1.697435e+04
  7.406290e+01  1.690460e+04
  7.214440e+01  1.666985e+04
  7.027560e+01  1.647575e+04
  6.845520e+01  1.609240e+04
  6.668200e+01  1.562980e+04
  6.495470e+01  1.512735e+04
  6.327220e+01  1.471695e+04
  6.163320e+01  1.422995e+04
  6.003670e+01  1.374240e+04
  5.848160e+01  1.324040e+04
  5.696670e+01  1.279135e+04
  5.549110e+01  1.226210e+04
  5.405370e+01  1.158520e+04
  5.265350e+01  1.082310e+04
  5.128960e+01  1.013870e+04
  4.996100e+01  9.443760e+03
  4.866690e+01  8.636510e+03
  4.740620e+01  7.876225e+03
  4.617830e+01  7.213020e+03
  4.498210e+01  6.564545e+03
  4.381690e+01  6.163835e+03
  4.268190e+01  5.741625e+03
  4.157630e+01  5.376925e+03
  4.049930e+01  4.985485e+03
  3.945030e+01  4.661710e+03
  3.842840e+01  4.366645e+03
  3.743290e+01  4.101875e+03
  3.646330e+01  3.828600e+03
  3.551880e+01  3.575030e+03
  3.459870e+01  3.319720e+03
  3.370250e+01  3.082040e+03
  3.282950e+01  2.828120e+03
  3.197910e+01  2.615935e+03
  3.115070e+01  2.421760e+03
  3.034380e+01  2.219635e+03
  2.955780e+01  2.043710e+03
  2.879220e+01  1.868540e+03
  2.804640e+01  1.696955e+03
  2.731990e+01  1.555125e+03
  2.661220e+01  1.415150e+03
  2.592290e+01  1.293290e+03
  2.525140e+01  1.170485e+03
  2.459730e+01  1.066800e+03
  2.396010e+01  9.575570e+02
  2.333950e+01  8.644490e+02
  2.273490e+01  7.802335e+02
  2.214600e+01  6.979730e+02
  2.157230e+01  6.241950e+02
  2.101350e+01  5.575690e+02
  2.046920e+01  4.892015e+02
  1.993900e+01  4.365870e+02
  1.942250e+01  3.896115e+02
  1.891940e+01  3.440285e+02
  1.842930e+01  3.119690e+02
  1.795200e+01  2.721915e+02
  1.748690e+01  2.454020e+02
  1.703400e+01  2.242380e+02
  1.659270e+01  1.975115e+02
  1.616290e+01  1.829010e+02
  1.574430e+01  1.612490e+02
  1.533640e+01  1.470070e+02
  1.493920e+01  1.326565e+02
  1.455220e+01  1.177875e+02
  1.417520e+01  9.996965e+01
  1.380800e+01  8.067010e+01
  1.345040e+01  6.344810e+01
  1.310200e+01  5.044350e+01
  1.276260e+01  4.101510e+01
  1.243200e+01  3.262585e+01
  1.211000e+01  2.562675e+01
  1.179630e+01  2.168420e+01
  1.149070e+01  1.700810e+01
  1.119310e+01  1.350865e+01
  1.090310e+01  1.135400e+01
  1.062070e+01  8.557510e+00
  1.034560e+01  7.457305e+00
  1.007760e+01  6.525125e+00
  9.816600e+00  5.226210e+00
  9.562300e+00  4.721915e+00
  9.314600e+00  3.392455e+00
  9.073300e+00  3.438295e+00
  8.838300e+00  3.346585e+00
  8.609300e+00  2.979860e+00
  8.386300e+00  3.423015e+00
  8.169100e+00  4.416295e+00
  7.957500e+00  5.165080e+00
  7.751400e+00  6.326455e+00
  7.550600e+00  7.426730e+00
  7.355000e+00  8.313021e+00
  7.164500e+00  8.313046e+00
  6.978900e+00  8.863174e+00
  6.798100e+00  9.443875e+00
  6.622000e+00  9.902360e+00
  6.450500e+00  9.550830e+00
  6.283400e+00  1.000933e+01
  6.120600e+00  9.443840e+00
  5.962100e+00  9.642480e+00
  5.807600e+00  1.039140e+01
  5.657200e+00  1.051358e+01
  5.510700e+00  1.115540e+01
  5.367900e+00  1.158310e+01
  5.228900e+00  1.169010e+01
  5.093400e+00  1.250020e+01
  4.961500e+00  1.190405e+01
  4.833000e+00  1.230160e+01
  4.707800e+00  1.236260e+01
  4.585800e+00  1.309600e+01
  4.467100e+00  1.294315e+01
  4.351300e+00  1.317245e+01
  4.238600e+00  1.295845e+01
  4.128800e+00  1.352385e+01
  4.021900e+00  1.386025e+01
  3.917700e+00  1.364615e+01
  3.816200e+00  1.433375e+01
  3.717400e+00  1.390615e+01
  3.621100e+00  1.441020e+01
  3.527300e+00  1.392125e+01
  3.435900e+00  1.390595e+01
  3.346900e+00  1.454790e+01
  3.260200e+00  1.250005e+01
  3.175800e+00  1.146095e+01
  3.093500e+00  1.010098e+01
  3.013400e+00  8.022680e+00
  2.935300e+00  8.802034e+00
  2.859300e+00  1.028435e+01
  2.785200e+00  1.143045e+01
  2.713100e+00  1.349345e+01
  2.642800e+00  1.381435e+01
  2.574300e+00  1.363095e+01
  2.507600e+00  1.331005e+01
  2.442700e+00  1.280575e+01
  2.379400e+00  1.275985e+01
  2.317800e+00  1.176660e+01
  2.257700e+00  1.248485e+01
  2.199300e+00  1.224030e+01
  2.142300e+00  1.181250e+01
  2.086800e+00  1.115545e+01
  2.032700e+00  1.107900e+01
  1.980100e+00  1.069695e+01
  1.928800e+00  1.106385e+01
  1.878800e+00  1.055935e+01
  1.830200e+00  9.978661e+00
  1.782800e+00  9.428551e+00
  1.736600e+00  8.374149e+00
  1.691600e+00  8.206105e+00
  1.647800e+00  7.992190e+00
  1.605100e+00  7.610070e+00
  1.563500e+00  7.411420e+00
  1.523000e+00  7.579520e+00
  1.483600e+00  6.525120e+00
  1.445100e+00  7.258655e+00
  1.407700e+00  5.654085e+00
  1.371200e+00  5.791615e+00
  1.335700e+00  6.036120e+00
  1.301100e+00  5.317895e+00
  1.267400e+00  5.470705e+00
  1.234600e+00  5.027550e+00
  1.202600e+00  5.226205e+00
  1.171500e+00  4.767765e+00
  1.141100e+00  4.691365e+00
  1.111600e+00  4.416295e+00
  1.082800e+00  4.951150e+00
  1.054700e+00  4.645515e+00
  1.027400e+00  4.217630e+00
  1.000800e+00  4.248210e+00
  9.749000e-01  4.584395e+00
  9.496000e-01  4.125945e+00
  9.250000e-01  4.538545e+00
  9.010000e-01  4.217640e+00
  8.777000e-01  4.477420e+00
  8.550000e-01  3.988420e+00
  8.328000e-01  4.003695e+00
  8.113000e-01  4.355180e+00
  7.902000e-01  4.721920e+00
  7.698000e-01  3.957850e+00
  7.498000e-01  4.309320e+00
  7.304000e-01  4.339890e+00
  7.115000e-01  4.125940e+00
  6.931000e-01  4.416300e+00
  6.751000e-01  3.713360e+00
  6.576000e-01  3.927295e+00
  6.406000e-01  4.263475e+00
  6.240000e-01  3.927285e+00
  6.078000e-01  5.088675e+00
  5.921000e-01  4.492715e+00
  5.767000e-01  3.575825e+00
  5.618000e-01  4.614960e+00
  5.472000e-01  4.263480e+00
  5.331000e-01  4.355160e+00
  5.193000e-01  4.385735e+00
  5.058000e-01  4.080110e+00
  4.927000e-01  3.774480e+00
  4.799000e-01  3.743920e+00
  4.675000e-01  4.141235e+00
  4.554000e-01  4.080105e+00
  4.436000e-01  3.896730e+00
  4.321000e-01  3.866175e+00
  4.209000e-01  3.499410e+00
  4.100000e-01  4.171800e+00
  3.994000e-01  4.859455e+00
  3.891000e-01  5.883315e+00
  3.790000e-01  5.317895e+00
  3.692000e-01  4.966415e+00
  3.596000e-01  4.676085e+00
  3.503000e-01  3.850895e+00
  3.412000e-01  3.789750e+00
  3.324000e-01  3.514705e+00
  3.238000e-01  2.949295e+00
  3.154000e-01  3.407730e+00
  3.072000e-01  3.224365e+00
  2.992000e-01  4.905290e+00
  2.915000e-01  5.012270e+00
  2.839000e-01  4.752490e+00
  2.766000e-01  4.034265e+00
  2.694000e-01  3.453580e+00
  2.624000e-01  3.652230e+00
  2.556000e-01  2.704795e+00
  2.490000e-01  2.857610e+00
  2.426000e-01  2.124100e+00
  2.363000e-01  2.292195e+00
  2.302000e-01  1.680935e+00
  2.242000e-01  1.742065e+00
  2.184000e-01  1.130820e+00
  2.127000e-01  1.253065e+00
  2.072000e-01  1.130820e+00
  2.019000e-01  7.182220e-01
  1.966000e-01  8.863175e-01
  1.915000e-01  6.876570e-01
  1.866000e-01  7.029380e-01
  1.817000e-01  4.890055e-01
  1.770000e-01  4.584400e-01
  1.725000e-01  2.903460e-01
  1.680000e-01  5.348445e-01
  1.636000e-01  3.209085e-01
  1.594000e-01  2.445020e-01
  1.553000e-01  2.139400e-01
  1.512000e-01  2.445030e-01
  1.473000e-01  2.597825e-01
  1.435000e-01  1.069705e-01
  1.398000e-01  1.375325e-01
  1.362000e-01  6.112600e-02
  1.326000e-01  4.584450e-02
  1.292000e-01  9.168800e-02
  1.259000e-01  4.584450e-02
  1.226000e-01  4.584400e-02
  1.194000e-01  3.056300e-02
  1.163000e-01  3.056300e-02
  1.133000e-01  6.112600e-02
  1.104000e-01  3.056300e-02
  1.075000e-01  1.528150e-02
  1.047000e-01  1.528150e-02
  1.020000e-01  1.528150e-02
  9.940000e-02  3.056300e-02
  9.680000e-02  1.528150e-02
  9.430000e-02  3.056300e-02
  9.190000e-02  1.528150e-02
  8.950000e-02  1.528150e-02
  8.720000e-02  0.000000e+00
  8.490000e-02  1.528150e-02
  8.270000e-02  0.000000e+00
  8.060000e-02  3.056300e-02
  7.850000e-02  1.528150e-02
  7.640000e-02  1.528150e-02
  7.450000e-02  3.056300e-02
  7.250000e-02  0.000000e+00
  7.070000e-02  0.000000e+00
  6.880000e-02  1.528150e-02
  6.700000e-02  0.000000e+00
  6.530000e-02  1.528150e-02
  6.360000e-02  1.528150e-02
  6.200000e-02  1.528150e-02
  6.040000e-02  0.000000e+00
  5.880000e-02  1.528150e-02
  5.730000e-02  0.000000e+00
  5.580000e-02  0.000000e+00
  5.430000e-02  1.528150e-02
  5.290000e-02  4.584400e-02
  5.160000e-02  0.000000e+00
  5.020000e-02  0.000000e+00
  4.890000e-02  1.528150e-02
  4.770000e-02  3.056300e-02
  4.640000e-02  1.528150e-02
  4.520000e-02  0.000000e+00
  4.410000e-02  0.000000e+00
  4.290000e-02  3.056300e-02
  4.180000e-02  1.528150e-02
  4.070000e-02  1.528150e-02
  3.970000e-02  4.584450e-02
  3.860000e-02  0.000000e+00
  3.760000e-02  1.528150e-02
  3.670000e-02  1.528150e-02
  3.570000e-02  1.528150e-02
  3.480000e-02  0.000000e+00
  3.390000e-02  0.000000e+00
  3.300000e-02  4.584450e-02
  3.220000e-02  0.000000e+00
  3.130000e-02  0.000000e+00
  3.050000e-02  0.000000e+00
  2.970000e-02  0.000000e+00
  2.890000e-02  0.000000e+00
  2.820000e-02  1.528150e-02
  2.750000e-02  0.000000e+00
  2.680000e-02  0.000000e+00
  2.610000e-02  0.000000e+00
  2.540000e-02  0.000000e+00
  2.470000e-02  1.528150e-02
  2.410000e-02  0.000000e+00
  2.350000e-02  0.000000e+00
  2.290000e-02  0.000000e+00
  2.230000e-02  0.000000e+00
  2.170000e-02  1.528150e-02
  2.110000e-02  1.528150e-02
  2.060000e-02  0.000000e+00
  2.000000e-02  0.000000e+00
  1.950000e-02  0.000000e+00
  1.900000e-02  0.000000e+00
  1.850000e-02  0.000000e+00
  1.800000e-02  0.000000e+00
  1.760000e-02  0.000000e+00
  1.710000e-02  0.000000e+00
  1.670000e-02  0.000000e+00
  1.630000e-02  0.000000e+00
  1.580000e-02  0.000000e+00
  1.540000e-02  0.000000e+00
  1.500000e-02  0.000000e+00
  1.460000e-02  0.000000e+00
  1.430000e-02  0.000000e+00
  1.390000e-02  0.000000e+00
  1.350000e-02  0.000000e+00
  1.320000e-02  0.000000e+00
  1.280000e-02  0.000000e+00
  1.250000e-02  0.000000e+00
  1.220000e-02  0.000000e+00
  1.190000e-02  0.000000e+00
  1.160000e-02  0.000000e+00
  1.130000e-02  0.000000e+00
  1.100000e-02  0.000000e+00
  1.070000e-02  3.056300e-02
  1.040000e-02  4.584450e-02
  1.010000e-02  1.528150e-02
