  4.934820e+03  0.000000e+00
  4.806990e+03  0.000000e+00
  4.682470e+03  0.000000e+00
  4.561180e+03  0.000000e+00
  4.443030e+03  8.826500e-02
  4.327940e+03  0.000000e+00
  4.215830e+03  0.000000e+00
  4.106630e+03  0.000000e+00
  4.000250e+03  0.000000e+00
  3.896630e+03  0.000000e+00
  3.795700e+03  0.000000e+00
  3.697380e+03  8.826500e-02
  3.601600e+03  0.000000e+00
  3.508310e+03  0.000000e+00
  3.417430e+03  0.000000e+00
  3.328910e+03  0.000000e+00
  3.242680e+03  0.000000e+00
  3.158680e+03  0.000000e+00
  3.076860e+03  8.826500e-02
  2.997160e+03  0.000000e+00
  2.919530e+03  0.000000e+00
  2.843900e+03  8.826500e-02
  2.770230e+03  1.765300e-01
  2.698480e+03  0.000000e+00
  2.628580e+03  8.826500e-02
  2.560490e+03  8.826500e-02
  2.494160e+03  1.765300e-01
  2.429550e+03  8.826500e-02
  2.366620e+03  8.826500e-02
  2.305320e+03  0.000000e+00
  2.245600e+03  1.765300e-01
  2.187430e+03  0.000000e+00
  2.130770e+03  8.826500e-02
  2.075580e+03  0.000000e+00
  2.021810e+03  0.000000e+00
  1.969440e+03  8.826500e-02
  1.918430e+03  2.647950e-01
  1.868730e+03  1.765300e-01
  1.820330e+03  8.826500e-02
  1.773170e+03  2.647950e-01
  1.727240e+03  8.826500e-02
  1.682500e+03  0.000000e+00
  1.638920e+03  3.530600e-01
  1.596470e+03  3.530650e-01
  1.555110e+03  1.412265e+00
  1.514830e+03  1.853595e+00
  1.475590e+03  7.943950e-01
  1.437370e+03  2.647950e-01
  1.400140e+03  9.709250e-01
  1.363870e+03  3.530650e-01
  1.328540e+03  8.826650e-01
  1.294120e+03  9.709300e-01
  1.260600e+03  7.943900e-01
  1.227950e+03  6.178600e-01
  1.196140e+03  1.500520e+00
  1.165160e+03  1.323995e+00
  1.134980e+03  9.709200e-01
  1.105580e+03  1.412265e+00
  1.076940e+03  2.206660e+00
  1.049040e+03  1.323995e+00
  1.021870e+03  2.030135e+00
  9.953980e+02  2.559740e+00
  9.696140e+02  3.001075e+00
  9.444970e+02  2.118405e+00
  9.200320e+02  1.941850e+00
  8.962000e+02  4.678150e+00
  8.729850e+02  4.060285e+00
  8.503720e+02  4.854695e+00
  8.283450e+02  5.825615e+00
  8.068880e+02  6.796545e+00
  7.859870e+02  7.590935e+00
  7.656270e+02  9.356290e+00
  7.457950e+02  9.091505e+00
  7.264760e+02  1.173950e+01
  7.076580e+02  1.120996e+01
  6.893270e+02  1.376965e+01
  6.714710e+02  1.500540e+01
  6.540780e+02  1.659420e+01
  6.371350e+02  1.791825e+01
  6.206310e+02  2.003665e+01
  6.045550e+02  2.506795e+01
  5.888950e+02  2.665680e+01
  5.736410e+02  3.009910e+01
  5.587810e+02  3.521880e+01
  5.443070e+02  4.007335e+01
  5.302080e+02  4.378050e+01
  5.164740e+02  4.942970e+01
  5.030950e+02  5.587345e+01
  4.900630e+02  6.055145e+01
  4.773690e+02  7.193795e+01
  4.650040e+02  8.597240e+01
  4.529580e+02  8.720830e+01
  4.412250e+02  1.078630e+02
  4.297960e+02  1.187205e+02
  4.186630e+02  1.303715e+02
  4.078180e+02  1.514680e+02
  3.972540e+02  1.692095e+02
  3.869640e+02  1.835080e+02
  3.769400e+02  2.155480e+02
  3.671770e+02  2.383225e+02
  3.576650e+02  2.712470e+02
  3.484010e+02  3.098190e+02
  3.393760e+02  3.473320e+02
  3.305850e+02  3.876700e+02
  3.220220e+02  4.338345e+02
  3.136800e+02  4.803505e+02
  3.055550e+02  5.533495e+02
  2.976400e+02  6.121340e+02
  2.899300e+02  6.842500e+02
  2.824200e+02  7.800190e+02
  2.751040e+02  8.832910e+02
  2.679780e+02  9.828560e+02
  2.610370e+02  1.110930e+03
  2.542750e+02  1.224900e+03
  2.476890e+02  1.382435e+03
  2.412730e+02  1.576730e+03
  2.350230e+02  1.732425e+03
  2.289350e+02  1.956535e+03
  2.230050e+02  2.179140e+03
  2.172280e+02  2.445545e+03
  2.116010e+02  2.733995e+03
  2.061200e+02  3.065450e+03
  2.007810e+02  3.432450e+03
  1.955800e+02  3.823310e+03
  1.905140e+02  4.261810e+03
  1.855790e+02  4.759200e+03
  1.807720e+02  5.252620e+03
  1.760890e+02  5.911275e+03
  1.715280e+02  6.506455e+03
  1.670850e+02  7.211980e+03
  1.627570e+02  7.952010e+03
  1.585410e+02  8.719154e+03
  1.544340e+02  9.539685e+03
  1.504340e+02  1.052745e+04
  1.465370e+02  1.147570e+04
  1.427410e+02  1.257560e+04
  1.390440e+02  1.367870e+04
  1.354420e+02  1.497975e+04
  1.319340e+02  1.614220e+04
  1.285160e+02  1.752845e+04
  1.251870e+02  1.903725e+04
  1.219440e+02  2.057650e+04
  1.187850e+02  2.214565e+04
  1.157090e+02  2.380385e+04
  1.127110e+02  2.562855e+04
  1.097920e+02  2.756020e+04
  1.069480e+02  2.940385e+04
  1.041770e+02  3.150915e+04
  1.014790e+02  3.356915e+04
  9.885030e+01  3.572625e+04
  9.628970e+01  3.797610e+04
  9.379550e+01  4.009935e+04
  9.136590e+01  4.227760e+04
  8.899920e+01  4.456975e+04
  8.669380e+01  4.680660e+04
  8.444820e+01  4.897785e+04
  8.226070e+01  5.092740e+04
  8.012980e+01  5.293765e+04
  7.805420e+01  5.486655e+04
  7.603240e+01  5.653860e+04
  7.406290e+01  5.803205e+04
  7.214440e+01  5.943915e+04
  7.027560e+01  6.056320e+04
  6.845520e+01  6.130140e+04
  6.668200e+01  6.164235e+04
  6.495470e+01  6.201575e+04
  6.327220e+01  6.244245e+04
  6.163320e+01  6.252955e+04
  6.003670e+01  6.246630e+04
  5.848160e+01  6.267790e+04
  5.696670e+01  6.234420e+04
  5.549110e+01  6.215290e+04
  5.405370e+01  6.095440e+04
  5.265350e+01  5.912110e+04
  5.128960e+01  5.758205e+04
  4.996100e+01  5.561125e+04
  4.866690e+01  5.297475e+04
  4.740620e+01  5.050450e+04
  4.617830e+01  4.774645e+04
  4.498210e+01  4.514070e+04
  4.381690e+01  4.349550e+04
  4.268190e+01  4.174940e+04
  4.157630e+01  3.995360e+04
  4.049930e+01  3.789305e+04
  3.945030e+01  3.610265e+04
  3.842840e+01  3.448405e+04
  3.743290e+01  3.293110e+04
  3.646330e+01  3.111490e+04
  3.551880e+01  2.947960e+04
  3.459870e+01  2.756580e+04
  3.370250e+01  2.542775e+04
  3.282950e+01  2.370070e+04
  3.197910e+01  2.171250e+04
  3.115070e+01  1.993715e+04
  3.034380e+01  1.817390e+04
  2.955780e+01  1.635200e+04
  2.879220e+01  1.471375e+04
  2.804640e+01  1.316615e+04
  2.731990e+01  1.173020e+04
  2.661220e+01  1.021520e+04
  2.592290e+01  8.977936e+03
  2.525140e+01  7.808225e+03
  2.459730e+01  6.745590e+03
  2.396010e+01  5.744960e+03
  2.333950e+01  4.927970e+03
  2.273490e+01  4.153245e+03
  2.214600e+01  3.481970e+03
  2.157230e+01  2.879195e+03
  2.101350e+01  2.408105e+03
  2.046920e+01  1.974975e+03
  1.993900e+01  1.610090e+03
  1.942250e+01  1.337250e+03
  1.891940e+01  1.105205e+03
  1.842930e+01  9.267205e+02
  1.795200e+01  7.631600e+02
  1.748690e+01  6.427645e+02
  1.703400e+01  5.422271e+02
  1.659270e+01  4.690540e+02
  1.616290e+01  4.050605e+02
  1.574430e+01  3.460090e+02
  1.533640e+01  2.945475e+02
  1.493920e+01  2.557100e+02
  1.455220e+01  2.138725e+02
  1.417520e+01  1.626775e+02
  1.380800e+01  1.277235e+02
  1.345040e+01  9.391620e+01
  1.310200e+01  6.611230e+01
  1.276260e+01  4.863530e+01
  1.243200e+01  3.698410e+01
  1.211000e+01  3.195285e+01
  1.179630e+01  2.286120e+01
  1.149070e+01  2.118410e+01
  1.119310e+01  1.721215e+01
  1.090310e+01  1.156295e+01
  1.062070e+01  8.826680e+00
  1.034560e+01  9.268009e+00
  1.007760e+01  7.855750e+00
  9.816600e+00  6.266930e+00
  9.562300e+00  6.090410e+00
  9.314600e+00  5.119455e+00
  9.073300e+00  3.618945e+00
  8.838300e+00  4.678150e+00
  8.609300e+00  5.207755e+00
  8.386300e+00  5.207750e+00
  8.169100e+00  8.650085e+00
  7.957500e+00  1.165120e+01
  7.751400e+00  1.253390e+01
  7.550600e+00  2.012490e+01
  7.355000e+00  1.986020e+01
  7.164500e+00  1.880090e+01
  6.978900e+00  1.844775e+01
  6.798100e+00  2.144895e+01
  6.622000e+00  1.986015e+01
  6.450500e+00  1.915400e+01
  6.283400e+00  1.924230e+01
  6.120600e+00  2.056625e+01
  5.962100e+00  1.756510e+01
  5.807600e+00  1.782995e+01
  5.657200e+00  1.959540e+01
  5.510700e+00  2.083120e+01
  5.367900e+00  2.118415e+01
  5.228900e+00  2.127255e+01
  5.093400e+00  1.906575e+01
  4.961500e+00  1.924220e+01
  4.833000e+00  1.906575e+01
  4.707800e+00  1.783000e+01
  4.585800e+00  1.959535e+01
  4.467100e+00  1.897750e+01
  4.351300e+00  1.968370e+01
  4.238600e+00  2.047795e+01
  4.128800e+00  1.774165e+01
  4.021900e+00  1.888915e+01
  3.917700e+00  1.747690e+01
  3.816200e+00  1.782985e+01
  3.717400e+00  1.765345e+01
  3.621100e+00  1.659425e+01
  3.527300e+00  1.685910e+01
  3.435900e+00  1.632945e+01
  3.346900e+00  1.429915e+01
  3.260200e+00  1.324010e+01
  3.175800e+00  1.438750e+01
  3.093500e+00  8.297105e+00
  3.013400e+00  8.120605e+00
  2.935300e+00  9.532735e+00
  2.859300e+00  9.356255e+00
  2.785200e+00  1.050370e+01
  2.713100e+00  1.385785e+01
  2.642800e+00  1.429920e+01
  2.574300e+00  1.120980e+01
  2.507600e+00  1.085670e+01
  2.442700e+00  1.191605e+01
  2.379400e+00  1.129815e+01
  2.317800e+00  1.235735e+01
  2.257700e+00  1.015070e+01
  2.199300e+00  9.268050e+00
  2.142300e+00  8.738415e+00
  2.086800e+00  9.974120e+00
  2.032700e+00  8.561880e+00
  1.980100e+00  8.473615e+00
  1.928800e+00  7.326170e+00
  1.878800e+00  7.149590e+00
  1.830200e+00  7.326135e+00
  1.782800e+00  7.944005e+00
  1.736600e+00  5.119485e+00
  1.691600e+00  5.913890e+00
  1.647800e+00  5.649100e+00
  1.605100e+00  6.708275e+00
  1.563500e+00  4.413350e+00
  1.523000e+00  5.207725e+00
  1.483600e+00  4.501620e+00
  1.445100e+00  3.177605e+00
  1.407700e+00  3.530675e+00
  1.371200e+00  2.912795e+00
  1.335700e+00  2.824540e+00
  1.301100e+00  2.648000e+00
  1.267400e+00  2.383200e+00
  1.234600e+00  2.206660e+00
  1.202600e+00  1.941865e+00
  1.171500e+00  1.588800e+00
  1.141100e+00  1.412260e+00
  1.111600e+00  1.412250e+00
  1.082800e+00  1.765325e+00
  1.054700e+00  1.323995e+00
  1.027400e+00  1.235725e+00
  1.000800e+00  7.943900e-01
  9.749000e-01  1.059180e+00
  9.496000e-01  7.061250e-01
  9.250000e-01  1.677065e+00
  9.010000e-01  8.826500e-01
  8.777000e-01  1.059190e+00
  8.550000e-01  7.943950e-01
  8.328000e-01  8.826600e-01
  8.113000e-01  1.765335e+00
  7.902000e-01  1.765330e+00
  7.698000e-01  7.943900e-01
  7.498000e-01  9.709300e-01
  7.304000e-01  1.500530e+00
  7.115000e-01  1.323985e+00
  6.931000e-01  1.677060e+00
  6.751000e-01  2.118395e+00
  6.576000e-01  4.854690e+00
  6.406000e-01  5.649050e+00
  6.240000e-01  1.677055e+00
  6.078000e-01  9.709250e-01
  5.921000e-01  8.826600e-01
  5.767000e-01  1.235730e+00
  5.618000e-01  1.059190e+00
  5.472000e-01  2.030130e+00
  5.331000e-01  2.294940e+00
  5.193000e-01  1.941860e+00
  5.058000e-01  1.941860e+00
  4.927000e-01  1.059195e+00
  4.799000e-01  2.118390e+00
  4.675000e-01  1.323995e+00
  4.554000e-01  1.588790e+00
  4.436000e-01  1.677065e+00
  4.321000e-01  1.588790e+00
  4.209000e-01  2.030135e+00
  4.100000e-01  2.206660e+00
  3.994000e-01  3.618945e+00
  3.891000e-01  1.500525e+00
  3.790000e-01  2.383200e+00
  3.692000e-01  1.941855e+00
  3.596000e-01  1.853600e+00
  3.503000e-01  1.941855e+00
  3.412000e-01  1.941870e+00
  3.324000e-01  2.030135e+00
  3.238000e-01  2.206660e+00
  3.154000e-01  3.089330e+00
  3.072000e-01  2.559740e+00
  2.992000e-01  2.824545e+00
  2.915000e-01  3.177605e+00
  2.839000e-01  4.589895e+00
  2.766000e-01  2.912790e+00
  2.694000e-01  4.236815e+00
  2.624000e-01  3.001070e+00
  2.556000e-01  2.383210e+00
  2.490000e-01  2.648000e+00
  2.426000e-01  2.471470e+00
  2.363000e-01  1.941860e+00
  2.302000e-01  1.588795e+00
  2.242000e-01  1.412250e+00
  2.184000e-01  1.412265e+00
  2.127000e-01  1.765325e+00
  2.072000e-01  1.235720e+00
  2.019000e-01  1.235725e+00
  1.966000e-01  6.178550e-01
  1.915000e-01  6.178550e-01
  1.866000e-01  9.709250e-01
  1.817000e-01  3.530600e-01
  1.770000e-01  6.178600e-01
  1.725000e-01  1.059190e+00
  1.680000e-01  3.530600e-01
  1.636000e-01  3.530600e-01
  1.594000e-01  4.413250e-01
  1.553000e-01  4.413300e-01
  1.512000e-01  2.647950e-01
  1.473000e-01  1.412260e+00
  1.435000e-01  8.826500e-02
  1.398000e-01  2.647950e-01
  1.362000e-01  2.648000e-01
  1.326000e-01  1.765300e-01
  1.292000e-01  1.765300e-01
  1.259000e-01  1.765300e-01
  1.226000e-01  2.647950e-01
  1.194000e-01  1.765300e-01
  1.163000e-01  2.647950e-01
  1.133000e-01  1.765350e-01
  1.104000e-01  1.765350e-01
  1.075000e-01  8.826500e-02
  1.047000e-01  8.826500e-02
  1.020000e-01  8.826500e-02
  9.940000e-02  0.000000e+00
  9.680000e-02  8.826500e-02
  9.430000e-02  0.000000e+00
  9.190000e-02  0.000000e+00
  8.950000e-02  0.000000e+00
  8.720000e-02  8.826500e-02
  8.490000e-02  0.000000e+00
  8.270000e-02  0.000000e+00
  8.060000e-02  0.000000e+00
  7.850000e-02  0.000000e+00
  7.640000e-02  8.826500e-02
  7.450000e-02  8.826500e-02
  7.250000e-02  0.000000e+00
  7.070000e-02  0.000000e+00
  6.880000e-02  0.000000e+00
  6.700000e-02  0.000000e+00
  6.530000e-02  0.000000e+00
  6.360000e-02  0.000000e+00
  6.200000e-02  0.000000e+00
  6.040000e-02  0.000000e+00
  5.880000e-02  0.000000e+00
  5.730000e-02  0.000000e+00
  5.580000e-02  0.000000e+00
  5.430000e-02  0.000000e+00
  5.290000e-02  0.000000e+00
  5.160000e-02  0.000000e+00
  5.020000e-02  0.000000e+00
  4.890000e-02  0.000000e+00
  4.770000e-02  0.000000e+00
  4.640000e-02  8.826500e-02
  4.520000e-02  0.000000e+00
  4.410000e-02  0.000000e+00
  4.290000e-02  0.000000e+00
  4.180000e-02  0.000000e+00
  4.070000e-02  0.000000e+00
  3.970000e-02  0.000000e+00
  3.860000e-02  0.000000e+00
  3.760000e-02  0.000000e+00
  3.670000e-02  0.000000e+00
  3.570000e-02  0.000000e+00
  3.480000e-02  0.000000e+00
  3.390000e-02  0.000000e+00
  3.300000e-02  0.000000e+00
  3.220000e-02  0.000000e+00
  3.130000e-02  0.000000e+00
  3.050000e-02  0.000000e+00
  2.970000e-02  0.000000e+00
  2.890000e-02  0.000000e+00
  2.820000e-02  0.000000e+00
  2.750000e-02  0.000000e+00
  2.680000e-02  0.000000e+00
  2.610000e-02  0.000000e+00
  2.540000e-02  0.000000e+00
  2.470000e-02  0.000000e+00
  2.410000e-02  0.000000e+00
  2.350000e-02  0.000000e+00
  2.290000e-02  0.000000e+00
  2.230000e-02  0.000000e+00
  2.170000e-02  0.000000e+00
  2.110000e-02  0.000000e+00
  2.060000e-02  0.000000e+00
  2.000000e-02  0.000000e+00
  1.950000e-02  0.000000e+00
  1.900000e-02  0.000000e+00
  1.850000e-02  0.000000e+00
  1.800000e-02  0.000000e+00
  1.760000e-02  0.000000e+00
  1.710000e-02  0.000000e+00
  1.670000e-02  0.000000e+00
  1.630000e-02  0.000000e+00
  1.580000e-02  0.000000e+00
  1.540000e-02  0.000000e+00
  1.500000e-02  0.000000e+00
  1.460000e-02  0.000000e+00
  1.430000e-02  0.000000e+00
  1.390000e-02  0.000000e+00
  1.350000e-02  0.000000e+00
  1.320000e-02  0.000000e+00
  1.280000e-02  0.000000e+00
  1.250000e-02  0.000000e+00
  1.220000e-02  0.000000e+00
  1.190000e-02  0.000000e+00
  1.160000e-02  0.000000e+00
  1.130000e-02  0.000000e+00
  1.100000e-02  3.795475e+00
  1.070000e-02  5.119485e+00
  1.040000e-02  5.031220e+00
  1.010000e-02  1.968350e+01
