  4.934820e+03  0.000000e+00
  4.806990e+03  0.000000e+00
  4.682470e+03  0.000000e+00
  4.561180e+03  0.000000e+00
  4.443030e+03  0.000000e+00
  4.327940e+03  0.000000e+00
  4.215830e+03  0.000000e+00
  4.106630e+03  0.000000e+00
  4.000250e+03  0.000000e+00
  3.896630e+03  0.000000e+00
  3.795700e+03  0.000000e+00
  3.697380e+03  0.000000e+00
  3.601600e+03  0.000000e+00
  3.508310e+03  6.541500e-01
  3.417430e+03  0.000000e+00
  3.328910e+03  0.000000e+00
  3.242680e+03  0.000000e+00
  3.158680e+03  0.000000e+00
  3.076860e+03  0.000000e+00
  2.997160e+03  0.000000e+00
  2.919530e+03  0.000000e+00
  2.843900e+03  0.000000e+00
  2.770230e+03  0.000000e+00
  2.698480e+03  0.000000e+00
  2.628580e+03  0.000000e+00
  2.560490e+03  0.000000e+00
  2.494160e+03  0.000000e+00
  2.429550e+03  0.000000e+00
  2.366620e+03  0.000000e+00
  2.305320e+03  0.000000e+00
  2.245600e+03  0.000000e+00
  2.187430e+03  0.000000e+00
  2.130770e+03  0.000000e+00
  2.075580e+03  0.000000e+00
  2.021810e+03  0.000000e+00
  1.969440e+03  0.000000e+00
  1.918430e+03  0.000000e+00
  1.868730e+03  6.541500e-01
  1.820330e+03  0.000000e+00
  1.773170e+03  0.000000e+00
  1.727240e+03  0.000000e+00
  1.682500e+03  0.000000e+00
  1.638920e+03  0.000000e+00
  1.596470e+03  0.000000e+00
  1.555110e+03  0.000000e+00
  1.514830e+03  0.000000e+00
  1.475590e+03  0.000000e+00
  1.437370e+03  0.000000e+00
  1.400140e+03  0.000000e+00
  1.363870e+03  6.541500e-01
  1.328540e+03  0.000000e+00
  1.294120e+03  0.000000e+00
  1.260600e+03  0.000000e+00
  1.227950e+03  0.000000e+00
  1.196140e+03  0.000000e+00
  1.165160e+03  0.000000e+00
  1.134980e+03  6.541500e-01
  1.105580e+03  6.541500e-01
  1.076940e+03  0.000000e+00
  1.049040e+03  0.000000e+00
  1.021870e+03  0.000000e+00
  9.953980e+02  1.308300e+00
  9.696140e+02  0.000000e+00
  9.444970e+02  6.541500e-01
  9.200320e+02  6.541500e-01
  8.962000e+02  1.308300e+00
  8.729850e+02  0.000000e+00
  8.503720e+02  6.541500e-01
  8.283450e+02  1.308300e+00
  8.068880e+02  0.000000e+00
  7.859870e+02  1.308300e+00
  7.656270e+02  1.308300e+00
  7.457950e+02  6.541500e-01
  7.264760e+02  1.962450e+00
  7.076580e+02  1.962450e+00
  6.893270e+02  1.962450e+00
  6.714710e+02  1.962450e+00
  6.540780e+02  3.270750e+00
  6.371350e+02  3.270750e+00
  6.206310e+02  3.924950e+00
  6.045550e+02  1.962450e+00
  5.888950e+02  2.616600e+00
  5.736410e+02  4.579050e+00
  5.587810e+02  8.503950e+00
  5.443070e+02  8.504050e+00
  5.302080e+02  6.541500e+00
  5.164740e+02  5.233200e+00
  5.030950e+02  9.812300e+00
  4.900630e+02  7.195650e+00
  4.773690e+02  1.569970e+01
  4.650040e+02  1.439140e+01
  4.529580e+02  9.812300e+00
  4.412250e+02  2.027885e+01
  4.297960e+02  1.569975e+01
  4.186630e+02  2.354965e+01
  4.078180e+02  2.485810e+01
  3.972540e+02  2.943720e+01
  3.869640e+02  2.943710e+01
  3.769400e+02  2.878290e+01
  3.671770e+02  3.270790e+01
  3.576650e+02  5.233285e+01
  3.484010e+02  4.709985e+01
  3.393760e+02  5.494985e+01
  3.305850e+02  6.345390e+01
  3.220220e+02  6.607050e+01
  3.136800e+02  7.261220e+01
  3.055550e+02  8.438680e+01
  2.976400e+02  1.059755e+02
  2.899300e+02  1.138246e+02
  2.824200e+02  1.295250e+02
  2.751040e+02  1.419545e+02
  2.679780e+02  1.458795e+02
  2.610370e+02  1.962485e+02
  2.542750e+02  2.093305e+02
  2.476890e+02  2.237240e+02
  2.412730e+02  2.832515e+02
  2.350230e+02  3.362385e+02
  2.289350e+02  3.440890e+02
  2.230050e+02  3.591340e+02
  2.172280e+02  4.023090e+02
  2.116010e+02  4.356715e+02
  2.061200e+02  4.932380e+02
  2.007810e+02  5.822035e+02
  1.955800e+02  6.024820e+02
  1.905140e+02  7.104175e+02
  1.855790e+02  7.764900e+02
  1.807720e+02  9.177910e+02
  1.760890e+02  1.016573e+03
  1.715280e+02  1.076105e+03
  1.670850e+02  1.266440e+03
  1.627570e+02  1.380935e+03
  1.585410e+02  1.541870e+03
  1.544340e+02  1.671390e+03
  1.504340e+02  1.901650e+03
  1.465370e+02  2.038355e+03
  1.427410e+02  2.315715e+03
  1.390440e+02  2.489730e+03
  1.354420e+02  2.781495e+03
  1.319340e+02  3.066055e+03
  1.285160e+02  3.310060e+03
  1.251870e+02  3.648255e+03
  1.219440e+02  4.071505e+03
  1.187850e+02  4.348205e+03
  1.157090e+02  4.751825e+03
  1.127110e+02  5.097880e+03
  1.097920e+02  5.489730e+03
  1.069480e+02  6.133415e+03
  1.041770e+02  6.529180e+03
  1.014790e+02  6.991680e+03
  9.885030e+01  7.703405e+03
  9.628970e+01  8.303260e+03
  9.379550e+01  8.893975e+03
  9.136590e+01  9.687445e+03
  8.899920e+01  1.025785e+04
  8.669380e+01  1.107625e+04
  8.444820e+01  1.178455e+04
  8.226070e+01  1.270825e+04
  8.012980e+01  1.348150e+04
  7.805420e+01  1.410300e+04
  7.603240e+01  1.502935e+04
  7.406290e+01  1.567175e+04
  7.214440e+01  1.673020e+04
  7.027560e+01  1.731045e+04
  6.845520e+01  1.829165e+04
  6.668200e+01  1.890335e+04
  6.495470e+01  1.945210e+04
  6.327220e+01  1.996360e+04
  6.163320e+01  2.050130e+04
  6.003670e+01  2.101695e+04
  5.848160e+01  2.131650e+04
  5.696670e+01  2.147210e+04
  5.549110e+01  2.197525e+04
  5.405370e+01  2.193195e+04
  5.265350e+01  2.177495e+04
  5.128960e+01  2.204200e+04
  4.996100e+01  2.181500e+04
  4.866690e+01  2.138115e+04
  4.740620e+01  2.102020e+04
  4.617830e+01  2.044190e+04
  4.498210e+01  1.987085e+04
  4.381690e+01  1.953710e+04
  4.268190e+01  1.881045e+04
  4.157630e+01  1.800980e+04
  4.049930e+01  1.777030e+04
  3.945030e+01  1.737580e+04
  3.842840e+01  1.694670e+04
  3.743290e+01  1.632005e+04
  3.646330e+01  1.575815e+04
  3.551880e+01  1.538400e+04
  3.459870e+01  1.490445e+04
  3.370250e+01  1.424570e+04
  3.282950e+01  1.366730e+04
  3.197910e+01  1.317485e+04
  3.115070e+01  1.250425e+04
  3.034380e+01  1.190435e+04
  2.955780e+01  1.156950e+04
  2.879220e+01  1.115535e+04
  2.804640e+01  1.048805e+04
  2.731990e+01  9.996189e+03
  2.661220e+01  9.565785e+03
  2.592290e+01  9.245900e+03
  2.525140e+01  8.963960e+03
  2.459730e+01  8.580625e+03
  2.396010e+01  8.358870e+03
  2.333950e+01  8.104385e+03
  2.273490e+01  7.844700e+03
  2.214600e+01  7.663495e+03
  2.157230e+01  7.554255e+03
  2.101350e+01  7.484255e+03
  2.046920e+01  7.417535e+03
  1.993900e+01  7.289975e+03
  1.942250e+01  7.429960e+03
  1.891940e+01  7.344275e+03
  1.842930e+01  7.388745e+03
  1.795200e+01  7.179420e+03
  1.748690e+01  6.989070e+03
  1.703400e+01  6.649540e+03
  1.659270e+01  6.182475e+03
  1.616290e+01  5.816145e+03
  1.574430e+01  5.519820e+03
  1.533640e+01  5.154140e+03
  1.493920e+01  4.845375e+03
  1.455220e+01  4.492115e+03
  1.417520e+01  4.246155e+03
  1.380800e+01  4.156540e+03
  1.345040e+01  4.335120e+03
  1.310200e+01  4.396610e+03
  1.276260e+01  4.509120e+03
  1.243200e+01  4.628180e+03
  1.211000e+01  4.995175e+03
  1.179630e+01  5.216290e+03
  1.149070e+01  5.562335e+03
  1.119310e+01  5.886135e+03
  1.090310e+01  6.207985e+03
  1.062070e+01  6.481415e+03
  1.034560e+01  6.824230e+03
  1.007760e+01  6.784965e+03
  9.816600e+00  6.956365e+03
  9.562300e+00  6.638420e+03
  9.314600e+00  6.110515e+03
  9.073300e+00  5.317020e+03
  8.838300e+00  4.481650e+03
  8.609300e+00  3.640410e+03
  8.386300e+00  2.961380e+03
  8.169100e+00  2.290205e+03
  7.957500e+00  1.885945e+03
  7.751400e+00  1.403195e+03
  7.550600e+00  1.231130e+03
  7.355000e+00  1.091145e+03
  7.164500e+00  9.478765e+02
  6.978900e+00  8.772310e+02
  6.798100e+00  8.451780e+02
  6.622000e+00  7.385475e+02
  6.450500e+00  7.228475e+02
  6.283400e+00  6.580855e+02
  6.120600e+00  5.893985e+02
  5.962100e+00  5.579995e+02
  5.807600e+00  4.886590e+02
  5.657200e+00  4.657640e+02
  5.510700e+00  4.258590e+02
  5.367900e+00  3.898795e+02
  5.228900e+00  3.709080e+02
  5.093400e+00  3.139960e+02
  4.961500e+00  3.107260e+02
  4.833000e+00  2.695140e+02
  4.707800e+00  2.597020e+02
  4.585800e+00  2.184890e+02
  4.467100e+00  2.080240e+02
  4.351300e+00  1.877450e+02
  4.238600e+00  1.792400e+02
  4.128800e+00  1.570005e+02
  4.021900e+00  1.419540e+02
  3.917700e+00  1.321420e+02
  3.816200e+00  1.203665e+02
  3.717400e+00  9.681730e+01
  3.621100e+00  9.289215e+01
  3.527300e+00  8.896645e+01
  3.435900e+00  9.550800e+01
  3.346900e+00  7.719115e+01
  3.260200e+00  7.195755e+01
  3.175800e+00  6.214565e+01
  3.093500e+00  4.906215e+01
  3.013400e+00  4.382870e+01
  2.935300e+00  3.270800e+01
  2.859300e+00  5.037045e+01
  2.785200e+00  4.840785e+01
  2.713100e+00  5.952875e+01
  2.642800e+00  6.410789e+01
  2.574300e+00  5.429550e+01
  2.507600e+00  6.934130e+01
  2.442700e+00  6.279955e+01
  2.379400e+00  5.560365e+01
  2.317800e+00  5.625805e+01
  2.257700e+00  6.476240e+01
  2.199300e+00  6.018335e+01
  2.142300e+00  6.672466e+01
  2.086800e+00  4.644555e+01
  2.032700e+00  5.822060e+01
  1.980100e+00  6.345390e+01
  1.928800e+00  5.233305e+01
  1.878800e+00  5.429525e+01
  1.830200e+00  6.410770e+01
  1.782800e+00  1.360680e+02
  1.736600e+00  1.027038e+02
  1.691600e+00  7.522935e+01
  1.647800e+00  7.195785e+01
  1.605100e+00  6.410795e+01
  1.563500e+00  6.083720e+01
  1.523000e+00  4.775370e+01
  1.483600e+00  6.149170e+01
  1.445100e+00  4.448305e+01
  1.407700e+00  6.018315e+01
  1.371200e+00  5.494950e+01
  1.335700e+00  5.494990e+01
  1.301100e+00  4.644540e+01
  1.267400e+00  4.840785e+01
  1.234600e+00  5.822045e+01
  1.202600e+00  6.410810e+01
  1.171500e+00  5.625785e+01
  1.141100e+00  6.541620e+01
  1.111600e+00  4.448290e+01
  1.082800e+00  5.037050e+01
  1.054700e+00  7.392075e+01
  1.027400e+00  5.494980e+01
  1.000800e+00  4.317485e+01
  9.749000e-01  7.719160e+01
  9.496000e-01  4.448295e+01
  9.250000e-01  5.037040e+01
  9.010000e-01  5.494970e+01
  8.777000e-01  5.625790e+01
  8.550000e-01  7.980795e+01
  8.328000e-01  6.541635e+01
  8.113000e-01  8.504175e+01
  7.902000e-01  8.635030e+01
  7.698000e-01  9.485355e+01
  7.498000e-01  1.040128e+02
  7.304000e-01  1.053210e+02
  7.115000e-01  1.262545e+02
  6.931000e-01  2.911025e+02
  6.751000e-01  2.661785e+03
  6.576000e-01  1.829700e+03
  6.406000e-01  6.234155e+03
  6.240000e-01  1.933710e+03
  6.078000e-01  2.662425e+02
  5.921000e-01  1.857815e+02
  5.767000e-01  2.080225e+02
  5.618000e-01  2.158730e+02
  5.472000e-01  2.413850e+02
  5.331000e-01  2.682050e+02
  5.193000e-01  2.577395e+02
  5.058000e-01  2.701675e+02
  4.927000e-01  5.272535e+02
  4.799000e-01  6.103310e+02
  4.675000e-01  3.696005e+02
  4.554000e-01  3.512845e+02
  4.436000e-01  6.934115e+02
  4.321000e-01  7.634045e+02
  4.209000e-01  7.006070e+02
  4.100000e-01  3.807215e+02
  3.994000e-01  8.314390e+02
  3.891000e-01  1.526805e+03
  3.790000e-01  1.302445e+03
  3.692000e-01  3.198845e+02
  3.596000e-01  2.943715e+02
  3.503000e-01  2.865220e+02
  3.412000e-01  2.996035e+02
  3.324000e-01  3.087635e+02
  3.238000e-01  2.786720e+02
  3.154000e-01  2.492350e+02
  3.072000e-01  4.193180e+02
  2.992000e-01  5.324880e+02
  2.915000e-01  6.489270e+02
  2.839000e-01  6.711680e+02
  2.766000e-01  2.911010e+02
  2.694000e-01  7.392020e+02
  2.624000e-01  1.747925e+03
  2.556000e-01  1.995190e+03
  2.490000e-01  7.267740e+02
  2.426000e-01  4.310930e+02
  2.363000e-01  5.815485e+02
  2.302000e-01  4.238965e+02
  2.242000e-01  3.139975e+02
  2.184000e-01  2.904470e+02
  2.127000e-01  3.283885e+02
  2.072000e-01  2.145655e+02
  2.019000e-01  2.413845e+02
  1.966000e-01  3.473605e+02
  1.915000e-01  2.001730e+02
  1.866000e-01  1.969030e+02
  1.817000e-01  8.962095e+01
  1.770000e-01  6.149145e+01
  1.725000e-01  9.289180e+01
  1.680000e-01  1.779325e+02
  1.636000e-01  2.891390e+02
  1.594000e-01  3.172690e+02
  1.553000e-01  3.846470e+02
  1.512000e-01  4.081960e+02
  1.473000e-01  3.728725e+02
  1.435000e-01  7.424730e+02
  1.398000e-01  3.938045e+02
  1.362000e-01  2.976440e+02
  1.326000e-01  2.636270e+02
  1.292000e-01  2.858675e+02
  1.259000e-01  3.139970e+02
  1.226000e-01  5.233290e+02
  1.194000e-01  4.664180e+02
  1.163000e-01  3.905345e+02
  1.133000e-01  4.893135e+02
  1.104000e-01  5.030500e+02
  1.075000e-01  5.508040e+02
  1.047000e-01  5.887440e+02
  1.020000e-01  6.469650e+02
  9.940000e-02  8.026555e+02
  9.680000e-02  8.752690e+02
  9.430000e-02  9.007795e+02
  9.190000e-02  1.007407e+03
  8.950000e-02  1.081335e+03
  8.720000e-02  1.182710e+03
  8.490000e-02  1.212830e+03
  8.270000e-02  1.155255e+03
  8.060000e-02  1.278885e+03
  7.850000e-02  1.266465e+03
  7.640000e-02  1.233760e+03
  7.450000e-02  1.225250e+03
  7.250000e-02  1.309625e+03
  7.070000e-02  1.356740e+03
  6.880000e-02  1.273655e+03
  6.700000e-02  1.214120e+03
  6.530000e-02  1.174220e+03
  6.360000e-02  1.119275e+03
  6.200000e-02  1.053855e+03
  6.040000e-02  9.799330e+02
  5.880000e-02  9.060140e+02
  5.730000e-02  8.340565e+02
  5.580000e-02  7.306975e+02
  5.430000e-02  6.750945e+02
  5.290000e-02  5.756615e+02
  5.160000e-02  5.115540e+02
  5.020000e-02  4.723050e+02
  4.890000e-02  4.461370e+02
  4.770000e-02  4.324015e+02
  4.640000e-02  4.055805e+02
  4.520000e-02  3.813770e+02
  4.410000e-02  3.545545e+02
  4.290000e-02  3.480140e+02
  4.180000e-02  2.911010e+02
  4.070000e-02  2.812880e+02
  3.970000e-02  2.917560e+02
  3.860000e-02  2.341900e+02
  3.760000e-02  2.178360e+02
  3.670000e-02  1.949405e+02
  3.570000e-02  1.668115e+02
  3.480000e-02  1.498030e+02
  3.390000e-02  1.570000e+02
  3.300000e-02  1.308340e+02
  3.220000e-02  1.151340e+02
  3.130000e-02  9.616255e+01
  3.050000e-02  1.000872e+02
  2.970000e-02  6.541670e+01
  2.890000e-02  7.261190e+01
  2.820000e-02  5.952910e+01
  2.750000e-02  4.121210e+01
  2.680000e-02  3.924975e+01
  2.610000e-02  3.794125e+01
  2.540000e-02  2.812870e+01
  2.470000e-02  2.878295e+01
  2.410000e-02  2.158720e+01
  2.350000e-02  1.635395e+01
  2.290000e-02  1.439140e+01
  2.230000e-02  1.112055e+01
  2.170000e-02  8.503950e+00
  2.110000e-02  6.541500e+00
  2.060000e-02  5.887350e+00
  2.000000e-02  1.962450e+00
  1.950000e-02  1.962450e+00
  1.900000e-02  3.270750e+00
  1.850000e-02  6.541500e-01
  1.800000e-02  2.616600e+00
  1.760000e-02  1.308300e+00
  1.710000e-02  6.541500e-01
  1.670000e-02  1.962450e+00
  1.630000e-02  6.541500e-01
  1.580000e-02  0.000000e+00
  1.540000e-02  0.000000e+00
  1.500000e-02  6.541500e-01
  1.460000e-02  6.541500e-01
  1.430000e-02  0.000000e+00
  1.390000e-02  6.541500e-01
  1.350000e-02  0.000000e+00
  1.320000e-02  6.541500e-01
  1.280000e-02  0.000000e+00
  1.250000e-02  6.541500e-01
  1.220000e-02  0.000000e+00
  1.190000e-02  0.000000e+00
  1.160000e-02  0.000000e+00
  1.130000e-02  0.000000e+00
  1.100000e-02  0.000000e+00
  1.070000e-02  0.000000e+00
  1.040000e-02  0.000000e+00
  1.010000e-02  0.000000e+00
