  4.934820e+03  1.188150e-02
  4.806990e+03  3.960500e-03
  4.682470e+03  3.960500e-03
  4.561180e+03  0.000000e+00
  4.443030e+03  3.960500e-03
  4.327940e+03  3.960500e-03
  4.215830e+03  0.000000e+00
  4.106630e+03  0.000000e+00
  4.000250e+03  7.921000e-03
  3.896630e+03  0.000000e+00
  3.795700e+03  7.921000e-03
  3.697380e+03  1.584200e-02
  3.601600e+03  0.000000e+00
  3.508310e+03  1.188150e-02
  3.417430e+03  1.584200e-02
  3.328910e+03  7.921000e-03
  3.242680e+03  7.921000e-03
  3.158680e+03  1.980250e-02
  3.076860e+03  0.000000e+00
  2.997160e+03  1.188150e-02
  2.919530e+03  1.188150e-02
  2.843900e+03  1.584200e-02
  2.770230e+03  7.921000e-03
  2.698480e+03  1.980250e-02
  2.628580e+03  3.564450e-02
  2.560490e+03  1.584200e-02
  2.494160e+03  3.168400e-02
  2.429550e+03  4.356550e-02
  2.366620e+03  1.980250e-02
  2.305320e+03  2.772350e-02
  2.245600e+03  5.148650e-02
  2.187430e+03  5.148650e-02
  2.130770e+03  6.336800e-02
  2.075580e+03  7.128900e-02
  2.021810e+03  8.713099e-02
  1.969440e+03  5.940750e-02
  1.918430e+03  9.505200e-02
  1.868730e+03  9.901249e-02
  1.820330e+03  9.109150e-02
  1.773170e+03  1.227755e-01
  1.727240e+03  1.742620e-01
  1.682500e+03  1.663410e-01
  1.638920e+03  1.386175e-01
  1.596470e+03  2.455510e-01
  1.555110e+03  4.475365e-01
  1.514830e+03  6.336795e-01
  1.475590e+03  6.019959e-01
  1.437370e+03  2.930770e-01
  1.400140e+03  3.802080e-01
  1.363870e+03  4.118920e-01
  1.328540e+03  5.109050e-01
  1.294120e+03  4.356550e-01
  1.260600e+03  4.752590e-01
  1.227950e+03  5.307050e-01
  1.196140e+03  6.297200e-01
  1.165160e+03  5.821950e-01
  1.134980e+03  7.524955e-01
  1.105580e+03  8.317085e-01
  1.076940e+03  9.861625e-01
  1.049040e+03  1.037650e+00
  1.021870e+03  1.291130e+00
  9.953980e+02  1.378250e+00
  9.696140e+02  1.619850e+00
  9.444970e+02  1.742620e+00
  9.200320e+02  1.948570e+00
  8.962000e+02  2.103040e+00
  8.729850e+02  2.475320e+00
  8.503720e+02  2.875340e+00
  8.283450e+02  3.029795e+00
  8.068880e+02  3.683295e+00
  7.859870e+02  4.150625e+00
  7.656270e+02  4.356575e+00
  7.457950e+02  5.330860e+00
  7.264760e+02  5.576400e+00
  7.076580e+02  6.170485e+00
  6.893270e+02  7.136860e+00
  6.714710e+02  8.416105e+00
  6.540780e+02  9.025990e+00
  6.371350e+02  1.075675e+01
  6.206310e+02  1.169145e+01
  6.045550e+02  1.337865e+01
  5.888950e+02  1.521225e+01
  5.736410e+02  1.677680e+01
  5.587810e+02  1.890350e+01
  5.443070e+02  2.144230e+01
  5.302080e+02  2.336315e+01
  5.164740e+02  2.670180e+01
  5.030950e+02  2.971185e+01
  4.900630e+02  3.385455e+01
  4.773690e+02  3.777145e+01
  4.650040e+02  4.243290e+01
  4.529580e+02  4.768475e+01
  4.412250e+02  5.408480e+01
  4.297960e+02  5.970075e+01
  4.186630e+02  6.629905e+01
  4.078180e+02  7.486565e+01
  3.972540e+02  8.438680e+01
  3.869640e+02  9.405030e+01
  3.769400e+02  1.059205e+02
  3.671770e+02  1.172795e+02
  3.576650e+02  1.328480e+02
  3.484010e+02  1.478055e+02
  3.393760e+02  1.639820e+02
  3.305850e+02  1.831180e+02
  3.220220e+02  2.037840e+02
  3.136800e+02  2.276980e+02
  3.055550e+02  2.528505e+02
  2.976400e+02  2.789470e+02
  2.899300e+02  3.100695e+02
  2.824200e+02  3.419355e+02
  2.751040e+02  3.826055e+02
  2.679780e+02  4.241440e+02
  2.610370e+02  4.687070e+02
  2.542750e+02  5.200565e+02
  2.476890e+02  5.752855e+02
  2.412730e+02  6.344630e+02
  2.350230e+02  7.014080e+02
  2.289350e+02  7.725775e+02
  2.230050e+02  8.475475e+02
  2.172280e+02  9.316445e+02
  2.116010e+02  1.025285e+03
  2.061200e+02  1.118685e+03
  2.007810e+02  1.226040e+03
  1.955800e+02  1.339300e+03
  1.905140e+02  1.463435e+03
  1.855790e+02  1.601150e+03
  1.807720e+02  1.739560e+03
  1.760890e+02  1.882400e+03
  1.715280e+02  2.038005e+03
  1.670850e+02  2.200185e+03
  1.627570e+02  2.357175e+03
  1.585410e+02  2.517805e+03
  1.544340e+02  2.695395e+03
  1.504340e+02  2.865655e+03
  1.465370e+02  3.045320e+03
  1.427410e+02  3.221250e+03
  1.390440e+02  3.393660e+03
  1.354420e+02  3.585535e+03
  1.319340e+02  3.747305e+03
  1.285160e+02  3.930115e+03
  1.251870e+02  4.104300e+03
  1.219440e+02  4.277705e+03
  1.187850e+02  4.439180e+03
  1.157090e+02  4.588135e+03
  1.127110e+02  4.718060e+03
  1.097920e+02  4.863365e+03
  1.069480e+02  4.960270e+03
  1.041770e+02  5.054645e+03
  1.014790e+02  5.133305e+03
  9.885030e+01  5.180110e+03
  9.628970e+01  5.213835e+03
  9.379550e+01  5.219945e+03
  9.136590e+01  5.187500e+03
  8.899920e+01  5.153115e+03
  8.669380e+01  5.071875e+03
  8.444820e+01  4.972045e+03
  8.226070e+01  4.829935e+03
  8.012980e+01  4.689055e+03
  7.805420e+01  4.483350e+03
  7.603240e+01  4.288240e+03
  7.406290e+01  4.060925e+03
  7.214440e+01  3.816750e+03
  7.027560e+01  3.575515e+03
  6.845520e+01  3.298590e+03
  6.668200e+01  3.027485e+03
  6.495470e+01  2.761535e+03
  6.327220e+01  2.520485e+03
  6.163320e+01  2.305840e+03
  6.003670e+01  2.088690e+03
  5.848160e+01  1.897625e+03
  5.696670e+01  1.715880e+03
  5.549110e+01  1.543390e+03
  5.405370e+01  1.351630e+03
  5.265350e+01  1.154850e+03
  5.128960e+01  9.874830e+02
  4.996100e+01  8.413685e+02
  4.866690e+01  6.905955e+02
  4.740620e+01  5.642310e+02
  4.617830e+01  4.571495e+02
  4.498210e+01  3.690805e+02
  4.381690e+01  3.125715e+02
  4.268190e+01  2.626385e+02
  4.157630e+01  2.212390e+02
  4.049930e+01  1.838235e+02
  3.945030e+01  1.520000e+02
  3.842840e+01  1.286170e+02
  3.743290e+01  1.064505e+02
  3.646330e+01  8.845820e+01
  3.551880e+01  7.290110e+01
  3.459870e+01  5.973645e+01
  3.370250e+01  4.753010e+01
  3.282950e+01  3.723680e+01
  3.197910e+01  2.953345e+01
  3.115070e+01  2.283635e+01
  3.034380e+01  1.760845e+01
  2.955780e+01  1.335880e+01
  2.879220e+01  9.695325e+00
  2.804640e+01  7.517070e+00
  2.731990e+01  5.164515e+00
  2.661220e+01  3.853585e+00
  2.592290e+01  2.625825e+00
  2.525140e+01  1.813915e+00
  2.459730e+01  1.310930e+00
  2.396010e+01  9.267550e-01
  2.333950e+01  5.980295e-01
  2.273490e+01  3.960500e-01
  2.214600e+01  2.534710e-01
  2.157230e+01  1.148545e-01
  2.101350e+01  7.128900e-02
  2.046920e+01  8.713100e-02
  1.993900e+01  3.564450e-02
  1.942250e+01  2.772350e-02
  1.891940e+01  2.376300e-02
  1.842930e+01  1.980250e-02
  1.795200e+01  1.188150e-02
  1.748690e+01  7.921000e-03
  1.703400e+01  7.921000e-03
  1.659270e+01  3.960500e-03
  1.616290e+01  3.960500e-03
  1.574430e+01  0.000000e+00
  1.533640e+01  3.960500e-03
  1.493920e+01  0.000000e+00
  1.455220e+01  3.960500e-03
  1.417520e+01  0.000000e+00
  1.380800e+01  3.960500e-03
  1.345040e+01  7.921000e-03
  1.310200e+01  0.000000e+00
  1.276260e+01  7.921000e-03
  1.243200e+01  1.188150e-02
  1.211000e+01  0.000000e+00
  1.179630e+01  0.000000e+00
  1.149070e+01  0.000000e+00
  1.119310e+01  0.000000e+00
  1.090310e+01  0.000000e+00
  1.062070e+01  0.000000e+00
  1.034560e+01  3.960500e-03
  1.007760e+01  3.960500e-03
  9.816600e+00  0.000000e+00
  9.562300e+00  0.000000e+00
  9.314600e+00  0.000000e+00
  9.073300e+00  3.960500e-03
  8.838300e+00  3.960500e-03
  8.609300e+00  3.960500e-03
  8.386300e+00  3.960500e-03
  8.169100e+00  7.921000e-03
  7.957500e+00  7.921000e-03
  7.751400e+00  3.168400e-02
  7.550600e+00  1.188150e-02
  7.355000e+00  1.584200e-02
  7.164500e+00  2.772350e-02
  6.978900e+00  1.584200e-02
  6.798100e+00  3.564450e-02
  6.622000e+00  3.168400e-02
  6.450500e+00  7.921000e-03
  6.283400e+00  3.168400e-02
  6.120600e+00  7.921000e-03
  5.962100e+00  2.376300e-02
  5.807600e+00  4.752600e-02
  5.657200e+00  3.168400e-02
  5.510700e+00  2.772350e-02
  5.367900e+00  3.960500e-02
  5.228900e+00  2.376300e-02
  5.093400e+00  2.772350e-02
  4.961500e+00  4.356550e-02
  4.833000e+00  3.168400e-02
  4.707800e+00  2.772350e-02
  4.585800e+00  3.168400e-02
  4.467100e+00  5.940750e-02
  4.351300e+00  3.564450e-02
  4.238600e+00  3.564450e-02
  4.128800e+00  5.940750e-02
  4.021900e+00  2.772350e-02
  3.917700e+00  5.148650e-02
  3.816200e+00  3.960500e-02
  3.717400e+00  3.564450e-02
  3.621100e+00  4.752600e-02
  3.527300e+00  5.544700e-02
  3.435900e+00  3.564450e-02
  3.346900e+00  3.564450e-02
  3.260200e+00  6.336800e-02
  3.175800e+00  4.752600e-02
  3.093500e+00  2.376300e-02
  3.013400e+00  3.168400e-02
  2.935300e+00  1.980250e-02
  2.859300e+00  2.376300e-02
  2.785200e+00  5.940750e-02
  2.713100e+00  5.940750e-02
  2.642800e+00  3.168400e-02
  2.574300e+00  5.148650e-02
  2.507600e+00  1.980250e-02
  2.442700e+00  1.584200e-02
  2.379400e+00  5.940750e-02
  2.317800e+00  6.732850e-02
  2.257700e+00  3.960500e-02
  2.199300e+00  2.772350e-02
  2.142300e+00  4.752600e-02
  2.086800e+00  3.960500e-02
  2.032700e+00  4.752600e-02
  1.980100e+00  7.524950e-02
  1.928800e+00  4.752600e-02
  1.878800e+00  3.564450e-02
  1.830200e+00  3.564450e-02
  1.782800e+00  8.713100e-02
  1.736600e+00  3.960500e-02
  1.691600e+00  2.376300e-02
  1.647800e+00  1.980250e-02
  1.605100e+00  3.564450e-02
  1.563500e+00  3.564450e-02
  1.523000e+00  2.376300e-02
  1.483600e+00  3.960500e-02
  1.445100e+00  4.356550e-02
  1.407700e+00  2.772350e-02
  1.371200e+00  5.544700e-02
  1.335700e+00  1.584200e-02
  1.301100e+00  2.376300e-02
  1.267400e+00  3.168400e-02
  1.234600e+00  1.584200e-02
  1.202600e+00  3.168400e-02
  1.171500e+00  1.584200e-02
  1.141100e+00  1.188150e-02
  1.111600e+00  3.960500e-02
  1.082800e+00  2.376300e-02
  1.054700e+00  3.960500e-02
  1.027400e+00  3.168400e-02
  1.000800e+00  7.921000e-03
  9.749000e-01  1.584200e-02
  9.496000e-01  3.960500e-02
  9.250000e-01  1.584200e-02
  9.010000e-01  2.376300e-02
  8.777000e-01  1.584200e-02
  8.550000e-01  1.188150e-02
  8.328000e-01  2.772350e-02
  8.113000e-01  1.980250e-02
  7.902000e-01  2.772350e-02
  7.698000e-01  1.980250e-02
  7.498000e-01  2.772350e-02
  7.304000e-01  1.584200e-02
  7.115000e-01  1.980250e-02
  6.931000e-01  3.168400e-02
  6.751000e-01  5.544700e-02
  6.576000e-01  1.901040e-01
  6.406000e-01  2.059460e-01
  6.240000e-01  3.564450e-02
  6.078000e-01  5.148650e-02
  5.921000e-01  4.752600e-02
  5.767000e-01  1.980250e-02
  5.618000e-01  3.564450e-02
  5.472000e-01  3.564450e-02
  5.331000e-01  2.376300e-02
  5.193000e-01  1.584200e-02
  5.058000e-01  3.564450e-02
  4.927000e-01  4.356550e-02
  4.799000e-01  1.584200e-02
  4.675000e-01  1.584200e-02
  4.554000e-01  1.980250e-02
  4.436000e-01  3.564450e-02
  4.321000e-01  5.148650e-02
  4.209000e-01  3.960500e-02
  4.100000e-01  7.921000e-03
  3.994000e-01  5.148650e-02
  3.891000e-01  5.544700e-02
  3.790000e-01  2.772350e-02
  3.692000e-01  2.772350e-02
  3.596000e-01  1.188150e-02
  3.503000e-01  1.584200e-02
  3.412000e-01  2.376300e-02
  3.324000e-01  2.376300e-02
  3.238000e-01  1.980250e-02
  3.154000e-01  2.376300e-02
  3.072000e-01  1.188150e-02
  2.992000e-01  3.168400e-02
  2.915000e-01  3.564450e-02
  2.839000e-01  2.376300e-02
  2.766000e-01  3.168400e-02
  2.694000e-01  2.376300e-02
  2.624000e-01  1.584200e-02
  2.556000e-01  3.168400e-02
  2.490000e-01  3.168400e-02
  2.426000e-01  1.980250e-02
  2.363000e-01  3.564450e-02
  2.302000e-01  3.168400e-02
  2.242000e-01  3.960500e-03
  2.184000e-01  3.960500e-03
  2.127000e-01  1.980250e-02
  2.072000e-01  1.980250e-02
  2.019000e-01  2.772350e-02
  1.966000e-01  7.921000e-03
  1.915000e-01  1.980250e-02
  1.866000e-01  1.584200e-02
  1.817000e-01  1.584200e-02
  1.770000e-01  7.921000e-03
  1.725000e-01  3.960500e-03
  1.680000e-01  1.980250e-02
  1.636000e-01  0.000000e+00
  1.594000e-01  0.000000e+00
  1.553000e-01  3.168400e-02
  1.512000e-01  3.960500e-03
  1.473000e-01  1.584200e-02
  1.435000e-01  1.584200e-02
  1.398000e-01  2.772350e-02
  1.362000e-01  1.188150e-02
  1.326000e-01  3.960500e-03
  1.292000e-01  3.960500e-03
  1.259000e-01  7.921000e-03
  1.226000e-01  0.000000e+00
  1.194000e-01  0.000000e+00
  1.163000e-01  0.000000e+00
  1.133000e-01  3.960500e-03
  1.104000e-01  1.584200e-02
  1.075000e-01  1.188150e-02
  1.047000e-01  3.960500e-03
  1.020000e-01  7.921000e-03
  9.940000e-02  7.921000e-03
  9.680000e-02  0.000000e+00
  9.430000e-02  7.921000e-03
  9.190000e-02  0.000000e+00
  8.950000e-02  3.960500e-03
  8.720000e-02  3.960500e-03
  8.490000e-02  0.000000e+00
  8.270000e-02  0.000000e+00
  8.060000e-02  0.000000e+00
  7.850000e-02  0.000000e+00
  7.640000e-02  3.960500e-03
  7.450000e-02  3.960500e-03
  7.250000e-02  0.000000e+00
  7.070000e-02  3.960500e-03
  6.880000e-02  3.960500e-03
  6.700000e-02  0.000000e+00
  6.530000e-02  0.000000e+00
  6.360000e-02  0.000000e+00
  6.200000e-02  0.000000e+00
  6.040000e-02  3.960500e-03
  5.880000e-02  0.000000e+00
  5.730000e-02  0.000000e+00
  5.580000e-02  0.000000e+00
  5.430000e-02  0.000000e+00
  5.290000e-02  0.000000e+00
  5.160000e-02  0.000000e+00
  5.020000e-02  0.000000e+00
  4.890000e-02  0.000000e+00
  4.770000e-02  0.000000e+00
  4.640000e-02  0.000000e+00
  4.520000e-02  0.000000e+00
  4.410000e-02  0.000000e+00
  4.290000e-02  0.000000e+00
  4.180000e-02  0.000000e+00
  4.070000e-02  0.000000e+00
  3.970000e-02  0.000000e+00
  3.860000e-02  0.000000e+00
  3.760000e-02  0.000000e+00
  3.670000e-02  0.000000e+00
  3.570000e-02  0.000000e+00
  3.480000e-02  0.000000e+00
  3.390000e-02  0.000000e+00
  3.300000e-02  0.000000e+00
  3.220000e-02  0.000000e+00
  3.130000e-02  0.000000e+00
  3.050000e-02  0.000000e+00
  2.970000e-02  0.000000e+00
  2.890000e-02  0.000000e+00
  2.820000e-02  0.000000e+00
  2.750000e-02  0.000000e+00
  2.680000e-02  0.000000e+00
  2.610000e-02  0.000000e+00
  2.540000e-02  0.000000e+00
  2.470000e-02  0.000000e+00
  2.410000e-02  0.000000e+00
  2.350000e-02  0.000000e+00
  2.290000e-02  0.000000e+00
  2.230000e-02  0.000000e+00
  2.170000e-02  0.000000e+00
  2.110000e-02  3.960500e-03
  2.060000e-02  0.000000e+00
  2.000000e-02  0.000000e+00
  1.950000e-02  0.000000e+00
  1.900000e-02  0.000000e+00
  1.850000e-02  0.000000e+00
  1.800000e-02  0.000000e+00
  1.760000e-02  0.000000e+00
  1.710000e-02  0.000000e+00
  1.670000e-02  0.000000e+00
  1.630000e-02  0.000000e+00
  1.580000e-02  0.000000e+00
  1.540000e-02  0.000000e+00
  1.500000e-02  0.000000e+00
  1.460000e-02  0.000000e+00
  1.430000e-02  0.000000e+00
  1.390000e-02  0.000000e+00
  1.350000e-02  0.000000e+00
  1.320000e-02  0.000000e+00
  1.280000e-02  0.000000e+00
  1.250000e-02  0.000000e+00
  1.220000e-02  0.000000e+00
  1.190000e-02  0.000000e+00
  1.160000e-02  0.000000e+00
  1.130000e-02  0.000000e+00
  1.100000e-02  2.926830e+00
  1.070000e-02  4.447665e+00
  1.040000e-02  4.158540e+00
  1.010000e-02  2.733160e+01
