  4.934820e+03  7.572500e-02
  4.806990e+03  0.000000e+00
  4.682470e+03  0.000000e+00
  4.561180e+03  0.000000e+00
  4.443030e+03  0.000000e+00
  4.327940e+03  7.572500e-02
  4.215830e+03  0.000000e+00
  4.106630e+03  0.000000e+00
  4.000250e+03  0.000000e+00
  3.896630e+03  0.000000e+00
  3.795700e+03  0.000000e+00
  3.697380e+03  1.514500e-01
  3.601600e+03  0.000000e+00
  3.508310e+03  0.000000e+00
  3.417430e+03  0.000000e+00
  3.328910e+03  0.000000e+00
  3.242680e+03  0.000000e+00
  3.158680e+03  0.000000e+00
  3.076860e+03  0.000000e+00
  2.997160e+03  0.000000e+00
  2.919530e+03  0.000000e+00
  2.843900e+03  0.000000e+00
  2.770230e+03  0.000000e+00
  2.698480e+03  0.000000e+00
  2.628580e+03  7.572500e-02
  2.560490e+03  0.000000e+00
  2.494160e+03  0.000000e+00
  2.429550e+03  0.000000e+00
  2.366620e+03  0.000000e+00
  2.305320e+03  0.000000e+00
  2.245600e+03  0.000000e+00
  2.187430e+03  0.000000e+00
  2.130770e+03  7.572500e-02
  2.075580e+03  0.000000e+00
  2.021810e+03  0.000000e+00
  1.969440e+03  0.000000e+00
  1.918430e+03  0.000000e+00
  1.868730e+03  7.572500e-02
  1.820330e+03  7.572500e-02
  1.773170e+03  2.271750e-01
  1.727240e+03  0.000000e+00
  1.682500e+03  2.271750e-01
  1.638920e+03  3.029000e-01
  1.596470e+03  7.572500e-02
  1.555110e+03  7.572500e-02
  1.514830e+03  7.572500e-02
  1.475590e+03  3.029000e-01
  1.437370e+03  7.572500e-02
  1.400140e+03  7.572500e-02
  1.363870e+03  2.271750e-01
  1.328540e+03  1.514450e-01
  1.294120e+03  1.514500e-01
  1.260600e+03  3.029000e-01
  1.227950e+03  6.057950e-01
  1.196140e+03  3.028950e-01
  1.165160e+03  3.786250e-01
  1.134980e+03  3.786200e-01
  1.105580e+03  3.029000e-01
  1.076940e+03  8.329700e-01
  1.049040e+03  3.029000e-01
  1.021870e+03  5.300700e-01
  9.953980e+02  7.572400e-01
  9.696140e+02  9.086850e-01
  9.444970e+02  4.543450e-01
  9.200320e+02  1.363020e+00
  8.962000e+02  1.817370e+00
  8.729850e+02  1.968810e+00
  8.503720e+02  1.817370e+00
  8.283450e+02  2.347435e+00
  8.068880e+02  1.665915e+00
  7.859870e+02  2.423150e+00
  7.656270e+02  2.498870e+00
  7.457950e+02  2.726045e+00
  7.264760e+02  2.953215e+00
  7.076580e+02  3.786165e+00
  6.893270e+02  2.953210e+00
  6.714710e+02  5.527815e+00
  6.540780e+02  6.436490e+00
  6.371350e+02  6.436480e+00
  6.206310e+02  5.224890e+00
  6.045550e+02  6.436500e+00
  5.888950e+02  8.859680e+00
  5.736410e+02  8.859605e+00
  5.587810e+02  1.113135e+01
  5.443070e+02  1.241870e+01
  5.302080e+02  1.347880e+01
  5.164740e+02  1.287310e+01
  5.030950e+02  1.703785e+01
  4.900630e+02  1.756795e+01
  4.773690e+02  1.938540e+01
  4.650040e+02  2.294415e+01
  4.529580e+02  2.430725e+01
  4.412250e+02  2.975930e+01
  4.297960e+02  3.407565e+01
  4.186630e+02  3.702880e+01
  4.078180e+02  4.217810e+01
  3.972540e+02  4.755430e+01
  3.869640e+02  5.361225e+01
  3.769400e+02  6.186610e+01
  3.671770e+02  6.519795e+01
  3.576650e+02  7.625365e+01
  3.484010e+02  8.632520e+01
  3.393760e+02  9.836525e+01
  3.305850e+02  1.035145e+02
  3.220220e+02  1.140400e+02
  3.136800e+02  1.329710e+02
  3.055550e+02  1.464480e+02
  2.976400e+02  1.629565e+02
  2.899300e+02  1.868860e+02
  2.824200e+02  1.982435e+02
  2.751040e+02  2.288355e+02
  2.679780e+02  2.544305e+02
  2.610370e+02  2.816155e+02
  2.542750e+02  3.150855e+02
  2.476890e+02  3.451470e+02
  2.412730e+02  3.849030e+02
  2.350230e+02  4.360925e+02
  2.289350e+02  4.874325e+02
  2.230050e+02  5.435440e+02
  2.172280e+02  6.024570e+02
  2.116010e+02  6.709100e+02
  2.061200e+02  7.452710e+02
  2.007810e+02  8.292480e+02
  1.955800e+02  9.229945e+02
  1.905140e+02  1.032560e+03
  1.855790e+02  1.141840e+03
  1.807720e+02  1.275415e+03
  1.760890e+02  1.441705e+03
  1.715280e+02  1.582845e+03
  1.670850e+02  1.735890e+03
  1.627570e+02  1.922550e+03
  1.585410e+02  2.117300e+03
  1.544340e+02  2.303270e+03
  1.504340e+02  2.520760e+03
  1.465370e+02  2.773750e+03
  1.427410e+02  2.985935e+03
  1.390440e+02  3.294885e+03
  1.354420e+02  3.539765e+03
  1.319340e+02  3.825855e+03
  1.285160e+02  4.132465e+03
  1.251870e+02  4.462850e+03
  1.219440e+02  4.858650e+03
  1.187850e+02  5.209920e+03
  1.157090e+02  5.638370e+03
  1.127110e+02  6.039785e+03
  1.097920e+02  6.491470e+03
  1.069480e+02  7.001475e+03
  1.041770e+02  7.460205e+03
  1.014790e+02  8.059325e+03
  9.885030e+01  8.560324e+03
  9.628970e+01  9.178225e+03
  9.379550e+01  9.803145e+03
  9.136590e+01  1.044555e+04
  8.899920e+01  1.105580e+04
  8.669380e+01  1.184730e+04
  8.444820e+01  1.251270e+04
  8.226070e+01  1.326410e+04
  8.012980e+01  1.398090e+04
  7.805420e+01  1.484075e+04
  7.603240e+01  1.559035e+04
  7.406290e+01  1.638615e+04
  7.214440e+01  1.717915e+04
  7.027560e+01  1.808625e+04
  6.845520e+01  1.884285e+04
  6.668200e+01  1.961830e+04
  6.495470e+01  2.025420e+04
  6.327220e+01  2.071395e+04
  6.163320e+01  2.117140e+04
  6.003670e+01  2.138010e+04
  5.848160e+01  2.173950e+04
  5.696670e+01  2.183335e+04
  5.549110e+01  2.193010e+04
  5.405370e+01  2.203235e+04
  5.265350e+01  2.213740e+04
  5.128960e+01  2.222290e+04
  4.996100e+01  2.219360e+04
  4.866690e+01  2.206615e+04
  4.740620e+01  2.192490e+04
  4.617830e+01  2.154210e+04
  4.498210e+01  2.085810e+04
  4.381690e+01  2.035740e+04
  4.268190e+01  1.981830e+04
  4.157630e+01  1.909045e+04
  4.049930e+01  1.841160e+04
  3.945030e+01  1.769585e+04
  3.842840e+01  1.702420e+04
  3.743290e+01  1.646240e+04
  3.646330e+01  1.584240e+04
  3.551880e+01  1.521560e+04
  3.459870e+01  1.458425e+04
  3.370250e+01  1.389755e+04
  3.282950e+01  1.330120e+04
  3.197910e+01  1.264555e+04
  3.115070e+01  1.203680e+04
  3.034380e+01  1.142760e+04
  2.955780e+01  1.080140e+04
  2.879220e+01  1.020530e+04
  2.804640e+01  9.594410e+03
  2.731990e+01  8.973920e+03
  2.661220e+01  8.335420e+03
  2.592290e+01  7.757570e+03
  2.525140e+01  7.120960e+03
  2.459730e+01  6.584320e+03
  2.396010e+01  5.992090e+03
  2.333950e+01  5.536070e+03
  2.273490e+01  4.963685e+03
  2.214600e+01  4.417110e+03
  2.157230e+01  3.919370e+03
  2.101350e+01  3.408240e+03
  2.046920e+01  2.991920e+03
  1.993900e+01  2.576805e+03
  1.942250e+01  2.271925e+03
  1.891940e+01  1.994635e+03
  1.842930e+01  1.832890e+03
  1.795200e+01  1.698485e+03
  1.748690e+01  1.653050e+03
  1.703400e+01  1.600660e+03
  1.659270e+01  1.619420e+03
  1.616290e+01  1.651150e+03
  1.574430e+01  1.659930e+03
  1.533640e+01  1.693550e+03
  1.493920e+01  1.655005e+03
  1.455220e+01  1.609875e+03
  1.417520e+01  1.422625e+03
  1.380800e+01  1.158110e+03
  1.345040e+01  8.739250e+02
  1.310200e+01  6.238094e+02
  1.276260e+01  4.139045e+02
  1.243200e+01  2.788890e+02
  1.211000e+01  1.864305e+02
  1.179630e+01  1.314570e+02
  1.149070e+01  9.457925e+01
  1.119310e+01  7.246745e+01
  1.090310e+01  6.587946e+01
  1.062070e+01  4.959890e+01
  1.034560e+01  3.824030e+01
  1.007760e+01  3.543855e+01
  9.816600e+00  2.824480e+01
  9.562300e+00  2.226265e+01
  9.314600e+00  2.302000e+01
  9.073300e+00  2.695760e+01
  8.838300e+00  3.657435e+01
  8.609300e+00  4.937170e+01
  8.386300e+00  6.958980e+01
  8.169100e+00  1.132815e+02
  7.957500e+00  1.683340e+02
  7.751400e+00  2.074820e+02
  7.550600e+00  2.837360e+02
  7.355000e+00  2.825240e+02
  7.164500e+00  2.595800e+02
  6.978900e+00  2.363330e+02
  6.798100e+00  2.064230e+02
  6.622000e+00  1.971090e+02
  6.450500e+00  1.684095e+02
  6.283400e+00  1.537925e+02
  6.120600e+00  1.364535e+02
  5.962100e+00  1.222185e+02
  5.807600e+00  1.191135e+02
  5.657200e+00  1.145690e+02
  5.510700e+00  1.166900e+02
  5.367900e+00  1.040449e+02
  5.228900e+00  9.821405e+01
  5.093400e+00  8.602195e+01
  4.961500e+00  8.162995e+01
  4.833000e+00  7.504200e+01
  4.707800e+00  6.883275e+01
  4.585800e+00  6.300200e+01
  4.467100e+00  5.240075e+01
  4.351300e+00  4.876585e+01
  4.238600e+00  4.513125e+01
  4.128800e+00  4.732725e+01
  4.021900e+00  4.869010e+01
  3.917700e+00  3.763465e+01
  3.816200e+00  3.452995e+01
  3.717400e+00  3.263690e+01
  3.621100e+00  2.710905e+01
  3.527300e+00  2.582175e+01
  3.435900e+00  2.286850e+01
  3.346900e+00  1.930970e+01
  3.260200e+00  1.150985e+01
  3.175800e+00  9.313990e+00
  3.093500e+00  5.376380e+00
  3.013400e+00  4.316245e+00
  2.935300e+00  5.603515e+00
  2.859300e+00  6.057870e+00
  2.785200e+00  8.329575e+00
  2.713100e+00  1.128285e+01
  2.642800e+00  8.783960e+00
  2.574300e+00  1.060130e+01
  2.507600e+00  1.075269e+01
  2.442700e+00  1.113135e+01
  2.379400e+00  9.692560e+00
  2.317800e+00  8.859610e+00
  2.257700e+00  7.875235e+00
  2.199300e+00  8.253820e+00
  2.142300e+00  7.723790e+00
  2.086800e+00  6.133620e+00
  2.032700e+00  6.663655e+00
  1.980100e+00  6.815135e+00
  1.928800e+00  5.603500e+00
  1.878800e+00  4.997755e+00
  1.830200e+00  6.209290e+00
  1.782800e+00  8.859625e+00
  1.736600e+00  5.603505e+00
  1.691600e+00  4.240500e+00
  1.647800e+00  3.937625e+00
  1.605100e+00  3.710450e+00
  1.563500e+00  2.953215e+00
  1.523000e+00  4.240525e+00
  1.483600e+00  2.877500e+00
  1.445100e+00  3.104660e+00
  1.407700e+00  2.044535e+00
  1.371200e+00  2.953210e+00
  1.335700e+00  2.044535e+00
  1.301100e+00  2.271700e+00
  1.267400e+00  1.665925e+00
  1.234600e+00  1.514470e+00
  1.202600e+00  2.423155e+00
  1.171500e+00  2.195970e+00
  1.141100e+00  2.120260e+00
  1.111600e+00  1.363025e+00
  1.082800e+00  1.287305e+00
  1.054700e+00  2.195980e+00
  1.027400e+00  1.817360e+00
  1.000800e+00  1.135860e+00
  9.749000e-01  1.514480e+00
  9.496000e-01  1.438750e+00
  9.250000e-01  1.363025e+00
  9.010000e-01  1.514465e+00
  8.777000e-01  9.844150e-01
  8.550000e-01  9.086900e-01
  8.328000e-01  1.590185e+00
  8.113000e-01  1.817360e+00
  7.902000e-01  1.817360e+00
  7.698000e-01  1.741640e+00
  7.498000e-01  2.650320e+00
  7.304000e-01  2.877500e+00
  7.115000e-01  1.968815e+00
  6.931000e-01  2.650310e+00
  6.751000e-01  1.930955e+01
  6.576000e-01  1.779510e+01
  6.406000e-01  5.467240e+01
  6.240000e-01  1.499330e+01
  6.078000e-01  3.710440e+00
  5.921000e-01  2.801765e+00
  5.767000e-01  3.559000e+00
  5.618000e-01  2.650330e+00
  5.472000e-01  3.180380e+00
  5.331000e-01  3.786175e+00
  5.193000e-01  2.726050e+00
  5.058000e-01  4.013335e+00
  4.927000e-01  5.452080e+00
  4.799000e-01  7.875205e+00
  4.675000e-01  5.906435e+00
  4.554000e-01  4.694865e+00
  4.436000e-01  7.799510e+00
  4.321000e-01  6.966585e+00
  4.209000e-01  6.436455e+00
  4.100000e-01  4.164805e+00
  3.994000e-01  1.022273e+01
  3.891000e-01  1.461465e+01
  3.790000e-01  1.491765e+01
  3.692000e-01  4.013340e+00
  3.596000e-01  2.801765e+00
  3.503000e-01  3.710455e+00
  3.412000e-01  2.423150e+00
  3.324000e-01  2.801765e+00
  3.238000e-01  3.331835e+00
  3.154000e-01  3.256105e+00
  3.072000e-01  4.619130e+00
  2.992000e-01  5.073450e+00
  2.915000e-01  7.723795e+00
  2.839000e-01  7.572295e+00
  2.766000e-01  4.997745e+00
  2.694000e-01  1.143425e+01
  2.624000e-01  2.294425e+01
  2.556000e-01  2.892635e+01
  2.490000e-01  1.143420e+01
  2.426000e-01  9.162580e+00
  2.363000e-01  1.037415e+01
  2.302000e-01  8.102445e+00
  2.242000e-01  4.846285e+00
  2.184000e-01  4.619125e+00
  2.127000e-01  3.861890e+00
  2.072000e-01  4.316225e+00
  2.019000e-01  4.619125e+00
  1.966000e-01  4.316215e+00
  1.915000e-01  6.209315e+00
  1.866000e-01  6.739400e+00
  1.817000e-01  4.316240e+00
  1.770000e-01  4.846275e+00
  1.725000e-01  3.558985e+00
  1.680000e-01  4.467685e+00
  1.636000e-01  5.679265e+00
  1.594000e-01  5.300630e+00
  1.553000e-01  5.754980e+00
  1.512000e-01  4.467695e+00
  1.473000e-01  3.937615e+00
  1.435000e-01  6.587970e+00
  1.398000e-01  5.906410e+00
  1.362000e-01  5.906420e+00
  1.326000e-01  5.603540e+00
  1.292000e-01  6.663645e+00
  1.259000e-01  6.285050e+00
  1.226000e-01  6.890830e+00
  1.194000e-01  8.480965e+00
  1.163000e-01  7.193730e+00
  1.133000e-01  9.389734e+00
  1.104000e-01  7.875260e+00
  1.075000e-01  8.556774e+00
  1.047000e-01  8.632475e+00
  1.020000e-01  1.007124e+01
  9.940000e-02  9.313980e+00
  9.680000e-02  1.241865e+01
  9.430000e-02  9.011101e+00
  9.190000e-02  9.919740e+00
  8.950000e-02  9.768305e+00
  8.720000e-02  9.541155e+00
  8.490000e-02  1.082850e+01
  8.270000e-02  9.616899e+00
  8.060000e-02  9.541130e+00
  7.850000e-02  9.465470e+00
  7.640000e-02  8.935390e+00
  7.450000e-02  7.875240e+00
  7.250000e-02  7.875185e+00
  7.070000e-02  7.496555e+00
  6.880000e-02  6.966585e+00
  6.700000e-02  6.057855e+00
  6.530000e-02  5.982125e+00
  6.360000e-02  5.906425e+00
  6.200000e-02  4.922030e+00
  6.040000e-02  4.316245e+00
  5.880000e-02  4.089065e+00
  5.730000e-02  3.861880e+00
  5.580000e-02  3.256095e+00
  5.430000e-02  2.120265e+00
  5.290000e-02  2.195990e+00
  5.160000e-02  2.650330e+00
  5.020000e-02  1.817365e+00
  4.890000e-02  1.514475e+00
  4.770000e-02  1.211580e+00
  4.640000e-02  1.590195e+00
  4.520000e-02  9.844100e-01
  4.410000e-02  1.135850e+00
  4.290000e-02  8.329600e-01
  4.180000e-02  1.135860e+00
  4.070000e-02  6.057950e-01
  3.970000e-02  5.300700e-01
  3.860000e-02  3.029000e-01
  3.760000e-02  3.029000e-01
  3.670000e-02  3.028950e-01
  3.570000e-02  6.815200e-01
  3.480000e-02  3.786250e-01
  3.390000e-02  4.543500e-01
  3.300000e-02  3.028950e-01
  3.220000e-02  7.572500e-02
  3.130000e-02  2.271750e-01
  3.050000e-02  2.271750e-01
  2.970000e-02  1.514500e-01
  2.890000e-02  0.000000e+00
  2.820000e-02  0.000000e+00
  2.750000e-02  0.000000e+00
  2.680000e-02  0.000000e+00
  2.610000e-02  0.000000e+00
  2.540000e-02  0.000000e+00
  2.470000e-02  0.000000e+00
  2.410000e-02  0.000000e+00
  2.350000e-02  0.000000e+00
  2.290000e-02  0.000000e+00
  2.230000e-02  0.000000e+00
  2.170000e-02  7.572500e-02
  2.110000e-02  0.000000e+00
  2.060000e-02  0.000000e+00
  2.000000e-02  7.572500e-02
  1.950000e-02  0.000000e+00
  1.900000e-02  0.000000e+00
  1.850000e-02  0.000000e+00
  1.800000e-02  0.000000e+00
  1.760000e-02  0.000000e+00
  1.710000e-02  0.000000e+00
  1.670000e-02  0.000000e+00
  1.630000e-02  0.000000e+00
  1.580000e-02  0.000000e+00
  1.540000e-02  0.000000e+00
  1.500000e-02  0.000000e+00
  1.460000e-02  0.000000e+00
  1.430000e-02  0.000000e+00
  1.390000e-02  7.572500e-02
  1.350000e-02  0.000000e+00
  1.320000e-02  0.000000e+00
  1.280000e-02  0.000000e+00
  1.250000e-02  0.000000e+00
  1.220000e-02  0.000000e+00
  1.190000e-02  0.000000e+00
  1.160000e-02  0.000000e+00
  1.130000e-02  0.000000e+00
  1.100000e-02  7.572500e-02
  1.070000e-02  0.000000e+00
  1.040000e-02  0.000000e+00
  1.010000e-02  0.000000e+00
