  4.934820e+03  5.802100e-02
  4.806990e+03  0.000000e+00
  4.682470e+03  0.000000e+00
  4.561180e+03  0.000000e+00
  4.443030e+03  0.000000e+00
  4.327940e+03  0.000000e+00
  4.215830e+03  0.000000e+00
  4.106630e+03  0.000000e+00
  4.000250e+03  0.000000e+00
  3.896630e+03  2.901050e-02
  3.795700e+03  2.901050e-02
  3.697380e+03  2.901050e-02
  3.601600e+03  0.000000e+00
  3.508310e+03  0.000000e+00
  3.417430e+03  2.901050e-02
  3.328910e+03  0.000000e+00
  3.242680e+03  2.901050e-02
  3.158680e+03  0.000000e+00
  3.076860e+03  0.000000e+00
  2.997160e+03  0.000000e+00
  2.919530e+03  0.000000e+00
  2.843900e+03  1.450515e-01
  2.770230e+03  2.901050e-02
  2.698480e+03  0.000000e+00
  2.628580e+03  2.901050e-02
  2.560490e+03  5.802100e-02
  2.494160e+03  5.802000e-02
  2.429550e+03  2.901050e-02
  2.366620e+03  2.901050e-02
  2.305320e+03  2.901050e-02
  2.245600e+03  5.802100e-02
  2.187430e+03  5.802100e-02
  2.130770e+03  1.450525e-01
  2.075580e+03  1.450525e-01
  2.021810e+03  8.703050e-02
  1.969440e+03  5.802100e-02
  1.918430e+03  1.450525e-01
  1.868730e+03  2.030725e-01
  1.820330e+03  1.740620e-01
  1.773170e+03  8.703050e-02
  1.727240e+03  1.160420e-01
  1.682500e+03  2.030735e-01
  1.638920e+03  1.740630e-01
  1.596470e+03  1.450510e-01
  1.555110e+03  3.481230e-01
  1.514830e+03  2.320830e-01
  1.475590e+03  2.320820e-01
  1.437370e+03  2.901020e-01
  1.400140e+03  2.610925e-01
  1.363870e+03  3.481250e-01
  1.328540e+03  3.191135e-01
  1.294120e+03  4.351535e-01
  1.260600e+03  3.771345e-01
  1.227950e+03  3.481230e-01
  1.196140e+03  5.221835e-01
  1.165160e+03  7.252530e-01
  1.134980e+03  6.672339e-01
  1.105580e+03  8.703015e-01
  1.076940e+03  7.832735e-01
  1.049040e+03  7.832795e-01
  1.021870e+03  1.015352e+00
  9.953980e+02  9.863415e-01
  9.696140e+02  1.102382e+00
  9.444970e+02  1.276445e+00
  9.200320e+02  1.682600e+00
  8.962000e+02  1.392490e+00
  8.729850e+02  2.320830e+00
  8.503720e+02  1.711605e+00
  8.283450e+02  2.349835e+00
  8.068880e+02  2.814035e+00
  7.859870e+02  3.945445e+00
  7.656270e+02  3.278190e+00
  7.457950e+02  3.771375e+00
  7.264760e+02  4.409615e+00
  7.076580e+02  4.351605e+00
  6.893270e+02  5.686075e+00
  6.714710e+02  5.773100e+00
  6.540780e+02  7.629795e+00
  6.371350e+02  7.890880e+00
  6.206310e+02  9.283480e+00
  6.045550e+02  1.038585e+01
  5.888950e+02  1.131415e+01
  5.736410e+02  1.264855e+01
  5.587810e+02  1.383800e+01
  5.443070e+02  1.496950e+01
  5.302080e+02  1.804475e+01
  5.164740e+02  1.946600e+01
  5.030950e+02  2.175805e+01
  4.900630e+02  2.410780e+01
  4.773690e+02  2.845945e+01
  4.650040e+02  3.208575e+01
  4.529580e+02  3.368135e+01
  4.412250e+02  3.852615e+01
  4.297960e+02  4.427000e+01
  4.186630e+02  4.902790e+01
  4.078180e+02  5.561345e+01
  3.972540e+02  6.022590e+01
  3.869640e+02  6.977050e+01
  3.769400e+02  8.015620e+01
  3.671770e+02  8.827940e+01
  3.576650e+02  9.782405e+01
  3.484010e+02  1.078325e+02
  3.393760e+02  1.239630e+02
  3.305850e+02  1.414560e+02
  3.220220e+02  1.530605e+02
  3.136800e+02  1.653020e+02
  3.055550e+02  1.871765e+02
  2.976400e+02  2.108505e+02
  2.899300e+02  2.306060e+02
  2.824200e+02  2.622570e+02
  2.751040e+02  2.904545e+02
  2.679780e+02  3.198120e+02
  2.610370e+02  3.558445e+02
  2.542750e+02  4.021445e+02
  2.476890e+02  4.504190e+02
  2.412730e+02  4.984605e+02
  2.350230e+02  5.602240e+02
  2.289350e+02  6.206230e+02
  2.230050e+02  6.934700e+02
  2.172280e+02  7.611800e+02
  2.116010e+02  8.516065e+02
  2.061200e+02  9.339100e+02
  2.007810e+02  1.033880e+03
  1.955800e+02  1.169450e+03
  1.905140e+02  1.289950e+03
  1.855790e+02  1.441680e+03
  1.807720e+02  1.604025e+03
  1.760890e+02  1.772805e+03
  1.715280e+02  1.955140e+03
  1.670850e+02  2.148930e+03
  1.627570e+02  2.369495e+03
  1.585410e+02  2.594565e+03
  1.544340e+02  2.827190e+03
  1.504340e+02  3.071495e+03
  1.465370e+02  3.352410e+03
  1.427410e+02  3.644665e+03
  1.390440e+02  3.936855e+03
  1.354420e+02  4.277265e+03
  1.319340e+02  4.626645e+03
  1.285160e+02  4.998845e+03
  1.251870e+02  5.370870e+03
  1.219440e+02  5.758605e+03
  1.187850e+02  6.179790e+03
  1.157090e+02  6.632520e+03
  1.127110e+02  7.101065e+03
  1.097920e+02  7.612880e+03
  1.069480e+02  8.160280e+03
  1.041770e+02  8.696596e+03
  1.014790e+02  9.276564e+03
  9.885030e+01  9.897285e+03
  9.628970e+01  1.051290e+04
  9.379550e+01  1.115355e+04
  9.136590e+01  1.182995e+04
  8.899920e+01  1.254520e+04
  8.669380e+01  1.321285e+04
  8.444820e+01  1.389020e+04
  8.226070e+01  1.465080e+04
  8.012980e+01  1.542880e+04
  7.805420e+01  1.611095e+04
  7.603240e+01  1.689075e+04
  7.406290e+01  1.764985e+04
  7.214440e+01  1.832380e+04
  7.027560e+01  1.900885e+04
  6.845520e+01  1.959000e+04
  6.668200e+01  2.028255e+04
  6.495470e+01  2.064120e+04
  6.327220e+01  2.096895e+04
  6.163320e+01  2.124855e+04
  6.003670e+01  2.135870e+04
  5.848160e+01  2.136080e+04
  5.696670e+01  2.126350e+04
  5.549110e+01  2.122085e+04
  5.405370e+01  2.111385e+04
  5.265350e+01  2.090015e+04
  5.128960e+01  2.062070e+04
  4.996100e+01  2.032840e+04
  4.866690e+01  1.983675e+04
  4.740620e+01  1.928355e+04
  4.617830e+01  1.851485e+04
  4.498210e+01  1.767345e+04
  4.381690e+01  1.703610e+04
  4.268190e+01  1.630805e+04
  4.157630e+01  1.556385e+04
  4.049930e+01  1.482500e+04
  3.945030e+01  1.410360e+04
  3.842840e+01  1.353265e+04
  3.743290e+01  1.292995e+04
  3.646330e+01  1.232205e+04
  3.551880e+01  1.177340e+04
  3.459870e+01  1.119415e+04
  3.370250e+01  1.058360e+04
  3.282950e+01  9.959955e+03
  3.197910e+01  9.387020e+03
  3.115070e+01  8.835609e+03
  3.034380e+01  8.268109e+03
  2.955780e+01  7.732165e+03
  2.879220e+01  7.205950e+03
  2.804640e+01  6.673630e+03
  2.731990e+01  6.140920e+03
  2.661220e+01  5.616830e+03
  2.592290e+01  5.123335e+03
  2.525140e+01  4.653990e+03
  2.459730e+01  4.157365e+03
  2.396010e+01  3.739470e+03
  2.333950e+01  3.342785e+03
  2.273490e+01  2.917450e+03
  2.214600e+01  2.512675e+03
  2.157230e+01  2.165585e+03
  2.101350e+01  1.807645e+03
  2.046920e+01  1.522920e+03
  1.993900e+01  1.269880e+03
  1.942250e+01  1.058250e+03
  1.891940e+01  9.036219e+02
  1.842930e+01  8.246260e+02
  1.795200e+01  7.572635e+02
  1.748690e+01  7.399155e+02
  1.703400e+01  7.366095e+02
  1.659270e+01  7.789055e+02
  1.616290e+01  8.309800e+02
  1.574430e+01  8.841285e+02
  1.533640e+01  9.233785e+02
  1.493920e+01  9.643150e+02
  1.455220e+01  9.340544e+02
  1.417520e+01  8.153145e+02
  1.380800e+01  6.318805e+02
  1.345040e+01  4.263110e+02
  1.310200e+01  2.672160e+02
  1.276260e+01  1.558445e+02
  1.243200e+01  8.491396e+01
  1.211000e+01  4.421215e+01
  1.179630e+01  2.654475e+01
  1.149070e+01  1.407015e+01
  1.119310e+01  9.022280e+00
  1.090310e+01  7.020545e+00
  1.062070e+01  4.815765e+00
  1.034560e+01  4.293580e+00
  1.007760e+01  2.581935e+00
  9.816600e+00  2.262820e+00
  9.562300e+00  2.262810e+00
  9.314600e+00  2.088755e+00
  9.073300e+00  2.639965e+00
  8.838300e+00  3.104125e+00
  8.609300e+00  7.977925e+00
  8.386300e+00  1.467940e+01
  8.169100e+00  3.127335e+01
  7.957500e+00  5.996500e+01
  7.751400e+00  9.712810e+01
  7.550600e+00  1.417455e+02
  7.355000e+00  1.463585e+02
  7.164500e+00  1.317955e+02
  6.978900e+00  1.169985e+02
  6.798100e+00  9.788250e+01
  6.622000e+00  7.725525e+01
  6.450500e+00  6.785575e+01
  6.283400e+00  5.271230e+01
  6.120600e+00  4.537265e+01
  5.962100e+00  4.096300e+01
  5.807600e+00  3.556720e+01
  5.657200e+00  3.443560e+01
  5.510700e+00  3.136045e+01
  5.367900e+00  2.921370e+01
  5.228900e+00  2.593540e+01
  5.093400e+00  2.213515e+01
  4.961500e+00  2.062655e+01
  4.833000e+00  1.816070e+01
  4.707800e+00  1.656510e+01
  4.585800e+00  1.438935e+01
  4.467100e+00  1.198135e+01
  4.351300e+00  1.288075e+01
  4.238600e+00  1.180730e+01
  4.128800e+00  1.108200e+01
  4.021900e+00  1.230050e+01
  3.917700e+00  1.041481e+01
  3.816200e+00  8.935275e+00
  3.717400e+00  8.616135e+00
  3.621100e+00  7.832825e+00
  3.527300e+00  7.426740e+00
  3.435900e+00  6.933505e+00
  3.346900e+00  6.469355e+00
  3.260200e+00  4.496650e+00
  3.175800e+00  3.336215e+00
  3.093500e+00  2.581940e+00
  3.013400e+00  2.494895e+00
  2.935300e+00  2.262810e+00
  2.859300e+00  2.959080e+00
  2.785200e+00  3.307215e+00
  2.713100e+00  4.235550e+00
  2.642800e+00  4.380600e+00
  2.574300e+00  3.771385e+00
  2.507600e+00  4.177530e+00
  2.442700e+00  4.148515e+00
  2.379400e+00  3.945450e+00
  2.317800e+00  3.829400e+00
  2.257700e+00  3.104135e+00
  2.199300e+00  3.626320e+00
  2.142300e+00  2.959085e+00
  2.086800e+00  2.785015e+00
  2.032700e+00  3.336220e+00
  1.980100e+00  2.988090e+00
  1.928800e+00  2.088750e+00
  1.878800e+00  2.146775e+00
  1.830200e+00  2.349845e+00
  1.782800e+00  3.336210e+00
  1.736600e+00  2.175785e+00
  1.691600e+00  1.450505e+00
  1.647800e+00  2.030720e+00
  1.605100e+00  1.914695e+00
  1.563500e+00  1.421500e+00
  1.523000e+00  1.624570e+00
  1.483600e+00  1.073372e+00
  1.445100e+00  1.044362e+00
  1.407700e+00  1.189415e+00
  1.371200e+00  1.479525e+00
  1.335700e+00  1.218435e+00
  1.301100e+00  8.703060e-01
  1.267400e+00  5.511965e-01
  1.234600e+00  7.252520e-01
  1.202600e+00  1.044367e+00
  1.171500e+00  1.044366e+00
  1.141100e+00  9.863565e-01
  1.111600e+00  7.252550e-01
  1.082800e+00  7.252580e-01
  1.054700e+00  8.993185e-01
  1.027400e+00  7.832720e-01
  1.000800e+00  6.382245e-01
  9.749000e-01  8.703080e-01
  9.496000e-01  4.351545e-01
  9.250000e-01  5.511980e-01
  9.010000e-01  7.542640e-01
  8.777000e-01  7.252560e-01
  8.550000e-01  7.252525e-01
  8.328000e-01  8.122830e-01
  8.113000e-01  1.276450e+00
  7.902000e-01  1.160405e+00
  7.698000e-01  8.412925e-01
  7.498000e-01  1.160400e+00
  7.304000e-01  1.073380e+00
  7.115000e-01  1.421490e+00
  6.931000e-01  1.595560e+00
  6.751000e-01  5.279925e+00
  6.576000e-01  7.832885e+00
  6.406000e-01  1.633300e+01
  6.240000e-01  3.307210e+00
  6.078000e-01  1.450515e+00
  5.921000e-01  1.421505e+00
  5.767000e-01  1.218425e+00
  5.618000e-01  1.537540e+00
  5.472000e-01  1.566560e+00
  5.331000e-01  1.972705e+00
  5.193000e-01  1.392490e+00
  5.058000e-01  1.914695e+00
  4.927000e-01  2.639955e+00
  4.799000e-01  2.262825e+00
  4.675000e-01  1.682595e+00
  4.554000e-01  2.204800e+00
  4.436000e-01  2.581935e+00
  4.321000e-01  3.220180e+00
  4.209000e-01  2.233805e+00
  4.100000e-01  2.175790e+00
  3.994000e-01  3.452260e+00
  3.891000e-01  3.452260e+00
  3.790000e-01  4.757735e+00
  3.692000e-01  2.088750e+00
  3.596000e-01  2.146775e+00
  3.503000e-01  2.059745e+00
  3.412000e-01  2.117770e+00
  3.324000e-01  2.117765e+00
  3.238000e-01  1.334465e+00
  3.154000e-01  2.262810e+00
  3.072000e-01  2.059740e+00
  2.992000e-01  3.336220e+00
  2.915000e-01  3.655345e+00
  2.839000e-01  4.061485e+00
  2.766000e-01  3.452255e+00
  2.694000e-01  6.440335e+00
  2.624000e-01  9.051334e+00
  2.556000e-01  1.201035e+01
  2.490000e-01  5.599065e+00
  2.426000e-01  5.134870e+00
  2.363000e-01  6.034210e+00
  2.302000e-01  3.887420e+00
  2.242000e-01  3.104130e+00
  2.184000e-01  2.930075e+00
  2.127000e-01  2.814040e+00
  2.072000e-01  2.697980e+00
  2.019000e-01  2.552925e+00
  1.966000e-01  2.988085e+00
  1.915000e-01  3.046105e+00
  1.866000e-01  3.423250e+00
  1.817000e-01  3.249190e+00
  1.770000e-01  2.872040e+00
  1.725000e-01  3.423255e+00
  1.680000e-01  2.930060e+00
  1.636000e-01  2.436875e+00
  1.594000e-01  2.930065e+00
  1.553000e-01  2.901060e+00
  1.512000e-01  2.697980e+00
  1.473000e-01  2.668970e+00
  1.435000e-01  2.494905e+00
  1.398000e-01  3.133135e+00
  1.362000e-01  2.814025e+00
  1.326000e-01  3.307195e+00
  1.292000e-01  3.046105e+00
  1.259000e-01  3.597320e+00
  1.226000e-01  3.249185e+00
  1.194000e-01  3.394240e+00
  1.163000e-01  3.162165e+00
  1.133000e-01  3.278200e+00
  1.104000e-01  3.887415e+00
  1.075000e-01  3.510280e+00
  1.047000e-01  3.278210e+00
  1.020000e-01  3.829420e+00
  9.940000e-02  3.133140e+00
  9.680000e-02  3.278200e+00
  9.430000e-02  3.191165e+00
  9.190000e-02  3.046105e+00
  8.950000e-02  2.755995e+00
  8.720000e-02  2.814025e+00
  8.490000e-02  2.581940e+00
  8.270000e-02  2.814030e+00
  8.060000e-02  2.610955e+00
  7.850000e-02  2.001715e+00
  7.640000e-02  1.711615e+00
  7.450000e-02  2.001710e+00
  7.250000e-02  1.711600e+00
  7.070000e-02  1.334465e+00
  6.880000e-02  1.305455e+00
  6.700000e-02  1.682605e+00
  6.530000e-02  9.863420e-01
  6.360000e-02  9.283255e-01
  6.200000e-02  8.122830e-01
  6.040000e-02  5.511940e-01
  5.880000e-02  7.832730e-01
  5.730000e-02  2.610925e-01
  5.580000e-02  5.802040e-01
  5.430000e-02  6.092125e-01
  5.290000e-02  2.320820e-01
  5.160000e-02  3.191120e-01
  5.020000e-02  1.450525e-01
  4.890000e-02  2.030715e-01
  4.770000e-02  5.802100e-02
  4.640000e-02  5.802100e-02
  4.520000e-02  2.901050e-02
  4.410000e-02  5.802100e-02
  4.290000e-02  2.901050e-02
  4.180000e-02  5.802100e-02
  4.070000e-02  8.703150e-02
  3.970000e-02  5.802100e-02
  3.860000e-02  0.000000e+00
  3.760000e-02  5.802100e-02
  3.670000e-02  2.901050e-02
  3.570000e-02  2.901050e-02
  3.480000e-02  2.901050e-02
  3.390000e-02  0.000000e+00
  3.300000e-02  0.000000e+00
  3.220000e-02  1.160420e-01
  3.130000e-02  0.000000e+00
  3.050000e-02  2.901050e-02
  2.970000e-02  2.901050e-02
  2.890000e-02  2.901050e-02
  2.820000e-02  0.000000e+00
  2.750000e-02  5.802100e-02
  2.680000e-02  0.000000e+00
  2.610000e-02  0.000000e+00
  2.540000e-02  0.000000e+00
  2.470000e-02  2.901050e-02
  2.410000e-02  0.000000e+00
  2.350000e-02  2.901050e-02
  2.290000e-02  0.000000e+00
  2.230000e-02  0.000000e+00
  2.170000e-02  0.000000e+00
  2.110000e-02  0.000000e+00
  2.060000e-02  0.000000e+00
  2.000000e-02  2.901050e-02
  1.950000e-02  2.901050e-02
  1.900000e-02  2.901050e-02
  1.850000e-02  0.000000e+00
  1.800000e-02  2.901050e-02
  1.760000e-02  0.000000e+00
  1.710000e-02  2.901050e-02
  1.670000e-02  0.000000e+00
  1.630000e-02  0.000000e+00
  1.580000e-02  0.000000e+00
  1.540000e-02  0.000000e+00
  1.500000e-02  0.000000e+00
  1.460000e-02  0.000000e+00
  1.430000e-02  0.000000e+00
  1.390000e-02  0.000000e+00
  1.350000e-02  0.000000e+00
  1.320000e-02  0.000000e+00
  1.280000e-02  0.000000e+00
  1.250000e-02  0.000000e+00
  1.220000e-02  0.000000e+00
  1.190000e-02  0.000000e+00
  1.160000e-02  0.000000e+00
  1.130000e-02  0.000000e+00
  1.100000e-02  6.063220e+00
  1.070000e-02  8.790240e+00
  1.040000e-02  7.716830e+00
  1.010000e-02  6.698555e+01
