  4.934820e+03  0.000000e+00
  4.806990e+03  0.000000e+00
  4.682470e+03  0.000000e+00
  4.561180e+03  0.000000e+00
  4.443030e+03  0.000000e+00
  4.327940e+03  0.000000e+00
  4.215830e+03  0.000000e+00
  4.106630e+03  0.000000e+00
  4.000250e+03  0.000000e+00
  3.896630e+03  0.000000e+00
  3.795700e+03  0.000000e+00
  3.697380e+03  0.000000e+00
  3.601600e+03  0.000000e+00
  3.508310e+03  0.000000e+00
  3.417430e+03  0.000000e+00
  3.328910e+03  0.000000e+00
  3.242680e+03  0.000000e+00
  3.158680e+03  0.000000e+00
  3.076860e+03  7.434500e-02
  2.997160e+03  0.000000e+00
  2.919530e+03  0.000000e+00
  2.843900e+03  7.434500e-02
  2.770230e+03  7.434500e-02
  2.698480e+03  0.000000e+00
  2.628580e+03  0.000000e+00
  2.560490e+03  0.000000e+00
  2.494160e+03  7.434500e-02
  2.429550e+03  0.000000e+00
  2.366620e+03  7.434500e-02
  2.305320e+03  0.000000e+00
  2.245600e+03  0.000000e+00
  2.187430e+03  1.486900e-01
  2.130770e+03  1.486900e-01
  2.075580e+03  7.434500e-02
  2.021810e+03  0.000000e+00
  1.969440e+03  0.000000e+00
  1.918430e+03  1.486900e-01
  1.868730e+03  0.000000e+00
  1.820330e+03  0.000000e+00
  1.773170e+03  1.486900e-01
  1.727240e+03  0.000000e+00
  1.682500e+03  2.973800e-01
  1.638920e+03  7.434500e-02
  1.596470e+03  0.000000e+00
  1.555110e+03  3.717250e-01
  1.514830e+03  2.973800e-01
  1.475590e+03  5.204250e-01
  1.437370e+03  4.460750e-01
  1.400140e+03  1.486900e-01
  1.363870e+03  2.230350e-01
  1.328540e+03  2.230350e-01
  1.294120e+03  6.691100e-01
  1.260600e+03  3.717300e-01
  1.227950e+03  5.204150e-01
  1.196140e+03  6.691150e-01
  1.165160e+03  8.921500e-01
  1.134980e+03  1.189550e+00
  1.105580e+03  5.947700e-01
  1.076940e+03  1.115195e+00
  1.049040e+03  1.115200e+00
  1.021870e+03  1.263885e+00
  9.953980e+02  9.665000e-01
  9.696140e+02  1.561270e+00
  9.444970e+02  1.635625e+00
  9.200320e+02  1.784320e+00
  8.962000e+02  2.156030e+00
  8.729850e+02  2.676470e+00
  8.503720e+02  2.973865e+00
  8.283450e+02  3.122550e+00
  8.068880e+02  3.568635e+00
  7.859870e+02  4.386440e+00
  7.656270e+02  3.866010e+00
  7.457950e+02  5.724630e+00
  7.264760e+02  5.650295e+00
  7.076580e+02  8.103640e+00
  6.893270e+02  6.468035e+00
  6.714710e+02  8.103580e+00
  6.540780e+02  1.048264e+01
  6.371350e+02  1.115170e+01
  6.206310e+02  1.226695e+01
  6.045550e+02  1.457165e+01
  5.888950e+02  1.605865e+01
  5.736410e+02  1.799175e+01
  5.587810e+02  2.185790e+01
  5.443070e+02  2.327040e+01
  5.302080e+02  2.557530e+01
  5.164740e+02  2.840035e+01
  5.030950e+02  3.360440e+01
  4.900630e+02  3.680135e+01
  4.773690e+02  4.037005e+01
  4.650040e+02  4.996060e+01
  4.529580e+02  5.553665e+01
  4.412250e+02  6.215355e+01
  4.297960e+02  7.129800e+01
  4.186630e+02  7.672535e+01
  4.078180e+02  8.854645e+01
  3.972540e+02  9.932660e+01
  3.869640e+02  1.115925e+02
  3.769400e+02  1.239350e+02
  3.671770e+02  1.392510e+02
  3.576650e+02  1.632645e+02
  3.484010e+02  1.785795e+02
  3.393760e+02  1.996190e+02
  3.305850e+02  2.242285e+02
  3.220220e+02  2.567175e+02
  3.136800e+02  2.822935e+02
  3.055550e+02  3.262320e+02
  2.976400e+02  3.507665e+02
  2.899300e+02  3.978270e+02
  2.824200e+02  4.507615e+02
  2.751040e+02  5.068935e+02
  2.679780e+02  5.698640e+02
  2.610370e+02  6.372210e+02
  2.542750e+02  7.079995e+02
  2.476890e+02  7.988500e+02
  2.412730e+02  9.216730e+02
  2.350230e+02  1.021960e+03
  2.289350e+02  1.149235e+03
  2.230050e+02  1.277490e+03
  2.172280e+02  1.436290e+03
  2.116010e+02  1.588170e+03
  2.061200e+02  1.786620e+03
  2.007810e+02  1.979775e+03
  1.955800e+02  2.231045e+03
  1.905140e+02  2.482645e+03
  1.855790e+02  2.795790e+03
  1.807720e+02  3.135625e+03
  1.760890e+02  3.499405e+03
  1.715280e+02  3.896635e+03
  1.670850e+02  4.310970e+03
  1.627570e+02  4.814080e+03
  1.585410e+02  5.289595e+03
  1.544340e+02  5.844510e+03
  1.504340e+02  6.437720e+03
  1.465370e+02  7.093075e+03
  1.427410e+02  7.733795e+03
  1.390440e+02  8.428859e+03
  1.354420e+02  9.248600e+03
  1.319340e+02  1.006675e+04
  1.285160e+02  1.097870e+04
  1.251870e+02  1.193910e+04
  1.219440e+02  1.296600e+04
  1.187850e+02  1.409160e+04
  1.157090e+02  1.525580e+04
  1.127110e+02  1.648320e+04
  1.097920e+02  1.780490e+04
  1.069480e+02  1.920770e+04
  1.041770e+02  2.071060e+04
  1.014790e+02  2.218405e+04
  9.885030e+01  2.388335e+04
  9.628970e+01  2.557600e+04
  9.379550e+01  2.741980e+04
  9.136590e+01  2.916135e+04
  8.899920e+01  3.094195e+04
  8.669380e+01  3.293990e+04
  8.444820e+01  3.479995e+04
  8.226070e+01  3.677045e+04
  8.012980e+01  3.875480e+04
  7.805420e+01  4.069640e+04
  7.603240e+01  4.251500e+04
  7.406290e+01  4.423265e+04
  7.214440e+01  4.587330e+04
  7.027560e+01  4.757410e+04
  6.845520e+01  4.876795e+04
  6.668200e+01  4.990200e+04
  6.495470e+01  5.056495e+04
  6.327220e+01  5.117845e+04
  6.163320e+01  5.161925e+04
  6.003670e+01  5.165675e+04
  5.848160e+01  5.147585e+04
  5.696670e+01  5.116615e+04
  5.549110e+01  5.085935e+04
  5.405370e+01  4.984360e+04
  5.265350e+01  4.861590e+04
  5.128960e+01  4.719680e+04
  4.996100e+01  4.557530e+04
  4.866690e+01  4.328890e+04
  4.740620e+01  4.089050e+04
  4.617830e+01  3.834600e+04
  4.498210e+01  3.560235e+04
  4.381690e+01  3.389320e+04
  4.268190e+01  3.193050e+04
  4.157630e+01  3.002295e+04
  4.049930e+01  2.813730e+04
  3.945030e+01  2.627540e+04
  3.842840e+01  2.480290e+04
  3.743290e+01  2.327225e+04
  3.646330e+01  2.177620e+04
  3.551880e+01  2.042350e+04
  3.459870e+01  1.883110e+04
  3.370250e+01  1.723240e+04
  3.282950e+01  1.569915e+04
  3.197910e+01  1.424680e+04
  3.115070e+01  1.286345e+04
  3.034380e+01  1.154060e+04
  2.955780e+01  1.029075e+04
  2.879220e+01  9.106445e+03
  2.804640e+01  8.007095e+03
  2.731990e+01  6.940210e+03
  2.661220e+01  6.032600e+03
  2.592290e+01  5.146025e+03
  2.525140e+01  4.336700e+03
  2.459730e+01  3.665865e+03
  2.396010e+01  3.042550e+03
  2.333950e+01  2.495950e+03
  2.273490e+01  2.043185e+03
  2.214600e+01  1.623345e+03
  2.157230e+01  1.283585e+03
  2.101350e+01  9.886525e+02
  2.046920e+01  7.749120e+02
  1.993900e+01  5.883015e+02
  1.942250e+01  4.691985e+02
  1.891940e+01  3.697235e+02
  1.842930e+01  3.075705e+02
  1.795200e+01  2.709920e+02
  1.748690e+01  2.480940e+02
  1.703400e+01  2.283170e+02
  1.659270e+01  2.222205e+02
  1.616290e+01  2.231870e+02
  1.574430e+01  2.222205e+02
  1.533640e+01  2.231865e+02
  1.493920e+01  2.202870e+02
  1.455220e+01  2.061605e+02
  1.417520e+01  1.631155e+02
  1.380800e+01  1.138970e+02
  1.345040e+01  6.847295e+01
  1.310200e+01  4.557430e+01
  1.276260e+01  3.003590e+01
  1.243200e+01  2.512920e+01
  1.211000e+01  2.118875e+01
  1.179630e+01  1.568695e+01
  1.149070e+01  1.486910e+01
  1.119310e+01  1.524080e+01
  1.090310e+01  1.405125e+01
  1.062070e+01  1.486910e+01
  1.034560e+01  1.122615e+01
  1.007760e+01  1.144914e+01
  9.816600e+00  1.018517e+01
  9.562300e+00  6.914175e+00
  9.314600e+00  6.542410e+00
  9.073300e+00  6.468095e+00
  8.838300e+00  5.055530e+00
  8.609300e+00  4.609480e+00
  8.386300e+00  4.609470e+00
  8.169100e+00  5.427260e+00
  7.957500e+00  7.434560e+00
  7.751400e+00  1.159780e+01
  7.550600e+00  1.553825e+01
  7.355000e+00  1.486910e+01
  7.164500e+00  1.308470e+01
  6.978900e+00  1.672775e+01
  6.798100e+00  1.226695e+01
  6.622000e+00  1.301040e+01
  6.450500e+00  1.345645e+01
  6.283400e+00  1.018532e+01
  6.120600e+00  9.218730e+00
  5.962100e+00  9.441774e+00
  5.807600e+00  9.144435e+00
  5.657200e+00  8.772690e+00
  5.510700e+00  9.813505e+00
  5.367900e+00  8.847040e+00
  5.228900e+00  8.847040e+00
  5.093400e+00  8.698380e+00
  4.961500e+00  8.772730e+00
  4.833000e+00  8.475334e+00
  4.707800e+00  7.285790e+00
  4.585800e+00  6.022060e+00
  4.467100e+00  6.839765e+00
  4.351300e+00  5.799025e+00
  4.238600e+00  5.798980e+00
  4.128800e+00  5.352920e+00
  4.021900e+00  6.096365e+00
  3.917700e+00  6.319415e+00
  3.816200e+00  5.278565e+00
  3.717400e+00  5.724650e+00
  3.621100e+00  4.089070e+00
  3.527300e+00  5.129860e+00
  3.435900e+00  4.089055e+00
  3.346900e+00  3.048205e+00
  3.260200e+00  3.419940e+00
  3.175800e+00  2.676470e+00
  3.093500e+00  1.784305e+00
  3.013400e+00  1.263875e+00
  2.935300e+00  2.007350e+00
  2.859300e+00  2.453435e+00
  2.785200e+00  2.453440e+00
  2.713100e+00  3.048210e+00
  2.642800e+00  2.676475e+00
  2.574300e+00  3.048215e+00
  2.507600e+00  2.527785e+00
  2.442700e+00  2.230390e+00
  2.379400e+00  2.007360e+00
  2.317800e+00  2.973870e+00
  2.257700e+00  2.602135e+00
  2.199300e+00  2.899515e+00
  2.142300e+00  2.156040e+00
  2.086800e+00  1.858665e+00
  2.032700e+00  2.750820e+00
  1.980100e+00  2.602120e+00
  1.928800e+00  2.453440e+00
  1.878800e+00  1.709965e+00
  1.830200e+00  2.379090e+00
  1.782800e+00  2.676475e+00
  1.736600e+00  1.858655e+00
  1.691600e+00  1.412585e+00
  1.647800e+00  1.858670e+00
  1.605100e+00  1.561265e+00
  1.563500e+00  1.412590e+00
  1.523000e+00  1.338235e+00
  1.483600e+00  1.709975e+00
  1.445100e+00  1.635620e+00
  1.407700e+00  1.486925e+00
  1.371200e+00  1.709960e+00
  1.335700e+00  1.189535e+00
  1.301100e+00  1.412585e+00
  1.267400e+00  5.947700e-01
  1.234600e+00  1.561260e+00
  1.202600e+00  1.338230e+00
  1.171500e+00  9.664950e-01
  1.141100e+00  1.561270e+00
  1.111600e+00  8.921551e-01
  1.082800e+00  1.040840e+00
  1.054700e+00  8.921450e-01
  1.027400e+00  7.434650e-01
  1.000800e+00  1.040845e+00
  9.749000e-01  8.178100e-01
  9.496000e-01  8.178050e-01
  9.250000e-01  9.664900e-01
  9.010000e-01  9.665051e-01
  8.777000e-01  8.178100e-01
  8.550000e-01  1.189535e+00
  8.328000e-01  1.412575e+00
  8.113000e-01  1.115185e+00
  7.902000e-01  1.486925e+00
  7.698000e-01  1.412575e+00
  7.498000e-01  1.933005e+00
  7.304000e-01  2.230405e+00
  7.115000e-01  1.412575e+00
  6.931000e-01  2.602130e+00
  6.751000e-01  1.189520e+01
  6.576000e-01  1.293610e+01
  6.406000e-01  2.386515e+01
  6.240000e-01  4.906845e+00
  6.078000e-01  2.527780e+00
  5.921000e-01  1.933010e+00
  5.767000e-01  2.156045e+00
  5.618000e-01  2.676470e+00
  5.472000e-01  2.453440e+00
  5.331000e-01  3.717295e+00
  5.193000e-01  2.973870e+00
  5.058000e-01  2.453440e+00
  4.927000e-01  3.717305e+00
  4.799000e-01  4.460770e+00
  4.675000e-01  2.825175e+00
  4.554000e-01  4.312075e+00
  4.436000e-01  5.650270e+00
  4.321000e-01  5.650275e+00
  4.209000e-01  5.427265e+00
  4.100000e-01  4.386415e+00
  3.994000e-01  6.319375e+00
  3.891000e-01  1.130050e+01
  3.790000e-01  9.962165e+00
  3.692000e-01  3.419920e+00
  3.596000e-01  3.345595e+00
  3.503000e-01  3.791655e+00
  3.412000e-01  4.089020e+00
  3.324000e-01  4.237715e+00
  3.238000e-01  4.163405e+00
  3.154000e-01  4.089055e+00
  3.072000e-01  5.650325e+00
  2.992000e-01  6.914115e+00
  2.915000e-01  8.698425e+00
  2.839000e-01  9.293116e+00
  2.766000e-01  9.218760e+00
  2.694000e-01  1.338210e+01
  2.624000e-01  2.379095e+01
  2.556000e-01  3.025905e+01
  2.490000e-01  1.211825e+01
  2.426000e-01  1.248990e+01
  2.363000e-01  1.234125e+01
  2.302000e-01  9.664820e+00
  2.242000e-01  7.360155e+00
  2.184000e-01  7.434510e+00
  2.127000e-01  6.245040e+00
  2.072000e-01  6.022020e+00
  2.019000e-01  5.873365e+00
  1.966000e-01  7.137135e+00
  1.915000e-01  7.657625e+00
  1.866000e-01  6.765510e+00
  1.817000e-01  5.799005e+00
  1.770000e-01  7.137160e+00
  1.725000e-01  7.211530e+00
  1.680000e-01  6.170680e+00
  1.636000e-01  6.839800e+00
  1.594000e-01  6.096370e+00
  1.553000e-01  6.393755e+00
  1.512000e-01  6.468110e+00
  1.473000e-01  6.245035e+00
  1.435000e-01  6.319355e+00
  1.398000e-01  6.765445e+00
  1.362000e-01  7.508895e+00
  1.326000e-01  6.170695e+00
  1.292000e-01  7.285880e+00
  1.259000e-01  6.839745e+00
  1.226000e-01  7.583175e+00
  1.194000e-01  6.245050e+00
  1.163000e-01  8.326675e+00
  1.133000e-01  8.029255e+00
  1.104000e-01  7.285850e+00
  1.075000e-01  6.914100e+00
  1.047000e-01  8.698345e+00
  1.020000e-01  7.806240e+00
  9.940000e-02  1.025970e+01
  9.680000e-02  8.995800e+00
  9.430000e-02  9.293145e+00
  9.190000e-02  9.144450e+00
  8.950000e-02  8.252310e+00
  8.720000e-02  8.177905e+00
  8.490000e-02  7.880630e+00
  8.270000e-02  7.360245e+00
  8.060000e-02  5.427245e+00
  7.850000e-02  5.650245e+00
  7.640000e-02  5.501545e+00
  7.450000e-02  4.683800e+00
  7.250000e-02  4.609480e+00
  7.070000e-02  4.609460e+00
  6.880000e-02  4.386425e+00
  6.700000e-02  3.717325e+00
  6.530000e-02  3.642970e+00
  6.360000e-02  2.973840e+00
  6.200000e-02  3.196900e+00
  6.040000e-02  1.858655e+00
  5.880000e-02  1.561280e+00
  5.730000e-02  2.007355e+00
  5.580000e-02  1.338235e+00
  5.430000e-02  8.178050e-01
  5.290000e-02  8.921551e-01
  5.160000e-02  5.204150e-01
  5.020000e-02  8.178100e-01
  4.890000e-02  3.717250e-01
  4.770000e-02  5.204250e-01
  4.640000e-02  5.204150e-01
  4.520000e-02  1.486900e-01
  4.410000e-02  2.973800e-01
  4.290000e-02  7.434500e-02
  4.180000e-02  7.434500e-02
  4.070000e-02  1.486900e-01
  3.970000e-02  1.486900e-01
  3.860000e-02  0.000000e+00
  3.760000e-02  7.434500e-02
  3.670000e-02  0.000000e+00
  3.570000e-02  0.000000e+00
  3.480000e-02  7.434500e-02
  3.390000e-02  0.000000e+00
  3.300000e-02  0.000000e+00
  3.220000e-02  7.434500e-02
  3.130000e-02  0.000000e+00
  3.050000e-02  0.000000e+00
  2.970000e-02  0.000000e+00
  2.890000e-02  0.000000e+00
  2.820000e-02  0.000000e+00
  2.750000e-02  0.000000e+00
  2.680000e-02  0.000000e+00
  2.610000e-02  0.000000e+00
  2.540000e-02  0.000000e+00
  2.470000e-02  0.000000e+00
  2.410000e-02  0.000000e+00
  2.350000e-02  0.000000e+00
  2.290000e-02  0.000000e+00
  2.230000e-02  0.000000e+00
  2.170000e-02  0.000000e+00
  2.110000e-02  0.000000e+00
  2.060000e-02  0.000000e+00
  2.000000e-02  0.000000e+00
  1.950000e-02  0.000000e+00
  1.900000e-02  0.000000e+00
  1.850000e-02  7.434500e-02
  1.800000e-02  7.434500e-02
  1.760000e-02  0.000000e+00
  1.710000e-02  0.000000e+00
  1.670000e-02  0.000000e+00
  1.630000e-02  0.000000e+00
  1.580000e-02  0.000000e+00
  1.540000e-02  0.000000e+00
  1.500000e-02  0.000000e+00
  1.460000e-02  0.000000e+00
  1.430000e-02  7.434500e-02
  1.390000e-02  0.000000e+00
  1.350000e-02  0.000000e+00
  1.320000e-02  0.000000e+00
  1.280000e-02  0.000000e+00
  1.250000e-02  0.000000e+00
  1.220000e-02  0.000000e+00
  1.190000e-02  0.000000e+00
  1.160000e-02  0.000000e+00
  1.130000e-02  0.000000e+00
  1.100000e-02  1.486900e-01
  1.070000e-02  7.434500e-02
  1.040000e-02  7.434500e-02
  1.010000e-02  5.204250e-01
