  4.934820e+03  7.699410e-03
  4.806990e+03  6.159600e-04
  4.682470e+03  3.079800e-04
  4.561180e+03  6.159600e-04
  4.443030e+03  1.539895e-03
  4.327940e+03  9.239300e-04
  4.215830e+03  2.155845e-03
  4.106630e+03  2.309835e-03
  4.000250e+03  1.693890e-03
  3.896630e+03  1.231910e-03
  3.795700e+03  1.231915e-03
  3.697380e+03  1.847870e-03
  3.601600e+03  2.001865e-03
  3.508310e+03  2.771795e-03
  3.417430e+03  1.693880e-03
  3.328910e+03  3.079760e-03
  3.242680e+03  3.079780e-03
  3.158680e+03  2.771795e-03
  3.076860e+03  4.619645e-03
  2.997160e+03  4.311670e-03
  2.919530e+03  4.003695e-03
  2.843900e+03  7.083450e-03
  2.770230e+03  4.619645e-03
  2.698480e+03  8.315315e-03
  2.628580e+03  6.621530e-03
  2.560490e+03  6.775470e-03
  2.494160e+03  9.855226e-03
  2.429550e+03  8.469380e-03
  2.366620e+03  1.108715e-02
  2.305320e+03  1.247315e-02
  2.245600e+03  1.124115e-02
  2.187430e+03  1.570685e-02
  2.130770e+03  1.447495e-02
  2.075580e+03  2.063445e-02
  2.021810e+03  1.755470e-02
  1.969440e+03  2.263625e-02
  1.918430e+03  2.155850e-02
  1.868730e+03  2.294425e-02
  1.820330e+03  2.740990e-02
  1.773170e+03  3.110565e-02
  1.727240e+03  3.387750e-02
  1.682500e+03  3.587915e-02
  1.638920e+03  3.372340e-02
  1.596470e+03  4.234675e-02
  1.555110e+03  5.451185e-02
  1.514830e+03  4.758230e-02
  1.475590e+03  5.805360e-02
  1.437370e+03  5.805350e-02
  1.400140e+03  7.437630e-02
  1.363870e+03  7.622389e-02
  1.328540e+03  8.577105e-02
  1.294120e+03  9.454825e-02
  1.260600e+03  9.932195e-02
  1.227950e+03  1.137965e-01
  1.196140e+03  1.321220e-01
  1.165160e+03  1.382820e-01
  1.134980e+03  1.522955e-01
  1.105580e+03  1.646155e-01
  1.076940e+03  1.830925e-01
  1.049040e+03  1.992595e-01
  1.021870e+03  2.060345e-01
  9.953980e+02  2.434540e-01
  9.696140e+02  2.519240e-01
  9.444970e+02  3.030490e-01
  9.200320e+02  3.360020e-01
  8.962000e+02  3.775785e-01
  8.729850e+02  4.160765e-01
  8.503720e+02  4.650435e-01
  8.283450e+02  5.221740e-01
  8.068880e+02  5.840775e-01
  7.859870e+02  6.436700e-01
  7.656270e+02  7.074215e-01
  7.457950e+02  8.072065e-01
  7.264760e+02  8.925150e-01
  7.076580e+02  9.308640e-01
  6.893270e+02  1.085785e+00
  6.714710e+02  1.178005e+00
  6.540780e+02  1.321830e+00
  6.371350e+02  1.460885e+00
  6.206310e+02  1.625490e+00
  6.045550e+02  1.793795e+00
  5.888950e+02  2.001065e+00
  5.736410e+02  2.169395e+00
  5.587810e+02  2.404220e+00
  5.443070e+02  2.646295e+00
  5.302080e+02  2.954255e+00
  5.164740e+02  3.156615e+00
  5.030950e+02  3.447010e+00
  4.900630e+02  3.857865e+00
  4.773690e+02  4.195415e+00
  4.650040e+02  4.600240e+00
  4.529580e+02  5.047425e+00
  4.412250e+02  5.513555e+00
  4.297960e+02  6.003390e+00
  4.186630e+02  6.535395e+00
  4.078180e+02  7.078840e+00
  3.972540e+02  7.708175e+00
  3.869640e+02  8.448400e+00
  3.769400e+02  9.165995e+00
  3.671770e+02  1.001515e+01
  3.576650e+02  1.076510e+01
  3.484010e+02  1.162520e+01
  3.393760e+02  1.258955e+01
  3.305850e+02  1.354880e+01
  3.220220e+02  1.455835e+01
  3.136800e+02  1.556610e+01
  3.055550e+02  1.663420e+01
  2.976400e+02  1.792360e+01
  2.899300e+02  1.914595e+01
  2.824200e+02  2.064415e+01
  2.751040e+02  2.194165e+01
  2.679780e+02  2.356580e+01
  2.610370e+02  2.500060e+01
  2.542750e+02  2.659125e+01
  2.476890e+02  2.846350e+01
  2.412730e+02  3.024740e+01
  2.350230e+02  3.233480e+01
  2.289350e+02  3.448090e+01
  2.230050e+02  3.646975e+01
  2.172280e+02  3.850385e+01
  2.116010e+02  4.087615e+01
  2.061200e+02  4.267065e+01
  2.007810e+02  4.497855e+01
  1.955800e+02  4.750085e+01
  1.905140e+02  5.060855e+01
  1.855790e+02  5.374625e+01
  1.807720e+02  5.664440e+01
  1.760890e+02  5.943480e+01
  1.715280e+02  6.240695e+01
  1.670850e+02  6.519765e+01
  1.627570e+02  6.789305e+01
  1.585410e+02  7.059026e+01
  1.544340e+02  7.312555e+01
  1.504340e+02  7.577510e+01
  1.465370e+02  7.837065e+01
  1.427410e+02  8.103315e+01
  1.390440e+02  8.339835e+01
  1.354420e+02  8.604275e+01
  1.319340e+02  8.828915e+01
  1.285160e+02  9.033701e+01
  1.251870e+02  9.261440e+01
  1.219440e+02  9.507495e+01
  1.187850e+02  9.702470e+01
  1.157090e+02  9.930170e+01
  1.127110e+02  1.015730e+02
  1.097920e+02  1.039110e+02
  1.069480e+02  1.061195e+02
  1.041770e+02  1.087395e+02
  1.014790e+02  1.111900e+02
  9.885030e+01  1.138980e+02
  9.628970e+01  1.158000e+02
  9.379550e+01  1.182130e+02
  9.136590e+01  1.202160e+02
  8.899920e+01  1.222735e+02
  8.669380e+01  1.245370e+02
  8.444820e+01  1.264575e+02
  8.226070e+01  1.280885e+02
  8.012980e+01  1.300115e+02
  7.805420e+01  1.314310e+02
  7.603240e+01  1.328785e+02
  7.406290e+01  1.338295e+02
  7.214440e+01  1.345900e+02
  7.027560e+01  1.346620e+02
  6.845520e+01  1.346670e+02
  6.668200e+01  1.338870e+02
  6.495470e+01  1.328220e+02
  6.327220e+01  1.305935e+02
  6.163320e+01  1.281970e+02
  6.003670e+01  1.249790e+02
  5.848160e+01  1.221570e+02
  5.696670e+01  1.191340e+02
  5.549110e+01  1.155715e+02
  5.405370e+01  1.116220e+02
  5.265350e+01  1.069560e+02
  5.128960e+01  1.023540e+02
  4.996100e+01  9.770530e+01
  4.866690e+01  9.134495e+01
  4.740620e+01  8.504675e+01
  4.617830e+01  7.815025e+01
  4.498210e+01  7.170335e+01
  4.381690e+01  6.760360e+01
  4.268190e+01  6.339575e+01
  4.157630e+01  5.966135e+01
  4.049930e+01  5.571185e+01
  3.945030e+01  5.235820e+01
  3.842840e+01  4.982045e+01
  3.743290e+01  4.736720e+01
  3.646330e+01  4.484255e+01
  3.551880e+01  4.276760e+01
  3.459870e+01  4.018230e+01
  3.370250e+01  3.737435e+01
  3.282950e+01  3.474330e+01
  3.197910e+01  3.228800e+01
  3.115070e+01  2.988460e+01
  3.034380e+01  2.763990e+01
  2.955780e+01  2.521850e+01
  2.879220e+01  2.272170e+01
  2.804640e+01  2.068655e+01
  2.731990e+01  1.851400e+01
  2.661220e+01  1.655965e+01
  2.592290e+01  1.462795e+01
  2.525140e+01  1.282710e+01
  2.459730e+01  1.108520e+01
  2.396010e+01  9.482290e+00
  2.333950e+01  8.120255e+00
  2.273490e+01  6.803050e+00
  2.214600e+01  5.562215e+00
  2.157230e+01  4.444405e+00
  2.101350e+01  3.520475e+00
  2.046920e+01  2.739910e+00
  1.993900e+01  2.146135e+00
  1.942250e+01  1.682010e+00
  1.891940e+01  1.355405e+00
  1.842930e+01  1.205720e+00
  1.795200e+01  1.100245e+00
  1.748690e+01  1.105165e+00
  1.703400e+01  1.156605e+00
  1.659270e+01  1.252385e+00
  1.616290e+01  1.437320e+00
  1.574430e+01  1.581455e+00
  1.533640e+01  1.728975e+00
  1.493920e+01  1.866040e+00
  1.455220e+01  1.841855e+00
  1.417520e+01  1.559130e+00
  1.380800e+01  1.092390e+00
  1.345040e+01  6.419760e-01
  1.310200e+01  3.412370e-01
  1.276260e+01  1.596875e-01
  1.243200e+01  6.113340e-02
  1.211000e+01  2.894975e-02
  1.179630e+01  9.701305e-03
  1.149070e+01  3.541730e-03
  1.119310e+01  7.699450e-04
  1.090310e+01  9.239400e-04
  1.062070e+01  4.619700e-04
  1.034560e+01  0.000000e+00
  1.007760e+01  1.539900e-04
  9.816600e+00  1.539900e-04
  9.562300e+00  1.539900e-04
  9.314600e+00  1.539900e-04
  9.073300e+00  4.619700e-04
  8.838300e+00  6.159600e-04
  8.609300e+00  2.155845e-03
  8.386300e+00  6.775475e-03
  8.169100e+00  2.787190e-02
  7.957500e+00  8.330745e-02
  7.751400e+00  1.749315e-01
  7.550600e+00  3.447775e-01
  7.355000e+00  3.746520e-01
  7.164500e+00  3.229135e-01
  6.978900e+00  2.978140e-01
  6.798100e+00  2.409905e-01
  6.622000e+00  1.713895e-01
  6.450500e+00  1.398220e-01
  6.283400e+00  1.065590e-01
  6.120600e+00  7.622415e-02
  5.962100e+00  5.312595e-02
  5.807600e+00  4.989215e-02
  5.657200e+00  4.188475e-02
  5.510700e+00  4.003690e-02
  5.367900e+00  3.002770e-02
  5.228900e+00  2.001855e-02
  5.093400e+00  2.032640e-02
  4.961500e+00  1.693870e-02
  4.833000e+00  1.262710e-02
  4.707800e+00  8.469360e-03
  4.585800e+00  7.545440e-03
  4.467100e+00  7.237460e-03
  4.351300e+00  6.313545e-03
  4.238600e+00  4.465670e-03
  4.128800e+00  2.771795e-03
  4.021900e+00  5.543575e-03
  3.917700e+00  3.695720e-03
  3.816200e+00  3.541730e-03
  3.717400e+00  2.617820e-03
  3.621100e+00  2.309830e-03
  3.527300e+00  2.771790e-03
  3.435900e+00  2.617805e-03
  3.346900e+00  1.231915e-03
  3.260200e+00  1.539895e-03
  3.175800e+00  1.385900e-03
  3.093500e+00  7.699450e-04
  3.013400e+00  3.079800e-04
  2.935300e+00  4.619700e-04
  2.859300e+00  4.619700e-04
  2.785200e+00  1.077925e-03
  2.713100e+00  7.699500e-04
  2.642800e+00  7.699500e-04
  2.574300e+00  2.001855e-03
  2.507600e+00  7.699450e-04
  2.442700e+00  3.079750e-04
  2.379400e+00  9.239400e-04
  2.317800e+00  1.385900e-03
  2.257700e+00  3.079800e-04
  2.199300e+00  6.159600e-04
  2.142300e+00  9.239400e-04
  2.086800e+00  6.159600e-04
  2.032700e+00  0.000000e+00
  1.980100e+00  4.619700e-04
  1.928800e+00  7.699500e-04
  1.878800e+00  0.000000e+00
  1.830200e+00  1.539900e-04
  1.782800e+00  4.619650e-04
  1.736600e+00  4.619700e-04
  1.691600e+00  4.619700e-04
  1.647800e+00  1.539900e-04
  1.605100e+00  1.539900e-04
  1.563500e+00  1.539900e-04
  1.523000e+00  4.619700e-04
  1.483600e+00  3.079800e-04
  1.445100e+00  1.539900e-04
  1.407700e+00  1.539900e-04
  1.371200e+00  1.539900e-04
  1.335700e+00  3.079800e-04
  1.301100e+00  3.079800e-04
  1.267400e+00  1.539900e-04
  1.234600e+00  1.539900e-04
  1.202600e+00  1.539900e-04
  1.171500e+00  0.000000e+00
  1.141100e+00  0.000000e+00
  1.111600e+00  0.000000e+00
  1.082800e+00  1.539900e-04
  1.054700e+00  0.000000e+00
  1.027400e+00  1.539900e-04
  1.000800e+00  0.000000e+00
  9.749000e-01  0.000000e+00
  9.496000e-01  0.000000e+00
  9.250000e-01  0.000000e+00
  9.010000e-01  3.079800e-04
  8.777000e-01  1.539900e-04
  8.550000e-01  1.539900e-04
  8.328000e-01  0.000000e+00
  8.113000e-01  0.000000e+00
  7.902000e-01  0.000000e+00
  7.698000e-01  0.000000e+00
  7.498000e-01  0.000000e+00
  7.304000e-01  0.000000e+00
  7.115000e-01  0.000000e+00
  6.931000e-01  0.000000e+00
  6.751000e-01  1.539900e-04
  6.576000e-01  1.539900e-04
  6.406000e-01  0.000000e+00
  6.240000e-01  0.000000e+00
  6.078000e-01  1.539900e-04
  5.921000e-01  0.000000e+00
  5.767000e-01  1.539900e-04
  5.618000e-01  1.539900e-04
  5.472000e-01  0.000000e+00
  5.331000e-01  0.000000e+00
  5.193000e-01  1.539900e-04
  5.058000e-01  0.000000e+00
  4.927000e-01  0.000000e+00
  4.799000e-01  0.000000e+00
  4.675000e-01  0.000000e+00
  4.554000e-01  0.000000e+00
  4.436000e-01  1.539900e-04
  4.321000e-01  1.539900e-04
  4.209000e-01  0.000000e+00
  4.100000e-01  1.539900e-04
  3.994000e-01  0.000000e+00
  3.891000e-01  0.000000e+00
  3.790000e-01  0.000000e+00
  3.692000e-01  0.000000e+00
  3.596000e-01  0.000000e+00
  3.503000e-01  0.000000e+00
  3.412000e-01  0.000000e+00
  3.324000e-01  0.000000e+00
  3.238000e-01  1.539900e-04
  3.154000e-01  0.000000e+00
  3.072000e-01  0.000000e+00
  2.992000e-01  0.000000e+00
  2.915000e-01  0.000000e+00
  2.839000e-01  0.000000e+00
  2.766000e-01  0.000000e+00
  2.694000e-01  0.000000e+00
  2.624000e-01  0.000000e+00
  2.556000e-01  0.000000e+00
  2.490000e-01  0.000000e+00
  2.426000e-01  0.000000e+00
  2.363000e-01  0.000000e+00
  2.302000e-01  0.000000e+00
  2.242000e-01  0.000000e+00
  2.184000e-01  0.000000e+00
  2.127000e-01  0.000000e+00
  2.072000e-01  0.000000e+00
  2.019000e-01  0.000000e+00
  1.966000e-01  0.000000e+00
  1.915000e-01  0.000000e+00
  1.866000e-01  0.000000e+00
  1.817000e-01  0.000000e+00
  1.770000e-01  0.000000e+00
  1.725000e-01  0.000000e+00
  1.680000e-01  0.000000e+00
  1.636000e-01  0.000000e+00
  1.594000e-01  0.000000e+00
  1.553000e-01  1.539900e-04
  1.512000e-01  0.000000e+00
  1.473000e-01  0.000000e+00
  1.435000e-01  0.000000e+00
  1.398000e-01  0.000000e+00
  1.362000e-01  0.000000e+00
  1.326000e-01  0.000000e+00
  1.292000e-01  0.000000e+00
  1.259000e-01  0.000000e+00
  1.226000e-01  0.000000e+00
  1.194000e-01  0.000000e+00
  1.163000e-01  0.000000e+00
  1.133000e-01  0.000000e+00
  1.104000e-01  0.000000e+00
  1.075000e-01  0.000000e+00
  1.047000e-01  0.000000e+00
  1.020000e-01  0.000000e+00
  9.940000e-02  0.000000e+00
  9.680000e-02  0.000000e+00
  9.430000e-02  0.000000e+00
  9.190000e-02  0.000000e+00
  8.950000e-02  0.000000e+00
  8.720000e-02  0.000000e+00
  8.490000e-02  0.000000e+00
  8.270000e-02  0.000000e+00
  8.060000e-02  0.000000e+00
  7.850000e-02  0.000000e+00
  7.640000e-02  0.000000e+00
  7.450000e-02  0.000000e+00
  7.250000e-02  0.000000e+00
  7.070000e-02  0.000000e+00
  6.880000e-02  0.000000e+00
  6.700000e-02  0.000000e+00
  6.530000e-02  0.000000e+00
  6.360000e-02  0.000000e+00
  6.200000e-02  0.000000e+00
  6.040000e-02  0.000000e+00
  5.880000e-02  0.000000e+00
  5.730000e-02  0.000000e+00
  5.580000e-02  0.000000e+00
  5.430000e-02  0.000000e+00
  5.290000e-02  0.000000e+00
  5.160000e-02  0.000000e+00
  5.020000e-02  0.000000e+00
  4.890000e-02  0.000000e+00
  4.770000e-02  0.000000e+00
  4.640000e-02  0.000000e+00
  4.520000e-02  0.000000e+00
  4.410000e-02  0.000000e+00
  4.290000e-02  0.000000e+00
  4.180000e-02  0.000000e+00
  4.070000e-02  0.000000e+00
  3.970000e-02  0.000000e+00
  3.860000e-02  0.000000e+00
  3.760000e-02  0.000000e+00
  3.670000e-02  0.000000e+00
  3.570000e-02  0.000000e+00
  3.480000e-02  0.000000e+00
  3.390000e-02  0.000000e+00
  3.300000e-02  0.000000e+00
  3.220000e-02  0.000000e+00
  3.130000e-02  0.000000e+00
  3.050000e-02  0.000000e+00
  2.970000e-02  0.000000e+00
  2.890000e-02  0.000000e+00
  2.820000e-02  0.000000e+00
  2.750000e-02  0.000000e+00
  2.680000e-02  0.000000e+00
  2.610000e-02  0.000000e+00
  2.540000e-02  0.000000e+00
  2.470000e-02  0.000000e+00
  2.410000e-02  0.000000e+00
  2.350000e-02  0.000000e+00
  2.290000e-02  0.000000e+00
  2.230000e-02  0.000000e+00
  2.170000e-02  0.000000e+00
  2.110000e-02  0.000000e+00
  2.060000e-02  0.000000e+00
  2.000000e-02  0.000000e+00
  1.950000e-02  0.000000e+00
  1.900000e-02  0.000000e+00
  1.850000e-02  0.000000e+00
  1.800000e-02  0.000000e+00
  1.760000e-02  0.000000e+00
  1.710000e-02  0.000000e+00
  1.670000e-02  0.000000e+00
  1.630000e-02  0.000000e+00
  1.580000e-02  0.000000e+00
  1.540000e-02  0.000000e+00
  1.500000e-02  0.000000e+00
  1.460000e-02  0.000000e+00
  1.430000e-02  0.000000e+00
  1.390000e-02  0.000000e+00
  1.350000e-02  0.000000e+00
  1.320000e-02  0.000000e+00
  1.280000e-02  0.000000e+00
  1.250000e-02  0.000000e+00
  1.220000e-02  0.000000e+00
  1.190000e-02  0.000000e+00
  1.160000e-02  0.000000e+00
  1.130000e-02  0.000000e+00
  1.100000e-02  0.000000e+00
  1.070000e-02  0.000000e+00
  1.040000e-02  0.000000e+00
  1.010000e-02  1.539900e-04
