  4.934820e+03  4.584400e-02
  4.806990e+03  0.000000e+00
  4.682470e+03  0.000000e+00
  4.561180e+03  0.000000e+00
  4.443030e+03  0.000000e+00
  4.327940e+03  0.000000e+00
  4.215830e+03  1.528150e-02
  4.106630e+03  1.528150e-02
  4.000250e+03  0.000000e+00
  3.896630e+03  0.000000e+00
  3.795700e+03  1.528150e-02
  3.697380e+03  1.528150e-02
  3.601600e+03  1.528150e-02
  3.508310e+03  0.000000e+00
  3.417430e+03  0.000000e+00
  3.328910e+03  0.000000e+00
  3.242680e+03  0.000000e+00
  3.158680e+03  0.000000e+00
  3.076860e+03  4.584450e-02
  2.997160e+03  1.528150e-02
  2.919530e+03  0.000000e+00
  2.843900e+03  0.000000e+00
  2.770230e+03  3.056300e-02
  2.698480e+03  3.056300e-02
  2.628580e+03  6.112550e-02
  2.560490e+03  6.112600e-02
  2.494160e+03  3.056300e-02
  2.429550e+03  3.056250e-02
  2.366620e+03  3.056300e-02
  2.305320e+03  6.112550e-02
  2.245600e+03  6.112550e-02
  2.187430e+03  3.056300e-02
  2.130770e+03  7.640750e-02
  2.075580e+03  7.640750e-02
  2.021810e+03  1.528130e-01
  1.969440e+03  7.640750e-02
  1.918430e+03  1.222515e-01
  1.868730e+03  1.528145e-01
  1.820330e+03  7.640700e-02
  1.773170e+03  1.528135e-01
  1.727240e+03  1.986580e-01
  1.682500e+03  1.375330e-01
  1.638920e+03  2.750650e-01
  1.596470e+03  2.445020e-01
  1.555110e+03  5.654065e-01
  1.514830e+03  7.946240e-01
  1.475590e+03  4.431590e-01
  1.437370e+03  2.139395e-01
  1.400140e+03  4.431585e-01
  1.363870e+03  3.361895e-01
  1.328540e+03  4.889990e-01
  1.294120e+03  6.418175e-01
  1.260600e+03  5.501270e-01
  1.227950e+03  6.418145e-01
  1.196140e+03  6.570945e-01
  1.165160e+03  7.029380e-01
  1.134980e+03  1.161380e+00
  1.105580e+03  1.115525e+00
  1.076940e+03  1.176660e+00
  1.049040e+03  1.619820e+00
  1.021870e+03  1.971290e+00
  9.953980e+02  1.864325e+00
  9.696140e+02  1.665665e+00
  9.444970e+02  2.307480e+00
  9.200320e+02  2.582545e+00
  8.962000e+02  2.658950e+00
  8.729850e+02  3.254915e+00
  8.503720e+02  3.300755e+00
  8.283450e+02  3.866175e+00
  8.068880e+02  4.370450e+00
  7.859870e+02  5.119245e+00
  7.656270e+02  5.868025e+00
  7.457950e+02  6.876590e+00
  7.264760e+02  7.548945e+00
  7.076580e+02  8.802065e+00
  6.893270e+02  9.092380e+00
  6.714710e+02  1.014691e+01
  6.540780e+02  1.106365e+01
  6.371350e+02  1.344755e+01
  6.206310e+02  1.561745e+01
  6.045550e+02  1.656475e+01
  5.888950e+02  1.821525e+01
  5.736410e+02  2.127160e+01
  5.587810e+02  2.438890e+01
  5.443070e+02  2.616155e+01
  5.302080e+02  3.091410e+01
  5.164740e+02  3.465800e+01
  5.030950e+02  3.895205e+01
  4.900630e+02  4.478960e+01
  4.773690e+02  4.946560e+01
  4.650040e+02  5.649495e+01
  4.529580e+02  6.430385e+01
  4.412250e+02  7.197495e+01
  4.297960e+02  7.969215e+01
  4.186630e+02  8.869244e+01
  4.078180e+02  1.008410e+02
  3.972540e+02  1.136010e+02
  3.869640e+02  1.265150e+02
  3.769400e+02  1.453860e+02
  3.671770e+02  1.605450e+02
  3.576650e+02  1.830085e+02
  3.484010e+02  2.038220e+02
  3.393760e+02  2.284410e+02
  3.305850e+02  2.539140e+02
  3.220220e+02  2.847370e+02
  3.136800e+02  3.175915e+02
  3.055550e+02  3.537480e+02
  2.976400e+02  3.983375e+02
  2.899300e+02  4.472540e+02
  2.824200e+02  4.913555e+02
  2.751040e+02  5.516705e+02
  2.679780e+02  6.159595e+02
  2.610370e+02  6.855350e+02
  2.542750e+02  7.593740e+02
  2.476890e+02  8.501905e+02
  2.412730e+02  9.556155e+02
  2.350230e+02  1.053205e+03
  2.289350e+02  1.179370e+03
  2.230050e+02  1.311490e+03
  2.172280e+02  1.446950e+03
  2.116010e+02  1.606605e+03
  2.061200e+02  1.776715e+03
  2.007810e+02  1.967930e+03
  1.955800e+02  2.161770e+03
  1.905140e+02  2.392095e+03
  1.855790e+02  2.661640e+03
  1.807720e+02  2.924455e+03
  1.760890e+02  3.207275e+03
  1.715280e+02  3.518660e+03
  1.670850e+02  3.852820e+03
  1.627570e+02  4.191560e+03
  1.585410e+02  4.541230e+03
  1.544340e+02  4.938005e+03
  1.504340e+02  5.326380e+03
  1.465370e+02  5.765755e+03
  1.427410e+02  6.202265e+03
  1.390440e+02  6.660670e+03
  1.354420e+02  7.095510e+03
  1.319340e+02  7.604520e+03
  1.285160e+02  8.115315e+03
  1.251870e+02  8.648176e+03
  1.219440e+02  9.134095e+03
  1.187850e+02  9.692180e+03
  1.157090e+02  1.020935e+04
  1.127110e+02  1.081190e+04
  1.097920e+02  1.133930e+04
  1.069480e+02  1.185435e+04
  1.041770e+02  1.238810e+04
  1.014790e+02  1.289175e+04
  9.885030e+01  1.337395e+04
  9.628970e+01  1.379675e+04
  9.379550e+01  1.423010e+04
  9.136590e+01  1.460350e+04
  8.899920e+01  1.492500e+04
  8.669380e+01  1.517575e+04
  8.444820e+01  1.536805e+04
  8.226070e+01  1.547900e+04
  8.012980e+01  1.552670e+04
  7.805420e+01  1.549135e+04
  7.603240e+01  1.535805e+04
  7.406290e+01  1.512760e+04
  7.214440e+01  1.483920e+04
  7.027560e+01  1.454895e+04
  6.845520e+01  1.404190e+04
  6.668200e+01  1.349705e+04
  6.495470e+01  1.291705e+04
  6.327220e+01  1.238050e+04
  6.163320e+01  1.182750e+04
  6.003670e+01  1.123075e+04
  5.848160e+01  1.070045e+04
  5.696670e+01  1.015930e+04
  5.549110e+01  9.629529e+03
  5.405370e+01  8.886330e+03
  5.265350e+01  8.100885e+03
  5.128960e+01  7.362790e+03
  4.996100e+01  6.666365e+03
  4.866690e+01  5.870140e+03
  4.740620e+01  5.170745e+03
  4.617830e+01  4.517040e+03
  4.498210e+01  3.958780e+03
  4.381690e+01  3.548740e+03
  4.268190e+01  3.181780e+03
  4.157630e+01  2.832990e+03
  4.049930e+01  2.504485e+03
  3.945030e+01  2.227880e+03
  3.842840e+01  1.983620e+03
  3.743290e+01  1.741000e+03
  3.646330e+01  1.539940e+03
  3.551880e+01  1.357160e+03
  3.459870e+01  1.172405e+03
  3.370250e+01  9.891330e+02
  3.282950e+01  8.478225e+02
  3.197910e+01  7.131945e+02
  3.115070e+01  5.923805e+02
  3.034380e+01  4.901945e+02
  2.955780e+01  4.015915e+02
  2.879220e+01  3.251400e+02
  2.804640e+01  2.558390e+02
  2.731990e+01  2.026770e+02
  2.661220e+01  1.609130e+02
  2.592290e+01  1.224785e+02
  2.525140e+01  9.413310e+01
  2.459730e+01  7.053860e+01
  2.396010e+01  5.293450e+01
  2.333950e+01  3.873815e+01
  2.273490e+01  2.882060e+01
  2.214600e+01  1.995735e+01
  2.157230e+01  1.425745e+01
  2.101350e+01  9.749491e+00
  2.046920e+01  6.570965e+00
  1.993900e+01  4.706635e+00
  1.942250e+01  3.193790e+00
  1.891940e+01  1.971285e+00
  1.842930e+01  1.787915e+00
  1.795200e+01  1.023852e+00
  1.748690e+01  9.780070e-01
  1.703400e+01  7.640635e-01
  1.659270e+01  7.640705e-01
  1.616290e+01  6.265320e-01
  1.574430e+01  5.806885e-01
  1.533640e+01  3.056270e-01
  1.493920e+01  3.820340e-01
  1.455220e+01  1.986585e-01
  1.417520e+01  2.750645e-01
  1.380800e+01  1.833775e-01
  1.345040e+01  1.222515e-01
  1.310200e+01  1.375325e-01
  1.276260e+01  4.584450e-02
  1.243200e+01  7.640750e-02
  1.211000e+01  4.584450e-02
  1.179630e+01  4.584400e-02
  1.149070e+01  4.584450e-02
  1.119310e+01  3.056300e-02
  1.090310e+01  1.528150e-02
  1.062070e+01  6.112600e-02
  1.034560e+01  4.584450e-02
  1.007760e+01  1.528150e-02
  9.816600e+00  6.112600e-02
  9.562300e+00  1.528150e-02
  9.314600e+00  6.112600e-02
  9.073300e+00  3.056300e-02
  8.838300e+00  1.528150e-02
  8.609300e+00  4.584450e-02
  8.386300e+00  6.112550e-02
  8.169100e+00  9.168901e-02
  7.957500e+00  2.445010e-01
  7.751400e+00  2.292210e-01
  7.550600e+00  3.361895e-01
  7.355000e+00  4.125960e-01
  7.164500e+00  4.584380e-01
  6.978900e+00  3.667515e-01
  6.798100e+00  2.445015e-01
  6.622000e+00  4.737210e-01
  6.450500e+00  3.667520e-01
  6.283400e+00  3.514705e-01
  6.120600e+00  2.903455e-01
  5.962100e+00  3.973145e-01
  5.807600e+00  3.820340e-01
  5.657200e+00  5.042830e-01
  5.510700e+00  3.056270e-01
  5.367900e+00  3.973145e-01
  5.228900e+00  4.584375e-01
  5.093400e+00  4.431600e-01
  4.961500e+00  3.056280e-01
  4.833000e+00  3.667525e-01
  4.707800e+00  3.820320e-01
  4.585800e+00  3.514710e-01
  4.467100e+00  3.361895e-01
  4.351300e+00  3.820340e-01
  4.238600e+00  4.278770e-01
  4.128800e+00  2.292205e-01
  4.021900e+00  2.597830e-01
  3.917700e+00  3.056275e-01
  3.816200e+00  2.292210e-01
  3.717400e+00  3.056275e-01
  3.621100e+00  2.597840e-01
  3.527300e+00  3.667510e-01
  3.435900e+00  2.139395e-01
  3.346900e+00  2.445020e-01
  3.260200e+00  3.056270e-01
  3.175800e+00  2.139395e-01
  3.093500e+00  1.222515e-01
  3.013400e+00  1.375330e-01
  2.935300e+00  1.222515e-01
  2.859300e+00  1.986575e-01
  2.785200e+00  1.222515e-01
  2.713100e+00  2.597840e-01
  2.642800e+00  1.528145e-01
  2.574300e+00  2.292220e-01
  2.507600e+00  1.680950e-01
  2.442700e+00  1.222510e-01
  2.379400e+00  3.209085e-01
  2.317800e+00  1.222515e-01
  2.257700e+00  1.833765e-01
  2.199300e+00  1.833765e-01
  2.142300e+00  1.986580e-01
  2.086800e+00  1.222520e-01
  2.032700e+00  1.986580e-01
  1.980100e+00  9.168850e-02
  1.928800e+00  1.833765e-01
  1.878800e+00  1.528140e-01
  1.830200e+00  1.069705e-01
  1.782800e+00  7.640750e-02
  1.736600e+00  1.680945e-01
  1.691600e+00  4.584450e-02
  1.647800e+00  9.168850e-02
  1.605100e+00  9.168900e-02
  1.563500e+00  9.168850e-02
  1.523000e+00  1.222515e-01
  1.483600e+00  7.640750e-02
  1.445100e+00  3.056300e-02
  1.407700e+00  1.222515e-01
  1.371200e+00  1.069695e-01
  1.335700e+00  1.069705e-01
  1.301100e+00  6.112600e-02
  1.267400e+00  7.640750e-02
  1.234600e+00  7.640750e-02
  1.202600e+00  9.168900e-02
  1.171500e+00  4.584450e-02
  1.141100e+00  7.640750e-02
  1.111600e+00  3.056300e-02
  1.082800e+00  0.000000e+00
  1.054700e+00  1.069695e-01
  1.027400e+00  1.528150e-02
  1.000800e+00  4.584450e-02
  9.749000e-01  1.528150e-02
  9.496000e-01  1.528150e-02
  9.250000e-01  3.056300e-02
  9.010000e-01  7.640750e-02
  8.777000e-01  1.528150e-02
  8.550000e-01  6.112550e-02
  8.328000e-01  4.584450e-02
  8.113000e-01  3.056300e-02
  7.902000e-01  6.112550e-02
  7.698000e-01  1.528150e-02
  7.498000e-01  4.584450e-02
  7.304000e-01  4.584450e-02
  7.115000e-01  1.528150e-02
  6.931000e-01  4.584450e-02
  6.751000e-01  0.000000e+00
  6.576000e-01  4.584450e-02
  6.406000e-01  1.528150e-02
  6.240000e-01  3.056300e-02
  6.078000e-01  1.528150e-02
  5.921000e-01  3.056300e-02
  5.767000e-01  0.000000e+00
  5.618000e-01  1.528150e-02
  5.472000e-01  4.584450e-02
  5.331000e-01  1.528150e-02
  5.193000e-01  0.000000e+00
  5.058000e-01  1.528150e-02
  4.927000e-01  3.056300e-02
  4.799000e-01  6.112550e-02
  4.675000e-01  0.000000e+00
  4.554000e-01  1.528150e-02
  4.436000e-01  1.528150e-02
  4.321000e-01  0.000000e+00
  4.209000e-01  3.056300e-02
  4.100000e-01  4.584450e-02
  3.994000e-01  1.528150e-02
  3.891000e-01  4.584450e-02
  3.790000e-01  3.056300e-02
  3.692000e-01  1.528150e-02
  3.596000e-01  0.000000e+00
  3.503000e-01  1.528150e-02
  3.412000e-01  0.000000e+00
  3.324000e-01  0.000000e+00
  3.238000e-01  1.528150e-02
  3.154000e-01  1.528150e-02
  3.072000e-01  3.056300e-02
  2.992000e-01  1.528150e-02
  2.915000e-01  4.584400e-02
  2.839000e-01  3.056300e-02
  2.766000e-01  1.528150e-02
  2.694000e-01  0.000000e+00
  2.624000e-01  0.000000e+00
  2.556000e-01  4.584450e-02
  2.490000e-01  1.528150e-02
  2.426000e-01  0.000000e+00
  2.363000e-01  1.528150e-02
  2.302000e-01  0.000000e+00
  2.242000e-01  0.000000e+00
  2.184000e-01  0.000000e+00
  2.127000e-01  0.000000e+00
  2.072000e-01  0.000000e+00
  2.019000e-01  1.528150e-02
  1.966000e-01  0.000000e+00
  1.915000e-01  0.000000e+00
  1.866000e-01  0.000000e+00
  1.817000e-01  0.000000e+00
  1.770000e-01  1.528150e-02
  1.725000e-01  0.000000e+00
  1.680000e-01  0.000000e+00
  1.636000e-01  0.000000e+00
  1.594000e-01  0.000000e+00
  1.553000e-01  0.000000e+00
  1.512000e-01  0.000000e+00
  1.473000e-01  0.000000e+00
  1.435000e-01  0.000000e+00
  1.398000e-01  0.000000e+00
  1.362000e-01  0.000000e+00
  1.326000e-01  0.000000e+00
  1.292000e-01  0.000000e+00
  1.259000e-01  0.000000e+00
  1.226000e-01  0.000000e+00
  1.194000e-01  0.000000e+00
  1.163000e-01  0.000000e+00
  1.133000e-01  0.000000e+00
  1.104000e-01  0.000000e+00
  1.075000e-01  0.000000e+00
  1.047000e-01  0.000000e+00
  1.020000e-01  0.000000e+00
  9.940000e-02  0.000000e+00
  9.680000e-02  0.000000e+00
  9.430000e-02  0.000000e+00
  9.190000e-02  0.000000e+00
  8.950000e-02  0.000000e+00
  8.720000e-02  0.000000e+00
  8.490000e-02  0.000000e+00
  8.270000e-02  0.000000e+00
  8.060000e-02  0.000000e+00
  7.850000e-02  0.000000e+00
  7.640000e-02  0.000000e+00
  7.450000e-02  0.000000e+00
  7.250000e-02  0.000000e+00
  7.070000e-02  0.000000e+00
  6.880000e-02  0.000000e+00
  6.700000e-02  0.000000e+00
  6.530000e-02  0.000000e+00
  6.360000e-02  0.000000e+00
  6.200000e-02  0.000000e+00
  6.040000e-02  0.000000e+00
  5.880000e-02  0.000000e+00
  5.730000e-02  0.000000e+00
  5.580000e-02  0.000000e+00
  5.430000e-02  0.000000e+00
  5.290000e-02  0.000000e+00
  5.160000e-02  0.000000e+00
  5.020000e-02  0.000000e+00
  4.890000e-02  0.000000e+00
  4.770000e-02  0.000000e+00
  4.640000e-02  0.000000e+00
  4.520000e-02  0.000000e+00
  4.410000e-02  0.000000e+00
  4.290000e-02  0.000000e+00
  4.180000e-02  0.000000e+00
  4.070000e-02  0.000000e+00
  3.970000e-02  0.000000e+00
  3.860000e-02  0.000000e+00
  3.760000e-02  0.000000e+00
  3.670000e-02  0.000000e+00
  3.570000e-02  0.000000e+00
  3.480000e-02  0.000000e+00
  3.390000e-02  0.000000e+00
  3.300000e-02  0.000000e+00
  3.220000e-02  0.000000e+00
  3.130000e-02  0.000000e+00
  3.050000e-02  0.000000e+00
  2.970000e-02  0.000000e+00
  2.890000e-02  0.000000e+00
  2.820000e-02  0.000000e+00
  2.750000e-02  0.000000e+00
  2.680000e-02  0.000000e+00
  2.610000e-02  0.000000e+00
  2.540000e-02  0.000000e+00
  2.470000e-02  0.000000e+00
  2.410000e-02  0.000000e+00
  2.350000e-02  0.000000e+00
  2.290000e-02  0.000000e+00
  2.230000e-02  0.000000e+00
  2.170000e-02  0.000000e+00
  2.110000e-02  0.000000e+00
  2.060000e-02  0.000000e+00
  2.000000e-02  0.000000e+00
  1.950000e-02  0.000000e+00
  1.900000e-02  0.000000e+00
  1.850000e-02  0.000000e+00
  1.800000e-02  0.000000e+00
  1.760000e-02  0.000000e+00
  1.710000e-02  0.000000e+00
  1.670000e-02  0.000000e+00
  1.630000e-02  0.000000e+00
  1.580000e-02  0.000000e+00
  1.540000e-02  0.000000e+00
  1.500000e-02  0.000000e+00
  1.460000e-02  0.000000e+00
  1.430000e-02  0.000000e+00
  1.390000e-02  0.000000e+00
  1.350000e-02  0.000000e+00
  1.320000e-02  0.000000e+00
  1.280000e-02  0.000000e+00
  1.250000e-02  0.000000e+00
  1.220000e-02  0.000000e+00
  1.190000e-02  0.000000e+00
  1.160000e-02  0.000000e+00
  1.130000e-02  0.000000e+00
  1.100000e-02  0.000000e+00
  1.070000e-02  0.000000e+00
  1.040000e-02  0.000000e+00
  1.010000e-02  0.000000e+00
