  4.934820e+03  2.259250e-01
  4.806990e+03  0.000000e+00
  4.682470e+03  0.000000e+00
  4.561180e+03  0.000000e+00
  4.443030e+03  0.000000e+00
  4.327940e+03  2.259250e-01
  4.215830e+03  0.000000e+00
  4.106630e+03  0.000000e+00
  4.000250e+03  0.000000e+00
  3.896630e+03  0.000000e+00
  3.795700e+03  0.000000e+00
  3.697380e+03  0.000000e+00
  3.601600e+03  0.000000e+00
  3.508310e+03  0.000000e+00
  3.417430e+03  0.000000e+00
  3.328910e+03  2.259250e-01
  3.242680e+03  0.000000e+00
  3.158680e+03  0.000000e+00
  3.076860e+03  0.000000e+00
  2.997160e+03  0.000000e+00
  2.919530e+03  0.000000e+00
  2.843900e+03  0.000000e+00
  2.770230e+03  0.000000e+00
  2.698480e+03  0.000000e+00
  2.628580e+03  0.000000e+00
  2.560490e+03  0.000000e+00
  2.494160e+03  0.000000e+00
  2.429550e+03  0.000000e+00
  2.366620e+03  2.259250e-01
  2.305320e+03  2.259250e-01
  2.245600e+03  0.000000e+00
  2.187430e+03  0.000000e+00
  2.130770e+03  2.259250e-01
  2.075580e+03  0.000000e+00
  2.021810e+03  4.518500e-01
  1.969440e+03  2.259250e-01
  1.918430e+03  2.259250e-01
  1.868730e+03  2.259250e-01
  1.820330e+03  0.000000e+00
  1.773170e+03  0.000000e+00
  1.727240e+03  2.259250e-01
  1.682500e+03  0.000000e+00
  1.638920e+03  4.518500e-01
  1.596470e+03  0.000000e+00
  1.555110e+03  1.129625e+00
  1.514830e+03  1.129625e+00
  1.475590e+03  4.518500e-01
  1.437370e+03  2.259250e-01
  1.400140e+03  0.000000e+00
  1.363870e+03  6.777750e-01
  1.328540e+03  6.777750e-01
  1.294120e+03  9.037000e-01
  1.260600e+03  6.777750e-01
  1.227950e+03  1.129625e+00
  1.196140e+03  1.129625e+00
  1.165160e+03  4.518500e-01
  1.134980e+03  1.129625e+00
  1.105580e+03  1.581475e+00
  1.076940e+03  1.581475e+00
  1.049040e+03  2.259250e+00
  1.021870e+03  2.259250e+00
  9.953980e+02  1.581475e+00
  9.696140e+02  3.388875e+00
  9.444970e+02  2.485175e+00
  9.200320e+02  3.388875e+00
  8.962000e+02  2.936950e+00
  8.729850e+02  3.388875e+00
  8.503720e+02  6.099925e+00
  8.283450e+02  6.099925e+00
  8.068880e+02  5.422150e+00
  7.859870e+02  9.488775e+00
  7.656270e+02  8.359075e+00
  7.457950e+02  7.907325e+00
  7.264760e+02  1.107025e+01
  7.076580e+02  9.940550e+00
  6.893270e+02  1.219975e+01
  6.714710e+02  1.491090e+01
  6.540780e+02  1.671830e+01
  6.371350e+02  1.852555e+01
  6.206310e+02  2.123675e+01
  6.045550e+02  2.598115e+01
  5.888950e+02  2.485155e+01
  5.736410e+02  2.982180e+01
  5.587810e+02  3.682550e+01
  5.443070e+02  3.976255e+01
  5.302080e+02  4.947730e+01
  5.164740e+02  5.557730e+01
  5.030950e+02  6.054765e+01
  4.900630e+02  6.732540e+01
  4.773690e+02  7.523325e+01
  4.650040e+02  8.336605e+01
  4.529580e+02  9.601805e+01
  4.412250e+02  1.046030e+02
  4.297960e+02  1.224520e+02
  4.186630e+02  1.436875e+02
  4.078180e+02  1.599555e+02
  3.972540e+02  1.656030e+02
  3.869640e+02  1.990380e+02
  3.769400e+02  2.202765e+02
  3.671770e+02  2.632020e+02
  3.576650e+02  2.853420e+02
  3.484010e+02  3.144860e+02
  3.393760e+02  3.711940e+02
  3.305850e+02  4.116345e+02
  3.220220e+02  4.624665e+02
  3.136800e+02  5.065225e+02
  3.055550e+02  5.885335e+02
  2.976400e+02  6.637650e+02
  2.899300e+02  7.222805e+02
  2.824200e+02  8.327560e+02
  2.751040e+02  9.493290e+02
  2.679780e+02  1.058905e+03
  2.610370e+02  1.198090e+03
  2.542750e+02  1.304715e+03
  2.476890e+02  1.488850e+03
  2.412730e+02  1.676360e+03
  2.350230e+02  1.887825e+03
  2.289350e+02  2.082800e+03
  2.230050e+02  2.364960e+03
  2.172280e+02  2.666365e+03
  2.116010e+02  3.025810e+03
  2.061200e+02  3.351800e+03
  2.007810e+02  3.675105e+03
  1.955800e+02  4.182760e+03
  1.905140e+02  4.663070e+03
  1.855790e+02  5.240540e+03
  1.807720e+02  5.912215e+03
  1.760890e+02  6.534855e+03
  1.715280e+02  7.370100e+03
  1.670850e+02  8.203985e+03
  1.627570e+02  8.981391e+03
  1.585410e+02  9.892096e+03
  1.544340e+02  1.096640e+04
  1.504340e+02  1.217230e+04
  1.465370e+02  1.341765e+04
  1.427410e+02  1.465805e+04
  1.390440e+02  1.608880e+04
  1.354420e+02  1.763495e+04
  1.319340e+02  1.921325e+04
  1.285160e+02  2.102365e+04
  1.251870e+02  2.298635e+04
  1.219440e+02  2.488000e+04
  1.187850e+02  2.706230e+04
  1.157090e+02  2.943840e+04
  1.127110e+02  3.199020e+04
  1.097920e+02  3.462995e+04
  1.069480e+02  3.739920e+04
  1.041770e+02  4.023925e+04
  1.014790e+02  4.342595e+04
  9.885030e+01  4.668520e+04
  9.628970e+01  5.010580e+04
  9.379550e+01  5.355665e+04
  9.136590e+01  5.746375e+04
  8.899920e+01  6.135970e+04
  8.669380e+01  6.500590e+04
  8.444820e+01  6.905955e+04
  8.226070e+01  7.291084e+04
  8.012980e+01  7.701059e+04
  7.805420e+01  8.094390e+04
  7.603240e+01  8.513550e+04
  7.406290e+01  8.882345e+04
  7.214440e+01  9.227195e+04
  7.027560e+01  9.617030e+04
  6.845520e+01  9.942345e+04
  6.668200e+01  1.025795e+05
  6.495470e+01  1.052500e+05
  6.327220e+01  1.084475e+05
  6.163320e+01  1.108300e+05
  6.003670e+01  1.130260e+05
  5.848160e+01  1.159570e+05
  5.696670e+01  1.178475e+05
  5.549110e+01  1.203960e+05
  5.405370e+01  1.216310e+05
  5.265350e+01  1.222065e+05
  5.128960e+01  1.224970e+05
  4.996100e+01  1.230215e+05
  4.866690e+01  1.218050e+05
  4.740620e+01  1.206755e+05
  4.617830e+01  1.197425e+05
  4.498210e+01  1.179225e+05
  4.381690e+01  1.179575e+05
  4.268190e+01  1.178175e+05
  4.157630e+01  1.171680e+05
  4.049930e+01  1.162135e+05
  3.945030e+01  1.155900e+05
  3.842840e+01  1.150990e+05
  3.743290e+01  1.138840e+05
  3.646330e+01  1.128480e+05
  3.551880e+01  1.114895e+05
  3.459870e+01  1.101050e+05
  3.370250e+01  1.078335e+05
  3.282950e+01  1.057230e+05
  3.197910e+01  1.034040e+05
  3.115070e+01  1.011910e+05
  3.034380e+01  9.856775e+04
  2.955780e+01  9.628135e+04
  2.879220e+01  9.317255e+04
  2.804640e+01  9.045441e+04
  2.731990e+01  8.769395e+04
  2.661220e+01  8.483470e+04
  2.592290e+01  8.195095e+04
  2.525140e+01  7.909180e+04
  2.459730e+01  7.662900e+04
  2.396010e+01  7.332280e+04
  2.333950e+01  7.057505e+04
  2.273490e+01  6.787100e+04
  2.214600e+01  6.517645e+04
  2.157230e+01  6.238020e+04
  2.101350e+01  5.992735e+04
  2.046920e+01  5.736420e+04
  1.993900e+01  5.460275e+04
  1.942250e+01  5.248640e+04
  1.891940e+01  5.003680e+04
  1.842930e+01  4.787145e+04
  1.795200e+01  4.533230e+04
  1.748690e+01  4.326955e+04
  1.703400e+01  4.120310e+04
  1.659270e+01  3.902330e+04
  1.616290e+01  3.692725e+04
  1.574430e+01  3.499885e+04
  1.533640e+01  3.310475e+04
  1.493920e+01  3.124330e+04
  1.455220e+01  2.917295e+04
  1.417520e+01  2.734845e+04
  1.380800e+01  2.507300e+04
  1.345040e+01  2.301150e+04
  1.310200e+01  2.111810e+04
  1.276260e+01  1.941550e+04
  1.243200e+01  1.795630e+04
  1.211000e+01  1.658810e+04
  1.179630e+01  1.513220e+04
  1.149070e+01  1.386420e+04
  1.119310e+01  1.280780e+04
  1.090310e+01  1.170445e+04
  1.062070e+01  1.062410e+04
  1.034560e+01  9.678615e+03
  1.007760e+01  8.675939e+03
  9.816600e+00  7.849960e+03
  9.562300e+00  7.032785e+03
  9.314600e+00  6.104710e+03
  9.073300e+00  5.364790e+03
  8.838300e+00  4.532045e+03
  8.609300e+00  3.868950e+03
  8.386300e+00  3.324475e+03
  8.169100e+00  2.953965e+03
  7.957500e+00  2.669740e+03
  7.751400e+00  2.389375e+03
  7.550600e+00  2.322280e+03
  7.355000e+00  2.049580e+03
  7.164500e+00  1.815080e+03
  6.978900e+00  1.662805e+03
  6.798100e+00  1.434390e+03
  6.622000e+00  1.347640e+03
  6.450500e+00  1.249135e+03
  6.283400e+00  1.113575e+03
  6.120600e+00  1.038350e+03
  5.962100e+00  9.884115e+02
  5.807600e+00  9.976830e+02
  5.657200e+00  9.344255e+02
  5.510700e+00  9.244835e+02
  5.367900e+00  9.292275e+02
  5.228900e+00  9.030200e+02
  5.093400e+00  8.919495e+02
  4.961500e+00  8.783940e+02
  4.833000e+00  8.844930e+02
  4.707800e+00  8.463120e+02
  4.585800e+00  8.406640e+02
  4.467100e+00  8.399865e+02
  4.351300e+00  8.519610e+02
  4.238600e+00  8.625790e+02
  4.128800e+00  8.792965e+02
  4.021900e+00  8.998530e+02
  3.917700e+00  8.567050e+02
  3.816200e+00  8.417930e+02
  3.717400e+00  8.395365e+02
  3.621100e+00  8.456370e+02
  3.527300e+00  8.307240e+02
  3.435900e+00  8.374990e+02
  3.346900e+00  8.045160e+02
  3.260200e+00  7.277025e+02
  3.175800e+00  6.425285e+02
  3.093500e+00  5.467375e+02
  3.013400e+00  4.669855e+02
  2.935300e+00  4.950010e+02
  2.859300e+00  5.738470e+02
  2.785200e+00  6.310060e+02
  2.713100e+00  7.177610e+02
  2.642800e+00  7.021725e+02
  2.574300e+00  6.951690e+02
  2.507600e+00  6.739320e+02
  2.442700e+00  6.538245e+02
  2.379400e+00  6.416240e+02
  2.317800e+00  6.079630e+02
  2.257700e+00  6.185810e+02
  2.199300e+00  6.011850e+02
  2.142300e+00  5.435735e+02
  2.086800e+00  5.611960e+02
  2.032700e+00  5.196255e+02
  1.980100e+00  5.191735e+02
  1.928800e+00  5.071995e+02
  1.878800e+00  4.545605e+02
  1.830200e+00  4.678905e+02
  1.782800e+00  5.822075e+02
  1.736600e+00  4.233805e+02
  1.691600e+00  3.833935e+02
  1.647800e+00  3.626075e+02
  1.605100e+00  3.305270e+02
  1.563500e+00  2.964130e+02
  1.523000e+00  2.729165e+02
  1.483600e+00  2.659135e+02
  1.445100e+00  2.349615e+02
  1.407700e+00  2.266025e+02
  1.371200e+00  2.175645e+02
  1.335700e+00  2.017495e+02
  1.301100e+00  1.759960e+02
  1.267400e+00  1.556635e+02
  1.234600e+00  1.448175e+02
  1.202600e+00  1.536265e+02
  1.171500e+00  1.398465e+02
  1.141100e+00  1.249375e+02
  1.111600e+00  1.107015e+02
  1.082800e+00  9.940705e+01
  1.054700e+00  1.129630e+02
  1.027400e+00  9.104765e+01
  1.000800e+00  7.794375e+01
  9.749000e-01  8.946610e+01
  9.496000e-01  6.461430e+01
  9.250000e-01  6.484030e+01
  9.010000e-01  6.461430e+01
  8.777000e-01  7.455505e+01
  8.550000e-01  7.161800e+01
  8.328000e-01  6.935890e+01
  8.113000e-01  8.155901e+01
  7.902000e-01  7.636225e+01
  7.698000e-01  7.591055e+01
  7.498000e-01  8.923950e+01
  7.304000e-01  8.630335e+01
  7.115000e-01  9.375745e+01
  6.931000e-01  1.416540e+02
  6.751000e-01  6.454655e+02
  6.576000e-01  8.777155e+02
  6.406000e-01  1.631170e+03
  6.240000e-01  3.219420e+02
  6.078000e-01  1.369115e+02
  5.921000e-01  1.402985e+02
  5.767000e-01  1.466255e+02
  5.618000e-01  1.504655e+02
  5.472000e-01  1.502400e+02
  5.331000e-01  1.870650e+02
  5.193000e-01  1.900020e+02
  5.058000e-01  1.852595e+02
  4.927000e-01  2.860215e+02
  4.799000e-01  2.769830e+02
  4.675000e-01  2.085275e+02
  4.554000e-01  2.247940e+02
  4.436000e-01  3.569590e+02
  4.321000e-01  3.528935e+02
  4.209000e-01  3.153905e+02
  4.100000e-01  2.534880e+02
  3.994000e-01  4.665330e+02
  3.891000e-01  7.252159e+02
  3.790000e-01  6.436580e+02
  3.692000e-01  2.783390e+02
  3.596000e-01  2.410610e+02
  3.503000e-01  2.378975e+02
  3.412000e-01  2.480640e+02
  3.324000e-01  2.604920e+02
  3.238000e-01  2.451275e+02
  3.154000e-01  2.722390e+02
  3.072000e-01  3.393380e+02
  2.992000e-01  4.504940e+02
  2.915000e-01  5.395065e+02
  2.839000e-01  6.095450e+02
  2.766000e-01  4.362610e+02
  2.694000e-01  7.615916e+02
  2.624000e-01  1.173900e+03
  2.556000e-01  1.431910e+03
  2.490000e-01  5.657135e+02
  2.426000e-01  6.081885e+02
  2.363000e-01  6.468210e+02
  2.302000e-01  4.846070e+02
  2.242000e-01  3.845235e+02
  2.184000e-01  3.723240e+02
  2.127000e-01  4.019195e+02
  2.072000e-01  3.852010e+02
  2.019000e-01  3.976255e+02
  1.966000e-01  4.208960e+02
  1.915000e-01  4.152485e+02
  1.866000e-01  4.570450e+02
  1.817000e-01  4.010145e+02
  1.770000e-01  4.468790e+02
  1.725000e-01  4.428110e+02
  1.680000e-01  4.414565e+02
  1.636000e-01  4.376150e+02
  1.594000e-01  4.358090e+02
  1.553000e-01  4.482335e+02
  1.512000e-01  4.568195e+02
  1.473000e-01  4.626925e+02
  1.435000e-01  5.616475e+02
  1.398000e-01  4.907075e+02
  1.362000e-01  4.850580e+02
  1.326000e-01  4.952265e+02
  1.292000e-01  4.898025e+02
  1.259000e-01  4.891260e+02
  1.226000e-01  5.011005e+02
  1.194000e-01  5.015525e+02
  1.163000e-01  5.103620e+02
  1.133000e-01  5.006485e+02
  1.104000e-01  5.085550e+02
  1.075000e-01  4.814430e+02
  1.047000e-01  4.635965e+02
  1.020000e-01  4.306115e+02
  9.940000e-02  4.378415e+02
  9.680000e-02  4.459745e+02
  9.430000e-02  4.360345e+02
  9.190000e-02  4.021455e+02
  8.950000e-02  4.014665e+02
  8.720000e-02  3.648670e+02
  8.490000e-02  3.664490e+02
  8.270000e-02  3.515380e+02
  8.060000e-02  3.395645e+02
  7.850000e-02  3.214900e+02
  7.640000e-02  2.826315e+02
  7.450000e-02  2.842135e+02
  7.250000e-02  2.573285e+02
  7.070000e-02  2.263765e+02
  6.880000e-02  2.324765e+02
  6.700000e-02  2.157570e+02
  6.530000e-02  1.985880e+02
  6.360000e-02  1.829980e+02
  6.200000e-02  1.637950e+02
  6.040000e-02  1.459470e+02
  5.880000e-02  1.305840e+02
  5.730000e-02  1.131885e+02
  5.580000e-02  1.023435e+02
  5.430000e-02  9.082105e+01
  5.290000e-02  7.568440e+01
  5.160000e-02  5.874025e+01
  5.020000e-02  5.218845e+01
  4.890000e-02  4.654030e+01
  4.770000e-02  4.857360e+01
  4.640000e-02  3.388850e+01
  4.520000e-02  2.891805e+01
  4.410000e-02  2.756255e+01
  4.290000e-02  2.349590e+01
  4.180000e-02  1.581450e+01
  4.070000e-02  1.739610e+01
  3.970000e-02  1.287750e+01
  3.860000e-02  9.714676e+00
  3.760000e-02  1.107020e+01
  3.670000e-02  7.455425e+00
  3.570000e-02  6.099925e+00
  3.480000e-02  3.162950e+00
  3.390000e-02  4.066650e+00
  3.300000e-02  3.388850e+00
  3.220000e-02  4.066600e+00
  3.130000e-02  1.355550e+00
  3.050000e-02  2.259250e+00
  2.970000e-02  3.162925e+00
  2.890000e-02  2.033325e+00
  2.820000e-02  1.581475e+00
  2.750000e-02  2.936975e+00
  2.680000e-02  4.518500e-01
  2.610000e-02  9.037000e-01
  2.540000e-02  1.355550e+00
  2.470000e-02  1.581475e+00
  2.410000e-02  1.807400e+00
  2.350000e-02  1.581475e+00
  2.290000e-02  9.037000e-01
  2.230000e-02  2.259250e+00
  2.170000e-02  2.485175e+00
  2.110000e-02  1.129625e+00
  2.060000e-02  1.129625e+00
  2.000000e-02  1.355550e+00
  1.950000e-02  1.355550e+00
  1.900000e-02  1.129625e+00
  1.850000e-02  1.355550e+00
  1.800000e-02  1.129625e+00
  1.760000e-02  6.777750e-01
  1.710000e-02  2.259250e+00
  1.670000e-02  4.518500e-01
  1.630000e-02  6.777750e-01
  1.580000e-02  1.581475e+00
  1.540000e-02  4.518500e-01
  1.500000e-02  2.259250e-01
  1.460000e-02  2.259250e-01
  1.430000e-02  2.259250e-01
  1.390000e-02  2.259250e-01
  1.350000e-02  6.777750e-01
  1.320000e-02  4.518500e-01
  1.280000e-02  4.518500e-01
  1.250000e-02  2.259250e-01
  1.220000e-02  4.518500e-01
  1.190000e-02  4.518500e-01
  1.160000e-02  4.518500e-01
  1.130000e-02  2.259250e-01
  1.100000e-02  2.157575e+02
  1.070000e-02  3.151640e+02
  1.040000e-02  2.801445e+02
  1.010000e-02  2.344860e+03
