  4.934820e+03  0.000000e+00
  4.806990e+03  0.000000e+00
  4.682470e+03  0.000000e+00
  4.561180e+03  0.000000e+00
  4.443030e+03  0.000000e+00
  4.327940e+03  0.000000e+00
  4.215830e+03  0.000000e+00
  4.106630e+03  0.000000e+00
  4.000250e+03  0.000000e+00
  3.896630e+03  0.000000e+00
  3.795700e+03  0.000000e+00
  3.697380e+03  0.000000e+00
  3.601600e+03  0.000000e+00
  3.508310e+03  0.000000e+00
  3.417430e+03  0.000000e+00
  3.328910e+03  0.000000e+00
  3.242680e+03  0.000000e+00
  3.158680e+03  0.000000e+00
  3.076860e+03  0.000000e+00
  2.997160e+03  0.000000e+00
  2.919530e+03  0.000000e+00
  2.843900e+03  0.000000e+00
  2.770230e+03  0.000000e+00
  2.698480e+03  0.000000e+00
  2.628580e+03  0.000000e+00
  2.560490e+03  0.000000e+00
  2.494160e+03  0.000000e+00
  2.429550e+03  1.354100e-01
  2.366620e+03  1.354100e-01
  2.305320e+03  1.354100e-01
  2.245600e+03  0.000000e+00
  2.187430e+03  0.000000e+00
  2.130770e+03  0.000000e+00
  2.075580e+03  0.000000e+00
  2.021810e+03  0.000000e+00
  1.969440e+03  1.354100e-01
  1.918430e+03  0.000000e+00
  1.868730e+03  2.708200e-01
  1.820330e+03  0.000000e+00
  1.773170e+03  0.000000e+00
  1.727240e+03  0.000000e+00
  1.682500e+03  1.354100e-01
  1.638920e+03  0.000000e+00
  1.596470e+03  2.708200e-01
  1.555110e+03  1.354100e-01
  1.514830e+03  2.708200e-01
  1.475590e+03  0.000000e+00
  1.437370e+03  0.000000e+00
  1.400140e+03  6.770500e-01
  1.363870e+03  5.416400e-01
  1.328540e+03  1.354100e-01
  1.294120e+03  6.770500e-01
  1.260600e+03  4.062300e-01
  1.227950e+03  5.416400e-01
  1.196140e+03  5.416400e-01
  1.165160e+03  0.000000e+00
  1.134980e+03  6.770500e-01
  1.105580e+03  5.416400e-01
  1.076940e+03  4.062300e-01
  1.049040e+03  6.770500e-01
  1.021870e+03  6.770500e-01
  9.953980e+02  4.062300e-01
  9.696140e+02  1.354100e+00
  9.444970e+02  1.354100e+00
  9.200320e+02  8.124599e-01
  8.962000e+02  9.478700e-01
  8.729850e+02  1.218690e+00
  8.503720e+02  1.218690e+00
  8.283450e+02  2.031150e+00
  8.068880e+02  2.166560e+00
  7.859870e+02  2.572790e+00
  7.656270e+02  3.385250e+00
  7.457950e+02  3.114440e+00
  7.264760e+02  4.468550e+00
  7.076580e+02  3.926900e+00
  6.893270e+02  5.551830e+00
  6.714710e+02  4.739370e+00
  6.540780e+02  6.635090e+00
  6.371350e+02  5.416440e+00
  6.206310e+02  7.312180e+00
  6.045550e+02  1.002036e+01
  5.888950e+02  1.110360e+01
  5.736410e+02  1.286390e+01
  5.587810e+02  1.421805e+01
  5.443070e+02  1.272850e+01
  5.302080e+02  1.435345e+01
  5.164740e+02  1.652000e+01
  5.030950e+02  2.085310e+01
  4.900630e+02  2.342595e+01
  4.773690e+02  2.626955e+01
  4.650040e+02  2.789445e+01
  4.529580e+02  3.642525e+01
  4.412250e+02  3.601915e+01
  4.297960e+02  4.130000e+01
  4.186630e+02  4.454990e+01
  4.078180e+02  5.118500e+01
  3.972540e+02  5.714335e+01
  3.869640e+02  6.635110e+01
  3.769400e+02  7.000716e+01
  3.671770e+02  8.639170e+01
  3.576650e+02  9.383936e+01
  3.484010e+02  1.110365e+02
  3.393760e+02  1.238990e+02
  3.305850e+02  1.333785e+02
  3.220220e+02  1.531480e+02
  3.136800e+02  1.572120e+02
  3.055550e+02  1.790130e+02
  2.976400e+02  2.000010e+02
  2.899300e+02  2.241030e+02
  2.824200e+02  2.570100e+02
  2.751040e+02  2.808420e+02
  2.679780e+02  3.157765e+02
  2.610370e+02  3.511190e+02
  2.542750e+02  4.111040e+02
  2.476890e+02  4.373755e+02
  2.412730e+02  4.744760e+02
  2.350230e+02  5.581615e+02
  2.289350e+02  6.199095e+02
  2.230050e+02  6.873435e+02
  2.172280e+02  7.597880e+02
  2.116010e+02  8.377835e+02
  2.061200e+02  9.389315e+02
  2.007810e+02  1.039820e+03
  1.955800e+02  1.206100e+03
  1.905140e+02  1.315795e+03
  1.855790e+02  1.449295e+03
  1.807720e+02  1.645235e+03
  1.760890e+02  1.842665e+03
  1.715280e+02  2.042540e+03
  1.670850e+02  2.266360e+03
  1.627570e+02  2.469070e+03
  1.585410e+02  2.709955e+03
  1.544340e+02  3.011800e+03
  1.504340e+02  3.266770e+03
  1.465370e+02  3.615315e+03
  1.427410e+02  3.891285e+03
  1.390440e+02  4.259740e+03
  1.354420e+02  4.643090e+03
  1.319340e+02  5.003820e+03
  1.285160e+02  5.435775e+03
  1.251870e+02  5.953720e+03
  1.219440e+02  6.405715e+03
  1.187850e+02  6.948985e+03
  1.157090e+02  7.521500e+03
  1.127110e+02  7.985675e+03
  1.097920e+02  8.658805e+03
  1.069480e+02  9.301335e+03
  1.041770e+02  1.010025e+04
  1.014790e+02  1.080735e+04
  9.885030e+01  1.154550e+04
  9.628970e+01  1.244450e+04
  9.379550e+01  1.322820e+04
  9.136590e+01  1.412180e+04
  8.899920e+01  1.513840e+04
  8.669380e+01  1.610725e+04
  8.444820e+01  1.710615e+04
  8.226070e+01  1.829770e+04
  8.012980e+01  1.935900e+04
  7.805420e+01  2.061890e+04
  7.603240e+01  2.179860e+04
  7.406290e+01  2.292460e+04
  7.214440e+01  2.418740e+04
  7.027560e+01  2.528700e+04
  6.845520e+01  2.653395e+04
  6.668200e+01  2.772570e+04
  6.495470e+01  2.882885e+04
  6.327220e+01  2.962235e+04
  6.163320e+01  3.030405e+04
  6.003670e+01  3.096865e+04
  5.848160e+01  3.122605e+04
  5.696670e+01  3.148820e+04
  5.549110e+01  3.184145e+04
  5.405370e+01  3.215185e+04
  5.265350e+01  3.246640e+04
  5.128960e+01  3.281305e+04
  4.996100e+01  3.287255e+04
  4.866690e+01  3.295785e+04
  4.740620e+01  3.276690e+04
  4.617830e+01  3.239020e+04
  4.498210e+01  3.169335e+04
  4.381690e+01  3.088215e+04
  4.268190e+01  3.028025e+04
  4.157630e+01  2.923650e+04
  4.049930e+01  2.828420e+04
  3.945030e+01  2.736065e+04
  3.842840e+01  2.651215e+04
  3.743290e+01  2.557680e+04
  3.646330e+01  2.456920e+04
  3.551880e+01  2.354185e+04
  3.459870e+01  2.283665e+04
  3.370250e+01  2.186270e+04
  3.282950e+01  2.091975e+04
  3.197910e+01  2.006830e+04
  3.115070e+01  1.902940e+04
  3.034380e+01  1.824495e+04
  2.955780e+01  1.724285e+04
  2.879220e+01  1.632255e+04
  2.804640e+01  1.545555e+04
  2.731990e+01  1.456950e+04
  2.661220e+01  1.363280e+04
  2.592290e+01  1.270700e+04
  2.525140e+01  1.182580e+04
  2.459730e+01  1.091020e+04
  2.396010e+01  1.005180e+04
  2.333950e+01  9.210740e+03
  2.273490e+01  8.408710e+03
  2.214600e+01  7.571745e+03
  2.157230e+01  6.713910e+03
  2.101350e+01  5.912285e+03
  2.046920e+01  5.233745e+03
  1.993900e+01  4.637665e+03
  1.942250e+01  4.039560e+03
  1.891940e+01  3.573610e+03
  1.842930e+01  3.314425e+03
  1.795200e+01  3.134080e+03
  1.748690e+01  2.990270e+03
  1.703400e+01  2.907380e+03
  1.659270e+01  2.951275e+03
  1.616290e+01  2.965765e+03
  1.574430e+01  2.995130e+03
  1.533640e+01  3.012605e+03
  1.493920e+01  2.962785e+03
  1.455220e+01  2.840235e+03
  1.417520e+01  2.525550e+03
  1.380800e+01  2.127700e+03
  1.345040e+01  1.624105e+03
  1.310200e+01  1.162765e+03
  1.276260e+01  8.226175e+02
  1.243200e+01  5.641200e+02
  1.211000e+01  3.925540e+02
  1.179630e+01  2.750170e+02
  1.149070e+01  2.039285e+02
  1.119310e+01  1.679095e+02
  1.090310e+01  1.492220e+02
  1.062070e+01  1.294525e+02
  1.034560e+01  1.121190e+02
  1.007760e+01  8.855845e+01
  9.816600e+00  7.257985e+01
  9.562300e+00  6.391375e+01
  9.314600e+00  6.364285e+01
  9.073300e+00  7.014255e+01
  8.838300e+00  8.991235e+01
  8.609300e+00  1.091400e+02
  8.386300e+00  1.565340e+02
  8.169100e+00  2.403540e+02
  7.957500e+00  3.375775e+02
  7.751400e+00  4.201790e+02
  7.550600e+00  5.157765e+02
  7.355000e+00  5.392030e+02
  7.164500e+00  4.920815e+02
  6.978900e+00  4.467195e+02
  6.798100e+00  4.106985e+02
  6.622000e+00  3.695345e+02
  6.450500e+00  3.290460e+02
  6.283400e+00  2.877465e+02
  6.120600e+00  2.689245e+02
  5.962100e+00  2.387280e+02
  5.807600e+00  2.209890e+02
  5.657200e+00  2.270820e+02
  5.510700e+00  2.143540e+02
  5.367900e+00  2.082615e+02
  5.228900e+00  1.838870e+02
  5.093400e+00  1.730545e+02
  4.961500e+00  1.665560e+02
  4.833000e+00  1.470560e+02
  4.707800e+00  1.297215e+02
  4.585800e+00  1.159115e+02
  4.467100e+00  9.939066e+01
  4.351300e+00  1.041300e+02
  4.238600e+00  9.492184e+01
  4.128800e+00  9.180750e+01
  4.021900e+00  9.356850e+01
  3.917700e+00  8.314149e+01
  3.816200e+00  6.946540e+01
  3.717400e+00  6.513225e+01
  3.621100e+00  5.159120e+01
  3.527300e+00  5.091435e+01
  3.435900e+00  4.075845e+01
  3.346900e+00  3.656080e+01
  3.260200e+00  2.640500e+01
  3.175800e+00  1.800965e+01
  3.093500e+00  1.218685e+01
  3.013400e+00  9.884890e+00
  2.935300e+00  9.749530e+00
  2.859300e+00  1.191606e+01
  2.785200e+00  1.652000e+01
  2.713100e+00  2.518630e+01
  2.642800e+00  2.125940e+01
  2.574300e+00  2.329050e+01
  2.507600e+00  1.976980e+01
  2.442700e+00  1.936360e+01
  2.379400e+00  1.773870e+01
  2.317800e+00  1.489505e+01
  2.257700e+00  1.773870e+01
  2.199300e+00  1.327025e+01
  2.142300e+00  1.259320e+01
  2.086800e+00  1.218690e+01
  2.032700e+00  1.218690e+01
  1.980100e+00  1.069735e+01
  1.928800e+00  1.150985e+01
  1.878800e+00  1.042659e+01
  1.830200e+00  1.313480e+01
  1.782800e+00  1.706165e+01
  1.736600e+00  8.530849e+00
  1.691600e+00  9.884930e+00
  1.647800e+00  5.281010e+00
  1.605100e+00  5.145590e+00
  1.563500e+00  6.228880e+00
  1.523000e+00  6.093470e+00
  1.483600e+00  5.281010e+00
  1.445100e+00  4.197720e+00
  1.407700e+00  4.468560e+00
  1.371200e+00  4.603960e+00
  1.335700e+00  3.249850e+00
  1.301100e+00  3.249840e+00
  1.267400e+00  3.114430e+00
  1.234600e+00  2.843610e+00
  1.202600e+00  2.437390e+00
  1.171500e+00  3.520660e+00
  1.141100e+00  3.926890e+00
  1.111600e+00  2.843620e+00
  1.082800e+00  2.843620e+00
  1.054700e+00  3.249850e+00
  1.027400e+00  1.895750e+00
  1.000800e+00  2.437380e+00
  9.749000e-01  2.437390e+00
  9.496000e-01  1.218690e+00
  9.250000e-01  2.166560e+00
  9.010000e-01  1.895740e+00
  8.777000e-01  3.114430e+00
  8.550000e-01  2.031150e+00
  8.328000e-01  1.895740e+00
  8.113000e-01  2.301970e+00
  7.902000e-01  2.031150e+00
  7.698000e-01  1.895740e+00
  7.498000e-01  1.895740e+00
  7.304000e-01  2.979040e+00
  7.115000e-01  2.301980e+00
  6.931000e-01  4.468550e+00
  6.751000e-01  4.346670e+01
  6.576000e-01  3.385255e+01
  6.406000e-01  1.002030e+02
  6.240000e-01  2.708200e+01
  6.078000e-01  5.687220e+00
  5.921000e-01  4.333120e+00
  5.767000e-01  4.874780e+00
  5.618000e-01  3.791480e+00
  5.472000e-01  4.333120e+00
  5.331000e-01  5.687250e+00
  5.193000e-01  5.551830e+00
  5.058000e-01  5.551810e+00
  4.927000e-01  1.164530e+01
  4.799000e-01  1.191605e+01
  4.675000e-01  8.801610e+00
  4.554000e-01  6.364300e+00
  4.436000e-01  1.137445e+01
  4.321000e-01  1.150985e+01
  4.209000e-01  1.205145e+01
  4.100000e-01  6.364290e+00
  3.994000e-01  1.435350e+01
  3.891000e-01  2.396765e+01
  3.790000e-01  2.247795e+01
  3.692000e-01  4.468540e+00
  3.596000e-01  4.468540e+00
  3.503000e-01  4.603960e+00
  3.412000e-01  4.197720e+00
  3.324000e-01  3.926900e+00
  3.238000e-01  4.874750e+00
  3.154000e-01  4.874770e+00
  3.072000e-01  5.145600e+00
  2.992000e-01  7.041320e+00
  2.915000e-01  1.029124e+01
  2.839000e-01  9.614130e+00
  2.766000e-01  8.395420e+00
  2.694000e-01  1.990535e+01
  2.624000e-01  4.048755e+01
  2.556000e-01  4.752895e+01
  2.490000e-01  2.139480e+01
  2.426000e-01  1.394720e+01
  2.363000e-01  1.814495e+01
  2.302000e-01  1.191605e+01
  2.242000e-01  9.072491e+00
  2.184000e-01  8.530880e+00
  2.127000e-01  7.718400e+00
  2.072000e-01  6.499670e+00
  2.019000e-01  8.530880e+00
  1.966000e-01  9.207900e+00
  1.915000e-01  1.448885e+01
  1.866000e-01  1.503050e+01
  1.817000e-01  1.002030e+01
  1.770000e-01  7.583010e+00
  1.725000e-01  6.364300e+00
  1.680000e-01  7.041340e+00
  1.636000e-01  9.478729e+00
  1.594000e-01  8.260040e+00
  1.553000e-01  8.395470e+00
  1.512000e-01  7.989240e+00
  1.473000e-01  8.395430e+00
  1.435000e-01  1.245775e+01
  1.398000e-01  9.885000e+00
  1.362000e-01  1.123905e+01
  1.326000e-01  9.749490e+00
  1.292000e-01  1.191610e+01
  1.259000e-01  1.232235e+01
  1.226000e-01  1.665545e+01
  1.194000e-01  1.340565e+01
  1.163000e-01  1.462425e+01
  1.133000e-01  1.462435e+01
  1.104000e-01  1.719705e+01
  1.075000e-01  1.679080e+01
  1.047000e-01  1.462420e+01
  1.020000e-01  1.773875e+01
  9.940000e-02  1.868665e+01
  9.680000e-02  1.719700e+01
  9.430000e-02  1.868660e+01
  9.190000e-02  2.153025e+01
  8.950000e-02  2.193645e+01
  8.720000e-02  2.085315e+01
  8.490000e-02  1.963450e+01
  8.270000e-02  2.193645e+01
  8.060000e-02  1.814490e+01
  7.850000e-02  1.855110e+01
  7.640000e-02  1.503060e+01
  7.450000e-02  1.855110e+01
  7.250000e-02  1.435340e+01
  7.070000e-02  1.205155e+01
  6.880000e-02  1.435345e+01
  6.700000e-02  1.584295e+01
  6.530000e-02  1.205150e+01
  6.360000e-02  1.137440e+01
  6.200000e-02  1.272840e+01
  6.040000e-02  8.937130e+00
  5.880000e-02  7.989200e+00
  5.730000e-02  6.905880e+00
  5.580000e-02  9.207880e+00
  5.430000e-02  4.333130e+00
  5.290000e-02  4.468540e+00
  5.160000e-02  3.249850e+00
  5.020000e-02  4.739380e+00
  4.890000e-02  5.010190e+00
  4.770000e-02  4.468550e+00
  4.640000e-02  3.249840e+00
  4.520000e-02  2.301970e+00
  4.410000e-02  2.031150e+00
  4.290000e-02  2.708200e+00
  4.180000e-02  1.489510e+00
  4.070000e-02  1.489510e+00
  3.970000e-02  1.760330e+00
  3.860000e-02  1.218690e+00
  3.760000e-02  8.124600e-01
  3.670000e-02  1.083280e+00
  3.570000e-02  1.489510e+00
  3.480000e-02  4.062300e-01
  3.390000e-02  5.416400e-01
  3.300000e-02  8.124599e-01
  3.220000e-02  9.478700e-01
  3.130000e-02  6.770500e-01
  3.050000e-02  5.416400e-01
  2.970000e-02  1.354100e-01
  2.890000e-02  2.708200e-01
  2.820000e-02  1.354100e-01
  2.750000e-02  2.708200e-01
  2.680000e-02  4.062300e-01
  2.610000e-02  0.000000e+00
  2.540000e-02  0.000000e+00
  2.470000e-02  0.000000e+00
  2.410000e-02  0.000000e+00
  2.350000e-02  0.000000e+00
  2.290000e-02  0.000000e+00
  2.230000e-02  0.000000e+00
  2.170000e-02  0.000000e+00
  2.110000e-02  0.000000e+00
  2.060000e-02  0.000000e+00
  2.000000e-02  0.000000e+00
  1.950000e-02  1.354100e-01
  1.900000e-02  0.000000e+00
  1.850000e-02  0.000000e+00
  1.800000e-02  0.000000e+00
  1.760000e-02  0.000000e+00
  1.710000e-02  0.000000e+00
  1.670000e-02  0.000000e+00
  1.630000e-02  0.000000e+00
  1.580000e-02  0.000000e+00
  1.540000e-02  0.000000e+00
  1.500000e-02  0.000000e+00
  1.460000e-02  0.000000e+00
  1.430000e-02  0.000000e+00
  1.390000e-02  0.000000e+00
  1.350000e-02  0.000000e+00
  1.320000e-02  0.000000e+00
  1.280000e-02  0.000000e+00
  1.250000e-02  0.000000e+00
  1.220000e-02  0.000000e+00
  1.190000e-02  0.000000e+00
  1.160000e-02  0.000000e+00
  1.130000e-02  0.000000e+00
  1.100000e-02  0.000000e+00
  1.070000e-02  0.000000e+00
  1.040000e-02  0.000000e+00
  1.010000e-02  0.000000e+00
