  4.934820e+03  0.000000e+00
  4.806990e+03  0.000000e+00
  4.682470e+03  0.000000e+00
  4.561180e+03  0.000000e+00
  4.443030e+03  0.000000e+00
  4.327940e+03  0.000000e+00
  4.215830e+03  0.000000e+00
  4.106630e+03  0.000000e+00
  4.000250e+03  0.000000e+00
  3.896630e+03  0.000000e+00
  3.795700e+03  0.000000e+00
  3.697380e+03  0.000000e+00
  3.601600e+03  0.000000e+00
  3.508310e+03  7.718000e-02
  3.417430e+03  0.000000e+00
  3.328910e+03  0.000000e+00
  3.242680e+03  0.000000e+00
  3.158680e+03  0.000000e+00
  3.076860e+03  7.718000e-02
  2.997160e+03  7.718000e-02
  2.919530e+03  0.000000e+00
  2.843900e+03  0.000000e+00
  2.770230e+03  0.000000e+00
  2.698480e+03  7.718000e-02
  2.628580e+03  0.000000e+00
  2.560490e+03  0.000000e+00
  2.494160e+03  7.718000e-02
  2.429550e+03  1.543600e-01
  2.366620e+03  7.718000e-02
  2.305320e+03  0.000000e+00
  2.245600e+03  0.000000e+00
  2.187430e+03  2.315350e-01
  2.130770e+03  2.315400e-01
  2.075580e+03  7.718000e-02
  2.021810e+03  1.543600e-01
  1.969440e+03  1.543550e-01
  1.918430e+03  7.718000e-02
  1.868730e+03  1.543600e-01
  1.820330e+03  3.087150e-01
  1.773170e+03  7.718000e-02
  1.727240e+03  2.315400e-01
  1.682500e+03  3.858950e-01
  1.638920e+03  2.315400e-01
  1.596470e+03  1.543600e-01
  1.555110e+03  3.087200e-01
  1.514830e+03  6.946100e-01
  1.475590e+03  5.402500e-01
  1.437370e+03  3.087200e-01
  1.400140e+03  2.315400e-01
  1.363870e+03  8.489650e-01
  1.328540e+03  5.402550e-01
  1.294120e+03  5.402600e-01
  1.260600e+03  1.003325e+00
  1.227950e+03  8.489750e-01
  1.196140e+03  6.174400e-01
  1.165160e+03  8.489701e-01
  1.134980e+03  1.234870e+00
  1.105580e+03  1.234860e+00
  1.076940e+03  1.466400e+00
  1.049040e+03  8.489750e-01
  1.021870e+03  1.466395e+00
  9.953980e+02  1.543575e+00
  9.696140e+02  2.083825e+00
  9.444970e+02  2.855600e+00
  9.200320e+02  2.315350e+00
  8.962000e+02  2.546875e+00
  8.729850e+02  3.473015e+00
  8.503720e+02  4.167620e+00
  8.283450e+02  5.325280e+00
  8.068880e+02  5.016550e+00
  7.859870e+02  5.248105e+00
  7.656270e+02  6.328585e+00
  7.457950e+02  7.794965e+00
  7.264760e+02  8.566635e+00
  7.076580e+02  9.338515e+00
  6.893270e+02  1.072775e+01
  6.714710e+02  1.327460e+01
  6.540780e+02  1.366035e+01
  6.371350e+02  1.481800e+01
  6.206310e+02  1.512690e+01
  6.045550e+02  1.937155e+01
  5.888950e+02  2.145530e+01
  5.736410e+02  2.577755e+01
  5.587810e+02  2.662620e+01
  5.443070e+02  2.994490e+01
  5.302080e+02  3.704520e+01
  5.164740e+02  4.036395e+01
  5.030950e+02  4.746445e+01
  4.900630e+02  4.823625e+01
  4.773690e+02  5.294410e+01
  4.650040e+02  6.081620e+01
  4.529580e+02  7.030920e+01
  4.412250e+02  8.327499e+01
  4.297960e+02  8.659405e+01
  4.186630e+02  1.004083e+02
  4.078180e+02  1.167710e+02
  3.972540e+02  1.348300e+02
  3.869640e+02  1.454800e+02
  3.769400e+02  1.635400e+02
  3.671770e+02  1.826795e+02
  3.576650e+02  2.047530e+02
  3.484010e+02  2.240475e+02
  3.393760e+02  2.650290e+02
  3.305850e+02  2.959755e+02
  3.220220e+02  3.239145e+02
  3.136800e+02  3.704540e+02
  3.055550e+02  4.196155e+02
  2.976400e+02  4.686255e+02
  2.899300e+02  5.214130e+02
  2.824200e+02  5.887135e+02
  2.751040e+02  6.564740e+02
  2.679780e+02  7.433765e+02
  2.610370e+02  8.366855e+02
  2.542750e+02  9.249770e+02
  2.476890e+02  1.042060e+03
  2.412730e+02  1.168715e+03
  2.350230e+02  1.329230e+03
  2.289350e+02  1.479815e+03
  2.230050e+02  1.655690e+03
  2.172280e+02  1.850570e+03
  2.116010e+02  2.080255e+03
  2.061200e+02  2.296510e+03
  2.007810e+02  2.571030e+03
  1.955800e+02  2.864075e+03
  1.905140e+02  3.241160e+03
  1.855790e+02  3.654690e+03
  1.807720e+02  4.056700e+03
  1.760890e+02  4.505730e+03
  1.715280e+02  5.018875e+03
  1.670850e+02  5.598785e+03
  1.627570e+02  6.183885e+03
  1.585410e+02  6.806160e+03
  1.544340e+02  7.532790e+03
  1.504340e+02  8.282340e+03
  1.465370e+02  9.125130e+03
  1.427410e+02  9.918064e+03
  1.390440e+02  1.086900e+04
  1.354420e+02  1.188080e+04
  1.319340e+02  1.298585e+04
  1.285160e+02  1.398870e+04
  1.251870e+02  1.530260e+04
  1.219440e+02  1.652200e+04
  1.187850e+02  1.796765e+04
  1.157090e+02  1.942470e+04
  1.127110e+02  2.104255e+04
  1.097920e+02  2.263835e+04
  1.069480e+02  2.443985e+04
  1.041770e+02  2.632280e+04
  1.014790e+02  2.832245e+04
  9.885030e+01  3.029630e+04
  9.628970e+01  3.240245e+04
  9.379550e+01  3.459135e+04
  9.136590e+01  3.699820e+04
  8.899920e+01  3.917220e+04
  8.669380e+01  4.160620e+04
  8.444820e+01  4.390900e+04
  8.226070e+01  4.635980e+04
  8.012980e+01  4.871210e+04
  7.805420e+01  5.099675e+04
  7.603240e+01  5.319910e+04
  7.406290e+01  5.521385e+04
  7.214440e+01  5.710875e+04
  7.027560e+01  5.891870e+04
  6.845520e+01  6.037665e+04
  6.668200e+01  6.163840e+04
  6.495470e+01  6.233130e+04
  6.327220e+01  6.295050e+04
  6.163320e+01  6.315760e+04
  6.003670e+01  6.311355e+04
  5.848160e+01  6.298845e+04
  5.696670e+01  6.242275e+04
  5.549110e+01  6.194610e+04
  5.405370e+01  6.063295e+04
  5.265350e+01  5.895795e+04
  5.128960e+01  5.699075e+04
  4.996100e+01  5.479400e+04
  4.866690e+01  5.191555e+04
  4.740620e+01  4.892915e+04
  4.617830e+01  4.557900e+04
  4.498210e+01  4.226840e+04
  4.381690e+01  3.997280e+04
  4.268190e+01  3.773785e+04
  4.157630e+01  3.544420e+04
  4.049930e+01  3.310650e+04
  3.945030e+01  3.090105e+04
  3.842840e+01  2.917970e+04
  3.743290e+01  2.721290e+04
  3.646330e+01  2.537465e+04
  3.551880e+01  2.369180e+04
  3.459870e+01  2.190930e+04
  3.370250e+01  1.997600e+04
  3.282950e+01  1.815575e+04
  3.197910e+01  1.641245e+04
  3.115070e+01  1.472450e+04
  3.034380e+01  1.323080e+04
  2.955780e+01  1.174730e+04
  2.879220e+01  1.033685e+04
  2.804640e+01  9.007285e+03
  2.731990e+01  7.806140e+03
  2.661220e+01  6.773065e+03
  2.592290e+01  5.775070e+03
  2.525140e+01  4.833720e+03
  2.459730e+01  4.068810e+03
  2.396010e+01  3.355540e+03
  2.333950e+01  2.746910e+03
  2.273490e+01  2.229440e+03
  2.214600e+01  1.741140e+03
  2.157230e+01  1.357025e+03
  2.101350e+01  1.045840e+03
  2.046920e+01  8.004880e+02
  1.993900e+01  6.205880e+02
  1.942250e+01  4.715560e+02
  1.891940e+01  3.659005e+02
  1.842930e+01  3.114125e+02
  1.795200e+01  2.610930e+02
  1.748690e+01  2.394055e+02
  1.703400e+01  2.209590e+02
  1.659270e+01  2.140915e+02
  1.616290e+01  2.197260e+02
  1.574430e+01  2.188775e+02
  1.533640e+01  2.220410e+02
  1.493920e+01  2.129340e+02
  1.455220e+01  1.945660e+02
  1.417520e+01  1.491855e+02
  1.380800e+01  1.038040e+02
  1.345040e+01  6.212820e+01
  1.310200e+01  3.804865e+01
  1.276260e+01  2.307610e+01
  1.243200e+01  1.613025e+01
  1.211000e+01  1.327470e+01
  1.179630e+01  1.072765e+01
  1.149070e+01  8.103675e+00
  1.119310e+01  9.492740e+00
  1.090310e+01  9.261320e+00
  1.062070e+01  8.258000e+00
  1.034560e+01  7.409075e+00
  1.007760e+01  7.872120e+00
  9.816600e+00  6.714510e+00
  9.562300e+00  5.325265e+00
  9.314600e+00  4.553510e+00
  9.073300e+00  3.164300e+00
  8.838300e+00  3.550195e+00
  8.609300e+00  3.473005e+00
  8.386300e+00  3.473015e+00
  8.169100e+00  5.788350e+00
  7.957500e+00  9.261305e+00
  7.751400e+00  1.065055e+01
  7.550600e+00  1.559000e+01
  7.355000e+00  1.829120e+01
  7.164500e+00  1.751940e+01
  6.978900e+00  1.728785e+01
  6.798100e+00  1.551280e+01
  6.622000e+00  1.396925e+01
  6.450500e+00  1.273440e+01
  6.283400e+00  1.265720e+01
  6.120600e+00  1.157665e+01
  5.962100e+00  1.281145e+01
  5.807600e+00  1.265710e+01
  5.657200e+00  1.227130e+01
  5.510700e+00  1.335175e+01
  5.367900e+00  1.381480e+01
  5.228900e+00  1.327455e+01
  5.093400e+00  1.142230e+01
  4.961500e+00  1.026470e+01
  4.833000e+00  1.034180e+01
  4.707800e+00  9.492880e+00
  4.585800e+00  9.647209e+00
  4.467100e+00  1.026460e+01
  4.351300e+00  1.103655e+01
  4.238600e+00  9.878665e+00
  4.128800e+00  1.072775e+01
  4.021900e+00  9.724319e+00
  3.917700e+00  1.173100e+01
  3.816200e+00  7.872155e+00
  3.717400e+00  8.798240e+00
  3.621100e+00  8.412355e+00
  3.527300e+00  8.566730e+00
  3.435900e+00  7.023145e+00
  3.346900e+00  8.103600e+00
  3.260200e+00  8.258025e+00
  3.175800e+00  5.325255e+00
  3.093500e+00  3.473005e+00
  3.013400e+00  3.241475e+00
  2.935300e+00  3.627370e+00
  2.859300e+00  4.090425e+00
  2.785200e+00  5.325280e+00
  2.713100e+00  6.174190e+00
  2.642800e+00  6.251415e+00
  2.574300e+00  6.868810e+00
  2.507600e+00  5.865500e+00
  2.442700e+00  7.563425e+00
  2.379400e+00  6.637300e+00
  2.317800e+00  7.100390e+00
  2.257700e+00  5.556820e+00
  2.199300e+00  6.482895e+00
  2.142300e+00  6.019850e+00
  2.086800e+00  4.321975e+00
  2.032700e+00  4.321970e+00
  1.980100e+00  4.785030e+00
  1.928800e+00  5.479625e+00
  1.878800e+00  4.630680e+00
  1.830200e+00  5.402445e+00
  1.782800e+00  5.788305e+00
  1.736600e+00  4.939395e+00
  1.691600e+00  4.630680e+00
  1.647800e+00  2.932765e+00
  1.605100e+00  3.473020e+00
  1.563500e+00  1.852285e+00
  1.523000e+00  2.778415e+00
  1.483600e+00  2.083815e+00
  1.445100e+00  4.321965e+00
  1.407700e+00  2.469710e+00
  1.371200e+00  2.546885e+00
  1.335700e+00  1.929460e+00
  1.301100e+00  1.775105e+00
  1.267400e+00  1.543560e+00
  1.234600e+00  1.929460e+00
  1.202600e+00  1.775100e+00
  1.171500e+00  1.466390e+00
  1.141100e+00  2.083815e+00
  1.111600e+00  1.080500e+00
  1.082800e+00  8.489650e-01
  1.054700e+00  1.466390e+00
  1.027400e+00  1.003325e+00
  1.000800e+00  1.234860e+00
  9.749000e-01  1.466395e+00
  9.496000e-01  1.080505e+00
  9.250000e-01  9.261450e-01
  9.010000e-01  1.312030e+00
  8.777000e-01  1.543570e+00
  8.550000e-01  1.466385e+00
  8.328000e-01  7.717850e-01
  8.113000e-01  1.234860e+00
  7.902000e-01  8.489700e-01
  7.698000e-01  1.775105e+00
  7.498000e-01  1.620745e+00
  7.304000e-01  1.697930e+00
  7.115000e-01  1.697925e+00
  6.931000e-01  1.620750e+00
  6.751000e-01  1.149955e+01
  6.576000e-01  1.281150e+01
  6.406000e-01  2.608610e+01
  6.240000e-01  6.019885e+00
  6.078000e-01  2.932755e+00
  5.921000e-01  2.392525e+00
  5.767000e-01  2.778415e+00
  5.618000e-01  3.473015e+00
  5.472000e-01  3.087120e+00
  5.331000e-01  3.550185e+00
  5.193000e-01  2.778415e+00
  5.058000e-01  2.546880e+00
  4.927000e-01  4.244795e+00
  4.799000e-01  3.627365e+00
  4.675000e-01  3.936075e+00
  4.554000e-01  5.170925e+00
  4.436000e-01  5.556795e+00
  4.321000e-01  6.251385e+00
  4.209000e-01  4.862215e+00
  4.100000e-01  4.476320e+00
  3.994000e-01  6.868830e+00
  3.891000e-01  9.338446e+00
  3.790000e-01  1.142225e+01
  3.692000e-01  4.013250e+00
  3.596000e-01  3.164300e+00
  3.503000e-01  5.633995e+00
  3.412000e-01  4.399125e+00
  3.324000e-01  4.321965e+00
  3.238000e-01  2.932775e+00
  3.154000e-01  4.707865e+00
  3.072000e-01  4.476325e+00
  2.992000e-01  6.405750e+00
  2.915000e-01  8.643925e+00
  2.839000e-01  1.026460e+01
  2.766000e-01  8.103620e+00
  2.694000e-01  1.366045e+01
  2.624000e-01  2.384795e+01
  2.556000e-01  2.817000e+01
  2.490000e-01  1.227130e+01
  2.426000e-01  1.281155e+01
  2.363000e-01  1.412350e+01
  2.302000e-01  8.026445e+00
  2.242000e-01  7.023185e+00
  2.184000e-01  7.486240e+00
  2.127000e-01  6.560110e+00
  2.072000e-01  7.100345e+00
  2.019000e-01  6.714480e+00
  1.966000e-01  7.794935e+00
  1.915000e-01  6.097075e+00
  1.866000e-01  6.637320e+00
  1.817000e-01  7.100350e+00
  1.770000e-01  7.177540e+00
  1.725000e-01  6.251410e+00
  1.680000e-01  7.640635e+00
  1.636000e-01  6.714475e+00
  1.594000e-01  5.942670e+00
  1.553000e-01  6.868785e+00
  1.512000e-01  5.093755e+00
  1.473000e-01  6.174225e+00
  1.435000e-01  7.409090e+00
  1.398000e-01  7.409045e+00
  1.362000e-01  7.486230e+00
  1.326000e-01  7.023180e+00
  1.292000e-01  7.486265e+00
  1.259000e-01  8.489540e+00
  1.226000e-01  5.016560e+00
  1.194000e-01  8.258076e+00
  1.163000e-01  6.868750e+00
  1.133000e-01  7.486250e+00
  1.104000e-01  7.254675e+00
  1.075000e-01  7.794970e+00
  1.047000e-01  8.026529e+00
  1.020000e-01  9.184065e+00
  9.940000e-02  8.875395e+00
  9.680000e-02  9.569970e+00
  9.430000e-02  8.643885e+00
  9.190000e-02  7.872165e+00
  8.950000e-02  6.868845e+00
  8.720000e-02  6.560135e+00
  8.490000e-02  6.791660e+00
  8.270000e-02  7.563395e+00
  8.060000e-02  6.868835e+00
  7.850000e-02  6.174240e+00
  7.640000e-02  6.251395e+00
  7.450000e-02  5.865525e+00
  7.250000e-02  4.707850e+00
  7.070000e-02  5.711165e+00
  6.880000e-02  3.781720e+00
  6.700000e-02  3.164300e+00
  6.530000e-02  2.315345e+00
  6.360000e-02  2.932775e+00
  6.200000e-02  2.392525e+00
  6.040000e-02  1.775105e+00
  5.880000e-02  1.543580e+00
  5.730000e-02  2.006645e+00
  5.580000e-02  1.389220e+00
  5.430000e-02  7.717950e-01
  5.290000e-02  7.717950e-01
  5.160000e-02  1.080505e+00
  5.020000e-02  6.946100e-01
  4.890000e-02  5.402600e-01
  4.770000e-02  1.543600e-01
  4.640000e-02  5.402500e-01
  4.520000e-02  2.315400e-01
  4.410000e-02  3.087200e-01
  4.290000e-02  2.315400e-01
  4.180000e-02  2.315350e-01
  4.070000e-02  1.543600e-01
  3.970000e-02  0.000000e+00
  3.860000e-02  1.543600e-01
  3.760000e-02  7.718000e-02
  3.670000e-02  1.543600e-01
  3.570000e-02  1.543600e-01
  3.480000e-02  0.000000e+00
  3.390000e-02  0.000000e+00
  3.300000e-02  7.718000e-02
  3.220000e-02  7.718000e-02
  3.130000e-02  0.000000e+00
  3.050000e-02  0.000000e+00
  2.970000e-02  0.000000e+00
  2.890000e-02  0.000000e+00
  2.820000e-02  0.000000e+00
  2.750000e-02  7.718000e-02
  2.680000e-02  1.543600e-01
  2.610000e-02  0.000000e+00
  2.540000e-02  7.718000e-02
  2.470000e-02  7.718000e-02
  2.410000e-02  0.000000e+00
  2.350000e-02  0.000000e+00
  2.290000e-02  0.000000e+00
  2.230000e-02  1.543600e-01
  2.170000e-02  0.000000e+00
  2.110000e-02  0.000000e+00
  2.060000e-02  0.000000e+00
  2.000000e-02  0.000000e+00
  1.950000e-02  0.000000e+00
  1.900000e-02  0.000000e+00
  1.850000e-02  0.000000e+00
  1.800000e-02  0.000000e+00
  1.760000e-02  0.000000e+00
  1.710000e-02  7.718000e-02
  1.670000e-02  0.000000e+00
  1.630000e-02  0.000000e+00
  1.580000e-02  0.000000e+00
  1.540000e-02  0.000000e+00
  1.500000e-02  0.000000e+00
  1.460000e-02  0.000000e+00
  1.430000e-02  0.000000e+00
  1.390000e-02  0.000000e+00
  1.350000e-02  0.000000e+00
  1.320000e-02  0.000000e+00
  1.280000e-02  0.000000e+00
  1.250000e-02  0.000000e+00
  1.220000e-02  0.000000e+00
  1.190000e-02  0.000000e+00
  1.160000e-02  0.000000e+00
  1.130000e-02  0.000000e+00
  1.100000e-02  4.630750e-01
  1.070000e-02  6.946150e-01
  1.040000e-02  6.946100e-01
  1.010000e-02  8.134550e+01
