  4.934820e+03  2.608850e-02
  4.806990e+03  0.000000e+00
  4.682470e+03  0.000000e+00
  4.561180e+03  0.000000e+00
  4.443030e+03  0.000000e+00
  4.327940e+03  2.608850e-02
  4.215830e+03  0.000000e+00
  4.106630e+03  2.608850e-02
  4.000250e+03  0.000000e+00
  3.896630e+03  0.000000e+00
  3.795700e+03  0.000000e+00
  3.697380e+03  5.217700e-02
  3.601600e+03  0.000000e+00
  3.508310e+03  0.000000e+00
  3.417430e+03  2.608850e-02
  3.328910e+03  2.608850e-02
  3.242680e+03  2.608850e-02
  3.158680e+03  5.217700e-02
  3.076860e+03  0.000000e+00
  2.997160e+03  0.000000e+00
  2.919530e+03  0.000000e+00
  2.843900e+03  0.000000e+00
  2.770230e+03  2.608850e-02
  2.698480e+03  2.608850e-02
  2.628580e+03  2.608850e-02
  2.560490e+03  0.000000e+00
  2.494160e+03  2.608850e-02
  2.429550e+03  2.608850e-02
  2.366620e+03  2.608850e-02
  2.305320e+03  5.217700e-02
  2.245600e+03  2.608850e-02
  2.187430e+03  0.000000e+00
  2.130770e+03  0.000000e+00
  2.075580e+03  7.826550e-02
  2.021810e+03  5.217700e-02
  1.969440e+03  7.826550e-02
  1.918430e+03  5.217700e-02
  1.868730e+03  1.304425e-01
  1.820330e+03  5.217700e-02
  1.773170e+03  5.217700e-02
  1.727240e+03  7.826550e-02
  1.682500e+03  1.043540e-01
  1.638920e+03  2.087075e-01
  1.596470e+03  1.043520e-01
  1.555110e+03  1.043520e-01
  1.514830e+03  2.087060e-01
  1.475590e+03  2.608810e-01
  1.437370e+03  1.565290e-01
  1.400140e+03  2.608850e-01
  1.363870e+03  2.869695e-01
  1.328540e+03  3.913230e-01
  1.294120e+03  4.174105e-01
  1.260600e+03  5.478480e-01
  1.227950e+03  3.913260e-01
  1.196140e+03  3.130580e-01
  1.165160e+03  5.478515e-01
  1.134980e+03  6.261145e-01
  1.105580e+03  6.782965e-01
  1.076940e+03  6.522080e-01
  1.049040e+03  5.217590e-01
  1.021870e+03  5.739394e-01
  9.953980e+02  8.609110e-01
  9.696140e+02  1.043534e+00
  9.444970e+02  1.304415e+00
  9.200320e+02  1.591395e+00
  8.962000e+02  1.565310e+00
  8.729850e+02  1.721845e+00
  8.503720e+02  1.800095e+00
  8.283450e+02  1.826205e+00
  8.068880e+02  2.582760e+00
  7.859870e+02  2.974100e+00
  7.656270e+02  2.948015e+00
  7.457950e+02  3.208890e+00
  7.264760e+02  3.417605e+00
  7.076580e+02  3.469785e+00
  6.893270e+02  4.461150e+00
  6.714710e+02  4.930735e+00
  6.540780e+02  5.165535e+00
  6.371350e+02  7.304770e+00
  6.206310e+02  6.548195e+00
  6.045550e+02  8.061365e+00
  5.888950e+02  9.157125e+00
  5.736410e+02  1.040936e+01
  5.587810e+02  1.179195e+01
  5.443070e+02  1.327910e+01
  5.302080e+02  1.385305e+01
  5.164740e+02  1.494885e+01
  5.030950e+02  1.792290e+01
  4.900630e+02  2.089690e+01
  4.773690e+02  2.144490e+01
  4.650040e+02  2.655810e+01
  4.529580e+02  2.786255e+01
  4.412250e+02  3.201065e+01
  4.297960e+02  3.576735e+01
  4.186630e+02  3.981110e+01
  4.078180e+02  4.223735e+01
  3.972540e+02  4.672460e+01
  3.869640e+02  5.233365e+01
  3.769400e+02  6.279515e+01
  3.671770e+02  6.863900e+01
  3.576650e+02  7.844830e+01
  3.484010e+02  8.554435e+01
  3.393760e+02  9.412790e+01
  3.305850e+02  1.072500e+02
  3.220220e+02  1.177895e+02
  3.136800e+02  1.305210e+02
  3.055550e+02  1.422615e+02
  2.976400e+02  1.598705e+02
  2.899300e+02  1.758885e+02
  2.824200e+02  1.957425e+02
  2.751040e+02  2.131690e+02
  2.679780e+02  2.378505e+02
  2.610370e+02  2.688425e+02
  2.542750e+02  2.923740e+02
  2.476890e+02  3.272815e+02
  2.412730e+02  3.634400e+02
  2.350230e+02  3.981885e+02
  2.289350e+02  4.463235e+02
  2.230050e+02  4.947425e+02
  2.172280e+02  5.424335e+02
  2.116010e+02  5.901490e+02
  2.061200e+02  6.478555e+02
  2.007810e+02  7.185045e+02
  1.955800e+02  7.921280e+02
  1.905140e+02  8.685145e+02
  1.855790e+02  9.582065e+02
  1.807720e+02  1.064360e+03
  1.760890e+02  1.170540e+03
  1.715280e+02  1.276115e+03
  1.670850e+02  1.396355e+03
  1.627570e+02  1.513560e+03
  1.585410e+02  1.642830e+03
  1.544340e+02  1.788320e+03
  1.504340e+02  1.915940e+03
  1.465370e+02  2.075990e+03
  1.427410e+02  2.233515e+03
  1.390440e+02  2.397745e+03
  1.354420e+02  2.568245e+03
  1.319340e+02  2.720805e+03
  1.285160e+02  2.926765e+03
  1.251870e+02  3.096080e+03
  1.219440e+02  3.289720e+03
  1.187850e+02  3.511115e+03
  1.157090e+02  3.734155e+03
  1.127110e+02  3.956620e+03
  1.097920e+02  4.176880e+03
  1.069480e+02  4.420465e+03
  1.041770e+02  4.672340e+03
  1.014790e+02  4.951045e+03
  9.885030e+01  5.191000e+03
  9.628970e+01  5.502040e+03
  9.379550e+01  5.814610e+03
  9.136590e+01  6.089515e+03
  8.899920e+01  6.407825e+03
  8.669380e+01  6.717995e+03
  8.444820e+01  7.029525e+03
  8.226070e+01  7.345860e+03
  8.012980e+01  7.722700e+03
  7.805420e+01  8.088810e+03
  7.603240e+01  8.436875e+03
  7.406290e+01  8.840029e+03
  7.214440e+01  9.158385e+03
  7.027560e+01  9.501064e+03
  6.845520e+01  9.921495e+03
  6.668200e+01  1.026455e+04
  6.495470e+01  1.059065e+04
  6.327220e+01  1.085050e+04
  6.163320e+01  1.102360e+04
  6.003670e+01  1.117920e+04
  5.848160e+01  1.127595e+04
  5.696670e+01  1.132280e+04
  5.549110e+01  1.139145e+04
  5.405370e+01  1.153085e+04
  5.265350e+01  1.172455e+04
  5.128960e+01  1.189710e+04
  4.996100e+01  1.205890e+04
  4.866690e+01  1.223745e+04
  4.740620e+01  1.239110e+04
  4.617830e+01  1.248420e+04
  4.498210e+01  1.236590e+04
  4.381690e+01  1.228955e+04
  4.268190e+01  1.206935e+04
  4.157630e+01  1.182180e+04
  4.049930e+01  1.152900e+04
  3.945030e+01  1.131295e+04
  3.842840e+01  1.102555e+04
  3.743290e+01  1.075145e+04
  3.646330e+01  1.046925e+04
  3.551880e+01  1.018605e+04
  3.459870e+01  9.939220e+03
  3.370250e+01  9.715175e+03
  3.282950e+01  9.479740e+03
  3.197910e+01  9.230385e+03
  3.115070e+01  8.959920e+03
  3.034380e+01  8.730850e+03
  2.955780e+01  8.493415e+03
  2.879220e+01  8.236545e+03
  2.804640e+01  7.959250e+03
  2.731990e+01  7.711200e+03
  2.661220e+01  7.455490e+03
  2.592290e+01  7.164380e+03
  2.525140e+01  6.877525e+03
  2.459730e+01  6.585040e+03
  2.396010e+01  6.265230e+03
  2.333950e+01  5.958825e+03
  2.273490e+01  5.628730e+03
  2.214600e+01  5.305345e+03
  2.157230e+01  4.944935e+03
  2.101350e+01  4.606590e+03
  2.046920e+01  4.258880e+03
  1.993900e+01  3.926790e+03
  1.942250e+01  3.611160e+03
  1.891940e+01  3.330620e+03
  1.842930e+01  3.138215e+03
  1.795200e+01  2.984235e+03
  1.748690e+01  2.910900e+03
  1.703400e+01  2.835145e+03
  1.659270e+01  2.811395e+03
  1.616290e+01  2.817170e+03
  1.574430e+01  2.798170e+03
  1.533640e+01  2.752375e+03
  1.493920e+01  2.728430e+03
  1.455220e+01  2.640475e+03
  1.417520e+01  2.439175e+03
  1.380800e+01  2.165635e+03
  1.345040e+01  1.829110e+03
  1.310200e+01  1.490930e+03
  1.276260e+01  1.160305e+03
  1.243200e+01  8.761320e+02
  1.211000e+01  6.507775e+02
  1.179630e+01  4.796645e+02
  1.149070e+01  3.440820e+02
  1.119310e+01  2.628690e+02
  1.090310e+01  2.106905e+02
  1.062070e+01  1.656875e+02
  1.034560e+01  1.345655e+02
  1.007760e+01  1.022410e+02
  9.816600e+00  7.933521e+01
  9.562300e+00  6.313425e+01
  9.314600e+00  6.493450e+01
  9.073300e+00  8.849235e+01
  8.838300e+00  1.246770e+02
  8.609300e+00  1.850985e+02
  8.386300e+00  2.619280e+02
  8.169100e+00  3.762490e+02
  7.957500e+00  5.078140e+02
  7.751400e+00  5.850100e+02
  7.550600e+00  6.772574e+02
  7.355000e+00  6.572495e+02
  7.164500e+00  6.256545e+02
  6.978900e+00  5.866795e+02
  6.798100e+00  5.276935e+02
  6.622000e+00  4.833680e+02
  6.450500e+00  4.441565e+02
  6.283400e+00  3.969110e+02
  6.120600e+00  3.604130e+02
  5.962100e+00  3.268110e+02
  5.807600e+00  3.134540e+02
  5.657200e+00  3.041145e+02
  5.510700e+00  2.937570e+02
  5.367900e+00  2.663895e+02
  5.228900e+00  2.469280e+02
  5.093400e+00  2.268925e+02
  4.961500e+00  2.048460e+02
  4.833000e+00  1.829855e+02
  4.707800e+00  1.650100e+02
  4.585800e+00  1.472185e+02
  4.467100e+00  1.297390e+02
  4.351300e+00  1.206330e+02
  4.238600e+00  1.124685e+02
  4.128800e+00  1.032325e+02
  4.021900e+00  1.055800e+02
  3.917700e+00  8.246600e+01
  3.816200e+00  7.012605e+01
  3.717400e+00  6.404739e+01
  3.621100e+00  5.812535e+01
  3.527300e+00  4.761165e+01
  3.435900e+00  4.035900e+01
  3.346900e+00  3.305425e+01
  3.260200e+00  2.053170e+01
  3.175800e+00  1.223565e+01
  3.093500e+00  6.313410e+00
  3.013400e+00  4.330705e+00
  2.935300e+00  4.435055e+00
  2.859300e+00  7.226540e+00
  2.785200e+00  9.809296e+00
  2.713100e+00  1.387910e+01
  2.642800e+00  1.361810e+01
  2.574300e+00  1.322710e+01
  2.507600e+00  1.077455e+01
  2.442700e+00  9.704865e+00
  2.379400e+00  8.922225e+00
  2.317800e+00  8.217850e+00
  2.257700e+00  6.496040e+00
  2.199300e+00  6.756935e+00
  2.142300e+00  5.948180e+00
  2.086800e+00  5.609040e+00
  2.032700e+00  4.748120e+00
  1.980100e+00  4.643770e+00
  1.928800e+00  3.391515e+00
  1.878800e+00  3.052375e+00
  1.830200e+00  3.678485e+00
  1.782800e+00  4.852470e+00
  1.736600e+00  3.104535e+00
  1.691600e+00  2.295795e+00
  1.647800e+00  2.034910e+00
  1.605100e+00  1.721840e+00
  1.563500e+00  1.304415e+00
  1.523000e+00  1.356595e+00
  1.483600e+00  1.252240e+00
  1.445100e+00  1.330500e+00
  1.407700e+00  7.043775e-01
  1.371200e+00  9.391795e-01
  1.335700e+00  1.017439e+00
  1.301100e+00  5.217595e-01
  1.267400e+00  4.434985e-01
  1.234600e+00  4.434965e-01
  1.202600e+00  6.782960e-01
  1.171500e+00  4.695860e-01
  1.141100e+00  7.043730e-01
  1.111600e+00  2.608830e-01
  1.082800e+00  1.304405e-01
  1.054700e+00  6.782880e-01
  1.027400e+00  4.174095e-01
  1.000800e+00  3.130580e-01
  9.749000e-01  2.087055e-01
  9.496000e-01  2.087080e-01
  9.250000e-01  2.087020e-01
  9.010000e-01  2.869695e-01
  8.777000e-01  3.391405e-01
  8.550000e-01  3.652345e-01
  8.328000e-01  3.652365e-01
  8.113000e-01  3.652365e-01
  7.902000e-01  2.608850e-01
  7.698000e-01  1.565290e-01
  7.498000e-01  3.652330e-01
  7.304000e-01  2.608850e-01
  7.115000e-01  2.347945e-01
  6.931000e-01  5.217575e-01
  6.751000e-01  2.556685e+00
  6.576000e-01  2.347975e+00
  6.406000e-01  6.287350e+00
  6.240000e-01  1.147884e+00
  6.078000e-01  2.608830e-01
  5.921000e-01  5.739310e-01
  5.767000e-01  4.435020e-01
  5.618000e-01  3.130540e-01
  5.472000e-01  3.913245e-01
  5.331000e-01  5.217600e-01
  5.193000e-01  4.695840e-01
  5.058000e-01  3.913230e-01
  4.927000e-01  6.261145e-01
  4.799000e-01  5.739415e-01
  4.675000e-01  4.434965e-01
  4.554000e-01  2.347905e-01
  4.436000e-01  6.000280e-01
  4.321000e-01  4.695830e-01
  4.209000e-01  4.695890e-01
  4.100000e-01  4.174100e-01
  3.994000e-01  7.304605e-01
  3.891000e-01  9.391640e-01
  3.790000e-01  9.652650e-01
  3.692000e-01  3.391485e-01
  3.596000e-01  1.826175e-01
  3.503000e-01  2.869705e-01
  3.412000e-01  3.913215e-01
  3.324000e-01  3.391460e-01
  3.238000e-01  2.087040e-01
  3.154000e-01  1.826155e-01
  3.072000e-01  2.347925e-01
  2.992000e-01  3.130600e-01
  2.915000e-01  4.695860e-01
  2.839000e-01  6.261160e-01
  2.766000e-01  5.478510e-01
  2.694000e-01  8.087330e-01
  2.624000e-01  1.747925e+00
  2.556000e-01  1.304420e+00
  2.490000e-01  6.782950e-01
  2.426000e-01  5.739365e-01
  2.363000e-01  8.348230e-01
  2.302000e-01  4.695885e-01
  2.242000e-01  2.608825e-01
  2.184000e-01  2.347945e-01
  2.127000e-01  3.913235e-01
  2.072000e-01  1.826175e-01
  2.019000e-01  2.087060e-01
  1.966000e-01  3.130575e-01
  1.915000e-01  3.130615e-01
  1.866000e-01  2.087040e-01
  1.817000e-01  3.652360e-01
  1.770000e-01  3.130580e-01
  1.725000e-01  5.478530e-01
  1.680000e-01  3.652385e-01
  1.636000e-01  2.869715e-01
  1.594000e-01  3.913175e-01
  1.553000e-01  2.087060e-01
  1.512000e-01  2.087040e-01
  1.473000e-01  2.087060e-01
  1.435000e-01  3.913230e-01
  1.398000e-01  1.565310e-01
  1.362000e-01  3.391480e-01
  1.326000e-01  3.913230e-01
  1.292000e-01  2.608790e-01
  1.259000e-01  2.347960e-01
  1.226000e-01  4.174145e-01
  1.194000e-01  1.826155e-01
  1.163000e-01  3.652325e-01
  1.133000e-01  2.087040e-01
  1.104000e-01  3.652310e-01
  1.075000e-01  3.652365e-01
  1.047000e-01  3.913195e-01
  1.020000e-01  4.435000e-01
  9.940000e-02  3.130570e-01
  9.680000e-02  3.913225e-01
  9.430000e-02  4.174115e-01
  9.190000e-02  3.652350e-01
  8.950000e-02  3.130615e-01
  8.720000e-02  3.130560e-01
  8.490000e-02  3.913250e-01
  8.270000e-02  3.130595e-01
  8.060000e-02  4.174110e-01
  7.850000e-02  1.565310e-01
  7.640000e-02  3.130560e-01
  7.450000e-02  1.565310e-01
  7.250000e-02  1.565290e-01
  7.070000e-02  1.826190e-01
  6.880000e-02  1.826175e-01
  6.700000e-02  2.087080e-01
  6.530000e-02  1.826155e-01
  6.360000e-02  2.608850e-02
  6.200000e-02  1.304405e-01
  6.040000e-02  1.304425e-01
  5.880000e-02  1.043540e-01
  5.730000e-02  1.043540e-01
  5.580000e-02  1.043540e-01
  5.430000e-02  1.565310e-01
  5.290000e-02  7.826550e-02
  5.160000e-02  0.000000e+00
  5.020000e-02  2.608850e-02
  4.890000e-02  0.000000e+00
  4.770000e-02  2.608850e-02
  4.640000e-02  2.608850e-02
  4.520000e-02  7.826550e-02
  4.410000e-02  0.000000e+00
  4.290000e-02  0.000000e+00
  4.180000e-02  5.217700e-02
  4.070000e-02  2.608850e-02
  3.970000e-02  2.608850e-02
  3.860000e-02  0.000000e+00
  3.760000e-02  2.608850e-02
  3.670000e-02  0.000000e+00
  3.570000e-02  0.000000e+00
  3.480000e-02  0.000000e+00
  3.390000e-02  2.608850e-02
  3.300000e-02  0.000000e+00
  3.220000e-02  0.000000e+00
  3.130000e-02  0.000000e+00
  3.050000e-02  0.000000e+00
  2.970000e-02  0.000000e+00
  2.890000e-02  0.000000e+00
  2.820000e-02  0.000000e+00
  2.750000e-02  0.000000e+00
  2.680000e-02  0.000000e+00
  2.610000e-02  0.000000e+00
  2.540000e-02  0.000000e+00
  2.470000e-02  0.000000e+00
  2.410000e-02  0.000000e+00
  2.350000e-02  0.000000e+00
  2.290000e-02  0.000000e+00
  2.230000e-02  0.000000e+00
  2.170000e-02  0.000000e+00
  2.110000e-02  2.608850e-02
  2.060000e-02  0.000000e+00
  2.000000e-02  0.000000e+00
  1.950000e-02  0.000000e+00
  1.900000e-02  0.000000e+00
  1.850000e-02  0.000000e+00
  1.800000e-02  0.000000e+00
  1.760000e-02  0.000000e+00
  1.710000e-02  0.000000e+00
  1.670000e-02  0.000000e+00
  1.630000e-02  0.000000e+00
  1.580000e-02  0.000000e+00
  1.540000e-02  0.000000e+00
  1.500000e-02  0.000000e+00
  1.460000e-02  0.000000e+00
  1.430000e-02  0.000000e+00
  1.390000e-02  0.000000e+00
  1.350000e-02  0.000000e+00
  1.320000e-02  0.000000e+00
  1.280000e-02  0.000000e+00
  1.250000e-02  0.000000e+00
  1.220000e-02  0.000000e+00
  1.190000e-02  0.000000e+00
  1.160000e-02  0.000000e+00
  1.130000e-02  0.000000e+00
  1.100000e-02  5.217700e-02
  1.070000e-02  0.000000e+00
  1.040000e-02  0.000000e+00
  1.010000e-02  2.608850e-02
