  4.934820e+03  7.894000e-02
  4.806990e+03  0.000000e+00
  4.682470e+03  0.000000e+00
  4.561180e+03  0.000000e+00
  4.443030e+03  0.000000e+00
  4.327940e+03  0.000000e+00
  4.215830e+03  0.000000e+00
  4.106630e+03  0.000000e+00
  4.000250e+03  0.000000e+00
  3.896630e+03  0.000000e+00
  3.795700e+03  0.000000e+00
  3.697380e+03  7.894000e-02
  3.601600e+03  7.894000e-02
  3.508310e+03  0.000000e+00
  3.417430e+03  0.000000e+00
  3.328910e+03  0.000000e+00
  3.242680e+03  0.000000e+00
  3.158680e+03  7.894000e-02
  3.076860e+03  0.000000e+00
  2.997160e+03  0.000000e+00
  2.919530e+03  0.000000e+00
  2.843900e+03  0.000000e+00
  2.770230e+03  0.000000e+00
  2.698480e+03  0.000000e+00
  2.628580e+03  0.000000e+00
  2.560490e+03  7.894000e-02
  2.494160e+03  0.000000e+00
  2.429550e+03  7.894000e-02
  2.366620e+03  7.894000e-02
  2.305320e+03  2.368200e-01
  2.245600e+03  1.578750e-01
  2.187430e+03  2.368200e-01
  2.130770e+03  0.000000e+00
  2.075580e+03  2.368200e-01
  2.021810e+03  7.894000e-02
  1.969440e+03  0.000000e+00
  1.918430e+03  3.157600e-01
  1.868730e+03  7.894000e-02
  1.820330e+03  7.894000e-02
  1.773170e+03  7.894000e-02
  1.727240e+03  7.894000e-02
  1.682500e+03  1.578800e-01
  1.638920e+03  1.578800e-01
  1.596470e+03  7.894000e-02
  1.555110e+03  7.894000e-02
  1.514830e+03  5.525700e-01
  1.475590e+03  3.947000e-01
  1.437370e+03  7.894000e-02
  1.400140e+03  3.157600e-01
  1.363870e+03  3.946950e-01
  1.328540e+03  3.947000e-01
  1.294120e+03  5.525800e-01
  1.260600e+03  5.525800e-01
  1.227950e+03  2.368200e-01
  1.196140e+03  5.525700e-01
  1.165160e+03  7.893900e-01
  1.134980e+03  5.525800e-01
  1.105580e+03  7.104500e-01
  1.076940e+03  7.894000e-01
  1.049040e+03  7.104550e-01
  1.021870e+03  1.263020e+00
  9.953980e+02  1.578770e+00
  9.696140e+02  6.315100e-01
  9.444970e+02  1.736645e+00
  9.200320e+02  1.578775e+00
  8.962000e+02  2.052405e+00
  8.729850e+02  2.604970e+00
  8.503720e+02  2.841780e+00
  8.283450e+02  2.368155e+00
  8.068880e+02  3.157545e+00
  7.859870e+02  4.183725e+00
  7.656270e+02  3.315410e+00
  7.457950e+02  4.104770e+00
  7.264760e+02  5.130970e+00
  7.076580e+02  5.446705e+00
  6.893270e+02  5.130990e+00
  6.714710e+02  6.236115e+00
  6.540780e+02  9.472595e+00
  6.371350e+02  9.235710e+00
  6.206310e+02  9.709290e+00
  6.045550e+02  1.120920e+01
  5.888950e+02  1.152500e+01
  5.736410e+02  1.365625e+01
  5.587810e+02  1.602450e+01
  5.443070e+02  1.744535e+01
  5.302080e+02  1.760320e+01
  5.164740e+02  2.328695e+01
  5.030950e+02  2.439195e+01
  4.900630e+02  2.833885e+01
  4.773690e+02  3.173330e+01
  4.650040e+02  3.536445e+01
  4.529580e+02  3.852205e+01
  4.412250e+02  4.467920e+01
  4.297960e+02  4.925765e+01
  4.186630e+02  5.399380e+01
  4.078180e+02  5.849335e+01
  3.972540e+02  6.725555e+01
  3.869640e+02  7.657040e+01
  3.769400e+02  8.604330e+01
  3.671770e+02  9.362074e+01
  3.576650e+02  1.135920e+02
  3.484010e+02  1.225915e+02
  3.393760e+02  1.374320e+02
  3.305850e+02  1.584290e+02
  3.220220e+02  1.709010e+02
  3.136800e+02  1.907940e+02
  3.055550e+02  2.195270e+02
  2.976400e+02  2.454985e+02
  2.899300e+02  2.694955e+02
  2.824200e+02  3.038340e+02
  2.751040e+02  3.435405e+02
  2.679780e+02  3.714850e+02
  2.610370e+02  4.190840e+02
  2.542750e+02  4.751305e+02
  2.476890e+02  5.137315e+02
  2.412730e+02  5.718315e+02
  2.350230e+02  6.528995e+02
  2.289350e+02  7.268640e+02
  2.230050e+02  7.957770e+02
  2.172280e+02  8.851375e+02
  2.116010e+02  9.909980e+02
  2.061200e+02  1.086500e+03
  2.007810e+02  1.221005e+03
  1.955800e+02  1.360970e+03
  1.905140e+02  1.513250e+03
  1.855790e+02  1.713915e+03
  1.807720e+02  1.885360e+03
  1.760890e+02  2.106310e+03
  1.715280e+02  2.312735e+03
  1.670850e+02  2.563440e+03
  1.627570e+02  2.824655e+03
  1.585410e+02  3.106935e+03
  1.544340e+02  3.382115e+03
  1.504340e+02  3.681515e+03
  1.465370e+02  4.020330e+03
  1.427410e+02  4.389755e+03
  1.390440e+02  4.821080e+03
  1.354420e+02  5.190755e+03
  1.319340e+02  5.606135e+03
  1.285160e+02  6.059635e+03
  1.251870e+02  6.571315e+03
  1.219440e+02  7.101785e+03
  1.187850e+02  7.650235e+03
  1.157090e+02  8.258155e+03
  1.127110e+02  8.872295e+03
  1.097920e+02  9.525426e+03
  1.069480e+02  1.020305e+04
  1.041770e+02  1.093050e+04
  1.014790e+02  1.173150e+04
  9.885030e+01  1.254745e+04
  9.628970e+01  1.346070e+04
  9.379550e+01  1.427490e+04
  9.136590e+01  1.527775e+04
  8.899920e+01  1.621780e+04
  8.669380e+01  1.727950e+04
  8.444820e+01  1.820295e+04
  8.226070e+01  1.936680e+04
  8.012980e+01  2.044840e+04
  7.805420e+01  2.159135e+04
  7.603240e+01  2.283695e+04
  7.406290e+01  2.386450e+04
  7.214440e+01  2.512355e+04
  7.027560e+01  2.616910e+04
  6.845520e+01  2.723970e+04
  6.668200e+01  2.832265e+04
  6.495470e+01  2.929335e+04
  6.327220e+01  2.993130e+04
  6.163320e+01  3.041150e+04
  6.003670e+01  3.085690e+04
  5.848160e+01  3.112495e+04
  5.696670e+01  3.125305e+04
  5.549110e+01  3.134745e+04
  5.405370e+01  3.154895e+04
  5.265350e+01  3.161295e+04
  5.128960e+01  3.158435e+04
  4.996100e+01  3.165665e+04
  4.866690e+01  3.125095e+04
  4.740620e+01  3.093720e+04
  4.617830e+01  3.028395e+04
  4.498210e+01  2.925290e+04
  4.381690e+01  2.855950e+04
  4.268190e+01  2.743805e+04
  4.157630e+01  2.653815e+04
  4.049930e+01  2.564085e+04
  3.945030e+01  2.449965e+04
  3.842840e+01  2.365930e+04
  3.743290e+01  2.278580e+04
  3.646330e+01  2.185665e+04
  3.551880e+01  2.089740e+04
  3.459870e+01  2.006365e+04
  3.370250e+01  1.919975e+04
  3.282950e+01  1.816730e+04
  3.197910e+01  1.740965e+04
  3.115070e+01  1.652230e+04
  3.034380e+01  1.561265e+04
  2.955780e+01  1.475000e+04
  2.879220e+01  1.382575e+04
  2.804640e+01  1.298815e+04
  2.731990e+01  1.213345e+04
  2.661220e+01  1.128375e+04
  2.592290e+01  1.045665e+04
  2.525140e+01  9.589050e+03
  2.459730e+01  8.773630e+03
  2.396010e+01  8.047230e+03
  2.333950e+01  7.281675e+03
  2.273490e+01  6.559540e+03
  2.214600e+01  5.787290e+03
  2.157230e+01  5.063590e+03
  2.101350e+01  4.468550e+03
  2.046920e+01  3.857640e+03
  1.993900e+01  3.307755e+03
  1.942250e+01  2.869010e+03
  1.891940e+01  2.522795e+03
  1.842930e+01  2.315485e+03
  1.795200e+01  2.130005e+03
  1.748690e+01  2.081840e+03
  1.703400e+01  2.060530e+03
  1.659270e+01  2.094935e+03
  1.616290e+01  2.159670e+03
  1.574430e+01  2.216985e+03
  1.533640e+01  2.272170e+03
  1.493920e+01  2.300975e+03
  1.455220e+01  2.215180e+03
  1.417520e+01  1.971105e+03
  1.380800e+01  1.581370e+03
  1.345040e+01  1.153535e+03
  1.310200e+01  7.971990e+02
  1.276260e+01  5.338610e+02
  1.243200e+01  3.421980e+02
  1.211000e+01  2.234750e+02
  1.179630e+01  1.409845e+02
  1.149070e+01  9.954160e+01
  1.119310e+01  7.136055e+01
  1.090310e+01  6.054590e+01
  1.062070e+01  4.894180e+01
  1.034560e+01  4.025865e+01
  1.007760e+01  3.141760e+01
  9.816600e+00  2.833885e+01
  9.562300e+00  2.178705e+01
  9.314600e+00  2.052385e+01
  9.073300e+00  2.407625e+01
  8.838300e+00  3.473290e+01
  8.609300e+00  4.925765e+01
  8.386300e+00  7.846490e+01
  8.169100e+00  1.321435e+02
  7.957500e+00  2.097395e+02
  7.751400e+00  2.942825e+02
  7.550600e+00  3.966665e+02
  7.355000e+00  3.976915e+02
  7.164500e+00  3.607495e+02
  6.978900e+00  3.266475e+02
  6.798100e+00  2.818105e+02
  6.622000e+00  2.432085e+02
  6.450500e+00  2.116340e+02
  6.283400e+00  1.769015e+02
  6.120600e+00  1.589030e+02
  5.962100e+00  1.418520e+02
  5.807600e+00  1.342750e+02
  5.657200e+00  1.351430e+02
  5.510700e+00  1.255925e+02
  5.367900e+00  1.194340e+02
  5.228900e+00  1.053835e+02
  5.093400e+00  9.638400e+01
  4.961500e+00  8.683225e+01
  4.833000e+00  7.807005e+01
  4.707800e+00  7.214980e+01
  4.585800e+00  6.196670e+01
  4.467100e+00  5.770395e+01
  4.351300e+00  5.375705e+01
  4.238600e+00  4.957325e+01
  4.128800e+00  4.302150e+01
  4.021900e+00  4.996805e+01
  3.917700e+00  4.112695e+01
  3.816200e+00  3.631160e+01
  3.717400e+00  3.299620e+01
  3.621100e+00  2.897040e+01
  3.527300e+00  2.754955e+01
  3.435900e+00  2.328685e+01
  3.346900e+00  2.068195e+01
  3.260200e+00  1.618225e+01
  3.175800e+00  1.207750e+01
  3.093500e+00  7.499095e+00
  3.013400e+00  6.946535e+00
  2.935300e+00  7.183380e+00
  2.859300e+00  8.683220e+00
  2.785200e+00  1.113020e+01
  2.713100e+00  1.507715e+01
  2.642800e+00  1.199855e+01
  2.574300e+00  1.326160e+01
  2.507600e+00  1.373525e+01
  2.442700e+00  1.168275e+01
  2.379400e+00  1.152500e+01
  2.317800e+00  1.002516e+01
  2.257700e+00  1.113020e+01
  2.199300e+00  1.089339e+01
  2.142300e+00  8.604250e+00
  2.086800e+00  9.235675e+00
  2.032700e+00  8.367435e+00
  1.980100e+00  1.010399e+01
  1.928800e+00  8.051650e+00
  1.878800e+00  8.998980e+00
  1.830200e+00  8.446355e+00
  1.782800e+00  1.239330e+01
  1.736600e+00  8.051630e+00
  1.691600e+00  6.630795e+00
  1.647800e+00  6.551885e+00
  1.605100e+00  6.236095e+00
  1.563500e+00  4.973120e+00
  1.523000e+00  5.367820e+00
  1.483600e+00  5.209910e+00
  1.445100e+00  4.183705e+00
  1.407700e+00  4.262670e+00
  1.371200e+00  3.867980e+00
  1.335700e+00  3.789040e+00
  1.301100e+00  3.078600e+00
  1.267400e+00  2.447090e+00
  1.234600e+00  3.631135e+00
  1.202600e+00  4.104780e+00
  1.171500e+00  3.236485e+00
  1.141100e+00  2.841785e+00
  1.111600e+00  2.289215e+00
  1.082800e+00  2.447095e+00
  1.054700e+00  3.236475e+00
  1.027400e+00  2.447080e+00
  1.000800e+00  1.973475e+00
  9.749000e-01  2.841785e+00
  9.496000e-01  1.420895e+00
  9.250000e-01  1.420900e+00
  9.010000e-01  1.657705e+00
  8.777000e-01  2.052405e+00
  8.550000e-01  2.526030e+00
  8.328000e-01  2.210280e+00
  8.113000e-01  2.920720e+00
  7.902000e-01  2.920720e+00
  7.698000e-01  2.604980e+00
  7.498000e-01  3.078600e+00
  7.304000e-01  2.683900e+00
  7.115000e-01  3.710095e+00
  6.931000e-01  4.657355e+00
  6.751000e-01  4.025860e+01
  6.576000e-01  3.165440e+01
  6.406000e-01  9.385770e+01
  6.240000e-01  2.162910e+01
  6.078000e-01  4.736280e+00
  5.921000e-01  4.973115e+00
  5.767000e-01  4.183715e+00
  5.618000e-01  5.525675e+00
  5.472000e-01  4.815230e+00
  5.331000e-01  5.288860e+00
  5.193000e-01  5.446740e+00
  5.058000e-01  5.920360e+00
  4.927000e-01  8.604240e+00
  4.799000e-01  1.049875e+01
  4.675000e-01  8.525305e+00
  4.554000e-01  5.999305e+00
  4.436000e-01  1.097240e+01
  4.321000e-01  1.018300e+01
  4.209000e-01  8.840981e+00
  4.100000e-01  6.946560e+00
  3.994000e-01  1.294585e+01
  3.891000e-01  1.681375e+01
  3.790000e-01  1.831370e+01
  3.692000e-01  6.236120e+00
  3.596000e-01  4.341620e+00
  3.503000e-01  4.973100e+00
  3.412000e-01  3.867975e+00
  3.324000e-01  5.367790e+00
  3.238000e-01  3.867985e+00
  3.154000e-01  3.552215e+00
  3.072000e-01  6.078230e+00
  2.992000e-01  7.893815e+00
  2.915000e-01  1.002507e+01
  2.839000e-01  1.041986e+01
  2.766000e-01  5.683550e+00
  2.694000e-01  1.460355e+01
  2.624000e-01  3.015440e+01
  2.556000e-01  3.804835e+01
  2.490000e-01  1.405100e+01
  2.426000e-01  1.420870e+01
  2.363000e-01  1.357725e+01
  2.302000e-01  1.026190e+01
  2.242000e-01  6.472900e+00
  2.184000e-01  5.762485e+00
  2.127000e-01  5.209910e+00
  2.072000e-01  5.683560e+00
  2.019000e-01  5.999300e+00
  1.966000e-01  6.946550e+00
  1.915000e-01  9.314631e+00
  1.866000e-01  8.920005e+00
  1.817000e-01  7.341255e+00
  1.770000e-01  7.183305e+00
  1.725000e-01  6.709725e+00
  1.680000e-01  6.315000e+00
  1.636000e-01  7.893720e+00
  1.594000e-01  7.420200e+00
  1.553000e-01  6.236100e+00
  1.512000e-01  7.262260e+00
  1.473000e-01  6.551830e+00
  1.435000e-01  8.919950e+00
  1.398000e-01  8.130585e+00
  1.362000e-01  6.867630e+00
  1.326000e-01  7.814855e+00
  1.292000e-01  7.499110e+00
  1.259000e-01  7.814875e+00
  1.226000e-01  1.081445e+01
  1.194000e-01  8.762125e+00
  1.163000e-01  9.393515e+00
  1.133000e-01  9.235741e+00
  1.104000e-01  1.049879e+01
  1.075000e-01  1.128815e+01
  1.047000e-01  1.081446e+01
  1.020000e-01  1.239330e+01
  9.940000e-02  1.215650e+01
  9.680000e-02  1.326150e+01
  9.430000e-02  1.444565e+01
  9.190000e-02  1.120930e+01
  8.950000e-02  1.318265e+01
  8.720000e-02  1.397200e+01
  8.490000e-02  1.168280e+01
  8.270000e-02  1.160385e+01
  8.060000e-02  1.097243e+01
  7.850000e-02  9.946150e+00
  7.640000e-02  1.113030e+01
  7.450000e-02  1.097240e+01
  7.250000e-02  8.446300e+00
  7.070000e-02  1.018302e+01
  6.880000e-02  8.130640e+00
  6.700000e-02  9.709351e+00
  6.530000e-02  9.393610e+00
  6.360000e-02  6.946520e+00
  6.200000e-02  7.104400e+00
  6.040000e-02  6.551830e+00
  5.880000e-02  5.367810e+00
  5.730000e-02  4.183730e+00
  5.580000e-02  4.262665e+00
  5.430000e-02  3.394355e+00
  5.290000e-02  3.789045e+00
  5.160000e-02  2.841785e+00
  5.020000e-02  2.210275e+00
  4.890000e-02  2.289220e+00
  4.770000e-02  1.894525e+00
  4.640000e-02  1.894530e+00
  4.520000e-02  1.026205e+00
  4.410000e-02  1.341960e+00
  4.290000e-02  1.263015e+00
  4.180000e-02  8.683300e-01
  4.070000e-02  1.341955e+00
  3.970000e-02  1.420905e+00
  3.860000e-02  6.315100e-01
  3.760000e-02  7.893900e-01
  3.670000e-02  7.104500e-01
  3.570000e-02  7.104501e-01
  3.480000e-02  3.157600e-01
  3.390000e-02  3.157600e-01
  3.300000e-02  1.578800e-01
  3.220000e-02  3.157600e-01
  3.130000e-02  1.578800e-01
  3.050000e-02  7.894000e-02
  2.970000e-02  7.894000e-02
  2.890000e-02  0.000000e+00
  2.820000e-02  0.000000e+00
  2.750000e-02  7.894000e-02
  2.680000e-02  1.578800e-01
  2.610000e-02  0.000000e+00
  2.540000e-02  7.894000e-02
  2.470000e-02  7.894000e-02
  2.410000e-02  0.000000e+00
  2.350000e-02  1.578800e-01
  2.290000e-02  0.000000e+00
  2.230000e-02  7.894000e-02
  2.170000e-02  0.000000e+00
  2.110000e-02  0.000000e+00
  2.060000e-02  0.000000e+00
  2.000000e-02  0.000000e+00
  1.950000e-02  7.894000e-02
  1.900000e-02  1.578800e-01
  1.850000e-02  0.000000e+00
  1.800000e-02  0.000000e+00
  1.760000e-02  0.000000e+00
  1.710000e-02  0.000000e+00
  1.670000e-02  0.000000e+00
  1.630000e-02  7.894000e-02
  1.580000e-02  7.894000e-02
  1.540000e-02  0.000000e+00
  1.500000e-02  7.894000e-02
  1.460000e-02  7.894000e-02
  1.430000e-02  0.000000e+00
  1.390000e-02  0.000000e+00
  1.350000e-02  0.000000e+00
  1.320000e-02  0.000000e+00
  1.280000e-02  0.000000e+00
  1.250000e-02  0.000000e+00
  1.220000e-02  0.000000e+00
  1.190000e-02  7.894000e-02
  1.160000e-02  0.000000e+00
  1.130000e-02  0.000000e+00
  1.100000e-02  1.578800e-01
  1.070000e-02  0.000000e+00
  1.040000e-02  7.894000e-02
  1.010000e-02  4.420560e+01
