  4.934820e+03  2.810500e-01
  4.806990e+03  0.000000e+00
  4.682470e+03  0.000000e+00
  4.561180e+03  0.000000e+00
  4.443030e+03  0.000000e+00
  4.327940e+03  0.000000e+00
  4.215830e+03  2.810500e-01
  4.106630e+03  0.000000e+00
  4.000250e+03  0.000000e+00
  3.896630e+03  0.000000e+00
  3.795700e+03  0.000000e+00
  3.697380e+03  0.000000e+00
  3.601600e+03  2.810500e-01
  3.508310e+03  0.000000e+00
  3.417430e+03  0.000000e+00
  3.328910e+03  0.000000e+00
  3.242680e+03  0.000000e+00
  3.158680e+03  2.810500e-01
  3.076860e+03  0.000000e+00
  2.997160e+03  2.810500e-01
  2.919530e+03  0.000000e+00
  2.843900e+03  0.000000e+00
  2.770230e+03  0.000000e+00
  2.698480e+03  2.810500e-01
  2.628580e+03  5.621000e-01
  2.560490e+03  0.000000e+00
  2.494160e+03  0.000000e+00
  2.429550e+03  5.621000e-01
  2.366620e+03  0.000000e+00
  2.305320e+03  0.000000e+00
  2.245600e+03  2.810500e-01
  2.187430e+03  0.000000e+00
  2.130770e+03  2.810500e-01
  2.075580e+03  0.000000e+00
  2.021810e+03  0.000000e+00
  1.969440e+03  5.621000e-01
  1.918430e+03  0.000000e+00
  1.868730e+03  2.810500e-01
  1.820330e+03  5.621000e-01
  1.773170e+03  5.621000e-01
  1.727240e+03  2.810500e-01
  1.682500e+03  2.810500e-01
  1.638920e+03  2.810500e-01
  1.596470e+03  5.621000e-01
  1.555110e+03  2.810500e-01
  1.514830e+03  0.000000e+00
  1.475590e+03  2.810500e-01
  1.437370e+03  1.686300e+00
  1.400140e+03  2.810500e-01
  1.363870e+03  2.810500e-01
  1.328540e+03  1.405250e+00
  1.294120e+03  8.431500e-01
  1.260600e+03  5.621000e-01
  1.227950e+03  2.810500e-01
  1.196140e+03  1.686300e+00
  1.165160e+03  1.124200e+00
  1.134980e+03  8.431500e-01
  1.105580e+03  1.967350e+00
  1.076940e+03  1.967350e+00
  1.049040e+03  1.967350e+00
  1.021870e+03  1.405250e+00
  9.953980e+02  2.248400e+00
  9.696140e+02  8.431500e-01
  9.444970e+02  2.248400e+00
  9.200320e+02  2.810500e+00
  8.962000e+02  2.248400e+00
  8.729850e+02  1.967350e+00
  8.503720e+02  2.810500e+00
  8.283450e+02  3.653650e+00
  8.068880e+02  2.810500e+00
  7.859870e+02  1.686300e+00
  7.656270e+02  3.653650e+00
  7.457950e+02  5.058900e+00
  7.264760e+02  5.902050e+00
  7.076580e+02  4.496800e+00
  6.893270e+02  4.777850e+00
  6.714710e+02  5.339950e+00
  6.540780e+02  7.026250e+00
  6.371350e+02  7.869400e+00
  6.206310e+02  9.274651e+00
  6.045550e+02  9.274651e+00
  5.888950e+02  9.274651e+00
  5.736410e+02  1.377145e+01
  5.587810e+02  1.405250e+01
  5.443070e+02  1.011780e+01
  5.302080e+02  1.911140e+01
  5.164740e+02  1.770615e+01
  5.030950e+02  1.798720e+01
  4.900630e+02  2.051665e+01
  4.773690e+02  2.641870e+01
  4.650040e+02  2.501345e+01
  4.529580e+02  2.726185e+01
  4.412250e+02  3.316390e+01
  4.297960e+02  3.232075e+01
  4.186630e+02  3.850385e+01
  4.078180e+02  4.777850e+01
  3.972540e+02  4.777850e+01
  3.869640e+02  4.468695e+01
  3.769400e+02  6.126890e+01
  3.671770e+02  6.464165e+01
  3.576650e+02  8.066150e+01
  3.484010e+02  8.009940e+01
  3.393760e+02  9.106030e+01
  3.305850e+02  1.020216e+02
  3.220220e+02  1.062375e+02
  3.136800e+02  1.188840e+02
  3.055550e+02  1.315325e+02
  2.976400e+02  1.483935e+02
  2.899300e+02  1.686305e+02
  2.824200e+02  2.020765e+02
  2.751040e+02  2.102255e+02
  2.679780e+02  2.301810e+02
  2.610370e+02  2.492925e+02
  2.542750e+02  2.712145e+02
  2.476890e+02  3.175875e+02
  2.412730e+02  3.490655e+02
  2.350230e+02  3.990935e+02
  2.289350e+02  4.378775e+02
  2.230050e+02  4.612045e+02
  2.172280e+02  5.443960e+02
  2.116010e+02  5.851485e+02
  2.061200e+02  6.407965e+02
  2.007810e+02  6.936340e+02
  1.955800e+02  7.942500e+02
  1.905140e+02  9.063915e+02
  1.855790e+02  9.572580e+02
  1.807720e+02  1.103130e+03
  1.760890e+02  1.203750e+03
  1.715280e+02  1.345955e+03
  1.670850e+02  1.449100e+03
  1.627570e+02  1.598045e+03
  1.585410e+02  1.759940e+03
  1.544340e+02  1.903840e+03
  1.504340e+02  2.100290e+03
  1.465370e+02  2.355480e+03
  1.427410e+02  2.555030e+03
  1.390440e+02  2.738560e+03
  1.354420e+02  3.013995e+03
  1.319340e+02  3.189635e+03
  1.285160e+02  3.505560e+03
  1.251870e+02  3.847035e+03
  1.219440e+02  4.071020e+03
  1.187850e+02  4.438080e+03
  1.157090e+02  4.707885e+03
  1.127110e+02  5.102760e+03
  1.097920e+02  5.569035e+03
  1.069480e+02  6.021525e+03
  1.041770e+02  6.465860e+03
  1.014790e+02  6.954040e+03
  9.885030e+01  7.549875e+03
  9.628970e+01  8.086680e+03
  9.379550e+01  8.704439e+03
  9.136590e+01  9.300555e+03
  8.899920e+01  1.001722e+04
  8.669380e+01  1.064090e+04
  8.444820e+01  1.136995e+04
  8.226070e+01  1.219525e+04
  8.012980e+01  1.301320e+04
  7.805420e+01  1.387330e+04
  7.603240e+01  1.476085e+04
  7.406290e+01  1.563880e+04
  7.214440e+01  1.670370e+04
  7.027560e+01  1.765755e+04
  6.845520e+01  1.860640e+04
  6.668200e+01  1.968715e+04
  6.495470e+01  2.065500e+04
  6.327220e+01  2.168255e+04
  6.163320e+01  2.246915e+04
  6.003670e+01  2.315555e+04
  5.848160e+01  2.373250e+04
  5.696670e+01  2.438325e+04
  5.549110e+01  2.492995e+04
  5.405370e+01  2.552115e+04
  5.265350e+01  2.661810e+04
  5.128960e+01  2.719740e+04
  4.996100e+01  2.800750e+04
  4.866690e+01  2.886250e+04
  4.740620e+01  2.972230e+04
  4.617830e+01  3.017255e+04
  4.498210e+01  3.059980e+04
  4.381690e+01  3.060415e+04
  4.268190e+01  3.074775e+04
  4.157630e+01  3.056905e+04
  4.049930e+01  3.041375e+04
  3.945030e+01  3.017370e+04
  3.842840e+01  2.984775e+04
  3.743290e+01  2.961695e+04
  3.646330e+01  2.917205e+04
  3.551880e+01  2.895850e+04
  3.459870e+01  2.871365e+04
  3.370250e+01  2.838330e+04
  3.282950e+01  2.799380e+04
  3.197910e+01  2.782655e+04
  3.115070e+01  2.755850e+04
  3.034380e+01  2.737255e+04
  2.955780e+01  2.684555e+04
  2.879220e+01  2.638450e+04
  2.804640e+01  2.629255e+04
  2.731990e+01  2.587155e+04
  2.661220e+01  2.544555e+04
  2.592290e+01  2.511160e+04
  2.525140e+01  2.474870e+04
  2.459730e+01  2.406440e+04
  2.396010e+01  2.382725e+04
  2.333950e+01  2.334155e+04
  2.273490e+01  2.274265e+04
  2.214600e+01  2.216485e+04
  2.157230e+01  2.175950e+04
  2.101350e+01  2.118845e+04
  2.046920e+01  2.046005e+04
  1.993900e+01  1.991750e+04
  1.942250e+01  1.914700e+04
  1.891940e+01  1.872935e+04
  1.842930e+01  1.812045e+04
  1.795200e+01  1.773345e+04
  1.748690e+01  1.734150e+04
  1.703400e+01  1.698915e+04
  1.659270e+01  1.696020e+04
  1.616290e+01  1.666040e+04
  1.574430e+01  1.661965e+04
  1.533640e+01  1.634790e+04
  1.493920e+01  1.612475e+04
  1.455220e+01  1.589450e+04
  1.417520e+01  1.543375e+04
  1.380800e+01  1.463375e+04
  1.345040e+01  1.360765e+04
  1.310200e+01  1.263140e+04
  1.276260e+01  1.137610e+04
  1.243200e+01  1.043875e+04
  1.211000e+01  9.548725e+03
  1.179630e+01  8.807305e+03
  1.149070e+01  8.054930e+03
  1.119310e+01  7.639260e+03
  1.090310e+01  7.454880e+03
  1.062070e+01  7.130815e+03
  1.034560e+01  6.762085e+03
  1.007760e+01  6.619885e+03
  9.816600e+00  6.303405e+03
  9.562300e+00  5.906850e+03
  9.314600e+00  5.689890e+03
  9.073300e+00  5.749755e+03
  8.838300e+00  5.892800e+03
  8.609300e+00  6.244395e+03
  8.386300e+00  6.673280e+03
  8.169100e+00  7.349765e+03
  7.957500e+00  8.069820e+03
  7.751400e+00  8.383750e+03
  7.550600e+00  8.956830e+03
  7.355000e+00  8.920575e+03
  7.164500e+00  8.452061e+03
  6.978900e+00  8.064755e+03
  6.798100e+00  7.642340e+03
  6.622000e+00  7.118755e+03
  6.450500e+00  6.841350e+03
  6.283400e+00  6.376210e+03
  6.120600e+00  5.932145e+03
  5.962100e+00  5.632555e+03
  5.807600e+00  5.398995e+03
  5.657200e+00  5.203665e+03
  5.510700e+00  5.020410e+03
  5.367900e+00  4.856010e+03
  5.228900e+00  4.473770e+03
  5.093400e+00  4.192725e+03
  4.961500e+00  3.912240e+03
  4.833000e+00  3.695810e+03
  4.707800e+00  3.492335e+03
  4.585800e+00  3.092960e+03
  4.467100e+00  2.790275e+03
  4.351300e+00  2.673635e+03
  4.238600e+00  2.525245e+03
  4.128800e+00  2.347065e+03
  4.021900e+00  2.679825e+03
  3.917700e+00  2.070505e+03
  3.816200e+00  1.780475e+03
  3.717400e+00  1.589620e+03
  3.621100e+00  1.476630e+03
  3.527300e+00  1.360850e+03
  3.435900e+00  1.227630e+03
  3.346900e+00  1.068285e+03
  3.260200e+00  8.687290e+02
  3.175800e+00  6.700255e+02
  3.093500e+00  5.179780e+02
  3.013400e+00  4.277595e+02
  2.935300e+00  4.499635e+02
  2.859300e+00  5.396175e+02
  2.785200e+00  6.239344e+02
  2.713100e+00  7.430995e+02
  2.642800e+00  7.445055e+02
  2.574300e+00  7.506895e+02
  2.507600e+00  6.514770e+02
  2.442700e+00  6.374235e+02
  2.379400e+00  6.514775e+02
  2.317800e+00  6.160640e+02
  2.257700e+00  5.834625e+02
  2.199300e+00  5.949850e+02
  2.142300e+00  5.424300e+02
  2.086800e+00  4.949315e+02
  2.032700e+00  5.165720e+02
  1.980100e+00  5.854290e+02
  1.928800e+00  4.825655e+02
  1.878800e+00  4.241065e+02
  1.830200e+00  5.103900e+02
  1.782800e+00  9.195990e+02
  1.736600e+00  5.545155e+02
  1.691600e+00  4.173600e+02
  1.647800e+00  3.465380e+02
  1.605100e+00  3.490660e+02
  1.563500e+00  3.170250e+02
  1.523000e+00  3.116860e+02
  1.483600e+00  2.889200e+02
  1.445100e+00  2.908885e+02
  1.407700e+00  2.571615e+02
  1.371200e+00  2.383320e+02
  1.335700e+00  2.338350e+02
  1.301100e+00  1.995465e+02
  1.267400e+00  1.686310e+02
  1.234600e+00  1.936455e+02
  1.202600e+00  1.953300e+02
  1.171500e+00  1.722840e+02
  1.141100e+00  2.015125e+02
  1.111600e+00  1.444605e+02
  1.082800e+00  1.281590e+02
  1.054700e+00  1.658215e+02
  1.027400e+00  1.273160e+02
  1.000800e+00  1.000540e+02
  9.749000e-01  1.334990e+02
  9.496000e-01  9.611965e+01
  9.250000e-01  9.358975e+01
  9.010000e-01  9.583805e+01
  8.777000e-01  1.034265e+02
  8.550000e-01  1.045505e+02
  8.328000e-01  1.096095e+02
  8.113000e-01  1.017403e+02
  7.902000e-01  1.082050e+02
  7.698000e-01  1.059560e+02
  7.498000e-01  1.129820e+02
  7.304000e-01  1.067990e+02
  7.115000e-01  1.051125e+02
  6.931000e-01  2.335545e+02
  6.751000e-01  2.141035e+03
  6.576000e-01  2.109290e+03
  6.406000e-01  5.844745e+03
  6.240000e-01  1.601990e+03
  6.078000e-01  1.646955e+02
  5.921000e-01  1.461465e+02
  5.767000e-01  1.391210e+02
  5.618000e-01  1.422115e+02
  5.472000e-01  1.419295e+02
  5.331000e-01  1.557030e+02
  5.193000e-01  1.638525e+02
  5.058000e-01  1.711605e+02
  4.927000e-01  3.597465e+02
  4.799000e-01  3.889750e+02
  4.675000e-01  2.248410e+02
  4.554000e-01  1.734085e+02
  4.436000e-01  4.280415e+02
  4.321000e-01  3.749230e+02
  4.209000e-01  3.229275e+02
  4.100000e-01  2.324300e+02
  3.994000e-01  4.541790e+02
  3.891000e-01  9.002075e+02
  3.790000e-01  8.063365e+02
  3.692000e-01  1.565455e+02
  3.596000e-01  1.320945e+02
  3.503000e-01  1.304085e+02
  3.412000e-01  1.379965e+02
  3.324000e-01  1.368720e+02
  3.238000e-01  1.334990e+02
  3.154000e-01  1.250690e+02
  3.072000e-01  1.607620e+02
  2.992000e-01  2.172525e+02
  2.915000e-01  2.951040e+02
  2.839000e-01  3.282680e+02
  2.766000e-01  1.764995e+02
  2.694000e-01  4.583950e+02
  2.624000e-01  9.547275e+02
  2.556000e-01  1.286100e+03
  2.490000e-01  4.873440e+02
  2.426000e-01  2.945420e+02
  2.363000e-01  4.117400e+02
  2.302000e-01  2.844240e+02
  2.242000e-01  2.096645e+02
  2.184000e-01  1.911140e+02
  2.127000e-01  1.939240e+02
  2.072000e-01  1.641335e+02
  2.019000e-01  1.835260e+02
  1.966000e-01  2.015125e+02
  1.915000e-01  2.692465e+02
  1.866000e-01  2.689665e+02
  1.817000e-01  1.773430e+02
  1.770000e-01  1.053935e+02
  1.725000e-01  1.228200e+02
  1.680000e-01  1.728470e+02
  1.636000e-01  2.287765e+02
  1.594000e-01  2.391755e+02
  1.553000e-01  2.655940e+02
  1.512000e-01  2.667185e+02
  1.473000e-01  2.602540e+02
  1.435000e-01  3.811045e+02
  1.398000e-01  2.790850e+02
  1.362000e-01  2.464820e+02
  1.326000e-01  2.349585e+02
  1.292000e-01  2.509785e+02
  1.259000e-01  2.759945e+02
  1.226000e-01  4.879050e+02
  1.194000e-01  4.294455e+02
  1.163000e-01  4.190475e+02
  1.133000e-01  3.763280e+02
  1.104000e-01  3.766080e+02
  1.075000e-01  3.844785e+02
  1.047000e-01  3.723925e+02
  1.020000e-01  4.227005e+02
  9.940000e-02  4.592390e+02
  9.680000e-02  4.505265e+02
  9.430000e-02  4.544605e+02
  9.190000e-02  4.623290e+02
  8.950000e-02  4.749765e+02
  8.720000e-02  5.098255e+02
  8.490000e-02  5.036440e+02
  8.270000e-02  5.160110e+02
  8.060000e-02  5.210695e+02
  7.850000e-02  4.938070e+02
  7.640000e-02  4.957750e+02
  7.450000e-02  5.174160e+02
  7.250000e-02  5.078595e+02
  7.070000e-02  5.067355e+02
  6.880000e-02  4.699170e+02
  6.700000e-02  4.657020e+02
  6.530000e-02  4.586750e+02
  6.360000e-02  4.159560e+02
  6.200000e-02  4.212955e+02
  6.040000e-02  3.901005e+02
  5.880000e-02  3.878500e+02
  5.730000e-02  3.521565e+02
  5.580000e-02  3.108425e+02
  5.430000e-02  2.818940e+02
  5.290000e-02  2.714955e+02
  5.160000e-02  2.428290e+02
  5.020000e-02  2.062910e+02
  4.890000e-02  2.200630e+02
  4.770000e-02  1.987030e+02
  4.640000e-02  1.899915e+02
  4.520000e-02  1.675060e+02
  4.410000e-02  1.593565e+02
  4.290000e-02  1.542965e+02
  4.180000e-02  1.354660e+02
  4.070000e-02  1.284410e+02
  3.970000e-02  1.127005e+02
  3.860000e-02  9.049796e+01
  3.760000e-02  9.864885e+01
  3.670000e-02  7.728896e+01
  3.570000e-02  6.829515e+01
  3.480000e-02  5.649105e+01
  3.390000e-02  6.295520e+01
  3.300000e-02  4.777850e+01
  3.220000e-02  4.047120e+01
  3.130000e-02  3.428810e+01
  3.050000e-02  2.838605e+01
  2.970000e-02  2.669975e+01
  2.890000e-02  2.304610e+01
  2.820000e-02  1.883035e+01
  2.750000e-02  1.461460e+01
  2.680000e-02  1.601985e+01
  2.610000e-02  1.067990e+01
  2.540000e-02  8.431499e+00
  2.470000e-02  7.869400e+00
  2.410000e-02  4.777850e+00
  2.350000e-02  3.091550e+00
  2.290000e-02  3.653650e+00
  2.230000e-02  4.215750e+00
  2.170000e-02  2.810500e+00
  2.110000e-02  1.124200e+00
  2.060000e-02  2.529450e+00
  2.000000e-02  1.124200e+00
  1.950000e-02  1.405250e+00
  1.900000e-02  2.810500e-01
  1.850000e-02  2.810500e-01
  1.800000e-02  8.431500e-01
  1.760000e-02  5.621000e-01
  1.710000e-02  5.621000e-01
  1.670000e-02  2.810500e-01
  1.630000e-02  0.000000e+00
  1.580000e-02  5.621000e-01
  1.540000e-02  2.810500e-01
  1.500000e-02  0.000000e+00
  1.460000e-02  0.000000e+00
  1.430000e-02  5.621000e-01
  1.390000e-02  0.000000e+00
  1.350000e-02  8.431500e-01
  1.320000e-02  0.000000e+00
  1.280000e-02  0.000000e+00
  1.250000e-02  5.621000e-01
  1.220000e-02  0.000000e+00
  1.190000e-02  2.810500e-01
  1.160000e-02  5.621000e-01
  1.130000e-02  0.000000e+00
  1.100000e-02  3.962805e+01
  1.070000e-02  5.058900e+01
  1.040000e-02  4.805955e+01
  1.010000e-02  3.698625e+02
