  4.934820e+03  0.000000e+00
  4.806990e+03  0.000000e+00
  4.682470e+03  0.000000e+00
  4.561180e+03  0.000000e+00
  4.443030e+03  0.000000e+00
  4.327940e+03  0.000000e+00
  4.215830e+03  0.000000e+00
  4.106630e+03  0.000000e+00
  4.000250e+03  0.000000e+00
  3.896630e+03  0.000000e+00
  3.795700e+03  0.000000e+00
  3.697380e+03  0.000000e+00
  3.601600e+03  0.000000e+00
  3.508310e+03  0.000000e+00
  3.417430e+03  5.238000e-01
  3.328910e+03  0.000000e+00
  3.242680e+03  0.000000e+00
  3.158680e+03  0.000000e+00
  3.076860e+03  0.000000e+00
  2.997160e+03  0.000000e+00
  2.919530e+03  0.000000e+00
  2.843900e+03  0.000000e+00
  2.770230e+03  0.000000e+00
  2.698480e+03  5.238000e-01
  2.628580e+03  0.000000e+00
  2.560490e+03  0.000000e+00
  2.494160e+03  0.000000e+00
  2.429550e+03  0.000000e+00
  2.366620e+03  0.000000e+00
  2.305320e+03  0.000000e+00
  2.245600e+03  5.238000e-01
  2.187430e+03  0.000000e+00
  2.130770e+03  0.000000e+00
  2.075580e+03  0.000000e+00
  2.021810e+03  5.238000e-01
  1.969440e+03  0.000000e+00
  1.918430e+03  0.000000e+00
  1.868730e+03  2.095150e+00
  1.820330e+03  0.000000e+00
  1.773170e+03  0.000000e+00
  1.727240e+03  0.000000e+00
  1.682500e+03  5.238000e-01
  1.638920e+03  1.047600e+00
  1.596470e+03  0.000000e+00
  1.555110e+03  0.000000e+00
  1.514830e+03  0.000000e+00
  1.475590e+03  5.238000e-01
  1.437370e+03  0.000000e+00
  1.400140e+03  0.000000e+00
  1.363870e+03  5.238000e-01
  1.328540e+03  5.238000e-01
  1.294120e+03  0.000000e+00
  1.260600e+03  0.000000e+00
  1.227950e+03  5.238000e-01
  1.196140e+03  5.238000e-01
  1.165160e+03  1.047600e+00
  1.134980e+03  5.238000e-01
  1.105580e+03  0.000000e+00
  1.076940e+03  1.047600e+00
  1.049040e+03  5.238000e-01
  1.021870e+03  1.047600e+00
  9.953980e+02  5.238000e-01
  9.696140e+02  1.047600e+00
  9.444970e+02  2.095200e+00
  9.200320e+02  2.619000e+00
  8.962000e+02  1.047550e+00
  8.729850e+02  1.571400e+00
  8.503720e+02  2.095200e+00
  8.283450e+02  1.571350e+00
  8.068880e+02  3.142800e+00
  7.859870e+02  1.571400e+00
  7.656270e+02  4.714100e+00
  7.457950e+02  4.190300e+00
  7.264760e+02  5.237900e+00
  7.076580e+02  5.237950e+00
  6.893270e+02  3.666600e+00
  6.714710e+02  5.237900e+00
  6.540780e+02  4.190400e+00
  6.371350e+02  7.856800e+00
  6.206310e+02  4.714050e+00
  6.045550e+02  6.285450e+00
  5.888950e+02  6.285400e+00
  5.736410e+02  1.152340e+01
  5.587810e+02  1.204700e+01
  5.443070e+02  1.152320e+01
  5.302080e+02  7.333050e+00
  5.164740e+02  6.809300e+00
  5.030950e+02  1.414220e+01
  4.900630e+02  1.676105e+01
  4.773690e+02  1.937990e+01
  4.650040e+02  2.042750e+01
  4.529580e+02  2.199880e+01
  4.412250e+02  2.566515e+01
  4.297960e+02  2.723660e+01
  4.186630e+02  2.776030e+01
  4.078180e+02  3.352185e+01
  3.972540e+02  4.452135e+01
  3.869640e+02  3.561700e+01
  3.769400e+02  4.766385e+01
  3.671770e+02  5.237780e+01
  3.576650e+02  5.971080e+01
  3.484010e+02  5.499690e+01
  3.393760e+02  6.337715e+01
  3.305850e+02  7.175771e+01
  3.220220e+02  8.851820e+01
  3.136800e+02  9.113720e+01
  3.055550e+02  8.851860e+01
  2.976400e+02  1.021376e+02
  2.899300e+02  1.319925e+02
  2.824200e+02  1.356585e+02
  2.751040e+02  1.576575e+02
  2.679780e+02  1.733710e+02
  2.610370e+02  2.058430e+02
  2.542750e+02  2.199840e+02
  2.476890e+02  2.414600e+02
  2.412730e+02  2.660785e+02
  2.350230e+02  3.074565e+02
  2.289350e+02  3.545960e+02
  2.230050e+02  3.676910e+02
  2.172280e+02  4.342105e+02
  2.116010e+02  4.672065e+02
  2.061200e+02  4.981105e+02
  2.007810e+02  5.861055e+02
  1.955800e+02  6.170075e+02
  1.905140e+02  7.180965e+02
  1.855790e+02  7.636646e+02
  1.807720e+02  9.249860e+02
  1.760890e+02  1.000416e+03
  1.715280e+02  1.099925e+03
  1.670850e+02  1.228770e+03
  1.627570e+02  1.344005e+03
  1.585410e+02  1.469710e+03
  1.544340e+02  1.718500e+03
  1.504340e+02  1.846840e+03
  1.465370e+02  2.022825e+03
  1.427410e+02  2.105060e+03
  1.390440e+02  2.379505e+03
  1.354420e+02  2.595830e+03
  1.319340e+02  2.899605e+03
  1.285160e+02  3.098125e+03
  1.251870e+02  3.357915e+03
  1.219440e+02  3.672705e+03
  1.187850e+02  4.052975e+03
  1.157090e+02  4.358335e+03
  1.127110e+02  4.763220e+03
  1.097920e+02  5.080620e+03
  1.069480e+02  5.467170e+03
  1.041770e+02  5.930190e+03
  1.014790e+02  6.477540e+03
  9.885030e+01  7.089835e+03
  9.628970e+01  7.600515e+03
  9.379550e+01  8.346370e+03
  9.136590e+01  8.818290e+03
  8.899920e+01  9.635875e+03
  8.669380e+01  1.020625e+04
  8.444820e+01  1.101655e+04
  8.226070e+01  1.181205e+04
  8.012980e+01  1.281000e+04
  7.805420e+01  1.363175e+04
  7.603240e+01  1.459130e+04
  7.406290e+01  1.558560e+04
  7.214440e+01  1.658070e+04
  7.027560e+01  1.769005e+04
  6.845520e+01  1.878470e+04
  6.668200e+01  1.996890e+04
  6.495470e+01  2.095615e+04
  6.327220e+01  2.188195e+04
  6.163320e+01  2.260055e+04
  6.003670e+01  2.328090e+04
  5.848160e+01  2.434145e+04
  5.696670e+01  2.484635e+04
  5.549110e+01  2.557540e+04
  5.405370e+01  2.680365e+04
  5.265350e+01  2.730485e+04
  5.128960e+01  2.840965e+04
  4.996100e+01  2.901830e+04
  4.866690e+01  2.995630e+04
  4.740620e+01  3.075500e+04
  4.617830e+01  3.176125e+04
  4.498210e+01  3.214150e+04
  4.381690e+01  3.235785e+04
  4.268190e+01  3.261710e+04
  4.157630e+01  3.283390e+04
  4.049930e+01  3.293350e+04
  3.945030e+01  3.310940e+04
  3.842840e+01  3.270655e+04
  3.743290e+01  3.267215e+04
  3.646330e+01  3.221430e+04
  3.551880e+01  3.241065e+04
  3.459870e+01  3.252800e+04
  3.370250e+01  3.269305e+04
  3.282950e+01  3.241225e+04
  3.197910e+01  3.253850e+04
  3.115070e+01  3.248565e+04
  3.034380e+01  3.253990e+04
  2.955780e+01  3.256160e+04
  2.879220e+01  3.246995e+04
  2.804640e+01  3.288575e+04
  2.731990e+01  3.304865e+04
  2.661220e+01  3.298365e+04
  2.592290e+01  3.300835e+04
  2.525140e+01  3.327390e+04
  2.459730e+01  3.335985e+04
  2.396010e+01  3.361230e+04
  2.333950e+01  3.355265e+04
  2.273490e+01  3.394010e+04
  2.214600e+01  3.436855e+04
  2.157230e+01  3.418890e+04
  2.101350e+01  3.468960e+04
  2.046920e+01  3.474045e+04
  1.993900e+01  3.522755e+04
  1.942250e+01  3.522805e+04
  1.891940e+01  3.539305e+04
  1.842930e+01  3.550690e+04
  1.795200e+01  3.503010e+04
  1.748690e+01  3.484935e+04
  1.703400e+01  3.409215e+04
  1.659270e+01  3.356565e+04
  1.616290e+01  3.292345e+04
  1.574430e+01  3.235210e+04
  1.533640e+01  3.164540e+04
  1.493920e+01  3.105160e+04
  1.455220e+01  3.061585e+04
  1.417520e+01  3.055750e+04
  1.380800e+01  3.056705e+04
  1.345040e+01  3.063925e+04
  1.310200e+01  3.106890e+04
  1.276260e+01  3.159050e+04
  1.243200e+01  3.239915e+04
  1.211000e+01  3.331110e+04
  1.179630e+01  3.415345e+04
  1.149070e+01  3.500030e+04
  1.119310e+01  3.568325e+04
  1.090310e+01  3.688165e+04
  1.062070e+01  3.806330e+04
  1.034560e+01  3.921205e+04
  1.007760e+01  4.022965e+04
  9.816600e+00  4.083250e+04
  9.562300e+00  4.112895e+04
  9.314600e+00  4.011240e+04
  9.073300e+00  3.791400e+04
  8.838300e+00  3.520345e+04
  8.609300e+00  3.284075e+04
  8.386300e+00  3.020720e+04
  8.169100e+00  2.809215e+04
  7.957500e+00  2.657685e+04
  7.751400e+00  2.516270e+04
  7.550600e+00  2.426070e+04
  7.355000e+00  2.392870e+04
  7.164500e+00  2.314155e+04
  6.978900e+00  2.304445e+04
  6.798100e+00  2.287440e+04
  6.622000e+00  2.239240e+04
  6.450500e+00  2.217085e+04
  6.283400e+00  2.237835e+04
  6.120600e+00  2.225465e+04
  5.962100e+00  2.178275e+04
  5.807600e+00  2.181730e+04
  5.657200e+00  2.199080e+04
  5.510700e+00  2.201055e+04
  5.367900e+00  2.251710e+04
  5.228900e+00  2.246855e+04
  5.093400e+00  2.231235e+04
  4.961500e+00  2.212060e+04
  4.833000e+00  2.348880e+04
  4.707800e+00  2.512880e+04
  4.585800e+00  2.344620e+04
  4.467100e+00  2.300775e+04
  4.351300e+00  2.374490e+04
  4.238600e+00  2.433995e+04
  4.128800e+00  2.450950e+04
  4.021900e+00  3.280565e+04
  3.917700e+00  2.681115e+04
  3.816200e+00  2.312945e+04
  3.717400e+00  2.304880e+04
  3.621100e+00  2.315615e+04
  3.527300e+00  2.317335e+04
  3.435900e+00  2.316090e+04
  3.346900e+00  2.330075e+04
  3.260200e+00  2.323155e+04
  3.175800e+00  2.312065e+04
  3.093500e+00  2.258415e+04
  3.013400e+00  2.271095e+04
  2.935300e+00  2.313515e+04
  2.859300e+00  2.344995e+04
  2.785200e+00  2.391770e+04
  2.713100e+00  2.444415e+04
  2.642800e+00  2.446760e+04
  2.574300e+00  2.467550e+04
  2.507600e+00  2.442535e+04
  2.442700e+00  2.452320e+04
  2.379400e+00  2.468760e+04
  2.317800e+00  2.396110e+04
  2.257700e+00  2.324510e+04
  2.199300e+00  2.449690e+04
  2.142300e+00  2.255960e+04
  2.086800e+00  2.220930e+04
  2.032700e+00  2.227880e+04
  1.980100e+00  2.610770e+04
  1.928800e+00  2.179630e+04
  1.878800e+00  1.980245e+04
  1.830200e+00  2.548535e+04
  1.782800e+00  5.234205e+04
  1.736600e+00  2.674090e+04
  1.691600e+00  1.967935e+04
  1.647800e+00  1.713275e+04
  1.605100e+00  1.625805e+04
  1.563500e+00  1.528800e+04
  1.523000e+00  1.455675e+04
  1.483600e+00  1.383190e+04
  1.445100e+00  1.288910e+04
  1.407700e+00  1.211395e+04
  1.371200e+00  1.095320e+04
  1.335700e+00  1.073020e+04
  1.301100e+00  9.631165e+03
  1.267400e+00  8.193945e+03
  1.234600e+00  8.666920e+03
  1.202600e+00  8.351080e+03
  1.171500e+00  7.729355e+03
  1.141100e+00  8.388265e+03
  1.111600e+00  6.088875e+03
  1.082800e+00  5.363985e+03
  1.054700e+00  7.013355e+03
  1.027400e+00  5.082710e+03
  1.000800e+00  3.894265e+03
  9.749000e-01  4.716070e+03
  9.496000e-01  3.504060e+03
  9.250000e-01  3.364215e+03
  9.010000e-01  3.068280e+03
  8.777000e-01  3.182990e+03
  8.550000e-01  2.976085e+03
  8.328000e-01  2.777065e+03
  8.113000e-01  2.916910e+03
  7.902000e-01  2.785440e+03
  7.698000e-01  2.689060e+03
  7.498000e-01  2.779675e+03
  7.304000e-01  2.573835e+03
  7.115000e-01  2.483745e+03
  6.931000e-01  5.561445e+03
  6.751000e-01  5.727275e+04
  6.576000e-01  4.925950e+04
  6.406000e-01  1.386075e+05
  6.240000e-01  3.764440e+04
  6.078000e-01  3.217035e+03
  5.921000e-01  2.504180e+03
  5.767000e-01  2.398895e+03
  5.618000e-01  2.447075e+03
  5.472000e-01  2.253810e+03
  5.331000e-01  2.841470e+03
  5.193000e-01  2.694825e+03
  5.058000e-01  3.146855e+03
  4.927000e-01  5.752110e+03
  4.799000e-01  6.725275e+03
  4.675000e-01  3.492540e+03
  4.554000e-01  2.376900e+03
  4.436000e-01  6.833705e+03
  4.321000e-01  7.205050e+03
  4.209000e-01  5.381275e+03
  4.100000e-01  3.226465e+03
  3.994000e-01  6.461305e+03
  3.891000e-01  1.268220e+04
  3.790000e-01  9.364075e+03
  3.692000e-01  1.964155e+03
  3.596000e-01  1.407370e+03
  3.503000e-01  1.415250e+03
  3.412000e-01  1.437240e+03
  3.324000e-01  1.614810e+03
  3.238000e-01  1.477570e+03
  3.154000e-01  1.187400e+03
  3.072000e-01  1.749405e+03
  2.992000e-01  2.513075e+03
  2.915000e-01  2.875005e+03
  2.839000e-01  3.108085e+03
  2.766000e-01  1.577605e+03
  2.694000e-01  3.626095e+03
  2.624000e-01  8.502445e+03
  2.556000e-01  8.478880e+03
  2.490000e-01  3.159410e+03
  2.426000e-01  1.778745e+03
  2.363000e-01  2.789630e+03
  2.302000e-01  1.855210e+03
  2.242000e-01  1.270685e+03
  2.184000e-01  1.251305e+03
  2.127000e-01  1.329330e+03
  2.072000e-01  8.207535e+02
  2.019000e-01  9.548410e+02
  1.966000e-01  1.500620e+03
  1.915000e-01  6.866700e+02
  1.866000e-01  4.928725e+02
  1.817000e-01  2.739340e+02
  1.770000e-01  2.000820e+02
  1.725000e-01  2.655545e+02
  1.680000e-01  6.940025e+02
  1.636000e-01  1.325675e+03
  1.594000e-01  1.699650e+03
  1.553000e-01  1.961020e+03
  1.512000e-01  2.083050e+03
  1.473000e-01  2.214005e+03
  1.435000e-01  3.626100e+03
  1.398000e-01  1.670845e+03
  1.362000e-01  1.036570e+03
  1.326000e-01  8.684170e+02
  1.292000e-01  8.207570e+02
  1.259000e-01  9.024665e+02
  1.226000e-01  1.416815e+03
  1.194000e-01  1.669280e+03
  1.163000e-01  1.285870e+03
  1.133000e-01  1.247630e+03
  1.104000e-01  1.305780e+03
  1.075000e-01  1.345060e+03
  1.047000e-01  1.486480e+03
  1.020000e-01  1.621615e+03
  9.940000e-02  1.703315e+03
  9.680000e-02  1.667705e+03
  9.430000e-02  1.803360e+03
  9.190000e-02  1.721130e+03
  8.950000e-02  2.497360e+03
  8.720000e-02  2.759265e+03
  8.490000e-02  2.838345e+03
  8.270000e-02  2.968235e+03
  8.060000e-02  3.042615e+03
  7.850000e-02  3.245330e+03
  7.640000e-02  3.494105e+03
  7.450000e-02  3.644955e+03
  7.250000e-02  4.071320e+03
  7.070000e-02  4.268260e+03
  6.880000e-02  4.162960e+03
  6.700000e-02  4.268770e+03
  6.530000e-02  4.197535e+03
  6.360000e-02  4.136785e+03
  6.200000e-02  4.087020e+03
  6.040000e-02  4.043030e+03
  5.880000e-02  3.901605e+03
  5.730000e-02  3.761230e+03
  5.580000e-02  3.686855e+03
  5.430000e-02  3.467405e+03
  5.290000e-02  3.344830e+03
  5.160000e-02  3.169900e+03
  5.020000e-02  3.078760e+03
  4.890000e-02  2.893850e+03
  4.770000e-02  2.747725e+03
  4.640000e-02  2.541885e+03
  4.520000e-02  2.408835e+03
  4.410000e-02  2.292035e+03
  4.290000e-02  2.091445e+03
  4.180000e-02  1.965215e+03
  4.070000e-02  1.816980e+03
  3.970000e-02  1.623705e+03
  3.860000e-02  1.577605e+03
  3.760000e-02  1.350285e+03
  3.670000e-02  1.212025e+03
  3.570000e-02  1.101510e+03
  3.480000e-02  9.794645e+02
  3.390000e-02  9.239370e+02
  3.300000e-02  7.558095e+02
  3.220000e-02  6.856235e+02
  3.130000e-02  5.724865e+02
  3.050000e-02  4.923475e+02
  2.970000e-02  4.499240e+02
  2.890000e-02  3.959740e+02
  2.820000e-02  3.242170e+02
  2.750000e-02  2.666020e+02
  2.680000e-02  2.037485e+02
  2.610000e-02  1.901310e+02
  2.540000e-02  1.749420e+02
  2.470000e-02  1.414205e+02
  2.410000e-02  1.010894e+02
  2.350000e-02  7.594850e+01
  2.290000e-02  6.913885e+01
  2.230000e-02  4.975890e+01
  2.170000e-02  4.975890e+01
  2.110000e-02  3.614065e+01
  2.060000e-02  3.299805e+01
  2.000000e-02  2.199875e+01
  1.950000e-02  1.571350e+01
  1.900000e-02  1.518975e+01
  1.850000e-02  1.414215e+01
  1.800000e-02  1.047575e+01
  1.760000e-02  7.856850e+00
  1.710000e-02  6.285450e+00
  1.670000e-02  5.761700e+00
  1.630000e-02  5.761750e+00
  1.580000e-02  5.761650e+00
  1.540000e-02  6.809200e+00
  1.500000e-02  5.761700e+00
  1.460000e-02  5.237950e+00
  1.430000e-02  3.666600e+00
  1.390000e-02  3.142800e+00
  1.350000e-02  5.761750e+00
  1.320000e-02  4.714150e+00
  1.280000e-02  8.904350e+00
  1.250000e-02  9.428200e+00
  1.220000e-02  1.309455e+01
  1.190000e-02  1.361835e+01
  1.160000e-02  1.676110e+01
  1.130000e-02  1.937990e+01
  1.100000e-02  7.594795e+01
  1.070000e-02  9.847125e+01
  1.040000e-02  7.699570e+01
  1.010000e-02  6.437205e+02
