  4.934820e+03  0.000000e+00
  4.806990e+03  0.000000e+00
  4.682470e+03  0.000000e+00
  4.561180e+03  0.000000e+00
  4.443030e+03  0.000000e+00
  4.327940e+03  0.000000e+00
  4.215830e+03  0.000000e+00
  4.106630e+03  0.000000e+00
  4.000250e+03  1.882050e-01
  3.896630e+03  0.000000e+00
  3.795700e+03  0.000000e+00
  3.697380e+03  0.000000e+00
  3.601600e+03  0.000000e+00
  3.508310e+03  1.882050e-01
  3.417430e+03  0.000000e+00
  3.328910e+03  0.000000e+00
  3.242680e+03  0.000000e+00
  3.158680e+03  0.000000e+00
  3.076860e+03  0.000000e+00
  2.997160e+03  0.000000e+00
  2.919530e+03  0.000000e+00
  2.843900e+03  3.764100e-01
  2.770230e+03  1.882050e-01
  2.698480e+03  0.000000e+00
  2.628580e+03  0.000000e+00
  2.560490e+03  0.000000e+00
  2.494160e+03  0.000000e+00
  2.429550e+03  0.000000e+00
  2.366620e+03  0.000000e+00
  2.305320e+03  0.000000e+00
  2.245600e+03  1.882050e-01
  2.187430e+03  1.882050e-01
  2.130770e+03  0.000000e+00
  2.075580e+03  0.000000e+00
  2.021810e+03  0.000000e+00
  1.969440e+03  1.882050e-01
  1.918430e+03  0.000000e+00
  1.868730e+03  1.882050e-01
  1.820330e+03  0.000000e+00
  1.773170e+03  3.764100e-01
  1.727240e+03  3.764100e-01
  1.682500e+03  0.000000e+00
  1.638920e+03  0.000000e+00
  1.596470e+03  0.000000e+00
  1.555110e+03  5.646150e-01
  1.514830e+03  0.000000e+00
  1.475590e+03  3.764100e-01
  1.437370e+03  3.764100e-01
  1.400140e+03  5.646200e-01
  1.363870e+03  1.882050e-01
  1.328540e+03  5.646150e-01
  1.294120e+03  3.764150e-01
  1.260600e+03  9.410250e-01
  1.227950e+03  7.528200e-01
  1.196140e+03  1.882065e+00
  1.165160e+03  5.646150e-01
  1.134980e+03  1.882060e+00
  1.105580e+03  5.646150e-01
  1.076940e+03  1.882050e-01
  1.049040e+03  1.882020e+00
  1.021870e+03  1.317435e+00
  9.953980e+02  1.129240e+00
  9.696140e+02  1.882055e+00
  9.444970e+02  2.446660e+00
  9.200320e+02  1.693855e+00
  8.962000e+02  2.070265e+00
  8.729850e+02  3.199490e+00
  8.503720e+02  1.505650e+00
  8.283450e+02  2.634865e+00
  8.068880e+02  3.952295e+00
  7.859870e+02  3.387715e+00
  7.656270e+02  4.893345e+00
  7.457950e+02  5.834335e+00
  7.264760e+02  7.151830e+00
  7.076580e+02  6.022595e+00
  6.893270e+02  9.410419e+00
  6.714710e+02  7.528285e+00
  6.540780e+02  1.223352e+01
  6.371350e+02  1.336275e+01
  6.206310e+02  1.260980e+01
  6.045550e+02  1.260985e+01
  5.888950e+02  1.787970e+01
  5.736410e+02  1.863260e+01
  5.587810e+02  1.505670e+01
  5.443070e+02  1.976165e+01
  5.302080e+02  2.917205e+01
  5.164740e+02  2.954840e+01
  5.030950e+02  3.011315e+01
  4.900630e+02  4.197025e+01
  4.773690e+02  4.874580e+01
  4.650040e+02  5.439200e+01
  4.529580e+02  5.156875e+01
  4.412250e+02  6.192030e+01
  4.297960e+02  6.154375e+01
  4.186630e+02  7.490660e+01
  4.078180e+02  8.732835e+01
  3.972540e+02  9.598525e+01
  3.869640e+02  1.114185e+02
  3.769400e+02  1.264755e+02
  3.671770e+02  1.409685e+02
  3.576650e+02  1.507535e+02
  3.484010e+02  1.778560e+02
  3.393760e+02  1.987470e+02
  3.305850e+02  2.243435e+02
  3.220220e+02  2.382700e+02
  3.136800e+02  2.885225e+02
  3.055550e+02  3.222105e+02
  2.976400e+02  3.568420e+02
  2.899300e+02  3.828135e+02
  2.824200e+02  4.308060e+02
  2.751040e+02  4.919735e+02
  2.679780e+02  5.638705e+02
  2.610370e+02  6.220255e+02
  2.542750e+02  6.967445e+02
  2.476890e+02  7.884015e+02
  2.412730e+02  8.783645e+02
  2.350230e+02  9.976910e+02
  2.289350e+02  1.126045e+03
  2.230050e+02  1.224665e+03
  2.172280e+02  1.397250e+03
  2.116010e+02  1.558730e+03
  2.061200e+02  1.736030e+03
  2.007810e+02  1.937985e+03
  1.955800e+02  2.144805e+03
  1.905140e+02  2.482080e+03
  1.855790e+02  2.771165e+03
  1.807720e+02  3.072300e+03
  1.760890e+02  3.472235e+03
  1.715280e+02  3.836040e+03
  1.670850e+02  4.236755e+03
  1.627570e+02  4.709145e+03
  1.585410e+02  5.216730e+03
  1.544340e+02  5.738265e+03
  1.504340e+02  6.279920e+03
  1.465370e+02  6.932815e+03
  1.427410e+02  7.683005e+03
  1.390440e+02  8.419460e+03
  1.354420e+02  9.223100e+03
  1.319340e+02  1.012045e+04
  1.285160e+02  1.080670e+04
  1.251870e+02  1.186760e+04
  1.219440e+02  1.299880e+04
  1.187850e+02  1.408885e+04
  1.157090e+02  1.525945e+04
  1.127110e+02  1.649210e+04
  1.097920e+02  1.791805e+04
  1.069480e+02  1.930245e+04
  1.041770e+02  2.077345e+04
  1.014790e+02  2.253660e+04
  9.885030e+01  2.426945e+04
  9.628970e+01  2.601290e+04
  9.379550e+01  2.803300e+04
  9.136590e+01  2.983910e+04
  8.899920e+01  3.197195e+04
  8.669380e+01  3.406275e+04
  8.444820e+01  3.607445e+04
  8.226070e+01  3.851005e+04
  8.012980e+01  4.049470e+04
  7.805420e+01  4.289290e+04
  7.603240e+01  4.504055e+04
  7.406290e+01  4.726440e+04
  7.214440e+01  4.920440e+04
  7.027560e+01  5.113755e+04
  6.845520e+01  5.290565e+04
  6.668200e+01  5.478435e+04
  6.495470e+01  5.605815e+04
  6.327220e+01  5.715710e+04
  6.163320e+01  5.795525e+04
  6.003670e+01  5.834390e+04
  5.848160e+01  5.880785e+04
  5.696670e+01  5.878585e+04
  5.549110e+01  5.909655e+04
  5.405370e+01  5.834640e+04
  5.265350e+01  5.753555e+04
  5.128960e+01  5.663350e+04
  4.996100e+01  5.557995e+04
  4.866690e+01  5.365620e+04
  4.740620e+01  5.145365e+04
  4.617830e+01  4.917870e+04
  4.498210e+01  4.656220e+04
  4.381690e+01  4.461145e+04
  4.268190e+01  4.267435e+04
  4.157630e+01  4.058970e+04
  4.049930e+01  3.859550e+04
  3.945030e+01  3.636240e+04
  3.842840e+01  3.453040e+04
  3.743290e+01  3.270380e+04
  3.646330e+01  3.096780e+04
  3.551880e+01  2.920645e+04
  3.459870e+01  2.732910e+04
  3.370250e+01  2.542240e+04
  3.282950e+01  2.349580e+04
  3.197910e+01  2.164900e+04
  3.115070e+01  1.995280e+04
  3.034380e+01  1.830770e+04
  2.955780e+01  1.673525e+04
  2.879220e+01  1.508370e+04
  2.804640e+01  1.354420e+04
  2.731990e+01  1.215370e+04
  2.661220e+01  1.083840e+04
  2.592290e+01  9.531945e+03
  2.525140e+01  8.466320e+03
  2.459730e+01  7.379255e+03
  2.396010e+01  6.486945e+03
  2.333950e+01  5.597855e+03
  2.273490e+01  4.766165e+03
  2.214600e+01  4.089180e+03
  2.157230e+01  3.491240e+03
  2.101350e+01  2.910820e+03
  2.046920e+01  2.552660e+03
  1.993900e+01  2.176240e+03
  1.942250e+01  1.890730e+03
  1.891940e+01  1.626300e+03
  1.842930e+01  1.455220e+03
  1.795200e+01  1.316880e+03
  1.748690e+01  1.265500e+03
  1.703400e+01  1.164050e+03
  1.659270e+01  1.095930e+03
  1.616290e+01  1.078995e+03
  1.574430e+01  1.008047e+03
  1.533640e+01  9.995695e+02
  1.493920e+01  9.506345e+02
  1.455220e+01  8.538965e+02
  1.417520e+01  7.396550e+02
  1.380800e+01  6.167560e+02
  1.345040e+01  4.804935e+02
  1.310200e+01  3.886485e+02
  1.276260e+01  3.304920e+02
  1.243200e+01  2.973670e+02
  1.211000e+01  2.781705e+02
  1.179630e+01  2.563400e+02
  1.149070e+01  2.553975e+02
  1.119310e+01  2.324360e+02
  1.090310e+01  2.484340e+02
  1.062070e+01  2.395880e+02
  1.034560e+01  2.328125e+02
  1.007760e+01  2.175685e+02
  9.816600e+00  1.993105e+02
  9.562300e+00  1.836900e+02
  9.314600e+00  1.541420e+02
  9.073300e+00  1.279815e+02
  8.838300e+00  1.117955e+02
  8.609300e+00  8.488120e+01
  8.386300e+00  8.318755e+01
  8.169100e+00  8.055270e+01
  7.957500e+00  8.977505e+01
  7.751400e+00  9.504510e+01
  7.550600e+00  1.044550e+02
  7.355000e+00  1.170650e+02
  7.164500e+00  1.108545e+02
  6.978900e+00  1.018197e+02
  6.798100e+00  9.448040e+01
  6.622000e+00  9.353850e+01
  6.450500e+00  7.603580e+01
  6.283400e+00  8.506935e+01
  6.120600e+00  7.490645e+01
  5.962100e+00  6.304945e+01
  5.807600e+00  6.380220e+01
  5.657200e+00  6.888396e+01
  5.510700e+00  6.926045e+01
  5.367900e+00  7.038950e+01
  5.228900e+00  6.192035e+01
  5.093400e+00  6.154390e+01
  4.961500e+00  5.985000e+01
  4.833000e+00  5.721505e+01
  4.707800e+00  5.552110e+01
  4.585800e+00  5.307455e+01
  4.467100e+00  4.629880e+01
  4.351300e+00  4.705180e+01
  4.238600e+00  4.987505e+01
  4.128800e+00  4.366400e+01
  4.021900e+00  5.570940e+01
  3.917700e+00  4.366410e+01
  3.816200e+00  4.046445e+01
  3.717400e+00  3.933535e+01
  3.621100e+00  4.328775e+01
  3.527300e+00  3.707690e+01
  3.435900e+00  3.481840e+01
  3.346900e+00  3.255985e+01
  3.260200e+00  3.481830e+01
  3.175800e+00  2.107925e+01
  3.093500e+00  1.976185e+01
  3.013400e+00  1.524480e+01
  2.935300e+00  1.430380e+01
  2.859300e+00  1.919720e+01
  2.785200e+00  2.296125e+01
  2.713100e+00  2.936030e+01
  2.642800e+00  2.841935e+01
  2.574300e+00  3.030150e+01
  2.507600e+00  2.352600e+01
  2.442700e+00  2.183200e+01
  2.379400e+00  2.710180e+01
  2.317800e+00  2.164390e+01
  2.257700e+00  1.863250e+01
  2.199300e+00  2.409040e+01
  2.142300e+00  1.957355e+01
  2.086800e+00  2.013820e+01
  2.032700e+00  1.675050e+01
  1.980100e+00  1.787970e+01
  1.928800e+00  1.580955e+01
  1.878800e+00  1.373910e+01
  1.830200e+00  2.314940e+01
  1.782800e+00  3.782960e+01
  1.736600e+00  2.202030e+01
  1.691600e+00  1.938535e+01
  1.647800e+00  1.072766e+01
  1.605100e+00  1.392735e+01
  1.563500e+00  1.486835e+01
  1.523000e+00  1.110426e+01
  1.483600e+00  1.148065e+01
  1.445100e+00  1.486840e+01
  1.407700e+00  1.223345e+01
  1.371200e+00  1.091605e+01
  1.335700e+00  8.657511e+00
  1.301100e+00  9.598635e+00
  1.267400e+00  9.974930e+00
  1.234600e+00  9.222155e+00
  1.202600e+00  1.072775e+01
  1.171500e+00  9.222260e+00
  1.141100e+00  1.392730e+01
  1.111600e+00  8.469300e+00
  1.082800e+00  6.399080e+00
  1.054700e+00  1.336265e+01
  1.027400e+00  9.222080e+00
  1.000800e+00  6.022600e+00
  9.749000e-01  1.148070e+01
  9.496000e-01  6.775395e+00
  9.250000e-01  6.210775e+00
  9.010000e-01  1.072789e+01
  8.777000e-01  7.904740e+00
  8.550000e-01  1.091599e+01
  8.328000e-01  1.260990e+01
  8.113000e-01  1.298620e+01
  7.902000e-01  1.148070e+01
  7.698000e-01  1.129240e+01
  7.498000e-01  1.373935e+01
  7.304000e-01  1.430385e+01
  7.115000e-01  1.637405e+01
  6.931000e-01  2.616080e+01
  6.751000e-01  2.049590e+02
  6.576000e-01  1.626120e+02
  6.406000e-01  5.083485e+02
  6.240000e-01  1.287330e+02
  6.078000e-01  2.653730e+01
  5.921000e-01  2.183205e+01
  5.767000e-01  2.352585e+01
  5.618000e-01  2.446695e+01
  5.472000e-01  2.747830e+01
  5.331000e-01  3.237165e+01
  5.193000e-01  2.936025e+01
  5.058000e-01  3.538280e+01
  4.927000e-01  5.947345e+01
  4.799000e-01  5.985010e+01
  4.675000e-01  4.724005e+01
  4.554000e-01  3.519470e+01
  4.436000e-01  6.982490e+01
  4.321000e-01  7.151895e+01
  4.209000e-01  6.606075e+01
  4.100000e-01  4.573445e+01
  3.994000e-01  8.751630e+01
  3.891000e-01  1.262875e+02
  3.790000e-01  1.483075e+02
  3.692000e-01  3.387740e+01
  3.596000e-01  2.747825e+01
  3.503000e-01  3.011310e+01
  3.412000e-01  2.936025e+01
  3.324000e-01  3.199515e+01
  3.238000e-01  2.898390e+01
  3.154000e-01  2.484335e+01
  3.072000e-01  3.500650e+01
  2.992000e-01  5.006310e+01
  2.915000e-01  6.643726e+01
  2.839000e-01  6.304965e+01
  2.766000e-01  3.519475e+01
  2.694000e-01  8.205880e+01
  2.624000e-01  2.106035e+02
  2.556000e-01  2.252840e+02
  2.490000e-01  7.076605e+01
  2.426000e-01  7.302450e+01
  2.363000e-01  7.547075e+01
  2.302000e-01  5.683860e+01
  2.242000e-01  4.008820e+01
  2.184000e-01  3.481825e+01
  2.127000e-01  3.575945e+01
  2.072000e-01  2.823100e+01
  2.019000e-01  2.747835e+01
  1.966000e-01  4.197030e+01
  1.915000e-01  5.439190e+01
  1.866000e-01  5.683865e+01
  1.817000e-01  4.159380e+01
  1.770000e-01  3.030135e+01
  1.725000e-01  3.387735e+01
  1.680000e-01  3.651215e+01
  1.636000e-01  3.594760e+01
  1.594000e-01  3.538305e+01
  1.553000e-01  3.557120e+01
  1.512000e-01  4.366400e+01
  1.473000e-01  3.820605e+01
  1.435000e-01  6.304950e+01
  1.398000e-01  4.309940e+01
  1.362000e-01  4.516975e+01
  1.326000e-01  5.081600e+01
  1.292000e-01  5.307455e+01
  1.259000e-01  5.947345e+01
  1.226000e-01  7.151900e+01
  1.194000e-01  7.038960e+01
  1.163000e-01  6.248510e+01
  1.133000e-01  6.530810e+01
  1.104000e-01  6.963670e+01
  1.075000e-01  7.321249e+01
  1.047000e-01  7.923515e+01
  1.020000e-01  8.789285e+01
  9.940000e-02  9.033895e+01
  9.680000e-02  8.375200e+01
  9.430000e-02  8.412835e+01
  9.190000e-02  9.297500e+01
  8.950000e-02  9.259780e+01
  8.720000e-02  8.864560e+01
  8.490000e-02  9.598565e+01
  8.270000e-02  9.278570e+01
  8.060000e-02  9.899765e+01
  7.850000e-02  9.203365e+01
  7.640000e-02  8.977535e+01
  7.450000e-02  7.735315e+01
  7.250000e-02  8.601095e+01
  7.070000e-02  8.657581e+01
  6.880000e-02  7.641216e+01
  6.700000e-02  6.907205e+01
  6.530000e-02  6.831930e+01
  6.360000e-02  6.361405e+01
  6.200000e-02  6.248480e+01
  6.040000e-02  5.702690e+01
  5.880000e-02  4.912205e+01
  5.730000e-02  4.291125e+01
  5.580000e-02  3.594760e+01
  5.430000e-02  3.350095e+01
  5.290000e-02  2.766645e+01
  5.160000e-02  2.070270e+01
  5.020000e-02  2.503160e+01
  4.890000e-02  2.164385e+01
  4.770000e-02  1.825605e+01
  4.640000e-02  2.013830e+01
  4.520000e-02  1.882075e+01
  4.410000e-02  1.599770e+01
  4.290000e-02  1.204530e+01
  4.180000e-02  1.279820e+01
  4.070000e-02  1.223360e+01
  3.970000e-02  9.598500e+00
  3.860000e-02  9.974860e+00
  3.760000e-02  7.904740e+00
  3.670000e-02  6.963645e+00
  3.570000e-02  7.151880e+00
  3.480000e-02  7.716455e+00
  3.390000e-02  4.516975e+00
  3.300000e-02  4.893360e+00
  3.220000e-02  3.575925e+00
  3.130000e-02  4.140480e+00
  3.050000e-02  3.764110e+00
  2.970000e-02  2.070265e+00
  2.890000e-02  1.505650e+00
  2.820000e-02  1.882040e+00
  2.750000e-02  9.410250e-01
  2.680000e-02  1.505650e+00
  2.610000e-02  1.317440e+00
  2.540000e-02  7.528200e-01
  2.470000e-02  1.317440e+00
  2.410000e-02  9.410300e-01
  2.350000e-02  3.764100e-01
  2.290000e-02  0.000000e+00
  2.230000e-02  0.000000e+00
  2.170000e-02  1.882050e-01
  2.110000e-02  0.000000e+00
  2.060000e-02  1.882050e-01
  2.000000e-02  1.882050e-01
  1.950000e-02  1.882050e-01
  1.900000e-02  1.882050e-01
  1.850000e-02  1.882050e-01
  1.800000e-02  0.000000e+00
  1.760000e-02  1.882050e-01
  1.710000e-02  1.882050e-01
  1.670000e-02  0.000000e+00
  1.630000e-02  0.000000e+00
  1.580000e-02  0.000000e+00
  1.540000e-02  1.882050e-01
  1.500000e-02  0.000000e+00
  1.460000e-02  0.000000e+00
  1.430000e-02  1.882050e-01
  1.390000e-02  0.000000e+00
  1.350000e-02  0.000000e+00
  1.320000e-02  0.000000e+00
  1.280000e-02  1.882050e-01
  1.250000e-02  0.000000e+00
  1.220000e-02  0.000000e+00
  1.190000e-02  0.000000e+00
  1.160000e-02  0.000000e+00
  1.130000e-02  0.000000e+00
  1.100000e-02  0.000000e+00
  1.070000e-02  0.000000e+00
  1.040000e-02  0.000000e+00
  1.010000e-02  4.855750e+01
