  4.934820e+03  8.357270e-03
  4.806990e+03  1.078380e-03
  4.682470e+03  8.087700e-04
  4.561180e+03  1.617580e-03
  4.443030e+03  8.087700e-04
  4.327940e+03  8.087700e-04
  4.215830e+03  2.156740e-03
  4.106630e+03  1.887130e-03
  4.000250e+03  1.617560e-03
  3.896630e+03  2.965550e-03
  3.795700e+03  4.852720e-03
  3.697380e+03  1.347970e-03
  3.601600e+03  2.965550e-03
  3.508310e+03  3.774240e-03
  3.417430e+03  3.504650e-03
  3.328910e+03  2.965550e-03
  3.242680e+03  4.313480e-03
  3.158680e+03  5.122180e-03
  3.076860e+03  5.122290e-03
  2.997160e+03  6.470210e-03
  2.919530e+03  6.470160e-03
  2.843900e+03  6.470200e-03
  2.770230e+03  8.357340e-03
  2.698480e+03  7.009370e-03
  2.628580e+03  1.024457e-02
  2.560490e+03  1.213170e-02
  2.494160e+03  1.159238e-02
  2.429550e+03  1.320995e-02
  2.366620e+03  1.401880e-02
  2.305320e+03  1.509690e-02
  2.245600e+03  1.752335e-02
  2.187430e+03  1.994945e-02
  2.130770e+03  2.210645e-02
  2.075580e+03  2.264550e-02
  2.021810e+03  2.588065e-02
  1.969440e+03  2.938520e-02
  1.918430e+03  2.803730e-02
  1.868730e+03  3.477685e-02
  1.820330e+03  3.855110e-02
  1.773170e+03  4.043825e-02
  1.727240e+03  4.259495e-02
  1.682500e+03  4.852595e-02
  1.638920e+03  5.176100e-02
  1.596470e+03  5.957900e-02
  1.555110e+03  6.551005e-02
  1.514830e+03  7.036240e-02
  1.475590e+03  7.305855e-02
  1.437370e+03  8.222455e-02
  1.400140e+03  9.974835e-02
  1.363870e+03  9.354696e-02
  1.328540e+03  1.118795e-01
  1.294120e+03  1.302095e-01
  1.260600e+03  1.329060e-01
  1.227950e+03  1.539345e-01
  1.196140e+03  1.695705e-01
  1.165160e+03  1.881735e-01
  1.134980e+03  1.841290e-01
  1.105580e+03  2.108175e-01
  1.076940e+03  2.366990e-01
  1.049040e+03  2.687785e-01
  1.021870e+03  3.043645e-01
  9.953980e+02  3.148790e-01
  9.696140e+02  3.714920e-01
  9.444970e+02  3.930590e-01
  9.200320e+02  4.415850e-01
  8.962000e+02  5.151830e-01
  8.729850e+02  5.526555e-01
  8.503720e+02  6.567160e-01
  8.283450e+02  6.801705e-01
  8.068880e+02  7.656305e-01
  7.859870e+02  9.041981e-01
  7.656270e+02  9.656661e-01
  7.457950e+02  1.080780e+00
  7.264760e+02  1.182135e+00
  7.076580e+02  1.347395e+00
  6.893270e+02  1.477070e+00
  6.714710e+02  1.668495e+00
  6.540780e+02  1.837775e+00
  6.371350e+02  2.058310e+00
  6.206310e+02  2.317915e+00
  6.045550e+02  2.524420e+00
  5.888950e+02  2.774325e+00
  5.736410e+02  3.107000e+00
  5.587810e+02  3.416765e+00
  5.443070e+02  3.741070e+00
  5.302080e+02  4.147875e+00
  5.164740e+02  4.523955e+00
  5.030950e+02  4.968500e+00
  4.900630e+02  5.409280e+00
  4.773690e+02  6.009920e+00
  4.650040e+02  6.611905e+00
  4.529580e+02  7.196935e+00
  4.412250e+02  7.916195e+00
  4.297960e+02  8.678305e+00
  4.186630e+02  9.388120e+00
  4.078180e+02  1.025280e+01
  3.972540e+02  1.124585e+01
  3.869640e+02  1.232160e+01
  3.769400e+02  1.344345e+01
  3.671770e+02  1.461670e+01
  3.576650e+02  1.592860e+01
  3.484010e+02  1.724010e+01
  3.393760e+02  1.865205e+01
  3.305850e+02  2.028565e+01
  3.220220e+02  2.164545e+01
  3.136800e+02  2.343185e+01
  3.055550e+02  2.488535e+01
  2.976400e+02  2.709625e+01
  2.899300e+02  2.896435e+01
  2.824200e+02  3.111610e+01
  2.751040e+02  3.344465e+01
  2.679780e+02  3.588675e+01
  2.610370e+02  3.831350e+01
  2.542750e+02  4.077675e+01
  2.476890e+02  4.342175e+01
  2.412730e+02  4.653490e+01
  2.350230e+02  4.997175e+01
  2.289350e+02  5.324140e+01
  2.230050e+02  5.644495e+01
  2.172280e+02  5.979040e+01
  2.116010e+02  6.306935e+01
  2.061200e+02  6.655210e+01
  2.007810e+02  7.023305e+01
  1.955800e+02  7.470830e+01
  1.905140e+02  7.962115e+01
  1.855790e+02  8.417855e+01
  1.807720e+02  8.929565e+01
  1.760890e+02  9.408804e+01
  1.715280e+02  9.852310e+01
  1.670850e+02  1.030745e+02
  1.627570e+02  1.074955e+02
  1.585410e+02  1.118105e+02
  1.544340e+02  1.162345e+02
  1.504340e+02  1.203595e+02
  1.465370e+02  1.247020e+02
  1.427410e+02  1.287160e+02
  1.390440e+02  1.326750e+02
  1.354420e+02  1.365740e+02
  1.319340e+02  1.402035e+02
  1.285160e+02  1.439790e+02
  1.251870e+02  1.471525e+02
  1.219440e+02  1.510355e+02
  1.187850e+02  1.541975e+02
  1.157090e+02  1.581035e+02
  1.127110e+02  1.617220e+02
  1.097920e+02  1.648865e+02
  1.069480e+02  1.689980e+02
  1.041770e+02  1.728440e+02
  1.014790e+02  1.761875e+02
  9.885030e+01  1.809350e+02
  9.628970e+01  1.839880e+02
  9.379550e+01  1.880410e+02
  9.136590e+01  1.921525e+02
  8.899920e+01  1.950265e+02
  8.669380e+01  1.984775e+02
  8.444820e+01  2.022530e+02
  8.226070e+01  2.053765e+02
  8.012980e+01  2.086775e+02
  7.805420e+01  2.120690e+02
  7.603240e+01  2.148730e+02
  7.406290e+01  2.170480e+02
  7.214440e+01  2.191985e+02
  7.027560e+01  2.210270e+02
  6.845520e+01  2.211275e+02
  6.668200e+01  2.217765e+02
  6.495470e+01  2.206930e+02
  6.327220e+01  2.181875e+02
  6.163320e+01  2.151630e+02
  6.003670e+01  2.112460e+02
  5.848160e+01  2.070490e+02
  5.696670e+01  2.019990e+02
  5.549110e+01  1.980245e+02
  5.405370e+01  1.919465e+02
  5.265350e+01  1.860200e+02
  5.128960e+01  1.799580e+02
  4.996100e+01  1.727860e+02
  4.866690e+01  1.635325e+02
  4.740620e+01  1.543980e+02
  4.617830e+01  1.442675e+02
  4.498210e+01  1.335055e+02
  4.381690e+01  1.268950e+02
  4.268190e+01  1.204240e+02
  4.157630e+01  1.133225e+02
  4.049930e+01  1.062890e+02
  3.945030e+01  1.007240e+02
  3.842840e+01  9.594785e+01
  3.743290e+01  9.130480e+01
  3.646330e+01  8.668705e+01
  3.551880e+01  8.254005e+01
  3.459870e+01  7.789425e+01
  3.370250e+01  7.278340e+01
  3.282950e+01  6.808145e+01
  3.197910e+01  6.355730e+01
  3.115070e+01  5.885880e+01
  3.034380e+01  5.449995e+01
  2.955780e+01  5.013520e+01
  2.879220e+01  4.605305e+01
  2.804640e+01  4.167615e+01
  2.731990e+01  3.781110e+01
  2.661220e+01  3.393875e+01
  2.592290e+01  3.017305e+01
  2.525140e+01  2.657650e+01
  2.459730e+01  2.346370e+01
  2.396010e+01  2.036165e+01
  2.333950e+01  1.755135e+01
  2.273490e+01  1.480730e+01
  2.214600e+01  1.228725e+01
  2.157230e+01  1.021090e+01
  2.101350e+01  8.122960e+00
  2.046920e+01  6.529145e+00
  1.993900e+01  5.207630e+00
  1.942250e+01  4.153820e+00
  1.891940e+01  3.300300e+00
  1.842930e+01  3.001860e+00
  1.795200e+01  2.785915e+00
  1.748690e+01  2.746820e+00
  1.703400e+01  2.753030e+00
  1.659270e+01  2.923955e+00
  1.616290e+01  3.235860e+00
  1.574430e+01  3.434280e+00
  1.533640e+01  3.632430e+00
  1.493920e+01  3.767225e+00
  1.455220e+01  3.623795e+00
  1.417520e+01  3.159575e+00
  1.380800e+01  2.309835e+00
  1.345040e+01  1.444725e+00
  1.310200e+01  7.990590e-01
  1.276260e+01  4.019555e-01
  1.243200e+01  1.819730e-01
  1.211000e+01  7.224945e-02
  1.179630e+01  3.235055e-02
  1.149070e+01  1.051400e-02
  1.119310e+01  8.626960e-03
  1.090310e+01  3.504750e-03
  1.062070e+01  2.156740e-03
  1.034560e+01  1.347950e-03
  1.007760e+01  1.617540e-03
  9.816600e+00  5.391800e-04
  9.562300e+00  5.391800e-04
  9.314600e+00  5.391800e-04
  9.073300e+00  8.087700e-04
  8.838300e+00  4.583130e-03
  8.609300e+00  7.009420e-03
  8.386300e+00  2.372375e-02
  8.169100e+00  8.141610e-02
  7.957500e+00  2.191750e-01
  7.751400e+00  3.698745e-01
  7.550600e+00  7.365150e-01
  7.355000e+00  8.168515e-01
  7.164500e+00  7.516110e-01
  6.978900e+00  6.923025e-01
  6.798100e+00  5.782655e-01
  6.622000e+00  4.707010e-01
  6.450500e+00  3.868590e-01
  6.283400e+00  3.038250e-01
  6.120600e+00  2.531420e-01
  5.962100e+00  2.035395e-01
  5.807600e+00  1.854765e-01
  5.657200e+00  1.701100e-01
  5.510700e+00  1.528565e-01
  5.367900e+00  1.253575e-01
  5.228900e+00  1.110705e-01
  5.093400e+00  9.139121e-02
  4.961500e+00  7.629335e-02
  4.833000e+00  5.230015e-02
  4.707800e+00  4.636920e-02
  4.585800e+00  3.477685e-02
  4.467100e+00  2.641960e-02
  4.351300e+00  2.992425e-02
  4.238600e+00  2.722840e-02
  4.128800e+00  2.129755e-02
  4.021900e+00  2.965465e-02
  3.917700e+00  1.779300e-02
  3.816200e+00  1.455785e-02
  3.717400e+00  1.401870e-02
  3.621100e+00  1.105329e-02
  3.527300e+00  1.320985e-02
  3.435900e+00  8.626980e-03
  3.346900e+00  8.087780e-03
  3.260200e+00  5.122310e-03
  3.175800e+00  3.235120e-03
  3.093500e+00  5.391800e-04
  3.013400e+00  1.617540e-03
  2.935300e+00  1.617540e-03
  2.859300e+00  2.965450e-03
  2.785200e+00  3.504650e-03
  2.713100e+00  3.774310e-03
  2.642800e+00  5.391900e-03
  2.574300e+00  3.504730e-03
  2.507600e+00  2.695940e-03
  2.442700e+00  2.965530e-03
  2.379400e+00  2.426310e-03
  2.317800e+00  2.695920e-03
  2.257700e+00  1.617540e-03
  2.199300e+00  2.965470e-03
  2.142300e+00  2.156740e-03
  2.086800e+00  3.235140e-03
  2.032700e+00  1.887170e-03
  1.980100e+00  2.426350e-03
  1.928800e+00  1.078360e-03
  1.878800e+00  1.078360e-03
  1.830200e+00  1.078360e-03
  1.782800e+00  3.235080e-03
  1.736600e+00  1.887130e-03
  1.691600e+00  5.391800e-04
  1.647800e+00  1.078360e-03
  1.605100e+00  1.347950e-03
  1.563500e+00  5.391800e-04
  1.523000e+00  1.347930e-03
  1.483600e+00  1.078360e-03
  1.445100e+00  2.695900e-04
  1.407700e+00  5.391800e-04
  1.371200e+00  5.391800e-04
  1.335700e+00  2.695900e-04
  1.301100e+00  5.391800e-04
  1.267400e+00  0.000000e+00
  1.234600e+00  5.391800e-04
  1.202600e+00  0.000000e+00
  1.171500e+00  2.695900e-04
  1.141100e+00  0.000000e+00
  1.111600e+00  2.695900e-04
  1.082800e+00  2.695900e-04
  1.054700e+00  0.000000e+00
  1.027400e+00  5.391800e-04
  1.000800e+00  1.078360e-03
  9.749000e-01  0.000000e+00
  9.496000e-01  2.695900e-04
  9.250000e-01  0.000000e+00
  9.010000e-01  0.000000e+00
  8.777000e-01  0.000000e+00
  8.550000e-01  2.695900e-04
  8.328000e-01  0.000000e+00
  8.113000e-01  0.000000e+00
  7.902000e-01  0.000000e+00
  7.698000e-01  2.695900e-04
  7.498000e-01  2.695900e-04
  7.304000e-01  5.391800e-04
  7.115000e-01  2.695900e-04
  6.931000e-01  5.391800e-04
  6.751000e-01  0.000000e+00
  6.576000e-01  0.000000e+00
  6.406000e-01  0.000000e+00
  6.240000e-01  0.000000e+00
  6.078000e-01  0.000000e+00
  5.921000e-01  2.695900e-04
  5.767000e-01  0.000000e+00
  5.618000e-01  0.000000e+00
  5.472000e-01  0.000000e+00
  5.331000e-01  2.695900e-04
  5.193000e-01  5.391800e-04
  5.058000e-01  0.000000e+00
  4.927000e-01  0.000000e+00
  4.799000e-01  2.695900e-04
  4.675000e-01  0.000000e+00
  4.554000e-01  0.000000e+00
  4.436000e-01  0.000000e+00
  4.321000e-01  0.000000e+00
  4.209000e-01  0.000000e+00
  4.100000e-01  0.000000e+00
  3.994000e-01  0.000000e+00
  3.891000e-01  0.000000e+00
  3.790000e-01  5.391800e-04
  3.692000e-01  0.000000e+00
  3.596000e-01  0.000000e+00
  3.503000e-01  0.000000e+00
  3.412000e-01  0.000000e+00
  3.324000e-01  0.000000e+00
  3.238000e-01  0.000000e+00
  3.154000e-01  0.000000e+00
  3.072000e-01  2.695900e-04
  2.992000e-01  0.000000e+00
  2.915000e-01  0.000000e+00
  2.839000e-01  0.000000e+00
  2.766000e-01  0.000000e+00
  2.694000e-01  0.000000e+00
  2.624000e-01  0.000000e+00
  2.556000e-01  0.000000e+00
  2.490000e-01  0.000000e+00
  2.426000e-01  0.000000e+00
  2.363000e-01  0.000000e+00
  2.302000e-01  0.000000e+00
  2.242000e-01  0.000000e+00
  2.184000e-01  0.000000e+00
  2.127000e-01  0.000000e+00
  2.072000e-01  0.000000e+00
  2.019000e-01  0.000000e+00
  1.966000e-01  0.000000e+00
  1.915000e-01  0.000000e+00
  1.866000e-01  0.000000e+00
  1.817000e-01  0.000000e+00
  1.770000e-01  0.000000e+00
  1.725000e-01  0.000000e+00
  1.680000e-01  0.000000e+00
  1.636000e-01  0.000000e+00
  1.594000e-01  0.000000e+00
  1.553000e-01  0.000000e+00
  1.512000e-01  0.000000e+00
  1.473000e-01  0.000000e+00
  1.435000e-01  0.000000e+00
  1.398000e-01  0.000000e+00
  1.362000e-01  0.000000e+00
  1.326000e-01  0.000000e+00
  1.292000e-01  0.000000e+00
  1.259000e-01  0.000000e+00
  1.226000e-01  0.000000e+00
  1.194000e-01  0.000000e+00
  1.163000e-01  0.000000e+00
  1.133000e-01  0.000000e+00
  1.104000e-01  0.000000e+00
  1.075000e-01  0.000000e+00
  1.047000e-01  0.000000e+00
  1.020000e-01  0.000000e+00
  9.940000e-02  0.000000e+00
  9.680000e-02  0.000000e+00
  9.430000e-02  0.000000e+00
  9.190000e-02  0.000000e+00
  8.950000e-02  0.000000e+00
  8.720000e-02  0.000000e+00
  8.490000e-02  0.000000e+00
  8.270000e-02  0.000000e+00
  8.060000e-02  0.000000e+00
  7.850000e-02  0.000000e+00
  7.640000e-02  0.000000e+00
  7.450000e-02  0.000000e+00
  7.250000e-02  0.000000e+00
  7.070000e-02  0.000000e+00
  6.880000e-02  0.000000e+00
  6.700000e-02  0.000000e+00
  6.530000e-02  0.000000e+00
  6.360000e-02  0.000000e+00
  6.200000e-02  0.000000e+00
  6.040000e-02  0.000000e+00
  5.880000e-02  0.000000e+00
  5.730000e-02  0.000000e+00
  5.580000e-02  0.000000e+00
  5.430000e-02  0.000000e+00
  5.290000e-02  0.000000e+00
  5.160000e-02  0.000000e+00
  5.020000e-02  0.000000e+00
  4.890000e-02  0.000000e+00
  4.770000e-02  0.000000e+00
  4.640000e-02  0.000000e+00
  4.520000e-02  0.000000e+00
  4.410000e-02  0.000000e+00
  4.290000e-02  0.000000e+00
  4.180000e-02  0.000000e+00
  4.070000e-02  0.000000e+00
  3.970000e-02  0.000000e+00
  3.860000e-02  0.000000e+00
  3.760000e-02  0.000000e+00
  3.670000e-02  0.000000e+00
  3.570000e-02  0.000000e+00
  3.480000e-02  0.000000e+00
  3.390000e-02  0.000000e+00
  3.300000e-02  0.000000e+00
  3.220000e-02  0.000000e+00
  3.130000e-02  0.000000e+00
  3.050000e-02  0.000000e+00
  2.970000e-02  0.000000e+00
  2.890000e-02  0.000000e+00
  2.820000e-02  0.000000e+00
  2.750000e-02  0.000000e+00
  2.680000e-02  0.000000e+00
  2.610000e-02  0.000000e+00
  2.540000e-02  0.000000e+00
  2.470000e-02  0.000000e+00
  2.410000e-02  0.000000e+00
  2.350000e-02  0.000000e+00
  2.290000e-02  0.000000e+00
  2.230000e-02  0.000000e+00
  2.170000e-02  0.000000e+00
  2.110000e-02  0.000000e+00
  2.060000e-02  0.000000e+00
  2.000000e-02  0.000000e+00
  1.950000e-02  0.000000e+00
  1.900000e-02  0.000000e+00
  1.850000e-02  0.000000e+00
  1.800000e-02  0.000000e+00
  1.760000e-02  0.000000e+00
  1.710000e-02  0.000000e+00
  1.670000e-02  0.000000e+00
  1.630000e-02  0.000000e+00
  1.580000e-02  0.000000e+00
  1.540000e-02  0.000000e+00
  1.500000e-02  0.000000e+00
  1.460000e-02  0.000000e+00
  1.430000e-02  0.000000e+00
  1.390000e-02  0.000000e+00
  1.350000e-02  0.000000e+00
  1.320000e-02  0.000000e+00
  1.280000e-02  0.000000e+00
  1.250000e-02  0.000000e+00
  1.220000e-02  0.000000e+00
  1.190000e-02  0.000000e+00
  1.160000e-02  0.000000e+00
  1.130000e-02  0.000000e+00
  1.100000e-02  0.000000e+00
  1.070000e-02  0.000000e+00
  1.040000e-02  0.000000e+00
  1.010000e-02  0.000000e+00
