  4.934820e+03  0.000000e+00
  4.806990e+03  0.000000e+00
  4.682470e+03  0.000000e+00
  4.561180e+03  0.000000e+00
  4.443030e+03  0.000000e+00
  4.327940e+03  0.000000e+00
  4.215830e+03  0.000000e+00
  4.106630e+03  0.000000e+00
  4.000250e+03  0.000000e+00
  3.896630e+03  0.000000e+00
  3.795700e+03  0.000000e+00
  3.697380e+03  0.000000e+00
  3.601600e+03  0.000000e+00
  3.508310e+03  1.882050e-01
  3.417430e+03  0.000000e+00
  3.328910e+03  0.000000e+00
  3.242680e+03  0.000000e+00
  3.158680e+03  0.000000e+00
  3.076860e+03  0.000000e+00
  2.997160e+03  1.882050e-01
  2.919530e+03  0.000000e+00
  2.843900e+03  0.000000e+00
  2.770230e+03  0.000000e+00
  2.698480e+03  0.000000e+00
  2.628580e+03  0.000000e+00
  2.560490e+03  0.000000e+00
  2.494160e+03  3.764100e-01
  2.429550e+03  0.000000e+00
  2.366620e+03  0.000000e+00
  2.305320e+03  0.000000e+00
  2.245600e+03  0.000000e+00
  2.187430e+03  1.882050e-01
  2.130770e+03  0.000000e+00
  2.075580e+03  0.000000e+00
  2.021810e+03  0.000000e+00
  1.969440e+03  1.882050e-01
  1.918430e+03  1.882050e-01
  1.868730e+03  1.882050e-01
  1.820330e+03  3.764100e-01
  1.773170e+03  1.882050e-01
  1.727240e+03  5.646150e-01
  1.682500e+03  1.882050e-01
  1.638920e+03  1.882050e-01
  1.596470e+03  1.882050e-01
  1.555110e+03  3.764100e-01
  1.514830e+03  1.882050e-01
  1.475590e+03  1.882050e-01
  1.437370e+03  3.764100e-01
  1.400140e+03  1.882050e-01
  1.363870e+03  3.764100e-01
  1.328540e+03  1.882050e-01
  1.294120e+03  3.764100e-01
  1.260600e+03  3.764100e-01
  1.227950e+03  9.410300e-01
  1.196140e+03  0.000000e+00
  1.165160e+03  7.528200e-01
  1.134980e+03  1.129230e+00
  1.105580e+03  3.764100e-01
  1.076940e+03  1.317435e+00
  1.049040e+03  1.693855e+00
  1.021870e+03  1.882060e+00
  9.953980e+02  1.693850e+00
  9.696140e+02  1.317440e+00
  9.444970e+02  2.070285e+00
  9.200320e+02  3.011280e+00
  8.962000e+02  2.823090e+00
  8.729850e+02  4.328700e+00
  8.503720e+02  4.328750e+00
  8.283450e+02  4.140505e+00
  8.068880e+02  3.575880e+00
  7.859870e+02  5.457915e+00
  7.656270e+02  4.516940e+00
  7.457950e+02  5.457915e+00
  7.264760e+02  8.280980e+00
  7.076580e+02  7.528300e+00
  6.893270e+02  9.974955e+00
  6.714710e+02  9.033979e+00
  6.540780e+02  1.035145e+01
  6.371350e+02  1.317445e+01
  6.206310e+02  1.524490e+01
  6.045550e+02  1.693870e+01
  5.888950e+02  1.562125e+01
  5.736410e+02  1.919710e+01
  5.587810e+02  2.070285e+01
  5.443070e+02  2.710185e+01
  5.302080e+02  2.860740e+01
  5.164740e+02  3.368910e+01
  5.030950e+02  3.293615e+01
  4.900630e+02  3.989995e+01
  4.773690e+02  5.006320e+01
  4.650040e+02  4.667540e+01
  4.529580e+02  5.966185e+01
  4.412250e+02  6.192030e+01
  4.297960e+02  6.794305e+01
  4.186630e+02  8.431715e+01
  4.078180e+02  9.109240e+01
  3.972540e+02  1.014440e+02
  3.869640e+02  1.129250e+02
  3.769400e+02  1.332505e+02
  3.671770e+02  1.483085e+02
  3.576650e+02  1.541415e+02
  3.484010e+02  1.959245e+02
  3.393760e+02  2.030775e+02
  3.305850e+02  2.292375e+02
  3.220220e+02  2.570920e+02
  3.136800e+02  2.909700e+02
  3.055550e+02  3.306805e+02
  2.976400e+02  3.555235e+02
  2.899300e+02  4.240305e+02
  2.824200e+02  4.556500e+02
  2.751040e+02  5.292390e+02
  2.679780e+02  5.983100e+02
  2.610370e+02  6.348230e+02
  2.542750e+02  7.357035e+02
  2.476890e+02  8.249140e+02
  2.412730e+02  9.173225e+02
  2.350230e+02  1.028930e+03
  2.289350e+02  1.133010e+03
  2.230050e+02  1.289230e+03
  2.172280e+02  1.432825e+03
  2.116010e+02  1.580385e+03
  2.061200e+02  1.797580e+03
  2.007810e+02  1.966215e+03
  1.955800e+02  2.286350e+03
  1.905140e+02  2.550770e+03
  1.855790e+02  2.847210e+03
  1.807720e+02  3.211755e+03
  1.760890e+02  3.580835e+03
  1.715280e+02  3.956320e+03
  1.670850e+02  4.410070e+03
  1.627570e+02  4.993900e+03
  1.585410e+02  5.487565e+03
  1.544340e+02  6.026385e+03
  1.504340e+02  6.659150e+03
  1.465370e+02  7.294730e+03
  1.427410e+02  8.039100e+03
  1.390440e+02  8.800200e+03
  1.354420e+02  9.648266e+03
  1.319340e+02  1.060200e+04
  1.285160e+02  1.145750e+04
  1.251870e+02  1.263050e+04
  1.219440e+02  1.375960e+04
  1.187850e+02  1.489675e+04
  1.157090e+02  1.612505e+04
  1.127110e+02  1.755500e+04
  1.097920e+02  1.915480e+04
  1.069480e+02  2.065595e+04
  1.041770e+02  2.236475e+04
  1.014790e+02  2.436790e+04
  9.885030e+01  2.628790e+04
  9.628970e+01  2.849770e+04
  9.379550e+01  3.064180e+04
  9.136590e+01  3.301090e+04
  8.899920e+01  3.535620e+04
  8.669380e+01  3.790800e+04
  8.444820e+01  4.059805e+04
  8.226070e+01  4.347345e+04
  8.012980e+01  4.643970e+04
  7.805420e+01  4.912265e+04
  7.603240e+01  5.247470e+04
  7.406290e+01  5.553575e+04
  7.214440e+01  5.857265e+04
  7.027560e+01  6.163205e+04
  6.845520e+01  6.495730e+04
  6.668200e+01  6.797375e+04
  6.495470e+01  7.074055e+04
  6.327220e+01  7.307030e+04
  6.163320e+01  7.523341e+04
  6.003670e+01  7.720780e+04
  5.848160e+01  7.900600e+04
  5.696670e+01  8.069440e+04
  5.549110e+01  8.246266e+04
  5.405370e+01  8.388055e+04
  5.265350e+01  8.532445e+04
  5.128960e+01  8.633710e+04
  4.996100e+01  8.787760e+04
  4.866690e+01  8.848730e+04
  4.740620e+01  8.930620e+04
  4.617830e+01  8.969595e+04
  4.498210e+01  8.957920e+04
  4.381690e+01  8.986459e+04
  4.268190e+01  8.958500e+04
  4.157630e+01  8.927325e+04
  4.049930e+01  8.860180e+04
  3.945030e+01  8.817165e+04
  3.842840e+01  8.759250e+04
  3.743290e+01  8.732180e+04
  3.646330e+01  8.645085e+04
  3.551880e+01  8.606015e+04
  3.459870e+01  8.545605e+04
  3.370250e+01  8.465920e+04
  3.282950e+01  8.430550e+04
  3.197910e+01  8.411615e+04
  3.115070e+01  8.348300e+04
  3.034380e+01  8.301535e+04
  2.955780e+01  8.303625e+04
  2.879220e+01  8.223491e+04
  2.804640e+01  8.217635e+04
  2.731990e+01  8.228020e+04
  2.661220e+01  8.197375e+04
  2.592290e+01  8.207485e+04
  2.525140e+01  8.183480e+04
  2.459730e+01  8.189265e+04
  2.396010e+01  8.204995e+04
  2.333950e+01  8.223005e+04
  2.273490e+01  8.258595e+04
  2.214600e+01  8.282685e+04
  2.157230e+01  8.318205e+04
  2.101350e+01  8.351541e+04
  2.046920e+01  8.429225e+04
  1.993900e+01  8.465909e+04
  1.942250e+01  8.488334e+04
  1.891940e+01  8.495000e+04
  1.842930e+01  8.506140e+04
  1.795200e+01  8.490925e+04
  1.748690e+01  8.498350e+04
  1.703400e+01  8.416445e+04
  1.659270e+01  8.367530e+04
  1.616290e+01  8.323260e+04
  1.574430e+01  8.242959e+04
  1.533640e+01  8.210755e+04
  1.493920e+01  8.186540e+04
  1.455220e+01  8.168565e+04
  1.417520e+01  8.210300e+04
  1.380800e+01  8.261090e+04
  1.345040e+01  8.302525e+04
  1.310200e+01  8.387415e+04
  1.276260e+01  8.524955e+04
  1.243200e+01  8.670400e+04
  1.211000e+01  8.818005e+04
  1.179630e+01  8.954205e+04
  1.149070e+01  9.103710e+04
  1.119310e+01  9.245440e+04
  1.090310e+01  9.392934e+04
  1.062070e+01  9.541080e+04
  1.034560e+01  9.667905e+04
  1.007760e+01  9.791360e+04
  9.816600e+00  9.906170e+04
  9.562300e+00  9.908455e+04
  9.314600e+00  9.798200e+04
  9.073300e+00  9.628684e+04
  8.838300e+00  9.329741e+04
  8.609300e+00  9.011570e+04
  8.386300e+00  8.668055e+04
  8.169100e+00  8.407560e+04
  7.957500e+00  8.168330e+04
  7.751400e+00  7.878450e+04
  7.550600e+00  7.814980e+04
  7.355000e+00  7.676575e+04
  7.164500e+00  7.594925e+04
  6.978900e+00  7.547410e+04
  6.798100e+00  7.522695e+04
  6.622000e+00  7.498675e+04
  6.450500e+00  7.502455e+04
  6.283400e+00  7.469520e+04
  6.120600e+00  7.442230e+04
  5.962100e+00  7.457250e+04
  5.807600e+00  7.404635e+04
  5.657200e+00  7.399980e+04
  5.510700e+00  7.379515e+04
  5.367900e+00  7.388380e+04
  5.228900e+00  7.394405e+04
  5.093400e+00  7.300655e+04
  4.961500e+00  7.299170e+04
  4.833000e+00  7.455784e+04
  4.707800e+00  7.737091e+04
  4.585800e+00  7.416350e+04
  4.467100e+00  7.309075e+04
  4.351300e+00  7.358880e+04
  4.238600e+00  7.396375e+04
  4.128800e+00  7.361180e+04
  4.021900e+00  8.138259e+04
  3.917700e+00  7.267400e+04
  3.816200e+00  6.841755e+04
  3.717400e+00  6.744075e+04
  3.621100e+00  6.665255e+04
  3.527300e+00  6.586660e+04
  3.435900e+00  6.482350e+04
  3.346900e+00  6.383115e+04
  3.260200e+00  6.323865e+04
  3.175800e+00  6.267280e+04
  3.093500e+00  6.156050e+04
  3.013400e+00  6.052645e+04
  2.935300e+00  5.969895e+04
  2.859300e+00  5.808825e+04
  2.785200e+00  5.730220e+04
  2.713100e+00  5.588995e+04
  2.642800e+00  5.447995e+04
  2.574300e+00  5.408615e+04
  2.507600e+00  5.260630e+04
  2.442700e+00  5.248265e+04
  2.379400e+00  5.134745e+04
  2.317800e+00  4.953750e+04
  2.257700e+00  4.736275e+04
  2.199300e+00  4.698695e+04
  2.142300e+00  4.463755e+04
  2.086800e+00  4.309415e+04
  2.032700e+00  4.306310e+04
  1.980100e+00  4.624945e+04
  1.928800e+00  3.858965e+04
  1.878800e+00  3.534770e+04
  1.830200e+00  4.433900e+04
  1.782800e+00  8.183965e+04
  1.736600e+00  4.624310e+04
  1.691600e+00  3.643120e+04
  1.647800e+00  3.175950e+04
  1.605100e+00  3.023820e+04
  1.563500e+00  2.892260e+04
  1.523000e+00  2.767615e+04
  1.483600e+00  2.664130e+04
  1.445100e+00  2.550430e+04
  1.407700e+00  2.398120e+04
  1.371200e+00  2.192905e+04
  1.335700e+00  2.230315e+04
  1.301100e+00  1.896025e+04
  1.267400e+00  1.577320e+04
  1.234600e+00  1.876295e+04
  1.202600e+00  1.913555e+04
  1.171500e+00  1.793220e+04
  1.141100e+00  1.958905e+04
  1.111600e+00  1.370255e+04
  1.082800e+00  1.163170e+04
  1.054700e+00  1.819615e+04
  1.027400e+00  1.340155e+04
  1.000800e+00  9.777055e+03
  9.749000e-01  1.434640e+04
  9.496000e-01  1.003875e+04
  9.250000e-01  9.860045e+03
  9.010000e-01  1.112605e+04
  8.777000e-01  1.156615e+04
  8.550000e-01  1.136215e+04
  8.328000e-01  1.204120e+04
  8.113000e-01  1.235435e+04
  7.902000e-01  1.270195e+04
  7.698000e-01  1.300915e+04
  7.498000e-01  1.349185e+04
  7.304000e-01  1.366230e+04
  7.115000e-01  1.416020e+04
  6.931000e-01  2.373695e+04
  6.751000e-01  1.744805e+05
  6.576000e-01  1.384215e+05
  6.406000e-01  3.933505e+05
  6.240000e-01  1.013775e+05
  6.078000e-01  1.854005e+04
  5.921000e-01  1.615945e+04
  5.767000e-01  1.595945e+04
  5.618000e-01  1.613905e+04
  5.472000e-01  1.571910e+04
  5.331000e-01  1.856310e+04
  5.193000e-01  1.686870e+04
  5.058000e-01  1.822255e+04
  4.927000e-01  3.091005e+04
  4.799000e-01  3.170105e+04
  4.675000e-01  2.086975e+04
  4.554000e-01  1.690345e+04
  4.436000e-01  3.581915e+04
  4.321000e-01  3.653085e+04
  4.209000e-01  2.964460e+04
  4.100000e-01  1.945330e+04
  3.994000e-01  3.673715e+04
  3.891000e-01  5.538375e+04
  3.790000e-01  5.963485e+04
  3.692000e-01  1.339660e+04
  3.596000e-01  1.025550e+04
  3.503000e-01  1.006650e+04
  3.412000e-01  9.586345e+03
  3.324000e-01  1.061580e+04
  3.238000e-01  8.613305e+03
  3.154000e-01  6.803505e+03
  3.072000e-01  1.103100e+04
  2.992000e-01  1.418855e+04
  2.915000e-01  1.628690e+04
  2.839000e-01  1.481415e+04
  2.766000e-01  6.190705e+03
  2.694000e-01  1.443930e+04
  2.624000e-01  3.361845e+04
  2.556000e-01  3.804230e+04
  2.490000e-01  1.229055e+04
  2.426000e-01  7.011660e+03
  2.363000e-01  9.429016e+03
  2.302000e-01  8.239910e+03
  2.242000e-01  5.523335e+03
  2.184000e-01  5.242890e+03
  2.127000e-01  5.614240e+03
  2.072000e-01  4.865160e+03
  2.019000e-01  5.001610e+03
  1.966000e-01  6.442905e+03
  1.915000e-01  4.515470e+03
  1.866000e-01  3.361005e+03
  1.817000e-01  1.925555e+03
  1.770000e-01  2.135780e+03
  1.725000e-01  3.240930e+03
  1.680000e-01  6.501070e+03
  1.636000e-01  8.159355e+03
  1.594000e-01  8.482875e+03
  1.553000e-01  9.578040e+03
  1.512000e-01  1.008895e+04
  1.473000e-01  9.811215e+03
  1.435000e-01  1.410265e+04
  1.398000e-01  9.467590e+03
  1.362000e-01  9.139360e+03
  1.326000e-01  9.702455e+03
  1.292000e-01  8.593545e+03
  1.259000e-01  8.562305e+03
  1.226000e-01  1.016310e+04
  1.194000e-01  8.967710e+03
  1.163000e-01  7.621265e+03
  1.133000e-01  7.141160e+03
  1.104000e-01  6.683250e+03
  1.075000e-01  6.177905e+03
  1.047000e-01  5.733560e+03
  1.020000e-01  5.396475e+03
  9.940000e-02  5.228030e+03
  9.680000e-02  5.000675e+03
  9.430000e-02  4.906200e+03
  9.190000e-02  4.751115e+03
  8.950000e-02  4.700680e+03
  8.720000e-02  4.494390e+03
  8.490000e-02  4.325195e+03
  8.270000e-02  4.150540e+03
  8.060000e-02  3.978895e+03
  7.850000e-02  4.046850e+03
  7.640000e-02  4.289065e+03
  7.450000e-02  4.438305e+03
  7.250000e-02  4.610715e+03
  7.070000e-02  4.878520e+03
  6.880000e-02  4.999725e+03
  6.700000e-02  5.274335e+03
  6.530000e-02  5.417370e+03
  6.360000e-02  5.643585e+03
  6.200000e-02  5.894655e+03
  6.040000e-02  6.130865e+03
  5.880000e-02  6.244735e+03
  5.730000e-02  6.310040e+03
  5.580000e-02  6.513865e+03
  5.430000e-02  6.547735e+03
  5.290000e-02  6.629990e+03
  5.160000e-02  6.759475e+03
  5.020000e-02  6.511980e+03
  4.890000e-02  6.121630e+03
  4.770000e-02  5.687060e+03
  4.640000e-02  5.223520e+03
  4.520000e-02  4.888125e+03
  4.410000e-02  4.461455e+03
  4.290000e-02  4.101980e+03
  4.180000e-02  3.686795e+03
  4.070000e-02  3.373235e+03
  3.970000e-02  3.016590e+03
  3.860000e-02  2.678195e+03
  3.760000e-02  2.453850e+03
  3.670000e-02  2.085905e+03
  3.570000e-02  1.881135e+03
  3.480000e-02  1.669215e+03
  3.390000e-02  1.442795e+03
  3.300000e-02  1.256855e+03
  3.220000e-02  1.064690e+03
  3.130000e-02  9.103585e+02
  3.050000e-02  7.759790e+02
  2.970000e-02  6.711470e+02
  2.890000e-02  5.589760e+02
  2.820000e-02  4.580980e+02
  2.750000e-02  3.826250e+02
  2.680000e-02  3.026375e+02
  2.610000e-02  2.747830e+02
  2.540000e-02  2.154980e+02
  2.470000e-02  1.887715e+02
  2.410000e-02  1.328750e+02
  2.350000e-02  1.119835e+02
  2.290000e-02  8.883365e+01
  2.230000e-02  7.622411e+01
  2.170000e-02  6.248490e+01
  2.110000e-02  5.288620e+01
  2.060000e-02  4.667540e+01
  2.000000e-02  4.027630e+01
  1.950000e-02  3.500655e+01
  1.900000e-02  3.331260e+01
  1.850000e-02  2.766650e+01
  1.800000e-02  3.331255e+01
  1.760000e-02  2.578450e+01
  1.710000e-02  2.823115e+01
  1.670000e-02  2.691360e+01
  1.630000e-02  2.898385e+01
  1.580000e-02  2.672535e+01
  1.540000e-02  2.710190e+01
  1.500000e-02  3.312450e+01
  1.460000e-02  3.048955e+01
  1.430000e-02  2.936035e+01
  1.390000e-02  3.143055e+01
  1.350000e-02  3.312445e+01
  1.320000e-02  3.237155e+01
  1.280000e-02  3.011320e+01
  1.250000e-02  4.121740e+01
  1.220000e-02  4.084095e+01
  1.190000e-02  3.463005e+01
  1.160000e-02  4.197030e+01
  1.130000e-02  4.404045e+01
  1.100000e-02  7.904700e+01
  1.070000e-02  9.843275e+01
  1.040000e-02  7.998810e+01
  1.010000e-02  7.099175e+02
