  4.934820e+03  0.000000e+00
  4.806990e+03  0.000000e+00
  4.682470e+03  0.000000e+00
  4.561180e+03  0.000000e+00
  4.443030e+03  0.000000e+00
  4.327940e+03  0.000000e+00
  4.215830e+03  0.000000e+00
  4.106630e+03  0.000000e+00
  4.000250e+03  0.000000e+00
  3.896630e+03  0.000000e+00
  3.795700e+03  0.000000e+00
  3.697380e+03  0.000000e+00
  3.601600e+03  0.000000e+00
  3.508310e+03  0.000000e+00
  3.417430e+03  0.000000e+00
  3.328910e+03  0.000000e+00
  3.242680e+03  0.000000e+00
  3.158680e+03  0.000000e+00
  3.076860e+03  7.151200e-02
  2.997160e+03  0.000000e+00
  2.919530e+03  7.151200e-02
  2.843900e+03  3.575600e-02
  2.770230e+03  3.575600e-02
  2.698480e+03  3.575600e-02
  2.628580e+03  3.575600e-02
  2.560490e+03  1.787760e-01
  2.494160e+03  0.000000e+00
  2.429550e+03  1.072680e-01
  2.366620e+03  3.575600e-02
  2.305320e+03  3.575600e-02
  2.245600e+03  1.072680e-01
  2.187430e+03  1.072680e-01
  2.130770e+03  1.430240e-01
  2.075580e+03  1.430240e-01
  2.021810e+03  1.072680e-01
  1.969440e+03  3.575600e-02
  1.918430e+03  1.787800e-01
  1.868730e+03  1.430220e-01
  1.820330e+03  0.000000e+00
  1.773170e+03  7.151200e-02
  1.727240e+03  2.145380e-01
  1.682500e+03  2.145320e-01
  1.638920e+03  2.502900e-01
  1.596470e+03  2.860480e-01
  1.555110e+03  2.860460e-01
  1.514830e+03  4.290680e-01
  1.475590e+03  3.575620e-01
  1.437370e+03  3.218030e-01
  1.400140e+03  5.363400e-01
  1.363870e+03  5.005800e-01
  1.328540e+03  3.933160e-01
  1.294120e+03  9.296430e-01
  1.260600e+03  5.363340e-01
  1.227950e+03  7.151100e-01
  1.196140e+03  9.654000e-01
  1.165160e+03  8.223890e-01
  1.134980e+03  1.251450e+00
  1.105580e+03  1.072675e+00
  1.076940e+03  1.287220e+00
  1.049040e+03  1.573255e+00
  1.021870e+03  1.895055e+00
  9.953980e+02  1.859325e+00
  9.696140e+02  2.073840e+00
  9.444970e+02  2.359905e+00
  9.200320e+02  2.502930e+00
  8.962000e+02  2.788970e+00
  8.729850e+02  3.253820e+00
  8.503720e+02  3.790135e+00
  8.283450e+02  4.290745e+00
  8.068880e+02  4.898580e+00
  7.859870e+02  5.399210e+00
  7.656270e+02  5.256155e+00
  7.457950e+02  7.258505e+00
  7.264760e+02  5.899760e+00
  7.076580e+02  8.581474e+00
  6.893270e+02  1.115590e+01
  6.714710e+02  1.112015e+01
  6.540780e+02  1.226440e+01
  6.371350e+02  1.437400e+01
  6.206310e+02  1.430250e+01
  6.045550e+02  1.701990e+01
  5.888950e+02  2.005925e+01
  5.736410e+02  2.170390e+01
  5.587810e+02  2.474320e+01
  5.443070e+02  2.856900e+01
  5.302080e+02  3.210890e+01
  5.164740e+02  3.575600e+01
  5.030950e+02  3.893840e+01
  4.900630e+02  4.423045e+01
  4.773690e+02  5.181055e+01
  4.650040e+02  5.495715e+01
  4.529580e+02  6.167920e+01
  4.412250e+02  6.943840e+01
  4.297960e+02  8.223900e+01
  4.186630e+02  8.860360e+01
  4.078180e+02  9.822130e+01
  3.972540e+02  1.143470e+02
  3.869640e+02  1.299025e+02
  3.769400e+02  1.455995e+02
  3.671770e+02  1.562890e+02
  3.576650e+02  1.828570e+02
  3.484010e+02  2.033445e+02
  3.393760e+02  2.324855e+02
  3.305850e+02  2.560485e+02
  3.220220e+02  2.944505e+02
  3.136800e+02  3.258085e+02
  3.055550e+02  3.605285e+02
  2.976400e+02  4.059380e+02
  2.899300e+02  4.523145e+02
  2.824200e+02  5.024435e+02
  2.751040e+02  5.716315e+02
  2.679780e+02  6.436810e+02
  2.610370e+02  7.100090e+02
  2.542750e+02  7.940355e+02
  2.476890e+02  8.893980e+02
  2.412730e+02  1.006245e+03
  2.350230e+02  1.131975e+03
  2.289350e+02  1.251675e+03
  2.230050e+02  1.413965e+03
  2.172280e+02  1.560385e+03
  2.116010e+02  1.740170e+03
  2.061200e+02  1.923480e+03
  2.007810e+02  2.147070e+03
  1.955800e+02  2.414025e+03
  1.905140e+02  2.689215e+03
  1.855790e+02  3.013780e+03
  1.807720e+02  3.349845e+03
  1.760890e+02  3.723960e+03
  1.715280e+02  4.129105e+03
  1.670850e+02  4.557725e+03
  1.627570e+02  5.027695e+03
  1.585410e+02  5.546265e+03
  1.544340e+02  6.089620e+03
  1.504340e+02  6.672045e+03
  1.465370e+02  7.302180e+03
  1.427410e+02  7.963945e+03
  1.390440e+02  8.696945e+03
  1.354420e+02  9.445075e+03
  1.319340e+02  1.022920e+04
  1.285160e+02  1.105335e+04
  1.251870e+02  1.200170e+04
  1.219440e+02  1.297775e+04
  1.187850e+02  1.393965e+04
  1.157090e+02  1.507690e+04
  1.127110e+02  1.617960e+04
  1.097920e+02  1.739415e+04
  1.069480e+02  1.869155e+04
  1.041770e+02  2.003465e+04
  1.014790e+02  2.135280e+04
  9.885030e+01  2.283390e+04
  9.628970e+01  2.431920e+04
  9.379550e+01  2.592160e+04
  9.136590e+01  2.747690e+04
  8.899920e+01  2.900100e+04
  8.669380e+01  3.061470e+04
  8.444820e+01  3.220865e+04
  8.226070e+01  3.381265e+04
  8.012980e+01  3.539515e+04
  7.805420e+01  3.687085e+04
  7.603240e+01  3.838225e+04
  7.406290e+01  3.966340e+04
  7.214440e+01  4.091485e+04
  7.027560e+01  4.209375e+04
  6.845520e+01  4.299235e+04
  6.668200e+01  4.367235e+04
  6.495470e+01  4.420285e+04
  6.327220e+01  4.472485e+04
  6.163320e+01  4.495945e+04
  6.003670e+01  4.490970e+04
  5.848160e+01  4.486945e+04
  5.696670e+01  4.475120e+04
  5.549110e+01  4.460715e+04
  5.405370e+01  4.400665e+04
  5.265350e+01  4.319635e+04
  5.128960e+01  4.234735e+04
  4.996100e+01  4.146900e+04
  4.866690e+01  3.990605e+04
  4.740620e+01  3.841825e+04
  4.617830e+01  3.684540e+04
  4.498210e+01  3.516675e+04
  4.381690e+01  3.447285e+04
  4.268190e+01  3.371385e+04
  4.157630e+01  3.291835e+04
  4.049930e+01  3.205345e+04
  3.945030e+01  3.141550e+04
  3.842840e+01  3.095965e+04
  3.743290e+01  3.055095e+04
  3.646330e+01  3.016630e+04
  3.551880e+01  2.979320e+04
  3.459870e+01  2.940785e+04
  3.370250e+01  2.879515e+04
  3.282950e+01  2.838345e+04
  3.197910e+01  2.801750e+04
  3.115070e+01  2.756300e+04
  3.034380e+01  2.726975e+04
  2.955780e+01  2.696595e+04
  2.879220e+01  2.657240e+04
  2.804640e+01  2.630720e+04
  2.731990e+01  2.598500e+04
  2.661220e+01  2.568285e+04
  2.592290e+01  2.545735e+04
  2.525140e+01  2.520620e+04
  2.459730e+01  2.499935e+04
  2.396010e+01  2.485800e+04
  2.333950e+01  2.462835e+04
  2.273490e+01  2.453340e+04
  2.214600e+01  2.429280e+04
  2.157230e+01  2.416415e+04
  2.101350e+01  2.400480e+04
  2.046920e+01  2.388850e+04
  1.993900e+01  2.380840e+04
  1.942250e+01  2.374240e+04
  1.891940e+01  2.384820e+04
  1.842930e+01  2.411880e+04
  1.795200e+01  2.448575e+04
  1.748690e+01  2.506660e+04
  1.703400e+01  2.562365e+04
  1.659270e+01  2.631765e+04
  1.616290e+01  2.718065e+04
  1.574430e+01  2.792465e+04
  1.533640e+01  2.873085e+04
  1.493920e+01  2.965495e+04
  1.455220e+01  3.032030e+04
  1.417520e+01  3.059920e+04
  1.380800e+01  3.048945e+04
  1.345040e+01  3.007250e+04
  1.310200e+01  2.966165e+04
  1.276260e+01  2.937940e+04
  1.243200e+01  2.928570e+04
  1.211000e+01  2.930370e+04
  1.179630e+01  2.949855e+04
  1.149070e+01  2.974325e+04
  1.119310e+01  3.026500e+04
  1.090310e+01  3.087130e+04
  1.062070e+01  3.148220e+04
  1.034560e+01  3.207800e+04
  1.007760e+01  3.264835e+04
  9.816600e+00  3.318255e+04
  9.562300e+00  3.343485e+04
  9.314600e+00  3.404585e+04
  9.073300e+00  3.513995e+04
  8.838300e+00  3.596345e+04
  8.609300e+00  3.706955e+04
  8.386300e+00  3.824205e+04
  8.169100e+00  3.967305e+04
  7.957500e+00  4.160905e+04
  7.751400e+00  4.242815e+04
  7.550600e+00  4.486010e+04
  7.355000e+00  4.538545e+04
  7.164500e+00  4.556425e+04
  6.978900e+00  4.594360e+04
  6.798100e+00  4.600485e+04
  6.622000e+00  4.613850e+04
  6.450500e+00  4.685835e+04
  6.283400e+00  4.759725e+04
  6.120600e+00  4.787820e+04
  5.962100e+00  4.813860e+04
  5.807600e+00  4.892510e+04
  5.657200e+00  4.945800e+04
  5.510700e+00  5.032155e+04
  5.367900e+00  5.144305e+04
  5.228900e+00  5.162170e+04
  5.093400e+00  5.148315e+04
  4.961500e+00  5.165530e+04
  4.833000e+00  5.450670e+04
  4.707800e+00  5.891820e+04
  4.585800e+00  5.479370e+04
  4.467100e+00  5.400290e+04
  4.351300e+00  5.562860e+04
  4.238600e+00  5.689760e+04
  4.128800e+00  5.783445e+04
  4.021900e+00  7.232820e+04
  3.917700e+00  6.246085e+04
  3.816200e+00  5.649340e+04
  3.717400e+00  5.660960e+04
  3.621100e+00  5.689940e+04
  3.527300e+00  5.713215e+04
  3.435900e+00  5.727250e+04
  3.346900e+00  5.745605e+04
  3.260200e+00  5.797645e+04
  3.175800e+00  5.850545e+04
  3.093500e+00  5.764850e+04
  3.013400e+00  5.721870e+04
  2.935300e+00  5.775375e+04
  2.859300e+00  5.729995e+04
  2.785200e+00  5.713820e+04
  2.713100e+00  5.698665e+04
  2.642800e+00  5.551540e+04
  2.574300e+00  5.594600e+04
  2.507600e+00  5.425220e+04
  2.442700e+00  5.444540e+04
  2.379400e+00  5.416930e+04
  2.317800e+00  5.256820e+04
  2.257700e+00  5.104230e+04
  2.199300e+00  5.321835e+04
  2.142300e+00  4.926845e+04
  2.086800e+00  4.784515e+04
  2.032700e+00  4.746635e+04
  1.980100e+00  4.941675e+04
  1.928800e+00  4.315060e+04
  1.878800e+00  4.049945e+04
  1.830200e+00  4.468395e+04
  1.782800e+00  6.232275e+04
  1.736600e+00  4.239850e+04
  1.691600e+00  3.702240e+04
  1.647800e+00  3.510580e+04
  1.605100e+00  3.390540e+04
  1.563500e+00  3.210840e+04
  1.523000e+00  3.048050e+04
  1.483600e+00  2.915865e+04
  1.445100e+00  2.716325e+04
  1.407700e+00  2.570585e+04
  1.371200e+00  2.390300e+04
  1.335700e+00  2.332000e+04
  1.301100e+00  2.121625e+04
  1.267400e+00  1.802805e+04
  1.234600e+00  1.987935e+04
  1.202600e+00  2.025060e+04
  1.171500e+00  1.844980e+04
  1.141100e+00  1.932480e+04
  1.111600e+00  1.519965e+04
  1.082800e+00  1.359725e+04
  1.054700e+00  1.679545e+04
  1.027400e+00  1.464140e+04
  1.000800e+00  1.211020e+04
  9.749000e-01  1.342475e+04
  9.496000e-01  1.218430e+04
  9.250000e-01  1.254715e+04
  9.010000e-01  1.222570e+04
  8.777000e-01  1.307395e+04
  8.550000e-01  1.348445e+04
  8.328000e-01  1.315900e+04
  8.113000e-01  1.429865e+04
  7.902000e-01  1.426475e+04
  7.698000e-01  1.410260e+04
  7.498000e-01  1.535780e+04
  7.304000e-01  1.513965e+04
  7.115000e-01  1.549300e+04
  6.931000e-01  1.755155e+04
  6.751000e-01  4.210120e+04
  6.576000e-01  7.442920e+04
  6.406000e-01  9.204430e+04
  6.240000e-01  2.395440e+04
  6.078000e-01  2.053510e+04
  5.921000e-01  1.989760e+04
  5.767000e-01  2.006400e+04
  5.618000e-01  2.071450e+04
  5.472000e-01  2.084485e+04
  5.331000e-01  2.542665e+04
  5.193000e-01  2.631290e+04
  5.058000e-01  2.625185e+04
  4.927000e-01  2.796315e+04
  4.799000e-01  2.898795e+04
  4.675000e-01  2.705190e+04
  4.554000e-01  2.598105e+04
  4.436000e-01  3.195970e+04
  4.321000e-01  3.108985e+04
  4.209000e-01  3.147050e+04
  4.100000e-01  3.004620e+04
  3.994000e-01  4.855555e+04
  3.891000e-01  5.046015e+04
  3.790000e-01  4.597715e+04
  3.692000e-01  3.491085e+04
  3.596000e-01  3.404360e+04
  3.503000e-01  3.408595e+04
  3.412000e-01  3.399430e+04
  3.324000e-01  3.448140e+04
  3.238000e-01  3.354600e+04
  3.154000e-01  3.752240e+04
  3.072000e-01  3.893350e+04
  2.992000e-01  4.695275e+04
  2.915000e-01  5.852210e+04
  2.839000e-01  6.684066e+04
  2.766000e-01  5.717640e+04
  2.694000e-01  6.612559e+04
  2.624000e-01  6.289225e+04
  2.556000e-01  5.348510e+04
  2.490000e-01  5.073775e+04
  2.426000e-01  4.776045e+04
  2.363000e-01  4.932450e+04
  2.302000e-01  4.419950e+04
  2.242000e-01  4.186860e+04
  2.184000e-01  4.091355e+04
  2.127000e-01  3.998100e+04
  2.072000e-01  3.882225e+04
  2.019000e-01  3.794490e+04
  1.966000e-01  3.736790e+04
  1.915000e-01  3.639390e+04
  1.866000e-01  3.557555e+04
  1.817000e-01  3.485255e+04
  1.770000e-01  3.410105e+04
  1.725000e-01  3.324390e+04
  1.680000e-01  3.241865e+04
  1.636000e-01  3.146435e+04
  1.594000e-01  3.060305e+04
  1.553000e-01  2.966745e+04
  1.512000e-01  2.867780e+04
  1.473000e-01  2.751715e+04
  1.435000e-01  2.832060e+04
  1.398000e-01  2.490830e+04
  1.362000e-01  2.364525e+04
  1.326000e-01  2.236660e+04
  1.292000e-01  2.104825e+04
  1.259000e-01  1.978145e+04
  1.226000e-01  1.844155e+04
  1.194000e-01  1.711495e+04
  1.163000e-01  1.588210e+04
  1.133000e-01  1.462475e+04
  1.104000e-01  1.333795e+04
  1.075000e-01  1.222360e+04
  1.047000e-01  1.107070e+04
  1.020000e-01  9.937936e+03
  9.940000e-02  8.946311e+03
  9.680000e-02  7.991055e+03
  9.430000e-02  7.154570e+03
  9.190000e-02  6.345840e+03
  8.950000e-02  5.597445e+03
  8.720000e-02  4.920635e+03
  8.490000e-02  4.308740e+03
  8.270000e-02  3.770480e+03
  8.060000e-02  3.257655e+03
  7.850000e-02  2.807605e+03
  7.640000e-02  2.432620e+03
  7.450000e-02  2.088760e+03
  7.250000e-02  1.806470e+03
  7.070000e-02  1.539015e+03
  6.880000e-02  1.309560e+03
  6.700000e-02  1.128670e+03
  6.530000e-02  9.702050e+02
  6.360000e-02  8.376575e+02
  6.200000e-02  7.181965e+02
  6.040000e-02  6.275560e+02
  5.880000e-02  5.533605e+02
  5.730000e-02  4.883210e+02
  5.580000e-02  4.371175e+02
  5.430000e-02  4.024710e+02
  5.290000e-02  3.748670e+02
  5.160000e-02  3.454395e+02
  5.020000e-02  3.269530e+02
  4.890000e-02  3.155465e+02
  4.770000e-02  3.008505e+02
  4.640000e-02  2.964180e+02
  4.520000e-02  2.866930e+02
  4.410000e-02  2.794690e+02
  4.290000e-02  2.879085e+02
  4.180000e-02  2.806130e+02
  4.070000e-02  2.814715e+02
  3.970000e-02  2.755005e+02
  3.860000e-02  2.811490e+02
  3.760000e-02  2.834030e+02
  3.670000e-02  2.822935e+02
  3.570000e-02  2.811845e+02
  3.480000e-02  2.773965e+02
  3.390000e-02  2.804350e+02
  3.300000e-02  2.758585e+02
  3.220000e-02  2.787545e+02
  3.130000e-02  2.787540e+02
  3.050000e-02  2.679925e+02
  2.970000e-02  2.758225e+02
  2.890000e-02  2.723535e+02
  2.820000e-02  2.717450e+02
  2.750000e-02  2.697445e+02
  2.680000e-02  2.631630e+02
  2.610000e-02  2.627720e+02
  2.540000e-02  2.605900e+02
  2.470000e-02  2.596245e+02
  2.410000e-02  2.484695e+02
  2.350000e-02  2.433570e+02
  2.290000e-02  2.409245e+02
  2.230000e-02  2.377430e+02
  2.170000e-02  2.338080e+02
  2.110000e-02  2.209725e+02
  2.060000e-02  2.150380e+02
  2.000000e-02  2.090660e+02
  1.950000e-02  2.022010e+02
  1.900000e-02  1.924740e+02
  1.850000e-02  1.846445e+02
  1.800000e-02  1.764205e+02
  1.760000e-02  1.689485e+02
  1.710000e-02  1.655500e+02
  1.670000e-02  1.530730e+02
  1.630000e-02  1.436330e+02
  1.580000e-02  1.375535e+02
  1.540000e-02  1.267205e+02
  1.500000e-02  1.176730e+02
  1.460000e-02  1.095565e+02
  1.430000e-02  1.040150e+02
  1.390000e-02  9.525425e+01
  1.350000e-02  8.656550e+01
  1.320000e-02  8.474185e+01
  1.280000e-02  7.140495e+01
  1.250000e-02  6.529050e+01
  1.220000e-02  5.967675e+01
  1.190000e-02  5.299045e+01
  1.160000e-02  4.777020e+01
  1.130000e-02  4.412305e+01
  1.100000e-02  4.555325e+01
  1.070000e-02  4.197765e+01
  1.040000e-02  3.861665e+01
  1.010000e-02  1.985530e+02
