  4.934820e+03  1.148500e-01
  4.806990e+03  0.000000e+00
  4.682470e+03  0.000000e+00
  4.561180e+03  0.000000e+00
  4.443030e+03  0.000000e+00
  4.327940e+03  2.297000e-01
  4.215830e+03  0.000000e+00
  4.106630e+03  1.148500e-01
  4.000250e+03  0.000000e+00
  3.896630e+03  0.000000e+00
  3.795700e+03  0.000000e+00
  3.697380e+03  0.000000e+00
  3.601600e+03  0.000000e+00
  3.508310e+03  0.000000e+00
  3.417430e+03  1.148500e-01
  3.328910e+03  0.000000e+00
  3.242680e+03  0.000000e+00
  3.158680e+03  0.000000e+00
  3.076860e+03  0.000000e+00
  2.997160e+03  0.000000e+00
  2.919530e+03  1.148500e-01
  2.843900e+03  2.297000e-01
  2.770230e+03  0.000000e+00
  2.698480e+03  1.148500e-01
  2.628580e+03  0.000000e+00
  2.560490e+03  0.000000e+00
  2.494160e+03  2.297000e-01
  2.429550e+03  0.000000e+00
  2.366620e+03  1.148500e-01
  2.305320e+03  0.000000e+00
  2.245600e+03  1.148500e-01
  2.187430e+03  2.297000e-01
  2.130770e+03  0.000000e+00
  2.075580e+03  2.297000e-01
  2.021810e+03  0.000000e+00
  1.969440e+03  0.000000e+00
  1.918430e+03  3.445500e-01
  1.868730e+03  1.148500e-01
  1.820330e+03  3.445500e-01
  1.773170e+03  1.148500e-01
  1.727240e+03  4.594000e-01
  1.682500e+03  2.297000e-01
  1.638920e+03  3.445500e-01
  1.596470e+03  3.445500e-01
  1.555110e+03  3.445500e-01
  1.514830e+03  5.742500e-01
  1.475590e+03  3.445500e-01
  1.437370e+03  4.594000e-01
  1.400140e+03  5.742500e-01
  1.363870e+03  3.445500e-01
  1.328540e+03  5.742500e-01
  1.294120e+03  3.445500e-01
  1.260600e+03  9.188000e-01
  1.227950e+03  6.891000e-01
  1.196140e+03  8.039500e-01
  1.165160e+03  5.742500e-01
  1.134980e+03  1.263350e+00
  1.105580e+03  4.594000e-01
  1.076940e+03  1.493050e+00
  1.049040e+03  2.067300e+00
  1.021870e+03  1.722750e+00
  9.953980e+02  1.378200e+00
  9.696140e+02  2.411850e+00
  9.444970e+02  1.493050e+00
  9.200320e+02  1.952450e+00
  8.962000e+02  2.526700e+00
  8.729850e+02  2.871250e+00
  8.503720e+02  2.756400e+00
  8.283450e+02  2.871250e+00
  8.068880e+02  3.215800e+00
  7.859870e+02  4.364300e+00
  7.656270e+02  3.560350e+00
  7.457950e+02  4.479150e+00
  7.264760e+02  4.134600e+00
  7.076580e+02  4.938550e+00
  6.893270e+02  5.283100e+00
  6.714710e+02  7.809800e+00
  6.540780e+02  7.580100e+00
  6.371350e+02  9.877100e+00
  6.206310e+02  8.728600e+00
  6.045550e+02  9.302850e+00
  5.888950e+02  1.286320e+01
  5.736410e+02  1.240380e+01
  5.587810e+02  1.309290e+01
  5.443070e+02  1.584930e+01
  5.302080e+02  1.481565e+01
  5.164740e+02  1.630870e+01
  5.030950e+02  2.365910e+01
  4.900630e+02  2.480760e+01
  4.773690e+02  2.503730e+01
  4.650040e+02  2.779370e+01
  4.529580e+02  3.158375e+01
  4.412250e+02  3.250255e+01
  4.297960e+02  3.801535e+01
  4.186630e+02  4.203510e+01
  4.078180e+02  4.708850e+01
  3.972540e+02  4.456180e+01
  3.869640e+02  5.627650e+01
  3.769400e+02  6.374175e+01
  3.671770e+02  7.051790e+01
  3.576650e+02  7.752365e+01
  3.484010e+02  8.407035e+01
  3.393760e+02  9.716260e+01
  3.305850e+02  1.124385e+02
  3.220220e+02  1.123230e+02
  3.136800e+02  1.298945e+02
  3.055550e+02  1.417235e+02
  2.976400e+02  1.664150e+02
  2.899300e+02  1.713565e+02
  2.824200e+02  1.930625e+02
  2.751040e+02  2.147690e+02
  2.679780e+02  2.373925e+02
  2.610370e+02  2.644975e+02
  2.542750e+02  2.840235e+02
  2.476890e+02  3.133085e+02
  2.412730e+02  3.502905e+02
  2.350230e+02  3.963460e+02
  2.289350e+02  4.357385e+02
  2.230050e+02  4.829420e+02
  2.172280e+02  5.374950e+02
  2.116010e+02  5.890630e+02
  2.061200e+02  6.564790e+02
  2.007810e+02  6.967920e+02
  1.955800e+02  7.783335e+02
  1.905140e+02  8.605675e+02
  1.855790e+02  9.550910e+02
  1.807720e+02  1.067410e+03
  1.760890e+02  1.179270e+03
  1.715280e+02  1.318695e+03
  1.670850e+02  1.391630e+03
  1.627570e+02  1.562880e+03
  1.585410e+02  1.688735e+03
  1.544340e+02  1.820825e+03
  1.504340e+02  2.004135e+03
  1.465370e+02  2.170200e+03
  1.427410e+02  2.363595e+03
  1.390440e+02  2.540810e+03
  1.354420e+02  2.726185e+03
  1.319340e+02  2.982175e+03
  1.285160e+02  3.157900e+03
  1.251870e+02  3.409875e+03
  1.219440e+02  3.652225e+03
  1.187850e+02  3.922560e+03
  1.157090e+02  4.181775e+03
  1.127110e+02  4.488080e+03
  1.097920e+02  4.851695e+03
  1.069480e+02  5.171440e+03
  1.041770e+02  5.447655e+03
  1.014790e+02  5.845155e+03
  9.885030e+01  6.261470e+03
  9.628970e+01  6.690205e+03
  9.379550e+01  7.049240e+03
  9.136590e+01  7.565370e+03
  8.899920e+01  8.014650e+03
  8.669380e+01  8.464180e+03
  8.444820e+01  9.047506e+03
  8.226070e+01  9.567984e+03
  8.012980e+01  1.019795e+04
  7.805420e+01  1.076000e+04
  7.603240e+01  1.136620e+04
  7.406290e+01  1.200415e+04
  7.214440e+01  1.274555e+04
  7.027560e+01  1.338575e+04
  6.845520e+01  1.413380e+04
  6.668200e+01  1.481100e+04
  6.495470e+01  1.553840e+04
  6.327220e+01  1.618150e+04
  6.163320e+01  1.676480e+04
  6.003670e+01  1.713110e+04
  5.848160e+01  1.749320e+04
  5.696670e+01  1.789025e+04
  5.549110e+01  1.831675e+04
  5.405370e+01  1.888310e+04
  5.265350e+01  1.951485e+04
  5.128960e+01  2.014540e+04
  4.996100e+01  2.091785e+04
  4.866690e+01  2.170445e+04
  4.740620e+01  2.240855e+04
  4.617830e+01  2.316365e+04
  4.498210e+01  2.362880e+04
  4.381690e+01  2.383360e+04
  4.268190e+01  2.375910e+04
  4.157630e+01  2.365285e+04
  4.049930e+01  2.359530e+04
  3.945030e+01  2.345770e+04
  3.842840e+01  2.340735e+04
  3.743290e+01  2.308845e+04
  3.646330e+01  2.281535e+04
  3.551880e+01  2.258215e+04
  3.459870e+01  2.246620e+04
  3.370250e+01  2.230550e+04
  3.282950e+01  2.219320e+04
  3.197910e+01  2.207210e+04
  3.115070e+01  2.201295e+04
  3.034380e+01  2.182430e+04
  2.955780e+01  2.169720e+04
  2.879220e+01  2.165735e+04
  2.804640e+01  2.154670e+04
  2.731990e+01  2.134385e+04
  2.661220e+01  2.130475e+04
  2.592290e+01  2.116170e+04
  2.525140e+01  2.105535e+04
  2.459730e+01  2.081465e+04
  2.396010e+01  2.065810e+04
  2.333950e+01  2.048750e+04
  2.273490e+01  2.036375e+04
  2.214600e+01  2.010385e+04
  2.157230e+01  1.975860e+04
  2.101350e+01  1.953455e+04
  2.046920e+01  1.925965e+04
  1.993900e+01  1.887650e+04
  1.942250e+01  1.851905e+04
  1.891940e+01  1.822625e+04
  1.842930e+01  1.775600e+04
  1.795200e+01  1.739105e+04
  1.748690e+01  1.711950e+04
  1.703400e+01  1.688185e+04
  1.659270e+01  1.653505e+04
  1.616290e+01  1.639945e+04
  1.574430e+01  1.605605e+04
  1.533640e+01  1.588570e+04
  1.493920e+01  1.574865e+04
  1.455220e+01  1.547605e+04
  1.417520e+01  1.525760e+04
  1.380800e+01  1.484045e+04
  1.345040e+01  1.446350e+04
  1.310200e+01  1.387040e+04
  1.276260e+01  1.320420e+04
  1.243200e+01  1.257905e+04
  1.211000e+01  1.189050e+04
  1.179630e+01  1.115660e+04
  1.149070e+01  1.042695e+04
  1.119310e+01  9.980061e+03
  1.090310e+01  9.732895e+03
  1.062070e+01  9.343465e+03
  1.034560e+01  8.963885e+03
  1.007760e+01  8.538145e+03
  9.816600e+00  8.068510e+03
  9.562300e+00  7.546645e+03
  9.314600e+00  7.751990e+03
  9.073300e+00  8.470150e+03
  8.838300e+00  9.234695e+03
  8.609300e+00  1.026820e+04
  8.386300e+00  1.124735e+04
  8.169100e+00  1.218085e+04
  7.957500e+00  1.321875e+04
  7.751400e+00  1.358850e+04
  7.550600e+00  1.414310e+04
  7.355000e+00  1.412050e+04
  7.164500e+00  1.383670e+04
  6.978900e+00  1.380325e+04
  6.798100e+00  1.351475e+04
  6.622000e+00  1.334695e+04
  6.450500e+00  1.299850e+04
  6.283400e+00  1.275455e+04
  6.120600e+00  1.238855e+04
  5.962100e+00  1.200510e+04
  5.807600e+00  1.196405e+04
  5.657200e+00  1.175330e+04
  5.510700e+00  1.157205e+04
  5.367900e+00  1.140070e+04
  5.228900e+00  1.103815e+04
  5.093400e+00  1.066780e+04
  4.961500e+00  1.015600e+04
  4.833000e+00  9.803775e+03
  4.707800e+00  9.661480e+03
  4.585800e+00  8.795635e+03
  4.467100e+00  8.253540e+03
  4.351300e+00  7.975605e+03
  4.238600e+00  7.594190e+03
  4.128800e+00  7.158560e+03
  4.021900e+00  7.637255e+03
  3.917700e+00  6.523675e+03
  3.816200e+00  5.566410e+03
  3.717400e+00  5.114590e+03
  3.621100e+00  4.694125e+03
  3.527300e+00  4.214060e+03
  3.435900e+00  3.700450e+03
  3.346900e+00  3.132410e+03
  3.260200e+00  2.438940e+03
  3.175800e+00  1.679890e+03
  3.093500e+00  1.060865e+03
  3.013400e+00  7.878670e+02
  2.935300e+00  8.730865e+02
  2.859300e+00  1.053295e+03
  2.785200e+00  1.292515e+03
  2.713100e+00  1.571610e+03
  2.642800e+00  1.507635e+03
  2.574300e+00  1.345340e+03
  2.507600e+00  1.144700e+03
  2.442700e+00  1.051100e+03
  2.379400e+00  9.610585e+02
  2.317800e+00  8.386295e+02
  2.257700e+00  7.290645e+02
  2.199300e+00  6.733630e+02
  2.142300e+00  5.928525e+02
  2.086800e+00  5.428940e+02
  2.032700e+00  4.936240e+02
  1.980100e+00  5.201540e+02
  1.928800e+00  4.183960e+02
  1.878800e+00  3.355885e+02
  1.830200e+00  3.880770e+02
  1.782800e+00  6.475215e+02
  1.736600e+00  3.838270e+02
  1.691600e+00  2.809215e+02
  1.647800e+00  2.390000e+02
  1.605100e+00  2.187875e+02
  1.563500e+00  1.962785e+02
  1.523000e+00  1.903065e+02
  1.483600e+00  1.735370e+02
  1.445100e+00  1.656135e+02
  1.407700e+00  1.433335e+02
  1.371200e+00  1.319620e+02
  1.335700e+00  1.331110e+02
  1.301100e+00  1.085330e+02
  1.267400e+00  9.176505e+01
  1.234600e+00  1.009525e+02
  1.202600e+00  1.035945e+02
  1.171500e+00  9.371645e+01
  1.141100e+00  1.041690e+02
  1.111600e+00  6.959911e+01
  1.082800e+00  6.603885e+01
  1.054700e+00  8.728585e+01
  1.027400e+00  6.661300e+01
  1.000800e+00  4.881125e+01
  9.749000e-01  6.868030e+01
  9.496000e-01  4.777760e+01
  9.250000e-01  5.007460e+01
  9.010000e-01  5.202705e+01
  8.777000e-01  5.524285e+01
  8.550000e-01  5.145280e+01
  8.328000e-01  5.501315e+01
  8.113000e-01  5.374980e+01
  7.902000e-01  6.029625e+01
  7.698000e-01  5.673590e+01
  7.498000e-01  6.259325e+01
  7.304000e-01  5.696560e+01
  7.115000e-01  6.178930e+01
  6.931000e-01  1.262200e+02
  6.751000e-01  9.328085e+02
  6.576000e-01  8.578100e+02
  6.406000e-01  2.524160e+03
  6.240000e-01  6.645190e+02
  6.078000e-01  7.488225e+01
  5.921000e-01  7.499705e+01
  5.767000e-01  7.419320e+01
  5.618000e-01  7.419286e+01
  5.472000e-01  7.086245e+01
  5.331000e-01  8.165820e+01
  5.193000e-01  7.798325e+01
  5.058000e-01  8.211740e+01
  4.927000e-01  1.507975e+02
  4.799000e-01  1.652680e+02
  4.675000e-01  1.103705e+02
  4.554000e-01  7.970610e+01
  4.436000e-01  1.628565e+02
  4.321000e-01  1.540140e+02
  4.209000e-01  1.449400e+02
  4.100000e-01  9.612970e+01
  3.994000e-01  1.815775e+02
  3.891000e-01  3.383470e+02
  3.790000e-01  3.032035e+02
  3.692000e-01  7.384855e+01
  3.596000e-01  5.627650e+01
  3.503000e-01  5.903265e+01
  3.412000e-01  5.926260e+01
  3.324000e-01  6.557935e+01
  3.238000e-01  6.305265e+01
  3.154000e-01  5.926260e+01
  3.072000e-01  7.488220e+01
  2.992000e-01  9.785190e+01
  2.915000e-01  1.297810e+02
  2.839000e-01  1.351785e+02
  2.766000e-01  7.522675e+01
  2.694000e-01  1.824970e+02
  2.624000e-01  3.831370e+02
  2.556000e-01  4.306850e+02
  2.490000e-01  2.020210e+02
  2.426000e-01  1.066950e+02
  2.363000e-01  1.657280e+02
  2.302000e-01  1.151950e+02
  2.242000e-01  7.660485e+01
  2.184000e-01  7.212580e+01
  2.127000e-01  6.845060e+01
  2.072000e-01  6.397145e+01
  2.019000e-01  6.661300e+01
  1.966000e-01  7.488220e+01
  1.915000e-01  1.030208e+02
  1.866000e-01  1.002641e+02
  1.817000e-01  5.547255e+01
  1.770000e-01  3.813020e+01
  1.725000e-01  5.145280e+01
  1.680000e-01  7.430795e+01
  1.636000e-01  8.636730e+01
  1.594000e-01  8.315120e+01
  1.553000e-01  8.992750e+01
  1.512000e-01  9.808150e+01
  1.473000e-01  9.107590e+01
  1.435000e-01  1.118635e+02
  1.398000e-01  9.406184e+01
  1.362000e-01  9.268330e+01
  1.326000e-01  9.084585e+01
  1.292000e-01  9.360285e+01
  1.259000e-01  8.981230e+01
  1.226000e-01  1.063500e+02
  1.194000e-01  1.162275e+02
  1.163000e-01  1.039400e+02
  1.133000e-01  1.038245e+02
  1.104000e-01  1.119790e+02
  1.075000e-01  1.019865e+02
  1.047000e-01  1.026760e+02
  1.020000e-01  1.055475e+02
  9.940000e-02  1.234635e+02
  9.680000e-02  1.168020e+02
  9.430000e-02  1.209355e+02
  9.190000e-02  1.157680e+02
  8.950000e-02  1.117485e+02
  8.720000e-02  1.099110e+02
  8.490000e-02  9.991980e+01
  8.270000e-02  1.046275e+02
  8.060000e-02  9.727855e+01
  7.850000e-02  1.049720e+02
  7.640000e-02  1.030205e+02
  7.450000e-02  1.046280e+02
  7.250000e-02  1.004935e+02
  7.070000e-02  9.176450e+01
  6.880000e-02  9.360236e+01
  6.700000e-02  9.325865e+01
  6.530000e-02  8.188765e+01
  6.360000e-02  8.142840e+01
  6.200000e-02  8.108411e+01
  6.040000e-02  7.350400e+01
  5.880000e-02  7.373375e+01
  5.730000e-02  6.420115e+01
  5.580000e-02  5.765470e+01
  5.430000e-02  5.742500e+01
  5.290000e-02  5.064885e+01
  5.160000e-02  4.777760e+01
  5.020000e-02  4.123115e+01
  4.890000e-02  3.950840e+01
  4.770000e-02  3.365105e+01
  4.640000e-02  3.399560e+01
  4.520000e-02  2.894220e+01
  4.410000e-02  3.089465e+01
  4.290000e-02  2.365910e+01
  4.180000e-02  2.342940e+01
  4.070000e-02  1.745720e+01
  3.970000e-02  1.734235e+01
  3.860000e-02  1.527505e+01
  3.760000e-02  1.205925e+01
  3.670000e-02  1.205925e+01
  3.570000e-02  1.056620e+01
  3.480000e-02  9.188000e+00
  3.390000e-02  7.694950e+00
  3.300000e-02  6.431600e+00
  3.220000e-02  4.938550e+00
  3.130000e-02  4.249450e+00
  3.050000e-02  3.445500e+00
  2.970000e-02  3.100950e+00
  2.890000e-02  2.641550e+00
  2.820000e-02  2.986100e+00
  2.750000e-02  1.378200e+00
  2.680000e-02  1.148500e+00
  2.610000e-02  1.263350e+00
  2.540000e-02  1.837600e+00
  2.470000e-02  4.594000e-01
  2.410000e-02  5.742500e-01
  2.350000e-02  2.297000e-01
  2.290000e-02  6.891000e-01
  2.230000e-02  6.891000e-01
  2.170000e-02  2.297000e-01
  2.110000e-02  8.039500e-01
  2.060000e-02  5.742500e-01
  2.000000e-02  2.297000e-01
  1.950000e-02  3.445500e-01
  1.900000e-02  2.297000e-01
  1.850000e-02  5.742500e-01
  1.800000e-02  1.148500e-01
  1.760000e-02  3.445500e-01
  1.710000e-02  0.000000e+00
  1.670000e-02  2.297000e-01
  1.630000e-02  4.594000e-01
  1.580000e-02  2.297000e-01
  1.540000e-02  2.297000e-01
  1.500000e-02  1.148500e-01
  1.460000e-02  2.297000e-01
  1.430000e-02  3.445500e-01
  1.390000e-02  3.445500e-01
  1.350000e-02  1.148500e-01
  1.320000e-02  2.297000e-01
  1.280000e-02  4.594000e-01
  1.250000e-02  2.297000e-01
  1.220000e-02  3.445500e-01
  1.190000e-02  3.445500e-01
  1.160000e-02  0.000000e+00
  1.130000e-02  2.411850e+00
  1.100000e-02  6.925455e+01
  1.070000e-02  7.557130e+01
  1.040000e-02  6.764665e+01
  1.010000e-02  5.741315e+02
