  4.934820e+03  1.354100e-01
  4.806990e+03  0.000000e+00
  4.682470e+03  0.000000e+00
  4.561180e+03  0.000000e+00
  4.443030e+03  0.000000e+00
  4.327940e+03  0.000000e+00
  4.215830e+03  0.000000e+00
  4.106630e+03  0.000000e+00
  4.000250e+03  0.000000e+00
  3.896630e+03  0.000000e+00
  3.795700e+03  0.000000e+00
  3.697380e+03  0.000000e+00
  3.601600e+03  2.708200e-01
  3.508310e+03  0.000000e+00
  3.417430e+03  1.354100e-01
  3.328910e+03  2.708200e-01
  3.242680e+03  0.000000e+00
  3.158680e+03  1.354100e-01
  3.076860e+03  0.000000e+00
  2.997160e+03  0.000000e+00
  2.919530e+03  0.000000e+00
  2.843900e+03  0.000000e+00
  2.770230e+03  0.000000e+00
  2.698480e+03  0.000000e+00
  2.628580e+03  1.354100e-01
  2.560490e+03  1.354100e-01
  2.494160e+03  0.000000e+00
  2.429550e+03  0.000000e+00
  2.366620e+03  0.000000e+00
  2.305320e+03  1.354100e-01
  2.245600e+03  1.354100e-01
  2.187430e+03  0.000000e+00
  2.130770e+03  1.354100e-01
  2.075580e+03  0.000000e+00
  2.021810e+03  0.000000e+00
  1.969440e+03  1.354100e-01
  1.918430e+03  0.000000e+00
  1.868730e+03  4.062300e-01
  1.820330e+03  1.354100e-01
  1.773170e+03  1.354100e-01
  1.727240e+03  1.354100e-01
  1.682500e+03  1.354100e-01
  1.638920e+03  4.062300e-01
  1.596470e+03  2.708200e-01
  1.555110e+03  6.770500e-01
  1.514830e+03  2.708200e-01
  1.475590e+03  5.416400e-01
  1.437370e+03  6.770500e-01
  1.400140e+03  9.478700e-01
  1.363870e+03  2.708200e-01
  1.328540e+03  9.478700e-01
  1.294120e+03  5.416400e-01
  1.260600e+03  5.416400e-01
  1.227950e+03  4.062300e-01
  1.196140e+03  1.218690e+00
  1.165160e+03  5.416400e-01
  1.134980e+03  9.478700e-01
  1.105580e+03  1.083280e+00
  1.076940e+03  1.354100e+00
  1.049040e+03  1.624920e+00
  1.021870e+03  1.218690e+00
  9.953980e+02  1.624920e+00
  9.696140e+02  1.083280e+00
  9.444970e+02  1.083280e+00
  9.200320e+02  1.624920e+00
  8.962000e+02  2.166560e+00
  8.729850e+02  2.301970e+00
  8.503720e+02  3.656100e+00
  8.283450e+02  3.656070e+00
  8.068880e+02  3.791480e+00
  7.859870e+02  4.333120e+00
  7.656270e+02  4.062300e+00
  7.457950e+02  4.739340e+00
  7.264760e+02  4.739370e+00
  7.076580e+02  6.093460e+00
  6.893270e+02  6.093480e+00
  6.714710e+02  7.447570e+00
  6.540780e+02  7.989220e+00
  6.371350e+02  1.029116e+01
  6.206310e+02  1.015570e+01
  6.045550e+02  1.421810e+01
  5.888950e+02  1.164530e+01
  5.736410e+02  1.557215e+01
  5.587810e+02  1.814500e+01
  5.443070e+02  2.071770e+01
  5.302080e+02  1.868655e+01
  5.164740e+02  2.491545e+01
  5.030950e+02  2.329050e+01
  4.900630e+02  2.545720e+01
  4.773690e+02  3.033180e+01
  4.650040e+02  3.480040e+01
  4.529580e+02  4.427895e+01
  4.412250e+02  4.387285e+01
  4.297960e+02  4.752890e+01
  4.186630e+02  5.308085e+01
  4.078180e+02  6.364290e+01
  3.972540e+02  6.621565e+01
  3.869640e+02  7.339225e+01
  3.769400e+02  8.625610e+01
  3.671770e+02  9.424530e+01
  3.576650e+02  1.071091e+02
  3.484010e+02  1.145565e+02
  3.393760e+02  1.306710e+02
  3.305850e+02  1.470555e+02
  3.220220e+02  1.637120e+02
  3.136800e+02  1.821275e+02
  3.055550e+02  2.100220e+02
  2.976400e+02  2.293835e+02
  2.899300e+02  2.498320e+02
  2.824200e+02  2.854445e+02
  2.751040e+02  3.165900e+02
  2.679780e+02  3.628985e+02
  2.610370e+02  3.947200e+02
  2.542750e+02  4.346660e+02
  2.476890e+02  4.919455e+02
  2.412730e+02  5.490885e+02
  2.350230e+02  6.031170e+02
  2.289350e+02  6.763745e+02
  2.230050e+02  7.360900e+02
  2.172280e+02  8.402210e+02
  2.116010e+02  9.482755e+02
  2.061200e+02  1.021670e+03
  2.007810e+02  1.169545e+03
  1.955800e+02  1.259715e+03
  1.905140e+02  1.404470e+03
  1.855790e+02  1.584850e+03
  1.807720e+02  1.798515e+03
  1.760890e+02  1.959245e+03
  1.715280e+02  2.161555e+03
  1.670850e+02  2.378350e+03
  1.627570e+02  2.683970e+03
  1.585410e+02  2.928650e+03
  1.544340e+02  3.195550e+03
  1.504340e+02  3.567245e+03
  1.465370e+02  3.850660e+03
  1.427410e+02  4.226965e+03
  1.390440e+02  4.551680e+03
  1.354420e+02  4.980940e+03
  1.319340e+02  5.412210e+03
  1.285160e+02  5.860825e+03
  1.251870e+02  6.317560e+03
  1.219440e+02  6.918110e+03
  1.187850e+02  7.493610e+03
  1.157090e+02  8.040655e+03
  1.127110e+02  8.732475e+03
  1.097920e+02  9.338846e+03
  1.069480e+02  1.017905e+04
  1.041770e+02  1.104285e+04
  1.014790e+02  1.183840e+04
  9.885030e+01  1.271105e+04
  9.628970e+01  1.367620e+04
  9.379550e+01  1.467545e+04
  9.136590e+01  1.577015e+04
  8.899920e+01  1.688935e+04
  8.669380e+01  1.810525e+04
  8.444820e+01  1.939865e+04
  8.226070e+01  2.077780e+04
  8.012980e+01  2.246570e+04
  7.805420e+01  2.390735e+04
  7.603240e+01  2.553290e+04
  7.406290e+01  2.718005e+04
  7.214440e+01  2.894655e+04
  7.027560e+01  3.071540e+04
  6.845520e+01  3.262100e+04
  6.668200e+01  3.463660e+04
  6.495470e+01  3.632075e+04
  6.327220e+01  3.820435e+04
  6.163320e+01  3.973710e+04
  6.003670e+01  4.122845e+04
  5.848160e+01  4.241700e+04
  5.696670e+01  4.354930e+04
  5.549110e+01  4.494300e+04
  5.405370e+01  4.660765e+04
  5.265350e+01  4.835690e+04
  5.128960e+01  5.032050e+04
  4.996100e+01  5.223600e+04
  4.866690e+01  5.444130e+04
  4.740620e+01  5.665945e+04
  4.617830e+01  5.864375e+04
  4.498210e+01  6.013740e+04
  4.381690e+01  6.100775e+04
  4.268190e+01  6.162610e+04
  4.157630e+01  6.198340e+04
  4.049930e+01  6.214085e+04
  3.945030e+01  6.261220e+04
  3.842840e+01  6.260335e+04
  3.743290e+01  6.259345e+04
  3.646330e+01  6.236875e+04
  3.551880e+01  6.241795e+04
  3.459870e+01  6.270650e+04
  3.370250e+01  6.270810e+04
  3.282950e+01  6.312975e+04
  3.197910e+01  6.338080e+04
  3.115070e+01  6.385155e+04
  3.034380e+01  6.420455e+04
  2.955780e+01  6.449615e+04
  2.879220e+01  6.487095e+04
  2.804640e+01  6.541200e+04
  2.731990e+01  6.599959e+04
  2.661220e+01  6.650050e+04
  2.592290e+01  6.724430e+04
  2.525140e+01  6.780930e+04
  2.459730e+01  6.829355e+04
  2.396010e+01  6.880950e+04
  2.333950e+01  6.940800e+04
  2.273490e+01  7.037400e+04
  2.214600e+01  7.081475e+04
  2.157230e+01  7.163570e+04
  2.101350e+01  7.252370e+04
  2.046920e+01  7.327430e+04
  1.993900e+01  7.377145e+04
  1.942250e+01  7.453620e+04
  1.891940e+01  7.470490e+04
  1.842930e+01  7.507655e+04
  1.795200e+01  7.492720e+04
  1.748690e+01  7.469865e+04
  1.703400e+01  7.416185e+04
  1.659270e+01  7.312685e+04
  1.616290e+01  7.230660e+04
  1.574430e+01  7.137835e+04
  1.533640e+01  7.040880e+04
  1.493920e+01  6.967975e+04
  1.455220e+01  6.926795e+04
  1.417520e+01  6.948866e+04
  1.380800e+01  7.020220e+04
  1.345040e+01  7.170385e+04
  1.310200e+01  7.355410e+04
  1.276260e+01  7.575084e+04
  1.243200e+01  7.819330e+04
  1.211000e+01  8.048420e+04
  1.179630e+01  8.307800e+04
  1.149070e+01  8.575170e+04
  1.119310e+01  8.817125e+04
  1.090310e+01  9.028475e+04
  1.062070e+01  9.231295e+04
  1.034560e+01  9.469609e+04
  1.007760e+01  9.688150e+04
  9.816600e+00  9.860059e+04
  9.562300e+00  9.921215e+04
  9.314600e+00  9.779580e+04
  9.073300e+00  9.436605e+04
  8.838300e+00  8.927655e+04
  8.609300e+00  8.397010e+04
  8.386300e+00  7.874145e+04
  8.169100e+00  7.377240e+04
  7.957500e+00  6.956745e+04
  7.751400e+00  6.592059e+04
  7.550600e+00  6.405760e+04
  7.355000e+00  6.315110e+04
  7.164500e+00  6.259850e+04
  6.978900e+00  6.244690e+04
  6.798100e+00  6.235980e+04
  6.622000e+00  6.260705e+04
  6.450500e+00  6.295590e+04
  6.283400e+00  6.350855e+04
  6.120600e+00  6.362045e+04
  5.962100e+00  6.374680e+04
  5.807600e+00  6.393230e+04
  5.657200e+00  6.408540e+04
  5.510700e+00  6.443605e+04
  5.367900e+00  6.574725e+04
  5.228900e+00  6.612725e+04
  5.093400e+00  6.586785e+04
  4.961500e+00  6.626150e+04
  4.833000e+00  6.913491e+04
  4.707800e+00  7.321430e+04
  4.585800e+00  6.985695e+04
  4.467100e+00  6.943230e+04
  4.351300e+00  7.075425e+04
  4.238600e+00  7.209375e+04
  4.128800e+00  7.249030e+04
  4.021900e+00  8.767320e+04
  3.917700e+00  7.590350e+04
  3.816200e+00  6.878145e+04
  3.717400e+00  6.848416e+04
  3.621100e+00  6.852975e+04
  3.527300e+00  6.852259e+04
  3.435900e+00  6.837975e+04
  3.346900e+00  6.810470e+04
  3.260200e+00  6.792691e+04
  3.175800e+00  6.794225e+04
  3.093500e+00  6.704350e+04
  3.013400e+00  6.688360e+04
  2.935300e+00  6.693775e+04
  2.859300e+00  6.687235e+04
  2.785200e+00  6.722245e+04
  2.713100e+00  6.716484e+04
  2.642800e+00  6.628716e+04
  2.574300e+00  6.741475e+04
  2.507600e+00  6.601166e+04
  2.442700e+00  6.727970e+04
  2.379400e+00  6.685320e+04
  2.317800e+00  6.513685e+04
  2.257700e+00  6.309300e+04
  2.199300e+00  6.546700e+04
  2.142300e+00  6.208830e+04
  2.086800e+00  6.064165e+04
  2.032700e+00  6.103275e+04
  1.980100e+00  6.686910e+04
  1.928800e+00  5.632045e+04
  1.878800e+00  5.163425e+04
  1.830200e+00  6.432640e+04
  1.782800e+00  1.104970e+05
  1.736600e+00  6.966435e+04
  1.691600e+00  5.595045e+04
  1.647800e+00  5.017170e+04
  1.605100e+00  4.829800e+04
  1.563500e+00  4.666085e+04
  1.523000e+00  4.513610e+04
  1.483600e+00  4.399090e+04
  1.445100e+00  4.185990e+04
  1.407700e+00  4.012360e+04
  1.371200e+00  3.760870e+04
  1.335700e+00  3.817370e+04
  1.301100e+00  3.320635e+04
  1.267400e+00  2.749220e+04
  1.234600e+00  3.398725e+04
  1.202600e+00  3.498165e+04
  1.171500e+00  3.294610e+04
  1.141100e+00  3.648275e+04
  1.111600e+00  2.593980e+04
  1.082800e+00  2.281820e+04
  1.054700e+00  3.513205e+04
  1.027400e+00  2.671165e+04
  1.000800e+00  1.990990e+04
  9.749000e-01  2.790285e+04
  9.496000e-01  2.114185e+04
  9.250000e-01  2.036675e+04
  9.010000e-01  2.333135e+04
  8.777000e-01  2.462235e+04
  8.550000e-01  2.474620e+04
  8.328000e-01  2.567495e+04
  8.113000e-01  2.774605e+04
  7.902000e-01  2.901450e+04
  7.698000e-01  2.916655e+04
  7.498000e-01  3.193800e+04
  7.304000e-01  3.214540e+04
  7.115000e-01  3.275830e+04
  6.931000e-01  5.767110e+04
  6.751000e-01  4.382825e+05
  6.576000e-01  3.469430e+05
  6.406000e-01  1.069565e+06
  6.240000e-01  2.865625e+05
  6.078000e-01  4.653550e+04
  5.921000e-01  4.385485e+04
  5.767000e-01  4.474115e+04
  5.618000e-01  4.612960e+04
  5.472000e-01  4.616630e+04
  5.331000e-01  5.484560e+04
  5.193000e-01  5.130155e+04
  5.058000e-01  5.488270e+04
  4.927000e-01  9.685205e+04
  4.799000e-01  1.090785e+05
  4.675000e-01  6.908441e+04
  4.554000e-01  5.815315e+04
  4.436000e-01  1.145210e+05
  4.321000e-01  1.072660e+05
  4.209000e-01  1.035440e+05
  4.100000e-01  6.866720e+04
  3.994000e-01  1.273455e+05
  3.891000e-01  2.207095e+05
  3.790000e-01  2.029970e+05
  3.692000e-01  4.970990e+04
  3.596000e-01  3.977275e+04
  3.503000e-01  4.048135e+04
  3.412000e-01  3.903535e+04
  3.324000e-01  4.352045e+04
  3.238000e-01  3.940985e+04
  3.154000e-01  3.773860e+04
  3.072000e-01  4.988345e+04
  2.992000e-01  6.956409e+04
  2.915000e-01  8.939570e+04
  2.839000e-01  1.002345e+05
  2.766000e-01  5.528930e+04
  2.694000e-01  1.382110e+05
  2.624000e-01  3.123165e+05
  2.556000e-01  3.608260e+05
  2.490000e-01  1.331940e+05
  2.426000e-01  1.153020e+05
  2.363000e-01  1.376515e+05
  2.302000e-01  9.380390e+04
  2.242000e-01  6.297030e+04
  2.184000e-01  5.883500e+04
  2.127000e-01  6.073420e+04
  2.072000e-01  5.940035e+04
  2.019000e-01  6.208995e+04
  1.966000e-01  7.027755e+04
  1.915000e-01  1.444620e+05
  1.866000e-01  1.676005e+05
  1.817000e-01  9.930220e+04
  1.770000e-01  7.930570e+04
  1.725000e-01  8.618035e+04
  1.680000e-01  9.101645e+04
  1.636000e-01  8.804741e+04
  1.594000e-01  9.030855e+04
  1.553000e-01  9.509095e+04
  1.512000e-01  9.995730e+04
  1.473000e-01  1.029010e+05
  1.435000e-01  1.356270e+05
  1.398000e-01  1.162805e+05
  1.362000e-01  1.124200e+05
  1.326000e-01  1.168620e+05
  1.292000e-01  1.131185e+05
  1.259000e-01  1.189095e+05
  1.226000e-01  1.818550e+05
  1.194000e-01  1.401570e+05
  1.163000e-01  1.221560e+05
  1.133000e-01  1.237220e+05
  1.104000e-01  1.249300e+05
  1.075000e-01  1.221685e+05
  1.047000e-01  1.195765e+05
  1.020000e-01  1.201300e+05
  9.940000e-02  1.256410e+05
  9.680000e-02  1.259330e+05
  9.430000e-02  1.264215e+05
  9.190000e-02  1.233095e+05
  8.950000e-02  1.203380e+05
  8.720000e-02  1.174450e+05
  8.490000e-02  1.159075e+05
  8.270000e-02  1.143460e+05
  8.060000e-02  1.129370e+05
  7.850000e-02  1.123045e+05
  7.640000e-02  1.122565e+05
  7.450000e-02  1.116270e+05
  7.250000e-02  1.112210e+05
  7.070000e-02  1.105245e+05
  6.880000e-02  1.088515e+05
  6.700000e-02  1.068785e+05
  6.530000e-02  1.047205e+05
  6.360000e-02  1.026090e+05
  6.200000e-02  9.946080e+04
  6.040000e-02  9.680005e+04
  5.880000e-02  9.298075e+04
  5.730000e-02  8.931309e+04
  5.580000e-02  8.528395e+04
  5.430000e-02  8.125960e+04
  5.290000e-02  7.676390e+04
  5.160000e-02  7.262025e+04
  5.020000e-02  6.779500e+04
  4.890000e-02  6.295215e+04
  4.770000e-02  5.807185e+04
  4.640000e-02  5.302975e+04
  4.520000e-02  4.862330e+04
  4.410000e-02  4.420360e+04
  4.290000e-02  4.007915e+04
  4.180000e-02  3.597615e+04
  4.070000e-02  3.218380e+04
  3.970000e-02  2.870865e+04
  3.860000e-02  2.547460e+04
  3.760000e-02  2.234385e+04
  3.670000e-02  1.963410e+04
  3.570000e-02  1.710905e+04
  3.480000e-02  1.478130e+04
  3.390000e-02  1.266780e+04
  3.300000e-02  1.083735e+04
  3.220000e-02  9.236875e+03
  3.130000e-02  7.757390e+03
  3.050000e-02  6.550605e+03
  2.970000e-02  5.457310e+03
  2.890000e-02  4.495360e+03
  2.820000e-02  3.791760e+03
  2.750000e-02  3.082880e+03
  2.680000e-02  2.557625e+03
  2.610000e-02  2.090190e+03
  2.540000e-02  1.701690e+03
  2.470000e-02  1.387270e+03
  2.410000e-02  1.131625e+03
  2.350000e-02  9.401520e+02
  2.290000e-02  7.945875e+02
  2.230000e-02  6.689275e+02
  2.170000e-02  5.852425e+02
  2.110000e-02  4.701445e+02
  2.060000e-02  4.402195e+02
  2.000000e-02  3.768465e+02
  1.950000e-02  3.410985e+02
  1.900000e-02  3.035905e+02
  1.850000e-02  2.928920e+02
  1.800000e-02  2.744775e+02
  1.760000e-02  2.690600e+02
  1.710000e-02  2.566015e+02
  1.670000e-02  2.433330e+02
  1.630000e-02  2.341240e+02
  1.580000e-02  2.201770e+02
  1.540000e-02  2.101575e+02
  1.500000e-02  2.097505e+02
  1.460000e-02  1.891685e+02
  1.430000e-02  1.916050e+02
  1.390000e-02  1.761690e+02
  1.350000e-02  1.677740e+02
  1.320000e-02  1.596490e+02
  1.280000e-02  1.511180e+02
  1.250000e-02  1.475975e+02
  1.220000e-02  1.397425e+02
  1.190000e-02  1.211920e+02
  1.160000e-02  1.164525e+02
  1.130000e-02  1.085985e+02
  1.100000e-02  1.031825e+02
  1.070000e-02  8.977666e+01
  1.040000e-02  8.016280e+01
  1.010000e-02  6.670320e+02
