  4.934820e+03  0.000000e+00
  4.806990e+03  0.000000e+00
  4.682470e+03  0.000000e+00
  4.561180e+03  0.000000e+00
  4.443030e+03  0.000000e+00
  4.327940e+03  6.141000e-02
  4.215830e+03  0.000000e+00
  4.106630e+03  0.000000e+00
  4.000250e+03  0.000000e+00
  3.896630e+03  0.000000e+00
  3.795700e+03  6.141000e-02
  3.697380e+03  0.000000e+00
  3.601600e+03  0.000000e+00
  3.508310e+03  0.000000e+00
  3.417430e+03  1.228150e-01
  3.328910e+03  0.000000e+00
  3.242680e+03  6.141000e-02
  3.158680e+03  0.000000e+00
  3.076860e+03  6.141000e-02
  2.997160e+03  0.000000e+00
  2.919530e+03  1.228200e-01
  2.843900e+03  6.141000e-02
  2.770230e+03  6.141000e-02
  2.698480e+03  6.141000e-02
  2.628580e+03  0.000000e+00
  2.560490e+03  6.141000e-02
  2.494160e+03  6.141000e-02
  2.429550e+03  6.141000e-02
  2.366620e+03  0.000000e+00
  2.305320e+03  6.141000e-02
  2.245600e+03  1.228200e-01
  2.187430e+03  6.141000e-02
  2.130770e+03  1.842300e-01
  2.075580e+03  6.141000e-02
  2.021810e+03  1.228200e-01
  1.969440e+03  0.000000e+00
  1.918430e+03  1.842300e-01
  1.868730e+03  1.842300e-01
  1.820330e+03  1.228200e-01
  1.773170e+03  1.842300e-01
  1.727240e+03  1.228200e-01
  1.682500e+03  1.228200e-01
  1.638920e+03  1.228200e-01
  1.596470e+03  2.456350e-01
  1.555110e+03  4.298650e-01
  1.514830e+03  7.369050e-01
  1.475590e+03  4.912750e-01
  1.437370e+03  4.298700e-01
  1.400140e+03  6.754950e-01
  1.363870e+03  5.526850e-01
  1.328540e+03  6.140950e-01
  1.294120e+03  5.526850e-01
  1.260600e+03  6.755000e-01
  1.227950e+03  7.369100e-01
  1.196140e+03  4.912750e-01
  1.165160e+03  7.983150e-01
  1.134980e+03  7.369050e-01
  1.105580e+03  1.658040e+00
  1.076940e+03  1.289595e+00
  1.049040e+03  1.166765e+00
  1.021870e+03  1.166770e+00
  9.953980e+02  1.903665e+00
  9.696140e+02  1.658030e+00
  9.444970e+02  1.658025e+00
  9.200320e+02  1.842255e+00
  8.962000e+02  1.412410e+00
  8.729850e+02  2.394930e+00
  8.503720e+02  2.026480e+00
  8.283450e+02  2.947610e+00
  8.068880e+02  3.868715e+00
  7.859870e+02  3.254650e+00
  7.656270e+02  4.237180e+00
  7.457950e+02  3.991555e+00
  7.264760e+02  4.974095e+00
  7.076580e+02  5.219725e+00
  6.893270e+02  5.895250e+00
  6.714710e+02  7.246255e+00
  6.540780e+02  7.062060e+00
  6.371350e+02  9.456964e+00
  6.206310e+02  8.904275e+00
  6.045550e+02  1.129930e+01
  5.888950e+02  1.123780e+01
  5.736410e+02  1.308010e+01
  5.587810e+02  1.443105e+01
  5.443070e+02  1.670315e+01
  5.302080e+02  1.952800e+01
  5.164740e+02  1.872960e+01
  5.030950e+02  1.971205e+01
  4.900630e+02  2.351945e+01
  4.773690e+02  2.775655e+01
  4.650040e+02  3.070415e+01
  4.529580e+02  3.137970e+01
  4.412250e+02  3.727505e+01
  4.297960e+02  4.052965e+01
  4.186630e+02  4.513530e+01
  4.078180e+02  5.189020e+01
  3.972540e+02  5.367110e+01
  3.869640e+02  6.361930e+01
  3.769400e+02  6.724240e+01
  3.671770e+02  7.786630e+01
  3.576650e+02  8.750750e+01
  3.484010e+02  9.358670e+01
  3.393760e+02  1.038425e+02
  3.305850e+02  1.203595e+02
  3.220220e+02  1.288345e+02
  3.136800e+02  1.426520e+02
  3.055550e+02  1.654345e+02
  2.976400e+02  1.759350e+02
  2.899300e+02  1.958935e+02
  2.824200e+02  2.273950e+02
  2.751040e+02  2.447130e+02
  2.679780e+02  2.638720e+02
  2.610370e+02  2.816810e+02
  2.542750e+02  3.268780e+02
  2.476890e+02  3.658725e+02
  2.412730e+02  3.908045e+02
  2.350230e+02  4.437390e+02
  2.289350e+02  4.803385e+02
  2.230050e+02  5.435885e+02
  2.172280e+02  5.902590e+02
  2.116010e+02  6.488435e+02
  2.061200e+02  7.197090e+02
  2.007810e+02  7.894690e+02
  1.955800e+02  8.713870e+02
  1.905140e+02  9.827295e+02
  1.855790e+02  1.069245e+03
  1.807720e+02  1.181865e+03
  1.760890e+02  1.303405e+03
  1.715280e+02  1.432100e+03
  1.670850e+02  1.577720e+03
  1.627570e+02  1.725950e+03
  1.585410e+02  1.860510e+03
  1.544340e+02  2.021575e+03
  1.504340e+02  2.190325e+03
  1.465370e+02  2.394265e+03
  1.427410e+02  2.566140e+03
  1.390440e+02  2.781435e+03
  1.354420e+02  2.995945e+03
  1.319340e+02  3.208910e+03
  1.285160e+02  3.443290e+03
  1.251870e+02  3.694775e+03
  1.219440e+02  3.911975e+03
  1.187850e+02  4.211770e+03
  1.157090e+02  4.499890e+03
  1.127110e+02  4.778075e+03
  1.097920e+02  5.099315e+03
  1.069480e+02  5.400395e+03
  1.041770e+02  5.785245e+03
  1.014790e+02  6.204365e+03
  9.885030e+01  6.558630e+03
  9.628970e+01  6.947890e+03
  9.379550e+01  7.387020e+03
  9.136590e+01  7.827620e+03
  8.899920e+01  8.293725e+03
  8.669380e+01  8.741325e+03
  8.444820e+01  9.211779e+03
  8.226070e+01  9.746766e+03
  8.012980e+01  1.027385e+04
  7.805420e+01  1.082910e+04
  7.603240e+01  1.144380e+04
  7.406290e+01  1.201720e+04
  7.214440e+01  1.263690e+04
  7.027560e+01  1.327215e+04
  6.845520e+01  1.385920e+04
  6.668200e+01  1.452500e+04
  6.495470e+01  1.508010e+04
  6.327220e+01  1.555375e+04
  6.163320e+01  1.597080e+04
  6.003670e+01  1.636060e+04
  5.848160e+01  1.666445e+04
  5.696670e+01  1.691255e+04
  5.549110e+01  1.704260e+04
  5.405370e+01  1.755590e+04
  5.265350e+01  1.798035e+04
  5.128960e+01  1.842310e+04
  4.996100e+01  1.893850e+04
  4.866690e+01  1.944685e+04
  4.740620e+01  1.989855e+04
  4.617830e+01  2.028620e+04
  4.498210e+01  2.043670e+04
  4.381690e+01  2.048145e+04
  4.268190e+01  2.033980e+04
  4.157630e+01  2.008905e+04
  4.049930e+01  1.990205e+04
  3.945030e+01  1.956605e+04
  3.842840e+01  1.939435e+04
  3.743290e+01  1.906880e+04
  3.646330e+01  1.870330e+04
  3.551880e+01  1.851130e+04
  3.459870e+01  1.818785e+04
  3.370250e+01  1.797750e+04
  3.282950e+01  1.769250e+04
  3.197910e+01  1.756235e+04
  3.115070e+01  1.733425e+04
  3.034380e+01  1.699475e+04
  2.955780e+01  1.679640e+04
  2.879220e+01  1.648755e+04
  2.804640e+01  1.626760e+04
  2.731990e+01  1.602265e+04
  2.661220e+01  1.572280e+04
  2.592290e+01  1.543160e+04
  2.525140e+01  1.513725e+04
  2.459730e+01  1.479155e+04
  2.396010e+01  1.438835e+04
  2.333950e+01  1.404700e+04
  2.273490e+01  1.365850e+04
  2.214600e+01  1.314655e+04
  2.157230e+01  1.270575e+04
  2.101350e+01  1.220210e+04
  2.046920e+01  1.171450e+04
  1.993900e+01  1.118245e+04
  1.942250e+01  1.064225e+04
  1.891940e+01  1.017870e+04
  1.842930e+01  9.886165e+03
  1.795200e+01  9.559971e+03
  1.748690e+01  9.435615e+03
  1.703400e+01  9.279145e+03
  1.659270e+01  9.220016e+03
  1.616290e+01  9.221120e+03
  1.574430e+01  9.168965e+03
  1.533640e+01  9.122180e+03
  1.493920e+01  9.053100e+03
  1.455220e+01  8.883061e+03
  1.417520e+01  8.512205e+03
  1.380800e+01  7.980615e+03
  1.345040e+01  7.294970e+03
  1.310200e+01  6.444530e+03
  1.276260e+01  5.609480e+03
  1.243200e+01  4.809760e+03
  1.211000e+01  4.074765e+03
  1.179630e+01  3.393695e+03
  1.149070e+01  2.826460e+03
  1.119310e+01  2.478950e+03
  1.090310e+01  2.178955e+03
  1.062070e+01  1.926015e+03
  1.034560e+01  1.702435e+03
  1.007760e+01  1.468710e+03
  9.816600e+00  1.264535e+03
  9.562300e+00  1.081230e+03
  9.314600e+00  1.118430e+03
  9.073300e+00  1.369335e+03
  8.838300e+00  1.682785e+03
  8.609300e+00  2.117550e+03
  8.386300e+00  2.667905e+03
  8.169100e+00  3.273500e+03
  7.957500e+00  3.959385e+03
  7.751400e+00  4.276315e+03
  7.550600e+00  4.738425e+03
  7.355000e+00  4.646590e+03
  7.164500e+00  4.467050e+03
  6.978900e+00  4.261940e+03
  6.798100e+00  4.044560e+03
  6.622000e+00  3.729770e+03
  6.450500e+00  3.497035e+03
  6.283400e+00  3.271595e+03
  6.120600e+00  3.024310e+03
  5.962100e+00  2.779165e+03
  5.807600e+00  2.652420e+03
  5.657200e+00  2.526410e+03
  5.510700e+00  2.424235e+03
  5.367900e+00  2.256580e+03
  5.228900e+00  2.099070e+03
  5.093400e+00  1.903675e+03
  4.961500e+00  1.743950e+03
  4.833000e+00  1.596995e+03
  4.707800e+00  1.471590e+03
  4.585800e+00  1.258880e+03
  4.467100e+00  1.121000e+03
  4.351300e+00  1.040265e+03
  4.238600e+00  9.541660e+02
  4.128800e+00  8.536410e+02
  4.021900e+00  8.865550e+02
  3.917700e+00  7.116640e+02
  3.816200e+00  5.884800e+02
  3.717400e+00  5.194555e+02
  3.621100e+00  4.573710e+02
  3.527300e+00  3.971905e+02
  3.435900e+00  3.383610e+02
  3.346900e+00  2.753560e+02
  3.260200e+00  1.962000e+02
  3.175800e+00  1.220805e+02
  3.093500e+00  7.387455e+01
  3.013400e+00  5.256565e+01
  2.935300e+00  6.509310e+01
  2.859300e+00  8.099775e+01
  2.785200e+00  1.108420e+02
  2.713100e+00  1.467670e+02
  2.642800e+00  1.393985e+02
  2.574300e+00  1.313550e+02
  2.507600e+00  1.194390e+02
  2.442700e+00  1.140350e+02
  2.379400e+00  1.049480e+02
  2.317800e+00  9.530655e+01
  2.257700e+00  8.566515e+01
  2.199300e+00  7.725190e+01
  2.142300e+00  7.117260e+01
  2.086800e+00  7.012865e+01
  2.032700e+00  6.767225e+01
  1.980100e+00  6.540020e+01
  1.928800e+00  5.324115e+01
  1.878800e+00  4.568805e+01
  1.830200e+00  5.029355e+01
  1.782800e+00  8.953395e+01
  1.736600e+00  5.109185e+01
  1.691600e+00  4.138945e+01
  1.647800e+00  3.463445e+01
  1.605100e+00  3.266930e+01
  1.563500e+00  3.377475e+01
  1.523000e+00  2.609870e+01
  1.483600e+00  2.554595e+01
  1.445100e+00  2.278260e+01
  1.407700e+00  2.222995e+01
  1.371200e+00  2.057190e+01
  1.335700e+00  1.958930e+01
  1.301100e+00  1.590485e+01
  1.267400e+00  1.271170e+01
  1.234600e+00  1.351000e+01
  1.202600e+00  1.467670e+01
  1.171500e+00  1.412400e+01
  1.141100e+00  1.522940e+01
  1.111600e+00  1.037810e+01
  1.082800e+00  8.781549e+00
  1.054700e+00  1.222045e+01
  1.027400e+00  1.080800e+01
  1.000800e+00  9.149996e+00
  9.749000e-01  9.518365e+00
  9.496000e-01  7.737545e+00
  9.250000e-01  7.184835e+00
  9.010000e-01  8.413050e+00
  8.777000e-01  9.825475e+00
  8.550000e-01  8.412985e+00
  8.328000e-01  9.027140e+00
  8.113000e-01  1.000974e+01
  7.902000e-01  9.456980e+00
  7.698000e-01  9.088520e+00
  7.498000e-01  9.764015e+00
  7.304000e-01  1.031670e+01
  7.115000e-01  9.579875e+00
  6.931000e-01  1.701025e+01
  6.751000e-01  1.203605e+02
  6.576000e-01  1.088170e+02
  6.406000e-01  2.817425e+02
  6.240000e-01  6.822495e+01
  6.078000e-01  1.197480e+01
  5.921000e-01  1.350995e+01
  5.767000e-01  1.277320e+01
  5.618000e-01  1.406265e+01
  5.472000e-01  1.209755e+01
  5.331000e-01  1.516805e+01
  5.193000e-01  1.363270e+01
  5.058000e-01  1.308015e+01
  4.927000e-01  2.235260e+01
  4.799000e-01  2.456335e+01
  4.675000e-01  1.621190e+01
  4.554000e-01  1.332570e+01
  4.436000e-01  2.419495e+01
  4.321000e-01  2.253690e+01
  4.209000e-01  1.829980e+01
  4.100000e-01  1.547500e+01
  3.994000e-01  2.837085e+01
  3.891000e-01  4.138940e+01
  3.790000e-01  4.519680e+01
  3.692000e-01  1.289585e+01
  3.596000e-01  1.172910e+01
  3.503000e-01  9.579784e+00
  3.412000e-01  1.019389e+01
  3.324000e-01  8.290239e+00
  3.238000e-01  1.123785e+01
  3.154000e-01  9.149930e+00
  3.072000e-01  1.209750e+01
  2.992000e-01  1.707165e+01
  2.915000e-01  2.063320e+01
  2.839000e-01  2.222990e+01
  2.766000e-01  1.455390e+01
  2.694000e-01  2.800225e+01
  2.624000e-01  5.035505e+01
  2.556000e-01  7.510270e+01
  2.490000e-01  3.144120e+01
  2.426000e-01  2.038765e+01
  2.363000e-01  2.536170e+01
  2.302000e-01  1.977350e+01
  2.242000e-01  1.357130e+01
  2.184000e-01  1.295725e+01
  2.127000e-01  1.326435e+01
  2.072000e-01  1.013256e+01
  2.019000e-01  1.117645e+01
  1.966000e-01  1.166765e+01
  1.915000e-01  1.983500e+01
  1.866000e-01  1.744000e+01
  1.817000e-01  1.160635e+01
  1.770000e-01  1.050095e+01
  1.725000e-01  1.172910e+01
  1.680000e-01  1.265015e+01
  1.636000e-01  1.406260e+01
  1.594000e-01  1.350995e+01
  1.553000e-01  1.381695e+01
  1.512000e-01  1.492240e+01
  1.473000e-01  1.412410e+01
  1.435000e-01  1.559785e+01
  1.398000e-01  1.547500e+01
  1.362000e-01  1.658030e+01
  1.326000e-01  1.529080e+01
  1.292000e-01  1.707165e+01
  1.259000e-01  1.559785e+01
  1.226000e-01  1.762425e+01
  1.194000e-01  1.565905e+01
  1.163000e-01  1.676455e+01
  1.133000e-01  1.701020e+01
  1.104000e-01  1.965060e+01
  1.075000e-01  1.602760e+01
  1.047000e-01  1.615050e+01
  1.020000e-01  1.719455e+01
  9.940000e-02  1.621190e+01
  9.680000e-02  1.694880e+01
  9.430000e-02  1.731725e+01
  9.190000e-02  1.639605e+01
  8.950000e-02  1.713310e+01
  8.720000e-02  1.541365e+01
  8.490000e-02  1.578205e+01
  8.270000e-02  1.357140e+01
  8.060000e-02  1.400115e+01
  7.850000e-02  1.308010e+01
  7.640000e-02  1.338715e+01
  7.450000e-02  1.240470e+01
  7.250000e-02  1.240460e+01
  7.070000e-02  1.093086e+01
  6.880000e-02  1.209750e+01
  6.700000e-02  1.179060e+01
  6.530000e-02  1.007104e+01
  6.360000e-02  9.579790e+00
  6.200000e-02  9.027081e+00
  6.040000e-02  8.965745e+00
  5.880000e-02  8.474470e+00
  5.730000e-02  6.018060e+00
  5.580000e-02  6.939195e+00
  5.430000e-02  6.079460e+00
  5.290000e-02  4.544235e+00
  5.160000e-02  4.728465e+00
  5.020000e-02  4.974095e+00
  4.890000e-02  3.438875e+00
  4.770000e-02  3.868740e+00
  4.640000e-02  2.701985e+00
  4.520000e-02  3.377465e+00
  4.410000e-02  3.131825e+00
  4.290000e-02  2.947605e+00
  4.180000e-02  2.272120e+00
  4.070000e-02  9.825400e-01
  3.970000e-02  1.166770e+00
  3.860000e-02  1.043950e+00
  3.760000e-02  1.473805e+00
  3.670000e-02  8.597400e-01
  3.570000e-02  4.912750e-01
  3.480000e-02  7.369100e-01
  3.390000e-02  4.298650e-01
  3.300000e-02  4.912800e-01
  3.220000e-02  3.070450e-01
  3.130000e-02  3.070450e-01
  3.050000e-02  3.070500e-01
  2.970000e-02  3.070450e-01
  2.890000e-02  3.684550e-01
  2.820000e-02  1.228200e-01
  2.750000e-02  1.842300e-01
  2.680000e-02  0.000000e+00
  2.610000e-02  0.000000e+00
  2.540000e-02  0.000000e+00
  2.470000e-02  6.141000e-02
  2.410000e-02  1.842300e-01
  2.350000e-02  6.141000e-02
  2.290000e-02  0.000000e+00
  2.230000e-02  0.000000e+00
  2.170000e-02  0.000000e+00
  2.110000e-02  0.000000e+00
  2.060000e-02  0.000000e+00
  2.000000e-02  6.141000e-02
  1.950000e-02  0.000000e+00
  1.900000e-02  0.000000e+00
  1.850000e-02  1.842300e-01
  1.800000e-02  6.141000e-02
  1.760000e-02  0.000000e+00
  1.710000e-02  0.000000e+00
  1.670000e-02  0.000000e+00
  1.630000e-02  0.000000e+00
  1.580000e-02  0.000000e+00
  1.540000e-02  0.000000e+00
  1.500000e-02  6.141000e-02
  1.460000e-02  0.000000e+00
  1.430000e-02  6.141000e-02
  1.390000e-02  0.000000e+00
  1.350000e-02  0.000000e+00
  1.320000e-02  0.000000e+00
  1.280000e-02  6.141000e-02
  1.250000e-02  0.000000e+00
  1.220000e-02  6.141000e-02
  1.190000e-02  0.000000e+00
  1.160000e-02  6.141000e-02
  1.130000e-02  3.684600e-01
  1.100000e-02  1.412400e+01
  1.070000e-02  1.737870e+01
  1.040000e-02  1.682605e+01
  1.010000e-02  1.381700e+02
