  4.934820e+03  0.000000e+00
  4.806990e+03  0.000000e+00
  4.682470e+03  0.000000e+00
  4.561180e+03  0.000000e+00
  4.443030e+03  0.000000e+00
  4.327940e+03  0.000000e+00
  4.215830e+03  0.000000e+00
  4.106630e+03  0.000000e+00
  4.000250e+03  0.000000e+00
  3.896630e+03  0.000000e+00
  3.795700e+03  0.000000e+00
  3.697380e+03  0.000000e+00
  3.601600e+03  0.000000e+00
  3.508310e+03  0.000000e+00
  3.417430e+03  0.000000e+00
  3.328910e+03  0.000000e+00
  3.242680e+03  0.000000e+00
  3.158680e+03  0.000000e+00
  3.076860e+03  0.000000e+00
  2.997160e+03  0.000000e+00
  2.919530e+03  0.000000e+00
  2.843900e+03  0.000000e+00
  2.770230e+03  0.000000e+00
  2.698480e+03  0.000000e+00
  2.628580e+03  1.488700e+00
  2.560490e+03  0.000000e+00
  2.494160e+03  0.000000e+00
  2.429550e+03  0.000000e+00
  2.366620e+03  0.000000e+00
  2.305320e+03  0.000000e+00
  2.245600e+03  0.000000e+00
  2.187430e+03  0.000000e+00
  2.130770e+03  0.000000e+00
  2.075580e+03  7.443500e-01
  2.021810e+03  0.000000e+00
  1.969440e+03  7.443500e-01
  1.918430e+03  7.443500e-01
  1.868730e+03  0.000000e+00
  1.820330e+03  0.000000e+00
  1.773170e+03  0.000000e+00
  1.727240e+03  0.000000e+00
  1.682500e+03  7.443500e-01
  1.638920e+03  0.000000e+00
  1.596470e+03  0.000000e+00
  1.555110e+03  7.443500e-01
  1.514830e+03  1.488700e+00
  1.475590e+03  0.000000e+00
  1.437370e+03  7.443500e-01
  1.400140e+03  0.000000e+00
  1.363870e+03  0.000000e+00
  1.328540e+03  7.443500e-01
  1.294120e+03  0.000000e+00
  1.260600e+03  7.443500e-01
  1.227950e+03  0.000000e+00
  1.196140e+03  1.488700e+00
  1.165160e+03  7.443500e-01
  1.134980e+03  7.443500e-01
  1.105580e+03  7.443500e-01
  1.076940e+03  0.000000e+00
  1.049040e+03  2.233100e+00
  1.021870e+03  7.443500e-01
  9.953980e+02  7.443500e-01
  9.696140e+02  0.000000e+00
  9.444970e+02  7.443500e-01
  9.200320e+02  1.488700e+00
  8.962000e+02  7.443500e-01
  8.729850e+02  2.233050e+00
  8.503720e+02  3.721800e+00
  8.283450e+02  5.210450e+00
  8.068880e+02  2.977400e+00
  7.859870e+02  4.466100e+00
  7.656270e+02  2.977450e+00
  7.457950e+02  5.210600e+00
  7.264760e+02  5.210550e+00
  7.076580e+02  1.414290e+01
  6.893270e+02  1.116535e+01
  6.714710e+02  7.443550e+00
  6.540780e+02  7.443600e+00
  6.371350e+02  1.339840e+01
  6.206310e+02  8.932400e+00
  6.045550e+02  1.265415e+01
  5.888950e+02  1.488735e+01
  5.736410e+02  1.637605e+01
  5.587810e+02  1.935350e+01
  5.443070e+02  2.307525e+01
  5.302080e+02  2.605280e+01
  5.164740e+02  2.605280e+01
  5.030950e+02  2.754150e+01
  4.900630e+02  3.647380e+01
  4.773690e+02  3.424085e+01
  4.650040e+02  4.094010e+01
  4.529580e+02  5.657160e+01
  4.412250e+02  4.838365e+01
  4.297960e+02  7.145860e+01
  4.186630e+02  6.848160e+01
  4.078180e+02  6.252650e+01
  3.972540e+02  8.857965e+01
  3.869640e+02  1.019784e+02
  3.769400e+02  1.123990e+02
  3.671770e+02  1.109107e+02
  3.576650e+02  1.369630e+02
  3.484010e+02  1.511060e+02
  3.393760e+02  1.793915e+02
  3.305850e+02  1.764140e+02
  3.220220e+02  2.032115e+02
  3.136800e+02  2.404290e+02
  3.055550e+02  2.456400e+02
  2.976400e+02  3.089120e+02
  2.899300e+02  3.230555e+02
  2.824200e+02  3.639955e+02
  2.751040e+02  4.116330e+02
  2.679780e+02  4.667160e+02
  2.610370e+02  5.337100e+02
  2.542750e+02  6.029335e+02
  2.476890e+02  6.647180e+02
  2.412730e+02  7.800935e+02
  2.350230e+02  8.314565e+02
  2.289350e+02  9.914835e+02
  2.230050e+02  1.137395e+03
  2.172280e+02  1.220750e+03
  2.116010e+02  1.333165e+03
  2.061200e+02  1.507335e+03
  2.007810e+02  1.691200e+03
  1.955800e+02  1.971810e+03
  1.905140e+02  2.154930e+03
  1.855790e+02  2.484700e+03
  1.807720e+02  2.801795e+03
  1.760890e+02  3.146435e+03
  1.715280e+02  3.575200e+03
  1.670850e+02  3.840190e+03
  1.627570e+02  4.403660e+03
  1.585410e+02  4.920245e+03
  1.544340e+02  5.480005e+03
  1.504340e+02  5.904300e+03
  1.465370e+02  6.592830e+03
  1.427410e+02  7.194295e+03
  1.390440e+02  7.987785e+03
  1.354420e+02  8.816275e+03
  1.319340e+02  9.869405e+03
  1.285160e+02  1.083560e+04
  1.251870e+02  1.184420e+04
  1.219440e+02  1.278455e+04
  1.187850e+02  1.422785e+04
  1.157090e+02  1.569860e+04
  1.127110e+02  1.695215e+04
  1.097920e+02  1.896490e+04
  1.069480e+02  2.021770e+04
  1.041770e+02  2.241515e+04
  1.014790e+02  2.454985e+04
  9.885030e+01  2.654170e+04
  9.628970e+01  2.901615e+04
  9.379550e+01  3.173900e+04
  9.136590e+01  3.437705e+04
  8.899920e+01  3.739030e+04
  8.669380e+01  4.045995e+04
  8.444820e+01  4.375600e+04
  8.226070e+01  4.733485e+04
  8.012980e+01  5.059820e+04
  7.805420e+01  5.537265e+04
  7.603240e+01  5.926335e+04
  7.406290e+01  6.371550e+04
  7.214440e+01  6.771475e+04
  7.027560e+01  7.244390e+04
  6.845520e+01  7.738191e+04
  6.668200e+01  8.181155e+04
  6.495470e+01  8.620125e+04
  6.327220e+01  9.079184e+04
  6.163320e+01  9.529885e+04
  6.003670e+01  9.960460e+04
  5.848160e+01  1.032660e+05
  5.696670e+01  1.078640e+05
  5.549110e+01  1.128610e+05
  5.405370e+01  1.171830e+05
  5.265350e+01  1.215610e+05
  5.128960e+01  1.264070e+05
  4.996100e+01  1.310770e+05
  4.866690e+01  1.358490e+05
  4.740620e+01  1.405490e+05
  4.617830e+01  1.448255e+05
  4.498210e+01  1.478730e+05
  4.381690e+01  1.529680e+05
  4.268190e+01  1.563005e+05
  4.157630e+01  1.595715e+05
  4.049930e+01  1.629010e+05
  3.945030e+01  1.662125e+05
  3.842840e+01  1.692930e+05
  3.743290e+01  1.725130e+05
  3.646330e+01  1.748790e+05
  3.551880e+01  1.789435e+05
  3.459870e+01  1.814780e+05
  3.370250e+01  1.845370e+05
  3.282950e+01  1.874870e+05
  3.197910e+01  1.904235e+05
  3.115070e+01  1.942250e+05
  3.034380e+01  1.975630e+05
  2.955780e+01  2.011295e+05
  2.879220e+01  2.045970e+05
  2.804640e+01  2.074795e+05
  2.731990e+01  2.106075e+05
  2.661220e+01  2.155845e+05
  2.592290e+01  2.190565e+05
  2.525140e+01  2.241095e+05
  2.459730e+01  2.269125e+05
  2.396010e+01  2.317295e+05
  2.333950e+01  2.365985e+05
  2.273490e+01  2.412515e+05
  2.214600e+01  2.467165e+05
  2.157230e+01  2.511725e+05
  2.101350e+01  2.569400e+05
  2.046920e+01  2.617185e+05
  1.993900e+01  2.671800e+05
  1.942250e+01  2.732195e+05
  1.891940e+01  2.768230e+05
  1.842930e+01  2.815060e+05
  1.795200e+01  2.844640e+05
  1.748690e+01  2.866420e+05
  1.703400e+01  2.881525e+05
  1.659270e+01  2.882955e+05
  1.616290e+01  2.892990e+05
  1.574430e+01  2.898670e+05
  1.533640e+01  2.897110e+05
  1.493920e+01  2.920390e+05
  1.455220e+01  2.949225e+05
  1.417520e+01  2.994720e+05
  1.380800e+01  3.035895e+05
  1.345040e+01  3.126515e+05
  1.310200e+01  3.233770e+05
  1.276260e+01  3.340960e+05
  1.243200e+01  3.467150e+05
  1.211000e+01  3.603055e+05
  1.179630e+01  3.742145e+05
  1.149070e+01  3.867755e+05
  1.119310e+01  3.990730e+05
  1.090310e+01  4.123075e+05
  1.062070e+01  4.229890e+05
  1.034560e+01  4.369580e+05
  1.007760e+01  4.495375e+05
  9.816600e+00  4.591590e+05
  9.562300e+00  4.658930e+05
  9.314600e+00  4.662135e+05
  9.073300e+00  4.566025e+05
  8.838300e+00  4.423715e+05
  8.609300e+00  4.251815e+05
  8.386300e+00  4.076365e+05
  8.169100e+00  3.897875e+05
  7.957500e+00  3.743830e+05
  7.751400e+00  3.588130e+05
  7.550600e+00  3.538570e+05
  7.355000e+00  3.498045e+05
  7.164500e+00  3.479635e+05
  6.978900e+00  3.482120e+05
  6.798100e+00  3.477145e+05
  6.622000e+00  3.477905e+05
  6.450500e+00  3.505460e+05
  6.283400e+00  3.537675e+05
  6.120600e+00  3.536905e+05
  5.962100e+00  3.544365e+05
  5.807600e+00  3.538300e+05
  5.657200e+00  3.534420e+05
  5.510700e+00  3.541790e+05
  5.367900e+00  3.583990e+05
  5.228900e+00  3.577530e+05
  5.093400e+00  3.537940e+05
  4.961500e+00  3.533195e+05
  4.833000e+00  3.688365e+05
  4.707800e+00  3.935815e+05
  4.585800e+00  3.679760e+05
  4.467100e+00  3.621610e+05
  4.351300e+00  3.661140e+05
  4.238600e+00  3.704670e+05
  4.128800e+00  3.698605e+05
  4.021900e+00  4.646445e+05
  3.917700e+00  3.804180e+05
  3.816200e+00  3.380095e+05
  3.717400e+00  3.348645e+05
  3.621100e+00  3.327005e+05
  3.527300e+00  3.294090e+05
  3.435900e+00  3.259795e+05
  3.346900e+00  3.247045e+05
  3.260200e+00  3.237600e+05
  3.175800e+00  3.259975e+05
  3.093500e+00  3.227325e+05
  3.013400e+00  3.191920e+05
  2.935300e+00  3.198780e+05
  2.859300e+00  3.173170e+05
  2.785200e+00  3.171705e+05
  2.713100e+00  3.144930e+05
  2.642800e+00  3.081455e+05
  2.574300e+00  3.161225e+05
  2.507600e+00  3.079870e+05
  2.442700e+00  3.137080e+05
  2.379400e+00  3.160620e+05
  2.317800e+00  3.074355e+05
  2.257700e+00  2.985570e+05
  2.199300e+00  3.088460e+05
  2.142300e+00  2.926670e+05
  2.086800e+00  2.860030e+05
  2.032700e+00  2.931695e+05
  1.980100e+00  3.388685e+05
  1.928800e+00  2.746755e+05
  1.878800e+00  2.494440e+05
  1.830200e+00  3.409670e+05
  1.782800e+00  7.163615e+05
  1.736600e+00  4.155095e+05
  1.691600e+00  3.106690e+05
  1.647800e+00  2.564230e+05
  1.605100e+00  2.427730e+05
  1.563500e+00  2.349310e+05
  1.523000e+00  2.281310e+05
  1.483600e+00  2.226575e+05
  1.445100e+00  2.148065e+05
  1.407700e+00  2.058220e+05
  1.371200e+00  1.904730e+05
  1.335700e+00  1.973835e+05
  1.301100e+00  1.699635e+05
  1.267400e+00  1.421280e+05
  1.234600e+00  1.737315e+05
  1.202600e+00  1.801165e+05
  1.171500e+00  1.736865e+05
  1.141100e+00  1.955030e+05
  1.111600e+00  1.356545e+05
  1.082800e+00  1.178740e+05
  1.054700e+00  1.889630e+05
  1.027400e+00  1.399060e+05
  1.000800e+00  1.038390e+05
  9.749000e-01  1.536695e+05
  9.496000e-01  1.087995e+05
  9.250000e-01  1.083825e+05
  9.010000e-01  1.191860e+05
  8.777000e-01  1.274845e+05
  8.550000e-01  1.293375e+05
  8.328000e-01  1.363595e+05
  8.113000e-01  1.439080e+05
  7.902000e-01  1.525025e+05
  7.698000e-01  1.590665e+05
  7.498000e-01  1.680775e+05
  7.304000e-01  1.719455e+05
  7.115000e-01  1.837875e+05
  6.931000e-01  3.890090e+05
  6.751000e-01  3.263650e+06
  6.576000e-01  2.335005e+06
  6.406000e-01  7.818515e+06
  6.240000e-01  2.872660e+06
  6.078000e-01  3.392230e+05
  5.921000e-01  2.434075e+05
  5.767000e-01  2.458155e+05
  5.618000e-01  2.580045e+05
  5.472000e-01  2.552090e+05
  5.331000e-01  3.064270e+05
  5.193000e-01  2.884345e+05
  5.058000e-01  3.119865e+05
  4.927000e-01  6.258325e+05
  4.799000e-01  7.034900e+05
  4.675000e-01  4.148335e+05
  4.554000e-01  3.134730e+05
  4.436000e-01  7.940150e+05
  4.321000e-01  8.050790e+05
  4.209000e-01  7.133860e+05
  4.100000e-01  4.145850e+05
  3.994000e-01  7.475435e+05
  3.891000e-01  1.074885e+06
  3.790000e-01  1.002905e+06
  3.692000e-01  3.205495e+05
  3.596000e-01  2.349445e+05
  3.503000e-01  2.373990e+05
  3.412000e-01  2.312505e+05
  3.324000e-01  2.581020e+05
  3.238000e-01  2.195360e+05
  3.154000e-01  1.881690e+05
  3.072000e-01  3.184770e+05
  2.992000e-01  4.303700e+05
  2.915000e-01  5.267260e+05
  2.839000e-01  5.030495e+05
  2.766000e-01  1.945895e+05
  2.694000e-01  5.365175e+05
  2.624000e-01  1.387970e+06
  2.556000e-01  1.451930e+06
  2.490000e-01  4.871495e+05
  2.426000e-01  2.808725e+05
  2.363000e-01  3.975125e+05
  2.302000e-01  3.453330e+05
  2.242000e-01  2.279830e+05
  2.184000e-01  2.264645e+05
  2.127000e-01  2.524680e+05
  2.072000e-01  2.130310e+05
  2.019000e-01  2.288980e+05
  1.966000e-01  3.037190e+05
  1.915000e-01  2.707930e+05
  1.866000e-01  1.979515e+05
  1.817000e-01  9.713960e+04
  1.770000e-01  8.532959e+04
  1.725000e-01  1.324845e+05
  1.680000e-01  2.828020e+05
  1.636000e-01  3.590630e+05
  1.594000e-01  3.676380e+05
  1.553000e-01  4.308505e+05
  1.512000e-01  4.588740e+05
  1.473000e-01  4.369560e+05
  1.435000e-01  8.467985e+05
  1.398000e-01  6.566640e+05
  1.362000e-01  5.437975e+05
  1.326000e-01  5.559795e+05
  1.292000e-01  5.253550e+05
  1.259000e-01  5.749870e+05
  1.226000e-01  1.015140e+06
  1.194000e-01  8.357010e+05
  1.163000e-01  6.413870e+05
  1.133000e-01  6.247495e+05
  1.104000e-01  6.324875e+05
  1.075000e-01  6.394570e+05
  1.047000e-01  6.445560e+05
  1.020000e-01  6.585315e+05
  9.940000e-02  6.858895e+05
  9.680000e-02  6.988495e+05
  9.430000e-02  7.220370e+05
  9.190000e-02  7.213240e+05
  8.950000e-02  7.280195e+05
  8.720000e-02  7.346160e+05
  8.490000e-02  7.398235e+05
  8.270000e-02  7.467400e+05
  8.060000e-02  7.553145e+05
  7.850000e-02  7.614730e+05
  7.640000e-02  7.674935e+05
  7.450000e-02  7.742425e+05
  7.250000e-02  7.877855e+05
  7.070000e-02  7.993535e+05
  6.880000e-02  7.950065e+05
  6.700000e-02  7.945255e+05
  6.530000e-02  7.909835e+05
  6.360000e-02  7.861065e+05
  6.200000e-02  7.690625e+05
  6.040000e-02  7.556540e+05
  5.880000e-02  7.412270e+05
  5.730000e-02  7.286570e+05
  5.580000e-02  7.096775e+05
  5.430000e-02  6.877175e+05
  5.290000e-02  6.630385e+05
  5.160000e-02  6.375450e+05
  5.020000e-02  6.094695e+05
  4.890000e-02  5.826495e+05
  4.770000e-02  5.521350e+05
  4.640000e-02  5.212795e+05
  4.520000e-02  4.946960e+05
  4.410000e-02  4.646650e+05
  4.290000e-02  4.352075e+05
  4.180000e-02  4.029510e+05
  4.070000e-02  3.723915e+05
  3.970000e-02  3.428115e+05
  3.860000e-02  3.144235e+05
  3.760000e-02  2.874290e+05
  3.670000e-02  2.613250e+05
  3.570000e-02  2.390595e+05
  3.480000e-02  2.160510e+05
  3.390000e-02  1.912620e+05
  3.300000e-02  1.701050e+05
  3.220000e-02  1.504115e+05
  3.130000e-02  1.316715e+05
  3.050000e-02  1.148275e+05
  2.970000e-02  1.002760e+05
  2.890000e-02  8.627109e+04
  2.820000e-02  7.490025e+04
  2.750000e-02  6.360600e+04
  2.680000e-02  5.388535e+04
  2.610000e-02  4.539290e+04
  2.540000e-02  3.795005e+04
  2.470000e-02  3.156925e+04
  2.410000e-02  2.616440e+04
  2.350000e-02  2.164675e+04
  2.290000e-02  1.785950e+04
  2.230000e-02  1.469660e+04
  2.170000e-02  1.197680e+04
  2.110000e-02  9.755625e+03
  2.060000e-02  8.010100e+03
  2.000000e-02  6.470760e+03
  1.950000e-02  5.380265e+03
  1.900000e-02  4.536900e+03
  1.850000e-02  3.796265e+03
  1.800000e-02  3.222350e+03
  1.760000e-02  2.760850e+03
  1.710000e-02  2.433330e+03
  1.670000e-02  2.134095e+03
  1.630000e-02  1.985970e+03
  1.580000e-02  1.731395e+03
  1.540000e-02  1.565405e+03
  1.500000e-02  1.485745e+03
  1.460000e-02  1.410585e+03
  1.430000e-02  1.281045e+03
  1.390000e-02  1.210330e+03
  1.350000e-02  1.170135e+03
  1.320000e-02  1.109845e+03
  1.280000e-02  9.944720e+02
  1.250000e-02  9.021730e+02
  1.220000e-02  8.582490e+02
  1.190000e-02  8.031710e+02
  1.160000e-02  7.011920e+02
  1.130000e-02  6.684385e+02
  1.100000e-02  5.947470e+02
  1.070000e-02  5.538075e+02
  1.040000e-02  5.113790e+02
  1.010000e-02  3.837210e+03
