  4.934820e+03  1.148500e-01
  4.806990e+03  0.000000e+00
  4.682470e+03  0.000000e+00
  4.561180e+03  0.000000e+00
  4.443030e+03  0.000000e+00
  4.327940e+03  0.000000e+00
  4.215830e+03  0.000000e+00
  4.106630e+03  1.148500e-01
  4.000250e+03  0.000000e+00
  3.896630e+03  1.148500e-01
  3.795700e+03  1.148500e-01
  3.697380e+03  0.000000e+00
  3.601600e+03  0.000000e+00
  3.508310e+03  0.000000e+00
  3.417430e+03  0.000000e+00
  3.328910e+03  0.000000e+00
  3.242680e+03  0.000000e+00
  3.158680e+03  0.000000e+00
  3.076860e+03  0.000000e+00
  2.997160e+03  0.000000e+00
  2.919530e+03  0.000000e+00
  2.843900e+03  0.000000e+00
  2.770230e+03  0.000000e+00
  2.698480e+03  0.000000e+00
  2.628580e+03  0.000000e+00
  2.560490e+03  1.148500e-01
  2.494160e+03  1.148500e-01
  2.429550e+03  1.148500e-01
  2.366620e+03  1.148500e-01
  2.305320e+03  0.000000e+00
  2.245600e+03  1.148500e-01
  2.187430e+03  1.148500e-01
  2.130770e+03  1.148500e-01
  2.075580e+03  0.000000e+00
  2.021810e+03  0.000000e+00
  1.969440e+03  0.000000e+00
  1.918430e+03  0.000000e+00
  1.868730e+03  0.000000e+00
  1.820330e+03  2.297000e-01
  1.773170e+03  1.148500e-01
  1.727240e+03  2.297000e-01
  1.682500e+03  2.297000e-01
  1.638920e+03  1.148500e-01
  1.596470e+03  2.297000e-01
  1.555110e+03  5.742500e-01
  1.514830e+03  4.594000e-01
  1.475590e+03  2.297000e-01
  1.437370e+03  4.594000e-01
  1.400140e+03  4.594000e-01
  1.363870e+03  5.742500e-01
  1.328540e+03  3.445500e-01
  1.294120e+03  1.148500e-01
  1.260600e+03  3.445500e-01
  1.227950e+03  1.033650e+00
  1.196140e+03  5.742500e-01
  1.165160e+03  5.742500e-01
  1.134980e+03  1.033650e+00
  1.105580e+03  1.148500e+00
  1.076940e+03  6.891000e-01
  1.049040e+03  2.297000e-01
  1.021870e+03  1.033650e+00
  9.953980e+02  1.493050e+00
  9.696140e+02  2.067300e+00
  9.444970e+02  2.182150e+00
  9.200320e+02  1.607900e+00
  8.962000e+02  2.067300e+00
  8.729850e+02  2.182150e+00
  8.503720e+02  1.837600e+00
  8.283450e+02  2.986100e+00
  8.068880e+02  2.871250e+00
  7.859870e+02  3.215800e+00
  7.656270e+02  4.019750e+00
  7.457950e+02  3.904900e+00
  7.264760e+02  3.790050e+00
  7.076580e+02  5.397950e+00
  6.893270e+02  5.512800e+00
  6.714710e+02  5.283100e+00
  6.540780e+02  5.742500e+00
  6.371350e+02  6.661300e+00
  6.206310e+02  6.891000e+00
  6.045550e+02  8.728600e+00
  5.888950e+02  1.068105e+01
  5.736410e+02  1.205925e+01
  5.587810e+02  1.263350e+01
  5.443070e+02  1.596415e+01
  5.302080e+02  1.791660e+01
  5.164740e+02  1.470080e+01
  5.030950e+02  2.101755e+01
  4.900630e+02  2.090270e+01
  4.773690e+02  2.216605e+01
  4.650040e+02  2.664520e+01
  4.529580e+02  2.871250e+01
  4.412250e+02  3.525895e+01
  4.297960e+02  3.353620e+01
  4.186630e+02  3.939355e+01
  4.078180e+02  4.203510e+01
  3.972540e+02  4.938550e+01
  3.869640e+02  5.535770e+01
  3.769400e+02  6.110020e+01
  3.671770e+02  6.603875e+01
  3.576650e+02  6.466055e+01
  3.484010e+02  8.269210e+01
  3.393760e+02  9.406185e+01
  3.305850e+02  9.991880e+01
  3.220220e+02  1.046290e+02
  3.136800e+02  1.253000e+02
  3.055550e+02  1.377050e+02
  2.976400e+02  1.516015e+02
  2.899300e+02  1.714705e+02
  2.824200e+02  1.911100e+02
  2.751040e+02  2.075320e+02
  2.679780e+02  2.257945e+02
  2.610370e+02  2.511760e+02
  2.542750e+02  2.814955e+02
  2.476890e+02  2.927510e+02
  2.412730e+02  3.420215e+02
  2.350230e+02  3.738350e+02
  2.289350e+02  4.097835e+02
  2.230050e+02  4.749025e+02
  2.172280e+02  5.064875e+02
  2.116010e+02  5.764300e+02
  2.061200e+02  6.299490e+02
  2.007810e+02  6.908195e+02
  1.955800e+02  7.616825e+02
  1.905140e+02  8.436840e+02
  1.855790e+02  9.409595e+02
  1.807720e+02  1.051445e+03
  1.760890e+02  1.165485e+03
  1.715280e+02  1.254265e+03
  1.670850e+02  1.373035e+03
  1.627570e+02  1.526930e+03
  1.585410e+02  1.653945e+03
  1.544340e+02  1.821050e+03
  1.504340e+02  1.946585e+03
  1.465370e+02  2.094855e+03
  1.427410e+02  2.293890e+03
  1.390440e+02  2.500615e+03
  1.354420e+02  2.659560e+03
  1.319340e+02  2.890750e+03
  1.285160e+02  3.083820e+03
  1.251870e+02  3.339125e+03
  1.219440e+02  3.575715e+03
  1.187850e+02  3.817935e+03
  1.157090e+02  4.105505e+03
  1.127110e+02  4.411825e+03
  1.097920e+02  4.735020e+03
  1.069480e+02  5.037985e+03
  1.041770e+02  5.393910e+03
  1.014790e+02  5.743505e+03
  9.885030e+01  6.094835e+03
  9.628970e+01  6.587525e+03
  9.379550e+01  6.922325e+03
  9.136590e+01  7.434895e+03
  8.899920e+01  7.831700e+03
  8.669380e+01  8.334280e+03
  8.444820e+01  8.832391e+03
  8.226070e+01  9.316355e+03
  8.012980e+01  9.941510e+03
  7.805420e+01  1.040770e+04
  7.603240e+01  1.107980e+04
  7.406290e+01  1.171865e+04
  7.214440e+01  1.226980e+04
  7.027560e+01  1.296700e+04
  6.845520e+01  1.364650e+04
  6.668200e+01  1.436050e+04
  6.495470e+01  1.500215e+04
  6.327220e+01  1.554330e+04
  6.163320e+01  1.596935e+04
  6.003670e+01  1.644945e+04
  5.848160e+01  1.682025e+04
  5.696670e+01  1.703395e+04
  5.549110e+01  1.740100e+04
  5.405370e+01  1.785635e+04
  5.265350e+01  1.848335e+04
  5.128960e+01  1.902565e+04
  4.996100e+01  1.947200e+04
  4.866690e+01  2.013345e+04
  4.740620e+01  2.083540e+04
  4.617830e+01  2.129020e+04
  4.498210e+01  2.155350e+04
  4.381690e+01  2.165375e+04
  4.268190e+01  2.161950e+04
  4.157630e+01  2.140765e+04
  4.049930e+01  2.139710e+04
  3.945030e+01  2.104170e+04
  3.842840e+01  2.079590e+04
  3.743290e+01  2.036825e+04
  3.646330e+01  2.006720e+04
  3.551880e+01  1.978060e+04
  3.459870e+01  1.951055e+04
  3.370250e+01  1.940960e+04
  3.282950e+01  1.905180e+04
  3.197910e+01  1.888760e+04
  3.115070e+01  1.860585e+04
  3.034380e+01  1.843095e+04
  2.955780e+01  1.821395e+04
  2.879220e+01  1.789805e+04
  2.804640e+01  1.775325e+04
  2.731990e+01  1.742445e+04
  2.661220e+01  1.725070e+04
  2.592290e+01  1.692320e+04
  2.525140e+01  1.665155e+04
  2.459730e+01  1.631440e+04
  2.396010e+01  1.602690e+04
  2.333950e+01  1.560510e+04
  2.273490e+01  1.518010e+04
  2.214600e+01  1.481785e+04
  2.157230e+01  1.446625e+04
  2.101350e+01  1.391780e+04
  2.046920e+01  1.351155e+04
  1.993900e+01  1.297475e+04
  1.942250e+01  1.251795e+04
  1.891940e+01  1.195795e+04
  1.842930e+01  1.159510e+04
  1.795200e+01  1.125925e+04
  1.748690e+01  1.100425e+04
  1.703400e+01  1.080935e+04
  1.659270e+01  1.064250e+04
  1.616290e+01  1.056650e+04
  1.574430e+01  1.028305e+04
  1.533640e+01  1.023835e+04
  1.493920e+01  1.004780e+04
  1.455220e+01  9.910705e+03
  1.417520e+01  9.544564e+03
  1.380800e+01  9.013720e+03
  1.345040e+01  8.362654e+03
  1.310200e+01  7.669870e+03
  1.276260e+01  6.872470e+03
  1.243200e+01  6.088740e+03
  1.211000e+01  5.301570e+03
  1.179630e+01  4.563335e+03
  1.149070e+01  4.010190e+03
  1.119310e+01  3.515895e+03
  1.090310e+01  3.189140e+03
  1.062070e+01  2.941050e+03
  1.034560e+01  2.663120e+03
  1.007760e+01  2.342475e+03
  9.816600e+00  2.086705e+03
  9.562300e+00  1.836445e+03
  9.314600e+00  1.888820e+03
  9.073300e+00  2.288840e+03
  8.838300e+00  2.740650e+03
  8.609300e+00  3.351530e+03
  8.386300e+00  4.080595e+03
  8.169100e+00  4.922560e+03
  7.957500e+00  5.758090e+03
  7.751400e+00  6.237235e+03
  7.550600e+00  6.823430e+03
  7.355000e+00  6.742240e+03
  7.164500e+00  6.562145e+03
  6.978900e+00  6.444315e+03
  6.798100e+00  6.143170e+03
  6.622000e+00  5.877885e+03
  6.450500e+00  5.590405e+03
  6.283400e+00  5.303050e+03
  6.120600e+00  4.983555e+03
  5.962100e+00  4.743505e+03
  5.807600e+00  4.599600e+03
  5.657200e+00  4.515765e+03
  5.510700e+00  4.361065e+03
  5.367900e+00  4.163410e+03
  5.228900e+00  3.881215e+03
  5.093400e+00  3.647970e+03
  4.961500e+00  3.389660e+03
  4.833000e+00  3.171455e+03
  4.707800e+00  2.981615e+03
  4.585800e+00  2.595705e+03
  4.467100e+00  2.359235e+03
  4.351300e+00  2.223485e+03
  4.238600e+00  2.086465e+03
  4.128800e+00  1.908110e+03
  4.021900e+00  1.935565e+03
  3.917700e+00  1.606515e+03
  3.816200e+00  1.350750e+03
  3.717400e+00  1.210855e+03
  3.621100e+00  1.066830e+03
  3.527300e+00  9.388955e+02
  3.435900e+00  7.954470e+02
  3.346900e+00  6.760035e+02
  3.260200e+00  4.789210e+02
  3.175800e+00  3.105535e+02
  3.093500e+00  1.929475e+02
  3.013400e+00  1.275975e+02
  2.935300e+00  1.526360e+02
  2.859300e+00  2.006420e+02
  2.785200e+00  2.781650e+02
  2.713100e+00  3.590190e+02
  2.642800e+00  3.406435e+02
  2.574300e+00  3.145730e+02
  2.507600e+00  2.787385e+02
  2.442700e+00  2.585260e+02
  2.379400e+00  2.368190e+02
  2.317800e+00  2.189020e+02
  2.257700e+00  1.881250e+02
  2.199300e+00  1.780170e+02
  2.142300e+00  1.589525e+02
  2.086800e+00  1.544725e+02
  2.032700e+00  1.404615e+02
  1.980100e+00  1.507980e+02
  1.928800e+00  1.126680e+02
  1.878800e+00  9.900025e+01
  1.830200e+00  1.035936e+02
  1.782800e+00  1.726180e+02
  1.736600e+00  1.034789e+02
  1.691600e+00  7.752350e+01
  1.647800e+00  6.224870e+01
  1.605100e+00  5.604680e+01
  1.563500e+00  5.179735e+01
  1.523000e+00  4.674395e+01
  1.483600e+00  4.594000e+01
  1.445100e+00  3.870445e+01
  1.407700e+00  3.732625e+01
  1.371200e+00  3.445500e+01
  1.335700e+00  2.687490e+01
  1.301100e+00  2.331455e+01
  1.267400e+00  2.124725e+01
  1.234600e+00  2.205120e+01
  1.202600e+00  2.503730e+01
  1.171500e+00  2.113240e+01
  1.141100e+00  2.032845e+01
  1.111600e+00  1.458595e+01
  1.082800e+00  1.757205e+01
  1.054700e+00  2.009875e+01
  1.027400e+00  1.332260e+01
  1.000800e+00  8.269199e+00
  9.749000e-01  1.378200e+01
  9.496000e-01  1.079590e+01
  9.250000e-01  1.033650e+01
  9.010000e-01  1.240380e+01
  8.777000e-01  1.045135e+01
  8.550000e-01  8.728600e+00
  8.328000e-01  8.039500e+00
  8.113000e-01  1.137015e+01
  7.902000e-01  9.532550e+00
  7.698000e-01  1.102560e+01
  7.498000e-01  1.102560e+01
  7.304000e-01  1.240380e+01
  7.115000e-01  1.125530e+01
  6.931000e-01  2.308485e+01
  6.751000e-01  1.617090e+02
  6.576000e-01  1.506835e+02
  6.406000e-01  4.343605e+02
  6.240000e-01  1.172610e+02
  6.078000e-01  1.561960e+01
  5.921000e-01  1.320775e+01
  5.767000e-01  1.527505e+01
  5.618000e-01  1.194440e+01
  5.472000e-01  1.263350e+01
  5.331000e-01  1.619385e+01
  5.193000e-01  1.091075e+01
  5.058000e-01  1.481565e+01
  4.927000e-01  2.595610e+01
  4.799000e-01  2.607095e+01
  4.675000e-01  1.538990e+01
  4.554000e-01  1.538990e+01
  4.436000e-01  2.630065e+01
  4.321000e-01  2.664520e+01
  4.209000e-01  2.676005e+01
  4.100000e-01  1.768690e+01
  3.994000e-01  3.043525e+01
  3.891000e-01  5.845865e+01
  3.790000e-01  4.995975e+01
  3.692000e-01  1.148500e+01
  3.596000e-01  7.580100e+00
  3.503000e-01  9.073151e+00
  3.412000e-01  1.022165e+01
  3.324000e-01  1.159985e+01
  3.238000e-01  1.102560e+01
  3.154000e-01  9.188000e+00
  3.072000e-01  1.240380e+01
  2.992000e-01  1.711265e+01
  2.915000e-01  1.895025e+01
  2.839000e-01  2.159180e+01
  2.766000e-01  1.343745e+01
  2.694000e-01  2.997585e+01
  2.624000e-01  6.339720e+01
  2.556000e-01  7.338920e+01
  2.490000e-01  3.629260e+01
  2.426000e-01  1.860570e+01
  2.363000e-01  2.607095e+01
  2.302000e-01  2.113240e+01
  2.242000e-01  1.343745e+01
  2.184000e-01  1.159985e+01
  2.127000e-01  1.194440e+01
  2.072000e-01  1.194440e+01
  2.019000e-01  1.022165e+01
  1.966000e-01  1.309290e+01
  1.915000e-01  1.699780e+01
  1.866000e-01  1.826115e+01
  1.817000e-01  9.532551e+00
  1.770000e-01  8.039500e+00
  1.725000e-01  9.647400e+00
  1.680000e-01  1.355230e+01
  1.636000e-01  1.309290e+01
  1.594000e-01  1.148500e+01
  1.553000e-01  1.504535e+01
  1.512000e-01  1.516020e+01
  1.473000e-01  1.550475e+01
  1.435000e-01  1.963935e+01
  1.398000e-01  1.619385e+01
  1.362000e-01  1.366715e+01
  1.326000e-01  1.607900e+01
  1.292000e-01  1.630870e+01
  1.259000e-01  1.814630e+01
  1.226000e-01  1.963935e+01
  1.194000e-01  2.205120e+01
  1.163000e-01  2.170665e+01
  1.133000e-01  2.193635e+01
  1.104000e-01  1.895025e+01
  1.075000e-01  2.308485e+01
  1.047000e-01  2.285515e+01
  1.020000e-01  2.182150e+01
  9.940000e-02  2.182150e+01
  9.680000e-02  2.457790e+01
  9.430000e-02  2.331455e+01
  9.190000e-02  2.308485e+01
  8.950000e-02  1.963935e+01
  8.720000e-02  2.055815e+01
  8.490000e-02  2.182150e+01
  8.270000e-02  1.940965e+01
  8.060000e-02  1.826115e+01
  7.850000e-02  1.975420e+01
  7.640000e-02  2.067300e+01
  7.450000e-02  1.929480e+01
  7.250000e-02  1.849085e+01
  7.070000e-02  1.872055e+01
  6.880000e-02  1.458595e+01
  6.700000e-02  1.470080e+01
  6.530000e-02  1.550475e+01
  6.360000e-02  1.527505e+01
  6.200000e-02  1.366715e+01
  6.040000e-02  1.378200e+01
  5.880000e-02  1.102560e+01
  5.730000e-02  1.091075e+01
  5.580000e-02  7.809800e+00
  5.430000e-02  7.924650e+00
  5.290000e-02  8.728600e+00
  5.160000e-02  8.039499e+00
  5.020000e-02  5.857350e+00
  4.890000e-02  5.512800e+00
  4.770000e-02  5.972200e+00
  4.640000e-02  6.087050e+00
  4.520000e-02  4.594000e+00
  4.410000e-02  4.708850e+00
  4.290000e-02  5.627650e+00
  4.180000e-02  4.134600e+00
  4.070000e-02  2.756400e+00
  3.970000e-02  3.675200e+00
  3.860000e-02  3.445500e+00
  3.760000e-02  2.182150e+00
  3.670000e-02  9.188000e-01
  3.570000e-02  1.493050e+00
  3.480000e-02  2.297000e+00
  3.390000e-02  9.188000e-01
  3.300000e-02  1.263350e+00
  3.220000e-02  1.148500e+00
  3.130000e-02  5.742500e-01
  3.050000e-02  2.297000e-01
  2.970000e-02  4.594000e-01
  2.890000e-02  5.742500e-01
  2.820000e-02  3.445500e-01
  2.750000e-02  0.000000e+00
  2.680000e-02  1.148500e-01
  2.610000e-02  5.742500e-01
  2.540000e-02  2.297000e-01
  2.470000e-02  0.000000e+00
  2.410000e-02  1.148500e-01
  2.350000e-02  1.148500e-01
  2.290000e-02  0.000000e+00
  2.230000e-02  1.148500e-01
  2.170000e-02  1.148500e-01
  2.110000e-02  3.445500e-01
  2.060000e-02  0.000000e+00
  2.000000e-02  1.148500e-01
  1.950000e-02  0.000000e+00
  1.900000e-02  0.000000e+00
  1.850000e-02  0.000000e+00
  1.800000e-02  1.148500e-01
  1.760000e-02  2.297000e-01
  1.710000e-02  1.148500e-01
  1.670000e-02  0.000000e+00
  1.630000e-02  1.148500e-01
  1.580000e-02  0.000000e+00
  1.540000e-02  0.000000e+00
  1.500000e-02  0.000000e+00
  1.460000e-02  0.000000e+00
  1.430000e-02  0.000000e+00
  1.390000e-02  1.148500e-01
  1.350000e-02  0.000000e+00
  1.320000e-02  0.000000e+00
  1.280000e-02  2.297000e-01
  1.250000e-02  0.000000e+00
  1.220000e-02  0.000000e+00
  1.190000e-02  0.000000e+00
  1.160000e-02  2.297000e-01
  1.130000e-02  6.891000e-01
  1.100000e-02  3.135405e+01
  1.070000e-02  4.536575e+01
  1.040000e-02  4.100145e+01
  1.010000e-02  3.096340e+02
