  4.934820e+03  2.161350e-02
  4.806990e+03  0.000000e+00
  4.682470e+03  7.204500e-03
  4.561180e+03  0.000000e+00
  4.443030e+03  2.161350e-02
  4.327940e+03  1.440850e-02
  4.215830e+03  0.000000e+00
  4.106630e+03  1.440900e-02
  4.000250e+03  7.204500e-03
  3.896630e+03  0.000000e+00
  3.795700e+03  7.204500e-03
  3.697380e+03  1.440900e-02
  3.601600e+03  0.000000e+00
  3.508310e+03  0.000000e+00
  3.417430e+03  0.000000e+00
  3.328910e+03  0.000000e+00
  3.242680e+03  7.204500e-03
  3.158680e+03  0.000000e+00
  3.076860e+03  7.204500e-03
  2.997160e+03  0.000000e+00
  2.919530e+03  7.204500e-03
  2.843900e+03  2.881750e-02
  2.770230e+03  1.440900e-02
  2.698480e+03  1.440900e-02
  2.628580e+03  2.881800e-02
  2.560490e+03  7.204500e-03
  2.494160e+03  1.440900e-02
  2.429550e+03  2.881800e-02
  2.366620e+03  2.161350e-02
  2.305320e+03  7.204400e-02
  2.245600e+03  3.602250e-02
  2.187430e+03  3.602250e-02
  2.130770e+03  7.204350e-02
  2.075580e+03  3.602250e-02
  2.021810e+03  4.322650e-02
  1.969440e+03  3.602200e-02
  1.918430e+03  7.204400e-02
  1.868730e+03  6.484050e-02
  1.820330e+03  7.924800e-02
  1.773170e+03  7.204500e-02
  1.727240e+03  9.365750e-02
  1.682500e+03  1.224745e-01
  1.638920e+03  1.512915e-01
  1.596470e+03  1.801090e-01
  1.555110e+03  1.729040e-01
  1.514830e+03  1.656995e-01
  1.475590e+03  1.801085e-01
  1.437370e+03  1.656995e-01
  1.400140e+03  1.729045e-01
  1.363870e+03  3.241940e-01
  1.328540e+03  3.025810e-01
  1.294120e+03  3.025810e-01
  1.260600e+03  3.025800e-01
  1.227950e+03  4.538730e-01
  1.196140e+03  4.034405e-01
  1.165160e+03  5.763425e-01
  1.134980e+03  4.898920e-01
  1.105580e+03  4.970950e-01
  1.076940e+03  6.195690e-01
  1.049040e+03  7.060180e-01
  1.021870e+03  7.708615e-01
  9.953980e+02  9.653760e-01
  9.696140e+02  9.077375e-01
  9.444970e+02  1.159895e+00
  9.200320e+02  1.217535e+00
  8.962000e+02  1.239140e+00
  8.729850e+02  1.412040e+00
  8.503720e+02  1.620970e+00
  8.283450e+02  1.707425e+00
  8.068880e+02  2.096440e+00
  7.859870e+02  2.413435e+00
  7.656270e+02  2.593555e+00
  7.457950e+02  3.400405e+00
  7.264760e+02  3.285155e+00
  7.076580e+02  3.220315e+00
  6.893270e+02  4.517090e+00
  6.714710e+02  4.661155e+00
  6.540780e+02  5.187095e+00
  6.371350e+02  5.511280e+00
  6.206310e+02  6.433430e+00
  6.045550e+02  7.593320e+00
  5.888950e+02  8.328130e+00
  5.736410e+02  8.875666e+00
  5.587810e+02  9.999505e+00
  5.443070e+02  1.071280e+01
  5.302080e+02  1.256430e+01
  5.164740e+02  1.407705e+01
  5.030950e+02  1.569095e+01
  4.900630e+02  1.724715e+01
  4.773690e+02  1.948035e+01
  4.650040e+02  2.143280e+01
  4.529580e+02  2.411265e+01
  4.412250e+02  2.726090e+01
  4.297960e+02  3.024365e+01
  4.186630e+02  3.270040e+01
  4.078180e+02  3.730375e+01
  3.972540e+02  4.167675e+01
  3.869640e+02  4.597765e+01
  3.769400e+02  5.178435e+01
  3.671770e+02  5.605645e+01
  3.576650e+02  6.329675e+01
  3.484010e+02  7.016969e+01
  3.393760e+02  7.810890e+01
  3.305850e+02  8.582455e+01
  3.220220e+02  9.643620e+01
  3.136800e+02  1.053545e+02
  3.055550e+02  1.127680e+02
  2.976400e+02  1.261105e+02
  2.899300e+02  1.413920e+02
  2.824200e+02  1.534800e+02
  2.751040e+02  1.699560e+02
  2.679780e+02  1.860370e+02
  2.610370e+02  2.029525e+02
  2.542750e+02  2.233900e+02
  2.476890e+02  2.446785e+02
  2.412730e+02  2.746495e+02
  2.350230e+02  2.996565e+02
  2.289350e+02  3.303895e+02
  2.230050e+02  3.649550e+02
  2.172280e+02  3.968690e+02
  2.116010e+02  4.336175e+02
  2.061200e+02  4.715935e+02
  2.007810e+02  5.134200e+02
  1.955800e+02  5.623445e+02
  1.905140e+02  6.173845e+02
  1.855790e+02  6.774470e+02
  1.807720e+02  7.370550e+02
  1.760890e+02  7.989330e+02
  1.715280e+02  8.658310e+02
  1.670850e+02  9.409295e+02
  1.627570e+02  1.015195e+03
  1.585410e+02  1.090270e+03
  1.544340e+02  1.164120e+03
  1.504340e+02  1.243425e+03
  1.465370e+02  1.324890e+03
  1.427410e+02  1.410775e+03
  1.390440e+02  1.504685e+03
  1.354420e+02  1.596375e+03
  1.319340e+02  1.676590e+03
  1.285160e+02  1.777765e+03
  1.251870e+02  1.874620e+03
  1.219440e+02  1.971425e+03
  1.187850e+02  2.065240e+03
  1.157090e+02  2.166710e+03
  1.127110e+02  2.269610e+03
  1.097920e+02  2.379215e+03
  1.069480e+02  2.491535e+03
  1.041770e+02  2.607405e+03
  1.014790e+02  2.726635e+03
  9.885030e+01  2.846640e+03
  9.628970e+01  2.957080e+03
  9.379550e+01  3.088915e+03
  9.136590e+01  3.208925e+03
  8.899920e+01  3.339030e+03
  8.669380e+01  3.459780e+03
  8.444820e+01  3.592220e+03
  8.226070e+01  3.724315e+03
  8.012980e+01  3.860340e+03
  7.805420e+01  3.987515e+03
  7.603240e+01  4.130340e+03
  7.406290e+01  4.265075e+03
  7.214440e+01  4.381720e+03
  7.027560e+01  4.501785e+03
  6.845520e+01  4.633925e+03
  6.668200e+01  4.762120e+03
  6.495470e+01  4.861820e+03
  6.327220e+01  4.910465e+03
  6.163320e+01  4.955890e+03
  6.003670e+01  4.985060e+03
  5.848160e+01  4.969575e+03
  5.696670e+01  4.960865e+03
  5.549110e+01  4.953720e+03
  5.405370e+01  4.965945e+03
  5.265350e+01  4.982425e+03
  5.128960e+01  4.992210e+03
  4.996100e+01  5.001295e+03
  4.866690e+01  4.988540e+03
  4.740620e+01  4.972475e+03
  4.617830e+01  4.927205e+03
  4.498210e+01  4.819720e+03
  4.381690e+01  4.718395e+03
  4.268190e+01  4.611185e+03
  4.157630e+01  4.465640e+03
  4.049930e+01  4.333480e+03
  3.945030e+01  4.219130e+03
  3.842840e+01  4.114965e+03
  3.743290e+01  3.970665e+03
  3.646330e+01  3.863495e+03
  3.551880e+01  3.750575e+03
  3.459870e+01  3.638815e+03
  3.370250e+01  3.513845e+03
  3.282950e+01  3.403585e+03
  3.197910e+01  3.299555e+03
  3.115070e+01  3.165540e+03
  3.034380e+01  3.074815e+03
  2.955780e+01  2.941805e+03
  2.879220e+01  2.823890e+03
  2.804640e+01  2.712685e+03
  2.731990e+01  2.583055e+03
  2.661220e+01  2.454445e+03
  2.592290e+01  2.328180e+03
  2.525140e+01  2.199635e+03
  2.459730e+01  2.061585e+03
  2.396010e+01  1.938530e+03
  2.333950e+01  1.808545e+03
  2.273490e+01  1.670425e+03
  2.214600e+01  1.537660e+03
  2.157230e+01  1.386715e+03
  2.101350e+01  1.256775e+03
  2.046920e+01  1.123815e+03
  1.993900e+01  1.005815e+03
  1.942250e+01  8.962120e+02
  1.891940e+01  8.032550e+02
  1.842930e+01  7.536320e+02
  1.795200e+01  7.108320e+02
  1.748690e+01  6.985780e+02
  1.703400e+01  6.944705e+02
  1.659270e+01  7.124666e+02
  1.616290e+01  7.302910e+02
  1.574430e+01  7.430065e+02
  1.533640e+01  7.553400e+02
  1.493920e+01  7.643015e+02
  1.455220e+01  7.380645e+02
  1.417520e+01  6.817850e+02
  1.380800e+01  5.768400e+02
  1.345040e+01  4.555265e+02
  1.310200e+01  3.361095e+02
  1.276260e+01  2.366030e+02
  1.243200e+01  1.564635e+02
  1.211000e+01  1.027615e+02
  1.179630e+01  6.394520e+01
  1.149070e+01  3.938585e+01
  1.119310e+01  2.787335e+01
  1.090310e+01  2.015755e+01
  1.062070e+01  1.459590e+01
  1.034560e+01  1.077750e+01
  1.007760e+01  6.858475e+00
  9.816600e+00  4.920520e+00
  9.562300e+00  3.299560e+00
  9.314600e+00  3.782255e+00
  9.073300e+00  6.498265e+00
  8.838300e+00  1.187270e+01
  8.609300e+00  2.071230e+01
  8.386300e+00  3.896805e+01
  8.169100e+00  6.926915e+01
  7.957500e+00  1.152680e+02
  7.751400e+00  1.526235e+02
  7.550600e+00  2.028725e+02
  7.355000e+00  2.073745e+02
  7.164500e+00  1.920090e+02
  6.978900e+00  1.789180e+02
  6.798100e+00  1.571405e+02
  6.622000e+00  1.399145e+02
  6.450500e+00  1.209380e+02
  6.283400e+00  1.047505e+02
  6.120600e+00  8.967895e+01
  5.962100e+00  7.831050e+01
  5.807600e+00  7.410310e+01
  5.657200e+00  7.000404e+01
  5.510700e+00  6.550145e+01
  5.367900e+00  5.645995e+01
  5.228900e+00  5.002645e+01
  5.093400e+00  4.498360e+01
  4.961500e+00  3.896070e+01
  4.833000e+00  3.208060e+01
  4.707800e+00  2.882430e+01
  4.585800e+00  2.366610e+01
  4.467100e+00  1.963890e+01
  4.351300e+00  1.773675e+01
  4.238600e+00  1.499215e+01
  4.128800e+00  1.331350e+01
  4.021900e+00  1.311170e+01
  3.917700e+00  1.093600e+01
  3.816200e+00  8.601891e+00
  3.717400e+00  7.571705e+00
  3.621100e+00  6.346975e+00
  3.527300e+00  5.251920e+00
  3.435900e+00  4.070420e+00
  3.346900e+00  2.766435e+00
  3.260200e+00  2.038800e+00
  3.175800e+00  1.246350e+00
  3.093500e+00  5.619355e-01
  3.013400e+00  3.962355e-01
  2.935300e+00  4.466660e-01
  2.859300e+00  5.547285e-01
  2.785200e+00  8.501050e-01
  2.713100e+00  1.174300e+00
  2.642800e+00  1.210325e+00
  2.574300e+00  9.077410e-01
  2.507600e+00  8.573130e-01
  2.442700e+00  8.429080e-01
  2.379400e+00  8.501040e-01
  2.317800e+00  6.699975e-01
  2.257700e+00  5.835485e-01
  2.199300e+00  5.403220e-01
  2.142300e+00  4.394615e-01
  2.086800e+00  3.962365e-01
  2.032700e+00  5.187095e-01
  1.980100e+00  3.458075e-01
  1.928800e+00  2.017215e-01
  1.878800e+00  2.233345e-01
  1.830200e+00  2.953780e-01
  1.782800e+00  4.322575e-01
  1.736600e+00  2.881725e-01
  1.691600e+00  2.017220e-01
  1.647800e+00  1.368830e-01
  1.605100e+00  1.368835e-01
  1.563500e+00  1.224740e-01
  1.523000e+00  1.368830e-01
  1.483600e+00  1.080660e-01
  1.445100e+00  7.924800e-02
  1.407700e+00  1.008615e-01
  1.371200e+00  6.483950e-02
  1.335700e+00  6.484000e-02
  1.301100e+00  8.645300e-02
  1.267400e+00  7.204450e-02
  1.234600e+00  7.924899e-02
  1.202600e+00  7.924850e-02
  1.171500e+00  5.043150e-02
  1.141100e+00  7.924850e-02
  1.111600e+00  5.043100e-02
  1.082800e+00  5.043100e-02
  1.054700e+00  5.043050e-02
  1.027400e+00  6.483901e-02
  1.000800e+00  1.440900e-02
  9.749000e-01  3.602200e-02
  9.496000e-01  8.645301e-02
  9.250000e-01  5.043150e-02
  9.010000e-01  1.440900e-02
  8.777000e-01  5.043100e-02
  8.550000e-01  7.204400e-02
  8.328000e-01  3.602200e-02
  8.113000e-01  3.602250e-02
  7.902000e-01  8.645250e-02
  7.698000e-01  1.440900e-02
  7.498000e-01  2.161350e-02
  7.304000e-01  7.204500e-03
  7.115000e-01  4.322650e-02
  6.931000e-01  7.924800e-02
  6.751000e-01  1.296795e-01
  6.576000e-01  2.737640e-01
  6.406000e-01  2.953780e-01
  6.240000e-01  5.763550e-02
  6.078000e-01  4.322700e-02
  5.921000e-01  9.365700e-02
  5.767000e-01  3.602250e-02
  5.618000e-01  5.043100e-02
  5.472000e-01  7.204500e-02
  5.331000e-01  7.204450e-02
  5.193000e-01  5.043100e-02
  5.058000e-01  7.924800e-02
  4.927000e-01  7.924899e-02
  4.799000e-01  7.204350e-02
  4.675000e-01  1.080660e-01
  4.554000e-01  2.881800e-02
  4.436000e-01  6.484000e-02
  4.321000e-01  1.080660e-01
  4.209000e-01  4.322650e-02
  4.100000e-01  6.484000e-02
  3.994000e-01  1.152700e-01
  3.891000e-01  8.645250e-02
  3.790000e-01  1.008610e-01
  3.692000e-01  1.440875e-01
  3.596000e-01  8.645250e-02
  3.503000e-01  1.008610e-01
  3.412000e-01  5.043150e-02
  3.324000e-01  1.080670e-01
  3.238000e-01  7.924800e-02
  3.154000e-01  8.645350e-02
  3.072000e-01  1.008615e-01
  2.992000e-01  1.296790e-01
  2.915000e-01  9.365700e-02
  2.839000e-01  1.729050e-01
  2.766000e-01  1.008620e-01
  2.694000e-01  1.368820e-01
  2.624000e-01  1.584950e-01
  2.556000e-01  1.801095e-01
  2.490000e-01  1.080645e-01
  2.426000e-01  5.763550e-02
  2.363000e-01  1.224740e-01
  2.302000e-01  1.368825e-01
  2.242000e-01  1.224740e-01
  2.184000e-01  9.365700e-02
  2.127000e-01  1.008605e-01
  2.072000e-01  3.602200e-02
  2.019000e-01  3.602250e-02
  1.966000e-01  7.924850e-02
  1.915000e-01  7.924899e-02
  1.866000e-01  5.763500e-02
  1.817000e-01  3.602250e-02
  1.770000e-01  9.365700e-02
  1.725000e-01  3.602250e-02
  1.680000e-01  4.322700e-02
  1.636000e-01  5.763500e-02
  1.594000e-01  1.440900e-02
  1.553000e-01  5.763550e-02
  1.512000e-01  1.440900e-02
  1.473000e-01  2.161350e-02
  1.435000e-01  2.881800e-02
  1.398000e-01  2.881800e-02
  1.362000e-01  1.440900e-02
  1.326000e-01  4.322700e-02
  1.292000e-01  7.204500e-03
  1.259000e-01  1.440850e-02
  1.226000e-01  7.204500e-03
  1.194000e-01  7.204500e-03
  1.163000e-01  2.161350e-02
  1.133000e-01  7.204500e-03
  1.104000e-01  2.881800e-02
  1.075000e-01  4.322700e-02
  1.047000e-01  1.440850e-02
  1.020000e-01  7.204500e-03
  9.940000e-02  1.440900e-02
  9.680000e-02  2.881800e-02
  9.430000e-02  0.000000e+00
  9.190000e-02  0.000000e+00
  8.950000e-02  7.204500e-03
  8.720000e-02  7.204500e-03
  8.490000e-02  7.204500e-03
  8.270000e-02  0.000000e+00
  8.060000e-02  7.204500e-03
  7.850000e-02  1.440900e-02
  7.640000e-02  7.204500e-03
  7.450000e-02  0.000000e+00
  7.250000e-02  0.000000e+00
  7.070000e-02  0.000000e+00
  6.880000e-02  0.000000e+00
  6.700000e-02  0.000000e+00
  6.530000e-02  0.000000e+00
  6.360000e-02  7.204500e-03
  6.200000e-02  0.000000e+00
  6.040000e-02  0.000000e+00
  5.880000e-02  0.000000e+00
  5.730000e-02  0.000000e+00
  5.580000e-02  0.000000e+00
  5.430000e-02  0.000000e+00
  5.290000e-02  0.000000e+00
  5.160000e-02  0.000000e+00
  5.020000e-02  0.000000e+00
  4.890000e-02  0.000000e+00
  4.770000e-02  0.000000e+00
  4.640000e-02  0.000000e+00
  4.520000e-02  0.000000e+00
  4.410000e-02  0.000000e+00
  4.290000e-02  0.000000e+00
  4.180000e-02  0.000000e+00
  4.070000e-02  0.000000e+00
  3.970000e-02  0.000000e+00
  3.860000e-02  0.000000e+00
  3.760000e-02  0.000000e+00
  3.670000e-02  0.000000e+00
  3.570000e-02  0.000000e+00
  3.480000e-02  0.000000e+00
  3.390000e-02  0.000000e+00
  3.300000e-02  0.000000e+00
  3.220000e-02  0.000000e+00
  3.130000e-02  0.000000e+00
  3.050000e-02  0.000000e+00
  2.970000e-02  7.204500e-03
  2.890000e-02  0.000000e+00
  2.820000e-02  0.000000e+00
  2.750000e-02  0.000000e+00
  2.680000e-02  0.000000e+00
  2.610000e-02  0.000000e+00
  2.540000e-02  0.000000e+00
  2.470000e-02  0.000000e+00
  2.410000e-02  0.000000e+00
  2.350000e-02  0.000000e+00
  2.290000e-02  0.000000e+00
  2.230000e-02  0.000000e+00
  2.170000e-02  0.000000e+00
  2.110000e-02  0.000000e+00
  2.060000e-02  0.000000e+00
  2.000000e-02  0.000000e+00
  1.950000e-02  0.000000e+00
  1.900000e-02  0.000000e+00
  1.850000e-02  0.000000e+00
  1.800000e-02  0.000000e+00
  1.760000e-02  0.000000e+00
  1.710000e-02  0.000000e+00
  1.670000e-02  0.000000e+00
  1.630000e-02  0.000000e+00
  1.580000e-02  0.000000e+00
  1.540000e-02  0.000000e+00
  1.500000e-02  0.000000e+00
  1.460000e-02  0.000000e+00
  1.430000e-02  0.000000e+00
  1.390000e-02  0.000000e+00
  1.350000e-02  0.000000e+00
  1.320000e-02  0.000000e+00
  1.280000e-02  0.000000e+00
  1.250000e-02  0.000000e+00
  1.220000e-02  0.000000e+00
  1.190000e-02  0.000000e+00
  1.160000e-02  0.000000e+00
  1.130000e-02  7.204500e-03
  1.100000e-02  1.440850e-02
  1.070000e-02  0.000000e+00
  1.040000e-02  0.000000e+00
  1.010000e-02  3.025805e-01
