  4.934820e+03  1.758900e-02
  4.806990e+03  0.000000e+00
  4.682470e+03  8.794500e-03
  4.561180e+03  0.000000e+00
  4.443030e+03  0.000000e+00
  4.327940e+03  0.000000e+00
  4.215830e+03  0.000000e+00
  4.106630e+03  0.000000e+00
  4.000250e+03  8.794500e-03
  3.896630e+03  0.000000e+00
  3.795700e+03  8.794500e-03
  3.697380e+03  0.000000e+00
  3.601600e+03  0.000000e+00
  3.508310e+03  8.794500e-03
  3.417430e+03  1.758900e-02
  3.328910e+03  8.794500e-03
  3.242680e+03  0.000000e+00
  3.158680e+03  2.638350e-02
  3.076860e+03  2.638350e-02
  2.997160e+03  3.517800e-02
  2.919530e+03  1.758900e-02
  2.843900e+03  3.517800e-02
  2.770230e+03  8.794500e-03
  2.698480e+03  8.794500e-03
  2.628580e+03  4.397250e-02
  2.560490e+03  4.397250e-02
  2.494160e+03  3.517800e-02
  2.429550e+03  6.156150e-02
  2.366620e+03  7.915050e-02
  2.305320e+03  5.276700e-02
  2.245600e+03  9.673950e-02
  2.187430e+03  6.156150e-02
  2.130770e+03  1.055340e-01
  2.075580e+03  7.035600e-02
  2.021810e+03  7.915050e-02
  1.969440e+03  1.407120e-01
  1.918430e+03  1.231230e-01
  1.868730e+03  1.670955e-01
  1.820330e+03  1.670945e-01
  1.773170e+03  1.758890e-01
  1.727240e+03  1.143285e-01
  1.682500e+03  1.583010e-01
  1.638920e+03  2.550395e-01
  1.596470e+03  2.198610e-01
  1.555110e+03  6.331970e-01
  1.514830e+03  8.706420e-01
  1.475590e+03  6.859650e-01
  1.437370e+03  3.869535e-01
  1.400140e+03  3.957475e-01
  1.363870e+03  5.452545e-01
  1.328540e+03  5.892225e-01
  1.294120e+03  6.331955e-01
  1.260600e+03  7.827015e-01
  1.227950e+03  8.970255e-01
  1.196140e+03  7.739090e-01
  1.165160e+03  8.618495e-01
  1.134980e+03  1.011356e+00
  1.105580e+03  1.275195e+00
  1.076940e+03  1.354345e+00
  1.049040e+03  1.371935e+00
  1.021870e+03  1.583000e+00
  9.953980e+02  1.794070e+00
  9.696140e+02  2.031530e+00
  9.444970e+02  2.453665e+00
  9.200320e+02  2.691110e+00
  8.962000e+02  3.385880e+00
  8.729850e+02  3.201200e+00
  8.503720e+02  4.168595e+00
  8.283450e+02  4.669885e+00
  8.068880e+02  5.056835e+00
  7.859870e+02  5.672450e+00
  7.656270e+02  6.754165e+00
  7.457950e+02  8.143735e+00
  7.264760e+02  8.416285e+00
  7.076580e+02  9.163935e+00
  6.893270e+02  1.014879e+01
  6.714710e+02  1.180220e+01
  6.540780e+02  1.344685e+01
  6.371350e+02  1.488910e+01
  6.206310e+02  1.685900e+01
  6.045550e+02  1.912805e+01
  5.888950e+02  2.117715e+01
  5.736410e+02  2.434305e+01
  5.587810e+02  2.721900e+01
  5.443070e+02  3.083355e+01
  5.302080e+02  3.552095e+01
  5.164740e+02  3.837920e+01
  5.030950e+02  4.446490e+01
  4.900630e+02  4.920515e+01
  4.773690e+02  5.481605e+01
  4.650040e+02  6.258150e+01
  4.529580e+02  6.996885e+01
  4.412250e+02  7.719810e+01
  4.297960e+02  8.774270e+01
  4.186630e+02  9.975591e+01
  4.078180e+02  1.094910e+02
  3.972540e+02  1.248465e+02
  3.869640e+02  1.404745e+02
  3.769400e+02  1.596735e+02
  3.671770e+02  1.764445e+02
  3.576650e+02  1.958530e+02
  3.484010e+02  2.222450e+02
  3.393760e+02  2.474420e+02
  3.305850e+02  2.763665e+02
  3.220220e+02  3.079400e+02
  3.136800e+02  3.419825e+02
  3.055550e+02  3.813210e+02
  2.976400e+02  4.300070e+02
  2.899300e+02  4.765640e+02
  2.824200e+02  5.256030e+02
  2.751040e+02  5.896785e+02
  2.679780e+02  6.589530e+02
  2.610370e+02  7.220975e+02
  2.542750e+02  8.082130e+02
  2.476890e+02  8.935990e+02
  2.412730e+02  9.870855e+02
  2.350230e+02  1.098340e+03
  2.289350e+02  1.219230e+03
  2.230050e+02  1.345375e+03
  2.172280e+02  1.487085e+03
  2.116010e+02  1.631160e+03
  2.061200e+02  1.797845e+03
  2.007810e+02  1.983850e+03
  1.955800e+02  2.172320e+03
  1.905140e+02  2.395010e+03
  1.855790e+02  2.624130e+03
  1.807720e+02  2.868740e+03
  1.760890e+02  3.121990e+03
  1.715280e+02  3.399315e+03
  1.670850e+02  3.676105e+03
  1.627570e+02  3.986700e+03
  1.585410e+02  4.300530e+03
  1.544340e+02  4.616200e+03
  1.504340e+02  4.946550e+03
  1.465370e+02  5.295830e+03
  1.427410e+02  5.628310e+03
  1.390440e+02  5.996855e+03
  1.354420e+02  6.367920e+03
  1.319340e+02  6.752985e+03
  1.285160e+02  7.125970e+03
  1.251870e+02  7.501280e+03
  1.219440e+02  7.877120e+03
  1.187850e+02  8.254495e+03
  1.157090e+02  8.592400e+03
  1.127110e+02  8.959540e+03
  1.097920e+02  9.292415e+03
  1.069480e+02  9.603150e+03
  1.041770e+02  9.929590e+03
  1.014790e+02  1.015040e+04
  9.885030e+01  1.041920e+04
  9.628970e+01  1.062720e+04
  9.379550e+01  1.077410e+04
  9.136590e+01  1.086780e+04
  8.899920e+01  1.091260e+04
  8.669380e+01  1.091565e+04
  8.444820e+01  1.088925e+04
  8.226070e+01  1.075715e+04
  8.012980e+01  1.059695e+04
  7.805420e+01  1.035390e+04
  7.603240e+01  1.005430e+04
  7.406290e+01  9.704290e+03
  7.214440e+01  9.311500e+03
  7.027560e+01  8.913609e+03
  6.845520e+01  8.414270e+03
  6.668200e+01  7.906090e+03
  6.495470e+01  7.378525e+03
  6.327220e+01  6.912460e+03
  6.163320e+01  6.439185e+03
  6.003670e+01  5.974270e+03
  5.848160e+01  5.563890e+03
  5.696670e+01  5.147475e+03
  5.549110e+01  4.742090e+03
  5.405370e+01  4.256655e+03
  5.265350e+01  3.767080e+03
  5.128960e+01  3.306745e+03
  4.996100e+01  2.898410e+03
  4.866690e+01  2.464245e+03
  4.740620e+01  2.096185e+03
  4.617830e+01  1.757920e+03
  4.498210e+01  1.484080e+03
  4.381690e+01  1.290095e+03
  4.268190e+01  1.118085e+03
  4.157630e+01  9.612900e+02
  4.049930e+01  8.203585e+02
  3.945030e+01  7.053175e+02
  3.842840e+01  6.086835e+02
  3.743290e+01  5.163960e+02
  3.646330e+01  4.400410e+02
  3.551880e+01  3.719625e+02
  3.459870e+01  3.134270e+02
  3.370250e+01  2.544775e+02
  3.282950e+01  2.072770e+02
  3.197910e+01  1.644835e+02
  3.115070e+01  1.337205e+02
  3.034380e+01  1.042850e+02
  2.955780e+01  8.236040e+01
  2.879220e+01  6.248485e+01
  2.804640e+01  4.863350e+01
  2.731990e+01  3.713915e+01
  2.661220e+01  2.668250e+01
  2.592290e+01  1.885540e+01
  2.525140e+01  1.374590e+01
  2.459730e+01  9.770720e+00
  2.396010e+01  6.727775e+00
  2.333950e+01  5.118395e+00
  2.273490e+01  3.183610e+00
  2.214600e+01  1.917190e+00
  2.157230e+01  1.301580e+00
  2.101350e+01  8.618530e-01
  2.046920e+01  5.804295e-01
  1.993900e+01  2.990115e-01
  1.942250e+01  2.198615e-01
  1.891940e+01  1.846845e-01
  1.842930e+01  9.673950e-02
  1.795200e+01  7.915050e-02
  1.748690e+01  5.276700e-02
  1.703400e+01  3.517800e-02
  1.659270e+01  3.517800e-02
  1.616290e+01  0.000000e+00
  1.574430e+01  8.794500e-03
  1.533640e+01  3.517800e-02
  1.493920e+01  8.794500e-03
  1.455220e+01  8.794500e-03
  1.417520e+01  0.000000e+00
  1.380800e+01  8.794500e-03
  1.345040e+01  0.000000e+00
  1.310200e+01  0.000000e+00
  1.276260e+01  2.638350e-02
  1.243200e+01  8.794500e-03
  1.211000e+01  0.000000e+00
  1.179630e+01  8.794500e-03
  1.149070e+01  0.000000e+00
  1.119310e+01  0.000000e+00
  1.090310e+01  0.000000e+00
  1.062070e+01  8.794500e-03
  1.034560e+01  0.000000e+00
  1.007760e+01  8.794500e-03
  9.816600e+00  0.000000e+00
  9.562300e+00  0.000000e+00
  9.314600e+00  0.000000e+00
  9.073300e+00  1.758900e-02
  8.838300e+00  0.000000e+00
  8.609300e+00  0.000000e+00
  8.386300e+00  8.794500e-03
  8.169100e+00  1.758900e-02
  7.957500e+00  2.638350e-02
  7.751400e+00  1.758900e-02
  7.550600e+00  1.758900e-02
  7.355000e+00  1.758900e-02
  7.164500e+00  3.517800e-02
  6.978900e+00  6.156150e-02
  6.798100e+00  8.794500e-03
  6.622000e+00  1.758900e-02
  6.450500e+00  5.276700e-02
  6.283400e+00  7.035600e-02
  6.120600e+00  5.276700e-02
  5.962100e+00  5.276700e-02
  5.807600e+00  8.794500e-03
  5.657200e+00  2.638350e-02
  5.510700e+00  2.638350e-02
  5.367900e+00  5.276700e-02
  5.228900e+00  2.638350e-02
  5.093400e+00  2.638350e-02
  4.961500e+00  2.638350e-02
  4.833000e+00  4.397250e-02
  4.707800e+00  3.517800e-02
  4.585800e+00  2.638350e-02
  4.467100e+00  2.638350e-02
  4.351300e+00  2.638350e-02
  4.238600e+00  4.397250e-02
  4.128800e+00  5.276700e-02
  4.021900e+00  4.397250e-02
  3.917700e+00  5.276700e-02
  3.816200e+00  5.276700e-02
  3.717400e+00  1.758900e-02
  3.621100e+00  4.397250e-02
  3.527300e+00  5.276700e-02
  3.435900e+00  8.794500e-03
  3.346900e+00  2.638350e-02
  3.260200e+00  3.517800e-02
  3.175800e+00  4.397250e-02
  3.093500e+00  2.638350e-02
  3.013400e+00  0.000000e+00
  2.935300e+00  6.156150e-02
  2.859300e+00  8.794500e-03
  2.785200e+00  2.638350e-02
  2.713100e+00  1.758900e-02
  2.642800e+00  8.794500e-03
  2.574300e+00  3.517800e-02
  2.507600e+00  1.758900e-02
  2.442700e+00  8.794500e-03
  2.379400e+00  1.758900e-02
  2.317800e+00  4.397250e-02
  2.257700e+00  8.794500e-03
  2.199300e+00  0.000000e+00
  2.142300e+00  8.794500e-03
  2.086800e+00  8.794500e-03
  2.032700e+00  1.758900e-02
  1.980100e+00  8.794500e-03
  1.928800e+00  3.517800e-02
  1.878800e+00  0.000000e+00
  1.830200e+00  8.794500e-03
  1.782800e+00  1.758900e-02
  1.736600e+00  2.638350e-02
  1.691600e+00  2.638350e-02
  1.647800e+00  8.794500e-03
  1.605100e+00  8.794500e-03
  1.563500e+00  1.758900e-02
  1.523000e+00  8.794500e-03
  1.483600e+00  0.000000e+00
  1.445100e+00  8.794500e-03
  1.407700e+00  8.794500e-03
  1.371200e+00  2.638350e-02
  1.335700e+00  0.000000e+00
  1.301100e+00  0.000000e+00
  1.267400e+00  0.000000e+00
  1.234600e+00  8.794500e-03
  1.202600e+00  0.000000e+00
  1.171500e+00  0.000000e+00
  1.141100e+00  0.000000e+00
  1.111600e+00  8.794500e-03
  1.082800e+00  0.000000e+00
  1.054700e+00  0.000000e+00
  1.027400e+00  0.000000e+00
  1.000800e+00  8.794500e-03
  9.749000e-01  8.794500e-03
  9.496000e-01  0.000000e+00
  9.250000e-01  0.000000e+00
  9.010000e-01  0.000000e+00
  8.777000e-01  0.000000e+00
  8.550000e-01  8.794500e-03
  8.328000e-01  0.000000e+00
  8.113000e-01  0.000000e+00
  7.902000e-01  0.000000e+00
  7.698000e-01  0.000000e+00
  7.498000e-01  0.000000e+00
  7.304000e-01  0.000000e+00
  7.115000e-01  8.794500e-03
  6.931000e-01  0.000000e+00
  6.751000e-01  0.000000e+00
  6.576000e-01  1.758900e-02
  6.406000e-01  2.638350e-02
  6.240000e-01  0.000000e+00
  6.078000e-01  0.000000e+00
  5.921000e-01  8.794500e-03
  5.767000e-01  0.000000e+00
  5.618000e-01  8.794500e-03
  5.472000e-01  0.000000e+00
  5.331000e-01  0.000000e+00
  5.193000e-01  2.638350e-02
  5.058000e-01  0.000000e+00
  4.927000e-01  8.794500e-03
  4.799000e-01  0.000000e+00
  4.675000e-01  0.000000e+00
  4.554000e-01  8.794500e-03
  4.436000e-01  0.000000e+00
  4.321000e-01  0.000000e+00
  4.209000e-01  0.000000e+00
  4.100000e-01  0.000000e+00
  3.994000e-01  1.758900e-02
  3.891000e-01  0.000000e+00
  3.790000e-01  0.000000e+00
  3.692000e-01  8.794500e-03
  3.596000e-01  0.000000e+00
  3.503000e-01  1.758900e-02
  3.412000e-01  0.000000e+00
  3.324000e-01  8.794500e-03
  3.238000e-01  0.000000e+00
  3.154000e-01  0.000000e+00
  3.072000e-01  0.000000e+00
  2.992000e-01  0.000000e+00
  2.915000e-01  0.000000e+00
  2.839000e-01  0.000000e+00
  2.766000e-01  1.758900e-02
  2.694000e-01  0.000000e+00
  2.624000e-01  0.000000e+00
  2.556000e-01  1.758900e-02
  2.490000e-01  8.794500e-03
  2.426000e-01  0.000000e+00
  2.363000e-01  8.794500e-03
  2.302000e-01  0.000000e+00
  2.242000e-01  0.000000e+00
  2.184000e-01  0.000000e+00
  2.127000e-01  0.000000e+00
  2.072000e-01  0.000000e+00
  2.019000e-01  8.794500e-03
  1.966000e-01  0.000000e+00
  1.915000e-01  8.794500e-03
  1.866000e-01  0.000000e+00
  1.817000e-01  0.000000e+00
  1.770000e-01  8.794500e-03
  1.725000e-01  0.000000e+00
  1.680000e-01  0.000000e+00
  1.636000e-01  0.000000e+00
  1.594000e-01  0.000000e+00
  1.553000e-01  0.000000e+00
  1.512000e-01  0.000000e+00
  1.473000e-01  0.000000e+00
  1.435000e-01  0.000000e+00
  1.398000e-01  0.000000e+00
  1.362000e-01  0.000000e+00
  1.326000e-01  0.000000e+00
  1.292000e-01  0.000000e+00
  1.259000e-01  0.000000e+00
  1.226000e-01  0.000000e+00
  1.194000e-01  8.794500e-03
  1.163000e-01  0.000000e+00
  1.133000e-01  0.000000e+00
  1.104000e-01  0.000000e+00
  1.075000e-01  0.000000e+00
  1.047000e-01  0.000000e+00
  1.020000e-01  8.794500e-03
  9.940000e-02  0.000000e+00
  9.680000e-02  0.000000e+00
  9.430000e-02  0.000000e+00
  9.190000e-02  0.000000e+00
  8.950000e-02  0.000000e+00
  8.720000e-02  0.000000e+00
  8.490000e-02  0.000000e+00
  8.270000e-02  0.000000e+00
  8.060000e-02  0.000000e+00
  7.850000e-02  0.000000e+00
  7.640000e-02  0.000000e+00
  7.450000e-02  0.000000e+00
  7.250000e-02  0.000000e+00
  7.070000e-02  8.794500e-03
  6.880000e-02  0.000000e+00
  6.700000e-02  0.000000e+00
  6.530000e-02  0.000000e+00
  6.360000e-02  0.000000e+00
  6.200000e-02  0.000000e+00
  6.040000e-02  0.000000e+00
  5.880000e-02  0.000000e+00
  5.730000e-02  0.000000e+00
  5.580000e-02  0.000000e+00
  5.430000e-02  0.000000e+00
  5.290000e-02  0.000000e+00
  5.160000e-02  0.000000e+00
  5.020000e-02  0.000000e+00
  4.890000e-02  0.000000e+00
  4.770000e-02  0.000000e+00
  4.640000e-02  0.000000e+00
  4.520000e-02  0.000000e+00
  4.410000e-02  0.000000e+00
  4.290000e-02  0.000000e+00
  4.180000e-02  0.000000e+00
  4.070000e-02  0.000000e+00
  3.970000e-02  0.000000e+00
  3.860000e-02  0.000000e+00
  3.760000e-02  0.000000e+00
  3.670000e-02  0.000000e+00
  3.570000e-02  0.000000e+00
  3.480000e-02  0.000000e+00
  3.390000e-02  0.000000e+00
  3.300000e-02  0.000000e+00
  3.220000e-02  0.000000e+00
  3.130000e-02  0.000000e+00
  3.050000e-02  0.000000e+00
  2.970000e-02  0.000000e+00
  2.890000e-02  0.000000e+00
  2.820000e-02  0.000000e+00
  2.750000e-02  0.000000e+00
  2.680000e-02  0.000000e+00
  2.610000e-02  0.000000e+00
  2.540000e-02  0.000000e+00
  2.470000e-02  0.000000e+00
  2.410000e-02  0.000000e+00
  2.350000e-02  0.000000e+00
  2.290000e-02  0.000000e+00
  2.230000e-02  0.000000e+00
  2.170000e-02  0.000000e+00
  2.110000e-02  0.000000e+00
  2.060000e-02  0.000000e+00
  2.000000e-02  0.000000e+00
  1.950000e-02  0.000000e+00
  1.900000e-02  0.000000e+00
  1.850000e-02  0.000000e+00
  1.800000e-02  0.000000e+00
  1.760000e-02  0.000000e+00
  1.710000e-02  0.000000e+00
  1.670000e-02  0.000000e+00
  1.630000e-02  0.000000e+00
  1.580000e-02  0.000000e+00
  1.540000e-02  0.000000e+00
  1.500000e-02  0.000000e+00
  1.460000e-02  0.000000e+00
  1.430000e-02  0.000000e+00
  1.390000e-02  0.000000e+00
  1.350000e-02  0.000000e+00
  1.320000e-02  0.000000e+00
  1.280000e-02  0.000000e+00
  1.250000e-02  0.000000e+00
  1.220000e-02  0.000000e+00
  1.190000e-02  0.000000e+00
  1.160000e-02  0.000000e+00
  1.130000e-02  0.000000e+00
  1.100000e-02  1.758900e-02
  1.070000e-02  5.276700e-02
  1.040000e-02  4.397250e-02
  1.010000e-02  3.693670e-01
