  4.934820e+03  5.217700e-02
  4.806990e+03  0.000000e+00
  4.682470e+03  5.217700e-02
  4.561180e+03  2.608850e-02
  4.443030e+03  7.826350e-02
  4.327940e+03  0.000000e+00
  4.215830e+03  2.608850e-02
  4.106630e+03  5.217700e-02
  4.000250e+03  2.608850e-02
  3.896630e+03  0.000000e+00
  3.795700e+03  0.000000e+00
  3.697380e+03  0.000000e+00
  3.601600e+03  0.000000e+00
  3.508310e+03  1.304425e-01
  3.417430e+03  2.608850e-02
  3.328910e+03  2.608850e-02
  3.242680e+03  5.217700e-02
  3.158680e+03  7.826550e-02
  3.076860e+03  1.304405e-01
  2.997160e+03  5.217700e-02
  2.919530e+03  2.608850e-02
  2.843900e+03  2.608850e-02
  2.770230e+03  5.217700e-02
  2.698480e+03  7.826550e-02
  2.628580e+03  5.217700e-02
  2.560490e+03  7.826550e-02
  2.494160e+03  7.826550e-02
  2.429550e+03  2.608850e-02
  2.366620e+03  1.043540e-01
  2.305320e+03  5.217500e-02
  2.245600e+03  5.217700e-02
  2.187430e+03  5.217700e-02
  2.130770e+03  1.304425e-01
  2.075580e+03  1.043540e-01
  2.021810e+03  1.826175e-01
  1.969440e+03  1.304425e-01
  1.918430e+03  1.565310e-01
  1.868730e+03  2.347945e-01
  1.820330e+03  1.043540e-01
  1.773170e+03  2.087040e-01
  1.727240e+03  1.304420e-01
  1.682500e+03  1.826155e-01
  1.638920e+03  3.130575e-01
  1.596470e+03  2.608830e-01
  1.555110e+03  3.391460e-01
  1.514830e+03  4.956765e-01
  1.475590e+03  3.913215e-01
  1.437370e+03  3.652380e-01
  1.400140e+03  4.435005e-01
  1.363870e+03  5.217635e-01
  1.328540e+03  6.000325e-01
  1.294120e+03  8.348265e-01
  1.260600e+03  5.739375e-01
  1.227950e+03  8.087195e-01
  1.196140e+03  6.261095e-01
  1.165160e+03  1.017436e+00
  1.134980e+03  8.869905e-01
  1.105580e+03  9.652575e-01
  1.076940e+03  1.200055e+00
  1.049040e+03  1.434855e+00
  1.021870e+03  1.408775e+00
  9.953980e+02  1.591395e+00
  9.696140e+02  1.852290e+00
  9.444970e+02  1.878380e+00
  9.200320e+02  1.956630e+00
  8.962000e+02  2.113165e+00
  8.729850e+02  2.791480e+00
  8.503720e+02  2.582780e+00
  8.283450e+02  2.765395e+00
  8.068880e+02  3.782845e+00
  7.859870e+02  3.782850e+00
  7.656270e+02  4.148090e+00
  7.457950e+02  4.513330e+00
  7.264760e+02  5.243800e+00
  7.076580e+02  5.322075e+00
  6.893270e+02  6.182980e+00
  6.714710e+02  7.409135e+00
  6.540780e+02  7.513475e+00
  6.371350e+02  9.548380e+00
  6.206310e+02  1.001800e+01
  6.045550e+02  1.121810e+01
  5.888950e+02  1.252255e+01
  5.736410e+02  1.327910e+01
  5.587810e+02  1.562700e+01
  5.443070e+02  1.638350e+01
  5.302080e+02  1.878380e+01
  5.164740e+02  2.154920e+01
  5.030950e+02  2.165350e+01
  4.900630e+02  2.559280e+01
  4.773690e+02  2.796690e+01
  4.650040e+02  3.049750e+01
  4.529580e+02  3.365425e+01
  4.412250e+02  3.840225e+01
  4.297960e+02  4.354180e+01
  4.186630e+02  4.836810e+01
  4.078180e+02  5.282930e+01
  3.972540e+02  5.799480e+01
  3.869640e+02  6.480405e+01
  3.769400e+02  7.320454e+01
  3.671770e+02  8.191815e+01
  3.576650e+02  8.930120e+01
  3.484010e+02  9.793650e+01
  3.393760e+02  1.102775e+02
  3.305850e+02  1.208415e+02
  3.220220e+02  1.306255e+02
  3.136800e+02  1.462520e+02
  3.055550e+02  1.641485e+02
  2.976400e+02  1.827250e+02
  2.899300e+02  1.981165e+02
  2.824200e+02  2.212300e+02
  2.751040e+02  2.444760e+02
  2.679780e+02  2.682950e+02
  2.610370e+02  2.952435e+02
  2.542750e+02  3.201595e+02
  2.476890e+02  3.607005e+02
  2.412730e+02  4.019980e+02
  2.350230e+02  4.424355e+02
  2.289350e+02  4.824025e+02
  2.230050e+02  5.350500e+02
  2.172280e+02  5.852175e+02
  2.116010e+02  6.491870e+02
  2.061200e+02  7.152435e+02
  2.007810e+02  7.765260e+02
  1.955800e+02  8.553400e+02
  1.905140e+02  9.481100e+02
  1.855790e+02  1.042550e+03
  1.807720e+02  1.144380e+03
  1.760890e+02  1.252450e+03
  1.715280e+02  1.372955e+03
  1.670850e+02  1.486100e+03
  1.627570e+02  1.624775e+03
  1.585410e+02  1.765280e+03
  1.544340e+02  1.911530e+03
  1.504340e+02  2.047030e+03
  1.465370e+02  2.219815e+03
  1.427410e+02  2.405265e+03
  1.390440e+02  2.567235e+03
  1.354420e+02  2.750670e+03
  1.319340e+02  2.938120e+03
  1.285160e+02  3.120090e+03
  1.251870e+02  3.348055e+03
  1.219440e+02  3.551195e+03
  1.187850e+02  3.766615e+03
  1.157090e+02  4.005975e+03
  1.127110e+02  4.268235e+03
  1.097920e+02  4.517215e+03
  1.069480e+02  4.805225e+03
  1.041770e+02  5.069915e+03
  1.014790e+02  5.366160e+03
  9.885030e+01  5.681880e+03
  9.628970e+01  5.970805e+03
  9.379550e+01  6.327990e+03
  9.136590e+01  6.663635e+03
  8.899920e+01  7.025805e+03
  8.669380e+01  7.401820e+03
  8.444820e+01  7.797160e+03
  8.226070e+01  8.192085e+03
  8.012980e+01  8.583080e+03
  7.805420e+01  9.049330e+03
  7.603240e+01  9.520900e+03
  7.406290e+01  1.000433e+04
  7.214440e+01  1.048480e+04
  7.027560e+01  1.098435e+04
  6.845520e+01  1.150645e+04
  6.668200e+01  1.205460e+04
  6.495470e+01  1.256485e+04
  6.327220e+01  1.299365e+04
  6.163320e+01  1.337760e+04
  6.003670e+01  1.371700e+04
  5.848160e+01  1.403720e+04
  5.696670e+01  1.425180e+04
  5.549110e+01  1.453795e+04
  5.405370e+01  1.497425e+04
  5.265350e+01  1.553200e+04
  5.128960e+01  1.607265e+04
  4.996100e+01  1.670830e+04
  4.866690e+01  1.738295e+04
  4.740620e+01  1.807360e+04
  4.617830e+01  1.872245e+04
  4.498210e+01  1.929635e+04
  4.381690e+01  1.955315e+04
  4.268190e+01  1.970100e+04
  4.157630e+01  1.977790e+04
  4.049930e+01  1.988415e+04
  3.945030e+01  1.991040e+04
  3.842840e+01  1.989255e+04
  3.743290e+01  1.982485e+04
  3.646330e+01  1.977360e+04
  3.551880e+01  1.981570e+04
  3.459870e+01  1.981125e+04
  3.370250e+01  1.993735e+04
  3.282950e+01  2.011675e+04
  3.197910e+01  2.015225e+04
  3.115070e+01  2.031665e+04
  3.034380e+01  2.045520e+04
  2.955780e+01  2.067950e+04
  2.879220e+01  2.080330e+04
  2.804640e+01  2.101725e+04
  2.731990e+01  2.125565e+04
  2.661220e+01  2.146845e+04
  2.592290e+01  2.166060e+04
  2.525140e+01  2.194305e+04
  2.459730e+01  2.209450e+04
  2.396010e+01  2.236470e+04
  2.333950e+01  2.264000e+04
  2.273490e+01  2.288225e+04
  2.214600e+01  2.317755e+04
  2.157230e+01  2.342840e+04
  2.101350e+01  2.379850e+04
  2.046920e+01  2.405340e+04
  1.993900e+01  2.426295e+04
  1.942250e+01  2.445805e+04
  1.891940e+01  2.455820e+04
  1.842930e+01  2.457330e+04
  1.795200e+01  2.446505e+04
  1.748690e+01  2.437570e+04
  1.703400e+01  2.409965e+04
  1.659270e+01  2.372965e+04
  1.616290e+01  2.345890e+04
  1.574430e+01  2.305380e+04
  1.533640e+01  2.270940e+04
  1.493920e+01  2.251815e+04
  1.455220e+01  2.237685e+04
  1.417520e+01  2.247325e+04
  1.380800e+01  2.268720e+04
  1.345040e+01  2.317920e+04
  1.310200e+01  2.376220e+04
  1.276260e+01  2.444635e+04
  1.243200e+01  2.511290e+04
  1.211000e+01  2.589285e+04
  1.179630e+01  2.662870e+04
  1.149070e+01  2.734860e+04
  1.119310e+01  2.796540e+04
  1.090310e+01  2.852685e+04
  1.062070e+01  2.911605e+04
  1.034560e+01  2.969430e+04
  1.007760e+01  3.025605e+04
  9.816600e+00  3.080185e+04
  9.562300e+00  3.093905e+04
  9.314600e+00  3.045410e+04
  9.073300e+00  2.940520e+04
  8.838300e+00  2.786125e+04
  8.609300e+00  2.626720e+04
  8.386300e+00  2.473565e+04
  8.169100e+00  2.319660e+04
  7.957500e+00  2.198690e+04
  7.751400e+00  2.084560e+04
  7.550600e+00  2.018640e+04
  7.355000e+00  1.970965e+04
  7.164500e+00  1.948200e+04
  6.978900e+00  1.932260e+04
  6.798100e+00  1.922165e+04
  6.622000e+00  1.911205e+04
  6.450500e+00  1.903145e+04
  6.283400e+00  1.899150e+04
  6.120600e+00  1.886845e+04
  5.962100e+00  1.878555e+04
  5.807600e+00  1.859040e+04
  5.657200e+00  1.844935e+04
  5.510700e+00  1.842230e+04
  5.367900e+00  1.842700e+04
  5.228900e+00  1.831440e+04
  5.093400e+00  1.813985e+04
  4.961500e+00  1.799690e+04
  4.833000e+00  1.834420e+04
  4.707800e+00  1.901265e+04
  4.585800e+00  1.817745e+04
  4.467100e+00  1.797360e+04
  4.351300e+00  1.802535e+04
  4.238600e+00  1.816995e+04
  4.128800e+00  1.802775e+04
  4.021900e+00  2.085395e+04
  3.917700e+00  1.858360e+04
  3.816200e+00  1.699375e+04
  3.717400e+00  1.687590e+04
  3.621100e+00  1.671365e+04
  3.527300e+00  1.650810e+04
  3.435900e+00  1.639465e+04
  3.346900e+00  1.617860e+04
  3.260200e+00  1.602765e+04
  3.175800e+00  1.589475e+04
  3.093500e+00  1.550815e+04
  3.013400e+00  1.525255e+04
  2.935300e+00  1.514630e+04
  2.859300e+00  1.491115e+04
  2.785200e+00  1.490890e+04
  2.713100e+00  1.478070e+04
  2.642800e+00  1.455615e+04
  2.574300e+00  1.462660e+04
  2.507600e+00  1.441780e+04
  2.442700e+00  1.470105e+04
  2.379400e+00  1.471465e+04
  2.317800e+00  1.427450e+04
  2.257700e+00  1.377930e+04
  2.199300e+00  1.424255e+04
  2.142300e+00  1.360480e+04
  2.086800e+00  1.337735e+04
  2.032700e+00  1.358875e+04
  1.980100e+00  1.537760e+04
  1.928800e+00  1.182200e+04
  1.878800e+00  1.059450e+04
  1.830200e+00  1.348480e+04
  1.782800e+00  2.613570e+04
  1.736600e+00  1.604660e+04
  1.691600e+00  1.207195e+04
  1.647800e+00  1.123675e+04
  1.605100e+00  1.097385e+04
  1.563500e+00  1.065955e+04
  1.523000e+00  1.031760e+04
  1.483600e+00  1.011710e+04
  1.445100e+00  9.663435e+03
  1.407700e+00  9.284490e+03
  1.371200e+00  8.595920e+03
  1.335700e+00  9.044540e+03
  1.301100e+00  7.531745e+03
  1.267400e+00  5.938480e+03
  1.234600e+00  8.009860e+03
  1.202600e+00  8.437705e+03
  1.171500e+00  7.896645e+03
  1.141100e+00  8.869850e+03
  1.111600e+00  5.961475e+03
  1.082800e+00  5.269050e+03
  1.054700e+00  8.809920e+03
  1.027400e+00  6.594805e+03
  1.000800e+00  5.054265e+03
  9.749000e-01  7.336100e+03
  9.496000e-01  5.608130e+03
  9.250000e-01  5.631445e+03
  9.010000e-01  6.921760e+03
  8.777000e-01  7.232240e+03
  8.550000e-01  7.466000e+03
  8.328000e-01  7.888105e+03
  8.113000e-01  8.483135e+03
  7.902000e-01  8.858150e+03
  7.698000e-01  9.034795e+03
  7.498000e-01  9.736039e+03
  7.304000e-01  9.910410e+03
  7.115000e-01  1.028320e+04
  6.931000e-01  1.549805e+04
  6.751000e-01  7.877434e+04
  6.576000e-01  7.374870e+04
  6.406000e-01  1.850230e+05
  6.240000e-01  4.664505e+04
  6.078000e-01  1.358850e+04
  5.921000e-01  1.358770e+04
  5.767000e-01  1.386115e+04
  5.618000e-01  1.432060e+04
  5.472000e-01  1.428315e+04
  5.331000e-01  1.678135e+04
  5.193000e-01  1.514955e+04
  5.058000e-01  1.647895e+04
  4.927000e-01  2.330700e+04
  4.799000e-01  2.472895e+04
  4.675000e-01  2.002675e+04
  4.554000e-01  1.752115e+04
  4.436000e-01  2.741285e+04
  4.321000e-01  2.614335e+04
  4.209000e-01  2.592600e+04
  4.100000e-01  1.933950e+04
  3.994000e-01  3.235755e+04
  3.891000e-01  4.901655e+04
  3.790000e-01  4.951320e+04
  3.692000e-01  1.710560e+04
  3.596000e-01  1.460995e+04
  3.503000e-01  1.489180e+04
  3.412000e-01  1.443905e+04
  3.324000e-01  1.605840e+04
  3.238000e-01  1.449830e+04
  3.154000e-01  1.370175e+04
  3.072000e-01  1.738155e+04
  2.992000e-01  2.180570e+04
  2.915000e-01  2.679035e+04
  2.839000e-01  3.024380e+04
  2.766000e-01  2.587325e+04
  2.694000e-01  4.200090e+04
  2.624000e-01  8.225735e+04
  2.556000e-01  9.439160e+04
  2.490000e-01  3.831150e+04
  2.426000e-01  4.161330e+04
  2.363000e-01  4.267305e+04
  2.302000e-01  3.079880e+04
  2.242000e-01  2.274650e+04
  2.184000e-01  2.195585e+04
  2.127000e-01  2.274930e+04
  2.072000e-01  2.226255e+04
  2.019000e-01  2.283580e+04
  1.966000e-01  2.503630e+04
  1.915000e-01  3.335065e+04
  1.866000e-01  3.720005e+04
  1.817000e-01  3.062340e+04
  1.770000e-01  3.043615e+04
  1.725000e-01  3.097690e+04
  1.680000e-01  3.088085e+04
  1.636000e-01  2.994165e+04
  1.594000e-01  2.972310e+04
  1.553000e-01  3.078560e+04
  1.512000e-01  3.158500e+04
  1.473000e-01  3.175475e+04
  1.435000e-01  3.585870e+04
  1.398000e-01  3.411650e+04
  1.362000e-01  3.506260e+04
  1.326000e-01  4.027245e+04
  1.292000e-01  3.436945e+04
  1.259000e-01  3.455895e+04
  1.226000e-01  3.541195e+04
  1.194000e-01  3.563960e+04
  1.163000e-01  3.445840e+04
  1.133000e-01  3.536745e+04
  1.104000e-01  3.542465e+04
  1.075000e-01  3.420450e+04
  1.047000e-01  3.306330e+04
  1.020000e-01  3.271325e+04
  9.940000e-02  3.422910e+04
  9.680000e-02  3.395385e+04
  9.430000e-02  3.317170e+04
  9.190000e-02  3.188665e+04
  8.950000e-02  3.021960e+04
  8.720000e-02  2.885320e+04
  8.490000e-02  2.794030e+04
  8.270000e-02  2.697240e+04
  8.060000e-02  2.594980e+04
  7.850000e-02  2.512645e+04
  7.640000e-02  2.422725e+04
  7.450000e-02  2.322170e+04
  7.250000e-02  2.239810e+04
  7.070000e-02  2.203465e+04
  6.880000e-02  2.088990e+04
  6.700000e-02  1.978300e+04
  6.530000e-02  1.861855e+04
  6.360000e-02  1.744725e+04
  6.200000e-02  1.627350e+04
  6.040000e-02  1.512805e+04
  5.880000e-02  1.395770e+04
  5.730000e-02  1.285745e+04
  5.580000e-02  1.174805e+04
  5.430000e-02  1.065900e+04
  5.290000e-02  9.648220e+03
  5.160000e-02  8.659175e+03
  5.020000e-02  7.746180e+03
  4.890000e-02  6.866970e+03
  4.770000e-02  6.076645e+03
  4.640000e-02  5.359975e+03
  4.520000e-02  4.686360e+03
  4.410000e-02  4.082780e+03
  4.290000e-02  3.544470e+03
  4.180000e-02  3.071960e+03
  4.070000e-02  2.631060e+03
  3.970000e-02  2.246980e+03
  3.860000e-02  1.918605e+03
  3.760000e-02  1.615925e+03
  3.670000e-02  1.366375e+03
  3.570000e-02  1.157380e+03
  3.480000e-02  9.774880e+02
  3.390000e-02  8.167535e+02
  3.300000e-02  7.131050e+02
  3.220000e-02  5.932531e+02
  3.130000e-02  5.118040e+02
  3.050000e-02  4.466365e+02
  2.970000e-02  3.910405e+02
  2.890000e-02  3.442390e+02
  2.820000e-02  3.089665e+02
  2.750000e-02  2.778690e+02
  2.680000e-02  2.554855e+02
  2.610000e-02  2.364925e+02
  2.540000e-02  2.279365e+02
  2.470000e-02  2.155420e+02
  2.410000e-02  2.074560e+02
  2.350000e-02  1.975955e+02
  2.290000e-02  1.913070e+02
  2.230000e-02  1.856460e+02
  2.170000e-02  1.813410e+02
  2.110000e-02  1.829855e+02
  2.060000e-02  1.738540e+02
  2.000000e-02  1.716895e+02
  1.950000e-02  1.661310e+02
  1.900000e-02  1.590880e+02
  1.850000e-02  1.572095e+02
  1.800000e-02  1.514180e+02
  1.760000e-02  1.509485e+02
  1.710000e-02  1.443745e+02
  1.670000e-02  1.387915e+02
  1.630000e-02  1.376950e+02
  1.580000e-02  1.266605e+02
  1.540000e-02  1.235550e+02
  1.500000e-02  1.196425e+02
  1.460000e-02  1.127280e+02
  1.430000e-02  1.110585e+02
  1.390000e-02  1.053710e+02
  1.350000e-02  9.971035e+01
  1.320000e-02  9.801430e+01
  1.280000e-02  8.825735e+01
  1.250000e-02  8.285745e+01
  1.220000e-02  7.693520e+01
  1.190000e-02  7.255210e+01
  1.160000e-02  6.879555e+01
  1.130000e-02  6.242975e+01
  1.100000e-02  5.692520e+01
  1.070000e-02  5.314235e+01
  1.040000e-02  4.813335e+01
  1.010000e-02  3.749190e+02
