  4.934820e+03  7.259300e-02
  4.806990e+03  0.000000e+00
  4.682470e+03  0.000000e+00
  4.561180e+03  3.629650e-02
  4.443030e+03  0.000000e+00
  4.327940e+03  0.000000e+00
  4.215830e+03  0.000000e+00
  4.106630e+03  0.000000e+00
  4.000250e+03  3.629650e-02
  3.896630e+03  0.000000e+00
  3.795700e+03  0.000000e+00
  3.697380e+03  0.000000e+00
  3.601600e+03  3.629650e-02
  3.508310e+03  3.629650e-02
  3.417430e+03  0.000000e+00
  3.328910e+03  3.629650e-02
  3.242680e+03  3.629650e-02
  3.158680e+03  7.259300e-02
  3.076860e+03  0.000000e+00
  2.997160e+03  0.000000e+00
  2.919530e+03  0.000000e+00
  2.843900e+03  3.629650e-02
  2.770230e+03  3.629650e-02
  2.698480e+03  1.451860e-01
  2.628580e+03  1.451860e-01
  2.560490e+03  1.088895e-01
  2.494160e+03  7.259300e-02
  2.429550e+03  3.629650e-02
  2.366620e+03  7.259300e-02
  2.305320e+03  1.451860e-01
  2.245600e+03  1.088895e-01
  2.187430e+03  1.088895e-01
  2.130770e+03  1.088895e-01
  2.075580e+03  1.088895e-01
  2.021810e+03  2.177810e-01
  1.969440e+03  2.540775e-01
  1.918430e+03  2.177830e-01
  1.868730e+03  2.177790e-01
  1.820330e+03  2.177810e-01
  1.773170e+03  2.540775e-01
  1.727240e+03  3.992635e-01
  1.682500e+03  3.992675e-01
  1.638920e+03  3.266725e-01
  1.596470e+03  5.081550e-01
  1.555110e+03  1.306695e+00
  1.514830e+03  1.814835e+00
  1.475590e+03  9.074190e-01
  1.437370e+03  6.896385e-01
  1.400140e+03  1.052603e+00
  1.363870e+03  5.807465e-01
  1.328540e+03  5.444540e-01
  1.294120e+03  1.234100e+00
  1.260600e+03  9.437150e-01
  1.227950e+03  1.597050e+00
  1.196140e+03  1.851130e+00
  1.165160e+03  1.488170e+00
  1.134980e+03  1.669660e+00
  1.105580e+03  2.322975e+00
  1.076940e+03  2.177785e+00
  1.049040e+03  2.613345e+00
  1.021870e+03  2.794820e+00
  9.953980e+02  3.230380e+00
  9.696140e+02  3.847420e+00
  9.444970e+02  4.609635e+00
  9.200320e+02  4.573340e+00
  8.962000e+02  5.299275e+00
  8.729850e+02  5.916310e+00
  8.503720e+02  6.025210e+00
  8.283450e+02  6.170390e+00
  8.068880e+02  8.239255e+00
  7.859870e+02  8.928925e+00
  7.656270e+02  1.059864e+01
  7.457950e+02  1.230455e+01
  7.264760e+02  1.401045e+01
  7.076580e+02  1.426450e+01
  6.893270e+02  1.680520e+01
  6.714710e+02  1.862005e+01
  6.540780e+02  2.087050e+01
  6.371350e+02  2.333860e+01
  6.206310e+02  2.689550e+01
  6.045550e+02  3.001710e+01
  5.888950e+02  3.361035e+01
  5.736410e+02  4.065180e+01
  5.587810e+02  4.330155e+01
  5.443070e+02  4.870975e+01
  5.302080e+02  5.807420e+01
  5.164740e+02  6.025190e+01
  5.030950e+02  7.157645e+01
  4.900630e+02  8.075960e+01
  4.773690e+02  9.291840e+01
  4.650040e+02  1.014484e+02
  4.529580e+02  1.107035e+02
  4.412250e+02  1.303770e+02
  4.297960e+02  1.454390e+02
  4.186630e+02  1.579610e+02
  4.078180e+02  1.830425e+02
  3.972540e+02  2.061630e+02
  3.869640e+02  2.323330e+02
  3.769400e+02  2.647820e+02
  3.671770e+02  2.909515e+02
  3.576650e+02  3.300440e+02
  3.484010e+02  3.732355e+02
  3.393760e+02  4.178070e+02
  3.305850e+02  4.591860e+02
  3.220220e+02  5.178410e+02
  3.136800e+02  5.854245e+02
  3.055550e+02  6.509030e+02
  2.976400e+02  7.324965e+02
  2.899300e+02  8.176480e+02
  2.824200e+02  9.217820e+02
  2.751040e+02  1.031465e+03
  2.679780e+02  1.144395e+03
  2.610370e+02  1.280615e+03
  2.542750e+02  1.422225e+03
  2.476890e+02  1.602950e+03
  2.412730e+02  1.783965e+03
  2.350230e+02  1.980550e+03
  2.289350e+02  2.223745e+03
  2.230050e+02  2.478505e+03
  2.172280e+02  2.760440e+03
  2.116010e+02  3.068100e+03
  2.061200e+02  3.415920e+03
  2.007810e+02  3.745090e+03
  1.955800e+02  4.174440e+03
  1.905140e+02  4.646715e+03
  1.855790e+02  5.152190e+03
  1.807720e+02  5.673775e+03
  1.760890e+02  6.262600e+03
  1.715280e+02  6.882315e+03
  1.670850e+02  7.562345e+03
  1.627570e+02  8.274340e+03
  1.585410e+02  9.065135e+03
  1.544340e+02  9.832895e+03
  1.504340e+02  1.072195e+04
  1.465370e+02  1.159745e+04
  1.427410e+02  1.253890e+04
  1.390440e+02  1.352730e+04
  1.354420e+02  1.459460e+04
  1.319340e+02  1.572560e+04
  1.285160e+02  1.681740e+04
  1.251870e+02  1.796880e+04
  1.219440e+02  1.929730e+04
  1.187850e+02  2.059835e+04
  1.157090e+02  2.188080e+04
  1.127110e+02  2.325465e+04
  1.097920e+02  2.458870e+04
  1.069480e+02  2.594755e+04
  1.041770e+02  2.741645e+04
  1.014790e+02  2.876830e+04
  9.885030e+01  3.016515e+04
  9.628970e+01  3.152155e+04
  9.379550e+01  3.282610e+04
  9.136590e+01  3.408480e+04
  8.899920e+01  3.522545e+04
  8.669380e+01  3.634635e+04
  8.444820e+01  3.737500e+04
  8.226070e+01  3.812290e+04
  8.012980e+01  3.894295e+04
  7.805420e+01  3.935185e+04
  7.603240e+01  3.969605e+04
  7.406290e+01  3.993125e+04
  7.214440e+01  4.004300e+04
  7.027560e+01  3.987595e+04
  6.845520e+01  3.947125e+04
  6.668200e+01  3.880495e+04
  6.495470e+01  3.804405e+04
  6.327220e+01  3.743820e+04
  6.163320e+01  3.675600e+04
  6.003670e+01  3.588675e+04
  5.848160e+01  3.515425e+04
  5.696670e+01  3.423085e+04
  5.549110e+01  3.323530e+04
  5.405370e+01  3.192025e+04
  5.265350e+01  3.018410e+04
  5.128960e+01  2.860055e+04
  4.996100e+01  2.701970e+04
  4.866690e+01  2.499905e+04
  4.740620e+01  2.321400e+04
  4.617830e+01  2.143265e+04
  4.498210e+01  1.978485e+04
  4.381690e+01  1.868540e+04
  4.268190e+01  1.766720e+04
  4.157630e+01  1.657275e+04
  4.049930e+01  1.552030e+04
  3.945030e+01  1.457050e+04
  3.842840e+01  1.380145e+04
  3.743290e+01  1.300485e+04
  3.646330e+01  1.223300e+04
  3.551880e+01  1.141415e+04
  3.459870e+01  1.066310e+04
  3.370250e+01  9.883525e+03
  3.282950e+01  9.151650e+03
  3.197910e+01  8.446965e+03
  3.115070e+01  7.814940e+03
  3.034380e+01  7.181415e+03
  2.955780e+01  6.600345e+03
  2.879220e+01  5.992225e+03
  2.804640e+01  5.474900e+03
  2.731990e+01  5.007515e+03
  2.661220e+01  4.549595e+03
  2.592290e+01  4.128270e+03
  2.525140e+01  3.745195e+03
  2.459730e+01  3.421365e+03
  2.396010e+01  3.075470e+03
  2.333950e+01  2.780700e+03
  2.273490e+01  2.490720e+03
  2.214600e+01  2.256370e+03
  2.157230e+01  2.009765e+03
  2.101350e+01  1.797620e+03
  2.046920e+01  1.608625e+03
  1.993900e+01  1.446300e+03
  1.942250e+01  1.275605e+03
  1.891940e+01  1.142465e+03
  1.842930e+01  1.037240e+03
  1.795200e+01  9.283890e+02
  1.748690e+01  8.496980e+02
  1.703400e+01  7.636755e+02
  1.659270e+01  7.046930e+02
  1.616290e+01  6.452765e+02
  1.574430e+01  5.917040e+02
  1.533640e+01  5.435015e+02
  1.493920e+01  4.840120e+02
  1.455220e+01  4.382425e+02
  1.417520e+01  3.811120e+02
  1.380800e+01  3.158140e+02
  1.345040e+01  2.499735e+02
  1.310200e+01  2.014440e+02
  1.276260e+01  1.594495e+02
  1.243200e+01  1.263480e+02
  1.211000e+01  1.035895e+02
  1.179630e+01  8.108600e+01
  1.149070e+01  6.827335e+01
  1.119310e+01  5.742080e+01
  1.090310e+01  4.740310e+01
  1.062070e+01  3.967190e+01
  1.034560e+01  3.143275e+01
  1.007760e+01  2.595195e+01
  9.816600e+00  2.007180e+01
  9.562300e+00  1.829335e+01
  9.314600e+00  1.419200e+01
  9.073300e+00  1.244975e+01
  8.838300e+00  1.219570e+01
  8.609300e+00  1.165125e+01
  8.386300e+00  1.110685e+01
  8.169100e+00  1.201420e+01
  7.957500e+00  1.444590e+01
  7.751400e+00  1.767630e+01
  7.550600e+00  2.021700e+01
  7.355000e+00  2.156000e+01
  7.164500e+00  2.112450e+01
  6.978900e+00  1.992675e+01
  6.798100e+00  2.090670e+01
  6.622000e+00  2.152380e+01
  6.450500e+00  2.203195e+01
  6.283400e+00  2.145120e+01
  6.120600e+00  2.185040e+01
  5.962100e+00  2.112445e+01
  5.807600e+00  2.257635e+01
  5.657200e+00  2.381045e+01
  5.510700e+00  2.402825e+01
  5.367900e+00  2.595185e+01
  5.228900e+00  2.500830e+01
  5.093400e+00  2.613335e+01
  4.961500e+00  2.736750e+01
  4.833000e+00  2.642375e+01
  4.707800e+00  2.602450e+01
  4.585800e+00  2.642375e+01
  4.467100e+00  2.740375e+01
  4.351300e+00  2.820225e+01
  4.238600e+00  2.929130e+01
  4.128800e+00  3.012605e+01
  4.021900e+00  3.248525e+01
  3.917700e+00  3.056145e+01
  3.816200e+00  2.965420e+01
  3.717400e+00  3.208600e+01
  3.621100e+00  2.954535e+01
  3.527300e+00  3.067055e+01
  3.435900e+00  3.099715e+01
  3.346900e+00  2.900065e+01
  3.260200e+00  2.664155e+01
  3.175800e+00  2.468145e+01
  3.093500e+00  2.036225e+01
  3.013400e+00  1.923710e+01
  2.935300e+00  2.028955e+01
  2.859300e+00  2.028965e+01
  2.785200e+00  2.627855e+01
  2.713100e+00  2.972680e+01
  2.642800e+00  2.990825e+01
  2.574300e+00  2.693190e+01
  2.507600e+00  2.765780e+01
  2.442700e+00  2.609715e+01
  2.379400e+00  2.649630e+01
  2.317800e+00  2.562515e+01
  2.257700e+00  2.522605e+01
  2.199300e+00  2.577050e+01
  2.142300e+00  2.370165e+01
  2.086800e+00  2.268520e+01
  2.032700e+00  2.246750e+01
  1.980100e+00  2.228600e+01
  1.928800e+00  2.199570e+01
  1.878800e+00  2.010810e+01
  1.830200e+00  1.949110e+01
  1.782800e+00  1.894675e+01
  1.736600e+00  1.883775e+01
  1.691600e+00  1.865635e+01
  1.647800e+00  1.651480e+01
  1.605100e+00  1.473635e+01
  1.563500e+00  1.604280e+01
  1.523000e+00  1.491780e+01
  1.483600e+00  1.386540e+01
  1.445100e+00  1.205045e+01
  1.407700e+00  1.150610e+01
  1.371200e+00  1.038088e+01
  1.335700e+00  9.872700e+00
  1.301100e+00  9.908970e+00
  1.267400e+00  8.457090e+00
  1.234600e+00  9.074135e+00
  1.202600e+00  8.638585e+00
  1.171500e+00  9.074085e+00
  1.141100e+00  6.932600e+00
  1.111600e+00  6.533345e+00
  1.082800e+00  5.988905e+00
  1.054700e+00  6.061495e+00
  1.027400e+00  6.569655e+00
  1.000800e+00  5.154085e+00
  9.749000e-01  6.061485e+00
  9.496000e-01  6.170395e+00
  9.250000e-01  5.480750e+00
  9.010000e-01  4.972590e+00
  8.777000e-01  4.754825e+00
  8.550000e-01  5.988900e+00
  8.328000e-01  4.718535e+00
  8.113000e-01  5.480740e+00
  7.902000e-01  4.500750e+00
  7.698000e-01  4.791125e+00
  7.498000e-01  5.154080e+00
  7.304000e-01  5.335580e+00
  7.115000e-01  5.480750e+00
  6.931000e-01  5.371865e+00
  6.751000e-01  9.437059e+00
  6.576000e-01  1.339340e+01
  6.406000e-01  1.357495e+01
  6.240000e-01  5.553345e+00
  6.078000e-01  5.480755e+00
  5.921000e-01  5.625950e+00
  5.767000e-01  6.242980e+00
  5.618000e-01  6.460755e+00
  5.472000e-01  6.061490e+00
  5.331000e-01  7.005195e+00
  5.193000e-01  7.767420e+00
  5.058000e-01  8.711189e+00
  4.927000e-01  7.658535e+00
  4.799000e-01  7.005225e+00
  4.675000e-01  6.388165e+00
  4.554000e-01  7.368160e+00
  4.436000e-01  7.731150e+00
  4.321000e-01  7.694850e+00
  4.209000e-01  8.057810e+00
  4.100000e-01  7.767425e+00
  3.994000e-01  1.415570e+01
  3.891000e-01  1.306675e+01
  3.790000e-01  1.274010e+01
  3.692000e-01  1.034450e+01
  3.596000e-01  9.400785e+00
  3.503000e-01  9.727410e+00
  3.412000e-01  9.001545e+00
  3.324000e-01  9.618620e+00
  3.238000e-01  8.965260e+00
  3.154000e-01  9.582310e+00
  3.072000e-01  1.034455e+01
  2.992000e-01  1.241335e+01
  2.915000e-01  1.382900e+01
  2.839000e-01  1.633330e+01
  2.766000e-01  1.390160e+01
  2.694000e-01  1.332100e+01
  2.624000e-01  1.255860e+01
  2.556000e-01  1.128830e+01
  2.490000e-01  9.400840e+00
  2.426000e-01  8.638580e+00
  2.363000e-01  8.166735e+00
  2.302000e-01  7.259315e+00
  2.242000e-01  7.440765e+00
  2.184000e-01  6.678540e+00
  2.127000e-01  5.879995e+00
  2.072000e-01  5.154085e+00
  2.019000e-01  4.355570e+00
  1.966000e-01  4.246680e+00
  1.915000e-01  3.665925e+00
  1.866000e-01  3.339270e+00
  1.817000e-01  3.048885e+00
  1.770000e-01  3.230365e+00
  1.725000e-01  2.613340e+00
  1.680000e-01  2.831125e+00
  1.636000e-01  2.250385e+00
  1.594000e-01  2.649635e+00
  1.553000e-01  2.032605e+00
  1.512000e-01  2.431860e+00
  1.473000e-01  1.488170e+00
  1.435000e-01  1.560765e+00
  1.398000e-01  1.415575e+00
  1.362000e-01  1.016311e+00
  1.326000e-01  9.437200e-01
  1.292000e-01  8.711225e-01
  1.259000e-01  9.800160e-01
  1.226000e-01  6.896370e-01
  1.194000e-01  8.711225e-01
  1.163000e-01  4.355605e-01
  1.133000e-01  4.718590e-01
  1.104000e-01  3.992675e-01
  1.075000e-01  3.992640e-01
  1.047000e-01  2.540775e-01
  1.020000e-01  1.814830e-01
  9.940000e-02  1.451860e-01
  9.680000e-02  3.266705e-01
  9.430000e-02  2.177790e-01
  9.190000e-02  1.451860e-01
  8.950000e-02  1.088895e-01
  8.720000e-02  1.088895e-01
  8.490000e-02  7.259300e-02
  8.270000e-02  0.000000e+00
  8.060000e-02  3.629650e-02
  7.850000e-02  3.629650e-02
  7.640000e-02  7.259300e-02
  7.450000e-02  0.000000e+00
  7.250000e-02  1.088895e-01
  7.070000e-02  7.259300e-02
  6.880000e-02  3.629650e-02
  6.700000e-02  3.629650e-02
  6.530000e-02  3.629650e-02
  6.360000e-02  3.629650e-02
  6.200000e-02  3.629650e-02
  6.040000e-02  3.629650e-02
  5.880000e-02  3.629650e-02
  5.730000e-02  3.629650e-02
  5.580000e-02  0.000000e+00
  5.430000e-02  0.000000e+00
  5.290000e-02  0.000000e+00
  5.160000e-02  0.000000e+00
  5.020000e-02  0.000000e+00
  4.890000e-02  0.000000e+00
  4.770000e-02  3.629650e-02
  4.640000e-02  0.000000e+00
  4.520000e-02  3.629650e-02
  4.410000e-02  0.000000e+00
  4.290000e-02  7.259300e-02
  4.180000e-02  7.259300e-02
  4.070000e-02  3.629650e-02
  3.970000e-02  7.259300e-02
  3.860000e-02  3.629650e-02
  3.760000e-02  3.629650e-02
  3.670000e-02  0.000000e+00
  3.570000e-02  3.629650e-02
  3.480000e-02  7.259300e-02
  3.390000e-02  1.451860e-01
  3.300000e-02  0.000000e+00
  3.220000e-02  0.000000e+00
  3.130000e-02  0.000000e+00
  3.050000e-02  3.629650e-02
  2.970000e-02  7.259300e-02
  2.890000e-02  0.000000e+00
  2.820000e-02  0.000000e+00
  2.750000e-02  3.629650e-02
  2.680000e-02  0.000000e+00
  2.610000e-02  7.259500e-02
  2.540000e-02  3.629650e-02
  2.470000e-02  0.000000e+00
  2.410000e-02  3.629650e-02
  2.350000e-02  7.259300e-02
  2.290000e-02  0.000000e+00
  2.230000e-02  0.000000e+00
  2.170000e-02  3.629650e-02
  2.110000e-02  0.000000e+00
  2.060000e-02  0.000000e+00
  2.000000e-02  0.000000e+00
  1.950000e-02  0.000000e+00
  1.900000e-02  0.000000e+00
  1.850000e-02  0.000000e+00
  1.800000e-02  0.000000e+00
  1.760000e-02  0.000000e+00
  1.710000e-02  0.000000e+00
  1.670000e-02  0.000000e+00
  1.630000e-02  0.000000e+00
  1.580000e-02  0.000000e+00
  1.540000e-02  0.000000e+00
  1.500000e-02  0.000000e+00
  1.460000e-02  0.000000e+00
  1.430000e-02  0.000000e+00
  1.390000e-02  0.000000e+00
  1.350000e-02  0.000000e+00
  1.320000e-02  0.000000e+00
  1.280000e-02  0.000000e+00
  1.250000e-02  0.000000e+00
  1.220000e-02  0.000000e+00
  1.190000e-02  0.000000e+00
  1.160000e-02  3.629650e-02
  1.130000e-02  0.000000e+00
  1.100000e-02  3.448155e+00
  1.070000e-02  3.956315e+00
  1.040000e-02  4.246675e+00
  1.010000e-02  1.346605e+01
