  4.934820e+03  1.036750e-02
  4.806990e+03  0.000000e+00
  4.682470e+03  0.000000e+00
  4.561180e+03  0.000000e+00
  4.443030e+03  0.000000e+00
  4.327940e+03  0.000000e+00
  4.215830e+03  1.036750e-02
  4.106630e+03  0.000000e+00
  4.000250e+03  0.000000e+00
  3.896630e+03  0.000000e+00
  3.795700e+03  1.036750e-02
  3.697380e+03  2.073500e-02
  3.601600e+03  1.036750e-02
  3.508310e+03  1.036750e-02
  3.417430e+03  1.036750e-02
  3.328910e+03  2.073500e-02
  3.242680e+03  0.000000e+00
  3.158680e+03  0.000000e+00
  3.076860e+03  2.073500e-02
  2.997160e+03  3.110250e-02
  2.919530e+03  1.036750e-02
  2.843900e+03  0.000000e+00
  2.770230e+03  3.110250e-02
  2.698480e+03  3.110250e-02
  2.628580e+03  3.110250e-02
  2.560490e+03  4.147000e-02
  2.494160e+03  4.147050e-02
  2.429550e+03  4.147000e-02
  2.366620e+03  8.294100e-02
  2.305320e+03  4.147050e-02
  2.245600e+03  9.330850e-02
  2.187430e+03  8.294050e-02
  2.130770e+03  7.257250e-02
  2.075580e+03  8.294050e-02
  2.021810e+03  9.330800e-02
  1.969440e+03  9.330850e-02
  1.918430e+03  1.451460e-01
  1.868730e+03  1.555140e-01
  1.820330e+03  1.451455e-01
  1.773170e+03  1.969840e-01
  1.727240e+03  2.280880e-01
  1.682500e+03  1.866170e-01
  1.638920e+03  1.969855e-01
  1.596470e+03  2.384565e-01
  1.555110e+03  2.591905e-01
  1.514830e+03  4.043415e-01
  1.475590e+03  2.799280e-01
  1.437370e+03  3.110300e-01
  1.400140e+03  4.976480e-01
  1.363870e+03  3.110290e-01
  1.328540e+03  4.354440e-01
  1.294120e+03  5.702275e-01
  1.260600e+03  6.427975e-01
  1.227950e+03  6.842660e-01
  1.196140e+03  7.257370e-01
  1.165160e+03  6.739060e-01
  1.134980e+03  8.501470e-01
  1.105580e+03  9.434710e-01
  1.076940e+03  1.057511e+00
  1.049040e+03  1.016039e+00
  1.021870e+03  1.503315e+00
  9.953980e+02  1.544790e+00
  9.696140e+02  1.731410e+00
  9.444970e+02  1.803980e+00
  9.200320e+02  2.229055e+00
  8.962000e+02  2.353480e+00
  8.729850e+02  2.768180e+00
  8.503720e+02  3.131055e+00
  8.283450e+02  3.597590e+00
  8.068880e+02  3.690905e+00
  7.859870e+02  4.592905e+00
  7.656270e+02  4.489205e+00
  7.457950e+02  5.515615e+00
  7.264760e+02  6.168785e+00
  7.076580e+02  7.184810e+00
  6.893270e+02  8.014250e+00
  6.714710e+02  9.393110e+00
  6.540780e+02  9.745595e+00
  6.371350e+02  1.158075e+01
  6.206310e+02  1.351955e+01
  6.045550e+02  1.428680e+01
  5.888950e+02  1.664015e+01
  5.736410e+02  1.859965e+01
  5.587810e+02  2.124340e+01
  5.443070e+02  2.343105e+01
  5.302080e+02  2.651030e+01
  5.164740e+02  2.997310e+01
  5.030950e+02  3.268935e+01
  4.900630e+02  3.700245e+01
  4.773690e+02  4.149155e+01
  4.650040e+02  4.647850e+01
  4.529580e+02  5.210815e+01
  4.412250e+02  6.046445e+01
  4.297960e+02  6.644659e+01
  4.186630e+02  7.445045e+01
  4.078180e+02  8.103400e+01
  3.972540e+02  9.164015e+01
  3.869640e+02  1.029000e+02
  3.769400e+02  1.179225e+02
  3.671770e+02  1.320325e+02
  3.576650e+02  1.467135e+02
  3.484010e+02  1.654480e+02
  3.393760e+02  1.832910e+02
  3.305850e+02  2.054360e+02
  3.220220e+02  2.280890e+02
  3.136800e+02  2.539985e+02
  3.055550e+02  2.783315e+02
  2.976400e+02  3.128865e+02
  2.899300e+02  3.456615e+02
  2.824200e+02  3.852645e+02
  2.751040e+02  4.297320e+02
  2.679780e+02  4.780030e+02
  2.610370e+02  5.316250e+02
  2.542750e+02  5.858800e+02
  2.476890e+02  6.556225e+02
  2.412730e+02  7.266525e+02
  2.350230e+02  8.082455e+02
  2.289350e+02  9.019180e+02
  2.230050e+02  9.906275e+02
  2.172280e+02  1.103010e+03
  2.116010e+02  1.214725e+03
  2.061200e+02  1.339235e+03
  2.007810e+02  1.476545e+03
  1.955800e+02  1.631385e+03
  1.905140e+02  1.805595e+03
  1.855790e+02  2.000305e+03
  1.807720e+02  2.211095e+03
  1.760890e+02  2.432350e+03
  1.715280e+02  2.657535e+03
  1.670850e+02  2.902610e+03
  1.627570e+02  3.157315e+03
  1.585410e+02  3.429775e+03
  1.544340e+02  3.727000e+03
  1.504340e+02  4.017265e+03
  1.465370e+02  4.338860e+03
  1.427410e+02  4.660020e+03
  1.390440e+02  5.008025e+03
  1.354420e+02  5.366685e+03
  1.319340e+02  5.708545e+03
  1.285160e+02  6.082385e+03
  1.251870e+02  6.477635e+03
  1.219440e+02  6.870370e+03
  1.187850e+02  7.284330e+03
  1.157090e+02  7.703150e+03
  1.127110e+02  8.110840e+03
  1.097920e+02  8.540020e+03
  1.069480e+02  8.970075e+03
  1.041770e+02  9.408850e+03
  1.014790e+02  9.829250e+03
  9.885030e+01  1.025180e+04
  9.628970e+01  1.062735e+04
  9.379550e+01  1.098005e+04
  9.136590e+01  1.131655e+04
  8.899920e+01  1.162090e+04
  8.669380e+01  1.190425e+04
  8.444820e+01  1.211800e+04
  8.226070e+01  1.230450e+04
  8.012980e+01  1.241940e+04
  7.805420e+01  1.246930e+04
  7.603240e+01  1.245465e+04
  7.406290e+01  1.236635e+04
  7.214440e+01  1.219540e+04
  7.027560e+01  1.197355e+04
  6.845520e+01  1.161860e+04
  6.668200e+01  1.120915e+04
  6.495470e+01  1.074230e+04
  6.327220e+01  1.027625e+04
  6.163320e+01  9.789705e+03
  6.003670e+01  9.234400e+03
  5.848160e+01  8.758140e+03
  5.696670e+01  8.230755e+03
  5.549110e+01  7.737175e+03
  5.405370e+01  7.104875e+03
  5.265350e+01  6.407290e+03
  5.128960e+01  5.748340e+03
  4.996100e+01  5.111330e+03
  4.866690e+01  4.400640e+03
  4.740620e+01  3.774865e+03
  4.617830e+01  3.193690e+03
  4.498210e+01  2.695005e+03
  4.381690e+01  2.395745e+03
  4.268190e+01  2.114230e+03
  4.157630e+01  1.840995e+03
  4.049930e+01  1.602220e+03
  3.945030e+01  1.413195e+03
  3.842840e+01  1.254490e+03
  3.743290e+01  1.117220e+03
  3.646330e+01  9.892110e+02
  3.551880e+01  8.699340e+02
  3.459870e+01  7.536095e+02
  3.370250e+01  6.480650e+02
  3.282950e+01  5.481720e+02
  3.197910e+01  4.621715e+02
  3.115070e+01  3.881355e+02
  3.034380e+01  3.231820e+02
  2.955780e+01  2.658900e+02
  2.879220e+01  2.163850e+02
  2.804640e+01  1.703505e+02
  2.731990e+01  1.364595e+02
  2.661220e+01  1.079395e+02
  2.592290e+01  8.392670e+01
  2.525140e+01  6.147005e+01
  2.459730e+01  4.546245e+01
  2.396010e+01  3.453490e+01
  2.333950e+01  2.554595e+01
  2.273490e+01  1.743870e+01
  2.214600e+01  1.181915e+01
  2.157230e+01  8.169765e+00
  2.101350e+01  5.246060e+00
  2.046920e+01  3.182890e+00
  1.993900e+01  2.115015e+00
  1.942250e+01  1.544770e+00
  1.891940e+01  9.538245e-01
  1.842930e+01  7.464745e-01
  1.795200e+01  4.458095e-01
  1.748690e+01  5.287545e-01
  1.703400e+01  4.561770e-01
  1.659270e+01  6.013250e-01
  1.616290e+01  5.391230e-01
  1.574430e+01  4.769165e-01
  1.533640e+01  5.183875e-01
  1.493920e+01  7.775800e-01
  1.455220e+01  5.702255e-01
  1.417520e+01  4.561800e-01
  1.380800e+01  2.073525e-01
  1.345040e+01  9.330800e-02
  1.310200e+01  8.294000e-02
  1.276260e+01  7.257300e-02
  1.243200e+01  0.000000e+00
  1.211000e+01  1.036750e-02
  1.179630e+01  1.036750e-02
  1.149070e+01  1.036750e-02
  1.119310e+01  1.036750e-02
  1.090310e+01  2.073500e-02
  1.062070e+01  1.036750e-02
  1.034560e+01  0.000000e+00
  1.007760e+01  4.147050e-02
  9.816600e+00  1.036750e-02
  9.562300e+00  1.036750e-02
  9.314600e+00  0.000000e+00
  9.073300e+00  1.036750e-02
  8.838300e+00  6.220550e-02
  8.609300e+00  3.110250e-02
  8.386300e+00  7.257250e-02
  8.169100e+00  1.347795e-01
  7.957500e+00  1.555150e-01
  7.751400e+00  2.280895e-01
  7.550600e+00  3.006630e-01
  7.355000e+00  2.902945e-01
  7.164500e+00  4.872800e-01
  6.978900e+00  4.354455e-01
  6.798100e+00  3.525010e-01
  6.622000e+00  3.628695e-01
  6.450500e+00  4.043405e-01
  6.283400e+00  2.799275e-01
  6.120600e+00  3.732360e-01
  5.962100e+00  3.317645e-01
  5.807600e+00  3.628695e-01
  5.657200e+00  4.354430e-01
  5.510700e+00  3.524995e-01
  5.367900e+00  3.939735e-01
  5.228900e+00  4.665470e-01
  5.093400e+00  4.354455e-01
  4.961500e+00  3.317660e-01
  4.833000e+00  3.110300e-01
  4.707800e+00  3.421335e-01
  4.585800e+00  2.902945e-01
  4.467100e+00  3.317655e-01
  4.351300e+00  3.213980e-01
  4.238600e+00  4.665455e-01
  4.128800e+00  3.213990e-01
  4.021900e+00  4.354485e-01
  3.917700e+00  4.043415e-01
  3.816200e+00  1.866170e-01
  3.717400e+00  3.006630e-01
  3.621100e+00  2.591910e-01
  3.527300e+00  3.006635e-01
  3.435900e+00  2.902955e-01
  3.346900e+00  2.177210e-01
  3.260200e+00  3.317655e-01
  3.175800e+00  2.488240e-01
  3.093500e+00  2.384565e-01
  3.013400e+00  1.347790e-01
  2.935300e+00  1.658815e-01
  2.859300e+00  2.177210e-01
  2.785200e+00  3.421330e-01
  2.713100e+00  2.073525e-01
  2.642800e+00  2.488240e-01
  2.574300e+00  2.280890e-01
  2.507600e+00  3.110320e-01
  2.442700e+00  2.177215e-01
  2.379400e+00  3.006620e-01
  2.317800e+00  3.006635e-01
  2.257700e+00  2.902950e-01
  2.199300e+00  1.969860e-01
  2.142300e+00  1.762500e-01
  2.086800e+00  2.073520e-01
  2.032700e+00  1.658815e-01
  1.980100e+00  1.658815e-01
  1.928800e+00  1.347790e-01
  1.878800e+00  2.073530e-01
  1.830200e+00  1.244110e-01
  1.782800e+00  2.177210e-01
  1.736600e+00  1.658835e-01
  1.691600e+00  1.658815e-01
  1.647800e+00  2.488240e-01
  1.605100e+00  1.347785e-01
  1.563500e+00  6.220500e-02
  1.523000e+00  1.347780e-01
  1.483600e+00  8.294100e-02
  1.445100e+00  1.347785e-01
  1.407700e+00  8.294100e-02
  1.371200e+00  6.220500e-02
  1.335700e+00  1.658825e-01
  1.301100e+00  7.257301e-02
  1.267400e+00  6.220500e-02
  1.234600e+00  7.257350e-02
  1.202600e+00  2.073500e-02
  1.171500e+00  8.294000e-02
  1.141100e+00  6.220500e-02
  1.111600e+00  6.220550e-02
  1.082800e+00  9.330800e-02
  1.054700e+00  6.220550e-02
  1.027400e+00  7.257250e-02
  1.000800e+00  6.220500e-02
  9.749000e-01  9.330800e-02
  9.496000e-01  3.110250e-02
  9.250000e-01  4.147000e-02
  9.010000e-01  9.330850e-02
  8.777000e-01  1.140440e-01
  8.550000e-01  5.183750e-02
  8.328000e-01  2.073500e-02
  8.113000e-01  7.257350e-02
  7.902000e-01  9.330750e-02
  7.698000e-01  4.147050e-02
  7.498000e-01  9.330800e-02
  7.304000e-01  8.294050e-02
  7.115000e-01  3.110250e-02
  6.931000e-01  1.036760e-01
  6.751000e-01  1.244120e-01
  6.576000e-01  2.280880e-01
  6.406000e-01  2.280890e-01
  6.240000e-01  9.330800e-02
  6.078000e-01  8.294050e-02
  5.921000e-01  1.140440e-01
  5.767000e-01  1.451460e-01
  5.618000e-01  1.140425e-01
  5.472000e-01  8.294100e-02
  5.331000e-01  1.658820e-01
  5.193000e-01  1.244105e-01
  5.058000e-01  1.244115e-01
  4.927000e-01  9.330800e-02
  4.799000e-01  1.347795e-01
  4.675000e-01  7.257250e-02
  4.554000e-01  1.036765e-01
  4.436000e-01  8.294100e-02
  4.321000e-01  1.140430e-01
  4.209000e-01  9.330900e-02
  4.100000e-01  1.347785e-01
  3.994000e-01  1.555150e-01
  3.891000e-01  1.347790e-01
  3.790000e-01  1.244110e-01
  3.692000e-01  1.036765e-01
  3.596000e-01  1.244110e-01
  3.503000e-01  1.244115e-01
  3.412000e-01  6.220500e-02
  3.324000e-01  9.330750e-02
  3.238000e-01  6.220600e-02
  3.154000e-01  6.220550e-02
  3.072000e-01  1.140435e-01
  2.992000e-01  1.140435e-01
  2.915000e-01  1.140425e-01
  2.839000e-01  1.244115e-01
  2.766000e-01  1.555145e-01
  2.694000e-01  1.347790e-01
  2.624000e-01  1.555140e-01
  2.556000e-01  1.451470e-01
  2.490000e-01  1.140435e-01
  2.426000e-01  4.147000e-02
  2.363000e-01  9.330800e-02
  2.302000e-01  4.147050e-02
  2.242000e-01  5.183750e-02
  2.184000e-01  4.147000e-02
  2.127000e-01  4.147000e-02
  2.072000e-01  3.110250e-02
  2.019000e-01  3.110250e-02
  1.966000e-01  2.073500e-02
  1.915000e-01  2.073500e-02
  1.866000e-01  1.036750e-02
  1.817000e-01  2.073500e-02
  1.770000e-01  0.000000e+00
  1.725000e-01  2.073500e-02
  1.680000e-01  0.000000e+00
  1.636000e-01  1.036750e-02
  1.594000e-01  1.036750e-02
  1.553000e-01  0.000000e+00
  1.512000e-01  1.036750e-02
  1.473000e-01  1.036750e-02
  1.435000e-01  3.110250e-02
  1.398000e-01  0.000000e+00
  1.362000e-01  0.000000e+00
  1.326000e-01  0.000000e+00
  1.292000e-01  0.000000e+00
  1.259000e-01  0.000000e+00
  1.226000e-01  0.000000e+00
  1.194000e-01  0.000000e+00
  1.163000e-01  0.000000e+00
  1.133000e-01  0.000000e+00
  1.104000e-01  0.000000e+00
  1.075000e-01  0.000000e+00
  1.047000e-01  0.000000e+00
  1.020000e-01  0.000000e+00
  9.940000e-02  0.000000e+00
  9.680000e-02  0.000000e+00
  9.430000e-02  0.000000e+00
  9.190000e-02  0.000000e+00
  8.950000e-02  1.036750e-02
  8.720000e-02  0.000000e+00
  8.490000e-02  0.000000e+00
  8.270000e-02  0.000000e+00
  8.060000e-02  0.000000e+00
  7.850000e-02  0.000000e+00
  7.640000e-02  0.000000e+00
  7.450000e-02  0.000000e+00
  7.250000e-02  0.000000e+00
  7.070000e-02  0.000000e+00
  6.880000e-02  0.000000e+00
  6.700000e-02  0.000000e+00
  6.530000e-02  0.000000e+00
  6.360000e-02  0.000000e+00
  6.200000e-02  0.000000e+00
  6.040000e-02  1.036750e-02
  5.880000e-02  0.000000e+00
  5.730000e-02  0.000000e+00
  5.580000e-02  0.000000e+00
  5.430000e-02  0.000000e+00
  5.290000e-02  0.000000e+00
  5.160000e-02  0.000000e+00
  5.020000e-02  0.000000e+00
  4.890000e-02  0.000000e+00
  4.770000e-02  0.000000e+00
  4.640000e-02  0.000000e+00
  4.520000e-02  0.000000e+00
  4.410000e-02  0.000000e+00
  4.290000e-02  0.000000e+00
  4.180000e-02  0.000000e+00
  4.070000e-02  0.000000e+00
  3.970000e-02  0.000000e+00
  3.860000e-02  0.000000e+00
  3.760000e-02  0.000000e+00
  3.670000e-02  0.000000e+00
  3.570000e-02  0.000000e+00
  3.480000e-02  0.000000e+00
  3.390000e-02  0.000000e+00
  3.300000e-02  0.000000e+00
  3.220000e-02  0.000000e+00
  3.130000e-02  0.000000e+00
  3.050000e-02  0.000000e+00
  2.970000e-02  0.000000e+00
  2.890000e-02  0.000000e+00
  2.820000e-02  0.000000e+00
  2.750000e-02  0.000000e+00
  2.680000e-02  0.000000e+00
  2.610000e-02  0.000000e+00
  2.540000e-02  1.036750e-02
  2.470000e-02  0.000000e+00
  2.410000e-02  0.000000e+00
  2.350000e-02  0.000000e+00
  2.290000e-02  0.000000e+00
  2.230000e-02  0.000000e+00
  2.170000e-02  0.000000e+00
  2.110000e-02  0.000000e+00
  2.060000e-02  0.000000e+00
  2.000000e-02  0.000000e+00
  1.950000e-02  0.000000e+00
  1.900000e-02  0.000000e+00
  1.850000e-02  0.000000e+00
  1.800000e-02  0.000000e+00
  1.760000e-02  0.000000e+00
  1.710000e-02  0.000000e+00
  1.670000e-02  0.000000e+00
  1.630000e-02  0.000000e+00
  1.580000e-02  0.000000e+00
  1.540000e-02  0.000000e+00
  1.500000e-02  0.000000e+00
  1.460000e-02  0.000000e+00
  1.430000e-02  0.000000e+00
  1.390000e-02  0.000000e+00
  1.350000e-02  0.000000e+00
  1.320000e-02  0.000000e+00
  1.280000e-02  0.000000e+00
  1.250000e-02  0.000000e+00
  1.220000e-02  0.000000e+00
  1.190000e-02  0.000000e+00
  1.160000e-02  0.000000e+00
  1.130000e-02  0.000000e+00
  1.100000e-02  3.110250e-02
  1.070000e-02  4.147000e-02
  1.040000e-02  5.183750e-02
  1.010000e-02  9.330850e-02
