  4.934820e+03  1.118045e-02
  4.806990e+03  0.000000e+00
  4.682470e+03  5.590250e-03
  4.561180e+03  0.000000e+00
  4.443030e+03  1.863400e-03
  4.327940e+03  3.726800e-03
  4.215830e+03  3.726800e-03
  4.106630e+03  3.726800e-03
  4.000250e+03  0.000000e+00
  3.896630e+03  1.304385e-02
  3.795700e+03  5.590200e-03
  3.697380e+03  5.590200e-03
  3.601600e+03  3.726800e-03
  3.508310e+03  1.863400e-03
  3.417430e+03  9.316999e-03
  3.328910e+03  3.726800e-03
  3.242680e+03  9.317100e-03
  3.158680e+03  1.118045e-02
  3.076860e+03  5.590250e-03
  2.997160e+03  9.316999e-03
  2.919530e+03  1.304410e-02
  2.843900e+03  1.304390e-02
  2.770230e+03  2.236095e-02
  2.698480e+03  1.863410e-02
  2.628580e+03  2.049755e-02
  2.560490e+03  4.285905e-02
  2.494160e+03  3.167830e-02
  2.429550e+03  2.422430e-02
  2.366620e+03  4.844930e-02
  2.305320e+03  2.981470e-02
  2.245600e+03  2.981485e-02
  2.187430e+03  4.844870e-02
  2.130770e+03  4.472230e-02
  2.075580e+03  5.404000e-02
  2.021810e+03  4.658585e-02
  1.969440e+03  6.894660e-02
  1.918430e+03  8.758055e-02
  1.868730e+03  8.571785e-02
  1.820330e+03  8.199020e-02
  1.773170e+03  1.323025e-01
  1.727240e+03  1.248480e-01
  1.682500e+03  1.155315e-01
  1.638920e+03  1.509370e-01
  1.596470e+03  1.323015e-01
  1.555110e+03  1.751625e-01
  1.514830e+03  2.031130e-01
  1.475590e+03  2.329280e-01
  1.437370e+03  2.590150e-01
  1.400140e+03  2.590150e-01
  1.363870e+03  2.888315e-01
  1.328540e+03  2.757845e-01
  1.294120e+03  3.260985e-01
  1.260600e+03  3.596405e-01
  1.227950e+03  3.931820e-01
  1.196140e+03  4.844895e-01
  1.165160e+03  5.348010e-01
  1.134980e+03  6.093380e-01
  1.105580e+03  6.447420e-01
  1.076940e+03  6.876010e-01
  1.049040e+03  7.435040e-01
  1.021870e+03  9.130705e-01
  9.953980e+02  9.428935e-01
  9.696140e+02  1.065885e+00
  9.444970e+02  1.272715e+00
  9.200320e+02  1.393845e+00
  8.962000e+02  1.602535e+00
  8.729850e+02  1.682675e+00
  8.503720e+02  1.952860e+00
  8.283450e+02  2.239820e+00
  8.068880e+02  2.314360e+00
  7.859870e+02  2.718715e+00
  7.656270e+02  3.134260e+00
  7.457950e+02  3.564715e+00
  7.264760e+02  3.959770e+00
  7.076580e+02  4.332435e+00
  6.893270e+02  4.951090e+00
  6.714710e+02  5.804545e+00
  6.540780e+02  6.378480e+00
  6.371350e+02  7.177890e+00
  6.206310e+02  8.133815e+00
  6.045550e+02  9.002165e+00
  5.888950e+02  1.003442e+01
  5.736410e+02  1.110405e+01
  5.587810e+02  1.284455e+01
  5.443070e+02  1.396820e+01
  5.302080e+02  1.593045e+01
  5.164740e+02  1.780310e+01
  5.030950e+02  1.964235e+01
  4.900630e+02  2.198275e+01
  4.773690e+02  2.507405e+01
  4.650040e+02  2.794185e+01
  4.529580e+02  3.099425e+01
  4.412250e+02  3.467265e+01
  4.297960e+02  3.799515e+01
  4.186630e+02  4.281565e+01
  4.078180e+02  4.769425e+01
  3.972540e+02  5.291550e+01
  3.869640e+02  5.881510e+01
  3.769400e+02  6.573395e+01
  3.671770e+02  7.348579e+01
  3.576650e+02  8.193256e+01
  3.484010e+02  9.003290e+01
  3.393760e+02  9.950465e+01
  3.305850e+02  1.109820e+02
  3.220220e+02  1.225235e+02
  3.136800e+02  1.339785e+02
  3.055550e+02  1.476550e+02
  2.976400e+02  1.629230e+02
  2.899300e+02  1.799500e+02
  2.824200e+02  1.999650e+02
  2.751040e+02  2.186220e+02
  2.679780e+02  2.415360e+02
  2.610370e+02  2.647400e+02
  2.542750e+02  2.895755e+02
  2.476890e+02  3.179990e+02
  2.412730e+02  3.501675e+02
  2.350230e+02  3.842590e+02
  2.289350e+02  4.228890e+02
  2.230050e+02  4.600965e+02
  2.172280e+02  5.046705e+02
  2.116010e+02  5.476680e+02
  2.061200e+02  5.953895e+02
  2.007810e+02  6.447955e+02
  1.955800e+02  7.026870e+02
  1.905140e+02  7.698785e+02
  1.855790e+02  8.343305e+02
  1.807720e+02  9.052600e+02
  1.760890e+02  9.769890e+02
  1.715280e+02  1.051740e+03
  1.670850e+02  1.127380e+03
  1.627570e+02  1.205095e+03
  1.585410e+02  1.283040e+03
  1.544340e+02  1.364155e+03
  1.504340e+02  1.443160e+03
  1.465370e+02  1.525530e+03
  1.427410e+02  1.606110e+03
  1.390440e+02  1.690805e+03
  1.354420e+02  1.767675e+03
  1.319340e+02  1.844025e+03
  1.285160e+02  1.919330e+03
  1.251870e+02  1.991820e+03
  1.219440e+02  2.066105e+03
  1.187850e+02  2.128880e+03
  1.157090e+02  2.193970e+03
  1.127110e+02  2.251630e+03
  1.097920e+02  2.305105e+03
  1.069480e+02  2.350745e+03
  1.041770e+02  2.387310e+03
  1.014790e+02  2.419070e+03
  9.885030e+01  2.436615e+03
  9.628970e+01  2.449110e+03
  9.379550e+01  2.449490e+03
  9.136590e+01  2.432140e+03
  8.899920e+01  2.405185e+03
  8.669380e+01  2.363985e+03
  8.444820e+01  2.312915e+03
  8.226070e+01  2.241280e+03
  8.012980e+01  2.166740e+03
  7.805420e+01  2.062455e+03
  7.603240e+01  1.961870e+03
  7.406290e+01  1.850225e+03
  7.214440e+01  1.723770e+03
  7.027560e+01  1.595680e+03
  6.845520e+01  1.453980e+03
  6.668200e+01  1.316210e+03
  6.495470e+01  1.177560e+03
  6.327220e+01  1.062825e+03
  6.163320e+01  9.476765e+02
  6.003670e+01  8.441120e+02
  5.848160e+01  7.555555e+02
  5.696670e+01  6.713585e+02
  5.549110e+01  5.927485e+02
  5.405370e+01  5.050275e+02
  5.265350e+01  4.170065e+02
  5.128960e+01  3.422750e+02
  4.996100e+01  2.769695e+02
  4.866690e+01  2.150720e+02
  4.740620e+01  1.621535e+02
  4.617830e+01  1.234180e+02
  4.498210e+01  9.368505e+01
  4.381690e+01  7.527650e+01
  4.268190e+01  6.221750e+01
  4.157630e+01  5.122905e+01
  4.049930e+01  4.072495e+01
  3.945030e+01  3.368500e+01
  3.842840e+01  2.871710e+01
  3.743290e+01  2.403815e+01
  3.646330e+01  2.035220e+01
  3.551880e+01  1.652845e+01
  3.459870e+01  1.340350e+01
  3.370250e+01  1.068850e+01
  3.282950e+01  8.290344e+00
  3.197910e+01  6.611405e+00
  3.115070e+01  5.042410e+00
  3.034380e+01  3.831185e+00
  2.955780e+01  2.832395e+00
  2.879220e+01  2.120580e+00
  2.804640e+01  1.479550e+00
  2.731990e+01  9.857530e-01
  2.661220e+01  7.285965e-01
  2.592290e+01  4.490845e-01
  2.525140e+01  3.093270e-01
  2.459730e+01  2.105665e-01
  2.396010e+01  1.024887e-01
  2.333950e+01  1.024890e-01
  2.273490e+01  5.590230e-02
  2.214600e+01  2.981485e-02
  2.157230e+01  5.590250e-03
  2.101350e+01  1.118040e-02
  2.046920e+01  1.863400e-03
  1.993900e+01  5.590200e-03
  1.942250e+01  1.863400e-03
  1.891940e+01  0.000000e+00
  1.842930e+01  0.000000e+00
  1.795200e+01  0.000000e+00
  1.748690e+01  0.000000e+00
  1.703400e+01  0.000000e+00
  1.659270e+01  0.000000e+00
  1.616290e+01  0.000000e+00
  1.574430e+01  0.000000e+00
  1.533640e+01  0.000000e+00
  1.493920e+01  0.000000e+00
  1.455220e+01  0.000000e+00
  1.417520e+01  0.000000e+00
  1.380800e+01  1.863400e-03
  1.345040e+01  0.000000e+00
  1.310200e+01  0.000000e+00
  1.276260e+01  0.000000e+00
  1.243200e+01  0.000000e+00
  1.211000e+01  0.000000e+00
  1.179630e+01  0.000000e+00
  1.149070e+01  0.000000e+00
  1.119310e+01  0.000000e+00
  1.090310e+01  0.000000e+00
  1.062070e+01  0.000000e+00
  1.034560e+01  0.000000e+00
  1.007760e+01  0.000000e+00
  9.816600e+00  0.000000e+00
  9.562300e+00  0.000000e+00
  9.314600e+00  0.000000e+00
  9.073300e+00  0.000000e+00
  8.838300e+00  0.000000e+00
  8.609300e+00  0.000000e+00
  8.386300e+00  0.000000e+00
  8.169100e+00  0.000000e+00
  7.957500e+00  0.000000e+00
  7.751400e+00  0.000000e+00
  7.550600e+00  1.863400e-03
  7.355000e+00  1.863400e-03
  7.164500e+00  0.000000e+00
  6.978900e+00  0.000000e+00
  6.798100e+00  1.863400e-03
  6.622000e+00  0.000000e+00
  6.450500e+00  0.000000e+00
  6.283400e+00  1.863400e-03
  6.120600e+00  0.000000e+00
  5.962100e+00  1.863400e-03
  5.807600e+00  0.000000e+00
  5.657200e+00  3.726800e-03
  5.510700e+00  1.863400e-03
  5.367900e+00  1.863400e-03
  5.228900e+00  0.000000e+00
  5.093400e+00  1.863400e-03
  4.961500e+00  0.000000e+00
  4.833000e+00  0.000000e+00
  4.707800e+00  0.000000e+00
  4.585800e+00  0.000000e+00
  4.467100e+00  0.000000e+00
  4.351300e+00  0.000000e+00
  4.238600e+00  0.000000e+00
  4.128800e+00  0.000000e+00
  4.021900e+00  0.000000e+00
  3.917700e+00  0.000000e+00
  3.816200e+00  0.000000e+00
  3.717400e+00  0.000000e+00
  3.621100e+00  0.000000e+00
  3.527300e+00  0.000000e+00
  3.435900e+00  0.000000e+00
  3.346900e+00  0.000000e+00
  3.260200e+00  0.000000e+00
  3.175800e+00  0.000000e+00
  3.093500e+00  0.000000e+00
  3.013400e+00  0.000000e+00
  2.935300e+00  0.000000e+00
  2.859300e+00  0.000000e+00
  2.785200e+00  0.000000e+00
  2.713100e+00  0.000000e+00
  2.642800e+00  0.000000e+00
  2.574300e+00  0.000000e+00
  2.507600e+00  0.000000e+00
  2.442700e+00  0.000000e+00
  2.379400e+00  0.000000e+00
  2.317800e+00  0.000000e+00
  2.257700e+00  0.000000e+00
  2.199300e+00  0.000000e+00
  2.142300e+00  0.000000e+00
  2.086800e+00  0.000000e+00
  2.032700e+00  0.000000e+00
  1.980100e+00  0.000000e+00
  1.928800e+00  0.000000e+00
  1.878800e+00  0.000000e+00
  1.830200e+00  0.000000e+00
  1.782800e+00  0.000000e+00
  1.736600e+00  0.000000e+00
  1.691600e+00  0.000000e+00
  1.647800e+00  0.000000e+00
  1.605100e+00  0.000000e+00
  1.563500e+00  0.000000e+00
  1.523000e+00  0.000000e+00
  1.483600e+00  0.000000e+00
  1.445100e+00  0.000000e+00
  1.407700e+00  0.000000e+00
  1.371200e+00  0.000000e+00
  1.335700e+00  0.000000e+00
  1.301100e+00  0.000000e+00
  1.267400e+00  0.000000e+00
  1.234600e+00  0.000000e+00
  1.202600e+00  0.000000e+00
  1.171500e+00  0.000000e+00
  1.141100e+00  0.000000e+00
  1.111600e+00  0.000000e+00
  1.082800e+00  0.000000e+00
  1.054700e+00  0.000000e+00
  1.027400e+00  0.000000e+00
  1.000800e+00  0.000000e+00
  9.749000e-01  0.000000e+00
  9.496000e-01  0.000000e+00
  9.250000e-01  0.000000e+00
  9.010000e-01  0.000000e+00
  8.777000e-01  0.000000e+00
  8.550000e-01  0.000000e+00
  8.328000e-01  0.000000e+00
  8.113000e-01  0.000000e+00
  7.902000e-01  0.000000e+00
  7.698000e-01  0.000000e+00
  7.498000e-01  0.000000e+00
  7.304000e-01  0.000000e+00
  7.115000e-01  0.000000e+00
  6.931000e-01  0.000000e+00
  6.751000e-01  0.000000e+00
  6.576000e-01  0.000000e+00
  6.406000e-01  0.000000e+00
  6.240000e-01  0.000000e+00
  6.078000e-01  0.000000e+00
  5.921000e-01  0.000000e+00
  5.767000e-01  0.000000e+00
  5.618000e-01  0.000000e+00
  5.472000e-01  0.000000e+00
  5.331000e-01  0.000000e+00
  5.193000e-01  0.000000e+00
  5.058000e-01  0.000000e+00
  4.927000e-01  0.000000e+00
  4.799000e-01  0.000000e+00
  4.675000e-01  0.000000e+00
  4.554000e-01  0.000000e+00
  4.436000e-01  0.000000e+00
  4.321000e-01  0.000000e+00
  4.209000e-01  0.000000e+00
  4.100000e-01  0.000000e+00
  3.994000e-01  0.000000e+00
  3.891000e-01  0.000000e+00
  3.790000e-01  0.000000e+00
  3.692000e-01  0.000000e+00
  3.596000e-01  0.000000e+00
  3.503000e-01  0.000000e+00
  3.412000e-01  0.000000e+00
  3.324000e-01  0.000000e+00
  3.238000e-01  0.000000e+00
  3.154000e-01  0.000000e+00
  3.072000e-01  0.000000e+00
  2.992000e-01  0.000000e+00
  2.915000e-01  0.000000e+00
  2.839000e-01  0.000000e+00
  2.766000e-01  0.000000e+00
  2.694000e-01  0.000000e+00
  2.624000e-01  0.000000e+00
  2.556000e-01  0.000000e+00
  2.490000e-01  0.000000e+00
  2.426000e-01  0.000000e+00
  2.363000e-01  0.000000e+00
  2.302000e-01  0.000000e+00
  2.242000e-01  0.000000e+00
  2.184000e-01  0.000000e+00
  2.127000e-01  0.000000e+00
  2.072000e-01  0.000000e+00
  2.019000e-01  0.000000e+00
  1.966000e-01  0.000000e+00
  1.915000e-01  0.000000e+00
  1.866000e-01  0.000000e+00
  1.817000e-01  0.000000e+00
  1.770000e-01  0.000000e+00
  1.725000e-01  0.000000e+00
  1.680000e-01  0.000000e+00
  1.636000e-01  0.000000e+00
  1.594000e-01  0.000000e+00
  1.553000e-01  0.000000e+00
  1.512000e-01  0.000000e+00
  1.473000e-01  0.000000e+00
  1.435000e-01  0.000000e+00
  1.398000e-01  0.000000e+00
  1.362000e-01  0.000000e+00
  1.326000e-01  0.000000e+00
  1.292000e-01  0.000000e+00
  1.259000e-01  0.000000e+00
  1.226000e-01  0.000000e+00
  1.194000e-01  0.000000e+00
  1.163000e-01  0.000000e+00
  1.133000e-01  0.000000e+00
  1.104000e-01  0.000000e+00
  1.075000e-01  0.000000e+00
  1.047000e-01  0.000000e+00
  1.020000e-01  0.000000e+00
  9.940000e-02  0.000000e+00
  9.680000e-02  0.000000e+00
  9.430000e-02  0.000000e+00
  9.190000e-02  0.000000e+00
  8.950000e-02  0.000000e+00
  8.720000e-02  0.000000e+00
  8.490000e-02  0.000000e+00
  8.270000e-02  0.000000e+00
  8.060000e-02  0.000000e+00
  7.850000e-02  0.000000e+00
  7.640000e-02  0.000000e+00
  7.450000e-02  0.000000e+00
  7.250000e-02  0.000000e+00
  7.070000e-02  0.000000e+00
  6.880000e-02  0.000000e+00
  6.700000e-02  0.000000e+00
  6.530000e-02  0.000000e+00
  6.360000e-02  0.000000e+00
  6.200000e-02  0.000000e+00
  6.040000e-02  0.000000e+00
  5.880000e-02  0.000000e+00
  5.730000e-02  0.000000e+00
  5.580000e-02  0.000000e+00
  5.430000e-02  0.000000e+00
  5.290000e-02  0.000000e+00
  5.160000e-02  0.000000e+00
  5.020000e-02  0.000000e+00
  4.890000e-02  0.000000e+00
  4.770000e-02  0.000000e+00
  4.640000e-02  0.000000e+00
  4.520000e-02  0.000000e+00
  4.410000e-02  0.000000e+00
  4.290000e-02  0.000000e+00
  4.180000e-02  0.000000e+00
  4.070000e-02  0.000000e+00
  3.970000e-02  0.000000e+00
  3.860000e-02  0.000000e+00
  3.760000e-02  0.000000e+00
  3.670000e-02  0.000000e+00
  3.570000e-02  0.000000e+00
  3.480000e-02  0.000000e+00
  3.390000e-02  0.000000e+00
  3.300000e-02  0.000000e+00
  3.220000e-02  0.000000e+00
  3.130000e-02  0.000000e+00
  3.050000e-02  0.000000e+00
  2.970000e-02  0.000000e+00
  2.890000e-02  0.000000e+00
  2.820000e-02  0.000000e+00
  2.750000e-02  0.000000e+00
  2.680000e-02  0.000000e+00
  2.610000e-02  0.000000e+00
  2.540000e-02  0.000000e+00
  2.470000e-02  0.000000e+00
  2.410000e-02  0.000000e+00
  2.350000e-02  0.000000e+00
  2.290000e-02  0.000000e+00
  2.230000e-02  0.000000e+00
  2.170000e-02  0.000000e+00
  2.110000e-02  0.000000e+00
  2.060000e-02  0.000000e+00
  2.000000e-02  0.000000e+00
  1.950000e-02  0.000000e+00
  1.900000e-02  0.000000e+00
  1.850000e-02  0.000000e+00
  1.800000e-02  0.000000e+00
  1.760000e-02  0.000000e+00
  1.710000e-02  0.000000e+00
  1.670000e-02  0.000000e+00
  1.630000e-02  0.000000e+00
  1.580000e-02  0.000000e+00
  1.540000e-02  0.000000e+00
  1.500000e-02  0.000000e+00
  1.460000e-02  0.000000e+00
  1.430000e-02  0.000000e+00
  1.390000e-02  0.000000e+00
  1.350000e-02  0.000000e+00
  1.320000e-02  0.000000e+00
  1.280000e-02  0.000000e+00
  1.250000e-02  0.000000e+00
  1.220000e-02  0.000000e+00
  1.190000e-02  0.000000e+00
  1.160000e-02  0.000000e+00
  1.130000e-02  0.000000e+00
  1.100000e-02  0.000000e+00
  1.070000e-02  1.863400e-03
  1.040000e-02  0.000000e+00
  1.010000e-02  7.453600e-03
