  4.934820e+03  0.000000e+00
  4.806990e+03  1.167850e-01
  4.682470e+03  0.000000e+00
  4.561180e+03  1.167850e-01
  4.443030e+03  0.000000e+00
  4.327940e+03  0.000000e+00
  4.215830e+03  0.000000e+00
  4.106630e+03  0.000000e+00
  4.000250e+03  0.000000e+00
  3.896630e+03  0.000000e+00
  3.795700e+03  0.000000e+00
  3.697380e+03  0.000000e+00
  3.601600e+03  0.000000e+00
  3.508310e+03  1.167850e-01
  3.417430e+03  0.000000e+00
  3.328910e+03  0.000000e+00
  3.242680e+03  0.000000e+00
  3.158680e+03  0.000000e+00
  3.076860e+03  3.503550e-01
  2.997160e+03  0.000000e+00
  2.919530e+03  0.000000e+00
  2.843900e+03  1.167850e-01
  2.770230e+03  0.000000e+00
  2.698480e+03  0.000000e+00
  2.628580e+03  0.000000e+00
  2.560490e+03  1.167850e-01
  2.494160e+03  0.000000e+00
  2.429550e+03  2.335700e-01
  2.366620e+03  1.167850e-01
  2.305320e+03  3.503550e-01
  2.245600e+03  2.335700e-01
  2.187430e+03  1.167850e-01
  2.130770e+03  1.167850e-01
  2.075580e+03  0.000000e+00
  2.021810e+03  0.000000e+00
  1.969440e+03  0.000000e+00
  1.918430e+03  1.167850e-01
  1.868730e+03  3.503550e-01
  1.820330e+03  1.167850e-01
  1.773170e+03  3.503550e-01
  1.727240e+03  0.000000e+00
  1.682500e+03  2.335700e-01
  1.638920e+03  1.167850e-01
  1.596470e+03  3.503600e-01
  1.555110e+03  5.839250e-01
  1.514830e+03  3.503550e-01
  1.475590e+03  0.000000e+00
  1.437370e+03  5.839350e-01
  1.400140e+03  4.671400e-01
  1.363870e+03  3.503600e-01
  1.328540e+03  7.007100e-01
  1.294120e+03  9.342901e-01
  1.260600e+03  7.007150e-01
  1.227950e+03  3.503550e-01
  1.196140e+03  7.007150e-01
  1.165160e+03  9.342850e-01
  1.134980e+03  1.401440e+00
  1.105580e+03  1.167850e-01
  1.076940e+03  2.102150e+00
  1.049040e+03  7.007150e-01
  1.021870e+03  9.342800e-01
  9.953980e+02  1.868580e+00
  9.696140e+02  1.868585e+00
  9.444970e+02  1.051075e+00
  9.200320e+02  2.218935e+00
  8.962000e+02  3.270015e+00
  8.729850e+02  2.452520e+00
  8.503720e+02  3.153240e+00
  8.283450e+02  2.919665e+00
  8.068880e+02  4.905005e+00
  7.859870e+02  3.853955e+00
  7.656270e+02  4.437890e+00
  7.457950e+02  4.905025e+00
  7.264760e+02  6.540065e+00
  7.076580e+02  6.540025e+00
  6.893270e+02  6.656820e+00
  6.714710e+02  7.591190e+00
  6.540780e+02  9.109400e+00
  6.371350e+02  9.810055e+00
  6.206310e+02  1.121150e+01
  6.045550e+02  1.202900e+01
  5.888950e+02  1.167860e+01
  5.736410e+02  1.483190e+01
  5.587810e+02  1.588300e+01
  5.443070e+02  1.740110e+01
  5.302080e+02  2.008735e+01
  5.164740e+02  2.160550e+01
  5.030950e+02  2.545940e+01
  4.900630e+02  2.709450e+01
  4.773690e+02  2.662725e+01
  4.650040e+02  3.340090e+01
  4.529580e+02  3.795565e+01
  4.412250e+02  4.297740e+01
  4.297960e+02  4.881680e+01
  4.186630e+02  5.010135e+01
  4.078180e+02  5.780930e+01
  3.972540e+02  6.598420e+01
  3.869640e+02  7.194030e+01
  3.769400e+02  8.069940e+01
  3.671770e+02  9.553160e+01
  3.576650e+02  9.985135e+01
  3.484010e+02  1.147995e+02
  3.393760e+02  1.232095e+02
  3.305850e+02  1.414280e+02
  3.220220e+02  1.598805e+02
  3.136800e+02  1.671215e+02
  3.055550e+02  1.870920e+02
  2.976400e+02  2.076465e+02
  2.899300e+02  2.349750e+02
  2.824200e+02  2.648715e+02
  2.751040e+02  2.897455e+02
  2.679780e+02  3.309715e+02
  2.610370e+02  3.574835e+02
  2.542750e+02  3.895995e+02
  2.476890e+02  4.371320e+02
  2.412730e+02  4.919060e+02
  2.350230e+02  5.368675e+02
  2.289350e+02  5.949090e+02
  2.230050e+02  6.545870e+02
  2.172280e+02  7.369205e+02
  2.116010e+02  8.212420e+02
  2.061200e+02  8.726270e+02
  2.007810e+02  9.779655e+02
  1.955800e+02  1.103170e+03
  1.905140e+02  1.199980e+03
  1.855790e+02  1.338960e+03
  1.807720e+02  1.480855e+03
  1.760890e+02  1.640035e+03
  1.715280e+02  1.830275e+03
  1.670850e+02  1.986300e+03
  1.627570e+02  2.178760e+03
  1.585410e+02  2.385360e+03
  1.544340e+02  2.614025e+03
  1.504340e+02  2.805680e+03
  1.465370e+02  3.056765e+03
  1.427410e+02  3.359710e+03
  1.390440e+02  3.593865e+03
  1.354420e+02  3.893535e+03
  1.319340e+02  4.178735e+03
  1.285160e+02  4.521620e+03
  1.251870e+02  4.808205e+03
  1.219440e+02  5.177255e+03
  1.187850e+02  5.571880e+03
  1.157090e+02  5.988225e+03
  1.127110e+02  6.405260e+03
  1.097920e+02  6.835605e+03
  1.069480e+02  7.308600e+03
  1.041770e+02  7.810200e+03
  1.014790e+02  8.327680e+03
  9.885030e+01  8.866654e+03
  9.628970e+01  9.502551e+03
  9.379550e+01  1.005715e+04
  9.136590e+01  1.076730e+04
  8.899920e+01  1.133085e+04
  8.669380e+01  1.199035e+04
  8.444820e+01  1.281145e+04
  8.226070e+01  1.360025e+04
  8.012980e+01  1.439920e+04
  7.805420e+01  1.522830e+04
  7.603240e+01  1.613960e+04
  7.406290e+01  1.699150e+04
  7.214440e+01  1.788735e+04
  7.027560e+01  1.884435e+04
  6.845520e+01  1.979875e+04
  6.668200e+01  2.084820e+04
  6.495470e+01  2.173940e+04
  6.327220e+01  2.245155e+04
  6.163320e+01  2.309400e+04
  6.003670e+01  2.371385e+04
  5.848160e+01  2.422705e+04
  5.696670e+01  2.456855e+04
  5.549110e+01  2.500025e+04
  5.405370e+01  2.564435e+04
  5.265350e+01  2.634080e+04
  5.128960e+01  2.722125e+04
  4.996100e+01  2.792815e+04
  4.866690e+01  2.880625e+04
  4.740620e+01  2.960985e+04
  4.617830e+01  3.019425e+04
  4.498210e+01  3.052905e+04
  4.381690e+01  3.047090e+04
  4.268190e+01  3.026210e+04
  4.157630e+01  3.006425e+04
  4.049930e+01  2.966930e+04
  3.945030e+01  2.942535e+04
  3.842840e+01  2.893790e+04
  3.743290e+01  2.837810e+04
  3.646330e+01  2.795415e+04
  3.551880e+01  2.756610e+04
  3.459870e+01  2.712475e+04
  3.370250e+01  2.667575e+04
  3.282950e+01  2.640270e+04
  3.197910e+01  2.601345e+04
  3.115070e+01  2.563100e+04
  3.034380e+01  2.522230e+04
  2.955780e+01  2.487585e+04
  2.879220e+01  2.452210e+04
  2.804640e+01  2.412875e+04
  2.731990e+01  2.367355e+04
  2.661220e+01  2.314410e+04
  2.592290e+01  2.278585e+04
  2.525140e+01  2.219915e+04
  2.459730e+01  2.167990e+04
  2.396010e+01  2.114340e+04
  2.333950e+01  2.049955e+04
  2.273490e+01  1.989755e+04
  2.214600e+01  1.920290e+04
  2.157230e+01  1.851710e+04
  2.101350e+01  1.768110e+04
  2.046920e+01  1.691555e+04
  1.993900e+01  1.611900e+04
  1.942250e+01  1.530090e+04
  1.891940e+01  1.459340e+04
  1.842930e+01  1.403335e+04
  1.795200e+01  1.353120e+04
  1.748690e+01  1.333010e+04
  1.703400e+01  1.303985e+04
  1.659270e+01  1.293630e+04
  1.616290e+01  1.279440e+04
  1.574430e+01  1.256290e+04
  1.533640e+01  1.243660e+04
  1.493920e+01  1.225230e+04
  1.455220e+01  1.187435e+04
  1.417520e+01  1.145435e+04
  1.380800e+01  1.061160e+04
  1.345040e+01  9.605785e+03
  1.310200e+01  8.482189e+03
  1.276260e+01  7.288870e+03
  1.243200e+01  6.129880e+03
  1.211000e+01  5.081485e+03
  1.179630e+01  4.223450e+03
  1.149070e+01  3.481985e+03
  1.119310e+01  2.969280e+03
  1.090310e+01  2.581445e+03
  1.062070e+01  2.275340e+03
  1.034560e+01  1.955350e+03
  1.007760e+01  1.672845e+03
  9.816600e+00  1.413000e+03
  9.562300e+00  1.226365e+03
  9.314600e+00  1.226735e+03
  9.073300e+00  1.491595e+03
  8.838300e+00  1.858655e+03
  8.609300e+00  2.366555e+03
  8.386300e+00  2.921170e+03
  8.169100e+00  3.630420e+03
  7.957500e+00  4.437650e+03
  7.751400e+00  4.859595e+03
  7.550600e+00  5.290765e+03
  7.355000e+00  5.223030e+03
  7.164500e+00  5.013865e+03
  6.978900e+00  4.696900e+03
  6.798100e+00  4.416620e+03
  6.622000e+00  4.070820e+03
  6.450500e+00  3.813770e+03
  6.283400e+00  3.534660e+03
  6.120600e+00  3.239655e+03
  5.962100e+00  2.985755e+03
  5.807600e+00  2.851340e+03
  5.657200e+00  2.735595e+03
  5.510700e+00  2.622430e+03
  5.367900e+00  2.410700e+03
  5.228900e+00  2.268565e+03
  5.093400e+00  2.049020e+03
  4.961500e+00  1.881785e+03
  4.833000e+00  1.704955e+03
  4.707800e+00  1.608255e+03
  4.585800e+00  1.385320e+03
  4.467100e+00  1.247155e+03
  4.351300e+00  1.167505e+03
  4.238600e+00  1.091240e+03
  4.128800e+00  9.910495e+02
  4.021900e+00  1.066725e+03
  3.917700e+00  8.614165e+02
  3.816200e+00  7.351695e+02
  3.717400e+00  6.657990e+02
  3.621100e+00  5.856835e+02
  3.527300e+00  5.328940e+02
  3.435900e+00  4.673800e+02
  3.346900e+00  3.702125e+02
  3.260200e+00  2.744490e+02
  3.175800e+00  1.825385e+02
  3.093500e+00  9.996865e+01
  3.013400e+00  6.773595e+01
  2.935300e+00  8.922480e+01
  2.859300e+00  1.143345e+02
  2.785200e+00  1.649030e+02
  2.713100e+00  2.185070e+02
  2.642800e+00  2.152380e+02
  2.574300e+00  2.060115e+02
  2.507600e+00  1.803195e+02
  2.442700e+00  1.584785e+02
  2.379400e+00  1.552085e+02
  2.317800e+00  1.410785e+02
  2.257700e+00  1.227425e+02
  2.199300e+00  1.234425e+02
  2.142300e+00  1.142165e+02
  2.086800e+00  8.957485e+01
  2.032700e+00  8.431955e+01
  1.980100e+00  9.494675e+01
  1.928800e+00  6.937090e+01
  1.878800e+00  6.434920e+01
  1.830200e+00  6.890380e+01
  1.782800e+00  1.223910e+02
  1.736600e+00  6.715220e+01
  1.691600e+00  4.706495e+01
  1.647800e+00  4.251025e+01
  1.605100e+00  3.585340e+01
  1.563500e+00  2.674415e+01
  1.523000e+00  3.316730e+01
  1.483600e+00  3.024775e+01
  1.445100e+00  2.417475e+01
  1.407700e+00  2.359090e+01
  1.371200e+00  1.915295e+01
  1.335700e+00  1.926980e+01
  1.301100e+00  1.845225e+01
  1.267400e+00  1.354715e+01
  1.234600e+00  1.378080e+01
  1.202600e+00  1.588300e+01
  1.171500e+00  1.249615e+01
  1.141100e+00  1.494865e+01
  1.111600e+00  8.992590e+00
  1.082800e+00  6.189715e+00
  1.054700e+00  1.179545e+01
  1.027400e+00  8.642185e+00
  1.000800e+00  5.605765e+00
  9.749000e-01  7.591170e+00
  9.496000e-01  7.240740e+00
  9.250000e-01  5.488970e+00
  9.010000e-01  6.890455e+00
  8.777000e-01  5.722575e+00
  8.550000e-01  6.656865e+00
  8.328000e-01  6.423280e+00
  8.113000e-01  7.007235e+00
  7.902000e-01  6.306475e+00
  7.698000e-01  4.321100e+00
  7.498000e-01  7.707895e+00
  7.304000e-01  6.890410e+00
  7.115000e-01  7.707895e+00
  6.931000e-01  1.494870e+01
  6.751000e-01  9.331155e+01
  6.576000e-01  7.824690e+01
  6.406000e-01  2.321710e+02
  6.240000e-01  6.271425e+01
  6.078000e-01  8.291880e+00
  5.921000e-01  7.941550e+00
  5.767000e-01  8.291875e+00
  5.618000e-01  1.086119e+01
  5.472000e-01  9.459815e+00
  5.331000e-01  9.109390e+00
  5.193000e-01  7.123955e+00
  5.058000e-01  8.175065e+00
  4.927000e-01  1.576615e+01
  4.799000e-01  1.635015e+01
  4.675000e-01  1.191221e+01
  4.554000e-01  7.941460e+00
  4.436000e-01  1.833555e+01
  4.321000e-01  1.845230e+01
  4.209000e-01  1.354725e+01
  4.100000e-01  8.875799e+00
  3.994000e-01  1.891940e+01
  3.891000e-01  3.258345e+01
  3.790000e-01  3.059810e+01
  3.692000e-01  7.007190e+00
  3.596000e-01  5.956140e+00
  3.503000e-01  6.540120e+00
  3.412000e-01  5.021815e+00
  3.324000e-01  4.788270e+00
  3.238000e-01  5.021840e+00
  3.154000e-01  7.474350e+00
  3.072000e-01  7.357545e+00
  2.992000e-01  9.459735e+00
  2.915000e-01  1.272975e+01
  2.839000e-01  1.401440e+01
  2.766000e-01  6.189660e+00
  2.694000e-01  1.705085e+01
  2.624000e-01  4.496275e+01
  2.556000e-01  4.718170e+01
  2.490000e-01  2.090475e+01
  2.426000e-01  1.051085e+01
  2.363000e-01  1.506550e+01
  2.302000e-01  1.202896e+01
  2.242000e-01  6.540025e+00
  2.184000e-01  7.824815e+00
  2.127000e-01  7.474325e+00
  2.072000e-01  6.306530e+00
  2.019000e-01  9.459801e+00
  1.966000e-01  7.123970e+00
  1.915000e-01  1.214590e+01
  1.866000e-01  1.097800e+01
  1.817000e-01  6.423255e+00
  1.770000e-01  4.671445e+00
  1.725000e-01  6.189700e+00
  1.680000e-01  6.773635e+00
  1.636000e-01  6.656815e+00
  1.594000e-01  7.240760e+00
  1.553000e-01  7.941540e+00
  1.512000e-01  8.759015e+00
  1.473000e-01  9.342870e+00
  1.435000e-01  1.167860e+01
  1.398000e-01  9.693330e+00
  1.362000e-01  8.642230e+00
  1.326000e-01  1.016043e+01
  1.292000e-01  9.810095e+00
  1.259000e-01  1.016053e+01
  1.226000e-01  1.051083e+01
  1.194000e-01  1.051077e+01
  1.163000e-01  1.121156e+01
  1.133000e-01  1.062755e+01
  1.104000e-01  1.144512e+01
  1.075000e-01  1.191225e+01
  1.047000e-01  1.027726e+01
  1.020000e-01  1.097795e+01
  9.940000e-02  1.167865e+01
  9.680000e-02  1.319700e+01
  9.430000e-02  1.331370e+01
  9.190000e-02  1.226260e+01
  8.950000e-02  9.342976e+00
  8.720000e-02  1.004368e+01
  8.490000e-02  1.097785e+01
  8.270000e-02  1.027728e+01
  8.060000e-02  1.016049e+01
  7.850000e-02  9.926895e+00
  7.640000e-02  1.167875e+01
  7.450000e-02  9.810025e+00
  7.250000e-02  7.941460e+00
  7.070000e-02  9.109369e+00
  6.880000e-02  1.121145e+01
  6.700000e-02  9.109355e+00
  6.530000e-02  7.824765e+00
  6.360000e-02  8.058340e+00
  6.200000e-02  7.007170e+00
  6.040000e-02  5.255400e+00
  5.880000e-02  4.554685e+00
  5.730000e-02  6.656845e+00
  5.580000e-02  4.321145e+00
  5.430000e-02  4.087525e+00
  5.290000e-02  4.437910e+00
  5.160000e-02  4.087535e+00
  5.020000e-02  3.153230e+00
  4.890000e-02  3.620390e+00
  4.770000e-02  3.153255e+00
  4.640000e-02  2.102155e+00
  4.520000e-02  2.102145e+00
  4.410000e-02  2.452515e+00
  4.290000e-02  1.635005e+00
  4.180000e-02  2.102150e+00
  4.070000e-02  8.175050e-01
  3.970000e-02  1.284640e+00
  3.860000e-02  1.868580e+00
  3.760000e-02  9.342800e-01
  3.670000e-02  1.518220e+00
  3.570000e-02  8.175000e-01
  3.480000e-02  9.342901e-01
  3.390000e-02  1.051080e+00
  3.300000e-02  1.167850e-01
  3.220000e-02  9.342850e-01
  3.130000e-02  4.671400e-01
  3.050000e-02  2.335700e-01
  2.970000e-02  3.503550e-01
  2.890000e-02  2.335700e-01
  2.820000e-02  1.167850e-01
  2.750000e-02  0.000000e+00
  2.680000e-02  0.000000e+00
  2.610000e-02  1.167850e-01
  2.540000e-02  0.000000e+00
  2.470000e-02  3.503550e-01
  2.410000e-02  1.167850e-01
  2.350000e-02  0.000000e+00
  2.290000e-02  0.000000e+00
  2.230000e-02  1.167850e-01
  2.170000e-02  0.000000e+00
  2.110000e-02  0.000000e+00
  2.060000e-02  0.000000e+00
  2.000000e-02  0.000000e+00
  1.950000e-02  1.167850e-01
  1.900000e-02  3.503600e-01
  1.850000e-02  0.000000e+00
  1.800000e-02  0.000000e+00
  1.760000e-02  1.167850e-01
  1.710000e-02  0.000000e+00
  1.670000e-02  0.000000e+00
  1.630000e-02  0.000000e+00
  1.580000e-02  0.000000e+00
  1.540000e-02  0.000000e+00
  1.500000e-02  0.000000e+00
  1.460000e-02  0.000000e+00
  1.430000e-02  0.000000e+00
  1.390000e-02  0.000000e+00
  1.350000e-02  0.000000e+00
  1.320000e-02  0.000000e+00
  1.280000e-02  0.000000e+00
  1.250000e-02  0.000000e+00
  1.220000e-02  0.000000e+00
  1.190000e-02  0.000000e+00
  1.160000e-02  1.167850e-01
  1.130000e-02  5.839250e-01
  1.100000e-02  2.884625e+01
  1.070000e-02  3.468545e+01
  1.040000e-02  3.632050e+01
  1.010000e-02  2.646380e+02
