  4.934820e+03  0.000000e+00
  4.806990e+03  0.000000e+00
  4.682470e+03  0.000000e+00
  4.561180e+03  0.000000e+00
  4.443030e+03  0.000000e+00
  4.327940e+03  0.000000e+00
  4.215830e+03  0.000000e+00
  4.106630e+03  0.000000e+00
  4.000250e+03  0.000000e+00
  3.896630e+03  0.000000e+00
  3.795700e+03  0.000000e+00
  3.697380e+03  0.000000e+00
  3.601600e+03  0.000000e+00
  3.508310e+03  0.000000e+00
  3.417430e+03  0.000000e+00
  3.328910e+03  0.000000e+00
  3.242680e+03  0.000000e+00
  3.158680e+03  0.000000e+00
  3.076860e+03  0.000000e+00
  2.997160e+03  0.000000e+00
  2.919530e+03  0.000000e+00
  2.843900e+03  0.000000e+00
  2.770230e+03  0.000000e+00
  2.698480e+03  0.000000e+00
  2.628580e+03  0.000000e+00
  2.560490e+03  0.000000e+00
  2.494160e+03  0.000000e+00
  2.429550e+03  0.000000e+00
  2.366620e+03  0.000000e+00
  2.305320e+03  0.000000e+00
  2.245600e+03  0.000000e+00
  2.187430e+03  2.899450e-01
  2.130770e+03  2.899450e-01
  2.075580e+03  0.000000e+00
  2.021810e+03  2.899450e-01
  1.969440e+03  0.000000e+00
  1.918430e+03  0.000000e+00
  1.868730e+03  0.000000e+00
  1.820330e+03  0.000000e+00
  1.773170e+03  0.000000e+00
  1.727240e+03  0.000000e+00
  1.682500e+03  2.899450e-01
  1.638920e+03  0.000000e+00
  1.596470e+03  0.000000e+00
  1.555110e+03  2.899450e-01
  1.514830e+03  5.798900e-01
  1.475590e+03  2.899450e-01
  1.437370e+03  2.899450e-01
  1.400140e+03  2.899450e-01
  1.363870e+03  2.899450e-01
  1.328540e+03  2.899450e-01
  1.294120e+03  2.899450e-01
  1.260600e+03  5.798900e-01
  1.227950e+03  2.899450e-01
  1.196140e+03  2.899450e-01
  1.165160e+03  5.798900e-01
  1.134980e+03  2.899450e-01
  1.105580e+03  5.798900e-01
  1.076940e+03  0.000000e+00
  1.049040e+03  2.899450e-01
  1.021870e+03  5.798900e-01
  9.953980e+02  1.159780e+00
  9.696140e+02  1.159780e+00
  9.444970e+02  1.739670e+00
  9.200320e+02  1.449725e+00
  8.962000e+02  2.029615e+00
  8.729850e+02  1.739685e+00
  8.503720e+02  2.319560e+00
  8.283450e+02  2.029615e+00
  8.068880e+02  2.899480e+00
  7.859870e+02  2.899460e+00
  7.656270e+02  4.929105e+00
  7.457950e+02  2.899460e+00
  7.264760e+02  3.189420e+00
  7.076580e+02  6.088920e+00
  6.893270e+02  3.479370e+00
  6.714710e+02  4.059260e+00
  6.540780e+02  7.828610e+00
  6.371350e+02  7.248705e+00
  6.206310e+02  8.408515e+00
  6.045550e+02  1.072813e+01
  5.888950e+02  9.278365e+00
  5.736410e+02  1.101810e+01
  5.587810e+02  1.188795e+01
  5.443070e+02  1.275778e+01
  5.302080e+02  1.449750e+01
  5.164740e+02  2.000655e+01
  5.030950e+02  2.087640e+01
  4.900630e+02  2.406580e+01
  4.773690e+02  2.870495e+01
  4.650040e+02  2.609550e+01
  4.529580e+02  3.131455e+01
  4.412250e+02  4.001280e+01
  4.297960e+02  3.363410e+01
  4.186630e+02  4.987095e+01
  4.078180e+02  4.581165e+01
  3.972540e+02  5.827920e+01
  3.869640e+02  7.016710e+01
  3.769400e+02  7.422630e+01
  3.671770e+02  7.828540e+01
  3.576650e+02  8.930345e+01
  3.484010e+02  1.040913e+02
  3.393760e+02  1.226475e+02
  3.305850e+02  1.403345e+02
  3.220220e+02  1.443930e+02
  3.136800e+02  1.574420e+02
  3.055550e+02  1.797675e+02
  2.976400e+02  1.960045e+02
  2.899300e+02  2.197800e+02
  2.824200e+02  2.479055e+02
  2.751040e+02  2.792195e+02
  2.679780e+02  3.119835e+02
  2.610370e+02  3.482275e+02
  2.542750e+02  4.041875e+02
  2.476890e+02  4.584070e+02
  2.412730e+02  5.123365e+02
  2.350230e+02  5.575680e+02
  2.289350e+02  5.804735e+02
  2.230050e+02  6.892040e+02
  2.172280e+02  7.732896e+02
  2.116010e+02  8.428760e+02
  2.061200e+02  9.629115e+02
  2.007810e+02  1.080925e+03
  1.955800e+02  1.212280e+03
  1.905140e+02  1.316665e+03
  1.855790e+02  1.510900e+03
  1.807720e+02  1.648060e+03
  1.760890e+02  1.876555e+03
  1.715280e+02  2.088185e+03
  1.670850e+02  2.294650e+03
  1.627570e+02  2.503980e+03
  1.585410e+02  2.788425e+03
  1.544340e+02  3.051125e+03
  1.504340e+02  3.326570e+03
  1.465370e+02  3.679700e+03
  1.427410e+02  3.989965e+03
  1.390440e+02  4.437355e+03
  1.354420e+02  4.791090e+03
  1.319340e+02  5.294425e+03
  1.285160e+02  5.785885e+03
  1.251870e+02  6.261700e+03
  1.219440e+02  6.565575e+03
  1.187850e+02  7.246665e+03
  1.157090e+02  7.771170e+03
  1.127110e+02  8.538080e+03
  1.097920e+02  9.164645e+03
  1.069480e+02  9.874484e+03
  1.041770e+02  1.063290e+04
  1.014790e+02  1.151740e+04
  9.885030e+01  1.237265e+04
  9.628970e+01  1.338925e+04
  9.379550e+01  1.435895e+04
  9.136590e+01  1.537650e+04
  8.899920e+01  1.638145e+04
  8.669380e+01  1.768360e+04
  8.444820e+01  1.881535e+04
  8.226070e+01  2.003625e+04
  8.012980e+01  2.136310e+04
  7.805420e+01  2.285130e+04
  7.603240e+01  2.431415e+04
  7.406290e+01  2.575495e+04
  7.214440e+01  2.701025e+04
  7.027560e+01  2.848470e+04
  6.845520e+01  3.019675e+04
  6.668200e+01  3.191170e+04
  6.495470e+01  3.309890e+04
  6.327220e+01  3.417315e+04
  6.163320e+01  3.523335e+04
  6.003670e+01  3.617065e+04
  5.848160e+01  3.690100e+04
  5.696670e+01  3.748125e+04
  5.549110e+01  3.789445e+04
  5.405370e+01  3.858300e+04
  5.265350e+01  3.928180e+04
  5.128960e+01  3.990655e+04
  4.996100e+01  4.056335e+04
  4.866690e+01  4.102630e+04
  4.740620e+01  4.122835e+04
  4.617830e+01  4.114205e+04
  4.498210e+01  4.073225e+04
  4.381690e+01  4.008415e+04
  4.268190e+01  3.941440e+04
  4.157630e+01  3.832500e+04
  4.049930e+01  3.756735e+04
  3.945030e+01  3.645245e+04
  3.842840e+01  3.547370e+04
  3.743290e+01  3.439875e+04
  3.646330e+01  3.333610e+04
  3.551880e+01  3.233925e+04
  3.459870e+01  3.133910e+04
  3.370250e+01  3.036435e+04
  3.282950e+01  2.933280e+04
  3.197910e+01  2.846090e+04
  3.115070e+01  2.707875e+04
  3.034380e+01  2.615460e+04
  2.955780e+01  2.506910e+04
  2.879220e+01  2.406375e+04
  2.804640e+01  2.298880e+04
  2.731990e+01  2.183190e+04
  2.661220e+01  2.064660e+04
  2.592290e+01  1.942240e+04
  2.525140e+01  1.849570e+04
  2.459730e+01  1.717905e+04
  2.396010e+01  1.600455e+04
  2.333950e+01  1.504110e+04
  2.273490e+01  1.388960e+04
  2.214600e+01  1.266185e+04
  2.157230e+01  1.154315e+04
  2.101350e+01  1.051340e+04
  2.046920e+01  9.496345e+03
  1.993900e+01  8.500385e+03
  1.942250e+01  7.647650e+03
  1.891940e+01  7.020205e+03
  1.842930e+01  6.566145e+03
  1.795200e+01  6.125140e+03
  1.748690e+01  5.923040e+03
  1.703400e+01  5.839235e+03
  1.659270e+01  5.832865e+03
  1.616290e+01  5.767625e+03
  1.574430e+01  5.757770e+03
  1.533640e+01  5.710510e+03
  1.493920e+01  5.682675e+03
  1.455220e+01  5.389825e+03
  1.417520e+01  4.863575e+03
  1.380800e+01  4.201040e+03
  1.345040e+01  3.444870e+03
  1.310200e+01  2.672435e+03
  1.276260e+01  2.009020e+03
  1.243200e+01  1.479290e+03
  1.211000e+01  1.131675e+03
  1.179630e+01  9.023130e+02
  1.149070e+01  7.309570e+02
  1.119310e+01  6.056990e+02
  1.090310e+01  5.332135e+02
  1.062070e+01  5.024795e+02
  1.034560e+01  4.531870e+02
  1.007760e+01  3.928780e+02
  9.816600e+00  3.357575e+02
  9.562300e+00  2.974865e+02
  9.314600e+00  2.870470e+02
  9.073300e+00  3.232900e+02
  8.838300e+00  3.369185e+02
  8.609300e+00  4.369510e+02
  8.386300e+00  5.526400e+02
  8.169100e+00  6.674585e+02
  7.957500e+00  8.991260e+02
  7.751400e+00  1.025255e+03
  7.550600e+00  1.173425e+03
  7.355000e+00  1.154870e+03
  7.164500e+00  1.051050e+03
  6.978900e+00  1.012780e+03
  6.798100e+00  9.255115e+02
  6.622000e+00  8.666525e+02
  6.450500e+00  7.625610e+02
  6.283400e+00  7.022520e+02
  6.120600e+00  6.358555e+02
  5.962100e+00  6.074400e+02
  5.807600e+00  5.729345e+02
  5.657200e+00  5.709065e+02
  5.510700e+00  5.581479e+02
  5.367900e+00  5.163960e+02
  5.228900e+00  4.879810e+02
  5.093400e+00  4.479690e+02
  4.961500e+00  4.421695e+02
  4.833000e+00  3.934580e+02
  4.707800e+00  3.711320e+02
  4.585800e+00  3.351785e+02
  4.467100e+00  3.203925e+02
  4.351300e+00  2.922670e+02
  4.238600e+00  2.800895e+02
  4.128800e+00  2.548630e+02
  4.021900e+00  2.806685e+02
  3.917700e+00  2.400770e+02
  3.816200e+00  2.122410e+02
  3.717400e+00  1.852760e+02
  3.621100e+00  1.745490e+02
  3.527300e+00  1.449725e+02
  3.435900e+00  1.423635e+02
  3.346900e+00  1.110490e+02
  3.260200e+00  8.582415e+01
  3.175800e+00  5.885935e+01
  3.093500e+00  4.146255e+01
  3.013400e+00  3.566375e+01
  2.935300e+00  3.450390e+01
  2.859300e+00  3.885315e+01
  2.785200e+00  6.117870e+01
  2.713100e+00  7.741576e+01
  2.642800e+00  7.132670e+01
  2.574300e+00  7.741560e+01
  2.507600e+00  7.132685e+01
  2.442700e+00  6.697780e+01
  2.379400e+00  5.508970e+01
  2.317800e+00  5.856915e+01
  2.257700e+00  4.233225e+01
  2.199300e+00  4.726140e+01
  2.142300e+00  4.262230e+01
  2.086800e+00  3.943295e+01
  2.032700e+00  4.059260e+01
  1.980100e+00  3.624365e+01
  1.928800e+00  3.508385e+01
  1.878800e+00  2.870500e+01
  1.830200e+00  3.595360e+01
  1.782800e+00  4.842120e+01
  1.736600e+00  3.363415e+01
  1.691600e+00  2.696535e+01
  1.647800e+00  2.406580e+01
  1.605100e+00  2.667540e+01
  1.563500e+00  1.826685e+01
  1.523000e+00  1.594725e+01
  1.483600e+00  1.217790e+01
  1.445100e+00  1.275780e+01
  1.407700e+00  1.391760e+01
  1.371200e+00  1.275780e+01
  1.335700e+00  9.858295e+00
  1.301100e+00  1.072810e+01
  1.267400e+00  1.159800e+01
  1.234600e+00  7.538680e+00
  1.202600e+00  1.130803e+01
  1.171500e+00  6.378860e+00
  1.141100e+00  9.278379e+00
  1.111600e+00  6.088910e+00
  1.082800e+00  4.349215e+00
  1.054700e+00  1.072814e+01
  1.027400e+00  5.219080e+00
  1.000800e+00  5.219080e+00
  9.749000e-01  6.958765e+00
  9.496000e-01  2.899470e+00
  9.250000e-01  5.219075e+00
  9.010000e-01  4.059270e+00
  8.777000e-01  5.219075e+00
  8.550000e-01  4.929110e+00
  8.328000e-01  5.219040e+00
  8.113000e-01  5.798955e+00
  7.902000e-01  5.798985e+00
  7.698000e-01  4.929110e+00
  7.498000e-01  5.798970e+00
  7.304000e-01  9.278380e+00
  7.115000e-01  5.508995e+00
  6.931000e-01  1.275780e+01
  6.751000e-01  1.125005e+02
  6.576000e-01  1.000322e+02
  6.406000e-01  2.496440e+02
  6.240000e-01  8.263480e+01
  6.078000e-01  9.858290e+00
  5.921000e-01  7.538655e+00
  5.767000e-01  1.130803e+01
  5.618000e-01  7.828600e+00
  5.472000e-01  1.101805e+01
  5.331000e-01  7.828610e+00
  5.193000e-01  9.858280e+00
  5.058000e-01  1.101810e+01
  4.927000e-01  2.058645e+01
  4.799000e-01  2.261610e+01
  4.675000e-01  1.623720e+01
  4.554000e-01  1.391760e+01
  4.436000e-01  2.841510e+01
  4.321000e-01  3.334410e+01
  4.209000e-01  2.174625e+01
  4.100000e-01  1.478740e+01
  3.994000e-01  2.812515e+01
  3.891000e-01  5.856920e+01
  3.790000e-01  4.929095e+01
  3.692000e-01  8.698475e+00
  3.596000e-01  8.988430e+00
  3.503000e-01  1.043818e+01
  3.412000e-01  1.188790e+01
  3.324000e-01  1.072812e+01
  3.238000e-01  9.568330e+00
  3.154000e-01  9.858280e+00
  3.072000e-01  1.304775e+01
  2.992000e-01  1.913670e+01
  2.915000e-01  2.580550e+01
  2.839000e-01  2.406585e+01
  2.766000e-01  1.565730e+01
  2.694000e-01  4.088270e+01
  2.624000e-01  9.220355e+01
  2.556000e-01  1.110500e+02
  2.490000e-01  4.117260e+01
  2.426000e-01  2.609545e+01
  2.363000e-01  3.914295e+01
  2.302000e-01  2.638545e+01
  2.242000e-01  1.710705e+01
  2.184000e-01  1.420755e+01
  2.127000e-01  1.710700e+01
  2.072000e-01  1.449750e+01
  2.019000e-01  1.768695e+01
  1.966000e-01  1.855680e+01
  1.915000e-01  2.754515e+01
  1.866000e-01  3.073460e+01
  1.817000e-01  1.739700e+01
  1.770000e-01  9.568335e+00
  1.725000e-01  8.408504e+00
  1.680000e-01  1.797690e+01
  1.636000e-01  1.739700e+01
  1.594000e-01  2.029650e+01
  1.553000e-01  2.116635e+01
  1.512000e-01  2.029650e+01
  1.473000e-01  2.406585e+01
  1.435000e-01  3.102460e+01
  1.398000e-01  2.493570e+01
  1.362000e-01  2.174625e+01
  1.326000e-01  2.174625e+01
  1.292000e-01  2.435575e+01
  1.259000e-01  2.580550e+01
  1.226000e-01  4.465215e+01
  1.194000e-01  4.407195e+01
  1.163000e-01  3.711335e+01
  1.133000e-01  3.508395e+01
  1.104000e-01  4.494190e+01
  1.075000e-01  4.030280e+01
  1.047000e-01  3.740335e+01
  1.020000e-01  4.871115e+01
  9.940000e-02  5.508995e+01
  9.680000e-02  5.451005e+01
  9.430000e-02  4.842120e+01
  9.190000e-02  5.016095e+01
  8.950000e-02  4.842110e+01
  8.720000e-02  4.639150e+01
  8.490000e-02  5.566970e+01
  8.270000e-02  5.740940e+01
  8.060000e-02  4.900115e+01
  7.850000e-02  4.610165e+01
  7.640000e-02  5.422000e+01
  7.450000e-02  4.784130e+01
  7.250000e-02  4.668160e+01
  7.070000e-02  4.494200e+01
  6.880000e-02  4.059265e+01
  6.700000e-02  4.784130e+01
  6.530000e-02  3.537375e+01
  6.360000e-02  4.059280e+01
  6.200000e-02  3.218445e+01
  6.040000e-02  3.044470e+01
  5.880000e-02  2.232615e+01
  5.730000e-02  2.696530e+01
  5.580000e-02  1.855680e+01
  5.430000e-02  2.435580e+01
  5.290000e-02  1.478745e+01
  5.160000e-02  1.420755e+01
  5.020000e-02  1.333770e+01
  4.890000e-02  1.043819e+01
  4.770000e-02  1.159795e+01
  4.640000e-02  1.246785e+01
  4.520000e-02  9.278379e+00
  4.410000e-02  1.043818e+01
  4.290000e-02  1.333770e+01
  4.180000e-02  8.698475e+00
  4.070000e-02  8.408504e+00
  3.970000e-02  7.538665e+00
  3.860000e-02  4.929095e+00
  3.760000e-02  3.189425e+00
  3.670000e-02  2.609515e+00
  3.570000e-02  4.639170e+00
  3.480000e-02  3.479360e+00
  3.390000e-02  2.899480e+00
  3.300000e-02  2.319575e+00
  3.220000e-02  2.609515e+00
  3.130000e-02  3.189425e+00
  3.050000e-02  2.029615e+00
  2.970000e-02  2.899450e-01
  2.890000e-02  1.739670e+00
  2.820000e-02  8.698350e-01
  2.750000e-02  1.159790e+00
  2.680000e-02  8.698350e-01
  2.610000e-02  2.899450e-01
  2.540000e-02  1.449735e+00
  2.470000e-02  8.698350e-01
  2.410000e-02  8.698350e-01
  2.350000e-02  0.000000e+00
  2.290000e-02  2.899450e-01
  2.230000e-02  0.000000e+00
  2.170000e-02  0.000000e+00
  2.110000e-02  5.798900e-01
  2.060000e-02  0.000000e+00
  2.000000e-02  2.899450e-01
  1.950000e-02  0.000000e+00
  1.900000e-02  0.000000e+00
  1.850000e-02  0.000000e+00
  1.800000e-02  0.000000e+00
  1.760000e-02  0.000000e+00
  1.710000e-02  0.000000e+00
  1.670000e-02  0.000000e+00
  1.630000e-02  0.000000e+00
  1.580000e-02  0.000000e+00
  1.540000e-02  0.000000e+00
  1.500000e-02  0.000000e+00
  1.460000e-02  0.000000e+00
  1.430000e-02  0.000000e+00
  1.390000e-02  0.000000e+00
  1.350000e-02  0.000000e+00
  1.320000e-02  0.000000e+00
  1.280000e-02  0.000000e+00
  1.250000e-02  0.000000e+00
  1.220000e-02  0.000000e+00
  1.190000e-02  0.000000e+00
  1.160000e-02  0.000000e+00
  1.130000e-02  0.000000e+00
  1.100000e-02  5.798900e-01
  1.070000e-02  0.000000e+00
  1.040000e-02  0.000000e+00
  1.010000e-02  0.000000e+00
