  4.934820e+03  1.021345e-02
  4.806990e+03  2.356950e-03
  4.682470e+03  0.000000e+00
  4.561180e+03  3.142600e-03
  4.443030e+03  0.000000e+00
  4.327940e+03  2.356950e-03
  4.215830e+03  0.000000e+00
  4.106630e+03  2.356950e-03
  4.000250e+03  3.142600e-03
  3.896630e+03  3.142600e-03
  3.795700e+03  3.142600e-03
  3.697380e+03  4.713900e-03
  3.601600e+03  2.356950e-03
  3.508310e+03  4.713900e-03
  3.417430e+03  3.142600e-03
  3.328910e+03  6.285200e-03
  3.242680e+03  6.285200e-03
  3.158680e+03  4.713900e-03
  3.076860e+03  5.499550e-03
  2.997160e+03  1.178475e-02
  2.919530e+03  9.427800e-03
  2.843900e+03  5.499550e-03
  2.770230e+03  9.427800e-03
  2.698480e+03  1.178475e-02
  2.628580e+03  1.964125e-02
  2.560490e+03  1.257040e-02
  2.494160e+03  1.571300e-02
  2.429550e+03  1.964125e-02
  2.366620e+03  1.649865e-02
  2.305320e+03  2.828340e-02
  2.245600e+03  2.828340e-02
  2.187430e+03  2.435515e-02
  2.130770e+03  2.435515e-02
  2.075580e+03  3.771135e-02
  2.021810e+03  3.613990e-02
  1.969440e+03  3.535425e-02
  1.918430e+03  4.242510e-02
  1.868730e+03  4.635330e-02
  1.820330e+03  4.871030e-02
  1.773170e+03  6.756605e-02
  1.727240e+03  5.342415e-02
  1.682500e+03  6.756565e-02
  1.638920e+03  8.642120e-02
  1.596470e+03  7.385055e-02
  1.555110e+03  1.092045e-01
  1.514830e+03  1.092050e-01
  1.475590e+03  1.209900e-01
  1.437370e+03  1.209890e-01
  1.400140e+03  1.351325e-01
  1.363870e+03  1.689155e-01
  1.328540e+03  1.594870e-01
  1.294120e+03  2.097700e-01
  1.260600e+03  2.081970e-01
  1.227950e+03  2.317675e-01
  1.196140e+03  2.545535e-01
  1.165160e+03  2.875485e-01
  1.134980e+03  2.899060e-01
  1.105580e+03  3.103335e-01
  1.076940e+03  3.260465e-01
  1.049040e+03  4.053970e-01
  1.021870e+03  4.148240e-01
  9.953980e+02  4.926045e-01
  9.696140e+02  5.476010e-01
  9.444970e+02  6.552355e-01
  9.200320e+02  7.353725e-01
  8.962000e+02  7.982235e-01
  8.729850e+02  8.940740e-01
  8.503720e+02  9.781470e-01
  8.283450e+02  1.125060e+00
  8.068880e+02  1.251530e+00
  7.859870e+02  1.392965e+00
  7.656270e+02  1.554020e+00
  7.457950e+02  1.769300e+00
  7.264760e+02  1.878505e+00
  7.076580e+02  2.059200e+00
  6.893270e+02  2.422965e+00
  6.714710e+02  2.566730e+00
  6.540780e+02  2.937560e+00
  6.371350e+02  3.313890e+00
  6.206310e+02  3.841070e+00
  6.045550e+02  4.073620e+00
  5.888950e+02  4.606300e+00
  5.736410e+02  5.083965e+00
  5.587810e+02  5.575795e+00
  5.443070e+02  6.282100e+00
  5.302080e+02  6.800620e+00
  5.164740e+02  7.526575e+00
  5.030950e+02  8.337360e+00
  4.900630e+02  9.262859e+00
  4.773690e+02  1.016005e+01
  4.650040e+02  1.124100e+01
  4.529580e+02  1.264595e+01
  4.412250e+02  1.387060e+01
  4.297960e+02  1.527705e+01
  4.186630e+02  1.669910e+01
  4.078180e+02  1.834735e+01
  3.972540e+02  2.003095e+01
  3.869640e+02  2.227650e+01
  3.769400e+02  2.418325e+01
  3.671770e+02  2.700605e+01
  3.576650e+02  2.894580e+01
  3.484010e+02  3.209085e+01
  3.393760e+02  3.480530e+01
  3.305850e+02  3.775620e+01
  3.220220e+02  4.115640e+01
  3.136800e+02  4.462665e+01
  3.055550e+02  4.806160e+01
  2.976400e+02  5.218950e+01
  2.899300e+02  5.666295e+01
  2.824200e+02  6.144670e+01
  2.751040e+02  6.640985e+01
  2.679780e+02  7.190234e+01
  2.610370e+02  7.763205e+01
  2.542750e+02  8.276711e+01
  2.476890e+02  8.994315e+01
  2.412730e+02  9.712345e+01
  2.350230e+02  1.050545e+02
  2.289350e+02  1.126975e+02
  2.230050e+02  1.204685e+02
  2.172280e+02  1.293570e+02
  2.116010e+02  1.374740e+02
  2.061200e+02  1.463835e+02
  2.007810e+02  1.548765e+02
  1.955800e+02  1.664600e+02
  1.905140e+02  1.786070e+02
  1.855790e+02  1.911920e+02
  1.807720e+02  2.040340e+02
  1.760890e+02  2.170095e+02
  1.715280e+02  2.287070e+02
  1.670850e+02  2.417055e+02
  1.627570e+02  2.540815e+02
  1.585410e+02  2.658585e+02
  1.544340e+02  2.768695e+02
  1.504340e+02  2.893550e+02
  1.465370e+02  3.021130e+02
  1.427410e+02  3.138720e+02
  1.390440e+02  3.256245e+02
  1.354420e+02  3.367925e+02
  1.319340e+02  3.472655e+02
  1.285160e+02  3.578140e+02
  1.251870e+02  3.686710e+02
  1.219440e+02  3.783795e+02
  1.187850e+02  3.896340e+02
  1.157090e+02  4.003840e+02
  1.127110e+02  4.116050e+02
  1.097920e+02  4.219815e+02
  1.069480e+02  4.323050e+02
  1.041770e+02  4.451750e+02
  1.014790e+02  4.576445e+02
  9.885030e+01  4.676420e+02
  9.628970e+01  4.795840e+02
  9.379550e+01  4.902610e+02
  9.136590e+01  5.016800e+02
  8.899920e+01  5.126905e+02
  8.669380e+01  5.227645e+02
  8.444820e+01  5.333875e+02
  8.226070e+01  5.447950e+02
  8.012980e+01  5.573625e+02
  7.805420e+01  5.678790e+02
  7.603240e+01  5.796655e+02
  7.406290e+01  5.879120e+02
  7.214440e+01  5.974915e+02
  7.027560e+01  6.034575e+02
  6.845520e+01  6.103790e+02
  6.668200e+01  6.168050e+02
  6.495470e+01  6.203170e+02
  6.327220e+01  6.181385e+02
  6.163320e+01  6.145630e+02
  6.003670e+01  6.057985e+02
  5.848160e+01  5.970170e+02
  5.696670e+01  5.885295e+02
  5.549110e+01  5.800585e+02
  5.405370e+01  5.697980e+02
  5.265350e+01  5.597445e+02
  5.128960e+01  5.476395e+02
  4.996100e+01  5.334780e+02
  4.866690e+01  5.150070e+02
  4.740620e+01  4.965480e+02
  4.617830e+01  4.737250e+02
  4.498210e+01  4.469280e+02
  4.381690e+01  4.280095e+02
  4.268190e+01  4.101940e+02
  4.157630e+01  3.907480e+02
  4.049930e+01  3.708365e+02
  3.945030e+01  3.553445e+02
  3.842840e+01  3.407440e+02
  3.743290e+01  3.255810e+02
  3.646330e+01  3.121830e+02
  3.551880e+01  2.986515e+02
  3.459870e+01  2.846840e+02
  3.370250e+01  2.686930e+02
  3.282950e+01  2.540415e+02
  3.197910e+01  2.392310e+02
  3.115070e+01  2.256950e+02
  3.034380e+01  2.122285e+02
  2.955780e+01  1.980240e+02
  2.879220e+01  1.832825e+02
  2.804640e+01  1.701605e+02
  2.731990e+01  1.567410e+02
  2.661220e+01  1.430050e+02
  2.592290e+01  1.303915e+02
  2.525140e+01  1.176815e+02
  2.459730e+01  1.054365e+02
  2.396010e+01  9.463285e+01
  2.333950e+01  8.343500e+01
  2.273490e+01  7.294160e+01
  2.214600e+01  6.233385e+01
  2.157230e+01  5.310085e+01
  2.101350e+01  4.447270e+01
  2.046920e+01  3.716070e+01
  1.993900e+01  3.036470e+01
  1.942250e+01  2.503800e+01
  1.891940e+01  2.120250e+01
  1.842930e+01  1.916300e+01
  1.795200e+01  1.745255e+01
  1.748690e+01  1.725765e+01
  1.703400e+01  1.732055e+01
  1.659270e+01  1.797250e+01
  1.616290e+01  1.955965e+01
  1.574430e+01  2.030600e+01
  1.533640e+01  2.104135e+01
  1.493920e+01  2.184660e+01
  1.455220e+01  2.087470e+01
  1.417520e+01  1.832610e+01
  1.380800e+01  1.413225e+01
  1.345040e+01  9.466375e+00
  1.310200e+01  5.627640e+00
  1.276260e+01  3.256540e+00
  1.243200e+01  1.642805e+00
  1.211000e+01  8.100090e-01
  1.179630e+01  4.077535e-01
  1.149070e+01  2.074120e-01
  1.119310e+01  9.663434e-02
  1.090310e+01  6.285175e-02
  1.062070e+01  5.185270e-02
  1.034560e+01  2.828340e-02
  1.007760e+01  1.649865e-02
  9.816600e+00  1.492735e-02
  9.562300e+00  8.642150e-03
  9.314600e+00  1.099910e-02
  9.073300e+00  1.571300e-02
  8.838300e+00  3.928245e-02
  8.609300e+00  1.076338e-01
  8.386300e+00  2.796930e-01
  8.169100e+00  7.188730e-01
  7.957500e+00  1.656950e+00
  7.751400e+00  2.654730e+00
  7.550600e+00  4.295170e+00
  7.355000e+00  4.738285e+00
  7.164500e+00  4.283380e+00
  6.978900e+00  4.107400e+00
  6.798100e+00  3.475740e+00
  6.622000e+00  2.971350e+00
  6.450500e+00  2.530590e+00
  6.283400e+00  2.173110e+00
  6.120600e+00  1.773230e+00
  5.962100e+00  1.565015e+00
  5.807600e+00  1.454245e+00
  5.657200e+00  1.332470e+00
  5.510700e+00  1.284550e+00
  5.367900e+00  1.060640e+00
  5.228900e+00  9.561415e-01
  5.093400e+00  7.785835e-01
  4.961500e+00  6.560210e-01
  4.833000e+00  5.986680e-01
  4.707800e+00  4.525370e-01
  4.585800e+00  4.124685e-01
  4.467100e+00  3.213325e-01
  4.351300e+00  2.765510e-01
  4.238600e+00  2.396255e-01
  4.128800e+00  2.089850e-01
  4.021900e+00  2.639795e-01
  3.917700e+00  1.885565e-01
  3.816200e+00  1.382750e-01
  3.717400e+00  1.186320e-01
  3.621100e+00  9.820500e-02
  3.527300e+00  6.756585e-02
  3.435900e+00  6.678025e-02
  3.346900e+00  4.556770e-02
  3.260200e+00  2.435515e-02
  3.175800e+00  1.806995e-02
  3.093500e+00  1.649865e-02
  3.013400e+00  9.427800e-03
  2.935300e+00  1.335605e-02
  2.859300e+00  1.492735e-02
  2.785200e+00  1.806995e-02
  2.713100e+00  2.592645e-02
  2.642800e+00  3.142600e-02
  2.574300e+00  2.042690e-02
  2.507600e+00  2.121255e-02
  2.442700e+00  1.649865e-02
  2.379400e+00  1.728430e-02
  2.317800e+00  1.492735e-02
  2.257700e+00  1.806995e-02
  2.199300e+00  9.427800e-03
  2.142300e+00  1.335605e-02
  2.086800e+00  1.335605e-02
  2.032700e+00  8.642150e-03
  1.980100e+00  1.492735e-02
  1.928800e+00  7.070850e-03
  1.878800e+00  6.285200e-03
  1.830200e+00  8.642150e-03
  1.782800e+00  1.414170e-02
  1.736600e+00  3.928250e-03
  1.691600e+00  3.142600e-03
  1.647800e+00  9.427801e-03
  1.605100e+00  2.356950e-03
  1.563500e+00  7.856500e-04
  1.523000e+00  3.142600e-03
  1.483600e+00  2.356950e-03
  1.445100e+00  4.713900e-03
  1.407700e+00  3.928250e-03
  1.371200e+00  3.142600e-03
  1.335700e+00  2.356950e-03
  1.301100e+00  3.928250e-03
  1.267400e+00  2.356950e-03
  1.234600e+00  7.856500e-04
  1.202600e+00  7.856500e-04
  1.171500e+00  1.571300e-03
  1.141100e+00  1.571300e-03
  1.111600e+00  0.000000e+00
  1.082800e+00  1.571300e-03
  1.054700e+00  1.571300e-03
  1.027400e+00  1.571300e-03
  1.000800e+00  7.856500e-04
  9.749000e-01  0.000000e+00
  9.496000e-01  7.856500e-04
  9.250000e-01  1.571300e-03
  9.010000e-01  2.356950e-03
  8.777000e-01  2.356950e-03
  8.550000e-01  0.000000e+00
  8.328000e-01  4.713900e-03
  8.113000e-01  2.356950e-03
  7.902000e-01  7.856500e-04
  7.698000e-01  1.571300e-03
  7.498000e-01  7.856500e-04
  7.304000e-01  1.571300e-03
  7.115000e-01  2.356950e-03
  6.931000e-01  1.571300e-03
  6.751000e-01  3.928250e-03
  6.576000e-01  1.571300e-03
  6.406000e-01  3.142600e-03
  6.240000e-01  7.856500e-04
  6.078000e-01  0.000000e+00
  5.921000e-01  7.856500e-04
  5.767000e-01  7.856500e-04
  5.618000e-01  1.571300e-03
  5.472000e-01  2.356950e-03
  5.331000e-01  1.571300e-03
  5.193000e-01  2.356950e-03
  5.058000e-01  1.571300e-03
  4.927000e-01  1.571300e-03
  4.799000e-01  7.856500e-04
  4.675000e-01  0.000000e+00
  4.554000e-01  1.571300e-03
  4.436000e-01  0.000000e+00
  4.321000e-01  7.856500e-04
  4.209000e-01  7.856500e-04
  4.100000e-01  7.856500e-04
  3.994000e-01  1.571300e-03
  3.891000e-01  0.000000e+00
  3.790000e-01  0.000000e+00
  3.692000e-01  7.856500e-04
  3.596000e-01  0.000000e+00
  3.503000e-01  1.571300e-03
  3.412000e-01  7.856500e-04
  3.324000e-01  1.571300e-03
  3.238000e-01  0.000000e+00
  3.154000e-01  7.856500e-04
  3.072000e-01  7.856500e-04
  2.992000e-01  7.856500e-04
  2.915000e-01  0.000000e+00
  2.839000e-01  0.000000e+00
  2.766000e-01  0.000000e+00
  2.694000e-01  0.000000e+00
  2.624000e-01  0.000000e+00
  2.556000e-01  0.000000e+00
  2.490000e-01  0.000000e+00
  2.426000e-01  0.000000e+00
  2.363000e-01  7.856500e-04
  2.302000e-01  0.000000e+00
  2.242000e-01  0.000000e+00
  2.184000e-01  0.000000e+00
  2.127000e-01  7.856500e-04
  2.072000e-01  0.000000e+00
  2.019000e-01  0.000000e+00
  1.966000e-01  0.000000e+00
  1.915000e-01  0.000000e+00
  1.866000e-01  0.000000e+00
  1.817000e-01  0.000000e+00
  1.770000e-01  0.000000e+00
  1.725000e-01  0.000000e+00
  1.680000e-01  0.000000e+00
  1.636000e-01  0.000000e+00
  1.594000e-01  0.000000e+00
  1.553000e-01  0.000000e+00
  1.512000e-01  0.000000e+00
  1.473000e-01  0.000000e+00
  1.435000e-01  0.000000e+00
  1.398000e-01  0.000000e+00
  1.362000e-01  0.000000e+00
  1.326000e-01  0.000000e+00
  1.292000e-01  0.000000e+00
  1.259000e-01  0.000000e+00
  1.226000e-01  0.000000e+00
  1.194000e-01  0.000000e+00
  1.163000e-01  0.000000e+00
  1.133000e-01  0.000000e+00
  1.104000e-01  0.000000e+00
  1.075000e-01  0.000000e+00
  1.047000e-01  0.000000e+00
  1.020000e-01  0.000000e+00
  9.940000e-02  0.000000e+00
  9.680000e-02  0.000000e+00
  9.430000e-02  0.000000e+00
  9.190000e-02  0.000000e+00
  8.950000e-02  0.000000e+00
  8.720000e-02  0.000000e+00
  8.490000e-02  0.000000e+00
  8.270000e-02  0.000000e+00
  8.060000e-02  0.000000e+00
  7.850000e-02  0.000000e+00
  7.640000e-02  0.000000e+00
  7.450000e-02  0.000000e+00
  7.250000e-02  0.000000e+00
  7.070000e-02  0.000000e+00
  6.880000e-02  0.000000e+00
  6.700000e-02  0.000000e+00
  6.530000e-02  0.000000e+00
  6.360000e-02  0.000000e+00
  6.200000e-02  0.000000e+00
  6.040000e-02  0.000000e+00
  5.880000e-02  0.000000e+00
  5.730000e-02  0.000000e+00
  5.580000e-02  0.000000e+00
  5.430000e-02  0.000000e+00
  5.290000e-02  0.000000e+00
  5.160000e-02  0.000000e+00
  5.020000e-02  0.000000e+00
  4.890000e-02  0.000000e+00
  4.770000e-02  0.000000e+00
  4.640000e-02  0.000000e+00
  4.520000e-02  0.000000e+00
  4.410000e-02  0.000000e+00
  4.290000e-02  0.000000e+00
  4.180000e-02  0.000000e+00
  4.070000e-02  0.000000e+00
  3.970000e-02  0.000000e+00
  3.860000e-02  0.000000e+00
  3.760000e-02  0.000000e+00
  3.670000e-02  0.000000e+00
  3.570000e-02  0.000000e+00
  3.480000e-02  0.000000e+00
  3.390000e-02  0.000000e+00
  3.300000e-02  0.000000e+00
  3.220000e-02  0.000000e+00
  3.130000e-02  0.000000e+00
  3.050000e-02  0.000000e+00
  2.970000e-02  0.000000e+00
  2.890000e-02  0.000000e+00
  2.820000e-02  0.000000e+00
  2.750000e-02  0.000000e+00
  2.680000e-02  0.000000e+00
  2.610000e-02  0.000000e+00
  2.540000e-02  0.000000e+00
  2.470000e-02  0.000000e+00
  2.410000e-02  0.000000e+00
  2.350000e-02  0.000000e+00
  2.290000e-02  0.000000e+00
  2.230000e-02  0.000000e+00
  2.170000e-02  0.000000e+00
  2.110000e-02  0.000000e+00
  2.060000e-02  0.000000e+00
  2.000000e-02  0.000000e+00
  1.950000e-02  0.000000e+00
  1.900000e-02  0.000000e+00
  1.850000e-02  0.000000e+00
  1.800000e-02  0.000000e+00
  1.760000e-02  0.000000e+00
  1.710000e-02  0.000000e+00
  1.670000e-02  0.000000e+00
  1.630000e-02  0.000000e+00
  1.580000e-02  0.000000e+00
  1.540000e-02  0.000000e+00
  1.500000e-02  0.000000e+00
  1.460000e-02  0.000000e+00
  1.430000e-02  0.000000e+00
  1.390000e-02  0.000000e+00
  1.350000e-02  0.000000e+00
  1.320000e-02  0.000000e+00
  1.280000e-02  0.000000e+00
  1.250000e-02  0.000000e+00
  1.220000e-02  0.000000e+00
  1.190000e-02  0.000000e+00
  1.160000e-02  0.000000e+00
  1.130000e-02  0.000000e+00
  1.100000e-02  0.000000e+00
  1.070000e-02  0.000000e+00
  1.040000e-02  0.000000e+00
  1.010000e-02  0.000000e+00
