  4.934820e+03  0.000000e+00
  4.806990e+03  0.000000e+00
  4.682470e+03  0.000000e+00
  4.561180e+03  0.000000e+00
  4.443030e+03  2.324900e-01
  4.327940e+03  0.000000e+00
  4.215830e+03  0.000000e+00
  4.106630e+03  0.000000e+00
  4.000250e+03  0.000000e+00
  3.896630e+03  2.324900e-01
  3.795700e+03  0.000000e+00
  3.697380e+03  0.000000e+00
  3.601600e+03  0.000000e+00
  3.508310e+03  0.000000e+00
  3.417430e+03  0.000000e+00
  3.328910e+03  0.000000e+00
  3.242680e+03  0.000000e+00
  3.158680e+03  2.324900e-01
  3.076860e+03  0.000000e+00
  2.997160e+03  0.000000e+00
  2.919530e+03  0.000000e+00
  2.843900e+03  0.000000e+00
  2.770230e+03  0.000000e+00
  2.698480e+03  0.000000e+00
  2.628580e+03  2.324900e-01
  2.560490e+03  0.000000e+00
  2.494160e+03  0.000000e+00
  2.429550e+03  0.000000e+00
  2.366620e+03  0.000000e+00
  2.305320e+03  0.000000e+00
  2.245600e+03  0.000000e+00
  2.187430e+03  2.324900e-01
  2.130770e+03  2.324900e-01
  2.075580e+03  0.000000e+00
  2.021810e+03  0.000000e+00
  1.969440e+03  0.000000e+00
  1.918430e+03  0.000000e+00
  1.868730e+03  2.324900e-01
  1.820330e+03  0.000000e+00
  1.773170e+03  2.324900e-01
  1.727240e+03  9.299600e-01
  1.682500e+03  2.324900e-01
  1.638920e+03  4.649800e-01
  1.596470e+03  6.974700e-01
  1.555110e+03  1.627430e+00
  1.514830e+03  3.022350e+00
  1.475590e+03  3.952290e+00
  1.437370e+03  1.162450e+00
  1.400140e+03  1.162450e+00
  1.363870e+03  1.162450e+00
  1.328540e+03  6.974700e-01
  1.294120e+03  2.092410e+00
  1.260600e+03  1.859920e+00
  1.227950e+03  1.627430e+00
  1.196140e+03  1.859920e+00
  1.165160e+03  3.022370e+00
  1.134980e+03  1.162450e+00
  1.105580e+03  2.557390e+00
  1.076940e+03  3.022350e+00
  1.049040e+03  2.557390e+00
  1.021870e+03  3.952310e+00
  9.953980e+02  5.579710e+00
  9.696140e+02  3.719820e+00
  9.444970e+02  4.184780e+00
  9.200320e+02  5.579720e+00
  8.962000e+02  9.531970e+00
  8.729850e+02  7.207140e+00
  8.503720e+02  7.672140e+00
  8.283450e+02  9.067020e+00
  8.068880e+02  1.139190e+01
  7.859870e+02  1.580920e+01
  7.656270e+02  1.348435e+01
  7.457950e+02  1.743665e+01
  7.264760e+02  1.906415e+01
  7.076580e+02  1.790170e+01
  6.893270e+02  1.836655e+01
  6.714710e+02  2.417895e+01
  6.540780e+02  2.859620e+01
  6.371350e+02  3.185110e+01
  6.206310e+02  3.603595e+01
  6.045550e+02  4.091820e+01
  5.888950e+02  4.812540e+01
  5.736410e+02  5.417020e+01
  5.587810e+02  5.928520e+01
  5.443070e+02  7.021260e+01
  5.302080e+02  8.392970e+01
  5.164740e+02  9.160095e+01
  5.030950e+02  1.055495e+02
  4.900630e+02  1.076420e+02
  4.773690e+02  1.248455e+02
  4.650040e+02  1.383295e+02
  4.529580e+02  1.650655e+02
  4.412250e+02  1.811075e+02
  4.297960e+02  2.031950e+02
  4.186630e+02  2.264450e+02
  4.078180e+02  2.671325e+02
  3.972540e+02  3.045625e+02
  3.869640e+02  3.526860e+02
  3.769400e+02  3.843035e+02
  3.671770e+02  4.180150e+02
  3.576650e+02  4.924145e+02
  3.484010e+02  5.319370e+02
  3.393760e+02  6.114460e+02
  3.305850e+02  6.844495e+02
  3.220220e+02  8.123180e+02
  3.136800e+02  8.953215e+02
  3.055550e+02  9.866880e+02
  2.976400e+02  1.088295e+03
  2.899300e+02  1.245195e+03
  2.824200e+02  1.386795e+03
  2.751040e+02  1.602085e+03
  2.679780e+02  1.771810e+03
  2.610370e+02  1.977805e+03
  2.542750e+02  2.253985e+03
  2.476890e+02  2.504600e+03
  2.412730e+02  2.864975e+03
  2.350230e+02  3.137695e+03
  2.289350e+02  3.541740e+03
  2.230050e+02  3.973255e+03
  2.172280e+02  4.465425e+03
  2.116010e+02  5.000610e+03
  2.061200e+02  5.669940e+03
  2.007810e+02  6.321170e+03
  1.955800e+02  7.019315e+03
  1.905140e+02  7.843030e+03
  1.855790e+02  8.715109e+03
  1.807720e+02  9.881085e+03
  1.760890e+02  1.087050e+04
  1.715280e+02  1.213090e+04
  1.670850e+02  1.341560e+04
  1.627570e+02  1.483405e+04
  1.585410e+02  1.631610e+04
  1.544340e+02  1.814305e+04
  1.504340e+02  1.990895e+04
  1.465370e+02  2.192745e+04
  1.427410e+02  2.393405e+04
  1.390440e+02  2.608290e+04
  1.354420e+02  2.850035e+04
  1.319340e+02  3.108915e+04
  1.285160e+02  3.390490e+04
  1.251870e+02  3.665965e+04
  1.219440e+02  3.977600e+04
  1.187850e+02  4.333535e+04
  1.157090e+02  4.668865e+04
  1.127110e+02  5.046530e+04
  1.097920e+02  5.470835e+04
  1.069480e+02  5.850695e+04
  1.041770e+02  6.308400e+04
  1.014790e+02  6.756680e+04
  9.885030e+01  7.233035e+04
  9.628970e+01  7.689341e+04
  9.379550e+01  8.201075e+04
  9.136590e+01  8.736870e+04
  8.899920e+01  9.245440e+04
  8.669380e+01  9.756709e+04
  8.444820e+01  1.028505e+05
  8.226070e+01  1.079845e+05
  8.012980e+01  1.131410e+05
  7.805420e+01  1.183250e+05
  7.603240e+01  1.225945e+05
  7.406290e+01  1.272740e+05
  7.214440e+01  1.315560e+05
  7.027560e+01  1.356415e+05
  6.845520e+01  1.386205e+05
  6.668200e+01  1.415330e+05
  6.495470e+01  1.440195e+05
  6.327220e+01  1.466140e+05
  6.163320e+01  1.488775e+05
  6.003670e+01  1.500935e+05
  5.848160e+01  1.518030e+05
  5.696670e+01  1.536185e+05
  5.549110e+01  1.556505e+05
  5.405370e+01  1.544550e+05
  5.265350e+01  1.526780e+05
  5.128960e+01  1.509000e+05
  4.996100e+01  1.486270e+05
  4.866690e+01  1.442740e+05
  4.740620e+01  1.398975e+05
  4.617830e+01  1.356660e+05
  4.498210e+01  1.304285e+05
  4.381690e+01  1.282725e+05
  4.268190e+01  1.255395e+05
  4.157630e+01  1.221225e+05
  4.049930e+01  1.181455e+05
  3.945030e+01  1.150870e+05
  3.842840e+01  1.122610e+05
  3.743290e+01  1.087155e+05
  3.646330e+01  1.051470e+05
  3.551880e+01  1.014325e+05
  3.459870e+01  9.698750e+04
  3.370250e+01  9.215091e+04
  3.282950e+01  8.751045e+04
  3.197910e+01  8.233365e+04
  3.115070e+01  7.748440e+04
  3.034380e+01  7.267150e+04
  2.955780e+01  6.732430e+04
  2.879220e+01  6.253500e+04
  2.804640e+01  5.750280e+04
  2.731990e+01  5.277325e+04
  2.661220e+01  4.798425e+04
  2.592290e+01  4.341015e+04
  2.525140e+01  3.920360e+04
  2.459730e+01  3.505620e+04
  2.396010e+01  3.130365e+04
  2.333950e+01  2.783395e+04
  2.273490e+01  2.438595e+04
  2.214600e+01  2.138230e+04
  2.157230e+01  1.865685e+04
  2.101350e+01  1.619590e+04
  2.046920e+01  1.399115e+04
  1.993900e+01  1.209750e+04
  1.942250e+01  1.039905e+04
  1.891940e+01  9.003154e+03
  1.842930e+01  7.850955e+03
  1.795200e+01  6.911210e+03
  1.748690e+01  6.114930e+03
  1.703400e+01  5.256140e+03
  1.659270e+01  4.689295e+03
  1.616290e+01  4.139715e+03
  1.574430e+01  3.702850e+03
  1.533640e+01  3.319025e+03
  1.493920e+01  2.834990e+03
  1.455220e+01  2.475770e+03
  1.417520e+01  2.054995e+03
  1.380800e+01  1.608830e+03
  1.345040e+01  1.299840e+03
  1.310200e+01  9.892560e+02
  1.276260e+01  7.855820e+02
  1.243200e+01  6.477159e+02
  1.211000e+01  5.303100e+02
  1.179630e+01  4.405675e+02
  1.149070e+01  3.505930e+02
  1.119310e+01  2.908470e+02
  1.090310e+01  2.320250e+02
  1.062070e+01  2.034275e+02
  1.034560e+01  1.697150e+02
  1.007760e+01  1.327505e+02
  9.816600e+00  1.129895e+02
  9.562300e+00  9.067090e+01
  9.314600e+00  7.486165e+01
  9.073300e+00  5.510010e+01
  8.838300e+00  5.277555e+01
  8.609300e+00  5.021800e+01
  8.386300e+00  4.882285e+01
  8.169100e+00  5.440255e+01
  7.957500e+00  6.974690e+01
  7.751400e+00  7.904655e+01
  7.550600e+00  9.811085e+01
  7.355000e+00  1.039232e+02
  7.164500e+00  9.857580e+01
  6.978900e+00  1.004353e+02
  6.798100e+00  9.741280e+01
  6.622000e+00  9.392625e+01
  6.450500e+00  9.904010e+01
  6.283400e+00  9.764555e+01
  6.120600e+00  9.253125e+01
  5.962100e+00  9.671585e+01
  5.807600e+00  9.067235e+01
  5.657200e+00  1.055500e+02
  5.510700e+00  1.053170e+02
  5.367900e+00  9.206606e+01
  5.228900e+00  1.078740e+02
  5.093400e+00  9.462400e+01
  4.961500e+00  1.064805e+02
  4.833000e+00  9.927440e+01
  4.707800e+00  1.060144e+02
  4.585800e+00  9.253090e+01
  4.467100e+00  9.857570e+01
  4.351300e+00  9.927271e+01
  4.238600e+00  1.048528e+02
  4.128800e+00  9.415865e+01
  4.021900e+00  9.532035e+01
  3.917700e+00  9.346130e+01
  3.816200e+00  9.299725e+01
  3.717400e+00  9.950595e+01
  3.621100e+00  9.741360e+01
  3.527300e+00  9.067145e+01
  3.435900e+00  8.927610e+01
  3.346900e+00  8.625360e+01
  3.260200e+00  6.556190e+01
  3.175800e+00  6.347045e+01
  3.093500e+00  4.696290e+01
  3.013400e+00  4.161570e+01
  2.935300e+00  4.812545e+01
  2.859300e+00  5.510015e+01
  2.785200e+00  5.393770e+01
  2.713100e+00  7.369915e+01
  2.642800e+00  6.346965e+01
  2.574300e+00  6.323745e+01
  2.507600e+00  6.091240e+01
  2.442700e+00  6.044740e+01
  2.379400e+00  5.068280e+01
  2.317800e+00  5.742500e+01
  2.257700e+00  5.672750e+01
  2.199300e+00  5.672770e+01
  2.142300e+00  4.928785e+01
  2.086800e+00  4.649795e+01
  2.032700e+00  4.766045e+01
  1.980100e+00  3.812845e+01
  1.928800e+00  3.743085e+01
  1.878800e+00  4.487060e+01
  1.830200e+00  4.091815e+01
  1.782800e+00  4.370815e+01
  1.736600e+00  3.208365e+01
  1.691600e+00  2.720130e+01
  1.647800e+00  2.650375e+01
  1.605100e+00  2.394640e+01
  1.563500e+00  2.115650e+01
  1.523000e+00  2.394645e+01
  1.483600e+00  2.162155e+01
  1.445100e+00  1.859910e+01
  1.407700e+00  1.627415e+01
  1.371200e+00  1.697160e+01
  1.335700e+00  1.325188e+01
  1.301100e+00  1.022950e+01
  1.267400e+00  1.046206e+01
  1.234600e+00  1.185690e+01
  1.202600e+00  7.672170e+00
  1.171500e+00  9.764450e+00
  1.141100e+00  8.369590e+00
  1.111600e+00  6.742160e+00
  1.082800e+00  6.509680e+00
  1.054700e+00  5.347200e+00
  1.027400e+00  6.277190e+00
  1.000800e+00  4.417270e+00
  9.749000e-01  4.184760e+00
  9.496000e-01  2.324900e+00
  9.250000e-01  4.882290e+00
  9.010000e-01  3.952310e+00
  8.777000e-01  2.092390e+00
  8.550000e-01  3.254840e+00
  8.328000e-01  3.952330e+00
  8.113000e-01  3.719820e+00
  7.902000e-01  4.649760e+00
  7.698000e-01  5.347190e+00
  7.498000e-01  3.487290e+00
  7.304000e-01  3.719800e+00
  7.115000e-01  4.417300e+00
  6.931000e-01  4.882250e+00
  6.751000e-01  1.906420e+01
  6.576000e-01  3.324610e+01
  6.406000e-01  4.696295e+01
  6.240000e-01  8.369490e+00
  6.078000e-01  6.044700e+00
  5.921000e-01  4.649800e+00
  5.767000e-01  6.509680e+00
  5.618000e-01  5.114750e+00
  5.472000e-01  4.649800e+00
  5.331000e-01  4.417310e+00
  5.193000e-01  4.184800e+00
  5.058000e-01  4.882210e+00
  4.927000e-01  5.347270e+00
  4.799000e-01  7.439580e+00
  4.675000e-01  4.417290e+00
  4.554000e-01  5.347230e+00
  4.436000e-01  8.137060e+00
  4.321000e-01  9.996890e+00
  4.209000e-01  4.882240e+00
  4.100000e-01  6.974660e+00
  3.994000e-01  1.069445e+01
  3.891000e-01  1.487925e+01
  3.790000e-01  1.115943e+01
  3.692000e-01  4.184820e+00
  3.596000e-01  8.137091e+00
  3.503000e-01  7.904580e+00
  3.412000e-01  6.509690e+00
  3.324000e-01  5.812180e+00
  3.238000e-01  5.579740e+00
  3.154000e-01  5.114750e+00
  3.072000e-01  6.742140e+00
  2.992000e-01  9.299550e+00
  2.915000e-01  9.532040e+00
  2.839000e-01  1.743670e+01
  2.766000e-01  1.115940e+01
  2.694000e-01  1.650665e+01
  2.624000e-01  2.417890e+01
  2.556000e-01  2.766640e+01
  2.490000e-01  1.255440e+01
  2.426000e-01  9.532021e+00
  2.363000e-01  1.069444e+01
  2.302000e-01  8.602050e+00
  2.242000e-01  7.439660e+00
  2.184000e-01  4.882270e+00
  2.127000e-01  5.812260e+00
  2.072000e-01  6.974650e+00
  2.019000e-01  5.347250e+00
  1.966000e-01  7.904610e+00
  1.915000e-01  4.882250e+00
  1.866000e-01  4.417290e+00
  1.817000e-01  5.812170e+00
  1.770000e-01  5.347230e+00
  1.725000e-01  6.044720e+00
  1.680000e-01  4.649750e+00
  1.636000e-01  3.022350e+00
  1.594000e-01  3.487350e+00
  1.553000e-01  4.882260e+00
  1.512000e-01  5.579750e+00
  1.473000e-01  4.649760e+00
  1.435000e-01  5.579730e+00
  1.398000e-01  4.649740e+00
  1.362000e-01  3.952300e+00
  1.326000e-01  5.114730e+00
  1.292000e-01  3.022370e+00
  1.259000e-01  3.487330e+00
  1.226000e-01  3.487320e+00
  1.194000e-01  3.254860e+00
  1.163000e-01  2.557390e+00
  1.133000e-01  2.789880e+00
  1.104000e-01  2.324900e+00
  1.075000e-01  4.417310e+00
  1.047000e-01  3.254860e+00
  1.020000e-01  3.254850e+00
  9.940000e-02  2.557390e+00
  9.680000e-02  3.022350e+00
  9.430000e-02  2.092410e+00
  9.190000e-02  1.162450e+00
  8.950000e-02  2.092410e+00
  8.720000e-02  2.092390e+00
  8.490000e-02  1.394940e+00
  8.270000e-02  9.299600e-01
  8.060000e-02  9.299600e-01
  7.850000e-02  1.627430e+00
  7.640000e-02  2.092410e+00
  7.450000e-02  1.162450e+00
  7.250000e-02  1.162450e+00
  7.070000e-02  9.299600e-01
  6.880000e-02  6.974700e-01
  6.700000e-02  2.324900e-01
  6.530000e-02  0.000000e+00
  6.360000e-02  4.649800e-01
  6.200000e-02  6.974700e-01
  6.040000e-02  2.324900e-01
  5.880000e-02  0.000000e+00
  5.730000e-02  6.974700e-01
  5.580000e-02  2.324900e-01
  5.430000e-02  2.324900e-01
  5.290000e-02  6.974700e-01
  5.160000e-02  0.000000e+00
  5.020000e-02  2.324900e-01
  4.890000e-02  0.000000e+00
  4.770000e-02  2.324900e-01
  4.640000e-02  0.000000e+00
  4.520000e-02  0.000000e+00
  4.410000e-02  0.000000e+00
  4.290000e-02  0.000000e+00
  4.180000e-02  0.000000e+00
  4.070000e-02  0.000000e+00
  3.970000e-02  2.324900e-01
  3.860000e-02  0.000000e+00
  3.760000e-02  0.000000e+00
  3.670000e-02  0.000000e+00
  3.570000e-02  0.000000e+00
  3.480000e-02  0.000000e+00
  3.390000e-02  0.000000e+00
  3.300000e-02  0.000000e+00
  3.220000e-02  0.000000e+00
  3.130000e-02  0.000000e+00
  3.050000e-02  0.000000e+00
  2.970000e-02  0.000000e+00
  2.890000e-02  0.000000e+00
  2.820000e-02  0.000000e+00
  2.750000e-02  0.000000e+00
  2.680000e-02  0.000000e+00
  2.610000e-02  0.000000e+00
  2.540000e-02  0.000000e+00
  2.470000e-02  0.000000e+00
  2.410000e-02  0.000000e+00
  2.350000e-02  0.000000e+00
  2.290000e-02  0.000000e+00
  2.230000e-02  0.000000e+00
  2.170000e-02  0.000000e+00
  2.110000e-02  0.000000e+00
  2.060000e-02  0.000000e+00
  2.000000e-02  0.000000e+00
  1.950000e-02  0.000000e+00
  1.900000e-02  2.324900e-01
  1.850000e-02  0.000000e+00
  1.800000e-02  0.000000e+00
  1.760000e-02  0.000000e+00
  1.710000e-02  0.000000e+00
  1.670000e-02  0.000000e+00
  1.630000e-02  0.000000e+00
  1.580000e-02  0.000000e+00
  1.540000e-02  2.324900e-01
  1.500000e-02  0.000000e+00
  1.460000e-02  0.000000e+00
  1.430000e-02  0.000000e+00
  1.390000e-02  0.000000e+00
  1.350000e-02  0.000000e+00
  1.320000e-02  0.000000e+00
  1.280000e-02  0.000000e+00
  1.250000e-02  0.000000e+00
  1.220000e-02  0.000000e+00
  1.190000e-02  0.000000e+00
  1.160000e-02  0.000000e+00
  1.130000e-02  0.000000e+00
  1.100000e-02  7.393205e+01
  1.070000e-02  9.950520e+01
  1.040000e-02  9.857630e+01
  1.010000e-02  7.739590e+02
