  4.934820e+03  0.000000e+00
  4.806990e+03  0.000000e+00
  4.682470e+03  0.000000e+00
  4.561180e+03  0.000000e+00
  4.443030e+03  0.000000e+00
  4.327940e+03  0.000000e+00
  4.215830e+03  0.000000e+00
  4.106630e+03  0.000000e+00
  4.000250e+03  0.000000e+00
  3.896630e+03  0.000000e+00
  3.795700e+03  0.000000e+00
  3.697380e+03  0.000000e+00
  3.601600e+03  0.000000e+00
  3.508310e+03  0.000000e+00
  3.417430e+03  0.000000e+00
  3.328910e+03  0.000000e+00
  3.242680e+03  0.000000e+00
  3.158680e+03  0.000000e+00
  3.076860e+03  0.000000e+00
  2.997160e+03  0.000000e+00
  2.919530e+03  1.167850e-01
  2.843900e+03  0.000000e+00
  2.770230e+03  0.000000e+00
  2.698480e+03  0.000000e+00
  2.628580e+03  0.000000e+00
  2.560490e+03  1.167850e-01
  2.494160e+03  0.000000e+00
  2.429550e+03  0.000000e+00
  2.366620e+03  0.000000e+00
  2.305320e+03  0.000000e+00
  2.245600e+03  0.000000e+00
  2.187430e+03  0.000000e+00
  2.130770e+03  0.000000e+00
  2.075580e+03  0.000000e+00
  2.021810e+03  0.000000e+00
  1.969440e+03  3.503550e-01
  1.918430e+03  1.167850e-01
  1.868730e+03  0.000000e+00
  1.820330e+03  0.000000e+00
  1.773170e+03  1.167850e-01
  1.727240e+03  2.335700e-01
  1.682500e+03  2.335700e-01
  1.638920e+03  1.167850e-01
  1.596470e+03  0.000000e+00
  1.555110e+03  3.503550e-01
  1.514830e+03  4.671400e-01
  1.475590e+03  0.000000e+00
  1.437370e+03  0.000000e+00
  1.400140e+03  7.007200e-01
  1.363870e+03  1.167850e-01
  1.328540e+03  4.671450e-01
  1.294120e+03  5.839300e-01
  1.260600e+03  9.342900e-01
  1.227950e+03  2.335700e-01
  1.196140e+03  7.007150e-01
  1.165160e+03  3.503550e-01
  1.134980e+03  9.342850e-01
  1.105580e+03  8.175000e-01
  1.076940e+03  7.007150e-01
  1.049040e+03  1.051080e+00
  1.021870e+03  5.839300e-01
  9.953980e+02  1.051070e+00
  9.696140e+02  1.167855e+00
  9.444970e+02  1.051075e+00
  9.200320e+02  1.401435e+00
  8.962000e+02  8.174950e-01
  8.729850e+02  2.102150e+00
  8.503720e+02  1.868575e+00
  8.283450e+02  2.686100e+00
  8.068880e+02  1.868580e+00
  7.859870e+02  1.751795e+00
  7.656270e+02  2.569300e+00
  7.457950e+02  3.036445e+00
  7.264760e+02  4.437900e+00
  7.076580e+02  5.605795e+00
  6.893270e+02  4.788270e+00
  6.714710e+02  6.423290e+00
  6.540780e+02  7.240780e+00
  6.371350e+02  7.474330e+00
  6.206310e+02  9.109410e+00
  6.045550e+02  7.240780e+00
  5.888950e+02  9.459764e+00
  5.736410e+02  1.226260e+01
  5.587810e+02  1.214586e+01
  5.443070e+02  1.459830e+01
  5.302080e+02  1.810205e+01
  5.164740e+02  1.903610e+01
  5.030950e+02  2.008730e+01
  4.900630e+02  2.300685e+01
  4.773690e+02  2.335725e+01
  4.650040e+02  2.837915e+01
  4.529580e+02  3.129875e+01
  4.412250e+02  3.538630e+01
  4.297960e+02  3.959060e+01
  4.186630e+02  4.648100e+01
  4.078180e+02  5.372170e+01
  3.972540e+02  6.026165e+01
  3.869640e+02  6.189670e+01
  3.769400e+02  7.123950e+01
  3.671770e+02  8.116615e+01
  3.576650e+02  8.677209e+01
  3.484010e+02  9.564799e+01
  3.393760e+02  1.137500e+02
  3.305850e+02  1.333695e+02
  3.220220e+02  1.395590e+02
  3.136800e+02  1.621000e+02
  3.055550e+02  1.787990e+02
  2.976400e+02  1.942160e+02
  2.899300e+02  2.134860e+02
  2.824200e+02  2.390620e+02
  2.751040e+02  2.719955e+02
  2.679780e+02  2.955870e+02
  2.610370e+02  3.282855e+02
  2.542750e+02  3.481385e+02
  2.476890e+02  4.086345e+02
  2.412730e+02  4.568680e+02
  2.350230e+02  5.073195e+02
  2.289350e+02  5.569530e+02
  2.230050e+02  6.342660e+02
  2.172280e+02  6.806310e+02
  2.116010e+02  7.488335e+02
  2.061200e+02  8.492695e+02
  2.007810e+02  9.444525e+02
  1.955800e+02  1.043610e+03
  1.905140e+02  1.138320e+03
  1.855790e+02  1.301470e+03
  1.807720e+02  1.424790e+03
  1.760890e+02  1.552905e+03
  1.715280e+02  1.771070e+03
  1.670850e+02  1.907010e+03
  1.627570e+02  2.056380e+03
  1.585410e+02  2.279200e+03
  1.544340e+02  2.506820e+03
  1.504340e+02  2.692845e+03
  1.465370e+02  2.954685e+03
  1.427410e+02  3.217340e+03
  1.390440e+02  3.526585e+03
  1.354420e+02  3.776415e+03
  1.319340e+02  4.044195e+03
  1.285160e+02  4.416850e+03
  1.251870e+02  4.699715e+03
  1.219440e+02  5.011875e+03
  1.187850e+02  5.382910e+03
  1.157090e+02  5.804275e+03
  1.127110e+02  6.218285e+03
  1.097920e+02  6.610690e+03
  1.069480e+02  7.115670e+03
  1.041770e+02  7.605350e+03
  1.014790e+02  8.129960e+03
  9.885030e+01  8.659130e+03
  9.628970e+01  9.249830e+03
  9.379550e+01  9.838130e+03
  9.136590e+01  1.046120e+04
  8.899920e+01  1.113245e+04
  8.669380e+01  1.178700e+04
  8.444820e+01  1.250815e+04
  8.226070e+01  1.326965e+04
  8.012980e+01  1.409595e+04
  7.805420e+01  1.492115e+04
  7.603240e+01  1.570165e+04
  7.406290e+01  1.655410e+04
  7.214440e+01  1.745610e+04
  7.027560e+01  1.833260e+04
  6.845520e+01  1.934615e+04
  6.668200e+01  2.030005e+04
  6.495470e+01  2.117485e+04
  6.327220e+01  2.185925e+04
  6.163320e+01  2.253540e+04
  6.003670e+01  2.312285e+04
  5.848160e+01  2.351065e+04
  5.696670e+01  2.393630e+04
  5.549110e+01  2.439980e+04
  5.405370e+01  2.489110e+04
  5.265350e+01  2.556410e+04
  5.128960e+01  2.627760e+04
  4.996100e+01  2.685975e+04
  4.866690e+01  2.775155e+04
  4.740620e+01  2.846065e+04
  4.617830e+01  2.911705e+04
  4.498210e+01  2.926945e+04
  4.381690e+01  2.923110e+04
  4.268190e+01  2.906135e+04
  4.157630e+01  2.872685e+04
  4.049930e+01  2.837010e+04
  3.945030e+01  2.790470e+04
  3.842840e+01  2.736705e+04
  3.743290e+01  2.693720e+04
  3.646330e+01  2.630350e+04
  3.551880e+01  2.580970e+04
  3.459870e+01  2.546450e+04
  3.370250e+01  2.496600e+04
  3.282950e+01  2.444205e+04
  3.197910e+01  2.413015e+04
  3.115070e+01  2.366345e+04
  3.034380e+01  2.319045e+04
  2.955780e+01  2.280965e+04
  2.879220e+01  2.223335e+04
  2.804640e+01  2.186340e+04
  2.731990e+01  2.135395e+04
  2.661220e+01  2.085980e+04
  2.592290e+01  2.037110e+04
  2.525140e+01  1.984145e+04
  2.459730e+01  1.924645e+04
  2.396010e+01  1.848380e+04
  2.333950e+01  1.808310e+04
  2.273490e+01  1.736075e+04
  2.214600e+01  1.660840e+04
  2.157230e+01  1.591090e+04
  2.101350e+01  1.505955e+04
  2.046920e+01  1.426925e+04
  1.993900e+01  1.347970e+04
  1.942250e+01  1.275940e+04
  1.891940e+01  1.199615e+04
  1.842930e+01  1.147805e+04
  1.795200e+01  1.095900e+04
  1.748690e+01  1.064680e+04
  1.703400e+01  1.032475e+04
  1.659270e+01  1.008490e+04
  1.616290e+01  9.885020e+03
  1.574430e+01  9.683910e+03
  1.533640e+01  9.401061e+03
  1.493920e+01  9.121715e+03
  1.455220e+01  8.786290e+03
  1.417520e+01  8.321960e+03
  1.380800e+01  7.586555e+03
  1.345040e+01  6.822550e+03
  1.310200e+01  5.940680e+03
  1.276260e+01  4.977550e+03
  1.243200e+01  4.137500e+03
  1.211000e+01  3.338580e+03
  1.179630e+01  2.718680e+03
  1.149070e+01  2.149685e+03
  1.119310e+01  1.782630e+03
  1.090310e+01  1.539585e+03
  1.062070e+01  1.319210e+03
  1.034560e+01  1.100475e+03
  1.007760e+01  9.090645e+02
  9.816600e+00  7.626150e+02
  9.562300e+00  6.515500e+02
  9.314600e+00  6.494490e+02
  9.073300e+00  7.836365e+02
  8.838300e+00  9.716560e+02
  8.609300e+00  1.220880e+03
  8.386300e+00  1.493935e+03
  8.169100e+00  1.785430e+03
  7.957500e+00  2.091535e+03
  7.751400e+00  2.184265e+03
  7.550600e+00  2.332340e+03
  7.355000e+00  2.211340e+03
  7.164500e+00  2.070510e+03
  6.978900e+00  1.972875e+03
  6.798100e+00  1.843705e+03
  6.622000e+00  1.704610e+03
  6.450500e+00  1.581885e+03
  6.283400e+00  1.480740e+03
  6.120600e+00  1.370130e+03
  5.962100e+00  1.310580e+03
  5.807600e+00  1.280325e+03
  5.657200e+00  1.216795e+03
  5.510700e+00  1.206395e+03
  5.367900e+00  1.120900e+03
  5.228900e+00  1.083770e+03
  5.093400e+00  1.028885e+03
  4.961500e+00  9.784345e+02
  4.833000e+00  9.174735e+02
  4.707800e+00  8.848895e+02
  4.585800e+00  7.825840e+02
  4.467100e+00  7.310810e+02
  4.351300e+00  7.208055e+02
  4.238600e+00  6.867020e+02
  4.128800e+00  6.782939e+02
  4.021900e+00  7.322495e+02
  3.917700e+00  6.230540e+02
  3.816200e+00  5.300930e+02
  3.717400e+00  4.977440e+02
  3.621100e+00  4.520795e+02
  3.527300e+00  4.091020e+02
  3.435900e+00  3.647230e+02
  3.346900e+00  2.962870e+02
  3.260200e+00  2.182755e+02
  3.175800e+00  1.324350e+02
  3.093500e+00  8.326830e+01
  3.013400e+00  5.185310e+01
  2.935300e+00  6.434920e+01
  2.859300e+00  8.992480e+01
  2.785200e+00  1.270625e+02
  2.713100e+00  1.749455e+02
  2.642800e+00  1.702755e+02
  2.574300e+00  1.563770e+02
  2.507600e+00  1.385085e+02
  2.442700e+00  1.281150e+02
  2.379400e+00  1.163195e+02
  2.317800e+00  9.693210e+01
  2.257700e+00  8.700560e+01
  2.199300e+00  9.015905e+01
  2.142300e+00  7.766295e+01
  2.086800e+00  7.112290e+01
  2.032700e+00  6.259755e+01
  1.980100e+00  6.504985e+01
  1.928800e+00  4.741530e+01
  1.878800e+00  4.040795e+01
  1.830200e+00  4.297735e+01
  1.782800e+00  7.684510e+01
  1.736600e+00  4.367815e+01
  1.691600e+00  2.896305e+01
  1.647800e+00  2.545945e+01
  1.605100e+00  2.183910e+01
  1.563500e+00  1.997040e+01
  1.523000e+00  1.494870e+01
  1.483600e+00  1.272960e+01
  1.445100e+00  1.296335e+01
  1.407700e+00  1.343050e+01
  1.371200e+00  1.027728e+01
  1.335700e+00  8.642235e+00
  1.301100e+00  7.474330e+00
  1.267400e+00  6.656830e+00
  1.234600e+00  6.890420e+00
  1.202600e+00  5.488975e+00
  1.171500e+00  5.605765e+00
  1.141100e+00  7.357565e+00
  1.111600e+00  3.503595e+00
  1.082800e+00  3.036445e+00
  1.054700e+00  3.620400e+00
  1.027400e+00  3.036450e+00
  1.000800e+00  2.218940e+00
  9.749000e-01  3.036450e+00
  9.496000e-01  2.569300e+00
  9.250000e-01  2.102150e+00
  9.010000e-01  2.102150e+00
  8.777000e-01  2.919665e+00
  8.550000e-01  2.802875e+00
  8.328000e-01  2.569305e+00
  8.113000e-01  2.102145e+00
  7.902000e-01  2.919655e+00
  7.698000e-01  2.102160e+00
  7.498000e-01  2.102155e+00
  7.304000e-01  8.174950e-01
  7.115000e-01  1.518210e+00
  6.931000e-01  4.788275e+00
  6.751000e-01  2.464200e+01
  6.576000e-01  2.616005e+01
  6.406000e-01  7.112285e+01
  6.240000e-01  1.985370e+01
  6.078000e-01  1.751800e+00
  5.921000e-01  2.452500e+00
  5.767000e-01  3.036445e+00
  5.618000e-01  3.153235e+00
  5.472000e-01  2.802865e+00
  5.331000e-01  3.853945e+00
  5.193000e-01  1.284650e+00
  5.058000e-01  2.218925e+00
  4.927000e-01  4.087545e+00
  4.799000e-01  5.138615e+00
  4.675000e-01  2.686095e+00
  4.554000e-01  1.985365e+00
  4.436000e-01  4.437885e+00
  4.321000e-01  4.671470e+00
  4.209000e-01  2.802880e+00
  4.100000e-01  3.036445e+00
  3.994000e-01  6.189670e+00
  3.891000e-01  1.051080e+01
  3.790000e-01  8.291870e+00
  3.692000e-01  1.401430e+00
  3.596000e-01  8.175100e-01
  3.503000e-01  1.167860e+00
  3.412000e-01  1.051070e+00
  3.324000e-01  1.167850e+00
  3.238000e-01  1.635000e+00
  3.154000e-01  1.401435e+00
  3.072000e-01  1.401430e+00
  2.992000e-01  2.335725e+00
  2.915000e-01  2.335745e+00
  2.839000e-01  3.503605e+00
  2.766000e-01  1.284640e+00
  2.694000e-01  4.087530e+00
  2.624000e-01  9.810045e+00
  2.556000e-01  1.062760e+01
  2.490000e-01  5.839370e+00
  2.426000e-01  2.452510e+00
  2.363000e-01  4.671465e+00
  2.302000e-01  3.270015e+00
  2.242000e-01  1.634995e+00
  2.184000e-01  1.985355e+00
  2.127000e-01  2.218955e+00
  2.072000e-01  1.401430e+00
  2.019000e-01  1.985365e+00
  1.966000e-01  2.335720e+00
  1.915000e-01  3.970750e+00
  1.866000e-01  2.686090e+00
  1.817000e-01  1.518225e+00
  1.770000e-01  1.518220e+00
  1.725000e-01  1.635000e+00
  1.680000e-01  2.335720e+00
  1.636000e-01  2.686090e+00
  1.594000e-01  3.153230e+00
  1.553000e-01  2.102145e+00
  1.512000e-01  1.401435e+00
  1.473000e-01  2.452520e+00
  1.435000e-01  2.802880e+00
  1.398000e-01  2.569290e+00
  1.362000e-01  3.503570e+00
  1.326000e-01  2.218940e+00
  1.292000e-01  3.386805e+00
  1.259000e-01  3.153230e+00
  1.226000e-01  4.554665e+00
  1.194000e-01  3.503595e+00
  1.163000e-01  3.503595e+00
  1.133000e-01  3.503595e+00
  1.104000e-01  3.853950e+00
  1.075000e-01  3.386820e+00
  1.047000e-01  2.452515e+00
  1.020000e-01  2.802890e+00
  9.940000e-02  3.503595e+00
  9.680000e-02  4.554690e+00
  9.430000e-02  4.905010e+00
  9.190000e-02  4.554675e+00
  8.950000e-02  4.204330e+00
  8.720000e-02  2.452515e+00
  8.490000e-02  3.386810e+00
  8.270000e-02  3.970755e+00
  8.060000e-02  3.853955e+00
  7.850000e-02  3.503595e+00
  7.640000e-02  3.386815e+00
  7.450000e-02  2.569300e+00
  7.250000e-02  3.270030e+00
  7.070000e-02  3.270040e+00
  6.880000e-02  2.569305e+00
  6.700000e-02  2.569300e+00
  6.530000e-02  1.635010e+00
  6.360000e-02  2.686085e+00
  6.200000e-02  2.452510e+00
  6.040000e-02  2.218940e+00
  5.880000e-02  1.518225e+00
  5.730000e-02  1.635005e+00
  5.580000e-02  1.284650e+00
  5.430000e-02  1.401425e+00
  5.290000e-02  1.284645e+00
  5.160000e-02  1.284650e+00
  5.020000e-02  1.167855e+00
  4.890000e-02  1.167855e+00
  4.770000e-02  5.839300e-01
  4.640000e-02  1.284645e+00
  4.520000e-02  7.007100e-01
  4.410000e-02  1.167850e-01
  4.290000e-02  4.671450e-01
  4.180000e-02  2.335700e-01
  4.070000e-02  1.167850e-01
  3.970000e-02  3.503550e-01
  3.860000e-02  2.335700e-01
  3.760000e-02  1.167850e-01
  3.670000e-02  3.503600e-01
  3.570000e-02  1.167850e-01
  3.480000e-02  4.671450e-01
  3.390000e-02  2.335700e-01
  3.300000e-02  0.000000e+00
  3.220000e-02  1.167850e-01
  3.130000e-02  1.167850e-01
  3.050000e-02  1.167850e-01
  2.970000e-02  1.167850e-01
  2.890000e-02  2.335700e-01
  2.820000e-02  0.000000e+00
  2.750000e-02  0.000000e+00
  2.680000e-02  0.000000e+00
  2.610000e-02  0.000000e+00
  2.540000e-02  0.000000e+00
  2.470000e-02  1.167850e-01
  2.410000e-02  0.000000e+00
  2.350000e-02  0.000000e+00
  2.290000e-02  0.000000e+00
  2.230000e-02  0.000000e+00
  2.170000e-02  0.000000e+00
  2.110000e-02  0.000000e+00
  2.060000e-02  1.167850e-01
  2.000000e-02  0.000000e+00
  1.950000e-02  0.000000e+00
  1.900000e-02  0.000000e+00
  1.850000e-02  0.000000e+00
  1.800000e-02  0.000000e+00
  1.760000e-02  0.000000e+00
  1.710000e-02  0.000000e+00
  1.670000e-02  0.000000e+00
  1.630000e-02  1.167850e-01
  1.580000e-02  0.000000e+00
  1.540000e-02  0.000000e+00
  1.500000e-02  0.000000e+00
  1.460000e-02  0.000000e+00
  1.430000e-02  0.000000e+00
  1.390000e-02  0.000000e+00
  1.350000e-02  0.000000e+00
  1.320000e-02  0.000000e+00
  1.280000e-02  0.000000e+00
  1.250000e-02  1.167850e-01
  1.220000e-02  0.000000e+00
  1.190000e-02  0.000000e+00
  1.160000e-02  1.167850e-01
  1.130000e-02  2.335700e-01
  1.100000e-02  5.839250e-01
  1.070000e-02  0.000000e+00
  1.040000e-02  0.000000e+00
  1.010000e-02  2.335700e-01
