  4.934820e+03  4.931700e-02
  4.806990e+03  8.219500e-03
  4.682470e+03  0.000000e+00
  4.561180e+03  3.287800e-02
  4.443030e+03  8.219500e-03
  4.327940e+03  8.219500e-03
  4.215830e+03  0.000000e+00
  4.106630e+03  0.000000e+00
  4.000250e+03  0.000000e+00
  3.896630e+03  0.000000e+00
  3.795700e+03  0.000000e+00
  3.697380e+03  8.219500e-03
  3.601600e+03  0.000000e+00
  3.508310e+03  0.000000e+00
  3.417430e+03  1.643900e-02
  3.328910e+03  8.219500e-03
  3.242680e+03  8.219500e-03
  3.158680e+03  3.287800e-02
  3.076860e+03  8.219500e-03
  2.997160e+03  8.219500e-03
  2.919530e+03  2.465850e-02
  2.843900e+03  2.465850e-02
  2.770230e+03  8.219500e-03
  2.698480e+03  2.465850e-02
  2.628580e+03  5.753650e-02
  2.560490e+03  5.753650e-02
  2.494160e+03  3.287800e-02
  2.429550e+03  5.753650e-02
  2.366620e+03  5.753650e-02
  2.305320e+03  6.575600e-02
  2.245600e+03  5.753650e-02
  2.187430e+03  4.931700e-02
  2.130770e+03  4.109750e-02
  2.075580e+03  8.219500e-02
  2.021810e+03  5.753650e-02
  1.969440e+03  4.931700e-02
  1.918430e+03  1.561705e-01
  1.868730e+03  1.068535e-01
  1.820330e+03  1.397315e-01
  1.773170e+03  9.041450e-02
  1.727240e+03  1.561705e-01
  1.682500e+03  1.890485e-01
  1.638920e+03  2.219265e-01
  1.596470e+03  1.808290e-01
  1.555110e+03  2.137070e-01
  1.514830e+03  3.287800e-01
  1.475590e+03  2.630240e-01
  1.437370e+03  2.548045e-01
  1.400140e+03  2.876825e-01
  1.363870e+03  3.863165e-01
  1.328540e+03  3.369980e-01
  1.294120e+03  4.849505e-01
  1.260600e+03  4.849505e-01
  1.227950e+03  5.342675e-01
  1.196140e+03  5.589230e-01
  1.165160e+03  7.315320e-01
  1.134980e+03  7.397520e-01
  1.105580e+03  7.479715e-01
  1.076940e+03  8.548225e-01
  1.049040e+03  9.698955e-01
  1.021870e+03  1.019215e+00
  9.953980e+02  1.200040e+00
  9.696140e+02  1.200040e+00
  9.444970e+02  1.389090e+00
  9.200320e+02  1.652115e+00
  8.962000e+02  1.816510e+00
  8.729850e+02  2.153505e+00
  8.503720e+02  2.276795e+00
  8.283450e+02  2.868615e+00
  8.068880e+02  3.049430e+00
  7.859870e+02  3.271360e+00
  7.656270e+02  3.863165e+00
  7.457950e+02  4.117975e+00
  7.264760e+02  4.767305e+00
  7.076580e+02  5.235815e+00
  6.893270e+02  6.000235e+00
  6.714710e+02  6.123525e+00
  6.540780e+02  7.635920e+00
  6.371350e+02  8.375680e+00
  6.206310e+02  9.559280e+00
  6.045550e+02  1.096495e+01
  5.888950e+02  1.174565e+01
  5.736410e+02  1.350455e+01
  5.587810e+02  1.479505e+01
  5.443070e+02  1.701450e+01
  5.302080e+02  1.855965e+01
  5.164740e+02  2.144475e+01
  5.030950e+02  2.393520e+01
  4.900630e+02  2.586670e+01
  4.773690e+02  2.896550e+01
  4.650040e+02  3.372455e+01
  4.529580e+02  3.667540e+01
  4.412250e+02  4.088385e+01
  4.297960e+02  4.464820e+01
  4.186630e+02  5.169240e+01
  4.078180e+02  5.750355e+01
  3.972540e+02  6.280510e+01
  3.869640e+02  7.081930e+01
  3.769400e+02  8.111826e+01
  3.671770e+02  8.898441e+01
  3.576650e+02  9.812450e+01
  3.484010e+02  1.115050e+02
  3.393760e+02  1.233005e+02
  3.305850e+02  1.349070e+02
  3.220220e+02  1.495705e+02
  3.136800e+02  1.663710e+02
  3.055550e+02  1.844450e+02
  2.976400e+02  2.012880e+02
  2.899300e+02  2.267015e+02
  2.824200e+02  2.483195e+02
  2.751040e+02  2.791520e+02
  2.679780e+02  3.088570e+02
  2.610370e+02  3.405170e+02
  2.542750e+02  3.755815e+02
  2.476890e+02  4.123060e+02
  2.412730e+02  4.572425e+02
  2.350230e+02  5.070440e+02
  2.289350e+02  5.617955e+02
  2.230050e+02  6.131415e+02
  2.172280e+02  6.726915e+02
  2.116010e+02  7.373540e+02
  2.061200e+02  8.116090e+02
  2.007810e+02  8.886260e+02
  1.955800e+02  9.754070e+02
  1.905140e+02  1.079685e+03
  1.855790e+02  1.186560e+03
  1.807720e+02  1.304565e+03
  1.760890e+02  1.423695e+03
  1.715280e+02  1.555100e+03
  1.670850e+02  1.691110e+03
  1.627570e+02  1.829360e+03
  1.585410e+02  1.981945e+03
  1.544340e+02  2.126135e+03
  1.504340e+02  2.287750e+03
  1.465370e+02  2.457990e+03
  1.427410e+02  2.640960e+03
  1.390440e+02  2.814125e+03
  1.354420e+02  3.000955e+03
  1.319340e+02  3.190260e+03
  1.285160e+02  3.378685e+03
  1.251870e+02  3.587870e+03
  1.219440e+02  3.787100e+03
  1.187850e+02  3.996015e+03
  1.157090e+02  4.214945e+03
  1.127110e+02  4.439965e+03
  1.097920e+02  4.669965e+03
  1.069480e+02  4.913235e+03
  1.041770e+02  5.141850e+03
  1.014790e+02  5.379555e+03
  9.885030e+01  5.640685e+03
  9.628970e+01  5.887895e+03
  9.379550e+01  6.117585e+03
  9.136590e+01  6.353745e+03
  8.899920e+01  6.600825e+03
  8.669380e+01  6.820625e+03
  8.444820e+01  7.041380e+03
  8.226070e+01  7.262065e+03
  8.012980e+01  7.470340e+03
  7.805420e+01  7.654945e+03
  7.603240e+01  7.819790e+03
  7.406290e+01  7.955845e+03
  7.214440e+01  8.081855e+03
  7.027560e+01  8.158480e+03
  6.845520e+01  8.216619e+03
  6.668200e+01  8.231355e+03
  6.495470e+01  8.182160e+03
  6.327220e+01  8.089230e+03
  6.163320e+01  7.976765e+03
  6.003670e+01  7.817125e+03
  5.848160e+01  7.640870e+03
  5.696670e+01  7.423590e+03
  5.549110e+01  7.217480e+03
  5.405370e+01  6.983730e+03
  5.265350e+01  6.691820e+03
  5.128960e+01  6.363015e+03
  4.996100e+01  6.043080e+03
  4.866690e+01  5.643955e+03
  4.740620e+01  5.221635e+03
  4.617830e+01  4.797370e+03
  4.498210e+01  4.364245e+03
  4.381690e+01  4.081930e+03
  4.268190e+01  3.809325e+03
  4.157630e+01  3.546835e+03
  4.049930e+01  3.276520e+03
  3.945030e+01  3.063790e+03
  3.842840e+01  2.882280e+03
  3.743290e+01  2.709910e+03
  3.646330e+01  2.545985e+03
  3.551880e+01  2.396040e+03
  3.459870e+01  2.234350e+03
  3.370250e+01  2.061330e+03
  3.282950e+01  1.899030e+03
  3.197910e+01  1.736475e+03
  3.115070e+01  1.589950e+03
  3.034380e+01  1.455385e+03
  2.955780e+01  1.313270e+03
  2.879220e+01  1.175240e+03
  2.804640e+01  1.053620e+03
  2.731990e+01  9.363820e+02
  2.661220e+01  8.244240e+02
  2.592290e+01  7.161815e+02
  2.525140e+01  6.219865e+02
  2.459730e+01  5.324255e+02
  2.396010e+01  4.514390e+02
  2.333950e+01  3.791080e+02
  2.273490e+01  3.167635e+02
  2.214600e+01  2.525115e+02
  2.157230e+01  1.980905e+02
  2.101350e+01  1.549120e+02
  2.046920e+01  1.200045e+02
  1.993900e+01  9.071860e+01
  1.942250e+01  7.144385e+01
  1.891940e+01  5.532540e+01
  1.842930e+01  4.745930e+01
  1.795200e+01  4.369485e+01
  1.748690e+01  4.369475e+01
  1.703400e+01  4.494415e+01
  1.659270e+01  4.983495e+01
  1.616290e+01  5.693660e+01
  1.574430e+01  6.243530e+01
  1.533640e+01  7.034250e+01
  1.493920e+01  7.663850e+01
  1.455220e+01  7.425500e+01
  1.417520e+01  6.308465e+01
  1.380800e+01  4.149200e+01
  1.345040e+01  2.462565e+01
  1.310200e+01  1.189355e+01
  1.276260e+01  5.219370e+00
  1.243200e+01  2.194600e+00
  1.211000e+01  8.877010e-01
  1.179630e+01  3.041215e-01
  1.149070e+01  1.397315e-01
  1.119310e+01  7.397550e-02
  1.090310e+01  9.041449e-02
  1.062070e+01  3.287800e-02
  1.034560e+01  5.753650e-02
  1.007760e+01  1.643900e-02
  9.816600e+00  0.000000e+00
  9.562300e+00  8.219500e-03
  9.314600e+00  2.465850e-02
  9.073300e+00  8.219500e-03
  8.838300e+00  1.068535e-01
  8.609300e+00  1.315120e-01
  8.386300e+00  2.548045e-01
  8.169100e+00  7.397515e-01
  7.957500e+00  1.874050e+00
  7.751400e+00  3.945355e+00
  7.550600e+00  7.241365e+00
  7.355000e+00  7.972900e+00
  7.164500e+00  6.929040e+00
  6.978900e+00  5.507060e+00
  6.798100e+00  4.052205e+00
  6.622000e+00  3.361770e+00
  6.450500e+00  3.090520e+00
  6.283400e+00  2.021980e+00
  6.120600e+00  1.865830e+00
  5.962100e+00  1.471290e+00
  5.807600e+00  1.331560e+00
  5.657200e+00  1.479510e+00
  5.510700e+00  1.274015e+00
  5.367900e+00  1.298670e+00
  5.228900e+00  1.117855e+00
  5.093400e+00  9.370165e-01
  4.961500e+00  9.534529e-01
  4.833000e+00  7.726285e-01
  4.707800e+00  8.712620e-01
  4.585800e+00  7.726310e-01
  4.467100e+00  8.137265e-01
  4.351300e+00  5.424855e-01
  4.238600e+00  6.904330e-01
  4.128800e+00  6.822150e-01
  4.021900e+00  8.712625e-01
  3.917700e+00  7.890660e-01
  3.816200e+00  6.904355e-01
  3.717400e+00  4.356335e-01
  3.621100e+00  5.424870e-01
  3.527300e+00  5.424870e-01
  3.435900e+00  4.849505e-01
  3.346900e+00  3.369995e-01
  3.260200e+00  3.452190e-01
  3.175800e+00  3.287800e-01
  3.093500e+00  2.137070e-01
  3.013400e+00  1.726095e-01
  2.935300e+00  2.465850e-01
  2.859300e+00  3.205605e-01
  2.785200e+00  3.698775e-01
  2.713100e+00  2.876825e-01
  2.642800e+00  3.698775e-01
  2.574300e+00  3.369995e-01
  2.507600e+00  3.780970e-01
  2.442700e+00  3.534385e-01
  2.379400e+00  3.123395e-01
  2.317800e+00  2.794630e-01
  2.257700e+00  2.959020e-01
  2.199300e+00  2.794630e-01
  2.142300e+00  2.794630e-01
  2.086800e+00  3.041215e-01
  2.032700e+00  2.548045e-01
  1.980100e+00  3.123395e-01
  1.928800e+00  1.890485e-01
  1.878800e+00  1.479510e-01
  1.830200e+00  2.137070e-01
  1.782800e+00  2.630240e-01
  1.736600e+00  2.465835e-01
  1.691600e+00  1.808290e-01
  1.647800e+00  1.479510e-01
  1.605100e+00  1.479510e-01
  1.563500e+00  2.054875e-01
  1.523000e+00  1.643900e-01
  1.483600e+00  2.137070e-01
  1.445100e+00  1.561705e-01
  1.407700e+00  1.150730e-01
  1.371200e+00  1.726095e-01
  1.335700e+00  1.068535e-01
  1.301100e+00  1.150730e-01
  1.267400e+00  9.863400e-02
  1.234600e+00  9.863400e-02
  1.202600e+00  9.863400e-02
  1.171500e+00  8.219500e-02
  1.141100e+00  1.397315e-01
  1.111600e+00  8.219500e-02
  1.082800e+00  5.753650e-02
  1.054700e+00  6.575600e-02
  1.027400e+00  9.863400e-02
  1.000800e+00  4.109750e-02
  9.749000e-01  9.863400e-02
  9.496000e-01  8.219500e-02
  9.250000e-01  8.219500e-02
  9.010000e-01  6.575600e-02
  8.777000e-01  5.753650e-02
  8.550000e-01  5.753650e-02
  8.328000e-01  9.041449e-02
  8.113000e-01  1.068535e-01
  7.902000e-01  6.575600e-02
  7.698000e-01  1.068535e-01
  7.498000e-01  9.041450e-02
  7.304000e-01  9.863400e-02
  7.115000e-01  8.219500e-02
  6.931000e-01  1.726095e-01
  6.751000e-01  2.054875e-01
  6.576000e-01  3.534385e-01
  6.406000e-01  3.369995e-01
  6.240000e-01  1.643900e-01
  6.078000e-01  1.397315e-01
  5.921000e-01  1.232925e-01
  5.767000e-01  1.068535e-01
  5.618000e-01  1.315120e-01
  5.472000e-01  1.643900e-01
  5.331000e-01  1.643900e-01
  5.193000e-01  1.808290e-01
  5.058000e-01  1.808290e-01
  4.927000e-01  1.397315e-01
  4.799000e-01  1.479510e-01
  4.675000e-01  1.808290e-01
  4.554000e-01  1.726095e-01
  4.436000e-01  1.561705e-01
  4.321000e-01  1.397315e-01
  4.209000e-01  2.383655e-01
  4.100000e-01  2.301460e-01
  3.994000e-01  3.041215e-01
  3.891000e-01  1.972680e-01
  3.790000e-01  2.794630e-01
  3.692000e-01  3.452190e-01
  3.596000e-01  2.712435e-01
  3.503000e-01  2.054875e-01
  3.412000e-01  2.137070e-01
  3.324000e-01  1.726095e-01
  3.238000e-01  2.137070e-01
  3.154000e-01  2.548045e-01
  3.072000e-01  3.041215e-01
  2.992000e-01  3.123410e-01
  2.915000e-01  3.945345e-01
  2.839000e-01  3.369980e-01
  2.766000e-01  3.616580e-01
  2.694000e-01  4.685105e-01
  2.624000e-01  3.452190e-01
  2.556000e-01  3.534385e-01
  2.490000e-01  2.794630e-01
  2.426000e-01  3.041215e-01
  2.363000e-01  2.712435e-01
  2.302000e-01  2.137070e-01
  2.242000e-01  3.123410e-01
  2.184000e-01  1.150730e-01
  2.127000e-01  1.643900e-01
  2.072000e-01  1.890485e-01
  2.019000e-01  1.643900e-01
  1.966000e-01  1.397315e-01
  1.915000e-01  7.397550e-02
  1.866000e-01  1.397315e-01
  1.817000e-01  1.068535e-01
  1.770000e-01  1.232925e-01
  1.725000e-01  9.041450e-02
  1.680000e-01  8.219500e-02
  1.636000e-01  9.863400e-02
  1.594000e-01  7.397550e-02
  1.553000e-01  4.109750e-02
  1.512000e-01  7.397550e-02
  1.473000e-01  6.575600e-02
  1.435000e-01  3.287800e-02
  1.398000e-01  5.753650e-02
  1.362000e-01  2.465850e-02
  1.326000e-01  2.465850e-02
  1.292000e-01  1.643900e-02
  1.259000e-01  1.643900e-02
  1.226000e-01  2.465850e-02
  1.194000e-01  1.643900e-02
  1.163000e-01  1.643900e-02
  1.133000e-01  1.643900e-02
  1.104000e-01  8.219500e-03
  1.075000e-01  8.219500e-03
  1.047000e-01  4.109750e-02
  1.020000e-01  2.465850e-02
  9.940000e-02  1.643900e-02
  9.680000e-02  4.109750e-02
  9.430000e-02  8.219500e-03
  9.190000e-02  8.219500e-03
  8.950000e-02  8.219500e-03
  8.720000e-02  0.000000e+00
  8.490000e-02  1.643900e-02
  8.270000e-02  0.000000e+00
  8.060000e-02  8.219500e-03
  7.850000e-02  0.000000e+00
  7.640000e-02  0.000000e+00
  7.450000e-02  0.000000e+00
  7.250000e-02  0.000000e+00
  7.070000e-02  0.000000e+00
  6.880000e-02  0.000000e+00
  6.700000e-02  0.000000e+00
  6.530000e-02  8.219500e-03
  6.360000e-02  0.000000e+00
  6.200000e-02  0.000000e+00
  6.040000e-02  0.000000e+00
  5.880000e-02  0.000000e+00
  5.730000e-02  0.000000e+00
  5.580000e-02  0.000000e+00
  5.430000e-02  0.000000e+00
  5.290000e-02  0.000000e+00
  5.160000e-02  0.000000e+00
  5.020000e-02  8.219500e-03
  4.890000e-02  0.000000e+00
  4.770000e-02  0.000000e+00
  4.640000e-02  8.219500e-03
  4.520000e-02  8.219500e-03
  4.410000e-02  0.000000e+00
  4.290000e-02  0.000000e+00
  4.180000e-02  0.000000e+00
  4.070000e-02  0.000000e+00
  3.970000e-02  0.000000e+00
  3.860000e-02  0.000000e+00
  3.760000e-02  8.219500e-03
  3.670000e-02  0.000000e+00
  3.570000e-02  0.000000e+00
  3.480000e-02  0.000000e+00
  3.390000e-02  0.000000e+00
  3.300000e-02  0.000000e+00
  3.220000e-02  0.000000e+00
  3.130000e-02  0.000000e+00
  3.050000e-02  0.000000e+00
  2.970000e-02  0.000000e+00
  2.890000e-02  0.000000e+00
  2.820000e-02  0.000000e+00
  2.750000e-02  0.000000e+00
  2.680000e-02  0.000000e+00
  2.610000e-02  0.000000e+00
  2.540000e-02  0.000000e+00
  2.470000e-02  0.000000e+00
  2.410000e-02  0.000000e+00
  2.350000e-02  0.000000e+00
  2.290000e-02  0.000000e+00
  2.230000e-02  8.219500e-03
  2.170000e-02  0.000000e+00
  2.110000e-02  0.000000e+00
  2.060000e-02  0.000000e+00
  2.000000e-02  0.000000e+00
  1.950000e-02  0.000000e+00
  1.900000e-02  0.000000e+00
  1.850000e-02  0.000000e+00
  1.800000e-02  0.000000e+00
  1.760000e-02  0.000000e+00
  1.710000e-02  0.000000e+00
  1.670000e-02  0.000000e+00
  1.630000e-02  0.000000e+00
  1.580000e-02  0.000000e+00
  1.540000e-02  0.000000e+00
  1.500000e-02  0.000000e+00
  1.460000e-02  0.000000e+00
  1.430000e-02  0.000000e+00
  1.390000e-02  0.000000e+00
  1.350000e-02  0.000000e+00
  1.320000e-02  0.000000e+00
  1.280000e-02  0.000000e+00
  1.250000e-02  0.000000e+00
  1.220000e-02  0.000000e+00
  1.190000e-02  0.000000e+00
  1.160000e-02  0.000000e+00
  1.130000e-02  0.000000e+00
  1.100000e-02  1.726095e-01
  1.070000e-02  3.287800e-01
  1.040000e-02  2.465850e-01
  1.010000e-02  8.055075e-01
