  4.934820e+03  0.000000e+00
  4.806990e+03  0.000000e+00
  4.682470e+03  0.000000e+00
  4.561180e+03  0.000000e+00
  4.443030e+03  0.000000e+00
  4.327940e+03  0.000000e+00
  4.215830e+03  0.000000e+00
  4.106630e+03  0.000000e+00
  4.000250e+03  0.000000e+00
  3.896630e+03  0.000000e+00
  3.795700e+03  0.000000e+00
  3.697380e+03  4.699650e-01
  3.601600e+03  0.000000e+00
  3.508310e+03  0.000000e+00
  3.417430e+03  0.000000e+00
  3.328910e+03  0.000000e+00
  3.242680e+03  0.000000e+00
  3.158680e+03  0.000000e+00
  3.076860e+03  0.000000e+00
  2.997160e+03  0.000000e+00
  2.919530e+03  4.699650e-01
  2.843900e+03  9.399300e-01
  2.770230e+03  0.000000e+00
  2.698480e+03  0.000000e+00
  2.628580e+03  0.000000e+00
  2.560490e+03  0.000000e+00
  2.494160e+03  0.000000e+00
  2.429550e+03  0.000000e+00
  2.366620e+03  9.399500e-01
  2.305320e+03  0.000000e+00
  2.245600e+03  4.699650e-01
  2.187430e+03  4.699650e-01
  2.130770e+03  4.699650e-01
  2.075580e+03  9.399300e-01
  2.021810e+03  0.000000e+00
  1.969440e+03  0.000000e+00
  1.918430e+03  0.000000e+00
  1.868730e+03  4.699650e-01
  1.820330e+03  4.699650e-01
  1.773170e+03  0.000000e+00
  1.727240e+03  4.699650e-01
  1.682500e+03  0.000000e+00
  1.638920e+03  9.399300e-01
  1.596470e+03  4.699650e-01
  1.555110e+03  1.409895e+00
  1.514830e+03  1.409895e+00
  1.475590e+03  0.000000e+00
  1.437370e+03  9.399300e-01
  1.400140e+03  4.699650e-01
  1.363870e+03  1.879865e+00
  1.328540e+03  1.409895e+00
  1.294120e+03  9.399300e-01
  1.260600e+03  1.409895e+00
  1.227950e+03  1.409895e+00
  1.196140e+03  9.399300e-01
  1.165160e+03  1.409915e+00
  1.134980e+03  1.409895e+00
  1.105580e+03  1.879860e+00
  1.076940e+03  1.879880e+00
  1.049040e+03  2.819795e+00
  1.021870e+03  5.639605e+00
  9.953980e+02  3.289755e+00
  9.696140e+02  1.409895e+00
  9.444970e+02  2.819790e+00
  9.200320e+02  3.759740e+00
  8.962000e+02  4.699690e+00
  8.729850e+02  5.169675e+00
  8.503720e+02  4.229685e+00
  8.283450e+02  9.399375e+00
  8.068880e+02  6.109565e+00
  7.859870e+02  6.579535e+00
  7.656270e+02  7.519480e+00
  7.457950e+02  7.049525e+00
  7.264760e+02  8.929410e+00
  7.076580e+02  7.519475e+00
  6.893270e+02  1.080926e+01
  6.714710e+02  1.127935e+01
  6.540780e+02  1.503900e+01
  6.371350e+02  1.409910e+01
  6.206310e+02  2.067860e+01
  6.045550e+02  1.268920e+01
  5.888950e+02  1.879870e+01
  5.736410e+02  1.973870e+01
  5.587810e+02  2.443825e+01
  5.443070e+02  2.208855e+01
  5.302080e+02  3.054785e+01
  5.164740e+02  2.866795e+01
  5.030950e+02  2.866805e+01
  4.900630e+02  3.148770e+01
  4.773690e+02  3.101785e+01
  4.650040e+02  3.759730e+01
  4.529580e+02  3.994720e+01
  4.412250e+02  5.028645e+01
  4.297960e+02  5.263595e+01
  4.186630e+02  5.780575e+01
  4.078180e+02  7.143456e+01
  3.972540e+02  6.532510e+01
  3.869640e+02  7.331435e+01
  3.769400e+02  8.224350e+01
  3.671770e+02  9.916230e+01
  3.576650e+02  8.882310e+01
  3.484010e+02  1.076221e+02
  3.393760e+02  1.221915e+02
  3.305850e+02  1.325300e+02
  3.220220e+02  1.381705e+02
  3.136800e+02  1.522700e+02
  3.055550e+02  1.776490e+02
  2.976400e+02  1.799975e+02
  2.899300e+02  1.837580e+02
  2.824200e+02  2.222940e+02
  2.751040e+02  2.166550e+02
  2.679780e+02  2.721105e+02
  2.610370e+02  2.899700e+02
  2.542750e+02  3.407265e+02
  2.476890e+02  3.491860e+02
  2.412730e+02  3.773825e+02
  2.350230e+02  4.290790e+02
  2.289350e+02  4.859440e+02
  2.230050e+02  5.273020e+02
  2.172280e+02  5.578510e+02
  2.116010e+02  6.593630e+02
  2.061200e+02  7.002500e+02
  2.007810e+02  7.646350e+02
  1.955800e+02  8.506380e+02
  1.905140e+02  9.192520e+02
  1.855790e+02  1.024980e+03
  1.807720e+02  1.122265e+03
  1.760890e+02  1.187120e+03
  1.715280e+02  1.329060e+03
  1.670850e+02  1.494030e+03
  1.627570e+02  1.641610e+03
  1.585410e+02  1.778850e+03
  1.544340e+02  1.923135e+03
  1.504340e+02  2.113905e+03
  1.465370e+02  2.388340e+03
  1.427410e+02  2.517120e+03
  1.390440e+02  2.731910e+03
  1.354420e+02  2.989470e+03
  1.319340e+02  3.211305e+03
  1.285160e+02  3.449575e+03
  1.251870e+02  3.774745e+03
  1.219440e+02  4.014910e+03
  1.187850e+02  4.443550e+03
  1.157090e+02  4.709550e+03
  1.127110e+02  5.206740e+03
  1.097920e+02  5.570040e+03
  1.069480e+02  5.942280e+03
  1.041770e+02  6.436660e+03
  1.014790e+02  6.992160e+03
  9.885030e+01  7.453690e+03
  9.628970e+01  8.032650e+03
  9.379550e+01  8.608860e+03
  9.136590e+01  9.361255e+03
  8.899920e+01  1.010900e+04
  8.669380e+01  1.080220e+04
  8.444820e+01  1.161900e+04
  8.226070e+01  1.232730e+04
  8.012980e+01  1.330140e+04
  7.805420e+01  1.435375e+04
  7.603240e+01  1.539750e+04
  7.406290e+01  1.631405e+04
  7.214440e+01  1.759890e+04
  7.027560e+01  1.874140e+04
  6.845520e+01  2.031490e+04
  6.668200e+01  2.162590e+04
  6.495470e+01  2.314030e+04
  6.327220e+01  2.430565e+04
  6.163320e+01  2.576930e+04
  6.003670e+01  2.703140e+04
  5.848160e+01  2.797375e+04
  5.696670e+01  2.911215e+04
  5.549110e+01  3.058445e+04
  5.405370e+01  3.215930e+04
  5.265350e+01  3.381185e+04
  5.128960e+01  3.541630e+04
  4.996100e+01  3.751040e+04
  4.866690e+01  3.976565e+04
  4.740620e+01  4.212485e+04
  4.617830e+01  4.474555e+04
  4.498210e+01  4.674000e+04
  4.381690e+01  4.804050e+04
  4.268190e+01  4.939295e+04
  4.157630e+01  4.995745e+04
  4.049930e+01  5.106430e+04
  3.945030e+01  5.176685e+04
  3.842840e+01  5.287450e+04
  3.743290e+01  5.338915e+04
  3.646330e+01  5.394940e+04
  3.551880e+01  5.426800e+04
  3.459870e+01  5.533295e+04
  3.370250e+01  5.655720e+04
  3.282950e+01  5.701255e+04
  3.197910e+01  5.800475e+04
  3.115070e+01  5.897755e+04
  3.034380e+01  6.011110e+04
  2.955780e+01  6.131600e+04
  2.879220e+01  6.222545e+04
  2.804640e+01  6.320265e+04
  2.731990e+01  6.459780e+04
  2.661220e+01  6.597585e+04
  2.592290e+01  6.703285e+04
  2.525140e+01  6.822641e+04
  2.459730e+01  6.955225e+04
  2.396010e+01  7.085440e+04
  2.333950e+01  7.196035e+04
  2.273490e+01  7.322120e+04
  2.214600e+01  7.464345e+04
  2.157230e+01  7.614110e+04
  2.101350e+01  7.717890e+04
  2.046920e+01  7.883405e+04
  1.993900e+01  7.978855e+04
  1.942250e+01  8.070784e+04
  1.891940e+01  8.139210e+04
  1.842930e+01  8.113416e+04
  1.795200e+01  8.067775e+04
  1.748690e+01  7.981020e+04
  1.703400e+01  7.831905e+04
  1.659270e+01  7.707635e+04
  1.616290e+01  7.529105e+04
  1.574430e+01  7.405830e+04
  1.533640e+01  7.246450e+04
  1.493920e+01  7.121015e+04
  1.455220e+01  7.062370e+04
  1.417520e+01  7.054300e+04
  1.380800e+01  7.160975e+04
  1.345040e+01  7.237340e+04
  1.310200e+01  7.419980e+04
  1.276260e+01  7.622010e+04
  1.243200e+01  7.781315e+04
  1.211000e+01  7.966400e+04
  1.179630e+01  8.130805e+04
  1.149070e+01  8.343041e+04
  1.119310e+01  8.526091e+04
  1.090310e+01  8.678970e+04
  1.062070e+01  8.899665e+04
  1.034560e+01  9.085020e+04
  1.007760e+01  9.294616e+04
  9.816600e+00  9.468145e+04
  9.562300e+00  9.583515e+04
  9.314600e+00  9.407784e+04
  9.073300e+00  9.054045e+04
  8.838300e+00  8.577600e+04
  8.609300e+00  8.157405e+04
  8.386300e+00  7.708965e+04
  8.169100e+00  7.313050e+04
  7.957500e+00  6.927440e+04
  7.751400e+00  6.618775e+04
  7.550600e+00  6.441925e+04
  7.355000e+00  6.384915e+04
  7.164500e+00  6.307095e+04
  6.978900e+00  6.258825e+04
  6.798100e+00  6.250935e+04
  6.622000e+00  6.237925e+04
  6.450500e+00  6.280400e+04
  6.283400e+00  6.315410e+04
  6.120600e+00  6.284960e+04
  5.962100e+00  6.303860e+04
  5.807600e+00  6.288910e+04
  5.657200e+00  6.296235e+04
  5.510700e+00  6.361320e+04
  5.367900e+00  6.524120e+04
  5.228900e+00  6.462475e+04
  5.093400e+00  6.435380e+04
  4.961500e+00  6.438485e+04
  4.833000e+00  6.764600e+04
  4.707800e+00  7.228985e+04
  4.585800e+00  6.786215e+04
  4.467100e+00  6.744495e+04
  4.351300e+00  6.861985e+04
  4.238600e+00  6.993800e+04
  4.128800e+00  7.090065e+04
  4.021900e+00  1.087685e+05
  3.917700e+00  8.788420e+04
  3.816200e+00  6.739925e+04
  3.717400e+00  6.743030e+04
  3.621100e+00  6.752190e+04
  3.527300e+00  6.836085e+04
  3.435900e+00  6.858555e+04
  3.346900e+00  6.867291e+04
  3.260200e+00  6.965275e+04
  3.175800e+00  7.068270e+04
  3.093500e+00  6.944555e+04
  3.013400e+00  6.985025e+04
  2.935300e+00  7.111020e+04
  2.859300e+00  7.166005e+04
  2.785200e+00  7.334485e+04
  2.713100e+00  7.401120e+04
  2.642800e+00  7.382941e+04
  2.574300e+00  7.681370e+04
  2.507600e+00  7.554140e+04
  2.442700e+00  7.772010e+04
  2.379400e+00  7.985200e+04
  2.317800e+00  7.838850e+04
  2.257700e+00  7.640395e+04
  2.199300e+00  8.875505e+04
  2.142300e+00  7.911045e+04
  2.086800e+00  7.780670e+04
  2.032700e+00  8.057345e+04
  1.980100e+00  9.921209e+04
  1.928800e+00  8.011134e+04
  1.878800e+00  7.127984e+04
  1.830200e+00  9.835735e+04
  1.782800e+00  1.962505e+05
  1.736600e+00  1.092955e+05
  1.691600e+00  8.431580e+04
  1.647800e+00  7.274150e+04
  1.605100e+00  7.079680e+04
  1.563500e+00  6.882380e+04
  1.523000e+00  6.733120e+04
  1.483600e+00  6.645141e+04
  1.445100e+00  6.210720e+04
  1.407700e+00  6.113275e+04
  1.371200e+00  5.824620e+04
  1.335700e+00  5.867765e+04
  1.301100e+00  5.348310e+04
  1.267400e+00  4.512055e+04
  1.234600e+00  5.397660e+04
  1.202600e+00  5.873165e+04
  1.171500e+00  5.463735e+04
  1.141100e+00  6.867055e+04
  1.111600e+00  4.432675e+04
  1.082800e+00  4.229845e+04
  1.054700e+00  6.253755e+04
  1.027400e+00  4.697080e+04
  1.000800e+00  3.659295e+04
  9.749000e-01  4.943855e+04
  9.496000e-01  4.047775e+04
  9.250000e-01  4.167475e+04
  9.010000e-01  3.965910e+04
  8.777000e-01  4.430895e+04
  8.550000e-01  4.817900e+04
  8.328000e-01  4.288970e+04
  8.113000e-01  5.071785e+04
  7.902000e-01  4.923035e+04
  7.698000e-01  4.743085e+04
  7.498000e-01  5.505940e+04
  7.304000e-01  5.237685e+04
  7.115000e-01  5.318900e+04
  6.931000e-01  1.078530e+05
  6.751000e-01  9.321345e+05
  6.576000e-01  8.739215e+05
  6.406000e-01  2.342215e+06
  6.240000e-01  6.038825e+05
  6.078000e-01  7.914700e+04
  5.921000e-01  7.207925e+04
  5.767000e-01  7.326440e+04
  5.618000e-01  7.685600e+04
  5.472000e-01  7.463955e+04
  5.331000e-01  8.579475e+04
  5.193000e-01  8.255805e+04
  5.058000e-01  1.042585e+05
  4.927000e-01  2.315700e+05
  4.799000e-01  2.729245e+05
  4.675000e-01  1.425025e+05
  4.554000e-01  9.978925e+04
  4.436000e-01  2.230745e+05
  4.321000e-01  2.308255e+05
  4.209000e-01  2.084105e+05
  4.100000e-01  1.438450e+05
  3.994000e-01  2.570570e+05
  3.891000e-01  4.433075e+05
  3.790000e-01  5.009365e+05
  3.692000e-01  1.164520e+05
  3.596000e-01  7.420820e+04
  3.503000e-01  7.764745e+04
  3.412000e-01  7.917759e+04
  3.324000e-01  8.858880e+04
  3.238000e-01  8.881420e+04
  3.154000e-01  8.216550e+04
  3.072000e-01  1.025680e+05
  2.992000e-01  1.432215e+05
  2.915000e-01  1.795335e+05
  2.839000e-01  2.010105e+05
  2.766000e-01  1.205630e+05
  2.694000e-01  3.653620e+05
  2.624000e-01  8.619910e+05
  2.556000e-01  1.015460e+06
  2.490000e-01  3.597120e+05
  2.426000e-01  1.657560e+05
  2.363000e-01  3.057340e+05
  2.302000e-01  2.367320e+05
  2.242000e-01  1.539125e+05
  2.184000e-01  1.481240e+05
  2.127000e-01  1.548130e+05
  2.072000e-01  1.504130e+05
  2.019000e-01  1.613090e+05
  1.966000e-01  1.856775e+05
  1.915000e-01  2.871155e+05
  1.866000e-01  2.477605e+05
  1.817000e-01  1.338870e+05
  1.770000e-01  7.799620e+04
  1.725000e-01  1.177445e+05
  1.680000e-01  2.042585e+05
  1.636000e-01  2.304770e+05
  1.594000e-01  2.395680e+05
  1.553000e-01  2.527995e+05
  1.512000e-01  2.686615e+05
  1.473000e-01  2.765595e+05
  1.435000e-01  4.299840e+05
  1.398000e-01  3.016760e+05
  1.362000e-01  3.064545e+05
  1.326000e-01  3.204390e+05
  1.292000e-01  3.091130e+05
  1.259000e-01  3.304230e+05
  1.226000e-01  5.149180e+05
  1.194000e-01  5.712585e+05
  1.163000e-01  3.906220e+05
  1.133000e-01  4.108985e+05
  1.104000e-01  4.220070e+05
  1.075000e-01  4.060125e+05
  1.047000e-01  3.825365e+05
  1.020000e-01  4.075180e+05
  9.940000e-02  4.650795e+05
  9.680000e-02  4.563245e+05
  9.430000e-02  4.616535e+05
  9.190000e-02  4.495920e+05
  8.950000e-02  4.528085e+05
  8.720000e-02  4.330990e+05
  8.490000e-02  4.340890e+05
  8.270000e-02  4.383240e+05
  8.060000e-02  4.441050e+05
  7.850000e-02  4.480480e+05
  7.640000e-02  4.541755e+05
  7.450000e-02  4.554470e+05
  7.250000e-02  4.571845e+05
  7.070000e-02  4.572480e+05
  6.880000e-02  4.545495e+05
  6.700000e-02  4.502860e+05
  6.530000e-02  4.442835e+05
  6.360000e-02  4.381020e+05
  6.200000e-02  4.302545e+05
  6.040000e-02  4.210935e+05
  5.880000e-02  4.107030e+05
  5.730000e-02  3.990445e+05
  5.580000e-02  3.859035e+05
  5.430000e-02  3.718440e+05
  5.290000e-02  3.558060e+05
  5.160000e-02  3.397780e+05
  5.020000e-02  3.231925e+05
  4.890000e-02  3.070075e+05
  4.770000e-02  2.899925e+05
  4.640000e-02  2.716360e+05
  4.520000e-02  2.533305e+05
  4.410000e-02  2.358555e+05
  4.290000e-02  2.186275e+05
  4.180000e-02  2.015060e+05
  4.070000e-02  1.855450e+05
  3.970000e-02  1.695455e+05
  3.860000e-02  1.536270e+05
  3.760000e-02  1.389845e+05
  3.670000e-02  1.246360e+05
  3.570000e-02  1.116725e+05
  3.480000e-02  9.967255e+04
  3.390000e-02  8.785805e+04
  3.300000e-02  7.677650e+04
  3.220000e-02  6.738990e+04
  3.130000e-02  5.855460e+04
  3.050000e-02  5.049690e+04
  2.970000e-02  4.372555e+04
  2.890000e-02  3.718670e+04
  2.820000e-02  3.129755e+04
  2.750000e-02  2.639425e+04
  2.680000e-02  2.240045e+04
  2.610000e-02  1.857545e+04
  2.540000e-02  1.539470e+04
  2.470000e-02  1.261305e+04
  2.410000e-02  1.044585e+04
  2.350000e-02  8.571260e+03
  2.290000e-02  6.917435e+03
  2.230000e-02  5.753810e+03
  2.170000e-02  4.583610e+03
  2.110000e-02  3.765825e+03
  2.060000e-02  3.147855e+03
  2.000000e-02  2.599370e+03
  1.950000e-02  2.201315e+03
  1.900000e-02  1.845120e+03
  1.850000e-02  1.608710e+03
  1.800000e-02  1.408960e+03
  1.760000e-02  1.246810e+03
  1.710000e-02  1.141535e+03
  1.670000e-02  1.036730e+03
  1.630000e-02  9.493240e+02
  1.580000e-02  9.281795e+02
  1.540000e-02  8.464075e+02
  1.500000e-02  8.412380e+02
  1.460000e-02  7.909540e+02
  1.430000e-02  7.322080e+02
  1.390000e-02  6.800420e+02
  1.350000e-02  6.767540e+02
  1.320000e-02  6.386850e+02
  1.280000e-02  6.269360e+02
  1.250000e-02  5.860475e+02
  1.220000e-02  5.211920e+02
  1.190000e-02  4.991055e+02
  1.160000e-02  4.676170e+02
  1.130000e-02  4.431780e+02
  1.100000e-02  4.060505e+02
  1.070000e-02  3.618750e+02
  1.040000e-02  3.496565e+02
  1.010000e-02  2.737550e+03
