  4.934820e+03  0.000000e+00
  4.806990e+03  0.000000e+00
  4.682470e+03  0.000000e+00
  4.561180e+03  0.000000e+00
  4.443030e+03  0.000000e+00
  4.327940e+03  0.000000e+00
  4.215830e+03  0.000000e+00
  4.106630e+03  0.000000e+00
  4.000250e+03  0.000000e+00
  3.896630e+03  0.000000e+00
  3.795700e+03  0.000000e+00
  3.697380e+03  5.224500e-01
  3.601600e+03  0.000000e+00
  3.508310e+03  0.000000e+00
  3.417430e+03  0.000000e+00
  3.328910e+03  0.000000e+00
  3.242680e+03  2.612250e-01
  3.158680e+03  2.612250e-01
  3.076860e+03  0.000000e+00
  2.997160e+03  2.612250e-01
  2.919530e+03  0.000000e+00
  2.843900e+03  0.000000e+00
  2.770230e+03  0.000000e+00
  2.698480e+03  0.000000e+00
  2.628580e+03  0.000000e+00
  2.560490e+03  0.000000e+00
  2.494160e+03  0.000000e+00
  2.429550e+03  0.000000e+00
  2.366620e+03  2.612250e-01
  2.305320e+03  2.612250e-01
  2.245600e+03  2.612250e-01
  2.187430e+03  0.000000e+00
  2.130770e+03  0.000000e+00
  2.075580e+03  0.000000e+00
  2.021810e+03  5.224500e-01
  1.969440e+03  0.000000e+00
  1.918430e+03  2.612250e-01
  1.868730e+03  2.612250e-01
  1.820330e+03  0.000000e+00
  1.773170e+03  2.612250e-01
  1.727240e+03  2.612250e-01
  1.682500e+03  2.612250e-01
  1.638920e+03  2.612250e-01
  1.596470e+03  2.612250e-01
  1.555110e+03  5.224500e-01
  1.514830e+03  2.612250e-01
  1.475590e+03  5.224500e-01
  1.437370e+03  5.224500e-01
  1.400140e+03  2.612250e-01
  1.363870e+03  2.612250e-01
  1.328540e+03  5.224500e-01
  1.294120e+03  1.044900e+00
  1.260600e+03  5.224500e-01
  1.227950e+03  7.836750e-01
  1.196140e+03  5.224500e-01
  1.165160e+03  1.828575e+00
  1.134980e+03  1.306125e+00
  1.105580e+03  1.567350e+00
  1.076940e+03  1.306125e+00
  1.049040e+03  1.306125e+00
  1.021870e+03  1.828575e+00
  9.953980e+02  2.612250e+00
  9.696140e+02  1.044900e+00
  9.444970e+02  1.828575e+00
  9.200320e+02  1.044900e+00
  8.962000e+02  1.828575e+00
  8.729850e+02  3.657200e+00
  8.503720e+02  2.351025e+00
  8.283450e+02  1.828575e+00
  8.068880e+02  3.134700e+00
  7.859870e+02  4.179625e+00
  7.656270e+02  4.702050e+00
  7.457950e+02  3.395925e+00
  7.264760e+02  4.702100e+00
  7.076580e+02  6.269475e+00
  6.893270e+02  6.008250e+00
  6.714710e+02  5.485725e+00
  6.540780e+02  8.098075e+00
  6.371350e+02  6.269450e+00
  6.206310e+02  8.359250e+00
  6.045550e+02  8.620600e+00
  5.888950e+02  1.071037e+01
  5.736410e+02  1.097157e+01
  5.587810e+02  1.175535e+01
  5.443070e+02  1.489005e+01
  5.302080e+02  1.828605e+01
  5.164740e+02  1.750225e+01
  5.030950e+02  1.880835e+01
  4.900630e+02  2.220430e+01
  4.773690e+02  2.194310e+01
  4.650040e+02  3.082475e+01
  4.529580e+02  3.474320e+01
  4.412250e+02  3.448190e+01
  4.297960e+02  3.840030e+01
  4.186630e+02  4.388610e+01
  4.078180e+02  4.675950e+01
  3.972540e+02  5.172280e+01
  3.869640e+02  4.806570e+01
  3.769400e+02  5.929835e+01
  3.671770e+02  6.295545e+01
  3.576650e+02  7.653960e+01
  3.484010e+02  7.941285e+01
  3.393760e+02  8.724960e+01
  3.305850e+02  8.986195e+01
  3.220220e+02  1.086707e+02
  3.136800e+02  1.188570e+02
  3.055550e+02  1.431520e+02
  2.976400e+02  1.418460e+02
  2.899300e+02  1.640500e+02
  2.824200e+02  1.933070e+02
  2.751040e+02  2.008830e+02
  2.679780e+02  2.225655e+02
  2.610370e+02  2.541735e+02
  2.542750e+02  2.855200e+02
  2.476890e+02  3.048520e+02
  2.412730e+02  3.330640e+02
  2.350230e+02  3.625825e+02
  2.289350e+02  4.171790e+02
  2.230050e+02  4.448685e+02
  2.172280e+02  5.031225e+02
  2.116010e+02  5.425665e+02
  2.061200e+02  6.245920e+02
  2.007810e+02  6.959065e+02
  1.955800e+02  7.549445e+02
  1.905140e+02  8.351410e+02
  1.855790e+02  9.331025e+02
  1.807720e+02  1.012776e+03
  1.760890e+02  1.141560e+03
  1.715280e+02  1.223065e+03
  1.670850e+02  1.367010e+03
  1.627570e+02  1.536800e+03
  1.585410e+02  1.667140e+03
  1.544340e+02  1.850270e+03
  1.504340e+02  2.000465e+03
  1.465370e+02  2.138140e+03
  1.427410e+02  2.284160e+03
  1.390440e+02  2.501770e+03
  1.354420e+02  2.718060e+03
  1.319340e+02  2.967270e+03
  1.285160e+02  3.132890e+03
  1.251870e+02  3.396975e+03
  1.219440e+02  3.592895e+03
  1.187850e+02  3.917100e+03
  1.157090e+02  4.182235e+03
  1.127110e+02  4.466450e+03
  1.097920e+02  4.819880e+03
  1.069480e+02  5.197365e+03
  1.041770e+02  5.557595e+03
  1.014790e+02  5.944995e+03
  9.885030e+01  6.382535e+03
  9.628970e+01  6.802070e+03
  9.379550e+01  7.273850e+03
  9.136590e+01  7.709580e+03
  8.899920e+01  8.187885e+03
  8.669380e+01  8.792885e+03
  8.444820e+01  9.285301e+03
  8.226070e+01  1.001671e+04
  8.012980e+01  1.065015e+04
  7.805420e+01  1.128815e+04
  7.603240e+01  1.192555e+04
  7.406290e+01  1.263910e+04
  7.214440e+01  1.346260e+04
  7.027560e+01  1.417385e+04
  6.845520e+01  1.497435e+04
  6.668200e+01  1.573565e+04
  6.495470e+01  1.657880e+04
  6.327220e+01  1.733395e+04
  6.163320e+01  1.794785e+04
  6.003670e+01  1.844825e+04
  5.848160e+01  1.908995e+04
  5.696670e+01  1.936910e+04
  5.549110e+01  1.998225e+04
  5.405370e+01  2.051130e+04
  5.265350e+01  2.122000e+04
  5.128960e+01  2.200720e+04
  4.996100e+01  2.282600e+04
  4.866690e+01  2.381210e+04
  4.740620e+01  2.469425e+04
  4.617830e+01  2.565210e+04
  4.498210e+01  2.614770e+04
  4.381690e+01  2.660930e+04
  4.268190e+01  2.644800e+04
  4.157630e+01  2.652415e+04
  4.049930e+01  2.646450e+04
  3.945030e+01  2.635715e+04
  3.842840e+01  2.614010e+04
  3.743290e+01  2.585225e+04
  3.646330e+01  2.563125e+04
  3.551880e+01  2.538935e+04
  3.459870e+01  2.535950e+04
  3.370250e+01  2.516570e+04
  3.282950e+01  2.501290e+04
  3.197910e+01  2.495630e+04
  3.115070e+01  2.491000e+04
  3.034380e+01  2.462865e+04
  2.955780e+01  2.442985e+04
  2.879220e+01  2.458910e+04
  2.804640e+01  2.428115e+04
  2.731990e+01  2.427220e+04
  2.661220e+01  2.383070e+04
  2.592290e+01  2.373550e+04
  2.525140e+01  2.345365e+04
  2.459730e+01  2.318570e+04
  2.396010e+01  2.313470e+04
  2.333950e+01  2.283950e+04
  2.273490e+01  2.249075e+04
  2.214600e+01  2.214415e+04
  2.157230e+01  2.197285e+04
  2.101350e+01  2.149525e+04
  2.046920e+01  2.114840e+04
  1.993900e+01  2.051905e+04
  1.942250e+01  1.996285e+04
  1.891940e+01  1.951435e+04
  1.842930e+01  1.906955e+04
  1.795200e+01  1.849820e+04
  1.748690e+01  1.829885e+04
  1.703400e+01  1.755445e+04
  1.659270e+01  1.729740e+04
  1.616290e+01  1.691620e+04
  1.574430e+01  1.658055e+04
  1.533640e+01  1.606270e+04
  1.493920e+01  1.576090e+04
  1.455220e+01  1.549515e+04
  1.417520e+01  1.484765e+04
  1.380800e+01  1.438420e+04
  1.345040e+01  1.372865e+04
  1.310200e+01  1.296760e+04
  1.276260e+01  1.203365e+04
  1.243200e+01  1.121565e+04
  1.211000e+01  1.023110e+04
  1.179630e+01  9.335980e+03
  1.149070e+01  8.467914e+03
  1.119310e+01  7.912290e+03
  1.090310e+01  7.438160e+03
  1.062070e+01  6.944705e+03
  1.034560e+01  6.461695e+03
  1.007760e+01  5.979730e+03
  9.816600e+00  5.444745e+03
  9.562300e+00  4.986560e+03
  9.314600e+00  5.034095e+03
  9.073300e+00  5.724250e+03
  8.838300e+00  6.383085e+03
  8.609300e+00  7.276995e+03
  8.386300e+00  8.042915e+03
  8.169100e+00  8.853225e+03
  7.957500e+00  9.528755e+03
  7.751400e+00  9.728840e+03
  7.550600e+00  1.002670e+04
  7.355000e+00  9.875186e+03
  7.164500e+00  9.620175e+03
  6.978900e+00  9.321609e+03
  6.798100e+00  9.005510e+03
  6.622000e+00  8.785051e+03
  6.450500e+00  8.473920e+03
  6.283400e+00  8.152105e+03
  6.120600e+00  7.777760e+03
  5.962100e+00  7.562245e+03
  5.807600e+00  7.453590e+03
  5.657200e+00  7.273070e+03
  5.510700e+00  7.153435e+03
  5.367900e+00  6.932425e+03
  5.228900e+00  6.659185e+03
  5.093400e+00  6.334745e+03
  4.961500e+00  6.039815e+03
  4.833000e+00  5.821165e+03
  4.707800e+00  5.500910e+03
  4.585800e+00  4.988380e+03
  4.467100e+00  4.637295e+03
  4.351300e+00  4.458865e+03
  4.238600e+00  4.192945e+03
  4.128800e+00  3.983180e+03
  4.021900e+00  4.631545e+03
  3.917700e+00  3.708370e+03
  3.816200e+00  3.034665e+03
  3.717400e+00  2.828825e+03
  3.621100e+00  2.545655e+03
  3.527300e+00  2.347130e+03
  3.435900e+00  1.981665e+03
  3.346900e+00  1.633970e+03
  3.260200e+00  1.268255e+03
  3.175800e+00  8.098005e+02
  3.093500e+00  4.673325e+02
  3.013400e+00  3.631055e+02
  2.935300e+00  3.999370e+02
  2.859300e+00  5.234980e+02
  2.785200e+00  6.899005e+02
  2.713100e+00  8.832075e+02
  2.642800e+00  8.536875e+02
  2.574300e+00  7.452800e+02
  2.507600e+00  7.003480e+02
  2.442700e+00  6.376535e+02
  2.379400e+00  5.598085e+02
  2.317800e+00  5.182730e+02
  2.257700e+00  4.660280e+02
  2.199300e+00  4.652450e+02
  2.142300e+00  3.871385e+02
  2.086800e+00  3.487375e+02
  2.032700e+00  3.301905e+02
  1.980100e+00  3.403785e+02
  1.928800e+00  2.996270e+02
  1.878800e+00  2.270065e+02
  1.830200e+00  2.782070e+02
  1.782800e+00  4.511370e+02
  1.736600e+00  2.471220e+02
  1.691600e+00  1.820750e+02
  1.647800e+00  1.522940e+02
  1.605100e+00  1.374050e+02
  1.563500e+00  1.167680e+02
  1.523000e+00  1.065808e+02
  1.483600e+00  9.900500e+01
  1.445100e+00  9.743755e+01
  1.407700e+00  8.098010e+01
  1.371200e+00  6.347795e+01
  1.335700e+00  6.896381e+01
  1.301100e+00  5.433500e+01
  1.267400e+00  4.205755e+01
  1.234600e+00  4.597580e+01
  1.202600e+00  4.702080e+01
  1.171500e+00  3.395945e+01
  1.141100e+00  4.257990e+01
  1.111600e+00  3.030235e+01
  1.082800e+00  2.664530e+01
  1.054700e+00  3.160845e+01
  1.027400e+00  2.481660e+01
  1.000800e+00  1.724095e+01
  9.749000e-01  2.089825e+01
  9.496000e-01  2.194310e+01
  9.250000e-01  1.697980e+01
  9.010000e-01  1.619615e+01
  8.777000e-01  1.671865e+01
  8.550000e-01  1.645735e+01
  8.328000e-01  1.541235e+01
  8.113000e-01  1.541240e+01
  7.902000e-01  1.645735e+01
  7.698000e-01  1.175535e+01
  7.498000e-01  1.410635e+01
  7.304000e-01  1.619610e+01
  7.115000e-01  2.011450e+01
  6.931000e-01  4.336355e+01
  6.751000e-01  3.803450e+02
  6.576000e-01  3.364595e+02
  6.406000e-01  9.359745e+02
  6.240000e-01  2.541730e+02
  6.078000e-01  1.959205e+01
  5.921000e-01  1.802470e+01
  5.767000e-01  2.089810e+01
  5.618000e-01  1.828585e+01
  5.472000e-01  1.880835e+01
  5.331000e-01  1.854710e+01
  5.193000e-01  2.089825e+01
  5.058000e-01  2.638390e+01
  4.927000e-01  6.138810e+01
  4.799000e-01  6.217175e+01
  4.675000e-01  3.213095e+01
  4.554000e-01  2.769010e+01
  4.436000e-01  5.381255e+01
  4.321000e-01  5.799215e+01
  4.209000e-01  4.649830e+01
  4.100000e-01  2.742890e+01
  3.994000e-01  5.564145e+01
  3.891000e-01  1.256495e+02
  3.790000e-01  1.078870e+02
  3.692000e-01  2.220440e+01
  3.596000e-01  1.567370e+01
  3.503000e-01  1.776345e+01
  3.412000e-01  1.933080e+01
  3.324000e-01  1.724110e+01
  3.238000e-01  2.351040e+01
  3.154000e-01  1.697980e+01
  3.072000e-01  2.716760e+01
  2.992000e-01  3.343705e+01
  2.915000e-01  3.918405e+01
  2.839000e-01  4.780445e+01
  2.766000e-01  2.324920e+01
  2.694000e-01  5.982090e+01
  2.624000e-01  1.353155e+02
  2.556000e-01  1.609150e+02
  2.490000e-01  6.217190e+01
  2.426000e-01  3.657170e+01
  2.363000e-01  6.243305e+01
  2.302000e-01  4.179635e+01
  2.242000e-01  2.716765e+01
  2.184000e-01  2.507780e+01
  2.127000e-01  1.776355e+01
  2.072000e-01  2.089825e+01
  2.019000e-01  2.560015e+01
  1.966000e-01  2.351055e+01
  1.915000e-01  3.186970e+01
  1.866000e-01  3.840030e+01
  1.817000e-01  2.037570e+01
  1.770000e-01  1.462875e+01
  1.725000e-01  1.175525e+01
  1.680000e-01  2.403285e+01
  1.636000e-01  3.030240e+01
  1.594000e-01  2.742880e+01
  1.553000e-01  3.030240e+01
  1.512000e-01  3.213095e+01
  1.473000e-01  3.369815e+01
  1.435000e-01  4.049015e+01
  1.398000e-01  3.291455e+01
  1.362000e-01  3.056350e+01
  1.326000e-01  3.474330e+01
  1.292000e-01  2.690640e+01
  1.259000e-01  2.429415e+01
  1.226000e-01  3.918405e+01
  1.194000e-01  5.041680e+01
  1.163000e-01  3.813905e+01
  1.133000e-01  3.186975e+01
  1.104000e-01  2.847385e+01
  1.075000e-01  3.787780e+01
  1.047000e-01  3.604925e+01
  1.020000e-01  3.683295e+01
  9.940000e-02  4.127380e+01
  9.680000e-02  3.657175e+01
  9.430000e-02  3.526560e+01
  9.190000e-02  4.205755e+01
  8.950000e-02  4.153495e+01
  8.720000e-02  3.761665e+01
  8.490000e-02  3.291455e+01
  8.270000e-02  3.918405e+01
  8.060000e-02  4.205750e+01
  7.850000e-02  3.892280e+01
  7.640000e-02  4.153500e+01
  7.450000e-02  4.101255e+01
  7.250000e-02  4.101250e+01
  7.070000e-02  3.500440e+01
  6.880000e-02  3.944515e+01
  6.700000e-02  3.761675e+01
  6.530000e-02  3.500440e+01
  6.360000e-02  3.500435e+01
  6.200000e-02  3.186965e+01
  6.040000e-02  3.317580e+01
  5.880000e-02  2.612275e+01
  5.730000e-02  2.951865e+01
  5.580000e-02  2.664515e+01
  5.430000e-02  2.978000e+01
  5.290000e-02  2.873500e+01
  5.160000e-02  2.089820e+01
  5.020000e-02  2.351050e+01
  4.890000e-02  1.802465e+01
  4.770000e-02  1.619615e+01
  4.640000e-02  2.168190e+01
  4.520000e-02  1.724095e+01
  4.410000e-02  1.410625e+01
  4.290000e-02  1.201650e+01
  4.180000e-02  1.018785e+01
  4.070000e-02  9.665450e+00
  3.970000e-02  1.018788e+01
  3.860000e-02  8.098125e+00
  3.760000e-02  6.269400e+00
  3.670000e-02  6.530675e+00
  3.570000e-02  6.008225e+00
  3.480000e-02  5.485800e+00
  3.390000e-02  3.657175e+00
  3.300000e-02  6.530675e+00
  3.220000e-02  4.179600e+00
  3.130000e-02  1.828575e+00
  3.050000e-02  3.134700e+00
  2.970000e-02  2.089800e+00
  2.890000e-02  3.134700e+00
  2.820000e-02  3.395950e+00
  2.750000e-02  1.828575e+00
  2.680000e-02  2.351050e+00
  2.610000e-02  0.000000e+00
  2.540000e-02  5.224500e-01
  2.470000e-02  2.612250e-01
  2.410000e-02  5.224500e-01
  2.350000e-02  0.000000e+00
  2.290000e-02  2.612250e-01
  2.230000e-02  5.224500e-01
  2.170000e-02  0.000000e+00
  2.110000e-02  0.000000e+00
  2.060000e-02  2.612250e-01
  2.000000e-02  0.000000e+00
  1.950000e-02  2.612250e-01
  1.900000e-02  0.000000e+00
  1.850000e-02  5.224500e-01
  1.800000e-02  0.000000e+00
  1.760000e-02  0.000000e+00
  1.710000e-02  2.612250e-01
  1.670000e-02  2.612250e-01
  1.630000e-02  7.836750e-01
  1.580000e-02  2.612250e-01
  1.540000e-02  0.000000e+00
  1.500000e-02  0.000000e+00
  1.460000e-02  0.000000e+00
  1.430000e-02  0.000000e+00
  1.390000e-02  0.000000e+00
  1.350000e-02  0.000000e+00
  1.320000e-02  0.000000e+00
  1.280000e-02  0.000000e+00
  1.250000e-02  2.612250e-01
  1.220000e-02  2.612250e-01
  1.190000e-02  0.000000e+00
  1.160000e-02  0.000000e+00
  1.130000e-02  1.567350e+00
  1.100000e-02  3.500435e+01
  1.070000e-02  5.067795e+01
  1.040000e-02  4.493100e+01
  1.010000e-02  3.351550e+02
