  4.934820e+03  1.678140e-01
  4.806990e+03  0.000000e+00
  4.682470e+03  0.000000e+00
  4.561180e+03  0.000000e+00
  4.443030e+03  0.000000e+00
  4.327940e+03  0.000000e+00
  4.215830e+03  0.000000e+00
  4.106630e+03  0.000000e+00
  4.000250e+03  0.000000e+00
  3.896630e+03  0.000000e+00
  3.795700e+03  0.000000e+00
  3.697380e+03  0.000000e+00
  3.601600e+03  0.000000e+00
  3.508310e+03  0.000000e+00
  3.417430e+03  0.000000e+00
  3.328910e+03  4.195350e-02
  3.242680e+03  0.000000e+00
  3.158680e+03  4.195350e-02
  3.076860e+03  4.195350e-02
  2.997160e+03  4.195350e-02
  2.919530e+03  4.195350e-02
  2.843900e+03  4.195350e-02
  2.770230e+03  4.195350e-02
  2.698480e+03  0.000000e+00
  2.628580e+03  0.000000e+00
  2.560490e+03  8.390700e-02
  2.494160e+03  0.000000e+00
  2.429550e+03  8.390700e-02
  2.366620e+03  8.390700e-02
  2.305320e+03  4.195350e-02
  2.245600e+03  4.195350e-02
  2.187430e+03  1.258605e-01
  2.130770e+03  2.097675e-01
  2.075580e+03  8.390700e-02
  2.021810e+03  1.258605e-01
  1.969440e+03  1.678140e-01
  1.918430e+03  4.195350e-02
  1.868730e+03  4.195350e-02
  1.820330e+03  3.356260e-01
  1.773170e+03  2.517190e-01
  1.727240e+03  2.936725e-01
  1.682500e+03  1.678140e-01
  1.638920e+03  2.097655e-01
  1.596470e+03  3.356260e-01
  1.555110e+03  8.390700e-02
  1.514830e+03  3.356240e-01
  1.475590e+03  2.936740e-01
  1.437370e+03  4.614825e-01
  1.400140e+03  2.936725e-01
  1.363870e+03  3.775815e-01
  1.328540e+03  3.775795e-01
  1.294120e+03  4.614845e-01
  1.260600e+03  4.614845e-01
  1.227950e+03  7.132045e-01
  1.196140e+03  7.971090e-01
  1.165160e+03  5.453895e-01
  1.134980e+03  1.006874e+00
  1.105580e+03  8.810130e-01
  1.076940e+03  1.132730e+00
  1.049040e+03  1.132734e+00
  1.021870e+03  1.384450e+00
  9.953980e+02  1.594220e+00
  9.696140e+02  1.929845e+00
  9.444970e+02  2.013755e+00
  9.200320e+02  1.887895e+00
  8.962000e+02  2.265480e+00
  8.729850e+02  2.559160e+00
  8.503720e+02  2.936750e+00
  8.283450e+02  3.188465e+00
  8.068880e+02  3.691920e+00
  7.859870e+02  5.118345e+00
  7.656270e+02  4.908580e+00
  7.457950e+02  6.083280e+00
  7.264760e+02  5.747660e+00
  7.076580e+02  7.048220e+00
  6.893270e+02  7.719490e+00
  6.714710e+02  7.929250e+00
  6.540780e+02  9.817156e+00
  6.371350e+02  1.128550e+01
  6.206310e+02  1.317340e+01
  6.045550e+02  1.447400e+01
  5.888950e+02  1.640390e+01
  5.736410e+02  1.753665e+01
  5.587810e+02  2.089300e+01
  5.443070e+02  2.131255e+01
  5.302080e+02  2.701805e+01
  5.164740e+02  2.966125e+01
  5.030950e+02  3.154910e+01
  4.900630e+02  3.712890e+01
  4.773690e+02  4.010760e+01
  4.650040e+02  4.459675e+01
  4.529580e+02  4.879195e+01
  4.412250e+02  5.584020e+01
  4.297960e+02  6.498610e+01
  4.186630e+02  7.211830e+01
  4.078180e+02  7.983775e+01
  3.972540e+02  9.280135e+01
  3.869640e+02  9.892665e+01
  3.769400e+02  1.142810e+02
  3.671770e+02  1.331205e+02
  3.576650e+02  1.432315e+02
  3.484010e+02  1.605990e+02
  3.393760e+02  1.773790e+02
  3.305850e+02  2.069990e+02
  3.220220e+02  2.242415e+02
  3.136800e+02  2.522255e+02
  3.055550e+02  2.807535e+02
  2.976400e+02  3.078975e+02
  2.899300e+02  3.394055e+02
  2.824200e+02  3.804770e+02
  2.751040e+02  4.337985e+02
  2.679780e+02  4.745375e+02
  2.610370e+02  5.339855e+02
  2.542750e+02  5.870980e+02
  2.476890e+02  6.572035e+02
  2.412730e+02  7.352370e+02
  2.350230e+02  8.199000e+02
  2.289350e+02  9.134970e+02
  2.230050e+02  1.028280e+03
  2.172280e+02  1.129595e+03
  2.116010e+02  1.241940e+03
  2.061200e+02  1.391100e+03
  2.007810e+02  1.525230e+03
  1.955800e+02  1.712845e+03
  1.905140e+02  1.904525e+03
  1.855790e+02  2.126250e+03
  1.807720e+02  2.348810e+03
  1.760890e+02  2.623275e+03
  1.715280e+02  2.878985e+03
  1.670850e+02  3.165615e+03
  1.627570e+02  3.495370e+03
  1.585410e+02  3.803980e+03
  1.544340e+02  4.156380e+03
  1.504340e+02  4.550415e+03
  1.465370e+02  4.954140e+03
  1.427410e+02  5.368770e+03
  1.390440e+02  5.820975e+03
  1.354420e+02  6.322210e+03
  1.319340e+02  6.785955e+03
  1.285160e+02  7.348265e+03
  1.251870e+02  7.854605e+03
  1.219440e+02  8.436025e+03
  1.187850e+02  9.052500e+03
  1.157090e+02  9.713904e+03
  1.127110e+02  1.038850e+04
  1.097920e+02  1.113655e+04
  1.069480e+02  1.192105e+04
  1.041770e+02  1.268545e+04
  1.014790e+02  1.355195e+04
  9.885030e+01  1.439500e+04
  9.628970e+01  1.532525e+04
  9.379550e+01  1.624910e+04
  9.136590e+01  1.720705e+04
  8.899920e+01  1.825860e+04
  8.669380e+01  1.914620e+04
  8.444820e+01  2.019120e+04
  8.226070e+01  2.122340e+04
  8.012980e+01  2.233360e+04
  7.805420e+01  2.332940e+04
  7.603240e+01  2.442715e+04
  7.406290e+01  2.544720e+04
  7.214440e+01  2.641725e+04
  7.027560e+01  2.725775e+04
  6.845520e+01  2.820575e+04
  6.668200e+01  2.894510e+04
  6.495470e+01  2.961420e+04
  6.327220e+01  3.004090e+04
  6.163320e+01  3.022435e+04
  6.003670e+01  3.031485e+04
  5.848160e+01  3.031105e+04
  5.696670e+01  3.017830e+04
  5.549110e+01  2.994135e+04
  5.405370e+01  2.970920e+04
  5.265350e+01  2.939145e+04
  5.128960e+01  2.888925e+04
  4.996100e+01  2.843855e+04
  4.866690e+01  2.770985e+04
  4.740620e+01  2.675740e+04
  4.617830e+01  2.566305e+04
  4.498210e+01  2.442390e+04
  4.381690e+01  2.338430e+04
  4.268190e+01  2.233355e+04
  4.157630e+01  2.132225e+04
  4.049930e+01  2.015325e+04
  3.945030e+01  1.917025e+04
  3.842840e+01  1.836790e+04
  3.743290e+01  1.748915e+04
  3.646330e+01  1.666620e+04
  3.551880e+01  1.583720e+04
  3.459870e+01  1.499345e+04
  3.370250e+01  1.410930e+04
  3.282950e+01  1.331870e+04
  3.197910e+01  1.250860e+04
  3.115070e+01  1.171570e+04
  3.034380e+01  1.094825e+04
  2.955780e+01  1.014820e+04
  2.879220e+01  9.364755e+03
  2.804640e+01  8.625790e+03
  2.731990e+01  7.889085e+03
  2.661220e+01  7.198230e+03
  2.592290e+01  6.500290e+03
  2.525140e+01  5.859790e+03
  2.459730e+01  5.237365e+03
  2.396010e+01  4.661295e+03
  2.333950e+01  4.095925e+03
  2.273490e+01  3.540675e+03
  2.214600e+01  3.026650e+03
  2.157230e+01  2.590420e+03
  2.101350e+01  2.143025e+03
  2.046920e+01  1.766000e+03
  1.993900e+01  1.457080e+03
  1.942250e+01  1.206210e+03
  1.891940e+01  1.011840e+03
  1.842930e+01  8.967175e+02
  1.795200e+01  8.278290e+02
  1.748690e+01  8.158295e+02
  1.703400e+01  8.054675e+02
  1.659270e+01  8.596290e+02
  1.616290e+01  9.213020e+02
  1.574430e+01  9.571260e+02
  1.533640e+01  1.007565e+03
  1.493920e+01  1.050315e+03
  1.455220e+01  1.020100e+03
  1.417520e+01  8.905490e+02
  1.380800e+01  6.612735e+02
  1.345040e+01  4.369050e+02
  1.310200e+01  2.650215e+02
  1.276260e+01  1.402515e+02
  1.243200e+01  7.446775e+01
  1.211000e+01  4.203750e+01
  1.179630e+01  1.976030e+01
  1.149070e+01  1.040448e+01
  1.119310e+01  7.761415e+00
  1.090310e+01  5.328115e+00
  1.062070e+01  3.943650e+00
  1.034560e+01  2.978695e+00
  1.007760e+01  1.803990e+00
  9.816600e+00  1.384460e+00
  9.562300e+00  1.132728e+00
  9.314600e+00  1.384450e+00
  9.073300e+00  2.391335e+00
  8.838300e+00  2.768925e+00
  8.609300e+00  5.621785e+00
  8.386300e+00  1.136935e+01
  8.169100e+00  2.664050e+01
  7.957500e+00  5.441385e+01
  7.751400e+00  8.185181e+01
  7.550600e+00  1.305180e+02
  7.355000e+00  1.356370e+02
  7.164500e+00  1.191895e+02
  6.978900e+00  1.093725e+02
  6.798100e+00  9.225615e+01
  6.622000e+00  7.501311e+01
  6.450500e+00  6.167175e+01
  6.283400e+00  5.105755e+01
  6.120600e+00  3.834570e+01
  5.962100e+00  3.780025e+01
  5.807600e+00  3.637375e+01
  5.657200e+00  3.448585e+01
  5.510700e+00  2.970315e+01
  5.367900e+00  2.861235e+01
  5.228900e+00  2.441695e+01
  5.093400e+00  2.148025e+01
  4.961500e+00  2.034745e+01
  4.833000e+00  1.673935e+01
  4.707800e+00  1.527100e+01
  4.585800e+00  1.409635e+01
  4.467100e+00  1.220845e+01
  4.351300e+00  1.325730e+01
  4.238600e+00  1.170495e+01
  4.128800e+00  1.019475e+01
  4.021900e+00  9.481504e+00
  3.917700e+00  8.264885e+00
  3.816200e+00  7.887310e+00
  3.717400e+00  7.383855e+00
  3.621100e+00  7.006255e+00
  3.527300e+00  6.167200e+00
  3.435900e+00  5.453975e+00
  3.346900e+00  4.866625e+00
  3.260200e+00  3.649965e+00
  3.175800e+00  2.433300e+00
  3.093500e+00  1.971800e+00
  3.013400e+00  1.258600e+00
  2.935300e+00  2.139620e+00
  2.859300e+00  2.349390e+00
  2.785200e+00  2.768940e+00
  2.713100e+00  3.859735e+00
  2.642800e+00  2.726980e+00
  2.574300e+00  3.608005e+00
  2.507600e+00  2.517205e+00
  2.442700e+00  2.559155e+00
  2.379400e+00  2.391345e+00
  2.317800e+00  2.265480e+00
  2.257700e+00  2.097660e+00
  2.199300e+00  1.887900e+00
  2.142300e+00  2.475250e+00
  2.086800e+00  1.636195e+00
  2.032700e+00  1.258597e+00
  1.980100e+00  1.929850e+00
  1.928800e+00  1.300550e+00
  1.878800e+00  1.006886e+00
  1.830200e+00  1.342495e+00
  1.782800e+00  1.845940e+00
  1.736600e+00  1.384445e+00
  1.691600e+00  7.551580e-01
  1.647800e+00  7.132030e-01
  1.605100e+00  1.258595e+00
  1.563500e+00  7.132035e-01
  1.523000e+00  6.712475e-01
  1.483600e+00  8.810180e-01
  1.445100e+00  5.873445e-01
  1.407700e+00  5.453930e-01
  1.371200e+00  7.971115e-01
  1.335700e+00  5.034430e-01
  1.301100e+00  6.712475e-01
  1.267400e+00  5.034390e-01
  1.234600e+00  2.517190e-01
  1.202600e+00  6.712550e-01
  1.171500e+00  7.551636e-01
  1.141100e+00  5.034380e-01
  1.111600e+00  2.936725e-01
  1.082800e+00  4.614805e-01
  1.054700e+00  7.132050e-01
  1.027400e+00  3.356260e-01
  1.000800e+00  3.356260e-01
  9.749000e-01  3.356280e-01
  9.496000e-01  3.775775e-01
  9.250000e-01  3.356260e-01
  9.010000e-01  2.517210e-01
  8.777000e-01  1.678140e-01
  8.550000e-01  4.614860e-01
  8.328000e-01  3.356240e-01
  8.113000e-01  4.614860e-01
  7.902000e-01  5.453925e-01
  7.698000e-01  5.453895e-01
  7.498000e-01  6.712495e-01
  7.304000e-01  4.195330e-01
  7.115000e-01  3.775790e-01
  6.931000e-01  8.810205e-01
  6.751000e-01  4.111460e+00
  6.576000e-01  3.691905e+00
  6.406000e-01  8.978085e+00
  6.240000e-01  2.391355e+00
  6.078000e-01  7.551555e-01
  5.921000e-01  7.132015e-01
  5.767000e-01  8.390640e-01
  5.618000e-01  5.873465e-01
  5.472000e-01  6.292965e-01
  5.331000e-01  5.873470e-01
  5.193000e-01  9.229720e-01
  5.058000e-01  5.034375e-01
  4.927000e-01  1.300545e+00
  4.799000e-01  1.300550e+00
  4.675000e-01  1.006872e+00
  4.554000e-01  1.216635e+00
  4.436000e-01  1.510325e+00
  4.321000e-01  1.720080e+00
  4.209000e-01  1.594210e+00
  4.100000e-01  8.390660e-01
  3.994000e-01  1.720085e+00
  3.891000e-01  2.852840e+00
  3.790000e-01  3.482150e+00
  3.692000e-01  9.229710e-01
  3.596000e-01  7.971090e-01
  3.503000e-01  7.131995e-01
  3.412000e-01  1.006881e+00
  3.324000e-01  5.873425e-01
  3.238000e-01  6.712525e-01
  3.154000e-01  7.971100e-01
  3.072000e-01  8.390640e-01
  2.992000e-01  1.132745e+00
  2.915000e-01  1.426405e+00
  2.839000e-01  2.013755e+00
  2.766000e-01  1.929855e+00
  2.694000e-01  2.223520e+00
  2.624000e-01  5.076390e+00
  2.556000e-01  5.244205e+00
  2.490000e-01  1.929850e+00
  2.426000e-01  2.307440e+00
  2.363000e-01  2.936745e+00
  2.302000e-01  1.594210e+00
  2.242000e-01  7.971130e-01
  2.184000e-01  1.132735e+00
  2.127000e-01  8.810205e-01
  2.072000e-01  7.551530e-01
  2.019000e-01  9.229690e-01
  1.966000e-01  1.384450e+00
  1.915000e-01  1.384455e+00
  1.866000e-01  1.594225e+00
  1.817000e-01  9.649276e-01
  1.770000e-01  1.174689e+00
  1.725000e-01  1.090775e+00
  1.680000e-01  1.006875e+00
  1.636000e-01  1.006870e+00
  1.594000e-01  1.090783e+00
  1.553000e-01  1.048831e+00
  1.512000e-01  1.090785e+00
  1.473000e-01  1.048837e+00
  1.435000e-01  1.132733e+00
  1.398000e-01  1.216640e+00
  1.362000e-01  1.426400e+00
  1.326000e-01  9.649235e-01
  1.292000e-01  6.712480e-01
  1.259000e-01  1.132730e+00
  1.226000e-01  1.342505e+00
  1.194000e-01  1.300555e+00
  1.163000e-01  1.594225e+00
  1.133000e-01  1.174690e+00
  1.104000e-01  1.552270e+00
  1.075000e-01  1.300555e+00
  1.047000e-01  2.349400e+00
  1.020000e-01  1.887890e+00
  9.940000e-02  1.300545e+00
  9.680000e-02  2.307430e+00
  9.430000e-02  1.510320e+00
  9.190000e-02  2.097665e+00
  8.950000e-02  1.510315e+00
  8.720000e-02  1.594220e+00
  8.490000e-02  1.720080e+00
  8.270000e-02  1.762040e+00
  8.060000e-02  1.468360e+00
  7.850000e-02  1.132730e+00
  7.640000e-02  1.090790e+00
  7.450000e-02  1.510320e+00
  7.250000e-02  1.090785e+00
  7.070000e-02  1.258590e+00
  6.880000e-02  1.342505e+00
  6.700000e-02  1.132740e+00
  6.530000e-02  7.551560e-01
  6.360000e-02  5.873480e-01
  6.200000e-02  6.292965e-01
  6.040000e-02  6.712540e-01
  5.880000e-02  5.034410e-01
  5.730000e-02  3.775795e-01
  5.580000e-02  6.292980e-01
  5.430000e-02  5.873430e-01
  5.290000e-02  2.517210e-01
  5.160000e-02  1.678140e-01
  5.020000e-02  4.195290e-01
  4.890000e-02  2.517190e-01
  4.770000e-02  1.678140e-01
  4.640000e-02  4.195350e-02
  4.520000e-02  8.390700e-02
  4.410000e-02  1.258605e-01
  4.290000e-02  2.517210e-01
  4.180000e-02  4.195350e-02
  4.070000e-02  1.678120e-01
  3.970000e-02  4.195350e-02
  3.860000e-02  8.390700e-02
  3.760000e-02  4.195350e-02
  3.670000e-02  4.195350e-02
  3.570000e-02  4.195350e-02
  3.480000e-02  0.000000e+00
  3.390000e-02  0.000000e+00
  3.300000e-02  8.390700e-02
  3.220000e-02  0.000000e+00
  3.130000e-02  0.000000e+00
  3.050000e-02  0.000000e+00
  2.970000e-02  0.000000e+00
  2.890000e-02  4.195350e-02
  2.820000e-02  0.000000e+00
  2.750000e-02  0.000000e+00
  2.680000e-02  0.000000e+00
  2.610000e-02  0.000000e+00
  2.540000e-02  0.000000e+00
  2.470000e-02  0.000000e+00
  2.410000e-02  0.000000e+00
  2.350000e-02  0.000000e+00
  2.290000e-02  0.000000e+00
  2.230000e-02  0.000000e+00
  2.170000e-02  0.000000e+00
  2.110000e-02  0.000000e+00
  2.060000e-02  0.000000e+00
  2.000000e-02  0.000000e+00
  1.950000e-02  0.000000e+00
  1.900000e-02  0.000000e+00
  1.850000e-02  0.000000e+00
  1.800000e-02  0.000000e+00
  1.760000e-02  0.000000e+00
  1.710000e-02  0.000000e+00
  1.670000e-02  0.000000e+00
  1.630000e-02  0.000000e+00
  1.580000e-02  0.000000e+00
  1.540000e-02  0.000000e+00
  1.500000e-02  0.000000e+00
  1.460000e-02  0.000000e+00
  1.430000e-02  0.000000e+00
  1.390000e-02  0.000000e+00
  1.350000e-02  0.000000e+00
  1.320000e-02  0.000000e+00
  1.280000e-02  0.000000e+00
  1.250000e-02  0.000000e+00
  1.220000e-02  0.000000e+00
  1.190000e-02  0.000000e+00
  1.160000e-02  0.000000e+00
  1.130000e-02  0.000000e+00
  1.100000e-02  0.000000e+00
  1.070000e-02  0.000000e+00
  1.040000e-02  0.000000e+00
  1.010000e-02  7.887300e+00
