  4.934820e+03  0.000000e+00
  4.806990e+03  0.000000e+00
  4.682470e+03  0.000000e+00
  4.561180e+03  0.000000e+00
  4.443030e+03  0.000000e+00
  4.327940e+03  0.000000e+00
  4.215830e+03  0.000000e+00
  4.106630e+03  0.000000e+00
  4.000250e+03  0.000000e+00
  3.896630e+03  0.000000e+00
  3.795700e+03  0.000000e+00
  3.697380e+03  0.000000e+00
  3.601600e+03  0.000000e+00
  3.508310e+03  0.000000e+00
  3.417430e+03  0.000000e+00
  3.328910e+03  0.000000e+00
  3.242680e+03  0.000000e+00
  3.158680e+03  1.167850e-01
  3.076860e+03  0.000000e+00
  2.997160e+03  1.167850e-01
  2.919530e+03  0.000000e+00
  2.843900e+03  0.000000e+00
  2.770230e+03  0.000000e+00
  2.698480e+03  0.000000e+00
  2.628580e+03  0.000000e+00
  2.560490e+03  0.000000e+00
  2.494160e+03  0.000000e+00
  2.429550e+03  0.000000e+00
  2.366620e+03  1.167850e-01
  2.305320e+03  0.000000e+00
  2.245600e+03  1.167850e-01
  2.187430e+03  1.167850e-01
  2.130770e+03  1.167850e-01
  2.075580e+03  1.167850e-01
  2.021810e+03  0.000000e+00
  1.969440e+03  0.000000e+00
  1.918430e+03  2.335700e-01
  1.868730e+03  1.167850e-01
  1.820330e+03  0.000000e+00
  1.773170e+03  0.000000e+00
  1.727240e+03  1.167850e-01
  1.682500e+03  0.000000e+00
  1.638920e+03  2.335700e-01
  1.596470e+03  0.000000e+00
  1.555110e+03  1.167850e-01
  1.514830e+03  0.000000e+00
  1.475590e+03  2.335700e-01
  1.437370e+03  2.335700e-01
  1.400140e+03  1.167850e-01
  1.363870e+03  2.335700e-01
  1.328540e+03  5.839250e-01
  1.294120e+03  3.503550e-01
  1.260600e+03  3.503550e-01
  1.227950e+03  3.503550e-01
  1.196140e+03  1.284645e+00
  1.165160e+03  5.839250e-01
  1.134980e+03  5.839250e-01
  1.105580e+03  8.174950e-01
  1.076940e+03  5.839300e-01
  1.049040e+03  7.007150e-01
  1.021870e+03  1.167860e+00
  9.953980e+02  9.342900e-01
  9.696140e+02  9.342850e-01
  9.444970e+02  1.051070e+00
  9.200320e+02  7.007150e-01
  8.962000e+02  1.401435e+00
  8.729850e+02  2.218940e+00
  8.503720e+02  1.284635e+00
  8.283450e+02  1.751790e+00
  8.068880e+02  1.518215e+00
  7.859870e+02  2.802870e+00
  7.656270e+02  2.919665e+00
  7.457950e+02  3.970750e+00
  7.264760e+02  4.087520e+00
  7.076580e+02  4.087525e+00
  6.893270e+02  4.321105e+00
  6.714710e+02  6.072870e+00
  6.540780e+02  6.773615e+00
  6.371350e+02  6.773650e+00
  6.206310e+02  7.824685e+00
  6.045550e+02  8.642185e+00
  5.888950e+02  1.062759e+01
  5.736410e+02  1.086120e+01
  5.587810e+02  1.354730e+01
  5.443070e+02  1.319690e+01
  5.302080e+02  1.494855e+01
  5.164740e+02  1.985355e+01
  5.030950e+02  2.055445e+01
  4.900630e+02  2.137200e+01
  4.773690e+02  2.277350e+01
  4.650040e+02  2.756160e+01
  4.529580e+02  2.966370e+01
  4.412250e+02  3.445185e+01
  4.297960e+02  4.017450e+01
  4.186630e+02  4.624745e+01
  4.078180e+02  4.975105e+01
  3.972540e+02  5.535680e+01
  3.869640e+02  6.271425e+01
  3.769400e+02  6.960464e+01
  3.671770e+02  8.291795e+01
  3.576650e+02  9.366245e+01
  3.484010e+02  1.007858e+02
  3.393760e+02  1.094275e+02
  3.305850e+02  1.211070e+02
  3.220220e+02  1.360560e+02
  3.136800e+02  1.513555e+02
  3.055550e+02  1.743620e+02
  2.976400e+02  1.915290e+02
  2.899300e+02  2.202590e+02
  2.824200e+02  2.356750e+02
  2.751040e+02  2.571640e+02
  2.679780e+02  2.885790e+02
  2.610370e+02  3.211625e+02
  2.542750e+02  3.733645e+02
  2.476890e+02  3.982410e+02
  2.412730e+02  4.575690e+02
  2.350230e+02  5.194655e+02
  2.289350e+02  5.536830e+02
  2.230050e+02  6.141790e+02
  2.172280e+02  6.801640e+02
  2.116010e+02  7.727750e+02
  2.061200e+02  8.476355e+02
  2.007810e+02  9.254150e+02
  1.955800e+02  1.043945e+03
  1.905140e+02  1.152555e+03
  1.855790e+02  1.269460e+03
  1.807720e+02  1.407610e+03
  1.760890e+02  1.602655e+03
  1.715280e+02  1.712100e+03
  1.670850e+02  1.900345e+03
  1.627570e+02  2.093860e+03
  1.585410e+02  2.266945e+03
  1.544340e+02  2.493030e+03
  1.504340e+02  2.710375e+03
  1.465370e+02  2.955395e+03
  1.427410e+02  3.222705e+03
  1.390440e+02  3.483615e+03
  1.354420e+02  3.763680e+03
  1.319340e+02  4.046520e+03
  1.285160e+02  4.351585e+03
  1.251870e+02  4.644720e+03
  1.219440e+02  5.052400e+03
  1.187850e+02  5.373460e+03
  1.157090e+02  5.811745e+03
  1.127110e+02  6.242695e+03
  1.097920e+02  6.636020e+03
  1.069480e+02  7.129105e+03
  1.041770e+02  7.599750e+03
  1.014790e+02  8.129495e+03
  9.885030e+01  8.644760e+03
  9.628970e+01  9.227165e+03
  9.379550e+01  9.867865e+03
  9.136590e+01  1.045965e+04
  8.899920e+01  1.110480e+04
  8.669380e+01  1.179470e+04
  8.444820e+01  1.247495e+04
  8.226070e+01  1.321140e+04
  8.012980e+01  1.393980e+04
  7.805420e+01  1.485125e+04
  7.603240e+01  1.569700e+04
  7.406290e+01  1.656510e+04
  7.214440e+01  1.742275e+04
  7.027560e+01  1.829655e+04
  6.845520e+01  1.927345e+04
  6.668200e+01  2.022785e+04
  6.495470e+01  2.111260e+04
  6.327220e+01  2.185465e+04
  6.163320e+01  2.249485e+04
  6.003670e+01  2.310470e+04
  5.848160e+01  2.347760e+04
  5.696670e+01  2.386825e+04
  5.549110e+01  2.416125e+04
  5.405370e+01  2.487080e+04
  5.265350e+01  2.549580e+04
  5.128960e+01  2.617275e+04
  4.996100e+01  2.684160e+04
  4.866690e+01  2.767465e+04
  4.740620e+01  2.840010e+04
  4.617830e+01  2.903930e+04
  4.498210e+01  2.929575e+04
  4.381690e+01  2.914505e+04
  4.268190e+01  2.898285e+04
  4.157630e+01  2.872690e+04
  4.049930e+01  2.831615e+04
  3.945030e+01  2.778265e+04
  3.842840e+01  2.737395e+04
  3.743290e+01  2.682790e+04
  3.646330e+01  2.632420e+04
  3.551880e+01  2.580265e+04
  3.459870e+01  2.532505e+04
  3.370250e+01  2.478525e+04
  3.282950e+01  2.437260e+04
  3.197910e+01  2.403685e+04
  3.115070e+01  2.352715e+04
  3.034380e+01  2.314050e+04
  2.955780e+01  2.276815e+04
  2.879220e+01  2.221505e+04
  2.804640e+01  2.178640e+04
  2.731990e+01  2.137175e+04
  2.661220e+01  2.079480e+04
  2.592290e+01  2.023595e+04
  2.525140e+01  1.965985e+04
  2.459730e+01  1.912035e+04
  2.396010e+01  1.849770e+04
  2.333950e+01  1.787160e+04
  2.273490e+01  1.719425e+04
  2.214600e+01  1.657420e+04
  2.157230e+01  1.576830e+04
  2.101350e+01  1.501770e+04
  2.046920e+01  1.421720e+04
  1.993900e+01  1.343615e+04
  1.942250e+01  1.264290e+04
  1.891940e+01  1.192405e+04
  1.842930e+01  1.141875e+04
  1.795200e+01  1.086820e+04
  1.748690e+01  1.052400e+04
  1.703400e+01  1.025740e+04
  1.659270e+01  1.001905e+04
  1.616290e+01  9.850230e+03
  1.574430e+01  9.577061e+03
  1.533640e+01  9.403285e+03
  1.493920e+01  9.064020e+03
  1.455220e+01  8.760484e+03
  1.417520e+01  8.204695e+03
  1.380800e+01  7.518220e+03
  1.345040e+01  6.733780e+03
  1.310200e+01  5.855665e+03
  1.276260e+01  4.965755e+03
  1.243200e+01  4.036835e+03
  1.211000e+01  3.360175e+03
  1.179630e+01  2.637270e+03
  1.149070e+01  2.153180e+03
  1.119310e+01  1.775270e+03
  1.090310e+01  1.517870e+03
  1.062070e+01  1.285350e+03
  1.034560e+01  1.084585e+03
  1.007760e+01  9.097650e+02
  9.816600e+00  7.595790e+02
  9.562300e+00  6.376530e+02
  9.314600e+00  6.385875e+02
  9.073300e+00  7.758120e+02
  8.838300e+00  9.515760e+02
  8.609300e+00  1.194615e+03
  8.386300e+00  1.492880e+03
  8.169100e+00  1.811595e+03
  7.957500e+00  2.070860e+03
  7.751400e+00  2.190910e+03
  7.550600e+00  2.284580e+03
  7.355000e+00  2.176665e+03
  7.164500e+00  2.063030e+03
  6.978900e+00  1.943675e+03
  6.798100e+00  1.835305e+03
  6.622000e+00  1.691190e+03
  6.450500e+00  1.565290e+03
  6.283400e+00  1.454925e+03
  6.120600e+00  1.360675e+03
  5.962100e+00  1.263280e+03
  5.807600e+00  1.246220e+03
  5.657200e+00  1.215040e+03
  5.510700e+00  1.176495e+03
  5.367900e+00  1.141350e+03
  5.228900e+00  1.074890e+03
  5.093400e+00  1.028535e+03
  4.961500e+00  9.699040e+02
  4.833000e+00  9.143195e+02
  4.707800e+00  8.725100e+02
  4.585800e+00  7.773295e+02
  4.467100e+00  7.467315e+02
  4.351300e+00  7.048040e+02
  4.238600e+00  6.825000e+02
  4.128800e+00  6.523675e+02
  4.021900e+00  7.129805e+02
  3.917700e+00  6.061205e+02
  3.816200e+00  5.177140e+02
  3.717400e+00  4.711170e+02
  3.621100e+00  4.331610e+02
  3.527300e+00  3.917000e+02
  3.435900e+00  3.588835e+02
  3.346900e+00  2.906805e+02
  3.260200e+00  2.147710e+02
  3.175800e+00  1.382745e+02
  3.093500e+00  7.159000e+01
  3.013400e+00  5.232025e+01
  2.935300e+00  6.294780e+01
  2.859300e+00  9.144375e+01
  2.785200e+00  1.256605e+02
  2.713100e+00  1.761145e+02
  2.642800e+00  1.713255e+02
  2.574300e+00  1.512380e+02
  2.507600e+00  1.416610e+02
  2.442700e+00  1.226245e+02
  2.379400e+00  1.129320e+02
  2.317800e+00  9.845065e+01
  2.257700e+00  9.424734e+01
  2.199300e+00  8.455295e+01
  2.142300e+00  7.859720e+01
  2.086800e+00  6.668485e+01
  2.032700e+00  6.178000e+01
  1.980100e+00  6.259740e+01
  1.928800e+00  5.126925e+01
  1.878800e+00  4.029125e+01
  1.830200e+00  4.344450e+01
  1.782800e+00  7.380890e+01
  1.736600e+00  4.075840e+01
  1.691600e+00  3.001410e+01
  1.647800e+00  2.464190e+01
  1.605100e+00  1.962010e+01
  1.563500e+00  1.997050e+01
  1.523000e+00  1.681725e+01
  1.483600e+00  1.506560e+01
  1.445100e+00  1.074440e+01
  1.407700e+00  1.156185e+01
  1.371200e+00  1.004368e+01
  1.335700e+00  9.810155e+00
  1.301100e+00  7.240790e+00
  1.267400e+00  5.255390e+00
  1.234600e+00  7.007240e+00
  1.202600e+00  4.905035e+00
  1.171500e+00  5.839330e+00
  1.141100e+00  6.306505e+00
  1.111600e+00  4.204340e+00
  1.082800e+00  3.153235e+00
  1.054700e+00  3.620380e+00
  1.027400e+00  2.569300e+00
  1.000800e+00  2.335735e+00
  9.749000e-01  2.569300e+00
  9.496000e-01  2.218940e+00
  9.250000e-01  1.635000e+00
  9.010000e-01  1.868570e+00
  8.777000e-01  2.102150e+00
  8.550000e-01  1.751795e+00
  8.328000e-01  1.751790e+00
  8.113000e-01  1.167850e+00
  7.902000e-01  1.751815e+00
  7.698000e-01  2.102155e+00
  7.498000e-01  1.401435e+00
  7.304000e-01  1.635005e+00
  7.115000e-01  2.218940e+00
  6.931000e-01  4.554690e+00
  6.751000e-01  3.106520e+01
  6.576000e-01  2.195580e+01
  6.406000e-01  6.434935e+01
  6.240000e-01  1.553260e+01
  6.078000e-01  1.284645e+00
  5.921000e-01  2.802880e+00
  5.767000e-01  2.102150e+00
  5.618000e-01  2.102150e+00
  5.472000e-01  1.518225e+00
  5.331000e-01  1.167860e+00
  5.193000e-01  1.635010e+00
  5.058000e-01  1.751785e+00
  4.927000e-01  3.153235e+00
  4.799000e-01  3.970750e+00
  4.675000e-01  2.218935e+00
  4.554000e-01  1.518215e+00
  4.436000e-01  3.853950e+00
  4.321000e-01  3.620375e+00
  4.209000e-01  3.036440e+00
  4.100000e-01  2.102150e+00
  3.994000e-01  4.087565e+00
  3.891000e-01  8.525420e+00
  3.790000e-01  6.189735e+00
  3.692000e-01  1.518220e+00
  3.596000e-01  1.751795e+00
  3.503000e-01  1.985370e+00
  3.412000e-01  1.284640e+00
  3.324000e-01  1.985370e+00
  3.238000e-01  1.518220e+00
  3.154000e-01  4.671450e-01
  3.072000e-01  1.518220e+00
  2.992000e-01  2.919650e+00
  2.915000e-01  3.737170e+00
  2.839000e-01  3.036450e+00
  2.766000e-01  2.452535e+00
  2.694000e-01  3.620385e+00
  2.624000e-01  1.051090e+01
  2.556000e-01  1.272970e+01
  2.490000e-01  4.554670e+00
  2.426000e-01  2.919670e+00
  2.363000e-01  3.503595e+00
  2.302000e-01  3.153230e+00
  2.242000e-01  2.802880e+00
  2.184000e-01  1.751795e+00
  2.127000e-01  1.518220e+00
  2.072000e-01  1.868595e+00
  2.019000e-01  1.751795e+00
  1.966000e-01  1.635005e+00
  1.915000e-01  3.503600e+00
  1.866000e-01  2.569320e+00
  1.817000e-01  2.102155e+00
  1.770000e-01  1.167860e+00
  1.725000e-01  2.102140e+00
  1.680000e-01  1.635015e+00
  1.636000e-01  2.569300e+00
  1.594000e-01  2.218940e+00
  1.553000e-01  1.518225e+00
  1.512000e-01  2.218945e+00
  1.473000e-01  2.218945e+00
  1.435000e-01  2.802865e+00
  1.398000e-01  2.802870e+00
  1.362000e-01  2.569300e+00
  1.326000e-01  2.102145e+00
  1.292000e-01  2.452525e+00
  1.259000e-01  2.802870e+00
  1.226000e-01  3.036470e+00
  1.194000e-01  1.985370e+00
  1.163000e-01  2.452510e+00
  1.133000e-01  1.985360e+00
  1.104000e-01  3.153230e+00
  1.075000e-01  3.853965e+00
  1.047000e-01  4.554710e+00
  1.020000e-01  4.087535e+00
  9.940000e-02  4.204335e+00
  9.680000e-02  2.686090e+00
  9.430000e-02  3.503605e+00
  9.190000e-02  3.503610e+00
  8.950000e-02  2.569305e+00
  8.720000e-02  3.970735e+00
  8.490000e-02  3.620395e+00
  8.270000e-02  3.503600e+00
  8.060000e-02  3.620385e+00
  7.850000e-02  3.270015e+00
  7.640000e-02  2.452505e+00
  7.450000e-02  1.985370e+00
  7.250000e-02  3.386810e+00
  7.070000e-02  2.569295e+00
  6.880000e-02  3.503590e+00
  6.700000e-02  3.036445e+00
  6.530000e-02  1.518220e+00
  6.360000e-02  2.686080e+00
  6.200000e-02  1.401435e+00
  6.040000e-02  1.284640e+00
  5.880000e-02  9.342900e-01
  5.730000e-02  1.635005e+00
  5.580000e-02  1.868580e+00
  5.430000e-02  1.518215e+00
  5.290000e-02  1.751795e+00
  5.160000e-02  1.051080e+00
  5.020000e-02  1.284640e+00
  4.890000e-02  4.671400e-01
  4.770000e-02  8.174950e-01
  4.640000e-02  4.671400e-01
  4.520000e-02  3.503550e-01
  4.410000e-02  4.671400e-01
  4.290000e-02  5.839250e-01
  4.180000e-02  3.503550e-01
  4.070000e-02  5.839300e-01
  3.970000e-02  0.000000e+00
  3.860000e-02  2.335700e-01
  3.760000e-02  2.335700e-01
  3.670000e-02  1.167850e-01
  3.570000e-02  1.167850e-01
  3.480000e-02  1.167850e-01
  3.390000e-02  0.000000e+00
  3.300000e-02  2.335700e-01
  3.220000e-02  1.167850e-01
  3.130000e-02  0.000000e+00
  3.050000e-02  0.000000e+00
  2.970000e-02  1.167850e-01
  2.890000e-02  0.000000e+00
  2.820000e-02  0.000000e+00
  2.750000e-02  0.000000e+00
  2.680000e-02  0.000000e+00
  2.610000e-02  0.000000e+00
  2.540000e-02  0.000000e+00
  2.470000e-02  0.000000e+00
  2.410000e-02  0.000000e+00
  2.350000e-02  0.000000e+00
  2.290000e-02  0.000000e+00
  2.230000e-02  1.167850e-01
  2.170000e-02  0.000000e+00
  2.110000e-02  0.000000e+00
  2.060000e-02  0.000000e+00
  2.000000e-02  0.000000e+00
  1.950000e-02  0.000000e+00
  1.900000e-02  0.000000e+00
  1.850000e-02  0.000000e+00
  1.800000e-02  0.000000e+00
  1.760000e-02  0.000000e+00
  1.710000e-02  0.000000e+00
  1.670000e-02  0.000000e+00
  1.630000e-02  0.000000e+00
  1.580000e-02  0.000000e+00
  1.540000e-02  0.000000e+00
  1.500000e-02  0.000000e+00
  1.460000e-02  0.000000e+00
  1.430000e-02  0.000000e+00
  1.390000e-02  0.000000e+00
  1.350000e-02  0.000000e+00
  1.320000e-02  0.000000e+00
  1.280000e-02  0.000000e+00
  1.250000e-02  0.000000e+00
  1.220000e-02  0.000000e+00
  1.190000e-02  0.000000e+00
  1.160000e-02  0.000000e+00
  1.130000e-02  4.671400e-01
  1.100000e-02  5.839250e-01
  1.070000e-02  0.000000e+00
  1.040000e-02  0.000000e+00
  1.010000e-02  2.335700e-01
