  4.934820e+03  0.000000e+00
  4.806990e+03  0.000000e+00
  4.682470e+03  0.000000e+00
  4.561180e+03  0.000000e+00
  4.443030e+03  0.000000e+00
  4.327940e+03  0.000000e+00
  4.215830e+03  0.000000e+00
  4.106630e+03  0.000000e+00
  4.000250e+03  0.000000e+00
  3.896630e+03  0.000000e+00
  3.795700e+03  0.000000e+00
  3.697380e+03  8.135500e-02
  3.601600e+03  0.000000e+00
  3.508310e+03  0.000000e+00
  3.417430e+03  0.000000e+00
  3.328910e+03  0.000000e+00
  3.242680e+03  0.000000e+00
  3.158680e+03  0.000000e+00
  3.076860e+03  0.000000e+00
  2.997160e+03  0.000000e+00
  2.919530e+03  0.000000e+00
  2.843900e+03  8.135500e-02
  2.770230e+03  1.627150e-01
  2.698480e+03  0.000000e+00
  2.628580e+03  1.627100e-01
  2.560490e+03  2.440650e-01
  2.494160e+03  0.000000e+00
  2.429550e+03  0.000000e+00
  2.366620e+03  1.627100e-01
  2.305320e+03  8.135500e-02
  2.245600e+03  0.000000e+00
  2.187430e+03  0.000000e+00
  2.130770e+03  8.135500e-02
  2.075580e+03  8.135500e-02
  2.021810e+03  1.627100e-01
  1.969440e+03  8.135500e-02
  1.918430e+03  8.135500e-02
  1.868730e+03  3.254200e-01
  1.820330e+03  8.135500e-02
  1.773170e+03  1.627100e-01
  1.727240e+03  8.135500e-02
  1.682500e+03  1.627100e-01
  1.638920e+03  2.440700e-01
  1.596470e+03  8.135500e-02
  1.555110e+03  4.067750e-01
  1.514830e+03  3.254200e-01
  1.475590e+03  3.254200e-01
  1.437370e+03  4.881350e-01
  1.400140e+03  4.067750e-01
  1.363870e+03  3.254200e-01
  1.328540e+03  4.067750e-01
  1.294120e+03  4.881300e-01
  1.260600e+03  4.881350e-01
  1.227950e+03  4.881350e-01
  1.196140e+03  4.067800e-01
  1.165160e+03  7.322100e-01
  1.134980e+03  8.949100e-01
  1.105580e+03  4.881300e-01
  1.076940e+03  1.301700e+00
  1.049040e+03  1.545770e+00
  1.021870e+03  1.383055e+00
  9.953980e+02  1.627125e+00
  9.696140e+02  1.952550e+00
  9.444970e+02  1.871195e+00
  9.200320e+02  1.627125e+00
  8.962000e+02  2.115275e+00
  8.729850e+02  2.359325e+00
  8.503720e+02  2.847480e+00
  8.283450e+02  3.010190e+00
  8.068880e+02  3.823765e+00
  7.859870e+02  3.416985e+00
  7.656270e+02  5.694975e+00
  7.457950e+02  5.613605e+00
  7.264760e+02  7.240740e+00
  7.076580e+02  5.776320e+00
  6.893270e+02  7.484820e+00
  6.714710e+02  8.786434e+00
  6.540780e+02  8.135640e+00
  6.371350e+02  1.033230e+01
  6.206310e+02  1.187800e+01
  6.045550e+02  1.236615e+01
  5.888950e+02  1.635250e+01
  5.736410e+02  1.920005e+01
  5.587810e+02  1.952555e+01
  5.443070e+02  2.351210e+01
  5.302080e+02  2.294260e+01
  5.164740e+02  2.766120e+01
  5.030950e+02  3.408840e+01
  4.900630e+02  3.774935e+01
  4.773690e+02  4.010880e+01
  4.650040e+02  4.328165e+01
  4.529580e+02  5.223085e+01
  4.412250e+02  5.816990e+01
  4.297960e+02  6.419035e+01
  4.186630e+02  7.110565e+01
  4.078180e+02  7.981105e+01
  3.972540e+02  9.111920e+01
  3.869640e+02  9.982346e+01
  3.769400e+02  1.104810e+02
  3.671770e+02  1.317160e+02
  3.576650e+02  1.413980e+02
  3.484010e+02  1.550665e+02
  3.393760e+02  1.774385e+02
  3.305850e+02  1.970460e+02
  3.220220e+02  2.203130e+02
  3.136800e+02  2.383750e+02
  3.055550e+02  2.784020e+02
  2.976400e+02  3.086660e+02
  2.899300e+02  3.386885e+02
  2.824200e+02  3.768450e+02
  2.751040e+02  4.350125e+02
  2.679780e+02  4.827700e+02
  2.610370e+02  5.377665e+02
  2.542750e+02  6.006565e+02
  2.476890e+02  6.634640e+02
  2.412730e+02  7.426235e+02
  2.350230e+02  8.388675e+02
  2.289350e+02  9.331600e+02
  2.230050e+02  1.033135e+03
  2.172280e+02  1.138840e+03
  2.116010e+02  1.263800e+03
  2.061200e+02  1.419430e+03
  2.007810e+02  1.565550e+03
  1.955800e+02  1.752170e+03
  1.905140e+02  1.960050e+03
  1.855790e+02  2.206070e+03
  1.807720e+02  2.433950e+03
  1.760890e+02  2.703975e+03
  1.715280e+02  2.972700e+03
  1.670850e+02  3.293650e+03
  1.627570e+02  3.626880e+03
  1.585410e+02  3.950835e+03
  1.544340e+02  4.362110e+03
  1.504340e+02  4.759520e+03
  1.465370e+02  5.176230e+03
  1.427410e+02  5.696680e+03
  1.390440e+02  6.168130e+03
  1.354420e+02  6.701675e+03
  1.319340e+02  7.286545e+03
  1.285160e+02  7.833265e+03
  1.251870e+02  8.512910e+03
  1.219440e+02  9.159860e+03
  1.187850e+02  9.863266e+03
  1.157090e+02  1.059650e+04
  1.127110e+02  1.138750e+04
  1.097920e+02  1.227245e+04
  1.069480e+02  1.314115e+04
  1.041770e+02  1.410500e+04
  1.014790e+02  1.517420e+04
  9.885030e+01  1.616695e+04
  9.628970e+01  1.731280e+04
  9.379550e+01  1.837860e+04
  9.136590e+01  1.954690e+04
  8.899920e+01  2.085865e+04
  8.669380e+01  2.208810e+04
  8.444820e+01  2.333755e+04
  8.226070e+01  2.475435e+04
  8.012980e+01  2.614995e+04
  7.805420e+01  2.753370e+04
  7.603240e+01  2.904340e+04
  7.406290e+01  3.036980e+04
  7.214440e+01  3.177595e+04
  7.027560e+01  3.326345e+04
  6.845520e+01  3.454300e+04
  6.668200e+01  3.572300e+04
  6.495470e+01  3.674430e+04
  6.327220e+01  3.766725e+04
  6.163320e+01  3.820170e+04
  6.003670e+01  3.868270e+04
  5.848160e+01  3.900470e+04
  5.696670e+01  3.914105e+04
  5.549110e+01  3.905175e+04
  5.405370e+01  3.915710e+04
  5.265350e+01  3.912090e+04
  5.128960e+01  3.902745e+04
  4.996100e+01  3.879535e+04
  4.866690e+01  3.822765e+04
  4.740620e+01  3.758015e+04
  4.617830e+01  3.651075e+04
  4.498210e+01  3.528395e+04
  4.381690e+01  3.414840e+04
  4.268190e+01  3.294810e+04
  4.157630e+01  3.171370e+04
  4.049930e+01  3.031520e+04
  3.945030e+01  2.907370e+04
  3.842840e+01  2.791925e+04
  3.743290e+01  2.670560e+04
  3.646330e+01  2.565445e+04
  3.551880e+01  2.451455e+04
  3.459870e+01  2.341690e+04
  3.370250e+01  2.231885e+04
  3.282950e+01  2.114570e+04
  3.197910e+01  1.997850e+04
  3.115070e+01  1.885810e+04
  3.034380e+01  1.785855e+04
  2.955780e+01  1.673560e+04
  2.879220e+01  1.566775e+04
  2.804640e+01  1.459205e+04
  2.731990e+01  1.359355e+04
  2.661220e+01  1.254545e+04
  2.592290e+01  1.147830e+04
  2.525140e+01  1.051130e+04
  2.459730e+01  9.574785e+03
  2.396010e+01  8.670170e+03
  2.333950e+01  7.698680e+03
  2.273490e+01  6.915320e+03
  2.214600e+01  6.061145e+03
  2.157230e+01  5.263860e+03
  2.101350e+01  4.489335e+03
  2.046920e+01  3.843370e+03
  1.993900e+01  3.259960e+03
  1.942250e+01  2.782975e+03
  1.891940e+01  2.383355e+03
  1.842930e+01  2.143255e+03
  1.795200e+01  1.994455e+03
  1.748690e+01  1.948005e+03
  1.703400e+01  1.912285e+03
  1.659270e+01  1.998605e+03
  1.616290e+01  2.056615e+03
  1.574430e+01  2.125445e+03
  1.533640e+01  2.196220e+03
  1.493920e+01  2.217140e+03
  1.455220e+01  2.143495e+03
  1.417520e+01  1.885600e+03
  1.380800e+01  1.483870e+03
  1.345040e+01  1.070320e+03
  1.310200e+01  6.868135e+02
  1.276260e+01  4.219145e+02
  1.243200e+01  2.569245e+02
  1.211000e+01  1.507535e+02
  1.179630e+01  8.640070e+01
  1.149070e+01  6.077345e+01
  1.119310e+01  4.336310e+01
  1.090310e+01  3.604085e+01
  1.062070e+01  2.701035e+01
  1.034560e+01  2.050200e+01
  1.007760e+01  1.383060e+01
  9.816600e+00  1.252890e+01
  9.562300e+00  1.033231e+01
  9.314600e+00  1.033228e+01
  9.073300e+00  1.228480e+01
  8.838300e+00  1.822385e+01
  8.609300e+00  2.912560e+01
  8.386300e+00  4.881405e+01
  8.169100e+00  9.673305e+01
  7.957500e+00  1.654785e+02
  7.751400e+00  2.254385e+02
  7.550600e+00  3.307960e+02
  7.355000e+00  3.378745e+02
  7.164500e+00  2.968710e+02
  6.978900e+00  2.754735e+02
  6.798100e+00  2.431755e+02
  6.622000e+00  2.053445e+02
  6.450500e+00  1.779265e+02
  6.283400e+00  1.512420e+02
  6.120600e+00  1.261020e+02
  5.962100e+00  1.142240e+02
  5.807600e+00  1.090175e+02
  5.657200e+00  1.080410e+02
  5.510700e+00  1.002315e+02
  5.367900e+00  9.185139e+01
  5.228900e+00  8.574969e+01
  5.093400e+00  7.891590e+01
  4.961500e+00  6.850230e+01
  4.833000e+00  6.158695e+01
  4.707800e+00  5.312580e+01
  4.585800e+00  4.759375e+01
  4.467100e+00  4.002745e+01
  4.351300e+00  3.921380e+01
  4.238600e+00  3.522755e+01
  4.128800e+00  3.416980e+01
  4.021900e+00  3.425125e+01
  3.917700e+00  3.164770e+01
  3.816200e+00  2.522060e+01
  3.717400e+00  2.188495e+01
  3.621100e+00  1.960685e+01
  3.527300e+00  1.871200e+01
  3.435900e+00  1.594585e+01
  3.346900e+00  1.423720e+01
  3.260200e+00  1.057635e+01
  3.175800e+00  7.810230e+00
  3.093500e+00  4.149185e+00
  3.013400e+00  3.579700e+00
  2.935300e+00  4.149190e+00
  2.859300e+00  4.881395e+00
  2.785200e+00  5.369540e+00
  2.713100e+00  6.183135e+00
  2.642800e+00  8.461075e+00
  2.574300e+00  6.589905e+00
  2.507600e+00  7.647545e+00
  2.442700e+00  7.566195e+00
  2.379400e+00  6.020405e+00
  2.317800e+00  5.288200e+00
  2.257700e+00  6.508520e+00
  2.199300e+00  5.044115e+00
  2.142300e+00  5.450875e+00
  2.086800e+00  5.450895e+00
  2.032700e+00  5.044100e+00
  1.980100e+00  3.742410e+00
  1.928800e+00  4.230545e+00
  1.878800e+00  3.823760e+00
  1.830200e+00  4.311905e+00
  1.782800e+00  6.264460e+00
  1.736600e+00  3.579695e+00
  1.691600e+00  4.149200e+00
  1.647800e+00  2.603405e+00
  1.605100e+00  2.359335e+00
  1.563500e+00  2.766135e+00
  1.523000e+00  2.684755e+00
  1.483600e+00  2.277990e+00
  1.445100e+00  1.627125e+00
  1.407700e+00  2.115270e+00
  1.371200e+00  1.545765e+00
  1.335700e+00  2.277985e+00
  1.301100e+00  1.057635e+00
  1.267400e+00  1.138985e+00
  1.234600e+00  1.301705e+00
  1.202600e+00  1.789850e+00
  1.171500e+00  1.220340e+00
  1.141100e+00  1.789835e+00
  1.111600e+00  8.135550e-01
  1.082800e+00  8.949150e-01
  1.054700e+00  1.383055e+00
  1.027400e+00  9.762700e-01
  1.000800e+00  7.322100e-01
  9.749000e-01  8.949200e-01
  9.496000e-01  7.322050e-01
  9.250000e-01  1.138980e+00
  9.010000e-01  7.321950e-01
  8.777000e-01  9.762750e-01
  8.550000e-01  1.057630e+00
  8.328000e-01  1.383055e+00
  8.113000e-01  1.627125e+00
  7.902000e-01  1.545770e+00
  7.698000e-01  1.627125e+00
  7.498000e-01  1.220340e+00
  7.304000e-01  1.301700e+00
  7.115000e-01  1.464415e+00
  6.931000e-01  2.684765e+00
  6.751000e-01  1.635275e+01
  6.576000e-01  1.366790e+01
  6.406000e-01  3.758680e+01
  6.240000e-01  9.437386e+00
  6.078000e-01  2.033910e+00
  5.921000e-01  2.359335e+00
  5.767000e-01  1.789845e+00
  5.618000e-01  1.545765e+00
  5.472000e-01  3.579690e+00
  5.331000e-01  2.847480e+00
  5.193000e-01  2.277980e+00
  5.058000e-01  2.684775e+00
  4.927000e-01  5.532245e+00
  4.799000e-01  5.939040e+00
  4.675000e-01  3.010190e+00
  4.554000e-01  2.766115e+00
  4.436000e-01  5.206825e+00
  4.321000e-01  6.996670e+00
  4.209000e-01  5.369540e+00
  4.100000e-01  2.928845e+00
  3.994000e-01  6.508520e+00
  3.891000e-01  9.681410e+00
  3.790000e-01  1.049495e+01
  3.692000e-01  2.440695e+00
  3.596000e-01  1.627125e+00
  3.503000e-01  2.440700e+00
  3.412000e-01  1.627120e+00
  3.324000e-01  2.277985e+00
  3.238000e-01  2.440695e+00
  3.154000e-01  2.277995e+00
  3.072000e-01  3.661040e+00
  2.992000e-01  4.230550e+00
  2.915000e-01  5.206820e+00
  2.839000e-01  6.020400e+00
  2.766000e-01  3.905125e+00
  2.694000e-01  7.972950e+00
  2.624000e-01  1.789835e+01
  2.556000e-01  2.033925e+01
  2.490000e-01  5.857680e+00
  2.426000e-01  7.159380e+00
  2.363000e-01  7.728880e+00
  2.302000e-01  4.718690e+00
  2.242000e-01  3.254260e+00
  2.184000e-01  3.335630e+00
  2.127000e-01  3.010185e+00
  2.072000e-01  2.603400e+00
  2.019000e-01  3.091555e+00
  1.966000e-01  2.928835e+00
  1.915000e-01  3.905125e+00
  1.866000e-01  5.694975e+00
  1.817000e-01  4.149195e+00
  1.770000e-01  2.928830e+00
  1.725000e-01  4.555980e+00
  1.680000e-01  3.498330e+00
  1.636000e-01  3.091545e+00
  1.594000e-01  3.254265e+00
  1.553000e-01  3.416990e+00
  1.512000e-01  3.498340e+00
  1.473000e-01  2.766130e+00
  1.435000e-01  5.450910e+00
  1.398000e-01  3.498335e+00
  1.362000e-01  3.498335e+00
  1.326000e-01  3.742400e+00
  1.292000e-01  4.800040e+00
  1.259000e-01  4.393260e+00
  1.226000e-01  6.264480e+00
  1.194000e-01  4.800045e+00
  1.163000e-01  6.671245e+00
  1.133000e-01  4.962760e+00
  1.104000e-01  4.393250e+00
  1.075000e-01  6.345845e+00
  1.047000e-01  4.800045e+00
  1.020000e-01  6.915310e+00
  9.940000e-02  7.159390e+00
  9.680000e-02  6.264465e+00
  9.430000e-02  7.240735e+00
  9.190000e-02  6.589880e+00
  8.950000e-02  6.508525e+00
  8.720000e-02  6.752610e+00
  8.490000e-02  6.427170e+00
  8.270000e-02  6.996680e+00
  8.060000e-02  6.427175e+00
  7.850000e-02  7.240725e+00
  7.640000e-02  5.857680e+00
  7.450000e-02  4.555970e+00
  7.250000e-02  4.881385e+00
  7.070000e-02  4.067835e+00
  6.880000e-02  4.311900e+00
  6.700000e-02  3.416975e+00
  6.530000e-02  4.149195e+00
  6.360000e-02  3.823765e+00
  6.200000e-02  3.905115e+00
  6.040000e-02  2.440690e+00
  5.880000e-02  2.359340e+00
  5.730000e-02  1.708490e+00
  5.580000e-02  1.708485e+00
  5.430000e-02  1.138980e+00
  5.290000e-02  1.464415e+00
  5.160000e-02  7.322050e-01
  5.020000e-02  9.762800e-01
  4.890000e-02  1.464410e+00
  4.770000e-02  1.057625e+00
  4.640000e-02  4.881400e-01
  4.520000e-02  1.057635e+00
  4.410000e-02  4.881350e-01
  4.290000e-02  4.881400e-01
  4.180000e-02  4.067800e-01
  4.070000e-02  4.067800e-01
  3.970000e-02  5.694850e-01
  3.860000e-02  1.627100e-01
  3.760000e-02  2.440650e-01
  3.670000e-02  3.254200e-01
  3.570000e-02  4.881350e-01
  3.480000e-02  1.627100e-01
  3.390000e-02  3.254200e-01
  3.300000e-02  2.440650e-01
  3.220000e-02  0.000000e+00
  3.130000e-02  0.000000e+00
  3.050000e-02  0.000000e+00
  2.970000e-02  1.627100e-01
  2.890000e-02  0.000000e+00
  2.820000e-02  0.000000e+00
  2.750000e-02  8.135500e-02
  2.680000e-02  8.135500e-02
  2.610000e-02  8.135500e-02
  2.540000e-02  2.440650e-01
  2.470000e-02  0.000000e+00
  2.410000e-02  1.627100e-01
  2.350000e-02  0.000000e+00
  2.290000e-02  0.000000e+00
  2.230000e-02  0.000000e+00
  2.170000e-02  0.000000e+00
  2.110000e-02  0.000000e+00
  2.060000e-02  0.000000e+00
  2.000000e-02  0.000000e+00
  1.950000e-02  0.000000e+00
  1.900000e-02  0.000000e+00
  1.850000e-02  0.000000e+00
  1.800000e-02  0.000000e+00
  1.760000e-02  8.135500e-02
  1.710000e-02  0.000000e+00
  1.670000e-02  0.000000e+00
  1.630000e-02  0.000000e+00
  1.580000e-02  0.000000e+00
  1.540000e-02  0.000000e+00
  1.500000e-02  0.000000e+00
  1.460000e-02  0.000000e+00
  1.430000e-02  0.000000e+00
  1.390000e-02  8.135500e-02
  1.350000e-02  0.000000e+00
  1.320000e-02  0.000000e+00
  1.280000e-02  0.000000e+00
  1.250000e-02  0.000000e+00
  1.220000e-02  0.000000e+00
  1.190000e-02  0.000000e+00
  1.160000e-02  0.000000e+00
  1.130000e-02  8.135500e-02
  1.100000e-02  8.135500e-02
  1.070000e-02  0.000000e+00
  1.040000e-02  8.135500e-02
  1.010000e-02  3.254200e-01
