  4.934820e+03  0.000000e+00
  4.806990e+03  0.000000e+00
  4.682470e+03  0.000000e+00
  4.561180e+03  0.000000e+00
  4.443030e+03  0.000000e+00
  4.327940e+03  0.000000e+00
  4.215830e+03  0.000000e+00
  4.106630e+03  0.000000e+00
  4.000250e+03  0.000000e+00
  3.896630e+03  0.000000e+00
  3.795700e+03  0.000000e+00
  3.697380e+03  0.000000e+00
  3.601600e+03  0.000000e+00
  3.508310e+03  0.000000e+00
  3.417430e+03  0.000000e+00
  3.328910e+03  0.000000e+00
  3.242680e+03  5.575000e-01
  3.158680e+03  0.000000e+00
  3.076860e+03  0.000000e+00
  2.997160e+03  0.000000e+00
  2.919530e+03  0.000000e+00
  2.843900e+03  0.000000e+00
  2.770230e+03  0.000000e+00
  2.698480e+03  0.000000e+00
  2.628580e+03  0.000000e+00
  2.560490e+03  0.000000e+00
  2.494160e+03  0.000000e+00
  2.429550e+03  0.000000e+00
  2.366620e+03  0.000000e+00
  2.305320e+03  0.000000e+00
  2.245600e+03  0.000000e+00
  2.187430e+03  0.000000e+00
  2.130770e+03  0.000000e+00
  2.075580e+03  0.000000e+00
  2.021810e+03  0.000000e+00
  1.969440e+03  0.000000e+00
  1.918430e+03  0.000000e+00
  1.868730e+03  0.000000e+00
  1.820330e+03  0.000000e+00
  1.773170e+03  0.000000e+00
  1.727240e+03  5.575000e-01
  1.682500e+03  0.000000e+00
  1.638920e+03  0.000000e+00
  1.596470e+03  0.000000e+00
  1.555110e+03  0.000000e+00
  1.514830e+03  1.115000e+00
  1.475590e+03  0.000000e+00
  1.437370e+03  0.000000e+00
  1.400140e+03  5.575000e-01
  1.363870e+03  0.000000e+00
  1.328540e+03  5.575000e-01
  1.294120e+03  0.000000e+00
  1.260600e+03  0.000000e+00
  1.227950e+03  0.000000e+00
  1.196140e+03  5.575000e-01
  1.165160e+03  0.000000e+00
  1.134980e+03  0.000000e+00
  1.105580e+03  1.115000e+00
  1.076940e+03  5.575000e-01
  1.049040e+03  1.672450e+00
  1.021870e+03  0.000000e+00
  9.953980e+02  1.115000e+00
  9.696140e+02  0.000000e+00
  9.444970e+02  2.787500e+00
  9.200320e+02  5.575000e-01
  8.962000e+02  1.672450e+00
  8.729850e+02  1.115000e+00
  8.503720e+02  2.787450e+00
  8.283450e+02  2.229950e+00
  8.068880e+02  1.115000e+00
  7.859870e+02  1.114950e+00
  7.656270e+02  3.902400e+00
  7.457950e+02  6.689850e+00
  7.264760e+02  2.787450e+00
  7.076580e+02  4.459950e+00
  6.893270e+02  7.804900e+00
  6.714710e+02  8.919800e+00
  6.540780e+02  9.477300e+00
  6.371350e+02  6.689850e+00
  6.206310e+02  5.017450e+00
  6.045550e+02  7.804850e+00
  5.888950e+02  1.114975e+01
  5.736410e+02  1.226470e+01
  5.587810e+02  1.226475e+01
  5.443070e+02  8.919800e+00
  5.302080e+02  1.337970e+01
  5.164740e+02  2.062695e+01
  5.030950e+02  2.006950e+01
  4.900630e+02  2.062680e+01
  4.773690e+02  2.341430e+01
  4.650040e+02  3.289145e+01
  4.529580e+02  3.289135e+01
  4.412250e+02  3.456400e+01
  4.297960e+02  4.459880e+01
  4.186630e+02  5.351855e+01
  4.078180e+02  5.296110e+01
  3.972540e+02  6.411110e+01
  3.869640e+02  6.689815e+01
  3.769400e+02  7.247305e+01
  3.671770e+02  8.808425e+01
  3.576650e+02  1.009065e+02
  3.484010e+02  1.209750e+02
  3.393760e+02  1.087095e+02
  3.305850e+02  1.287800e+02
  3.220220e+02  1.410445e+02
  3.136800e+02  1.560960e+02
  3.055550e+02  1.817395e+02
  2.976400e+02  2.146280e+02
  2.899300e+02  2.553260e+02
  2.824200e+02  2.759525e+02
  2.751040e+02  2.910050e+02
  2.679780e+02  3.289150e+02
  2.610370e+02  3.612495e+02
  2.542750e+02  4.080790e+02
  2.476890e+02  4.855680e+02
  2.412730e+02  5.201315e+02
  2.350230e+02  6.126725e+02
  2.289350e+02  6.918370e+02
  2.230050e+02  7.682135e+02
  2.172280e+02  8.607520e+02
  2.116010e+02  9.482775e+02
  2.061200e+02  1.050865e+03
  2.007810e+02  1.203615e+03
  1.955800e+02  1.333520e+03
  1.905140e+02  1.470095e+03
  1.855790e+02  1.673555e+03
  1.807720e+02  1.824630e+03
  1.760890e+02  2.049290e+03
  1.715280e+02  2.292920e+03
  1.670850e+02  2.605685e+03
  1.627570e+02  2.818085e+03
  1.585410e+02  3.119135e+03
  1.544340e+02  3.513255e+03
  1.504340e+02  3.806490e+03
  1.465370e+02  4.252495e+03
  1.427410e+02  4.740290e+03
  1.390440e+02  4.992830e+03
  1.354420e+02  5.519635e+03
  1.319340e+02  6.076575e+03
  1.285160e+02  6.710980e+03
  1.251870e+02  7.186515e+03
  1.219440e+02  7.839345e+03
  1.187850e+02  8.588575e+03
  1.157090e+02  9.438176e+03
  1.127110e+02  1.017915e+04
  1.097920e+02  1.112515e+04
  1.069480e+02  1.200035e+04
  1.041770e+02  1.295355e+04
  1.014790e+02  1.391580e+04
  9.885030e+01  1.506375e+04
  9.628970e+01  1.631140e+04
  9.379550e+01  1.749505e+04
  9.136590e+01  1.876990e+04
  8.899920e+01  2.006940e+04
  8.669380e+01  2.150495e+04
  8.444820e+01  2.308770e+04
  8.226070e+01  2.444620e+04
  8.012980e+01  2.609580e+04
  7.805420e+01  2.754130e+04
  7.603240e+01  2.935090e+04
  7.406290e+01  3.128930e+04
  7.214440e+01  3.276835e+04
  7.027560e+01  3.417660e+04
  6.845520e+01  3.585285e+04
  6.668200e+01  3.746800e+04
  6.495470e+01  3.835815e+04
  6.327220e+01  3.970670e+04
  6.163320e+01  4.043700e+04
  6.003670e+01  4.125545e+04
  5.848160e+01  4.176605e+04
  5.696670e+01  4.256165e+04
  5.549110e+01  4.238100e+04
  5.405370e+01  4.239330e+04
  5.265350e+01  4.269480e+04
  5.128960e+01  4.261015e+04
  4.996100e+01  4.239385e+04
  4.866690e+01  4.158095e+04
  4.740620e+01  4.068130e+04
  4.617830e+01  3.951325e+04
  4.498210e+01  3.812570e+04
  4.381690e+01  3.736745e+04
  4.268190e+01  3.609315e+04
  4.157630e+01  3.473895e+04
  4.049930e+01  3.345850e+04
  3.945030e+01  3.199960e+04
  3.842840e+01  3.085560e+04
  3.743290e+01  2.971995e+04
  3.646330e+01  2.808150e+04
  3.551880e+01  2.702070e+04
  3.459870e+01  2.587450e+04
  3.370250e+01  2.421145e+04
  3.282950e+01  2.331065e+04
  3.197910e+01  2.184115e+04
  3.115070e+01  2.066810e+04
  3.034380e+01  1.924890e+04
  2.955780e+01  1.804695e+04
  2.879220e+01  1.672450e+04
  2.804640e+01  1.560405e+04
  2.731990e+01  1.441650e+04
  2.661220e+01  1.343535e+04
  2.592290e+01  1.238105e+04
  2.525140e+01  1.124050e+04
  2.459730e+01  1.031900e+04
  2.396010e+01  9.491186e+03
  2.333950e+01  8.540641e+03
  2.273490e+01  7.871115e+03
  2.214600e+01  7.101215e+03
  2.157230e+01  6.492455e+03
  2.101350e+01  5.947795e+03
  2.046920e+01  5.436560e+03
  1.993900e+01  5.036870e+03
  1.942250e+01  4.668935e+03
  1.891940e+01  4.496665e+03
  1.842930e+01  4.216245e+03
  1.795200e+01  4.040085e+03
  1.748690e+01  3.823765e+03
  1.703400e+01  3.751840e+03
  1.659270e+01  3.639240e+03
  1.616290e+01  3.392285e+03
  1.574430e+01  3.329290e+03
  1.533640e+01  3.082345e+03
  1.493920e+01  2.998160e+03
  1.455220e+01  2.869375e+03
  1.417520e+01  2.572230e+03
  1.380800e+01  2.281210e+03
  1.345040e+01  2.137380e+03
  1.310200e+01  1.908255e+03
  1.276260e+01  1.778365e+03
  1.243200e+01  1.791170e+03
  1.211000e+01  1.731535e+03
  1.179630e+01  1.795080e+03
  1.149070e+01  1.778915e+03
  1.119310e+01  1.772240e+03
  1.090310e+01  1.797865e+03
  1.062070e+01  1.980170e+03
  1.034560e+01  1.843590e+03
  1.007760e+01  1.786165e+03
  9.816600e+00  1.738230e+03
  9.562300e+00  1.646245e+03
  9.314600e+00  1.508010e+03
  9.073300e+00  1.258815e+03
  8.838300e+00  1.115530e+03
  8.609300e+00  8.942025e+02
  8.386300e+00  8.072370e+02
  8.169100e+00  6.834750e+02
  7.957500e+00  6.812445e+02
  7.751400e+00  6.477950e+02
  7.550600e+00  6.539275e+02
  7.355000e+00  5.652870e+02
  7.164500e+00  5.390855e+02
  6.978900e+00  5.229196e+02
  6.798100e+00  4.599245e+02
  6.622000e+00  4.209010e+02
  6.450500e+00  3.924695e+02
  6.283400e+00  3.428525e+02
  6.120600e+00  2.871025e+02
  5.962100e+00  2.848725e+02
  5.807600e+00  2.698205e+02
  5.657200e+00  2.452900e+02
  5.510700e+00  2.296805e+02
  5.367900e+00  2.358125e+02
  5.228900e+00  1.800660e+02
  5.093400e+00  1.917730e+02
  4.961500e+00  1.594400e+02
  4.833000e+00  1.499635e+02
  4.707800e+00  1.583250e+02
  4.585800e+00  1.377000e+02
  4.467100e+00  1.204180e+02
  4.351300e+00  1.170735e+02
  4.238600e+00  1.159585e+02
  4.128800e+00  1.081539e+02
  4.021900e+00  1.204190e+02
  3.917700e+00  1.098260e+02
  3.816200e+00  9.421561e+01
  3.717400e+00  7.860605e+01
  3.621100e+00  6.745570e+01
  3.527300e+00  7.972125e+01
  3.435900e+00  6.912890e+01
  3.346900e+00  6.020875e+01
  3.260200e+00  5.296130e+01
  3.175800e+00  3.902380e+01
  3.093500e+00  3.121910e+01
  3.013400e+00  3.289150e+01
  2.935300e+00  3.289175e+01
  2.859300e+00  3.902380e+01
  2.785200e+00  4.236865e+01
  2.713100e+00  5.351875e+01
  2.642800e+00  4.515625e+01
  2.574300e+00  5.463340e+01
  2.507600e+00  5.017355e+01
  2.442700e+00  4.515610e+01
  2.379400e+00  6.132345e+01
  2.317800e+00  4.905855e+01
  2.257700e+00  4.738610e+01
  2.199300e+00  5.128850e+01
  2.142300e+00  4.905890e+01
  2.086800e+00  3.679390e+01
  2.032700e+00  5.128850e+01
  1.980100e+00  5.184600e+01
  1.928800e+00  4.013885e+01
  1.878800e+00  3.902390e+01
  1.830200e+00  3.679395e+01
  1.782800e+00  7.303110e+01
  1.736600e+00  4.738605e+01
  1.691600e+00  4.069625e+01
  1.647800e+00  3.066160e+01
  1.605100e+00  4.013890e+01
  1.563500e+00  3.177655e+01
  1.523000e+00  2.620170e+01
  1.483600e+00  3.010415e+01
  1.445100e+00  2.954665e+01
  1.407700e+00  2.843165e+01
  1.371200e+00  2.285680e+01
  1.335700e+00  2.731665e+01
  1.301100e+00  2.341435e+01
  1.267400e+00  2.006945e+01
  1.234600e+00  2.508680e+01
  1.202600e+00  2.118440e+01
  1.171500e+00  2.452930e+01
  1.141100e+00  3.344910e+01
  1.111600e+00  2.006945e+01
  1.082800e+00  1.895450e+01
  1.054700e+00  2.397190e+01
  1.027400e+00  1.895450e+01
  1.000800e+00  1.728195e+01
  9.749000e-01  2.006940e+01
  9.496000e-01  2.062700e+01
  9.250000e-01  1.728200e+01
  9.010000e-01  1.895450e+01
  8.777000e-01  2.006935e+01
  8.550000e-01  2.564415e+01
  8.328000e-01  2.731665e+01
  8.113000e-01  2.006945e+01
  7.902000e-01  2.675920e+01
  7.698000e-01  2.675925e+01
  7.498000e-01  2.787410e+01
  7.304000e-01  3.456400e+01
  7.115000e-01  3.790895e+01
  6.931000e-01  7.860600e+01
  6.751000e-01  7.046595e+02
  6.576000e-01  5.061930e+02
  6.406000e-01  1.620620e+03
  6.240000e-01  5.212460e+02
  6.078000e-01  6.299620e+01
  5.921000e-01  5.073095e+01
  5.767000e-01  4.738630e+01
  5.618000e-01  5.630580e+01
  5.472000e-01  6.020855e+01
  5.331000e-01  7.358839e+01
  5.193000e-01  6.801350e+01
  5.058000e-01  7.191570e+01
  4.927000e-01  1.795080e+02
  4.799000e-01  2.146290e+02
  4.675000e-01  9.588920e+01
  4.554000e-01  6.968605e+01
  4.436000e-01  1.767205e+02
  4.321000e-01  1.789515e+02
  4.209000e-01  1.756055e+02
  4.100000e-01  1.204190e+02
  3.994000e-01  2.045945e+02
  3.891000e-01  3.997170e+02
  3.790000e-01  3.567900e+02
  3.692000e-01  8.473860e+01
  3.596000e-01  6.578350e+01
  3.503000e-01  7.024345e+01
  3.412000e-01  5.463335e+01
  3.324000e-01  7.581845e+01
  3.238000e-01  6.076605e+01
  3.154000e-01  4.682885e+01
  3.072000e-01  9.477375e+01
  2.992000e-01  1.248775e+02
  2.915000e-01  1.672440e+02
  2.839000e-01  1.756065e+02
  2.766000e-01  9.198620e+01
  2.694000e-01  2.603430e+02
  2.624000e-01  6.199200e+02
  2.556000e-01  6.472385e+02
  2.490000e-01  2.263360e+02
  2.426000e-01  1.633420e+02
  2.363000e-01  2.430605e+02
  2.302000e-01  1.616710e+02
  2.242000e-01  1.042510e+02
  2.184000e-01  8.473875e+01
  2.127000e-01  9.756035e+01
  2.072000e-01  8.195085e+01
  2.019000e-01  9.254400e+01
  1.966000e-01  1.098268e+02
  1.915000e-01  1.321260e+02
  1.866000e-01  1.627840e+02
  1.817000e-01  8.250845e+01
  1.770000e-01  6.132375e+01
  1.725000e-01  5.240365e+01
  1.680000e-01  7.581875e+01
  1.636000e-01  9.421655e+01
  1.594000e-01  1.109410e+02
  1.553000e-01  1.315655e+02
  1.512000e-01  1.293380e+02
  1.473000e-01  1.181870e+02
  1.435000e-01  1.839690e+02
  1.398000e-01  1.276650e+02
  1.362000e-01  1.276660e+02
  1.326000e-01  1.388160e+02
  1.292000e-01  1.304520e+02
  1.259000e-01  1.432745e+02
  1.226000e-01  2.157435e+02
  1.194000e-01  2.112830e+02
  1.163000e-01  1.934445e+02
  1.133000e-01  2.107275e+02
  1.104000e-01  2.151870e+02
  1.075000e-01  2.380430e+02
  1.047000e-01  2.475205e+02
  1.020000e-01  2.581125e+02
  9.940000e-02  3.094025e+02
  9.680000e-02  3.378350e+02
  9.430000e-02  3.272425e+02
  9.190000e-02  3.489850e+02
  8.950000e-02  3.400650e+02
  8.720000e-02  3.528875e+02
  8.490000e-02  3.562325e+02
  8.270000e-02  3.690550e+02
  8.060000e-02  3.729570e+02
  7.850000e-02  3.829915e+02
  7.640000e-02  3.272420e+02
  7.450000e-02  3.406225e+02
  7.250000e-02  3.651525e+02
  7.070000e-02  3.562320e+02
  6.880000e-02  3.278000e+02
  6.700000e-02  3.004825e+02
  6.530000e-02  3.289150e+02
  6.360000e-02  2.826425e+02
  6.200000e-02  2.720500e+02
  6.040000e-02  2.514235e+02
  5.880000e-02  2.268930e+02
  5.730000e-02  2.045935e+02
  5.580000e-02  1.828535e+02
  5.430000e-02  1.633415e+02
  5.290000e-02  1.404860e+02
  5.160000e-02  1.254345e+02
  5.020000e-02  1.148435e+02
  4.890000e-02  1.148440e+02
  4.770000e-02  1.109410e+02
  4.640000e-02  9.923250e+01
  4.520000e-02  8.975595e+01
  4.410000e-02  9.477385e+01
  4.290000e-02  7.916375e+01
  4.180000e-02  7.470360e+01
  4.070000e-02  7.135851e+01
  3.970000e-02  6.020845e+01
  3.860000e-02  5.574845e+01
  3.760000e-02  4.013875e+01
  3.670000e-02  4.292615e+01
  3.570000e-02  4.125370e+01
  3.480000e-02  4.292640e+01
  3.390000e-02  2.843160e+01
  3.300000e-02  2.954655e+01
  3.220000e-02  2.564425e+01
  3.130000e-02  2.508675e+01
  3.050000e-02  1.672450e+01
  2.970000e-02  1.951195e+01
  2.890000e-02  2.006950e+01
  2.820000e-02  1.505220e+01
  2.750000e-02  1.170730e+01
  2.680000e-02  7.247300e+00
  2.610000e-02  8.919849e+00
  2.540000e-02  6.132450e+00
  2.470000e-02  3.344950e+00
  2.410000e-02  5.575000e+00
  2.350000e-02  3.902450e+00
  2.290000e-02  2.229950e+00
  2.230000e-02  2.230000e+00
  2.170000e-02  2.787400e+00
  2.110000e-02  1.115000e+00
  2.060000e-02  1.115000e+00
  2.000000e-02  1.672450e+00
  1.950000e-02  0.000000e+00
  1.900000e-02  5.575000e-01
  1.850000e-02  5.575000e-01
  1.800000e-02  0.000000e+00
  1.760000e-02  0.000000e+00
  1.710000e-02  5.575000e-01
  1.670000e-02  1.115000e+00
  1.630000e-02  0.000000e+00
  1.580000e-02  1.115000e+00
  1.540000e-02  0.000000e+00
  1.500000e-02  0.000000e+00
  1.460000e-02  0.000000e+00
  1.430000e-02  0.000000e+00
  1.390000e-02  0.000000e+00
  1.350000e-02  0.000000e+00
  1.320000e-02  0.000000e+00
  1.280000e-02  0.000000e+00
  1.250000e-02  0.000000e+00
  1.220000e-02  0.000000e+00
  1.190000e-02  0.000000e+00
  1.160000e-02  0.000000e+00
  1.130000e-02  0.000000e+00
  1.100000e-02  0.000000e+00
  1.070000e-02  0.000000e+00
  1.040000e-02  0.000000e+00
  1.010000e-02  1.115000e+00
