  4.934820e+03  1.386940e-02
  4.806990e+03  2.773875e-03
  4.682470e+03  1.981325e-03
  4.561180e+03  1.585080e-03
  4.443030e+03  7.925300e-04
  4.327940e+03  1.585060e-03
  4.215830e+03  4.358955e-03
  4.106630e+03  3.962650e-03
  4.000250e+03  2.773875e-03
  3.896630e+03  1.981325e-03
  3.795700e+03  3.566425e-03
  3.697380e+03  3.566405e-03
  3.601600e+03  2.773880e-03
  3.508310e+03  5.944060e-03
  3.417430e+03  7.925355e-03
  3.328910e+03  6.340300e-03
  3.242680e+03  1.030295e-02
  3.158680e+03  7.529070e-03
  3.076860e+03  6.340285e-03
  2.997160e+03  8.321635e-03
  2.919530e+03  1.069923e-02
  2.843900e+03  6.736610e-03
  2.770230e+03  1.069925e-02
  2.698480e+03  1.268055e-02
  2.628580e+03  1.149180e-02
  2.560490e+03  1.466190e-02
  2.494160e+03  1.466190e-02
  2.429550e+03  1.783205e-02
  2.366620e+03  1.941700e-02
  2.305320e+03  2.139845e-02
  2.245600e+03  2.734225e-02
  2.187430e+03  2.536095e-02
  2.130770e+03  2.853115e-02
  2.075580e+03  3.051235e-02
  2.021810e+03  3.407865e-02
  1.969440e+03  3.447480e-02
  1.918430e+03  3.962645e-02
  1.868730e+03  4.358900e-02
  1.820330e+03  6.538350e-02
  1.773170e+03  5.309935e-02
  1.727240e+03  5.983595e-02
  1.682500e+03  6.498730e-02
  1.638920e+03  7.727095e-02
  1.596470e+03  8.163005e-02
  1.555110e+03  8.598885e-02
  1.514830e+03  1.065950e-01
  1.475590e+03  1.109520e-01
  1.437370e+03  1.141235e-01
  1.400140e+03  1.426545e-01
  1.363870e+03  1.482025e-01
  1.328540e+03  1.616750e-01
  1.294120e+03  1.751480e-01
  1.260600e+03  1.866400e-01
  1.227950e+03  2.278520e-01
  1.196140e+03  2.163595e-01
  1.165160e+03  2.472680e-01
  1.134980e+03  2.825365e-01
  1.105580e+03  3.067080e-01
  1.076940e+03  3.304850e-01
  1.049040e+03  3.677325e-01
  1.021870e+03  4.192465e-01
  9.953980e+02  4.454010e-01
  9.696140e+02  4.874055e-01
  9.444970e+02  5.591290e-01
  9.200320e+02  6.098500e-01
  8.962000e+02  7.065370e-01
  8.729850e+02  7.719210e-01
  8.503720e+02  8.412665e-01
  8.283450e+02  9.625240e-01
  8.068880e+02  1.076645e+00
  7.859870e+02  1.151535e+00
  7.656270e+02  1.313200e+00
  7.457950e+02  1.442800e+00
  7.264760e+02  1.655190e+00
  7.076580e+02  1.796265e+00
  6.893270e+02  2.008260e+00
  6.714710e+02  2.299130e+00
  6.540780e+02  2.486955e+00
  6.371350e+02  2.827735e+00
  6.206310e+02  3.142775e+00
  6.045550e+02  3.395580e+00
  5.888950e+02  3.771645e+00
  5.736410e+02  4.242790e+00
  5.587810e+02  4.575655e+00
  5.443070e+02  5.120520e+00
  5.302080e+02  5.633680e+00
  5.164740e+02  6.058085e+00
  5.030950e+02  6.704780e+00
  4.900630e+02  7.462045e+00
  4.773690e+02  8.262489e+00
  4.650040e+02  9.039564e+00
  4.529580e+02  9.960865e+00
  4.412250e+02  1.088135e+01
  4.297960e+02  1.192205e+01
  4.186630e+02  1.304415e+01
  4.078180e+02  1.413950e+01
  3.972540e+02  1.549160e+01
  3.869640e+02  1.701630e+01
  3.769400e+02  1.850310e+01
  3.671770e+02  2.011480e+01
  3.576650e+02  2.202910e+01
  3.484010e+02  2.401230e+01
  3.393760e+02  2.600320e+01
  3.305850e+02  2.808550e+01
  3.220220e+02  3.033440e+01
  3.136800e+02  3.261225e+01
  3.055550e+02  3.515330e+01
  2.976400e+02  3.773770e+01
  2.899300e+02  4.059525e+01
  2.824200e+02  4.401895e+01
  2.751040e+02  4.759830e+01
  2.679780e+02  5.084650e+01
  2.610370e+02  5.423355e+01
  2.542750e+02  5.796815e+01
  2.476890e+02  6.168515e+01
  2.412730e+02  6.686909e+01
  2.350230e+02  7.170945e+01
  2.289350e+02  7.644250e+01
  2.230050e+02  8.160450e+01
  2.172280e+02  8.643105e+01
  2.116010e+02  9.189635e+01
  2.061200e+02  9.689280e+01
  2.007810e+02  1.026250e+02
  1.955800e+02  1.095075e+02
  1.905140e+02  1.169270e+02
  1.855790e+02  1.235760e+02
  1.807720e+02  1.316245e+02
  1.760890e+02  1.389075e+02
  1.715280e+02  1.460460e+02
  1.670850e+02  1.536150e+02
  1.627570e+02  1.602650e+02
  1.585410e+02  1.670825e+02
  1.544340e+02  1.740740e+02
  1.504340e+02  1.810615e+02
  1.465370e+02  1.881485e+02
  1.427410e+02  1.947285e+02
  1.390440e+02  2.011415e+02
  1.354420e+02  2.077570e+02
  1.319340e+02  2.137820e+02
  1.285160e+02  2.198120e+02
  1.251870e+02  2.263615e+02
  1.219440e+02  2.327740e+02
  1.187850e+02  2.385985e+02
  1.157090e+02  2.445960e+02
  1.127110e+02  2.504685e+02
  1.097920e+02  2.571280e+02
  1.069480e+02  2.635955e+02
  1.041770e+02  2.701885e+02
  1.014790e+02  2.773305e+02
  9.885030e+01  2.839600e+02
  9.628970e+01  2.899900e+02
  9.379550e+01  2.969640e+02
  9.136590e+01  3.026055e+02
  8.899920e+01  3.093440e+02
  8.669380e+01  3.145435e+02
  8.444820e+01  3.211600e+02
  8.226070e+01  3.265560e+02
  8.012980e+01  3.319375e+02
  7.805420e+01  3.372165e+02
  7.603240e+01  3.416415e+02
  7.406290e+01  3.464175e+02
  7.214440e+01  3.490260e+02
  7.027560e+01  3.515215e+02
  6.845520e+01  3.533400e+02
  6.668200e+01  3.539495e+02
  6.495470e+01  3.518280e+02
  6.327220e+01  3.497205e+02
  6.163320e+01  3.449215e+02
  6.003670e+01  3.392460e+02
  5.848160e+01  3.333880e+02
  5.696670e+01  3.263265e+02
  5.549110e+01  3.197870e+02
  5.405370e+01  3.107365e+02
  5.265350e+01  3.021225e+02
  5.128960e+01  2.919120e+02
  4.996100e+01  2.810670e+02
  4.866690e+01  2.666140e+02
  4.740620e+01  2.517800e+02
  4.617830e+01  2.360690e+02
  4.498210e+01  2.193435e+02
  4.381690e+01  2.086810e+02
  4.268190e+01  1.988350e+02
  4.157630e+01  1.889885e+02
  4.049930e+01  1.782835e+02
  3.945030e+01  1.701180e+02
  3.842840e+01  1.636410e+02
  3.743290e+01  1.567430e+02
  3.646330e+01  1.508040e+02
  3.551880e+01  1.449120e+02
  3.459870e+01  1.374360e+02
  3.370250e+01  1.297275e+02
  3.282950e+01  1.229750e+02
  3.197910e+01  1.159780e+02
  3.115070e+01  1.091380e+02
  3.034380e+01  1.022740e+02
  2.955780e+01  9.553865e+01
  2.879220e+01  8.832515e+01
  2.804640e+01  8.192191e+01
  2.731990e+01  7.487365e+01
  2.661220e+01  6.812160e+01
  2.592290e+01  6.178265e+01
  2.525140e+01  5.563745e+01
  2.459730e+01  4.982895e+01
  2.396010e+01  4.400585e+01
  2.333950e+01  3.879455e+01
  2.273490e+01  3.376280e+01
  2.214600e+01  2.867605e+01
  2.157230e+01  2.420490e+01
  2.101350e+01  1.991635e+01
  2.046920e+01  1.634980e+01
  1.993900e+01  1.333585e+01
  1.942250e+01  1.094090e+01
  1.891940e+01  9.224220e+00
  1.842930e+01  8.589815e+00
  1.795200e+01  8.048915e+00
  1.748690e+01  8.319945e+00
  1.703400e+01  8.526780e+00
  1.659270e+01  9.549940e+00
  1.616290e+01  1.091910e+01
  1.574430e+01  1.216055e+01
  1.533640e+01  1.342780e+01
  1.493920e+01  1.454920e+01
  1.455220e+01  1.474765e+01
  1.417520e+01  1.315155e+01
  1.380800e+01  1.000058e+01
  1.345040e+01  6.590655e+00
  1.310200e+01  3.716170e+00
  1.276260e+01  1.982900e+00
  1.243200e+01  9.438955e-01
  1.211000e+01  4.517410e-01
  1.179630e+01  1.933770e-01
  1.149070e+01  8.797000e-02
  1.119310e+01  4.953295e-02
  1.090310e+01  3.249360e-02
  1.062070e+01  1.505825e-02
  1.034560e+01  9.114200e-03
  1.007760e+01  4.755220e-03
  9.816600e+00  2.377590e-03
  9.562300e+00  1.981325e-03
  9.314600e+00  3.566385e-03
  9.073300e+00  8.321660e-03
  8.838300e+00  1.386945e-02
  8.609300e+00  5.468440e-02
  8.386300e+00  1.743565e-01
  8.169100e+00  5.337675e-01
  7.957500e+00  1.481240e+00
  7.751400e+00  2.516665e+00
  7.550600e+00  4.330380e+00
  7.355000e+00  4.604200e+00
  7.164500e+00  4.040695e+00
  6.978900e+00  3.508910e+00
  6.798100e+00  2.741345e+00
  6.622000e+00  2.121585e+00
  6.450500e+00  1.621520e+00
  6.283400e+00  1.218115e+00
  6.120600e+00  9.014990e-01
  5.962100e+00  6.851395e-01
  5.807600e+00  5.829035e-01
  5.657200e+00  5.274280e-01
  5.510700e+00  4.366825e-01
  5.367900e+00  3.296910e-01
  5.228900e+00  2.670810e-01
  5.093400e+00  2.040755e-01
  4.961500e+00  1.529585e-01
  4.833000e+00  1.133310e-01
  4.707800e+00  9.391490e-02
  4.585800e+00  6.776110e-02
  4.467100e+00  4.715545e-02
  4.351300e+00  4.477785e-02
  4.238600e+00  4.319280e-02
  4.128800e+00  3.526755e-02
  4.021900e+00  5.191055e-02
  3.917700e+00  4.041895e-02
  3.816200e+00  2.694605e-02
  3.717400e+00  2.615345e-02
  3.621100e+00  2.060575e-02
  3.527300e+00  1.941710e-02
  3.435900e+00  1.743565e-02
  3.346900e+00  1.862455e-02
  3.260200e+00  1.505810e-02
  3.175800e+00  9.510410e-03
  3.093500e+00  3.170145e-03
  3.013400e+00  3.566390e-03
  2.935300e+00  5.944040e-03
  2.859300e+00  8.321595e-03
  2.785200e+00  1.188805e-02
  2.713100e+00  1.109545e-02
  2.642800e+00  9.906640e-03
  2.574300e+00  1.188810e-02
  2.507600e+00  1.228440e-02
  2.442700e+00  8.321660e-03
  2.379400e+00  1.069919e-02
  2.317800e+00  8.717936e-03
  2.257700e+00  8.321615e-03
  2.199300e+00  1.030301e-02
  2.142300e+00  7.925440e-03
  2.086800e+00  9.906695e-03
  2.032700e+00  7.925395e-03
  1.980100e+00  8.717845e-03
  1.928800e+00  6.340325e-03
  1.878800e+00  4.358920e-03
  1.830200e+00  7.529155e-03
  1.782800e+00  7.925395e-03
  1.736600e+00  5.151505e-03
  1.691600e+00  3.962695e-03
  1.647800e+00  3.170140e-03
  1.605100e+00  4.358975e-03
  1.563500e+00  4.755240e-03
  1.523000e+00  1.585060e-03
  1.483600e+00  4.358920e-03
  1.445100e+00  1.981325e-03
  1.407700e+00  1.188815e-03
  1.371200e+00  2.773875e-03
  1.335700e+00  2.377590e-03
  1.301100e+00  1.188795e-03
  1.267400e+00  7.925300e-04
  1.234600e+00  3.566385e-03
  1.202600e+00  1.981325e-03
  1.171500e+00  1.981345e-03
  1.141100e+00  1.585060e-03
  1.111600e+00  1.585060e-03
  1.082800e+00  1.585060e-03
  1.054700e+00  7.925300e-04
  1.027400e+00  7.925300e-04
  1.000800e+00  1.188795e-03
  9.749000e-01  1.188795e-03
  9.496000e-01  1.981325e-03
  9.250000e-01  7.925300e-04
  9.010000e-01  2.377590e-03
  8.777000e-01  3.962650e-04
  8.550000e-01  3.962650e-04
  8.328000e-01  7.925300e-04
  8.113000e-01  1.188795e-03
  7.902000e-01  1.585060e-03
  7.698000e-01  1.585060e-03
  7.498000e-01  1.188795e-03
  7.304000e-01  7.925300e-04
  7.115000e-01  7.925300e-04
  6.931000e-01  3.962650e-04
  6.751000e-01  1.188795e-03
  6.576000e-01  2.773875e-03
  6.406000e-01  7.132800e-03
  6.240000e-01  1.585060e-03
  6.078000e-01  1.188795e-03
  5.921000e-01  1.188795e-03
  5.767000e-01  7.925300e-04
  5.618000e-01  1.188815e-03
  5.472000e-01  1.981325e-03
  5.331000e-01  3.962650e-04
  5.193000e-01  2.773875e-03
  5.058000e-01  1.981325e-03
  4.927000e-01  1.188795e-03
  4.799000e-01  7.925300e-04
  4.675000e-01  1.585060e-03
  4.554000e-01  3.962650e-04
  4.436000e-01  1.188795e-03
  4.321000e-01  1.188795e-03
  4.209000e-01  3.962650e-04
  4.100000e-01  7.925300e-04
  3.994000e-01  1.585060e-03
  3.891000e-01  3.962650e-04
  3.790000e-01  3.962650e-04
  3.692000e-01  7.925300e-04
  3.596000e-01  3.962650e-04
  3.503000e-01  2.377590e-03
  3.412000e-01  1.188795e-03
  3.324000e-01  1.188795e-03
  3.238000e-01  7.925500e-04
  3.154000e-01  3.962650e-04
  3.072000e-01  7.925300e-04
  2.992000e-01  1.188795e-03
  2.915000e-01  1.188795e-03
  2.839000e-01  1.188795e-03
  2.766000e-01  7.925300e-04
  2.694000e-01  7.925300e-04
  2.624000e-01  1.188795e-03
  2.556000e-01  3.962650e-04
  2.490000e-01  0.000000e+00
  2.426000e-01  7.925300e-04
  2.363000e-01  3.962650e-04
  2.302000e-01  0.000000e+00
  2.242000e-01  0.000000e+00
  2.184000e-01  3.962650e-04
  2.127000e-01  0.000000e+00
  2.072000e-01  7.925300e-04
  2.019000e-01  7.925300e-04
  1.966000e-01  0.000000e+00
  1.915000e-01  3.962650e-04
  1.866000e-01  0.000000e+00
  1.817000e-01  0.000000e+00
  1.770000e-01  0.000000e+00
  1.725000e-01  3.962650e-04
  1.680000e-01  7.925300e-04
  1.636000e-01  3.962650e-04
  1.594000e-01  0.000000e+00
  1.553000e-01  3.962650e-04
  1.512000e-01  0.000000e+00
  1.473000e-01  0.000000e+00
  1.435000e-01  3.962650e-04
  1.398000e-01  0.000000e+00
  1.362000e-01  0.000000e+00
  1.326000e-01  0.000000e+00
  1.292000e-01  0.000000e+00
  1.259000e-01  0.000000e+00
  1.226000e-01  0.000000e+00
  1.194000e-01  3.962650e-04
  1.163000e-01  0.000000e+00
  1.133000e-01  0.000000e+00
  1.104000e-01  0.000000e+00
  1.075000e-01  0.000000e+00
  1.047000e-01  0.000000e+00
  1.020000e-01  3.962650e-04
  9.940000e-02  0.000000e+00
  9.680000e-02  0.000000e+00
  9.430000e-02  0.000000e+00
  9.190000e-02  0.000000e+00
  8.950000e-02  0.000000e+00
  8.720000e-02  0.000000e+00
  8.490000e-02  0.000000e+00
  8.270000e-02  0.000000e+00
  8.060000e-02  0.000000e+00
  7.850000e-02  0.000000e+00
  7.640000e-02  0.000000e+00
  7.450000e-02  0.000000e+00
  7.250000e-02  0.000000e+00
  7.070000e-02  0.000000e+00
  6.880000e-02  0.000000e+00
  6.700000e-02  0.000000e+00
  6.530000e-02  0.000000e+00
  6.360000e-02  0.000000e+00
  6.200000e-02  0.000000e+00
  6.040000e-02  0.000000e+00
  5.880000e-02  0.000000e+00
  5.730000e-02  0.000000e+00
  5.580000e-02  0.000000e+00
  5.430000e-02  0.000000e+00
  5.290000e-02  0.000000e+00
  5.160000e-02  0.000000e+00
  5.020000e-02  0.000000e+00
  4.890000e-02  0.000000e+00
  4.770000e-02  0.000000e+00
  4.640000e-02  0.000000e+00
  4.520000e-02  0.000000e+00
  4.410000e-02  0.000000e+00
  4.290000e-02  0.000000e+00
  4.180000e-02  0.000000e+00
  4.070000e-02  0.000000e+00
  3.970000e-02  0.000000e+00
  3.860000e-02  0.000000e+00
  3.760000e-02  0.000000e+00
  3.670000e-02  0.000000e+00
  3.570000e-02  0.000000e+00
  3.480000e-02  0.000000e+00
  3.390000e-02  0.000000e+00
  3.300000e-02  0.000000e+00
  3.220000e-02  0.000000e+00
  3.130000e-02  0.000000e+00
  3.050000e-02  0.000000e+00
  2.970000e-02  0.000000e+00
  2.890000e-02  0.000000e+00
  2.820000e-02  0.000000e+00
  2.750000e-02  0.000000e+00
  2.680000e-02  0.000000e+00
  2.610000e-02  0.000000e+00
  2.540000e-02  0.000000e+00
  2.470000e-02  0.000000e+00
  2.410000e-02  0.000000e+00
  2.350000e-02  0.000000e+00
  2.290000e-02  0.000000e+00
  2.230000e-02  0.000000e+00
  2.170000e-02  0.000000e+00
  2.110000e-02  0.000000e+00
  2.060000e-02  0.000000e+00
  2.000000e-02  0.000000e+00
  1.950000e-02  0.000000e+00
  1.900000e-02  0.000000e+00
  1.850000e-02  0.000000e+00
  1.800000e-02  0.000000e+00
  1.760000e-02  0.000000e+00
  1.710000e-02  0.000000e+00
  1.670000e-02  0.000000e+00
  1.630000e-02  0.000000e+00
  1.580000e-02  0.000000e+00
  1.540000e-02  0.000000e+00
  1.500000e-02  0.000000e+00
  1.460000e-02  0.000000e+00
  1.430000e-02  0.000000e+00
  1.390000e-02  0.000000e+00
  1.350000e-02  0.000000e+00
  1.320000e-02  0.000000e+00
  1.280000e-02  0.000000e+00
  1.250000e-02  0.000000e+00
  1.220000e-02  0.000000e+00
  1.190000e-02  0.000000e+00
  1.160000e-02  0.000000e+00
  1.130000e-02  0.000000e+00
  1.100000e-02  2.377610e-03
  1.070000e-02  5.151485e-03
  1.040000e-02  5.547755e-03
  1.010000e-02  1.347320e-02
