  4.934820e+03  0.000000e+00
  4.806990e+03  0.000000e+00
  4.682470e+03  0.000000e+00
  4.561180e+03  0.000000e+00
  4.443030e+03  0.000000e+00
  4.327940e+03  0.000000e+00
  4.215830e+03  0.000000e+00
  4.106630e+03  0.000000e+00
  4.000250e+03  0.000000e+00
  3.896630e+03  0.000000e+00
  3.795700e+03  0.000000e+00
  3.697380e+03  0.000000e+00
  3.601600e+03  0.000000e+00
  3.508310e+03  0.000000e+00
  3.417430e+03  0.000000e+00
  3.328910e+03  0.000000e+00
  3.242680e+03  0.000000e+00
  3.158680e+03  0.000000e+00
  3.076860e+03  0.000000e+00
  2.997160e+03  0.000000e+00
  2.919530e+03  0.000000e+00
  2.843900e+03  1.312300e-01
  2.770230e+03  0.000000e+00
  2.698480e+03  0.000000e+00
  2.628580e+03  1.312300e-01
  2.560490e+03  0.000000e+00
  2.494160e+03  1.312300e-01
  2.429550e+03  1.312300e-01
  2.366620e+03  0.000000e+00
  2.305320e+03  2.624600e-01
  2.245600e+03  0.000000e+00
  2.187430e+03  5.249200e-01
  2.130770e+03  2.624600e-01
  2.075580e+03  1.312300e-01
  2.021810e+03  3.936900e-01
  1.969440e+03  3.936900e-01
  1.918430e+03  2.624600e-01
  1.868730e+03  2.624600e-01
  1.820330e+03  2.624600e-01
  1.773170e+03  3.936900e-01
  1.727240e+03  1.312300e-01
  1.682500e+03  7.873800e-01
  1.638920e+03  0.000000e+00
  1.596470e+03  2.624600e-01
  1.555110e+03  1.312300e-01
  1.514830e+03  1.312300e-01
  1.475590e+03  3.936900e-01
  1.437370e+03  1.312300e-01
  1.400140e+03  3.936900e-01
  1.363870e+03  5.249200e-01
  1.328540e+03  5.249200e-01
  1.294120e+03  1.574760e+00
  1.260600e+03  1.049840e+00
  1.227950e+03  1.049840e+00
  1.196140e+03  9.186100e-01
  1.165160e+03  2.099675e+00
  1.134980e+03  1.837220e+00
  1.105580e+03  2.624595e+00
  1.076940e+03  1.574760e+00
  1.049040e+03  7.873800e-01
  1.021870e+03  1.968445e+00
  9.953980e+02  2.887055e+00
  9.696140e+02  1.181070e+00
  9.444970e+02  3.674390e+00
  9.200320e+02  3.674420e+00
  8.962000e+02  2.755805e+00
  8.729850e+02  4.330560e+00
  8.503720e+02  5.380400e+00
  8.283450e+02  5.249155e+00
  8.068880e+02  5.511555e+00
  7.859870e+02  7.348795e+00
  7.656270e+02  6.955120e+00
  7.457950e+02  8.661036e+00
  7.264760e+02  9.448410e+00
  7.076580e+02  9.448450e+00
  6.893270e+02  1.154801e+01
  6.714710e+02  1.430385e+01
  6.540780e+02  1.391020e+01
  6.371350e+02  1.929055e+01
  6.206310e+02  1.876580e+01
  6.045550e+02  2.178395e+01
  5.888950e+02  2.440870e+01
  5.736410e+02  3.110130e+01
  5.587810e+02  3.608810e+01
  5.443070e+02  3.805645e+01
  5.302080e+02  4.304320e+01
  5.164740e+02  4.842350e+01
  5.030950e+02  5.275400e+01
  4.900630e+02  5.419750e+01
  4.773690e+02  6.666440e+01
  4.650040e+02  7.676900e+01
  4.529580e+02  8.687365e+01
  4.412250e+02  9.894630e+01
  4.297960e+02  1.049837e+02
  4.186630e+02  1.246665e+02
  4.078180e+02  1.456640e+02
  3.972540e+02  1.582615e+02
  3.869640e+02  1.679725e+02
  3.769400e+02  1.967120e+02
  3.671770e+02  2.258450e+02
  3.576650e+02  2.443485e+02
  3.484010e+02  2.780740e+02
  3.393760e+02  3.121935e+02
  3.305850e+02  3.531365e+02
  3.220220e+02  3.898815e+02
  3.136800e+02  4.287245e+02
  3.055550e+02  4.948660e+02
  2.976400e+02  5.470940e+02
  2.899300e+02  6.054915e+02
  2.824200e+02  6.935455e+02
  2.751040e+02  7.852740e+02
  2.679780e+02  8.750350e+02
  2.610370e+02  1.006270e+03
  2.542750e+02  1.095230e+03
  2.476890e+02  1.211515e+03
  2.412730e+02  1.390640e+03
  2.350230e+02  1.548890e+03
  2.289350e+02  1.732880e+03
  2.230050e+02  1.965160e+03
  2.172280e+02  2.179325e+03
  2.116010e+02  2.421695e+03
  2.061200e+02  2.774965e+03
  2.007810e+02  3.047010e+03
  1.955800e+02  3.430200e+03
  1.905140e+02  3.849595e+03
  1.855790e+02  4.308510e+03
  1.807720e+02  4.841050e+03
  1.760890e+02  5.407815e+03
  1.715280e+02  6.018175e+03
  1.670850e+02  6.716825e+03
  1.627570e+02  7.430055e+03
  1.585410e+02  8.231340e+03
  1.544340e+02  9.039721e+03
  1.504340e+02  9.996245e+03
  1.465370e+02  1.099220e+04
  1.427410e+02  1.208730e+04
  1.390440e+02  1.331295e+04
  1.354420e+02  1.451710e+04
  1.319340e+02  1.586165e+04
  1.285160e+02  1.724950e+04
  1.251870e+02  1.885920e+04
  1.219440e+02  2.055465e+04
  1.187850e+02  2.221750e+04
  1.157090e+02  2.412235e+04
  1.127110e+02  2.624135e+04
  1.097920e+02  2.856335e+04
  1.069480e+02  3.071175e+04
  1.041770e+02  3.338310e+04
  1.014790e+02  3.608670e+04
  9.885030e+01  3.882825e+04
  9.628970e+01  4.186845e+04
  9.379550e+01  4.507125e+04
  9.136590e+01  4.818490e+04
  8.899920e+01  5.178465e+04
  8.669380e+01  5.527850e+04
  8.444820e+01  5.873095e+04
  8.226070e+01  6.254560e+04
  8.012980e+01  6.673895e+04
  7.805420e+01  7.063334e+04
  7.603240e+01  7.463220e+04
  7.406290e+01  7.849450e+04
  7.214440e+01  8.242290e+04
  7.027560e+01  8.621241e+04
  6.845520e+01  8.981130e+04
  6.668200e+01  9.340300e+04
  6.495470e+01  9.649050e+04
  6.327220e+01  9.925535e+04
  6.163320e+01  1.017305e+05
  6.003670e+01  1.035290e+05
  5.848160e+01  1.052270e+05
  5.696670e+01  1.069210e+05
  5.549110e+01  1.087725e+05
  5.405370e+01  1.096965e+05
  5.265350e+01  1.104150e+05
  5.128960e+01  1.108585e+05
  4.996100e+01  1.113205e+05
  4.866690e+01  1.111955e+05
  4.740620e+01  1.103905e+05
  4.617830e+01  1.089745e+05
  4.498210e+01  1.076690e+05
  4.381690e+01  1.074865e+05
  4.268190e+01  1.066210e+05
  4.157630e+01  1.058180e+05
  4.049930e+01  1.047985e+05
  3.945030e+01  1.039640e+05
  3.842840e+01  1.033100e+05
  3.743290e+01  1.025160e+05
  3.646330e+01  1.018705e+05
  3.551880e+01  1.011905e+05
  3.459870e+01  1.005435e+05
  3.370250e+01  9.968545e+04
  3.282950e+01  9.882795e+04
  3.197910e+01  9.826105e+04
  3.115070e+01  9.741580e+04
  3.034380e+01  9.706750e+04
  2.955780e+01  9.640120e+04
  2.879220e+01  9.593035e+04
  2.804640e+01  9.540820e+04
  2.731990e+01  9.526830e+04
  2.661220e+01  9.505659e+04
  2.592290e+01  9.471850e+04
  2.525140e+01  9.443295e+04
  2.459730e+01  9.441005e+04
  2.396010e+01  9.442966e+04
  2.333950e+01  9.432300e+04
  2.273490e+01  9.480805e+04
  2.214600e+01  9.490975e+04
  2.157230e+01  9.486265e+04
  2.101350e+01  9.507075e+04
  2.046920e+01  9.535185e+04
  1.993900e+01  9.578985e+04
  1.942250e+01  9.627650e+04
  1.891940e+01  9.634985e+04
  1.842930e+01  9.747095e+04
  1.795200e+01  9.804980e+04
  1.748690e+01  9.911675e+04
  1.703400e+01  9.976470e+04
  1.659270e+01  1.009555e+05
  1.616290e+01  1.019615e+05
  1.574430e+01  1.028085e+05
  1.533640e+01  1.040880e+05
  1.493920e+01  1.055255e+05
  1.455220e+01  1.067135e+05
  1.417520e+01  1.075465e+05
  1.380800e+01  1.079645e+05
  1.345040e+01  1.083035e+05
  1.310200e+01  1.085580e+05
  1.276260e+01  1.093545e+05
  1.243200e+01  1.103225e+05
  1.211000e+01  1.117215e+05
  1.179630e+01  1.132495e+05
  1.149070e+01  1.147615e+05
  1.119310e+01  1.168660e+05
  1.090310e+01  1.187840e+05
  1.062070e+01  1.210890e+05
  1.034560e+01  1.232160e+05
  1.007760e+01  1.253420e+05
  9.816600e+00  1.268410e+05
  9.562300e+00  1.273090e+05
  9.314600e+00  1.284220e+05
  9.073300e+00  1.296695e+05
  8.838300e+00  1.294715e+05
  8.609300e+00  1.293150e+05
  8.386300e+00  1.285885e+05
  8.169100e+00  1.288380e+05
  7.957500e+00  1.297190e+05
  7.751400e+00  1.280515e+05
  7.550600e+00  1.306565e+05
  7.355000e+00  1.297720e+05
  7.164500e+00  1.294200e+05
  6.978900e+00  1.304715e+05
  6.798100e+00  1.305805e+05
  6.622000e+00  1.316570e+05
  6.450500e+00  1.329260e+05
  6.283400e+00  1.334845e+05
  6.120600e+00  1.343635e+05
  5.962100e+00  1.353270e+05
  5.807600e+00  1.363980e+05
  5.657200e+00  1.369165e+05
  5.510700e+00  1.385640e+05
  5.367900e+00  1.400695e+05
  5.228900e+00  1.407645e+05
  5.093400e+00  1.413790e+05
  4.961500e+00  1.424380e+05
  4.833000e+00  1.462055e+05
  4.707800e+00  1.518195e+05
  4.585800e+00  1.481730e+05
  4.467100e+00  1.481645e+05
  4.351300e+00  1.505405e+05
  4.238600e+00  1.523285e+05
  4.128800e+00  1.525270e+05
  4.021900e+00  1.693015e+05
  3.917700e+00  1.549085e+05
  3.816200e+00  1.484050e+05
  3.717400e+00  1.486010e+05
  3.621100e+00  1.486465e+05
  3.527300e+00  1.483145e+05
  3.435900e+00  1.488265e+05
  3.346900e+00  1.491710e+05
  3.260200e+00  1.505760e+05
  3.175800e+00  1.524860e+05
  3.093500e+00  1.516605e+05
  3.013400e+00  1.504415e+05
  2.935300e+00  1.497245e+05
  2.859300e+00  1.467255e+05
  2.785200e+00  1.430870e+05
  2.713100e+00  1.404515e+05
  2.642800e+00  1.359450e+05
  2.574300e+00  1.348480e+05
  2.507600e+00  1.318410e+05
  2.442700e+00  1.307885e+05
  2.379400e+00  1.290165e+05
  2.317800e+00  1.246440e+05
  2.257700e+00  1.205820e+05
  2.199300e+00  1.195010e+05
  2.142300e+00  1.138215e+05
  2.086800e+00  1.098175e+05
  2.032700e+00  1.083445e+05
  1.980100e+00  1.108715e+05
  1.928800e+00  9.705495e+04
  1.878800e+00  9.068705e+04
  1.830200e+00  1.007630e+05
  1.782800e+00  1.514775e+05
  1.736600e+00  1.033645e+05
  1.691600e+00  8.519285e+04
  1.647800e+00  7.633284e+04
  1.605100e+00  7.243965e+04
  1.563500e+00  6.835930e+04
  1.523000e+00  6.471060e+04
  1.483600e+00  6.153895e+04
  1.445100e+00  5.797690e+04
  1.407700e+00  5.431935e+04
  1.371200e+00  4.968515e+04
  1.335700e+00  4.894680e+04
  1.301100e+00  4.224815e+04
  1.267400e+00  3.541575e+04
  1.234600e+00  4.024160e+04
  1.202600e+00  3.999285e+04
  1.171500e+00  3.746740e+04
  1.141100e+00  3.986345e+04
  1.111600e+00  2.791385e+04
  1.082800e+00  2.434630e+04
  1.054700e+00  3.573465e+04
  1.027400e+00  2.664375e+04
  1.000800e+00  1.969340e+04
  9.749000e-01  2.798830e+04
  9.496000e-01  2.054455e+04
  9.250000e-01  1.989245e+04
  9.010000e-01  2.248055e+04
  8.777000e-01  2.374475e+04
  8.550000e-01  2.377245e+04
  8.328000e-01  2.482270e+04
  8.113000e-01  2.609705e+04
  7.902000e-01  2.690220e+04
  7.698000e-01  2.753835e+04
  7.498000e-01  2.921105e+04
  7.304000e-01  2.958325e+04
  7.115000e-01  3.099345e+04
  6.931000e-01  4.779760e+04
  6.751000e-01  3.196595e+05
  6.576000e-01  2.589500e+05
  6.406000e-01  7.238310e+05
  6.240000e-01  1.922455e+05
  6.078000e-01  4.104750e+04
  5.921000e-01  3.917875e+04
  5.767000e-01  3.956395e+04
  5.618000e-01  4.107765e+04
  5.472000e-01  4.030335e+04
  5.331000e-01  4.697575e+04
  5.193000e-01  4.260315e+04
  5.058000e-01  4.497210e+04
  4.927000e-01  7.800000e+04
  4.799000e-01  8.711870e+04
  4.675000e-01  5.549755e+04
  4.554000e-01  4.869180e+04
  4.436000e-01  9.412009e+04
  4.321000e-01  8.911730e+04
  4.209000e-01  7.898170e+04
  4.100000e-01  5.431205e+04
  3.994000e-01  1.011975e+05
  3.891000e-01  1.625385e+05
  3.790000e-01  1.510150e+05
  3.692000e-01  4.239815e+04
  3.596000e-01  3.447170e+04
  3.503000e-01  3.454270e+04
  3.412000e-01  3.239505e+04
  3.324000e-01  3.619015e+04
  3.238000e-01  2.867165e+04
  3.154000e-01  2.589595e+04
  3.072000e-01  4.092450e+04
  2.992000e-01  5.112845e+04
  2.915000e-01  5.910535e+04
  2.839000e-01  5.851105e+04
  2.766000e-01  3.082625e+04
  2.694000e-01  7.234340e+04
  2.624000e-01  1.748070e+05
  2.556000e-01  1.720200e+05
  2.490000e-01  5.514310e+04
  2.426000e-01  6.498890e+04
  2.363000e-01  6.656025e+04
  2.302000e-01  4.205280e+04
  2.242000e-01  2.941480e+04
  2.184000e-01  2.966740e+04
  2.127000e-01  3.238895e+04
  2.072000e-01  3.029210e+04
  2.019000e-01  3.101880e+04
  1.966000e-01  3.804830e+04
  1.915000e-01  6.030085e+04
  1.866000e-01  6.569195e+04
  1.817000e-01  4.636735e+04
  1.770000e-01  4.332055e+04
  1.725000e-01  4.448325e+04
  1.680000e-01  4.443975e+04
  1.636000e-01  4.291845e+04
  1.594000e-01  4.360645e+04
  1.553000e-01  5.024770e+04
  1.512000e-01  5.196565e+04
  1.473000e-01  5.052925e+04
  1.435000e-01  7.599940e+04
  1.398000e-01  5.224340e+04
  1.362000e-01  5.322460e+04
  1.326000e-01  5.531285e+04
  1.292000e-01  5.245130e+04
  1.259000e-01  5.246140e+04
  1.226000e-01  6.097630e+04
  1.194000e-01  5.662100e+04
  1.163000e-01  5.257385e+04
  1.133000e-01  5.146835e+04
  1.104000e-01  5.093835e+04
  1.075000e-01  5.021910e+04
  1.047000e-01  4.935585e+04
  1.020000e-01  4.846505e+04
  9.940000e-02  4.784595e+04
  9.680000e-02  4.751815e+04
  9.430000e-02  4.728250e+04
  9.190000e-02  4.690355e+04
  8.950000e-02  4.619555e+04
  8.720000e-02  4.551875e+04
  8.490000e-02  4.445160e+04
  8.270000e-02  4.380100e+04
  8.060000e-02  4.267415e+04
  7.850000e-02  4.252575e+04
  7.640000e-02  4.286205e+04
  7.450000e-02  4.302865e+04
  7.250000e-02  4.363700e+04
  7.070000e-02  4.469515e+04
  6.880000e-02  4.445815e+04
  6.700000e-02  4.402680e+04
  6.530000e-02  4.368480e+04
  6.360000e-02  4.317775e+04
  6.200000e-02  4.256275e+04
  6.040000e-02  4.171625e+04
  5.880000e-02  4.076895e+04
  5.730000e-02  3.952050e+04
  5.580000e-02  3.823975e+04
  5.430000e-02  3.663475e+04
  5.290000e-02  3.525250e+04
  5.160000e-02  3.363380e+04
  5.020000e-02  3.167105e+04
  4.890000e-02  2.931340e+04
  4.770000e-02  2.719030e+04
  4.640000e-02  2.490565e+04
  4.520000e-02  2.282965e+04
  4.410000e-02  2.080295e+04
  4.290000e-02  1.897545e+04
  4.180000e-02  1.700475e+04
  4.070000e-02  1.527215e+04
  3.970000e-02  1.360340e+04
  3.860000e-02  1.206910e+04
  3.760000e-02  1.060980e+04
  3.670000e-02  9.321205e+03
  3.570000e-02  8.121895e+03
  3.480000e-02  7.073245e+03
  3.390000e-02  6.058725e+03
  3.300000e-02  5.223710e+03
  3.220000e-02  4.445120e+03
  3.130000e-02  3.790420e+03
  3.050000e-02  3.193320e+03
  2.970000e-02  2.722090e+03
  2.890000e-02  2.227090e+03
  2.820000e-02  1.856110e+03
  2.750000e-02  1.539055e+03
  2.680000e-02  1.271475e+03
  2.610000e-02  1.066360e+03
  2.540000e-02  8.575825e+02
  2.470000e-02  7.271400e+02
  2.410000e-02  5.928936e+02
  2.350000e-02  5.089075e+02
  2.290000e-02  4.267560e+02
  2.230000e-02  3.678365e+02
  2.170000e-02  3.219045e+02
  2.110000e-02  2.704625e+02
  2.060000e-02  2.473675e+02
  2.000000e-02  2.370000e+02
  1.950000e-02  2.131170e+02
  1.900000e-02  2.125910e+02
  1.850000e-02  1.915945e+02
  1.800000e-02  1.883125e+02
  1.760000e-02  1.776835e+02
  1.710000e-02  1.759780e+02
  1.670000e-02  1.650845e+02
  1.630000e-02  1.654805e+02
  1.580000e-02  1.755840e+02
  1.540000e-02  1.691545e+02
  1.500000e-02  1.640370e+02
  1.460000e-02  1.612795e+02
  1.430000e-02  1.510455e+02
  1.390000e-02  1.593120e+02
  1.350000e-02  1.473710e+02
  1.320000e-02  1.463205e+02
  1.280000e-02  1.439580e+02
  1.250000e-02  1.402840e+02
  1.220000e-02  1.314915e+02
  1.190000e-02  1.274240e+02
  1.160000e-02  1.292600e+02
  1.130000e-02  1.304415e+02
  1.100000e-02  1.589185e+02
  1.070000e-02  1.637735e+02
  1.040000e-02  1.509125e+02
  1.010000e-02  1.173185e+03
