  4.934820e+03  0.000000e+00
  4.806990e+03  0.000000e+00
  4.682470e+03  0.000000e+00
  4.561180e+03  0.000000e+00
  4.443030e+03  0.000000e+00
  4.327940e+03  0.000000e+00
  4.215830e+03  0.000000e+00
  4.106630e+03  0.000000e+00
  4.000250e+03  0.000000e+00
  3.896630e+03  0.000000e+00
  3.795700e+03  0.000000e+00
  3.697380e+03  0.000000e+00
  3.601600e+03  0.000000e+00
  3.508310e+03  0.000000e+00
  3.417430e+03  0.000000e+00
  3.328910e+03  0.000000e+00
  3.242680e+03  0.000000e+00
  3.158680e+03  0.000000e+00
  3.076860e+03  0.000000e+00
  2.997160e+03  0.000000e+00
  2.919530e+03  0.000000e+00
  2.843900e+03  0.000000e+00
  2.770230e+03  0.000000e+00
  2.698480e+03  2.612250e-01
  2.628580e+03  0.000000e+00
  2.560490e+03  0.000000e+00
  2.494160e+03  2.612250e-01
  2.429550e+03  2.612250e-01
  2.366620e+03  0.000000e+00
  2.305320e+03  0.000000e+00
  2.245600e+03  0.000000e+00
  2.187430e+03  0.000000e+00
  2.130770e+03  0.000000e+00
  2.075580e+03  0.000000e+00
  2.021810e+03  2.612250e-01
  1.969440e+03  0.000000e+00
  1.918430e+03  0.000000e+00
  1.868730e+03  2.612250e-01
  1.820330e+03  0.000000e+00
  1.773170e+03  0.000000e+00
  1.727240e+03  5.224500e-01
  1.682500e+03  0.000000e+00
  1.638920e+03  0.000000e+00
  1.596470e+03  2.612250e-01
  1.555110e+03  0.000000e+00
  1.514830e+03  7.836750e-01
  1.475590e+03  2.612250e-01
  1.437370e+03  0.000000e+00
  1.400140e+03  2.612250e-01
  1.363870e+03  5.224500e-01
  1.328540e+03  2.612250e-01
  1.294120e+03  5.224500e-01
  1.260600e+03  2.612250e-01
  1.227950e+03  1.044900e+00
  1.196140e+03  7.836750e-01
  1.165160e+03  2.612250e-01
  1.134980e+03  1.306125e+00
  1.105580e+03  7.836750e-01
  1.076940e+03  2.612250e-01
  1.049040e+03  1.044900e+00
  1.021870e+03  1.044900e+00
  9.953980e+02  1.828600e+00
  9.696140e+02  7.836750e-01
  9.444970e+02  5.224500e-01
  9.200320e+02  2.873475e+00
  8.962000e+02  1.306125e+00
  8.729850e+02  1.306125e+00
  8.503720e+02  1.306125e+00
  8.283450e+02  2.873475e+00
  8.068880e+02  2.351025e+00
  7.859870e+02  1.306125e+00
  7.656270e+02  2.873500e+00
  7.457950e+02  2.873475e+00
  7.264760e+02  3.657175e+00
  7.076580e+02  2.873475e+00
  6.893270e+02  5.224525e+00
  6.714710e+02  4.440825e+00
  6.540780e+02  4.963300e+00
  6.371350e+02  5.224550e+00
  6.206310e+02  7.836850e+00
  6.045550e+02  7.575575e+00
  5.888950e+02  5.747000e+00
  5.736410e+02  8.098000e+00
  5.587810e+02  9.404200e+00
  5.443070e+02  1.280010e+01
  5.302080e+02  1.332270e+01
  5.164740e+02  1.358385e+01
  5.030950e+02  1.619620e+01
  4.900630e+02  2.011450e+01
  4.773690e+02  1.933080e+01
  4.650040e+02  1.933090e+01
  4.529580e+02  2.351050e+01
  4.412250e+02  2.742885e+01
  4.297960e+02  2.925740e+01
  4.186630e+02  2.977980e+01
  4.078180e+02  3.866155e+01
  3.972540e+02  4.519220e+01
  3.869640e+02  4.806565e+01
  3.769400e+02  5.564120e+01
  3.671770e+02  5.120035e+01
  3.576650e+02  7.758435e+01
  3.484010e+02  7.340480e+01
  3.393760e+02  8.542085e+01
  3.305850e+02  9.195260e+01
  3.220220e+02  9.900545e+01
  3.136800e+02  1.086700e+02
  3.055550e+02  1.183360e+02
  2.976400e+02  1.468090e+02
  2.899300e+02  1.562140e+02
  2.824200e+02  1.643115e+02
  2.751040e+02  1.883445e+02
  2.679780e+02  2.016660e+02
  2.610370e+02  2.317075e+02
  2.542750e+02  2.622725e+02
  2.476890e+02  2.936185e+02
  2.412730e+02  3.210470e+02
  2.350230e+02  3.461250e+02
  2.289350e+02  4.025500e+02
  2.230050e+02  4.542730e+02
  2.172280e+02  4.960690e+02
  2.116010e+02  5.234970e+02
  2.061200e+02  6.057834e+02
  2.007810e+02  6.768395e+02
  1.955800e+02  7.173280e+02
  1.905140e+02  7.878605e+02
  1.855790e+02  9.014915e+02
  1.807720e+02  9.809040e+02
  1.760890e+02  1.099765e+03
  1.715280e+02  1.222535e+03
  1.670850e+02  1.356035e+03
  1.627570e+02  1.435700e+03
  1.585410e+02  1.636845e+03
  1.544340e+02  1.732185e+03
  1.504340e+02  1.890750e+03
  1.465370e+02  2.068905e+03
  1.427410e+02  2.258820e+03
  1.390440e+02  2.450565e+03
  1.354420e+02  2.701085e+03
  1.319340e+02  2.814975e+03
  1.285160e+02  3.062360e+03
  1.251870e+02  3.288320e+03
  1.219440e+02  3.565740e+03
  1.187850e+02  3.823570e+03
  1.157090e+02  4.053975e+03
  1.127110e+02  4.404805e+03
  1.097920e+02  4.762410e+03
  1.069480e+02  5.023390e+03
  1.041770e+02  5.383615e+03
  1.014790e+02  5.726080e+03
  9.885030e+01  6.232860e+03
  9.628970e+01  6.623660e+03
  9.379550e+01  7.032995e+03
  9.136590e+01  7.511305e+03
  8.899920e+01  8.007390e+03
  8.669380e+01  8.631689e+03
  8.444820e+01  9.219725e+03
  8.226070e+01  9.757630e+03
  8.012980e+01  1.034345e+04
  7.805420e+01  1.093035e+04
  7.603240e+01  1.159325e+04
  7.406290e+01  1.230805e+04
  7.214440e+01  1.289575e+04
  7.027560e+01  1.372780e+04
  6.845520e+01  1.456415e+04
  6.668200e+01  1.545425e+04
  6.495470e+01  1.612910e+04
  6.327220e+01  1.678785e+04
  6.163320e+01  1.736720e+04
  6.003670e+01  1.795635e+04
  5.848160e+01  1.827780e+04
  5.696670e+01  1.868520e+04
  5.549110e+01  1.906165e+04
  5.405370e+01  1.989530e+04
  5.265350e+01  2.057770e+04
  5.128960e+01  2.105035e+04
  4.996100e+01  2.195160e+04
  4.866690e+01  2.295180e+04
  4.740620e+01  2.366815e+04
  4.617830e+01  2.443640e+04
  4.498210e+01  2.507560e+04
  4.381690e+01  2.508085e+04
  4.268190e+01  2.503470e+04
  4.157630e+01  2.496590e+04
  4.049930e+01  2.500695e+04
  3.945030e+01  2.468195e+04
  3.842840e+01  2.460705e+04
  3.743290e+01  2.412740e+04
  3.646330e+01  2.388480e+04
  3.551880e+01  2.379225e+04
  3.459870e+01  2.339330e+04
  3.370250e+01  2.322860e+04
  3.282950e+01  2.285990e+04
  3.197910e+01  2.282595e+04
  3.115070e+01  2.263395e+04
  3.034380e+01  2.246675e+04
  2.955780e+01  2.217575e+04
  2.879220e+01  2.203680e+04
  2.804640e+01  2.172075e+04
  2.731990e+01  2.157575e+04
  2.661220e+01  2.132705e+04
  2.592290e+01  2.103865e+04
  2.525140e+01  2.076115e+04
  2.459730e+01  2.040490e+04
  2.396010e+01  2.024505e+04
  2.333950e+01  1.979440e+04
  2.273490e+01  1.935100e+04
  2.214600e+01  1.907215e+04
  2.157230e+01  1.851840e+04
  2.101350e+01  1.810435e+04
  2.046920e+01  1.759865e+04
  1.993900e+01  1.697155e+04
  1.942250e+01  1.654180e+04
  1.891940e+01  1.580310e+04
  1.842930e+01  1.527385e+04
  1.795200e+01  1.479295e+04
  1.748690e+01  1.454335e+04
  1.703400e+01  1.390530e+04
  1.659270e+01  1.353955e+04
  1.616290e+01  1.337955e+04
  1.574430e+01  1.281430e+04
  1.533640e+01  1.235005e+04
  1.493920e+01  1.200775e+04
  1.455220e+01  1.156310e+04
  1.417520e+01  1.120485e+04
  1.380800e+01  1.056085e+04
  1.345040e+01  9.968085e+03
  1.310200e+01  9.245320e+03
  1.276260e+01  8.350891e+03
  1.243200e+01  7.554405e+03
  1.211000e+01  6.748785e+03
  1.179630e+01  5.892750e+03
  1.149070e+01  5.189265e+03
  1.119310e+01  4.643290e+03
  1.090310e+01  4.333225e+03
  1.062070e+01  3.933290e+03
  1.034560e+01  3.590295e+03
  1.007760e+01  3.173905e+03
  9.816600e+00  2.849990e+03
  9.562300e+00  2.502560e+03
  9.314600e+00  2.488960e+03
  9.073300e+00  2.809485e+03
  8.838300e+00  3.220660e+03
  8.609300e+00  3.632095e+03
  8.386300e+00  4.201035e+03
  8.169100e+00  4.595760e+03
  7.957500e+00  4.995950e+03
  7.751400e+00  5.110105e+03
  7.550600e+00  5.274950e+03
  7.355000e+00  5.094955e+03
  7.164500e+00  4.842100e+03
  6.978900e+00  4.683010e+03
  6.798100e+00  4.478205e+03
  6.622000e+00  4.238930e+03
  6.450500e+00  4.020530e+03
  6.283400e+00  3.823310e+03
  6.120600e+00  3.602050e+03
  5.962100e+00  3.445050e+03
  5.807600e+00  3.335080e+03
  5.657200e+00  3.272640e+03
  5.510700e+00  3.251490e+03
  5.367900e+00  3.005165e+03
  5.228900e+00  2.866170e+03
  5.093400e+00  2.735570e+03
  4.961500e+00  2.615390e+03
  4.833000e+00  2.437500e+03
  4.707800e+00  2.277110e+03
  4.585800e+00  2.104715e+03
  4.467100e+00  1.987145e+03
  4.351300e+00  1.873005e+03
  4.238600e+00  1.780260e+03
  4.128800e+00  1.724875e+03
  4.021900e+00  1.882645e+03
  3.917700e+00  1.594790e+03
  3.816200e+00  1.409325e+03
  3.717400e+00  1.258325e+03
  3.621100e+00  1.162980e+03
  3.527300e+00  1.127190e+03
  3.435900e+00  9.931865e+02
  3.346900e+00  8.523825e+02
  3.260200e+00  6.679565e+02
  3.175800e+00  4.352035e+02
  3.093500e+00  2.805575e+02
  3.013400e+00  1.990540e+02
  2.935300e+00  2.468585e+02
  2.859300e+00  3.257510e+02
  2.785200e+00  4.265825e+02
  2.713100e+00  5.538005e+02
  2.642800e+00  5.522335e+02
  2.574300e+00  5.268930e+02
  2.507600e+00  4.631540e+02
  2.442700e+00  4.208360e+02
  2.379400e+00  3.968025e+02
  2.317800e+00  3.646735e+02
  2.257700e+00  3.335860e+02
  2.199300e+00  3.354155e+02
  2.142300e+00  2.970150e+02
  2.086800e+00  2.421565e+02
  2.032700e+00  2.277895e+02
  1.980100e+00  2.627950e+02
  1.928800e+00  2.016670e+02
  1.878800e+00  1.650945e+02
  1.830200e+00  1.896500e+02
  1.782800e+00  2.949255e+02
  1.736600e+00  1.742375e+02
  1.691600e+00  1.209490e+02
  1.647800e+00  1.060580e+02
  1.605100e+00  8.150340e+01
  1.563500e+00  7.862910e+01
  1.523000e+00  6.321675e+01
  1.483600e+00  6.478405e+01
  1.445100e+00  6.191050e+01
  1.407700e+00  4.623710e+01
  1.371200e+00  3.840030e+01
  1.335700e+00  3.657165e+01
  1.301100e+00  3.369820e+01
  1.267400e+00  2.272670e+01
  1.234600e+00  1.933070e+01
  1.202600e+00  2.716760e+01
  1.171500e+00  2.089825e+01
  1.141100e+00  2.246555e+01
  1.111600e+00  1.515135e+01
  1.082800e+00  1.515115e+01
  1.054700e+00  1.802475e+01
  1.027400e+00  1.227775e+01
  1.000800e+00  7.314300e+00
  9.749000e-01  1.071035e+01
  9.496000e-01  1.149410e+01
  9.250000e-01  8.620501e+00
  9.010000e-01  9.665450e+00
  8.777000e-01  6.269450e+00
  8.550000e-01  8.098075e+00
  8.328000e-01  6.530675e+00
  8.113000e-01  7.053100e+00
  7.902000e-01  5.746975e+00
  7.698000e-01  6.269475e+00
  7.498000e-01  8.097975e+00
  7.304000e-01  7.314375e+00
  7.115000e-01  7.053125e+00
  6.931000e-01  1.933090e+01
  6.751000e-01  1.716250e+02
  6.576000e-01  1.444575e+02
  6.406000e-01  4.028115e+02
  6.240000e-01  1.118060e+02
  6.078000e-01  1.097145e+01
  5.921000e-01  1.018783e+01
  5.767000e-01  1.044913e+01
  5.618000e-01  1.071040e+01
  5.472000e-01  4.440825e+00
  5.331000e-01  8.881775e+00
  5.193000e-01  9.665375e+00
  5.058000e-01  8.359325e+00
  4.927000e-01  2.377180e+01
  4.799000e-01  2.977990e+01
  4.675000e-01  1.332270e+01
  4.554000e-01  1.018787e+01
  4.436000e-01  2.272675e+01
  4.321000e-01  2.272675e+01
  4.209000e-01  1.776350e+01
  4.100000e-01  1.358390e+01
  3.994000e-01  2.220425e+01
  3.891000e-01  5.302890e+01
  3.790000e-01  3.996780e+01
  3.692000e-01  1.097157e+01
  3.596000e-01  8.098075e+00
  3.503000e-01  6.269450e+00
  3.412000e-01  8.098000e+00
  3.324000e-01  5.747000e+00
  3.238000e-01  6.008200e+00
  3.154000e-01  8.881725e+00
  3.072000e-01  8.881750e+00
  2.992000e-01  1.410620e+01
  2.915000e-01  1.358375e+01
  2.839000e-01  1.828585e+01
  2.766000e-01  8.620525e+00
  2.694000e-01  2.873510e+01
  2.624000e-01  4.989425e+01
  2.556000e-01  7.418800e+01
  2.490000e-01  2.638395e+01
  2.426000e-01  1.802475e+01
  2.363000e-01  2.351045e+01
  2.302000e-01  1.410630e+01
  2.242000e-01  1.253890e+01
  2.184000e-01  9.404250e+00
  2.127000e-01  8.620550e+00
  2.072000e-01  1.123275e+01
  2.019000e-01  9.142925e+00
  1.966000e-01  1.253900e+01
  1.915000e-01  1.384495e+01
  1.866000e-01  1.776350e+01
  1.817000e-01  8.098000e+00
  1.770000e-01  4.440850e+00
  1.725000e-01  9.926700e+00
  1.680000e-01  1.097150e+01
  1.636000e-01  1.619610e+01
  1.594000e-01  1.410630e+01
  1.553000e-01  1.097157e+01
  1.512000e-01  1.358385e+01
  1.473000e-01  1.201640e+01
  1.435000e-01  1.959220e+01
  1.398000e-01  1.384510e+01
  1.362000e-01  1.044908e+01
  1.326000e-01  1.306135e+01
  1.292000e-01  1.253900e+01
  1.259000e-01  1.123270e+01
  1.226000e-01  1.750215e+01
  1.194000e-01  2.429415e+01
  1.163000e-01  1.750210e+01
  1.133000e-01  1.410630e+01
  1.104000e-01  1.489005e+01
  1.075000e-01  1.906970e+01
  1.047000e-01  1.332265e+01
  1.020000e-01  1.515120e+01
  9.940000e-02  1.671855e+01
  9.680000e-02  1.645735e+01
  9.430000e-02  1.828595e+01
  9.190000e-02  1.619605e+01
  8.950000e-02  1.880835e+01
  8.720000e-02  1.802475e+01
  8.490000e-02  2.037575e+01
  8.270000e-02  1.854710e+01
  8.060000e-02  1.671855e+01
  7.850000e-02  1.906965e+01
  7.640000e-02  1.985330e+01
  7.450000e-02  1.985325e+01
  7.250000e-02  1.515120e+01
  7.070000e-02  1.724100e+01
  6.880000e-02  1.880840e+01
  6.700000e-02  1.724105e+01
  6.530000e-02  1.541245e+01
  6.360000e-02  1.175525e+01
  6.200000e-02  1.384508e+01
  6.040000e-02  1.410630e+01
  5.880000e-02  1.149405e+01
  5.730000e-02  1.044910e+01
  5.580000e-02  1.175517e+01
  5.430000e-02  1.018780e+01
  5.290000e-02  1.306135e+01
  5.160000e-02  1.071028e+01
  5.020000e-02  7.053175e+00
  4.890000e-02  8.098001e+00
  4.770000e-02  9.142950e+00
  4.640000e-02  8.359275e+00
  4.520000e-02  5.485775e+00
  4.410000e-02  4.702075e+00
  4.290000e-02  4.179625e+00
  4.180000e-02  6.008225e+00
  4.070000e-02  3.134700e+00
  3.970000e-02  2.873475e+00
  3.860000e-02  2.612250e+00
  3.760000e-02  2.612250e+00
  3.670000e-02  2.612275e+00
  3.570000e-02  2.089800e+00
  3.480000e-02  2.873475e+00
  3.390000e-02  1.828600e+00
  3.300000e-02  3.134700e+00
  3.220000e-02  2.612250e+00
  3.130000e-02  1.828575e+00
  3.050000e-02  7.836750e-01
  2.970000e-02  1.044900e+00
  2.890000e-02  1.044900e+00
  2.820000e-02  2.612250e-01
  2.750000e-02  2.612250e-01
  2.680000e-02  1.306125e+00
  2.610000e-02  2.612250e-01
  2.540000e-02  2.612250e-01
  2.470000e-02  0.000000e+00
  2.410000e-02  0.000000e+00
  2.350000e-02  0.000000e+00
  2.290000e-02  0.000000e+00
  2.230000e-02  2.612250e-01
  2.170000e-02  0.000000e+00
  2.110000e-02  2.612250e-01
  2.060000e-02  0.000000e+00
  2.000000e-02  0.000000e+00
  1.950000e-02  0.000000e+00
  1.900000e-02  2.612250e-01
  1.850000e-02  0.000000e+00
  1.800000e-02  0.000000e+00
  1.760000e-02  0.000000e+00
  1.710000e-02  0.000000e+00
  1.670000e-02  0.000000e+00
  1.630000e-02  0.000000e+00
  1.580000e-02  2.612250e-01
  1.540000e-02  0.000000e+00
  1.500000e-02  0.000000e+00
  1.460000e-02  0.000000e+00
  1.430000e-02  0.000000e+00
  1.390000e-02  0.000000e+00
  1.350000e-02  0.000000e+00
  1.320000e-02  0.000000e+00
  1.280000e-02  0.000000e+00
  1.250000e-02  0.000000e+00
  1.220000e-02  2.612250e-01
  1.190000e-02  0.000000e+00
  1.160000e-02  0.000000e+00
  1.130000e-02  7.836750e-01
  1.100000e-02  1.306125e+00
  1.070000e-02  0.000000e+00
  1.040000e-02  0.000000e+00
  1.010000e-02  4.231870e+01
