  4.934820e+03  0.000000e+00
  4.806990e+03  0.000000e+00
  4.682470e+03  0.000000e+00
  4.561180e+03  0.000000e+00
  4.443030e+03  0.000000e+00
  4.327940e+03  0.000000e+00
  4.215830e+03  2.678050e-01
  4.106630e+03  0.000000e+00
  4.000250e+03  0.000000e+00
  3.896630e+03  0.000000e+00
  3.795700e+03  0.000000e+00
  3.697380e+03  2.678050e-01
  3.601600e+03  0.000000e+00
  3.508310e+03  0.000000e+00
  3.417430e+03  2.678050e-01
  3.328910e+03  0.000000e+00
  3.242680e+03  0.000000e+00
  3.158680e+03  0.000000e+00
  3.076860e+03  0.000000e+00
  2.997160e+03  0.000000e+00
  2.919530e+03  0.000000e+00
  2.843900e+03  0.000000e+00
  2.770230e+03  2.678050e-01
  2.698480e+03  0.000000e+00
  2.628580e+03  2.678050e-01
  2.560490e+03  5.356000e-01
  2.494160e+03  5.356100e-01
  2.429550e+03  5.356100e-01
  2.366620e+03  8.034151e-01
  2.305320e+03  0.000000e+00
  2.245600e+03  2.678050e-01
  2.187430e+03  0.000000e+00
  2.130770e+03  2.678050e-01
  2.075580e+03  8.034050e-01
  2.021810e+03  5.356100e-01
  1.969440e+03  2.678050e-01
  1.918430e+03  8.034151e-01
  1.868730e+03  8.034151e-01
  1.820330e+03  2.678050e-01
  1.773170e+03  5.356100e-01
  1.727240e+03  1.071220e+00
  1.682500e+03  5.356100e-01
  1.638920e+03  0.000000e+00
  1.596470e+03  2.678050e-01
  1.555110e+03  8.034151e-01
  1.514830e+03  1.071220e+00
  1.475590e+03  8.034151e-01
  1.437370e+03  1.874625e+00
  1.400140e+03  8.034050e-01
  1.363870e+03  2.678050e-01
  1.328540e+03  1.606820e+00
  1.294120e+03  1.606820e+00
  1.260600e+03  5.356100e-01
  1.227950e+03  1.606830e+00
  1.196140e+03  1.874635e+00
  1.165160e+03  2.142440e+00
  1.134980e+03  3.213630e+00
  1.105580e+03  3.749240e+00
  1.076940e+03  2.945805e+00
  1.049040e+03  2.945830e+00
  1.021870e+03  1.606820e+00
  9.953980e+02  2.678020e+00
  9.696140e+02  4.017035e+00
  9.444970e+02  3.481440e+00
  9.200320e+02  4.820430e+00
  8.962000e+02  4.552635e+00
  8.729850e+02  4.820430e+00
  8.503720e+02  6.695035e+00
  8.283450e+02  5.088245e+00
  8.068880e+02  9.908615e+00
  7.859870e+02  9.908715e+00
  7.656270e+02  5.088265e+00
  7.457950e+02  8.301935e+00
  7.264760e+02  9.373159e+00
  7.076580e+02  1.258680e+01
  6.893270e+02  1.071227e+01
  6.714710e+02  1.392595e+01
  6.540780e+02  1.580055e+01
  6.371350e+02  1.794310e+01
  6.206310e+02  1.901440e+01
  6.045550e+02  2.142455e+01
  5.888950e+02  2.276365e+01
  5.736410e+02  2.597725e+01
  5.587810e+02  3.026230e+01
  5.443070e+02  2.972660e+01
  5.302080e+02  3.294030e+01
  5.164740e+02  3.588610e+01
  5.030950e+02  3.990315e+01
  4.900630e+02  4.606270e+01
  4.773690e+02  5.302580e+01
  4.650040e+02  5.918520e+01
  4.529580e+02  5.677490e+01
  4.412250e+02  8.087780e+01
  4.297960e+02  8.409125e+01
  4.186630e+02  8.301985e+01
  4.078180e+02  9.346465e+01
  3.972540e+02  1.033730e+02
  3.869640e+02  1.100680e+02
  3.769400e+02  1.298865e+02
  3.671770e+02  1.293490e+02
  3.576650e+02  1.537215e+02
  3.484010e+02  1.743420e+02
  3.393760e+02  1.794300e+02
  3.305850e+02  2.113000e+02
  3.220220e+02  2.485240e+02
  3.136800e+02  2.581660e+02
  3.055550e+02  3.133335e+02
  2.976400e+02  3.221705e+02
  2.899300e+02  3.494865e+02
  2.824200e+02  3.714475e+02
  2.751040e+02  4.424160e+02
  2.679780e+02  4.903550e+02
  2.610370e+02  5.235620e+02
  2.542750e+02  5.728380e+02
  2.476890e+02  6.371130e+02
  2.412730e+02  6.893350e+02
  2.350230e+02  8.031520e+02
  2.289350e+02  8.859030e+02
  2.230050e+02  9.480315e+02
  2.172280e+02  1.101490e+03
  2.116010e+02  1.205400e+03
  2.061200e+02  1.354300e+03
  2.007810e+02  1.476150e+03
  1.955800e+02  1.624515e+03
  1.905140e+02  1.830455e+03
  1.855790e+02  1.965165e+03
  1.807720e+02  2.226005e+03
  1.760890e+02  2.455250e+03
  1.715280e+02  2.668150e+03
  1.670850e+02  2.959000e+03
  1.627570e+02  3.295360e+03
  1.585410e+02  3.552985e+03
  1.544340e+02  3.909450e+03
  1.504340e+02  4.215810e+03
  1.465370e+02  4.598235e+03
  1.427410e+02  4.980395e+03
  1.390440e+02  5.497270e+03
  1.354420e+02  5.974510e+03
  1.319340e+02  6.390405e+03
  1.285160e+02  7.000730e+03
  1.251870e+02  7.518120e+03
  1.219440e+02  8.021070e+03
  1.187850e+02  8.627660e+03
  1.157090e+02  9.389290e+03
  1.127110e+02  1.010005e+04
  1.097920e+02  1.085070e+04
  1.069480e+02  1.154070e+04
  1.041770e+02  1.257660e+04
  1.014790e+02  1.332500e+04
  9.885030e+01  1.442345e+04
  9.628970e+01  1.532095e+04
  9.379550e+01  1.650415e+04
  9.136590e+01  1.763240e+04
  8.899920e+01  1.878825e+04
  8.669380e+01  2.007555e+04
  8.444820e+01  2.143555e+04
  8.226070e+01  2.295105e+04
  8.012980e+01  2.450295e+04
  7.805420e+01  2.607900e+04
  7.603240e+01  2.781010e+04
  7.406290e+01  2.979080e+04
  7.214440e+01  3.161000e+04
  7.027560e+01  3.367350e+04
  6.845520e+01  3.562675e+04
  6.668200e+01  3.793360e+04
  6.495470e+01  3.984025e+04
  6.327220e+01  4.182815e+04
  6.163320e+01  4.350710e+04
  6.003670e+01  4.525955e+04
  5.848160e+01  4.684210e+04
  5.696670e+01  4.805260e+04
  5.549110e+01  4.960630e+04
  5.405370e+01  5.153305e+04
  5.265350e+01  5.403515e+04
  5.128960e+01  5.644320e+04
  4.996100e+01  5.922890e+04
  4.866690e+01  6.230625e+04
  4.740620e+01  6.539705e+04
  4.617830e+01  6.877380e+04
  4.498210e+01  7.122160e+04
  4.381690e+01  7.260450e+04
  4.268190e+01  7.359190e+04
  4.157630e+01  7.450466e+04
  4.049930e+01  7.526140e+04
  3.945030e+01  7.595045e+04
  3.842840e+01  7.574160e+04
  3.743290e+01  7.590225e+04
  3.646330e+01  7.589034e+04
  3.551880e+01  7.602409e+04
  3.459870e+01  7.659084e+04
  3.370250e+01  7.716850e+04
  3.282950e+01  7.791805e+04
  3.197910e+01  7.852275e+04
  3.115070e+01  7.954100e+04
  3.034380e+01  8.022009e+04
  2.955780e+01  8.142166e+04
  2.879220e+01  8.243255e+04
  2.804640e+01  8.368634e+04
  2.731990e+01  8.452080e+04
  2.661220e+01  8.603615e+04
  2.592290e+01  8.710616e+04
  2.525140e+01  8.891041e+04
  2.459730e+01  8.997520e+04
  2.396010e+01  9.148380e+04
  2.333950e+01  9.319450e+04
  2.273490e+01  9.436850e+04
  2.214600e+01  9.639810e+04
  2.157230e+01  9.799315e+04
  2.101350e+01  9.953325e+04
  2.046920e+01  1.016830e+05
  1.993900e+01  1.032100e+05
  1.942250e+01  1.044975e+05
  1.891940e+01  1.050965e+05
  1.842930e+01  1.051125e+05
  1.795200e+01  1.042595e+05
  1.748690e+01  1.031275e+05
  1.703400e+01  1.013495e+05
  1.659270e+01  9.858680e+04
  1.616290e+01  9.682545e+04
  1.574430e+01  9.411655e+04
  1.533640e+01  9.196050e+04
  1.493920e+01  9.018434e+04
  1.455220e+01  8.930865e+04
  1.417520e+01  8.926640e+04
  1.380800e+01  9.100395e+04
  1.345040e+01  9.388805e+04
  1.310200e+01  9.686995e+04
  1.276260e+01  1.011760e+05
  1.243200e+01  1.050095e+05
  1.211000e+01  1.095240e+05
  1.179630e+01  1.140190e+05
  1.149070e+01  1.184440e+05
  1.119310e+01  1.227520e+05
  1.090310e+01  1.271270e+05
  1.062070e+01  1.314620e+05
  1.034560e+01  1.366475e+05
  1.007760e+01  1.410270e+05
  9.816600e+00  1.450260e+05
  9.562300e+00  1.473940e+05
  9.314600e+00  1.452750e+05
  9.073300e+00  1.400560e+05
  8.838300e+00  1.316145e+05
  8.609300e+00  1.235190e+05
  8.386300e+00  1.155450e+05
  8.169100e+00  1.080290e+05
  7.957500e+00  1.020985e+05
  7.751400e+00  9.714945e+04
  7.550600e+00  9.495130e+04
  7.355000e+00  9.310640e+04
  7.164500e+00  9.323230e+04
  6.978900e+00  9.419395e+04
  6.798100e+00  9.480045e+04
  6.622000e+00  9.620375e+04
  6.450500e+00  9.743900e+04
  6.283400e+00  9.891695e+04
  6.120600e+00  9.991455e+04
  5.962100e+00  1.006155e+05
  5.807600e+00  1.016355e+05
  5.657200e+00  1.030120e+05
  5.510700e+00  1.043085e+05
  5.367900e+00  1.057930e+05
  5.228900e+00  1.069140e+05
  5.093400e+00  1.077210e+05
  4.961500e+00  1.087855e+05
  4.833000e+00  1.115210e+05
  4.707800e+00  1.156720e+05
  4.585800e+00  1.134120e+05
  4.467100e+00  1.134360e+05
  4.351300e+00  1.151840e+05
  4.238600e+00  1.163655e+05
  4.128800e+00  1.164865e+05
  4.021900e+00  1.319115e+05
  3.917700e+00  1.217695e+05
  3.816200e+00  1.133415e+05
  3.717400e+00  1.126820e+05
  3.621100e+00  1.126055e+05
  3.527300e+00  1.118515e+05
  3.435900e+00  1.113530e+05
  3.346900e+00  1.103295e+05
  3.260200e+00  1.096220e+05
  3.175800e+00  1.085630e+05
  3.093500e+00  1.062330e+05
  3.013400e+00  1.048420e+05
  2.935300e+00  1.043125e+05
  2.859300e+00  1.035390e+05
  2.785200e+00  1.038245e+05
  2.713100e+00  1.027435e+05
  2.642800e+00  1.012805e+05
  2.574300e+00  1.010895e+05
  2.507600e+00  9.833945e+04
  2.442700e+00  9.811305e+04
  2.379400e+00  9.696091e+04
  2.317800e+00  9.345830e+04
  2.257700e+00  9.059580e+04
  2.199300e+00  9.188570e+04
  2.142300e+00  8.635155e+04
  2.086800e+00  8.370270e+04
  2.032700e+00  8.402765e+04
  1.980100e+00  9.389630e+04
  1.928800e+00  7.913325e+04
  1.878800e+00  7.117790e+04
  1.830200e+00  8.596030e+04
  1.782800e+00  1.412900e+05
  1.736600e+00  8.870934e+04
  1.691600e+00  7.160605e+04
  1.647800e+00  6.242790e+04
  1.605100e+00  5.903715e+04
  1.563500e+00  5.650715e+04
  1.523000e+00  5.433090e+04
  1.483600e+00  5.267485e+04
  1.445100e+00  5.012485e+04
  1.407700e+00  4.743385e+04
  1.371200e+00  4.401430e+04
  1.335700e+00  4.415490e+04
  1.301100e+00  3.823890e+04
  1.267400e+00  3.216480e+04
  1.234600e+00  3.784320e+04
  1.202600e+00  3.946530e+04
  1.171500e+00  3.688175e+04
  1.141100e+00  4.321350e+04
  1.111600e+00  2.972235e+04
  1.082800e+00  2.670260e+04
  1.054700e+00  3.892275e+04
  1.027400e+00  2.984405e+04
  1.000800e+00  2.307050e+04
  9.749000e-01  3.166495e+04
  9.496000e-01  2.459750e+04
  9.250000e-01  2.456960e+04
  9.010000e-01  2.673535e+04
  8.777000e-01  2.879625e+04
  8.550000e-01  3.140220e+04
  8.328000e-01  2.981850e+04
  8.113000e-01  3.338280e+04
  7.902000e-01  3.346485e+04
  7.698000e-01  3.186475e+04
  7.498000e-01  3.665205e+04
  7.304000e-01  3.520560e+04
  7.115000e-01  3.474660e+04
  6.931000e-01  8.418130e+04
  6.751000e-01  6.037055e+05
  6.576000e-01  4.895170e+05
  6.406000e-01  1.450860e+06
  6.240000e-01  4.016690e+05
  6.078000e-01  5.889600e+04
  5.921000e-01  4.737550e+04
  5.767000e-01  4.937105e+04
  5.618000e-01  5.077125e+04
  5.472000e-01  5.062345e+04
  5.331000e-01  5.754080e+04
  5.193000e-01  5.146820e+04
  5.058000e-01  6.701865e+04
  4.927000e-01  1.284015e+05
  4.799000e-01  1.441320e+05
  4.675000e-01  8.692295e+04
  4.554000e-01  6.553570e+04
  4.436000e-01  1.334145e+05
  4.321000e-01  1.343715e+05
  4.209000e-01  1.205675e+05
  4.100000e-01  8.212290e+04
  3.994000e-01  1.410115e+05
  3.891000e-01  2.940690e+05
  3.790000e-01  2.840035e+05
  3.692000e-01  6.749290e+04
  3.596000e-01  4.738295e+04
  3.503000e-01  4.987100e+04
  3.412000e-01  4.867495e+04
  3.324000e-01  5.465000e+04
  3.238000e-01  5.266905e+04
  3.154000e-01  5.153600e+04
  3.072000e-01  6.465315e+04
  2.992000e-01  8.763030e+04
  2.915000e-01  1.140485e+05
  2.839000e-01  1.280360e+05
  2.766000e-01  8.376345e+04
  2.694000e-01  2.021815e+05
  2.624000e-01  4.475710e+05
  2.556000e-01  5.111285e+05
  2.490000e-01  2.163105e+05
  2.426000e-01  1.188790e+05
  2.363000e-01  2.031625e+05
  2.302000e-01  1.411435e+05
  2.242000e-01  9.512385e+04
  2.184000e-01  9.088450e+04
  2.127000e-01  9.470770e+04
  2.072000e-01  9.462384e+04
  2.019000e-01  9.956420e+04
  1.966000e-01  1.114625e+05
  1.915000e-01  2.251045e+05
  1.866000e-01  2.541010e+05
  1.817000e-01  1.466600e+05
  1.770000e-01  8.858650e+04
  1.725000e-01  1.101700e+05
  1.680000e-01  1.368930e+05
  1.636000e-01  1.409435e+05
  1.594000e-01  1.470880e+05
  1.553000e-01  1.621550e+05
  1.512000e-01  2.101815e+05
  1.473000e-01  1.696330e+05
  1.435000e-01  2.243830e+05
  1.398000e-01  1.900820e+05
  1.362000e-01  1.935600e+05
  1.326000e-01  1.908410e+05
  1.292000e-01  1.896055e+05
  1.259000e-01  2.044005e+05
  1.226000e-01  3.353795e+05
  1.194000e-01  3.386700e+05
  1.163000e-01  2.498015e+05
  1.133000e-01  2.385755e+05
  1.104000e-01  2.443450e+05
  1.075000e-01  2.305960e+05
  1.047000e-01  2.146390e+05
  1.020000e-01  2.250820e+05
  9.940000e-02  2.633800e+05
  9.680000e-02  2.574715e+05
  9.430000e-02  2.657805e+05
  9.190000e-02  2.455795e+05
  8.950000e-02  2.345040e+05
  8.720000e-02  2.182475e+05
  8.490000e-02  2.153990e+05
  8.270000e-02  2.153285e+05
  8.060000e-02  2.151620e+05
  7.850000e-02  2.157495e+05
  7.640000e-02  2.173970e+05
  7.450000e-02  2.179465e+05
  7.250000e-02  2.183570e+05
  7.070000e-02  2.179295e+05
  6.880000e-02  2.167095e+05
  6.700000e-02  2.152520e+05
  6.530000e-02  2.131735e+05
  6.360000e-02  2.101260e+05
  6.200000e-02  2.067030e+05
  6.040000e-02  2.026650e+05
  5.880000e-02  1.977925e+05
  5.730000e-02  1.917410e+05
  5.580000e-02  1.852795e+05
  5.430000e-02  1.782700e+05
  5.290000e-02  1.712315e+05
  5.160000e-02  1.632440e+05
  5.020000e-02  1.549550e+05
  4.890000e-02  1.453420e+05
  4.770000e-02  1.361135e+05
  4.640000e-02  1.264915e+05
  4.520000e-02  1.174210e+05
  4.410000e-02  1.080575e+05
  4.290000e-02  9.921591e+04
  4.180000e-02  9.069625e+04
  4.070000e-02  8.229345e+04
  3.970000e-02  7.420185e+04
  3.860000e-02  6.685025e+04
  3.760000e-02  5.980575e+04
  3.670000e-02  5.331385e+04
  3.570000e-02  4.705960e+04
  3.480000e-02  4.145240e+04
  3.390000e-02  3.606960e+04
  3.300000e-02  3.161680e+04
  3.220000e-02  2.714650e+04
  3.130000e-02  2.341935e+04
  3.050000e-02  2.026575e+04
  2.970000e-02  1.705965e+04
  2.890000e-02  1.432050e+04
  2.820000e-02  1.214315e+04
  2.750000e-02  1.015820e+04
  2.680000e-02  8.519471e+03
  2.610000e-02  7.079470e+03
  2.540000e-02  5.991905e+03
  2.470000e-02  4.905410e+03
  2.410000e-02  4.058345e+03
  2.350000e-02  3.422300e+03
  2.290000e-02  2.857760e+03
  2.230000e-02  2.420175e+03
  2.170000e-02  2.047915e+03
  2.110000e-02  1.780640e+03
  2.060000e-02  1.564800e+03
  2.000000e-02  1.397945e+03
  1.950000e-02  1.242895e+03
  1.900000e-02  1.138720e+03
  1.850000e-02  1.028650e+03
  1.800000e-02  9.491055e+02
  1.760000e-02  9.523240e+02
  1.710000e-02  8.856370e+02
  1.670000e-02  8.534995e+02
  1.630000e-02  8.280590e+02
  1.580000e-02  7.530720e+02
  1.540000e-02  7.659265e+02
  1.500000e-02  7.244160e+02
  1.460000e-02  6.952260e+02
  1.430000e-02  6.813000e+02
  1.390000e-02  6.526445e+02
  1.350000e-02  5.985475e+02
  1.320000e-02  5.771226e+02
  1.280000e-02  5.733745e+02
  1.250000e-02  5.374875e+02
  1.220000e-02  4.965135e+02
  1.190000e-02  4.608955e+02
  1.160000e-02  4.252780e+02
  1.130000e-02  4.100120e+02
  1.100000e-02  3.759995e+02
  1.070000e-02  3.438635e+02
  1.040000e-02  3.015505e+02
  1.010000e-02  2.399555e+03
