  4.934820e+03  1.360935e+00
  4.806990e+03  0.000000e+00
  4.682470e+03  0.000000e+00
  4.561180e+03  0.000000e+00
  4.443030e+03  0.000000e+00
  4.327940e+03  0.000000e+00
  4.215830e+03  0.000000e+00
  4.106630e+03  4.536450e-01
  4.000250e+03  0.000000e+00
  3.896630e+03  0.000000e+00
  3.795700e+03  0.000000e+00
  3.697380e+03  0.000000e+00
  3.601600e+03  0.000000e+00
  3.508310e+03  0.000000e+00
  3.417430e+03  4.536450e-01
  3.328910e+03  0.000000e+00
  3.242680e+03  0.000000e+00
  3.158680e+03  0.000000e+00
  3.076860e+03  0.000000e+00
  2.997160e+03  0.000000e+00
  2.919530e+03  4.536450e-01
  2.843900e+03  4.536450e-01
  2.770230e+03  0.000000e+00
  2.698480e+03  4.536450e-01
  2.628580e+03  0.000000e+00
  2.560490e+03  0.000000e+00
  2.494160e+03  4.536450e-01
  2.429550e+03  0.000000e+00
  2.366620e+03  4.536450e-01
  2.305320e+03  0.000000e+00
  2.245600e+03  4.536450e-01
  2.187430e+03  4.536450e-01
  2.130770e+03  0.000000e+00
  2.075580e+03  4.536450e-01
  2.021810e+03  4.536450e-01
  1.969440e+03  0.000000e+00
  1.918430e+03  9.072900e-01
  1.868730e+03  4.536450e-01
  1.820330e+03  9.072900e-01
  1.773170e+03  4.536450e-01
  1.727240e+03  9.072900e-01
  1.682500e+03  4.536450e-01
  1.638920e+03  0.000000e+00
  1.596470e+03  4.536450e-01
  1.555110e+03  3.175515e+00
  1.514830e+03  9.072900e-01
  1.475590e+03  0.000000e+00
  1.437370e+03  2.268235e+00
  1.400140e+03  1.814580e+00
  1.363870e+03  1.814580e+00
  1.328540e+03  1.814580e+00
  1.294120e+03  1.360935e+00
  1.260600e+03  1.814590e+00
  1.227950e+03  4.536450e-01
  1.196140e+03  2.268225e+00
  1.165160e+03  2.268235e+00
  1.134980e+03  3.629160e+00
  1.105580e+03  4.536450e-01
  1.076940e+03  3.629170e+00
  1.049040e+03  2.721870e+00
  1.021870e+03  2.721885e+00
  9.953980e+02  4.536475e+00
  9.696140e+02  4.082820e+00
  9.444970e+02  2.268235e+00
  9.200320e+02  6.804735e+00
  8.962000e+02  3.175525e+00
  8.729850e+02  4.536450e+00
  8.503720e+02  4.082830e+00
  8.283450e+02  5.443750e+00
  8.068880e+02  6.804715e+00
  7.859870e+02  9.072990e+00
  7.656270e+02  9.526620e+00
  7.457950e+02  1.179485e+01
  7.264760e+02  9.980265e+00
  7.076580e+02  9.526640e+00
  6.893270e+02  9.526646e+00
  6.714710e+02  1.043394e+01
  6.540780e+02  7.258375e+00
  6.371350e+02  1.859965e+01
  6.206310e+02  1.315585e+01
  6.045550e+02  1.814590e+01
  5.888950e+02  2.086790e+01
  5.736410e+02  2.222880e+01
  5.587810e+02  2.812620e+01
  5.443070e+02  2.903350e+01
  5.302080e+02  2.948725e+01
  5.164740e+02  3.039435e+01
  5.030950e+02  3.629175e+01
  4.900630e+02  3.901365e+01
  4.773690e+02  4.944740e+01
  4.650040e+02  4.445725e+01
  4.529580e+02  5.262290e+01
  4.412250e+02  5.307655e+01
  4.297960e+02  5.715915e+01
  4.186630e+02  5.942775e+01
  4.078180e+02  7.439795e+01
  3.972540e+02  7.848020e+01
  3.869640e+02  7.984125e+01
  3.769400e+02  1.011624e+02
  3.671770e+02  1.265665e+02
  3.576650e+02  1.297410e+02
  3.484010e+02  1.288345e+02
  3.393760e+02  1.510625e+02
  3.305850e+02  1.646745e+02
  3.220220e+02  1.633120e+02
  3.136800e+02  1.864485e+02
  3.055550e+02  2.064090e+02
  2.976400e+02  2.495045e+02
  2.899300e+02  2.567640e+02
  2.824200e+02  2.789915e+02
  2.751040e+02  3.384190e+02
  2.679780e+02  3.538455e+02
  2.610370e+02  3.924045e+02
  2.542750e+02  4.400370e+02
  2.476890e+02  4.726985e+02
  2.412730e+02  5.357550e+02
  2.350230e+02  5.611590e+02
  2.289350e+02  6.355570e+02
  2.230050e+02  6.981605e+02
  2.172280e+02  7.725580e+02
  2.116010e+02  8.787100e+02
  2.061200e+02  9.354145e+02
  2.007810e+02  1.046565e+03
  1.955800e+02  1.170410e+03
  1.905140e+02  1.257975e+03
  1.855790e+02  1.399955e+03
  1.807720e+02  1.578685e+03
  1.760890e+02  1.731565e+03
  1.715280e+02  1.870365e+03
  1.670850e+02  2.058190e+03
  1.627570e+02  2.381640e+03
  1.585410e+02  2.433350e+03
  1.544340e+02  2.701455e+03
  1.504340e+02  2.895625e+03
  1.465370e+02  3.256720e+03
  1.427410e+02  3.564735e+03
  1.390440e+02  3.875945e+03
  1.354420e+02  4.056035e+03
  1.319340e+02  4.430760e+03
  1.285160e+02  4.858535e+03
  1.251870e+02  5.177010e+03
  1.219440e+02  5.575765e+03
  1.187850e+02  6.122405e+03
  1.157090e+02  6.526595e+03
  1.127110e+02  7.036950e+03
  1.097920e+02  7.546400e+03
  1.069480e+02  7.984160e+03
  1.041770e+02  8.684141e+03
  1.014790e+02  9.315170e+03
  9.885030e+01  1.000603e+04
  9.628970e+01  1.073465e+04
  9.379550e+01  1.153345e+04
  9.136590e+01  1.242080e+04
  8.899920e+01  1.326915e+04
  8.669380e+01  1.413520e+04
  8.444820e+01  1.521125e+04
  8.226070e+01  1.638850e+04
  8.012980e+01  1.728580e+04
  7.805420e+01  1.846480e+04
  7.603240e+01  1.992635e+04
  7.406290e+01  2.106905e+04
  7.214440e+01  2.249905e+04
  7.027560e+01  2.394020e+04
  6.845520e+01  2.536240e+04
  6.668200e+01  2.720375e+04
  6.495470e+01  2.878420e+04
  6.327220e+01  3.022185e+04
  6.163320e+01  3.163180e+04
  6.003670e+01  3.268925e+04
  5.848160e+01  3.381915e+04
  5.696670e+01  3.496485e+04
  5.549110e+01  3.642310e+04
  5.405370e+01  3.772785e+04
  5.265350e+01  4.004055e+04
  5.128960e+01  4.203480e+04
  4.996100e+01  4.388870e+04
  4.866690e+01  4.673635e+04
  4.740620e+01  4.941290e+04
  4.617830e+01  5.175995e+04
  4.498210e+01  5.419390e+04
  4.381690e+01  5.536075e+04
  4.268190e+01  5.606820e+04
  4.157630e+01  5.711665e+04
  4.049930e+01  5.755270e+04
  3.945030e+01  5.842955e+04
  3.842840e+01  5.870455e+04
  3.743290e+01  5.863550e+04
  3.646330e+01  5.881565e+04
  3.551880e+01  5.887920e+04
  3.459870e+01  5.951880e+04
  3.370250e+01  6.032085e+04
  3.282950e+01  6.082630e+04
  3.197910e+01  6.104850e+04
  3.115070e+01  6.237350e+04
  3.034380e+01  6.275920e+04
  2.955780e+01  6.364230e+04
  2.879220e+01  6.418035e+04
  2.804640e+01  6.545705e+04
  2.731990e+01  6.627855e+04
  2.661220e+01  6.754835e+04
  2.592290e+01  6.866390e+04
  2.525140e+01  6.980109e+04
  2.459730e+01  7.058130e+04
  2.396010e+01  7.218320e+04
  2.333950e+01  7.333550e+04
  2.273490e+01  7.493184e+04
  2.214600e+01  7.605865e+04
  2.157230e+01  7.736459e+04
  2.101350e+01  7.938160e+04
  2.046920e+01  8.091310e+04
  1.993900e+01  8.230460e+04
  1.942250e+01  8.336865e+04
  1.891940e+01  8.384184e+04
  1.842930e+01  8.407330e+04
  1.795200e+01  8.249141e+04
  1.748690e+01  8.133775e+04
  1.703400e+01  7.959715e+04
  1.659270e+01  7.743145e+04
  1.616290e+01  7.522165e+04
  1.574430e+01  7.266995e+04
  1.533640e+01  7.084770e+04
  1.493920e+01  6.934560e+04
  1.455220e+01  6.846650e+04
  1.417520e+01  6.879709e+04
  1.380800e+01  6.966415e+04
  1.345040e+01  7.211065e+04
  1.310200e+01  7.507884e+04
  1.276260e+01  7.871920e+04
  1.243200e+01  8.264780e+04
  1.211000e+01  8.641045e+04
  1.179630e+01  9.081584e+04
  1.149070e+01  9.462320e+04
  1.119310e+01  9.899940e+04
  1.090310e+01  1.029650e+05
  1.062070e+01  1.075085e+05
  1.034560e+01  1.126365e+05
  1.007760e+01  1.167555e+05
  9.816600e+00  1.209315e+05
  9.562300e+00  1.230820e+05
  9.314600e+00  1.219290e+05
  9.073300e+00  1.169445e+05
  8.838300e+00  1.102530e+05
  8.609300e+00  1.034295e+05
  8.386300e+00  9.654345e+04
  8.169100e+00  8.987765e+04
  7.957500e+00  8.467570e+04
  7.751400e+00  8.046130e+04
  7.550600e+00  7.806025e+04
  7.355000e+00  7.727265e+04
  7.164500e+00  7.744960e+04
  6.978900e+00  7.874605e+04
  6.798100e+00  7.973500e+04
  6.622000e+00  8.120115e+04
  6.450500e+00  8.269970e+04
  6.283400e+00  8.449885e+04
  6.120600e+00  8.616095e+04
  5.962100e+00  8.691180e+04
  5.807600e+00  8.857885e+04
  5.657200e+00  9.037845e+04
  5.510700e+00  9.238484e+04
  5.367900e+00  9.419045e+04
  5.228900e+00  9.558259e+04
  5.093400e+00  9.720990e+04
  4.961500e+00  9.905360e+04
  4.833000e+00  1.022485e+05
  4.707800e+00  1.060980e+05
  4.585800e+00  1.055365e+05
  4.467100e+00  1.067255e+05
  4.351300e+00  1.094385e+05
  4.238600e+00  1.108095e+05
  4.128800e+00  1.122910e+05
  4.021900e+00  1.341535e+05
  3.917700e+00  1.231210e+05
  3.816200e+00  1.137470e+05
  3.717400e+00  1.140370e+05
  3.621100e+00  1.140335e+05
  3.527300e+00  1.152445e+05
  3.435900e+00  1.155790e+05
  3.346900e+00  1.158325e+05
  3.260200e+00  1.163970e+05
  3.175800e+00  1.162960e+05
  3.093500e+00  1.144490e+05
  3.013400e+00  1.144440e+05
  2.935300e+00  1.141395e+05
  2.859300e+00  1.149365e+05
  2.785200e+00  1.157670e+05
  2.713100e+00  1.151765e+05
  2.642800e+00  1.144660e+05
  2.574300e+00  1.149065e+05
  2.507600e+00  1.134885e+05
  2.442700e+00  1.127185e+05
  2.379400e+00  1.119845e+05
  2.317800e+00  1.093140e+05
  2.257700e+00  1.066795e+05
  2.199300e+00  1.108000e+05
  2.142300e+00  1.036805e+05
  2.086800e+00  1.003260e+05
  2.032700e+00  1.005805e+05
  1.980100e+00  1.120960e+05
  1.928800e+00  9.624545e+04
  1.878800e+00  8.803395e+04
  1.830200e+00  1.040940e+05
  1.782800e+00  1.739065e+05
  1.736600e+00  1.106185e+05
  1.691600e+00  8.686375e+04
  1.647800e+00  7.596025e+04
  1.605100e+00  7.126355e+04
  1.563500e+00  6.743755e+04
  1.523000e+00  6.463455e+04
  1.483600e+00  6.238220e+04
  1.445100e+00  5.845770e+04
  1.407700e+00  5.545230e+04
  1.371200e+00  5.113940e+04
  1.335700e+00  4.990110e+04
  1.301100e+00  4.413975e+04
  1.267400e+00  3.744250e+04
  1.234600e+00  4.129365e+04
  1.202600e+00  4.207345e+04
  1.171500e+00  3.918950e+04
  1.141100e+00  4.669420e+04
  1.111600e+00  3.182415e+04
  1.082800e+00  2.867995e+04
  1.054700e+00  3.961460e+04
  1.027400e+00  3.005545e+04
  1.000800e+00  2.323335e+04
  9.749000e-01  3.041825e+04
  9.496000e-01  2.428860e+04
  9.250000e-01  2.452050e+04
  9.010000e-01  2.401005e+04
  8.777000e-01  2.664755e+04
  8.550000e-01  3.004760e+04
  8.328000e-01  2.602020e+04
  8.113000e-01  3.062290e+04
  7.902000e-01  2.972695e+04
  7.698000e-01  2.802950e+04
  7.498000e-01  3.362605e+04
  7.304000e-01  3.107830e+04
  7.115000e-01  3.167530e+04
  6.931000e-01  8.052445e+04
  6.751000e-01  6.667745e+05
  6.576000e-01  5.390320e+05
  6.406000e-01  1.816525e+06
  6.240000e-01  5.453200e+05
  6.078000e-01  5.629305e+04
  5.921000e-01  4.469995e+04
  5.767000e-01  4.617435e+04
  5.618000e-01  4.816895e+04
  5.472000e-01  4.758010e+04
  5.331000e-01  5.547005e+04
  5.193000e-01  5.298215e+04
  5.058000e-01  6.759100e+04
  4.927000e-01  1.355110e+05
  4.799000e-01  1.412520e+05
  4.675000e-01  8.031240e+04
  4.554000e-01  6.335750e+04
  4.436000e-01  1.507445e+05
  4.321000e-01  1.722735e+05
  4.209000e-01  1.260820e+05
  4.100000e-01  8.777216e+04
  3.994000e-01  1.651405e+05
  3.891000e-01  4.011830e+05
  3.790000e-01  3.340385e+05
  3.692000e-01  7.015945e+04
  3.596000e-01  5.141485e+04
  3.503000e-01  5.368080e+04
  3.412000e-01  5.427370e+04
  3.324000e-01  5.904600e+04
  3.238000e-01  6.045155e+04
  3.154000e-01  6.116830e+04
  3.072000e-01  7.134159e+04
  2.992000e-01  1.044440e+05
  2.915000e-01  1.422165e+05
  2.839000e-01  1.571195e+05
  2.766000e-01  8.746415e+04
  2.694000e-01  2.240610e+05
  2.624000e-01  4.772105e+05
  2.556000e-01  5.601530e+05
  2.490000e-01  2.786685e+05
  2.426000e-01  1.308510e+05
  2.363000e-01  2.530900e+05
  2.302000e-01  1.650445e+05
  2.242000e-01  1.130200e+05
  2.184000e-01  1.091825e+05
  2.127000e-01  1.132740e+05
  2.072000e-01  1.106055e+05
  2.019000e-01  1.170710e+05
  1.966000e-01  1.324440e+05
  1.915000e-01  2.126975e+05
  1.866000e-01  1.726455e+05
  1.817000e-01  9.617980e+04
  1.770000e-01  5.174010e+04
  1.725000e-01  8.006891e+04
  1.680000e-01  1.479280e+05
  1.636000e-01  1.711235e+05
  1.594000e-01  1.779300e+05
  1.553000e-01  1.855455e+05
  1.512000e-01  1.972895e+05
  1.473000e-01  2.038710e+05
  1.435000e-01  2.598465e+05
  1.398000e-01  2.209215e+05
  1.362000e-01  2.346795e+05
  1.326000e-01  2.355255e+05
  1.292000e-01  2.183070e+05
  1.259000e-01  2.300355e+05
  1.226000e-01  4.018585e+05
  1.194000e-01  3.937230e+05
  1.163000e-01  2.751510e+05
  1.133000e-01  2.157705e+05
  1.104000e-01  1.892125e+05
  1.075000e-01  1.919800e+05
  1.047000e-01  1.960915e+05
  1.020000e-01  2.125055e+05
  9.940000e-02  1.637955e+05
  9.680000e-02  9.451535e+04
  9.430000e-02  9.055770e+04
  9.190000e-02  9.739540e+04
  8.950000e-02  2.161810e+05
  8.720000e-02  2.231160e+05
  8.490000e-02  2.188635e+05
  8.270000e-02  2.222685e+05
  8.060000e-02  2.351865e+05
  7.850000e-02  2.436155e+05
  7.640000e-02  2.524435e+05
  7.450000e-02  2.602800e+05
  7.250000e-02  2.690060e+05
  7.070000e-02  2.732680e+05
  6.880000e-02  2.757010e+05
  6.700000e-02  2.775485e+05
  6.530000e-02  2.780395e+05
  6.360000e-02  2.792630e+05
  6.200000e-02  2.784530e+05
  6.040000e-02  2.763160e+05
  5.880000e-02  2.738695e+05
  5.730000e-02  2.689535e+05
  5.580000e-02  2.630135e+05
  5.430000e-02  2.566115e+05
  5.290000e-02  2.499415e+05
  5.160000e-02  2.422465e+05
  5.020000e-02  2.320490e+05
  4.890000e-02  2.189395e+05
  4.770000e-02  2.071825e+05
  4.640000e-02  1.942745e+05
  4.520000e-02  1.825495e+05
  4.410000e-02  1.696655e+05
  4.290000e-02  1.565875e+05
  4.180000e-02  1.443435e+05
  4.070000e-02  1.320880e+05
  3.970000e-02  1.206625e+05
  3.860000e-02  1.096055e+05
  3.760000e-02  9.899570e+04
  3.670000e-02  8.879525e+04
  3.570000e-02  7.949770e+04
  3.480000e-02  7.025925e+04
  3.390000e-02  6.242335e+04
  3.300000e-02  5.488120e+04
  3.220000e-02  4.767535e+04
  3.130000e-02  4.148270e+04
  3.050000e-02  3.573770e+04
  2.970000e-02  3.052085e+04
  2.890000e-02  2.613915e+04
  2.820000e-02  2.283070e+04
  2.750000e-02  1.930525e+04
  2.680000e-02  1.603135e+04
  2.610000e-02  1.332315e+04
  2.540000e-02  1.105615e+04
  2.470000e-02  9.100135e+03
  2.410000e-02  7.349515e+03
  2.350000e-02  6.023970e+03
  2.290000e-02  4.946085e+03
  2.230000e-02  3.974385e+03
  2.170000e-02  3.254900e+03
  2.110000e-02  2.667440e+03
  2.060000e-02  2.187940e+03
  2.000000e-02  1.823205e+03
  1.950000e-02  1.585950e+03
  1.900000e-02  1.319195e+03
  1.850000e-02  1.099180e+03
  1.800000e-02  1.028410e+03
  1.760000e-02  8.841560e+02
  1.710000e-02  8.206429e+02
  1.670000e-02  7.562271e+02
  1.630000e-02  7.017890e+02
  1.580000e-02  6.686745e+02
  1.540000e-02  6.214930e+02
  1.500000e-02  5.783990e+02
  1.460000e-02  5.879245e+02
  1.430000e-02  5.584380e+02
  1.390000e-02  5.393845e+02
  1.350000e-02  5.198775e+02
  1.320000e-02  5.021845e+02
  1.280000e-02  4.686165e+02
  1.250000e-02  4.668010e+02
  1.220000e-02  4.314165e+02
  1.190000e-02  3.910430e+02
  1.160000e-02  3.919500e+02
  1.130000e-02  3.379665e+02
  1.100000e-02  3.298000e+02
  1.070000e-02  3.021275e+02
  1.040000e-02  3.039420e+02
  1.010000e-02  2.036880e+03
