  4.934820e+03  8.069000e-02
  4.806990e+03  0.000000e+00
  4.682470e+03  0.000000e+00
  4.561180e+03  0.000000e+00
  4.443030e+03  0.000000e+00
  4.327940e+03  0.000000e+00
  4.215830e+03  0.000000e+00
  4.106630e+03  8.069000e-02
  4.000250e+03  0.000000e+00
  3.896630e+03  0.000000e+00
  3.795700e+03  0.000000e+00
  3.697380e+03  0.000000e+00
  3.601600e+03  0.000000e+00
  3.508310e+03  0.000000e+00
  3.417430e+03  0.000000e+00
  3.328910e+03  0.000000e+00
  3.242680e+03  2.420700e-01
  3.158680e+03  8.069000e-02
  3.076860e+03  1.613800e-01
  2.997160e+03  8.069000e-02
  2.919530e+03  0.000000e+00
  2.843900e+03  0.000000e+00
  2.770230e+03  8.069000e-02
  2.698480e+03  8.069000e-02
  2.628580e+03  1.613800e-01
  2.560490e+03  0.000000e+00
  2.494160e+03  0.000000e+00
  2.429550e+03  1.613800e-01
  2.366620e+03  8.069000e-02
  2.305320e+03  0.000000e+00
  2.245600e+03  8.069000e-02
  2.187430e+03  1.613800e-01
  2.130770e+03  1.613800e-01
  2.075580e+03  3.227600e-01
  2.021810e+03  2.420700e-01
  1.969440e+03  3.227650e-01
  1.918430e+03  4.841400e-01
  1.868730e+03  5.648350e-01
  1.820330e+03  2.420750e-01
  1.773170e+03  4.841400e-01
  1.727240e+03  7.262150e-01
  1.682500e+03  4.841450e-01
  1.638920e+03  7.262150e-01
  1.596470e+03  8.875901e-01
  1.555110e+03  2.340050e+00
  1.514830e+03  1.775210e+00
  1.475590e+03  2.985590e+00
  1.437370e+03  1.210365e+00
  1.400140e+03  1.291065e+00
  1.363870e+03  1.048985e+00
  1.328540e+03  1.613830e+00
  1.294120e+03  2.178665e+00
  1.260600e+03  1.371750e+00
  1.227950e+03  1.775205e+00
  1.196140e+03  1.694515e+00
  1.165160e+03  1.613835e+00
  1.134980e+03  2.985590e+00
  1.105580e+03  2.340050e+00
  1.076940e+03  3.711810e+00
  1.049040e+03  4.438045e+00
  1.021870e+03  4.518755e+00
  9.953980e+02  5.002880e+00
  9.696140e+02  4.276675e+00
  9.444970e+02  6.536050e+00
  9.200320e+02  6.778095e+00
  8.962000e+02  7.100890e+00
  8.729850e+02  1.016723e+01
  8.503720e+02  1.153900e+01
  8.283450e+02  1.081281e+01
  8.068880e+02  1.121625e+01
  7.859870e+02  1.476665e+01
  7.656270e+02  1.952745e+01
  7.457950e+02  2.001160e+01
  7.264760e+02  2.194820e+01
  7.076580e+02  2.380400e+01
  6.893270e+02  2.428825e+01
  6.714710e+02  2.896835e+01
  6.540780e+02  3.219615e+01
  6.371350e+02  3.945835e+01
  6.206310e+02  4.284750e+01
  6.045550e+02  4.793090e+01
  5.888950e+02  5.656500e+01
  5.736410e+02  6.374660e+01
  5.587810e+02  7.076660e+01
  5.443070e+02  7.552755e+01
  5.302080e+02  8.747015e+01
  5.164740e+02  1.052220e+02
  5.030950e+02  1.175680e+02
  4.900630e+02  1.273320e+02
  4.773690e+02  1.471815e+02
  4.650040e+02  1.638850e+02
  4.529580e+02  1.876895e+02
  4.412250e+02  2.091530e+02
  4.297960e+02  2.339255e+02
  4.186630e+02  2.722545e+02
  4.078180e+02  3.060650e+02
  3.972540e+02  3.290610e+02
  3.869640e+02  3.682775e+02
  3.769400e+02  4.312170e+02
  3.671770e+02  4.777765e+02
  3.576650e+02  5.405540e+02
  3.484010e+02  6.196330e+02
  3.393760e+02  6.855580e+02
  3.305850e+02  7.552765e+02
  3.220220e+02  8.654985e+02
  3.136800e+02  9.518390e+02
  3.055550e+02  1.075055e+03
  2.976400e+02  1.214250e+03
  2.899300e+02  1.345380e+03
  2.824200e+02  1.505465e+03
  2.751040e+02  1.695335e+03
  2.679780e+02  1.908365e+03
  2.610370e+02  2.144145e+03
  2.542750e+02  2.387020e+03
  2.476890e+02  2.674525e+03
  2.412730e+02  2.975670e+03
  2.350230e+02  3.354180e+03
  2.289350e+02  3.737315e+03
  2.230050e+02  4.177175e+03
  2.172280e+02  4.641710e+03
  2.116010e+02  5.086735e+03
  2.061200e+02  5.719115e+03
  2.007810e+02  6.391290e+03
  1.955800e+02  7.096040e+03
  1.905140e+02  7.928375e+03
  1.855790e+02  8.769905e+03
  1.807720e+02  9.708920e+03
  1.760890e+02  1.081305e+04
  1.715280e+02  1.184250e+04
  1.670850e+02  1.304590e+04
  1.627570e+02  1.429405e+04
  1.585410e+02  1.562935e+04
  1.544340e+02  1.711825e+04
  1.504340e+02  1.869285e+04
  1.465370e+02  2.020790e+04
  1.427410e+02  2.208525e+04
  1.390440e+02  2.380370e+04
  1.354420e+02  2.581400e+04
  1.319340e+02  2.784335e+04
  1.285160e+02  3.006190e+04
  1.251870e+02  3.226435e+04
  1.219440e+02  3.459175e+04
  1.187850e+02  3.705000e+04
  1.157090e+02  3.961750e+04
  1.127110e+02  4.214455e+04
  1.097920e+02  4.492630e+04
  1.069480e+02  4.767905e+04
  1.041770e+02  5.050890e+04
  1.014790e+02  5.347940e+04
  9.885030e+01  5.637490e+04
  9.628970e+01  5.905125e+04
  9.379550e+01  6.186740e+04
  9.136590e+01  6.461660e+04
  8.899920e+01  6.725880e+04
  8.669380e+01  6.980775e+04
  8.444820e+01  7.222810e+04
  8.226070e+01  7.424910e+04
  8.012980e+01  7.633095e+04
  7.805420e+01  7.778970e+04
  7.603240e+01  7.897305e+04
  7.406290e+01  7.997830e+04
  7.214440e+01  8.067425e+04
  7.027560e+01  8.112695e+04
  6.845520e+01  8.082670e+04
  6.668200e+01  8.012705e+04
  6.495470e+01  7.922791e+04
  6.327220e+01  7.848355e+04
  6.163320e+01  7.752050e+04
  6.003670e+01  7.624080e+04
  5.848160e+01  7.498875e+04
  5.696670e+01  7.358270e+04
  5.549110e+01  7.213005e+04
  5.405370e+01  6.912645e+04
  5.265350e+01  6.601366e+04
  5.128960e+01  6.268325e+04
  4.996100e+01  5.942250e+04
  4.866690e+01  5.509935e+04
  4.740620e+01  5.107595e+04
  4.617830e+01  4.699205e+04
  4.498210e+01  4.327725e+04
  4.381690e+01  4.070300e+04
  4.268190e+01  3.818915e+04
  4.157630e+01  3.573025e+04
  4.049930e+01  3.302345e+04
  3.945030e+01  3.079490e+04
  3.842840e+01  2.878150e+04
  3.743290e+01  2.681855e+04
  3.646330e+01  2.473560e+04
  3.551880e+01  2.269280e+04
  3.459870e+01  2.072685e+04
  3.370250e+01  1.865515e+04
  3.282950e+01  1.673020e+04
  3.197910e+01  1.501160e+04
  3.115070e+01  1.321035e+04
  3.034380e+01  1.161175e+04
  2.955780e+01  1.012280e+04
  2.879220e+01  8.706400e+03
  2.804640e+01  7.450120e+03
  2.731990e+01  6.370215e+03
  2.661220e+01  5.285955e+03
  2.592290e+01  4.407480e+03
  2.525140e+01  3.606125e+03
  2.459730e+01  2.937190e+03
  2.396010e+01  2.401400e+03
  2.333950e+01  1.905295e+03
  2.273490e+01  1.513140e+03
  2.214600e+01  1.152695e+03
  2.157230e+01  8.778470e+02
  2.101350e+01  6.733725e+02
  2.046920e+01  4.981920e+02
  1.993900e+01  3.815920e+02
  1.942250e+01  2.724160e+02
  1.891940e+01  2.035855e+02
  1.842930e+01  1.492795e+02
  1.795200e+01  1.167620e+02
  1.748690e+01  9.408690e+01
  1.703400e+01  7.294540e+01
  1.659270e+01  6.592525e+01
  1.616290e+01  5.382140e+01
  1.574430e+01  4.575225e+01
  1.533640e+01  3.623070e+01
  1.493920e+01  3.413260e+01
  1.455220e+01  2.444960e+01
  1.417520e+01  1.549290e+01
  1.380800e+01  1.105490e+01
  1.345040e+01  5.809825e+00
  1.310200e+01  3.873205e+00
  1.276260e+01  1.694520e+00
  1.243200e+01  9.682900e-01
  1.211000e+01  5.648400e-01
  1.179630e+01  1.613800e-01
  1.149070e+01  8.069000e-02
  1.119310e+01  8.069000e-02
  1.090310e+01  1.613800e-01
  1.062070e+01  2.420700e-01
  1.034560e+01  8.069000e-02
  1.007760e+01  8.069000e-02
  9.816600e+00  8.069000e-02
  9.562300e+00  1.613800e-01
  9.314600e+00  2.420700e-01
  9.073300e+00  8.069000e-02
  8.838300e+00  8.069000e-02
  8.609300e+00  2.420700e-01
  8.386300e+00  2.420700e-01
  8.169100e+00  1.613800e-01
  7.957500e+00  1.291055e+00
  7.751400e+00  1.048990e+00
  7.550600e+00  1.452445e+00
  7.355000e+00  1.371760e+00
  7.164500e+00  2.017285e+00
  6.978900e+00  1.371750e+00
  6.798100e+00  8.876050e-01
  6.622000e+00  1.613825e+00
  6.450500e+00  1.855905e+00
  6.283400e+00  1.533135e+00
  6.120600e+00  1.210370e+00
  5.962100e+00  1.613825e+00
  5.807600e+00  9.682950e-01
  5.657200e+00  1.048985e+00
  5.510700e+00  1.694510e+00
  5.367900e+00  8.875999e-01
  5.228900e+00  8.876100e-01
  5.093400e+00  1.291065e+00
  4.961500e+00  1.371760e+00
  4.833000e+00  1.291050e+00
  4.707800e+00  1.129680e+00
  4.585800e+00  7.262150e-01
  4.467100e+00  7.262150e-01
  4.351300e+00  8.069050e-01
  4.238600e+00  1.129680e+00
  4.128800e+00  1.452445e+00
  4.021900e+00  4.034500e-01
  3.917700e+00  7.262250e-01
  3.816200e+00  7.262150e-01
  3.717400e+00  5.648400e-01
  3.621100e+00  4.841400e-01
  3.527300e+00  7.262150e-01
  3.435900e+00  4.841400e-01
  3.346900e+00  8.069000e-02
  3.260200e+00  4.841400e-01
  3.175800e+00  3.227600e-01
  3.093500e+00  3.227600e-01
  3.013400e+00  8.069000e-02
  2.935300e+00  2.420700e-01
  2.859300e+00  2.420700e-01
  2.785200e+00  7.262150e-01
  2.713100e+00  4.034500e-01
  2.642800e+00  4.841450e-01
  2.574300e+00  4.034500e-01
  2.507600e+00  3.227650e-01
  2.442700e+00  3.227600e-01
  2.379400e+00  3.227600e-01
  2.317800e+00  4.034500e-01
  2.257700e+00  3.227600e-01
  2.199300e+00  4.841500e-01
  2.142300e+00  1.613800e-01
  2.086800e+00  3.227600e-01
  2.032700e+00  4.034550e-01
  1.980100e+00  2.420700e-01
  1.928800e+00  1.613800e-01
  1.878800e+00  2.420700e-01
  1.830200e+00  5.648300e-01
  1.782800e+00  3.227600e-01
  1.736600e+00  2.420700e-01
  1.691600e+00  1.613800e-01
  1.647800e+00  1.613800e-01
  1.605100e+00  0.000000e+00
  1.563500e+00  1.613800e-01
  1.523000e+00  0.000000e+00
  1.483600e+00  1.613800e-01
  1.445100e+00  0.000000e+00
  1.407700e+00  0.000000e+00
  1.371200e+00  0.000000e+00
  1.335700e+00  0.000000e+00
  1.301100e+00  1.613800e-01
  1.267400e+00  0.000000e+00
  1.234600e+00  0.000000e+00
  1.202600e+00  1.613800e-01
  1.171500e+00  0.000000e+00
  1.141100e+00  1.613800e-01
  1.111600e+00  0.000000e+00
  1.082800e+00  0.000000e+00
  1.054700e+00  0.000000e+00
  1.027400e+00  0.000000e+00
  1.000800e+00  0.000000e+00
  9.749000e-01  0.000000e+00
  9.496000e-01  0.000000e+00
  9.250000e-01  0.000000e+00
  9.010000e-01  8.069000e-02
  8.777000e-01  0.000000e+00
  8.550000e-01  0.000000e+00
  8.328000e-01  0.000000e+00
  8.113000e-01  0.000000e+00
  7.902000e-01  0.000000e+00
  7.698000e-01  0.000000e+00
  7.498000e-01  0.000000e+00
  7.304000e-01  0.000000e+00
  7.115000e-01  0.000000e+00
  6.931000e-01  8.069000e-02
  6.751000e-01  8.069000e-02
  6.576000e-01  8.069000e-02
  6.406000e-01  0.000000e+00
  6.240000e-01  0.000000e+00
  6.078000e-01  0.000000e+00
  5.921000e-01  0.000000e+00
  5.767000e-01  0.000000e+00
  5.618000e-01  0.000000e+00
  5.472000e-01  0.000000e+00
  5.331000e-01  0.000000e+00
  5.193000e-01  1.613800e-01
  5.058000e-01  0.000000e+00
  4.927000e-01  0.000000e+00
  4.799000e-01  0.000000e+00
  4.675000e-01  0.000000e+00
  4.554000e-01  0.000000e+00
  4.436000e-01  0.000000e+00
  4.321000e-01  0.000000e+00
  4.209000e-01  0.000000e+00
  4.100000e-01  0.000000e+00
  3.994000e-01  8.069000e-02
  3.891000e-01  0.000000e+00
  3.790000e-01  0.000000e+00
  3.692000e-01  0.000000e+00
  3.596000e-01  0.000000e+00
  3.503000e-01  8.069000e-02
  3.412000e-01  8.069000e-02
  3.324000e-01  8.069000e-02
  3.238000e-01  8.069000e-02
  3.154000e-01  8.069000e-02
  3.072000e-01  8.069000e-02
  2.992000e-01  0.000000e+00
  2.915000e-01  8.069000e-02
  2.839000e-01  1.613800e-01
  2.766000e-01  8.069000e-02
  2.694000e-01  8.069000e-02
  2.624000e-01  0.000000e+00
  2.556000e-01  1.613800e-01
  2.490000e-01  8.069000e-02
  2.426000e-01  0.000000e+00
  2.363000e-01  0.000000e+00
  2.302000e-01  0.000000e+00
  2.242000e-01  0.000000e+00
  2.184000e-01  8.069000e-02
  2.127000e-01  0.000000e+00
  2.072000e-01  8.069000e-02
  2.019000e-01  0.000000e+00
  1.966000e-01  0.000000e+00
  1.915000e-01  8.069000e-02
  1.866000e-01  8.069000e-02
  1.817000e-01  0.000000e+00
  1.770000e-01  0.000000e+00
  1.725000e-01  0.000000e+00
  1.680000e-01  0.000000e+00
  1.636000e-01  0.000000e+00
  1.594000e-01  0.000000e+00
  1.553000e-01  0.000000e+00
  1.512000e-01  0.000000e+00
  1.473000e-01  0.000000e+00
  1.435000e-01  0.000000e+00
  1.398000e-01  0.000000e+00
  1.362000e-01  0.000000e+00
  1.326000e-01  0.000000e+00
  1.292000e-01  0.000000e+00
  1.259000e-01  0.000000e+00
  1.226000e-01  0.000000e+00
  1.194000e-01  0.000000e+00
  1.163000e-01  0.000000e+00
  1.133000e-01  0.000000e+00
  1.104000e-01  0.000000e+00
  1.075000e-01  0.000000e+00
  1.047000e-01  0.000000e+00
  1.020000e-01  0.000000e+00
  9.940000e-02  0.000000e+00
  9.680000e-02  0.000000e+00
  9.430000e-02  0.000000e+00
  9.190000e-02  0.000000e+00
  8.950000e-02  0.000000e+00
  8.720000e-02  0.000000e+00
  8.490000e-02  0.000000e+00
  8.270000e-02  0.000000e+00
  8.060000e-02  0.000000e+00
  7.850000e-02  0.000000e+00
  7.640000e-02  0.000000e+00
  7.450000e-02  0.000000e+00
  7.250000e-02  0.000000e+00
  7.070000e-02  0.000000e+00
  6.880000e-02  0.000000e+00
  6.700000e-02  0.000000e+00
  6.530000e-02  0.000000e+00
  6.360000e-02  0.000000e+00
  6.200000e-02  0.000000e+00
  6.040000e-02  0.000000e+00
  5.880000e-02  0.000000e+00
  5.730000e-02  0.000000e+00
  5.580000e-02  0.000000e+00
  5.430000e-02  0.000000e+00
  5.290000e-02  0.000000e+00
  5.160000e-02  0.000000e+00
  5.020000e-02  0.000000e+00
  4.890000e-02  0.000000e+00
  4.770000e-02  0.000000e+00
  4.640000e-02  0.000000e+00
  4.520000e-02  0.000000e+00
  4.410000e-02  0.000000e+00
  4.290000e-02  0.000000e+00
  4.180000e-02  0.000000e+00
  4.070000e-02  0.000000e+00
  3.970000e-02  0.000000e+00
  3.860000e-02  0.000000e+00
  3.760000e-02  0.000000e+00
  3.670000e-02  0.000000e+00
  3.570000e-02  0.000000e+00
  3.480000e-02  0.000000e+00
  3.390000e-02  0.000000e+00
  3.300000e-02  0.000000e+00
  3.220000e-02  0.000000e+00
  3.130000e-02  0.000000e+00
  3.050000e-02  0.000000e+00
  2.970000e-02  0.000000e+00
  2.890000e-02  0.000000e+00
  2.820000e-02  0.000000e+00
  2.750000e-02  0.000000e+00
  2.680000e-02  0.000000e+00
  2.610000e-02  0.000000e+00
  2.540000e-02  0.000000e+00
  2.470000e-02  0.000000e+00
  2.410000e-02  0.000000e+00
  2.350000e-02  0.000000e+00
  2.290000e-02  0.000000e+00
  2.230000e-02  0.000000e+00
  2.170000e-02  0.000000e+00
  2.110000e-02  0.000000e+00
  2.060000e-02  0.000000e+00
  2.000000e-02  0.000000e+00
  1.950000e-02  0.000000e+00
  1.900000e-02  0.000000e+00
  1.850000e-02  0.000000e+00
  1.800000e-02  0.000000e+00
  1.760000e-02  0.000000e+00
  1.710000e-02  0.000000e+00
  1.670000e-02  0.000000e+00
  1.630000e-02  0.000000e+00
  1.580000e-02  0.000000e+00
  1.540000e-02  0.000000e+00
  1.500000e-02  0.000000e+00
  1.460000e-02  0.000000e+00
  1.430000e-02  0.000000e+00
  1.390000e-02  0.000000e+00
  1.350000e-02  0.000000e+00
  1.320000e-02  0.000000e+00
  1.280000e-02  0.000000e+00
  1.250000e-02  0.000000e+00
  1.220000e-02  0.000000e+00
  1.190000e-02  0.000000e+00
  1.160000e-02  0.000000e+00
  1.130000e-02  0.000000e+00
  1.100000e-02  8.069000e-02
  1.070000e-02  8.069000e-02
  1.040000e-02  2.420700e-01
  1.010000e-02  5.648350e-01
