  4.934820e+03  2.678050e-01
  4.806990e+03  0.000000e+00
  4.682470e+03  0.000000e+00
  4.561180e+03  0.000000e+00
  4.443030e+03  0.000000e+00
  4.327940e+03  0.000000e+00
  4.215830e+03  0.000000e+00
  4.106630e+03  0.000000e+00
  4.000250e+03  0.000000e+00
  3.896630e+03  0.000000e+00
  3.795700e+03  0.000000e+00
  3.697380e+03  0.000000e+00
  3.601600e+03  0.000000e+00
  3.508310e+03  0.000000e+00
  3.417430e+03  0.000000e+00
  3.328910e+03  0.000000e+00
  3.242680e+03  0.000000e+00
  3.158680e+03  2.678050e-01
  3.076860e+03  0.000000e+00
  2.997160e+03  0.000000e+00
  2.919530e+03  2.678050e-01
  2.843900e+03  0.000000e+00
  2.770230e+03  0.000000e+00
  2.698480e+03  0.000000e+00
  2.628580e+03  0.000000e+00
  2.560490e+03  0.000000e+00
  2.494160e+03  0.000000e+00
  2.429550e+03  2.678050e-01
  2.366620e+03  0.000000e+00
  2.305320e+03  0.000000e+00
  2.245600e+03  2.678050e-01
  2.187430e+03  0.000000e+00
  2.130770e+03  0.000000e+00
  2.075580e+03  2.678050e-01
  2.021810e+03  8.034050e-01
  1.969440e+03  0.000000e+00
  1.918430e+03  0.000000e+00
  1.868730e+03  2.678050e-01
  1.820330e+03  0.000000e+00
  1.773170e+03  2.678050e-01
  1.727240e+03  0.000000e+00
  1.682500e+03  5.356100e-01
  1.638920e+03  2.678050e-01
  1.596470e+03  2.678050e-01
  1.555110e+03  2.678050e-01
  1.514830e+03  0.000000e+00
  1.475590e+03  0.000000e+00
  1.437370e+03  5.356100e-01
  1.400140e+03  5.356100e-01
  1.363870e+03  0.000000e+00
  1.328540e+03  1.606820e+00
  1.294120e+03  1.874605e+00
  1.260600e+03  1.339025e+00
  1.227950e+03  8.034151e-01
  1.196140e+03  5.356000e-01
  1.165160e+03  1.339025e+00
  1.134980e+03  5.356100e-01
  1.105580e+03  1.071210e+00
  1.076940e+03  1.071220e+00
  1.049040e+03  1.339025e+00
  1.021870e+03  1.606830e+00
  9.953980e+02  1.071220e+00
  9.696140e+02  1.874620e+00
  9.444970e+02  3.213640e+00
  9.200320e+02  3.481430e+00
  8.962000e+02  2.142420e+00
  8.729850e+02  2.678030e+00
  8.503720e+02  3.213650e+00
  8.283450e+02  5.891630e+00
  8.068880e+02  4.284840e+00
  7.859870e+02  2.945835e+00
  7.656270e+02  4.552685e+00
  7.457950e+02  5.623880e+00
  7.264760e+02  4.284840e+00
  7.076580e+02  6.159480e+00
  6.893270e+02  8.569670e+00
  6.714710e+02  8.569705e+00
  6.540780e+02  1.178330e+01
  6.371350e+02  1.151560e+01
  6.206310e+02  9.908820e+00
  6.045550e+02  1.419375e+01
  5.888950e+02  1.580050e+01
  5.736410e+02  1.580055e+01
  5.587810e+02  1.687165e+01
  5.443070e+02  2.222810e+01
  5.302080e+02  2.704850e+01
  5.164740e+02  2.785195e+01
  5.030950e+02  3.668955e+01
  4.900630e+02  3.320810e+01
  4.773690e+02  3.642170e+01
  4.650040e+02  4.151005e+01
  4.529580e+02  5.168670e+01
  4.412250e+02  5.329355e+01
  4.297960e+02  5.811405e+01
  4.186630e+02  6.320205e+01
  4.078180e+02  7.632505e+01
  3.972540e+02  8.168110e+01
  3.869640e+02  8.837555e+01
  3.769400e+02  1.073900e+02
  3.671770e+02  1.138170e+02
  3.576650e+02  1.288155e+02
  3.484010e+02  1.454190e+02
  3.393760e+02  1.553275e+02
  3.305850e+02  1.692535e+02
  3.220220e+02  1.933570e+02
  3.136800e+02  2.078185e+02
  3.055550e+02  2.482565e+02
  2.976400e+02  2.621820e+02
  2.899300e+02  3.010145e+02
  2.824200e+02  3.462745e+02
  2.751040e+02  3.743925e+02
  2.679780e+02  4.282220e+02
  2.610370e+02  4.517905e+02
  2.542750e+02  4.975855e+02
  2.476890e+02  5.859615e+02
  2.412730e+02  6.242575e+02
  2.350230e+02  7.091525e+02
  2.289350e+02  8.176130e+02
  2.230050e+02  8.682290e+02
  2.172280e+02  1.004009e+03
  2.116010e+02  1.069075e+03
  2.061200e+02  1.219600e+03
  2.007810e+02  1.348945e+03
  1.955800e+02  1.474010e+03
  1.905140e+02  1.667900e+03
  1.855790e+02  1.844910e+03
  1.807720e+02  2.003450e+03
  1.760890e+02  2.242605e+03
  1.715280e+02  2.476955e+03
  1.670850e+02  2.793755e+03
  1.627570e+02  3.024325e+03
  1.585410e+02  3.337410e+03
  1.544340e+02  3.562630e+03
  1.504340e+02  3.948280e+03
  1.465370e+02  4.329895e+03
  1.427410e+02  4.725440e+03
  1.390440e+02  5.076285e+03
  1.354420e+02  5.518425e+03
  1.319340e+02  6.035830e+03
  1.285160e+02  6.512515e+03
  1.251870e+02  7.003150e+03
  1.219440e+02  7.491620e+03
  1.187850e+02  8.145330e+03
  1.157090e+02  8.759945e+03
  1.127110e+02  9.336801e+03
  1.097920e+02  1.008265e+04
  1.069480e+02  1.093755e+04
  1.041770e+02  1.163330e+04
  1.014790e+02  1.242065e+04
  9.885030e+01  1.333615e+04
  9.628970e+01  1.418300e+04
  9.379550e+01  1.523630e+04
  9.136590e+01  1.631180e+04
  8.899920e+01  1.743370e+04
  8.669380e+01  1.865525e+04
  8.444820e+01  1.967045e+04
  8.226070e+01  2.108480e+04
  8.012980e+01  2.240905e+04
  7.805420e+01  2.388000e+04
  7.603240e+01  2.539065e+04
  7.406290e+01  2.680660e+04
  7.214440e+01  2.851975e+04
  7.027560e+01  3.008905e+04
  6.845520e+01  3.191505e+04
  6.668200e+01  3.362075e+04
  6.495470e+01  3.518595e+04
  6.327220e+01  3.654430e+04
  6.163320e+01  3.777855e+04
  6.003670e+01  3.887135e+04
  5.848160e+01  3.967120e+04
  5.696670e+01  4.045645e+04
  5.549110e+01  4.155095e+04
  5.405370e+01  4.242590e+04
  5.265350e+01  4.385890e+04
  5.128960e+01  4.514130e+04
  4.996100e+01  4.697675e+04
  4.866690e+01  4.825830e+04
  4.740620e+01  4.968730e+04
  4.617830e+01  5.128640e+04
  4.498210e+01  5.195055e+04
  4.381690e+01  5.205310e+04
  4.268190e+01  5.190550e+04
  4.157630e+01  5.133640e+04
  4.049930e+01  5.098290e+04
  3.945030e+01  5.069555e+04
  3.842840e+01  4.953110e+04
  3.743290e+01  4.893175e+04
  3.646330e+01  4.786730e+04
  3.551880e+01  4.727160e+04
  3.459870e+01  4.654570e+04
  3.370250e+01  4.595335e+04
  3.282950e+01  4.542700e+04
  3.197910e+01  4.470525e+04
  3.115070e+01  4.413725e+04
  3.034380e+01  4.350730e+04
  2.955780e+01  4.300090e+04
  2.879220e+01  4.217035e+04
  2.804640e+01  4.153095e+04
  2.731990e+01  4.096630e+04
  2.661220e+01  4.000060e+04
  2.592290e+01  3.937530e+04
  2.525140e+01  3.857145e+04
  2.459730e+01  3.770835e+04
  2.396010e+01  3.683595e+04
  2.333950e+01  3.584290e+04
  2.273490e+01  3.487805e+04
  2.214600e+01  3.362875e+04
  2.157230e+01  3.236270e+04
  2.101350e+01  3.138905e+04
  2.046920e+01  3.001815e+04
  1.993900e+01  2.859165e+04
  1.942250e+01  2.731330e+04
  1.891940e+01  2.600915e+04
  1.842930e+01  2.511060e+04
  1.795200e+01  2.416490e+04
  1.748690e+01  2.340570e+04
  1.703400e+01  2.284115e+04
  1.659270e+01  2.240525e+04
  1.616290e+01  2.206725e+04
  1.574430e+01  2.161700e+04
  1.533640e+01  2.106290e+04
  1.493920e+01  2.076010e+04
  1.455220e+01  2.009725e+04
  1.417520e+01  1.905185e+04
  1.380800e+01  1.788940e+04
  1.345040e+01  1.615135e+04
  1.310200e+01  1.432170e+04
  1.276260e+01  1.246755e+04
  1.243200e+01  1.048570e+04
  1.211000e+01  8.867596e+03
  1.179630e+01  7.354775e+03
  1.149070e+01  6.040650e+03
  1.119310e+01  5.197855e+03
  1.090310e+01  4.595025e+03
  1.062070e+01  3.989240e+03
  1.034560e+01  3.403560e+03
  1.007760e+01  2.990325e+03
  9.816600e+00  2.499975e+03
  9.562300e+00  2.132280e+03
  9.314600e+00  2.145400e+03
  9.073300e+00  2.554335e+03
  8.838300e+00  3.142710e+03
  8.609300e+00  3.928995e+03
  8.386300e+00  4.841945e+03
  8.169100e+00  5.893080e+03
  7.957500e+00  7.152850e+03
  7.751400e+00  7.617750e+03
  7.550600e+00  8.256215e+03
  7.355000e+00  8.135425e+03
  7.164500e+00  7.734790e+03
  6.978900e+00  7.367365e+03
  6.798100e+00  6.889605e+03
  6.622000e+00  6.395500e+03
  6.450500e+00  6.029400e+03
  6.283400e+00  5.587250e+03
  6.120600e+00  5.114030e+03
  5.962100e+00  4.804180e+03
  5.807600e+00  4.668400e+03
  5.657200e+00  4.496740e+03
  5.510700e+00  4.324270e+03
  5.367900e+00  4.108955e+03
  5.228900e+00  3.905690e+03
  5.093400e+00  3.613240e+03
  4.961500e+00  3.299380e+03
  4.833000e+00  3.093440e+03
  4.707800e+00  2.872765e+03
  4.585800e+00  2.573080e+03
  4.467100e+00  2.393390e+03
  4.351300e+00  2.293230e+03
  4.238600e+00  2.138700e+03
  4.128800e+00  2.080325e+03
  4.021900e+00  2.106030e+03
  3.917700e+00  1.831535e+03
  3.816200e+00  1.603885e+03
  3.717400e+00  1.478030e+03
  3.621100e+00  1.369030e+03
  3.527300e+00  1.220915e+03
  3.435900e+00  1.079525e+03
  3.346900e+00  9.108090e+02
  3.260200e+00  6.713915e+02
  3.175800e+00  4.504500e+02
  3.093500e+00  2.608425e+02
  3.013400e+00  1.805015e+02
  2.935300e+00  2.005880e+02
  2.859300e+00  2.967290e+02
  2.785200e+00  3.920690e+02
  2.713100e+00  5.206150e+02
  2.642800e+00  5.107085e+02
  2.574300e+00  4.812485e+02
  2.507600e+00  4.234025e+02
  2.442700e+00  3.843035e+02
  2.379400e+00  3.636815e+02
  2.317800e+00  2.924450e+02
  2.257700e+00  2.884270e+02
  2.199300e+00  2.536125e+02
  2.142300e+00  2.201370e+02
  2.086800e+00  2.046025e+02
  2.032700e+00  1.821095e+02
  1.980100e+00  2.080860e+02
  1.928800e+00  1.499715e+02
  1.878800e+00  1.234590e+02
  1.830200e+00  1.389910e+02
  1.782800e+00  2.038000e+02
  1.736600e+00  1.178350e+02
  1.691600e+00  9.292825e+01
  1.647800e+00  7.793185e+01
  1.605100e+00  6.748724e+01
  1.563500e+00  6.400595e+01
  1.523000e+00  4.847295e+01
  1.483600e+00  4.981210e+01
  1.445100e+00  4.525930e+01
  1.407700e+00  3.776080e+01
  1.371200e+00  3.294025e+01
  1.335700e+00  2.624515e+01
  1.301100e+00  2.678075e+01
  1.267400e+00  2.008545e+01
  1.234600e+00  2.222800e+01
  1.202600e+00  2.008560e+01
  1.171500e+00  1.981775e+01
  1.141100e+00  2.276365e+01
  1.111600e+00  1.446160e+01
  1.082800e+00  9.908730e+00
  1.054700e+00  1.472930e+01
  1.027400e+00  1.071223e+01
  1.000800e+00  6.962840e+00
  9.749000e-01  7.230650e+00
  9.496000e-01  9.640860e+00
  9.250000e-01  5.623825e+00
  9.010000e-01  1.124776e+01
  8.777000e-01  8.034135e+00
  8.550000e-01  9.640970e+00
  8.328000e-01  8.837615e+00
  8.113000e-01  1.071225e+01
  7.902000e-01  8.034030e+00
  7.698000e-01  7.766285e+00
  7.498000e-01  5.891640e+00
  7.304000e-01  1.017662e+01
  7.115000e-01  6.427220e+00
  6.931000e-01  1.472920e+01
  6.751000e-01  1.400620e+02
  6.576000e-01  1.172985e+02
  6.406000e-01  3.093170e+02
  6.240000e-01  8.248434e+01
  6.078000e-01  1.071222e+01
  5.921000e-01  1.044426e+01
  5.767000e-01  5.356040e+00
  5.618000e-01  9.105265e+00
  5.472000e-01  8.301930e+00
  5.331000e-01  1.071205e+01
  5.193000e-01  7.498515e+00
  5.058000e-01  8.569725e+00
  4.927000e-01  1.767520e+01
  4.799000e-01  2.222795e+01
  4.675000e-01  1.205120e+01
  4.554000e-01  6.962835e+00
  4.436000e-01  1.874645e+01
  4.321000e-01  1.580060e+01
  4.209000e-01  1.580050e+01
  4.100000e-01  1.312240e+01
  3.994000e-01  2.222795e+01
  3.891000e-01  3.749300e+01
  3.790000e-01  3.695735e+01
  3.692000e-01  7.498495e+00
  3.596000e-01  5.891615e+00
  3.503000e-01  3.213630e+00
  3.412000e-01  4.284825e+00
  3.324000e-01  6.962840e+00
  3.238000e-01  6.159480e+00
  3.154000e-01  5.891680e+00
  3.072000e-01  7.498470e+00
  2.992000e-01  1.151560e+01
  2.915000e-01  1.446145e+01
  2.839000e-01  1.151560e+01
  2.766000e-01  9.105325e+00
  2.694000e-01  2.142460e+01
  2.624000e-01  4.258125e+01
  2.556000e-01  5.329335e+01
  2.490000e-01  2.678070e+01
  2.426000e-01  1.231905e+01
  2.363000e-01  1.954975e+01
  2.302000e-01  1.258690e+01
  2.242000e-01  6.695015e+00
  2.184000e-01  6.695090e+00
  2.127000e-01  5.891670e+00
  2.072000e-01  5.088230e+00
  2.019000e-01  6.159485e+00
  1.966000e-01  8.301870e+00
  1.915000e-01  1.339025e+01
  1.866000e-01  1.446150e+01
  1.817000e-01  8.837460e+00
  1.770000e-01  6.695035e+00
  1.725000e-01  6.159555e+00
  1.680000e-01  5.891650e+00
  1.636000e-01  7.498510e+00
  1.594000e-01  1.044436e+01
  1.553000e-01  8.034084e+00
  1.512000e-01  8.034090e+00
  1.473000e-01  7.230645e+00
  1.435000e-01  1.258680e+01
  1.398000e-01  1.365805e+01
  1.362000e-01  1.071216e+01
  1.326000e-01  1.124770e+01
  1.292000e-01  9.640870e+00
  1.259000e-01  1.365800e+01
  1.226000e-01  1.660395e+01
  1.194000e-01  1.526495e+01
  1.163000e-01  1.365795e+01
  1.133000e-01  1.285460e+01
  1.104000e-01  1.044427e+01
  1.075000e-01  1.472935e+01
  1.047000e-01  1.472935e+01
  1.020000e-01  1.633615e+01
  9.940000e-02  1.901430e+01
  9.680000e-02  1.339025e+01
  9.430000e-02  1.392585e+01
  9.190000e-02  1.339030e+01
  8.950000e-02  1.285465e+01
  8.720000e-02  1.392585e+01
  8.490000e-02  1.178346e+01
  8.270000e-02  1.205110e+01
  8.060000e-02  1.392595e+01
  7.850000e-02  1.071212e+01
  7.640000e-02  1.499705e+01
  7.450000e-02  1.285455e+01
  7.250000e-02  1.285460e+01
  7.070000e-02  1.419375e+01
  6.880000e-02  1.231890e+01
  6.700000e-02  1.017657e+01
  6.530000e-02  1.526500e+01
  6.360000e-02  9.373125e+00
  6.200000e-02  8.569670e+00
  6.040000e-02  8.569700e+00
  5.880000e-02  6.159450e+00
  5.730000e-02  9.640865e+00
  5.580000e-02  1.044436e+01
  5.430000e-02  8.034040e+00
  5.290000e-02  3.481495e+00
  5.160000e-02  4.284840e+00
  5.020000e-02  5.356090e+00
  4.890000e-02  5.088290e+00
  4.770000e-02  4.820435e+00
  4.640000e-02  5.356045e+00
  4.520000e-02  5.623845e+00
  4.410000e-02  4.017085e+00
  4.290000e-02  1.606820e+00
  4.180000e-02  2.945845e+00
  4.070000e-02  3.213630e+00
  3.970000e-02  2.945835e+00
  3.860000e-02  2.945830e+00
  3.760000e-02  1.339015e+00
  3.670000e-02  1.339025e+00
  3.570000e-02  1.874625e+00
  3.480000e-02  1.071220e+00
  3.390000e-02  1.606820e+00
  3.300000e-02  1.071220e+00
  3.220000e-02  1.606820e+00
  3.130000e-02  1.071220e+00
  3.050000e-02  5.356100e-01
  2.970000e-02  8.034150e-01
  2.890000e-02  2.678050e-01
  2.820000e-02  2.678050e-01
  2.750000e-02  2.678050e-01
  2.680000e-02  2.678050e-01
  2.610000e-02  5.356100e-01
  2.540000e-02  2.678050e-01
  2.470000e-02  5.356100e-01
  2.410000e-02  2.678050e-01
  2.350000e-02  5.356100e-01
  2.290000e-02  2.678050e-01
  2.230000e-02  0.000000e+00
  2.170000e-02  2.678050e-01
  2.110000e-02  0.000000e+00
  2.060000e-02  0.000000e+00
  2.000000e-02  2.678050e-01
  1.950000e-02  0.000000e+00
  1.900000e-02  0.000000e+00
  1.850000e-02  0.000000e+00
  1.800000e-02  2.678050e-01
  1.760000e-02  0.000000e+00
  1.710000e-02  0.000000e+00
  1.670000e-02  0.000000e+00
  1.630000e-02  0.000000e+00
  1.580000e-02  0.000000e+00
  1.540000e-02  0.000000e+00
  1.500000e-02  0.000000e+00
  1.460000e-02  0.000000e+00
  1.430000e-02  0.000000e+00
  1.390000e-02  0.000000e+00
  1.350000e-02  0.000000e+00
  1.320000e-02  0.000000e+00
  1.280000e-02  2.678050e-01
  1.250000e-02  0.000000e+00
  1.220000e-02  0.000000e+00
  1.190000e-02  0.000000e+00
  1.160000e-02  0.000000e+00
  1.130000e-02  0.000000e+00
  1.100000e-02  6.159445e+00
  1.070000e-02  6.962875e+00
  1.040000e-02  7.498435e+00
  1.010000e-02  2.171900e+02
