  4.934820e+03  1.391950e-01
  4.806990e+03  0.000000e+00
  4.682470e+03  2.783900e-02
  4.561180e+03  0.000000e+00
  4.443030e+03  0.000000e+00
  4.327940e+03  0.000000e+00
  4.215830e+03  2.783900e-02
  4.106630e+03  0.000000e+00
  4.000250e+03  0.000000e+00
  3.896630e+03  0.000000e+00
  3.795700e+03  0.000000e+00
  3.697380e+03  5.567800e-02
  3.601600e+03  0.000000e+00
  3.508310e+03  0.000000e+00
  3.417430e+03  0.000000e+00
  3.328910e+03  8.351900e-02
  3.242680e+03  8.351700e-02
  3.158680e+03  5.567800e-02
  3.076860e+03  5.567800e-02
  2.997160e+03  5.567800e-02
  2.919530e+03  2.783900e-02
  2.843900e+03  8.351700e-02
  2.770230e+03  0.000000e+00
  2.698480e+03  5.567800e-02
  2.628580e+03  1.391970e-01
  2.560490e+03  1.391950e-01
  2.494160e+03  1.391930e-01
  2.429550e+03  5.567800e-02
  2.366620e+03  1.113560e-01
  2.305320e+03  1.113560e-01
  2.245600e+03  5.567800e-02
  2.187430e+03  1.113580e-01
  2.130770e+03  1.670360e-01
  2.075580e+03  1.948770e-01
  2.021810e+03  2.227100e-01
  1.969440e+03  2.227160e-01
  1.918430e+03  2.227140e-01
  1.868730e+03  1.391950e-01
  1.820330e+03  2.505510e-01
  1.773170e+03  3.062310e-01
  1.727240e+03  3.897520e-01
  1.682500e+03  3.619170e-01
  1.638920e+03  3.062280e-01
  1.596470e+03  3.340700e-01
  1.555110e+03  5.846270e-01
  1.514830e+03  3.619150e-01
  1.475590e+03  4.732620e-01
  1.437370e+03  5.567840e-01
  1.400140e+03  5.011081e-01
  1.363870e+03  6.959860e-01
  1.328540e+03  6.124690e-01
  1.294120e+03  7.238220e-01
  1.260600e+03  9.743710e-01
  1.227950e+03  8.630201e-01
  1.196140e+03  9.743750e-01
  1.165160e+03  1.057890e+00
  1.134980e+03  1.030051e+00
  1.105580e+03  1.364100e+00
  1.076940e+03  1.865210e+00
  1.049040e+03  1.753860e+00
  1.021870e+03  1.642505e+00
  9.953980e+02  2.171445e+00
  9.696140e+02  2.366310e+00
  9.444970e+02  2.449835e+00
  9.200320e+02  2.449835e+00
  8.962000e+02  2.589030e+00
  8.729850e+02  3.646900e+00
  8.503720e+02  3.674760e+00
  8.283450e+02  4.509915e+00
  8.068880e+02  4.927505e+00
  7.859870e+02  5.512125e+00
  7.656270e+02  6.319455e+00
  7.457950e+02  6.876250e+00
  7.264760e+02  7.934120e+00
  7.076580e+02  8.880630e+00
  6.893270e+02  1.021695e+01
  6.714710e+02  1.063455e+01
  6.540780e+02  1.255530e+01
  6.371350e+02  1.366890e+01
  6.206310e+02  1.428140e+01
  6.045550e+02  1.756640e+01
  5.888950e+02  1.834585e+01
  5.736410e+02  1.996060e+01
  5.587810e+02  2.313420e+01
  5.443070e+02  2.636350e+01
  5.302080e+02  2.614085e+01
  5.164740e+02  3.059510e+01
  5.030950e+02  3.243255e+01
  4.900630e+02  4.150790e+01
  4.773690e+02  4.429185e+01
  4.650040e+02  4.732620e+01
  4.529580e+02  5.392420e+01
  4.412250e+02  5.715350e+01
  4.297960e+02  6.553300e+01
  4.186630e+02  7.658510e+01
  4.078180e+02  8.190230e+01
  3.972540e+02  9.019850e+01
  3.869640e+02  9.885650e+01
  3.769400e+02  1.116055e+02
  3.671770e+02  1.260835e+02
  3.576650e+02  1.388050e+02
  3.484010e+02  1.514455e+02
  3.393760e+02  1.706255e+02
  3.305850e+02  1.888880e+02
  3.220220e+02  2.125780e+02
  3.136800e+02  2.327345e+02
  3.055550e+02  2.577330e+02
  2.976400e+02  2.884400e+02
  2.899300e+02  3.194800e+02
  2.824200e+02  3.412215e+02
  2.751040e+02  3.825925e+02
  2.679780e+02  4.233190e+02
  2.610370e+02  4.653560e+02
  2.542750e+02  5.171365e+02
  2.476890e+02  5.632930e+02
  2.412730e+02  6.265165e+02
  2.350230e+02  6.980350e+02
  2.289350e+02  7.664350e+02
  2.230050e+02  8.467510e+02
  2.172280e+02  9.266480e+02
  2.116010e+02  1.000840e+03
  2.061200e+02  1.112615e+03
  2.007810e+02  1.208685e+03
  1.955800e+02  1.336665e+03
  1.905140e+02  1.481785e+03
  1.855790e+02  1.640940e+03
  1.807720e+02  1.788900e+03
  1.760890e+02  1.967665e+03
  1.715280e+02  2.162090e+03
  1.670850e+02  2.340760e+03
  1.627570e+02  2.532655e+03
  1.585410e+02  2.747570e+03
  1.544340e+02  2.956830e+03
  1.504340e+02  3.188375e+03
  1.465370e+02  3.417300e+03
  1.427410e+02  3.687665e+03
  1.390440e+02  3.965190e+03
  1.354420e+02  4.236565e+03
  1.319340e+02  4.506455e+03
  1.285160e+02  4.779795e+03
  1.251870e+02  5.083955e+03
  1.219440e+02  5.410115e+03
  1.187850e+02  5.727140e+03
  1.157090e+02  6.098410e+03
  1.127110e+02  6.447350e+03
  1.097920e+02  6.818405e+03
  1.069480e+02  7.187000e+03
  1.041770e+02  7.605765e+03
  1.014790e+02  8.036915e+03
  9.885030e+01  8.509255e+03
  9.628970e+01  8.961790e+03
  9.379550e+01  9.403926e+03
  9.136590e+01  9.918745e+03
  8.899920e+01  1.041510e+04
  8.669380e+01  1.093115e+04
  8.444820e+01  1.144375e+04
  8.226070e+01  1.200710e+04
  8.012980e+01  1.260400e+04
  7.805420e+01  1.322585e+04
  7.603240e+01  1.381425e+04
  7.406290e+01  1.451305e+04
  7.214440e+01  1.515030e+04
  7.027560e+01  1.580070e+04
  6.845520e+01  1.643825e+04
  6.668200e+01  1.721260e+04
  6.495470e+01  1.787150e+04
  6.327220e+01  1.838755e+04
  6.163320e+01  1.885015e+04
  6.003670e+01  1.930670e+04
  5.848160e+01  1.961760e+04
  5.696670e+01  1.992250e+04
  5.549110e+01  2.024890e+04
  5.405370e+01  2.081195e+04
  5.265350e+01  2.137345e+04
  5.128960e+01  2.200555e+04
  4.996100e+01  2.275475e+04
  4.866690e+01  2.345130e+04
  4.740620e+01  2.427900e+04
  4.617830e+01  2.501580e+04
  4.498210e+01  2.548145e+04
  4.381690e+01  2.576500e+04
  4.268190e+01  2.591850e+04
  4.157630e+01  2.586845e+04
  4.049930e+01  2.596885e+04
  3.945030e+01  2.594360e+04
  3.842840e+01  2.588250e+04
  3.743290e+01  2.582275e+04
  3.646330e+01  2.570755e+04
  3.551880e+01  2.568700e+04
  3.459870e+01  2.570740e+04
  3.370250e+01  2.577210e+04
  3.282950e+01  2.591025e+04
  3.197910e+01  2.606115e+04
  3.115070e+01  2.612005e+04
  3.034380e+01  2.628190e+04
  2.955780e+01  2.646005e+04
  2.879220e+01  2.664815e+04
  2.804640e+01  2.683190e+04
  2.731990e+01  2.702350e+04
  2.661220e+01  2.721865e+04
  2.592290e+01  2.743925e+04
  2.525140e+01  2.771020e+04
  2.459730e+01  2.795645e+04
  2.396010e+01  2.820640e+04
  2.333950e+01  2.844850e+04
  2.273490e+01  2.868305e+04
  2.214600e+01  2.888840e+04
  2.157230e+01  2.916225e+04
  2.101350e+01  2.946520e+04
  2.046920e+01  2.971305e+04
  1.993900e+01  2.992910e+04
  1.942250e+01  3.006495e+04
  1.891940e+01  3.016955e+04
  1.842930e+01  3.034290e+04
  1.795200e+01  3.039540e+04
  1.748690e+01  3.044085e+04
  1.703400e+01  3.039640e+04
  1.659270e+01  3.037095e+04
  1.616290e+01  3.035630e+04
  1.574430e+01  3.028855e+04
  1.533640e+01  3.023445e+04
  1.493920e+01  3.028975e+04
  1.455220e+01  3.049450e+04
  1.417520e+01  3.066165e+04
  1.380800e+01  3.104690e+04
  1.345040e+01  3.153075e+04
  1.310200e+01  3.199970e+04
  1.276260e+01  3.265790e+04
  1.243200e+01  3.330170e+04
  1.211000e+01  3.393315e+04
  1.179630e+01  3.469730e+04
  1.149070e+01  3.532980e+04
  1.119310e+01  3.605950e+04
  1.090310e+01  3.687760e+04
  1.062070e+01  3.752400e+04
  1.034560e+01  3.826320e+04
  1.007760e+01  3.902350e+04
  9.816600e+00  3.972745e+04
  9.562300e+00  4.004080e+04
  9.314600e+00  4.009305e+04
  9.073300e+00  3.991800e+04
  8.838300e+00  3.913645e+04
  8.609300e+00  3.824505e+04
  8.386300e+00  3.716575e+04
  8.169100e+00  3.620535e+04
  7.957500e+00  3.548615e+04
  7.751400e+00  3.452755e+04
  7.550600e+00  3.431265e+04
  7.355000e+00  3.388835e+04
  7.164500e+00  3.379475e+04
  6.978900e+00  3.382565e+04
  6.798100e+00  3.376985e+04
  6.622000e+00  3.381325e+04
  6.450500e+00  3.385830e+04
  6.283400e+00  3.394525e+04
  6.120600e+00  3.393840e+04
  5.962100e+00  3.381155e+04
  5.807600e+00  3.371650e+04
  5.657200e+00  3.356725e+04
  5.510700e+00  3.358265e+04
  5.367900e+00  3.348510e+04
  5.228900e+00  3.330070e+04
  5.093400e+00  3.316590e+04
  4.961500e+00  3.290450e+04
  4.833000e+00  3.322625e+04
  4.707800e+00  3.383990e+04
  4.585800e+00  3.283815e+04
  4.467100e+00  3.248855e+04
  4.351300e+00  3.233765e+04
  4.238600e+00  3.232085e+04
  4.128800e+00  3.202730e+04
  4.021900e+00  3.462605e+04
  3.917700e+00  3.192035e+04
  3.816200e+00  3.018805e+04
  3.717400e+00  2.977125e+04
  3.621100e+00  2.934590e+04
  3.527300e+00  2.892345e+04
  3.435900e+00  2.848700e+04
  3.346900e+00  2.813505e+04
  3.260200e+00  2.783125e+04
  3.175800e+00  2.778015e+04
  3.093500e+00  2.734175e+04
  3.013400e+00  2.680315e+04
  2.935300e+00  2.607115e+04
  2.859300e+00  2.495425e+04
  2.785200e+00  2.409815e+04
  2.713100e+00  2.329005e+04
  2.642800e+00  2.245040e+04
  2.574300e+00  2.215615e+04
  2.507600e+00  2.159315e+04
  2.442700e+00  2.168305e+04
  2.379400e+00  2.130705e+04
  2.317800e+00  2.045815e+04
  2.257700e+00  1.958025e+04
  2.199300e+00  1.973055e+04
  2.142300e+00  1.884600e+04
  2.086800e+00  1.831700e+04
  2.032700e+00  1.823360e+04
  1.980100e+00  2.002870e+04
  1.928800e+00  1.588685e+04
  1.878800e+00  1.409435e+04
  1.830200e+00  1.738315e+04
  1.782800e+00  3.170600e+04
  1.736600e+00  1.977950e+04
  1.691600e+00  1.524435e+04
  1.647800e+00  1.413675e+04
  1.605100e+00  1.378785e+04
  1.563500e+00  1.330110e+04
  1.523000e+00  1.288450e+04
  1.483600e+00  1.251695e+04
  1.445100e+00  1.198335e+04
  1.407700e+00  1.150750e+04
  1.371200e+00  1.069875e+04
  1.335700e+00  1.111055e+04
  1.301100e+00  9.305295e+03
  1.267400e+00  7.379275e+03
  1.234600e+00  9.852950e+03
  1.202600e+00  1.030270e+04
  1.171500e+00  9.682676e+03
  1.141100e+00  1.067755e+04
  1.111600e+00  7.271235e+03
  1.082800e+00  6.437865e+03
  1.054700e+00  1.047510e+04
  1.027400e+00  7.921540e+03
  1.000800e+00  6.108990e+03
  9.749000e-01  8.729195e+03
  9.496000e-01  6.668190e+03
  9.250000e-01  6.677020e+03
  9.010000e-01  8.224971e+03
  8.777000e-01  8.614385e+03
  8.550000e-01  8.816460e+03
  8.328000e-01  9.253545e+03
  8.113000e-01  9.908596e+03
  7.902000e-01  1.039925e+04
  7.698000e-01  1.060740e+04
  7.498000e-01  1.135425e+04
  7.304000e-01  1.154420e+04
  7.115000e-01  1.195255e+04
  6.931000e-01  1.617715e+04
  6.751000e-01  8.153550e+04
  6.576000e-01  8.512165e+04
  6.406000e-01  1.983230e+05
  6.240000e-01  4.400185e+04
  6.078000e-01  1.576520e+04
  5.921000e-01  1.558100e+04
  5.767000e-01  1.587185e+04
  5.618000e-01  1.641600e+04
  5.472000e-01  1.632600e+04
  5.331000e-01  1.904055e+04
  5.193000e-01  1.718820e+04
  5.058000e-01  1.767920e+04
  4.927000e-01  2.761810e+04
  4.799000e-01  2.945605e+04
  4.675000e-01  2.174325e+04
  4.554000e-01  1.980085e+04
  4.436000e-01  3.065965e+04
  4.321000e-01  2.923450e+04
  4.209000e-01  2.931885e+04
  4.100000e-01  2.135595e+04
  3.994000e-01  3.545705e+04
  3.891000e-01  5.279745e+04
  3.790000e-01  5.038600e+04
  3.692000e-01  1.888915e+04
  3.596000e-01  1.594290e+04
  3.503000e-01  1.621370e+04
  3.412000e-01  1.563900e+04
  3.324000e-01  1.744260e+04
  3.238000e-01  1.526785e+04
  3.154000e-01  1.456910e+04
  3.072000e-01  1.875855e+04
  2.992000e-01  2.339605e+04
  2.915000e-01  2.877605e+04
  2.839000e-01  3.261130e+04
  2.766000e-01  2.783260e+04
  2.694000e-01  4.595955e+04
  2.624000e-01  8.761350e+04
  2.556000e-01  9.923850e+04
  2.490000e-01  4.010505e+04
  2.426000e-01  4.335045e+04
  2.363000e-01  4.629200e+04
  2.302000e-01  3.194670e+04
  2.242000e-01  2.363065e+04
  2.184000e-01  2.279230e+04
  2.127000e-01  2.325050e+04
  2.072000e-01  2.292425e+04
  2.019000e-01  2.355750e+04
  1.966000e-01  2.545880e+04
  1.915000e-01  3.373550e+04
  1.866000e-01  4.075465e+04
  1.817000e-01  3.114670e+04
  1.770000e-01  3.114560e+04
  1.725000e-01  3.261075e+04
  1.680000e-01  3.209535e+04
  1.636000e-01  3.056600e+04
  1.594000e-01  3.088315e+04
  1.553000e-01  3.178200e+04
  1.512000e-01  3.267110e+04
  1.473000e-01  3.326890e+04
  1.435000e-01  3.870020e+04
  1.398000e-01  3.548730e+04
  1.362000e-01  3.597145e+04
  1.326000e-01  3.597405e+04
  1.292000e-01  3.584150e+04
  1.259000e-01  3.603290e+04
  1.226000e-01  3.726670e+04
  1.194000e-01  3.692460e+04
  1.163000e-01  3.546785e+04
  1.133000e-01  3.600035e+04
  1.104000e-01  3.577750e+04
  1.075000e-01  3.453315e+04
  1.047000e-01  3.333100e+04
  1.020000e-01  3.293845e+04
  9.940000e-02  3.390655e+04
  9.680000e-02  3.343630e+04
  9.430000e-02  3.266190e+04
  9.190000e-02  3.144245e+04
  8.950000e-02  2.994705e+04
  8.720000e-02  2.853725e+04
  8.490000e-02  2.767835e+04
  8.270000e-02  2.669085e+04
  8.060000e-02  2.564045e+04
  7.850000e-02  2.486045e+04
  7.640000e-02  2.397510e+04
  7.450000e-02  2.317290e+04
  7.250000e-02  2.229295e+04
  7.070000e-02  2.132185e+04
  6.880000e-02  2.042035e+04
  6.700000e-02  1.941375e+04
  6.530000e-02  1.831680e+04
  6.360000e-02  1.729750e+04
  6.200000e-02  1.627100e+04
  6.040000e-02  1.519410e+04
  5.880000e-02  1.410605e+04
  5.730000e-02  1.305900e+04
  5.580000e-02  1.199010e+04
  5.430000e-02  1.099340e+04
  5.290000e-02  9.982585e+03
  5.160000e-02  9.044710e+03
  5.020000e-02  8.114845e+03
  4.890000e-02  7.243215e+03
  4.770000e-02  6.438350e+03
  4.640000e-02  5.635945e+03
  4.520000e-02  4.957010e+03
  4.410000e-02  4.331665e+03
  4.290000e-02  3.747600e+03
  4.180000e-02  3.239705e+03
  4.070000e-02  2.797570e+03
  3.970000e-02  2.372660e+03
  3.860000e-02  2.021055e+03
  3.760000e-02  1.726300e+03
  3.670000e-02  1.458840e+03
  3.570000e-02  1.231715e+03
  3.480000e-02  1.036985e+03
  3.390000e-02  8.859490e+02
  3.300000e-02  7.492025e+02
  3.220000e-02  6.241225e+02
  3.130000e-02  5.387400e+02
  3.050000e-02  4.609295e+02
  2.970000e-02  4.082595e+02
  2.890000e-02  3.538055e+02
  2.820000e-02  3.136615e+02
  2.750000e-02  2.803940e+02
  2.680000e-02  2.647215e+02
  2.610000e-02  2.475715e+02
  2.540000e-02  2.322900e+02
  2.470000e-02  2.228790e+02
  2.410000e-02  2.088475e+02
  2.350000e-02  2.006910e+02
  2.290000e-02  1.994110e+02
  2.230000e-02  1.914485e+02
  2.170000e-02  1.873840e+02
  2.110000e-02  1.869105e+02
  2.060000e-02  1.828740e+02
  2.000000e-02  1.759700e+02
  1.950000e-02  1.718215e+02
  1.900000e-02  1.715995e+02
  1.850000e-02  1.708760e+02
  1.800000e-02  1.666150e+02
  1.760000e-02  1.640565e+02
  1.710000e-02  1.571235e+02
  1.670000e-02  1.538380e+02
  1.630000e-02  1.517505e+02
  1.580000e-02  1.493280e+02
  1.540000e-02  1.398060e+02
  1.500000e-02  1.383860e+02
  1.460000e-02  1.338495e+02
  1.430000e-02  1.281430e+02
  1.390000e-02  1.263345e+02
  1.350000e-02  1.208485e+02
  1.320000e-02  1.135825e+02
  1.280000e-02  1.091290e+02
  1.250000e-02  1.048685e+02
  1.220000e-02  1.000255e+02
  1.190000e-02  9.320510e+01
  1.160000e-02  8.362830e+01
  1.130000e-02  8.429655e+01
  1.100000e-02  7.190815e+01
  1.070000e-02  6.806625e+01
  1.040000e-02  6.163560e+01
  1.010000e-02  4.720385e+02
