  4.934820e+03  8.076500e-02
  4.806990e+03  6.730500e-03
  4.682470e+03  1.346100e-02
  4.561180e+03  6.730500e-03
  4.443030e+03  0.000000e+00
  4.327940e+03  0.000000e+00
  4.215830e+03  6.730500e-03
  4.106630e+03  6.730500e-03
  4.000250e+03  1.346100e-02
  3.896630e+03  6.730500e-03
  3.795700e+03  6.730500e-03
  3.697380e+03  0.000000e+00
  3.601600e+03  6.730500e-03
  3.508310e+03  6.730500e-03
  3.417430e+03  1.346050e-02
  3.328910e+03  2.019150e-02
  3.242680e+03  2.019150e-02
  3.158680e+03  2.692150e-02
  3.076860e+03  2.019100e-02
  2.997160e+03  6.057350e-02
  2.919530e+03  3.365250e-02
  2.843900e+03  5.384350e-02
  2.770230e+03  6.057400e-02
  2.698480e+03  1.346100e-02
  2.628580e+03  6.730500e-03
  2.560490e+03  2.019150e-02
  2.494160e+03  4.711250e-02
  2.429550e+03  4.038200e-02
  2.366620e+03  6.730400e-02
  2.305320e+03  6.057350e-02
  2.245600e+03  6.057350e-02
  2.187430e+03  8.749500e-02
  2.130770e+03  7.403450e-02
  2.075580e+03  8.749450e-02
  2.021810e+03  8.749550e-02
  1.969440e+03  1.682600e-01
  1.918430e+03  1.413380e-01
  1.868730e+03  1.009550e-01
  1.820330e+03  2.221005e-01
  1.773170e+03  2.153710e-01
  1.727240e+03  1.951795e-01
  1.682500e+03  2.153700e-01
  1.638920e+03  2.086395e-01
  1.596470e+03  2.288315e-01
  1.555110e+03  2.961330e-01
  1.514830e+03  3.163240e-01
  1.475590e+03  3.701660e-01
  1.437370e+03  2.826735e-01
  1.400140e+03  3.567035e-01
  1.363870e+03  4.643890e-01
  1.328540e+03  4.576595e-01
  1.294120e+03  6.662990e-01
  1.260600e+03  6.864950e-01
  1.227950e+03  7.134125e-01
  1.196140e+03  6.259115e-01
  1.165160e+03  8.076400e-01
  1.134980e+03  8.749360e-01
  1.105580e+03  8.547425e-01
  1.076940e+03  1.043201e+00
  1.049040e+03  1.171080e+00
  1.021870e+03  1.103776e+00
  9.953980e+02  1.413375e+00
  9.696140e+02  1.541250e+00
  9.444970e+02  1.722980e+00
  9.200320e+02  1.837375e+00
  8.962000e+02  2.039285e+00
  8.729850e+02  2.274840e+00
  8.503720e+02  2.927660e+00
  8.283450e+02  2.947860e+00
  8.068880e+02  3.782430e+00
  7.859870e+02  3.789140e+00
  7.656270e+02  4.435260e+00
  7.457950e+02  4.616985e+00
  7.264760e+02  5.141945e+00
  7.076580e+02  5.902465e+00
  6.893270e+02  6.117845e+00
  6.714710e+02  7.362935e+00
  6.540780e+02  7.894630e+00
  6.371350e+02  8.897455e+00
  6.206310e+02  9.913645e+00
  6.045550e+02  1.169055e+01
  5.888950e+02  1.278760e+01
  5.736410e+02  1.395855e+01
  5.587810e+02  1.572870e+01
  5.443070e+02  1.727670e+01
  5.302080e+02  1.917450e+01
  5.164740e+02  2.085045e+01
  5.030950e+02  2.377135e+01
  4.900630e+02  2.616735e+01
  4.773690e+02  2.888630e+01
  4.650040e+02  3.269565e+01
  4.529580e+02  3.575125e+01
  4.412250e+02  4.023370e+01
  4.297960e+02  4.480345e+01
  4.186630e+02  4.951465e+01
  4.078180e+02  5.542380e+01
  3.972540e+02  6.085520e+01
  3.869640e+02  6.823155e+01
  3.769400e+02  7.437635e+01
  3.671770e+02  8.356995e+01
  3.576650e+02  9.289145e+01
  3.484010e+02  1.025970e+02
  3.393760e+02  1.113325e+02
  3.305850e+02  1.248940e+02
  3.220220e+02  1.385175e+02
  3.136800e+02  1.499855e+02
  3.055550e+02  1.644535e+02
  2.976400e+02  1.787640e+02
  2.899300e+02  1.983215e+02
  2.824200e+02  2.185660e+02
  2.751040e+02  2.398335e+02
  2.679780e+02  2.621650e+02
  2.610370e+02  2.848005e+02
  2.542750e+02  3.132270e+02
  2.476890e+02  3.443355e+02
  2.412730e+02  3.756920e+02
  2.350230e+02  4.131455e+02
  2.289350e+02  4.530960e+02
  2.230050e+02  4.943330e+02
  2.172280e+02  5.383290e+02
  2.116010e+02  5.830370e+02
  2.061200e+02  6.306815e+02
  2.007810e+02  6.859435e+02
  1.955800e+02  7.497615e+02
  1.905140e+02  8.187730e+02
  1.855790e+02  8.858410e+02
  1.807720e+02  9.668925e+02
  1.760890e+02  1.048640e+03
  1.715280e+02  1.128615e+03
  1.670850e+02  1.208975e+03
  1.627570e+02  1.306215e+03
  1.585410e+02  1.390585e+03
  1.544340e+02  1.484790e+03
  1.504340e+02  1.573805e+03
  1.465370e+02  1.667955e+03
  1.427410e+02  1.776775e+03
  1.390440e+02  1.876125e+03
  1.354420e+02  1.977980e+03
  1.319340e+02  2.084335e+03
  1.285160e+02  2.187015e+03
  1.251870e+02  2.283740e+03
  1.219440e+02  2.390910e+03
  1.187850e+02  2.502400e+03
  1.157090e+02  2.621700e+03
  1.127110e+02  2.730645e+03
  1.097920e+02  2.860175e+03
  1.069480e+02  2.971840e+03
  1.041770e+02  3.110595e+03
  1.014790e+02  3.225220e+03
  9.885030e+01  3.360995e+03
  9.628970e+01  3.479875e+03
  9.379550e+01  3.608385e+03
  9.136590e+01  3.737615e+03
  8.899920e+01  3.878325e+03
  8.669380e+01  4.002655e+03
  8.444820e+01  4.147035e+03
  8.226070e+01  4.277050e+03
  8.012980e+01  4.409495e+03
  7.805420e+01  4.550500e+03
  7.603240e+01  4.698090e+03
  7.406290e+01  4.829575e+03
  7.214440e+01  4.958655e+03
  7.027560e+01  5.078805e+03
  6.845520e+01  5.205190e+03
  6.668200e+01  5.321375e+03
  6.495470e+01  5.393965e+03
  6.327220e+01  5.469655e+03
  6.163320e+01  5.492380e+03
  6.003670e+01  5.500190e+03
  5.848160e+01  5.485790e+03
  5.696670e+01  5.468180e+03
  5.549110e+01  5.458300e+03
  5.405370e+01  5.439355e+03
  5.265350e+01  5.450005e+03
  5.128960e+01  5.440385e+03
  4.996100e+01  5.422630e+03
  4.866690e+01  5.371295e+03
  4.740620e+01  5.311400e+03
  4.617830e+01  5.227745e+03
  4.498210e+01  5.086130e+03
  4.381690e+01  4.965240e+03
  4.268190e+01  4.842865e+03
  4.157630e+01  4.704240e+03
  4.049930e+01  4.558910e+03
  3.945030e+01  4.442615e+03
  3.842840e+01  4.331680e+03
  3.743290e+01  4.216315e+03
  3.646330e+01  4.107760e+03
  3.551880e+01  3.991970e+03
  3.459870e+01  3.886590e+03
  3.370250e+01  3.768065e+03
  3.282950e+01  3.654155e+03
  3.197910e+01  3.544520e+03
  3.115070e+01  3.437875e+03
  3.034380e+01  3.316250e+03
  2.955780e+01  3.192560e+03
  2.879220e+01  3.076390e+03
  2.804640e+01  2.951730e+03
  2.731990e+01  2.829370e+03
  2.661220e+01  2.701260e+03
  2.592290e+01  2.565490e+03
  2.525140e+01  2.429760e+03
  2.459730e+01  2.292260e+03
  2.396010e+01  2.156850e+03
  2.333950e+01  2.009710e+03
  2.273490e+01  1.865910e+03
  2.214600e+01  1.714230e+03
  2.157230e+01  1.562175e+03
  2.101350e+01  1.415810e+03
  2.046920e+01  1.270230e+03
  1.993900e+01  1.142690e+03
  1.942250e+01  1.024275e+03
  1.891940e+01  9.258980e+02
  1.842930e+01  8.839285e+02
  1.795200e+01  8.520005e+02
  1.748690e+01  8.570210e+02
  1.703400e+01  8.774285e+02
  1.659270e+01  9.290880e+02
  1.616290e+01  9.857030e+02
  1.574430e+01  1.042965e+03
  1.533640e+01  1.088660e+03
  1.493920e+01  1.142380e+03
  1.455220e+01  1.143985e+03
  1.417520e+01  1.074040e+03
  1.380800e+01  9.221290e+02
  1.345040e+01  7.337775e+02
  1.310200e+01  5.422855e+02
  1.276260e+01  3.776560e+02
  1.243200e+01  2.542780e+02
  1.211000e+01  1.703430e+02
  1.179630e+01  1.069580e+02
  1.149070e+01  6.948335e+01
  1.119310e+01  4.783890e+01
  1.090310e+01  3.682810e+01
  1.062070e+01  2.727130e+01
  1.034560e+01  1.893900e+01
  1.007760e+01  1.366915e+01
  9.816600e+00  9.233965e+00
  9.562300e+00  7.416770e+00
  9.314600e+00  8.527275e+00
  9.073300e+00  1.426155e+01
  8.838300e+00  2.641630e+01
  8.609300e+00  5.089435e+01
  8.386300e+00  9.925130e+01
  8.169100e+00  1.860185e+02
  7.957500e+00  3.285930e+02
  7.751400e+00  4.449720e+02
  7.550600e+00  6.059740e+02
  7.355000e+00  6.219120e+02
  7.164500e+00  5.780305e+02
  6.978900e+00  5.310135e+02
  6.798100e+00  4.668125e+02
  6.622000e+00  4.071360e+02
  6.450500e+00  3.492290e+02
  6.283400e+00  2.985165e+02
  6.120600e+00  2.484685e+02
  5.962100e+00  2.146030e+02
  5.807600e+00  1.944990e+02
  5.657200e+00  1.729815e+02
  5.510700e+00  1.574540e+02
  5.367900e+00  1.309720e+02
  5.228900e+00  1.080270e+02
  5.093400e+00  9.154539e+01
  4.961500e+00  7.518394e+01
  4.833000e+00  5.873530e+01
  4.707800e+00  4.663425e+01
  4.585800e+00  3.585225e+01
  4.467100e+00  2.784985e+01
  4.351300e+00  2.438360e+01
  4.238600e+00  2.056105e+01
  4.128800e+00  1.718920e+01
  4.021900e+00  1.512970e+01
  3.917700e+00  1.185205e+01
  3.816200e+00  9.577060e+00
  3.717400e+00  8.076324e+00
  3.621100e+00  7.033155e+00
  3.527300e+00  5.882270e+00
  3.435900e+00  4.940040e+00
  3.346900e+00  3.775670e+00
  3.260200e+00  2.941130e+00
  3.175800e+00  1.891225e+00
  3.093500e+00  1.218180e+00
  3.013400e+00  1.036469e+00
  2.935300e+00  1.076864e+00
  2.859300e+00  1.339350e+00
  2.785200e+00  1.749895e+00
  2.713100e+00  2.301760e+00
  2.642800e+00  2.308495e+00
  2.574300e+00  2.180625e+00
  2.507600e+00  2.005640e+00
  2.442700e+00  1.675855e+00
  2.379400e+00  1.803725e+00
  2.317800e+00  1.601830e+00
  2.257700e+00  1.534530e+00
  2.199300e+00  1.581635e+00
  2.142300e+00  1.406655e+00
  2.086800e+00  1.164360e+00
  2.032700e+00  1.285500e+00
  1.980100e+00  1.204740e+00
  1.928800e+00  9.691590e-01
  1.878800e+00  7.807145e-01
  1.830200e+00  9.355205e-01
  1.782800e+00  1.366260e+00
  1.736600e+00  8.682095e-01
  1.691600e+00  8.547510e-01
  1.647800e+00  7.201340e-01
  1.605100e+00  6.864865e-01
  1.563500e+00  6.393780e-01
  1.523000e+00  6.124540e-01
  1.483600e+00  6.662955e-01
  1.445100e+00  5.182320e-01
  1.407700e+00  4.845835e-01
  1.371200e+00  4.307380e-01
  1.335700e+00  4.778490e-01
  1.301100e+00  3.567065e-01
  1.267400e+00  4.240085e-01
  1.234600e+00  4.038185e-01
  1.202600e+00  3.701660e-01
  1.171500e+00  3.701665e-01
  1.141100e+00  2.826730e-01
  1.111600e+00  3.365160e-01
  1.082800e+00  2.624825e-01
  1.054700e+00  3.028635e-01
  1.027400e+00  2.961335e-01
  1.000800e+00  2.894035e-01
  9.749000e-01  2.355605e-01
  9.496000e-01  3.499755e-01
  9.250000e-01  3.365165e-01
  9.010000e-01  3.499760e-01
  8.777000e-01  4.441990e-01
  8.550000e-01  3.768960e-01
  8.328000e-01  2.961340e-01
  8.113000e-01  3.365145e-01
  7.902000e-01  4.172760e-01
  7.698000e-01  3.567060e-01
  7.498000e-01  3.297855e-01
  7.304000e-01  4.711195e-01
  7.115000e-01  3.701665e-01
  6.931000e-01  5.249670e-01
  6.751000e-01  1.043205e+00
  6.576000e-01  1.696045e+00
  6.406000e-01  1.568170e+00
  6.240000e-01  5.720740e-01
  6.078000e-01  6.393780e-01
  5.921000e-01  5.922635e-01
  5.767000e-01  5.720735e-01
  5.618000e-01  5.787955e-01
  5.472000e-01  5.518830e-01
  5.331000e-01  6.461105e-01
  5.193000e-01  7.201425e-01
  5.058000e-01  8.143585e-01
  4.927000e-01  7.672500e-01
  4.799000e-01  6.662910e-01
  4.675000e-01  7.807120e-01
  4.554000e-01  7.335955e-01
  4.436000e-01  8.749330e-01
  4.321000e-01  6.662955e-01
  4.209000e-01  8.009055e-01
  4.100000e-01  8.816684e-01
  3.994000e-01  1.359545e+00
  3.891000e-01  1.238395e+00
  3.790000e-01  1.171080e+00
  3.692000e-01  9.287890e-01
  3.596000e-01  1.023011e+00
  3.503000e-01  8.412820e-01
  3.412000e-01  1.029735e+00
  3.324000e-01  1.083570e+00
  3.238000e-01  8.816710e-01
  3.154000e-01  9.287925e-01
  3.072000e-01  9.893575e-01
  2.992000e-01  1.123955e+00
  2.915000e-01  1.696040e+00
  2.839000e-01  1.601830e+00
  2.766000e-01  1.460490e+00
  2.694000e-01  1.379735e+00
  2.624000e-01  1.399920e+00
  2.556000e-01  1.204733e+00
  2.490000e-01  1.083589e+00
  2.426000e-01  8.816720e-01
  2.363000e-01  1.157620e+00
  2.302000e-01  9.960855e-01
  2.242000e-01  1.009544e+00
  2.184000e-01  9.220535e-01
  2.127000e-01  7.739865e-01
  2.072000e-01  8.143650e-01
  2.019000e-01  6.932150e-01
  1.966000e-01  7.537925e-01
  1.915000e-01  7.807055e-01
  1.866000e-01  6.057255e-01
  1.817000e-01  6.124520e-01
  1.770000e-01  5.788020e-01
  1.725000e-01  5.855319e-01
  1.680000e-01  5.653460e-01
  1.636000e-01  4.913140e-01
  1.594000e-01  4.441970e-01
  1.553000e-01  4.240075e-01
  1.512000e-01  3.701665e-01
  1.473000e-01  4.576590e-01
  1.435000e-01  3.768960e-01
  1.398000e-01  3.432455e-01
  1.362000e-01  3.095935e-01
  1.326000e-01  3.701670e-01
  1.292000e-01  3.163240e-01
  1.259000e-01  2.557520e-01
  1.226000e-01  2.692120e-01
  1.194000e-01  2.288305e-01
  1.163000e-01  1.817185e-01
  1.133000e-01  1.547975e-01
  1.104000e-01  1.076860e-01
  1.075000e-01  1.615280e-01
  1.047000e-01  1.211470e-01
  1.020000e-01  6.730450e-02
  9.940000e-02  8.749551e-02
  9.680000e-02  5.384300e-02
  9.430000e-02  6.730350e-02
  9.190000e-02  3.365250e-02
  8.950000e-02  6.730450e-02
  8.720000e-02  4.711300e-02
  8.490000e-02  5.384400e-02
  8.270000e-02  4.038200e-02
  8.060000e-02  6.730500e-03
  7.850000e-02  2.692200e-02
  7.640000e-02  3.365250e-02
  7.450000e-02  2.019150e-02
  7.250000e-02  2.019150e-02
  7.070000e-02  0.000000e+00
  6.880000e-02  6.730500e-03
  6.700000e-02  0.000000e+00
  6.530000e-02  3.365250e-02
  6.360000e-02  6.730500e-03
  6.200000e-02  2.692200e-02
  6.040000e-02  1.346100e-02
  5.880000e-02  2.019150e-02
  5.730000e-02  6.730500e-03
  5.580000e-02  2.019150e-02
  5.430000e-02  1.346100e-02
  5.290000e-02  6.730500e-03
  5.160000e-02  6.730500e-03
  5.020000e-02  0.000000e+00
  4.890000e-02  1.346100e-02
  4.770000e-02  0.000000e+00
  4.640000e-02  2.019150e-02
  4.520000e-02  6.730500e-03
  4.410000e-02  0.000000e+00
  4.290000e-02  6.730500e-03
  4.180000e-02  0.000000e+00
  4.070000e-02  6.730500e-03
  3.970000e-02  0.000000e+00
  3.860000e-02  0.000000e+00
  3.760000e-02  6.730500e-03
  3.670000e-02  0.000000e+00
  3.570000e-02  6.730500e-03
  3.480000e-02  6.730500e-03
  3.390000e-02  2.019150e-02
  3.300000e-02  6.730500e-03
  3.220000e-02  6.730500e-03
  3.130000e-02  1.346100e-02
  3.050000e-02  0.000000e+00
  2.970000e-02  0.000000e+00
  2.890000e-02  0.000000e+00
  2.820000e-02  6.730500e-03
  2.750000e-02  6.730500e-03
  2.680000e-02  6.730500e-03
  2.610000e-02  6.730500e-03
  2.540000e-02  6.730500e-03
  2.470000e-02  0.000000e+00
  2.410000e-02  1.346100e-02
  2.350000e-02  0.000000e+00
  2.290000e-02  0.000000e+00
  2.230000e-02  6.730500e-03
  2.170000e-02  6.730500e-03
  2.110000e-02  0.000000e+00
  2.060000e-02  0.000000e+00
  2.000000e-02  0.000000e+00
  1.950000e-02  0.000000e+00
  1.900000e-02  0.000000e+00
  1.850000e-02  0.000000e+00
  1.800000e-02  0.000000e+00
  1.760000e-02  0.000000e+00
  1.710000e-02  0.000000e+00
  1.670000e-02  0.000000e+00
  1.630000e-02  0.000000e+00
  1.580000e-02  0.000000e+00
  1.540000e-02  0.000000e+00
  1.500000e-02  0.000000e+00
  1.460000e-02  0.000000e+00
  1.430000e-02  6.730500e-03
  1.390000e-02  6.730500e-03
  1.350000e-02  0.000000e+00
  1.320000e-02  0.000000e+00
  1.280000e-02  0.000000e+00
  1.250000e-02  0.000000e+00
  1.220000e-02  0.000000e+00
  1.190000e-02  0.000000e+00
  1.160000e-02  0.000000e+00
  1.130000e-02  6.730500e-03
  1.100000e-02  2.570960e+00
  1.070000e-02  3.378595e+00
  1.040000e-02  2.806520e+00
  1.010000e-02  1.399225e+01
