  4.934820e+03  2.678050e-01
  4.806990e+03  0.000000e+00
  4.682470e+03  0.000000e+00
  4.561180e+03  0.000000e+00
  4.443030e+03  0.000000e+00
  4.327940e+03  0.000000e+00
  4.215830e+03  0.000000e+00
  4.106630e+03  0.000000e+00
  4.000250e+03  0.000000e+00
  3.896630e+03  0.000000e+00
  3.795700e+03  2.678050e-01
  3.697380e+03  0.000000e+00
  3.601600e+03  0.000000e+00
  3.508310e+03  0.000000e+00
  3.417430e+03  0.000000e+00
  3.328910e+03  0.000000e+00
  3.242680e+03  0.000000e+00
  3.158680e+03  0.000000e+00
  3.076860e+03  2.678050e-01
  2.997160e+03  0.000000e+00
  2.919530e+03  2.678050e-01
  2.843900e+03  0.000000e+00
  2.770230e+03  0.000000e+00
  2.698480e+03  2.678050e-01
  2.628580e+03  0.000000e+00
  2.560490e+03  5.356100e-01
  2.494160e+03  0.000000e+00
  2.429550e+03  0.000000e+00
  2.366620e+03  0.000000e+00
  2.305320e+03  0.000000e+00
  2.245600e+03  2.678050e-01
  2.187430e+03  2.678050e-01
  2.130770e+03  5.356100e-01
  2.075580e+03  2.678050e-01
  2.021810e+03  2.678050e-01
  1.969440e+03  0.000000e+00
  1.918430e+03  0.000000e+00
  1.868730e+03  5.356100e-01
  1.820330e+03  5.356100e-01
  1.773170e+03  2.678050e-01
  1.727240e+03  5.356100e-01
  1.682500e+03  2.678050e-01
  1.638920e+03  5.356100e-01
  1.596470e+03  5.356100e-01
  1.555110e+03  0.000000e+00
  1.514830e+03  1.071220e+00
  1.475590e+03  8.034151e-01
  1.437370e+03  5.356100e-01
  1.400140e+03  8.034151e-01
  1.363870e+03  1.071210e+00
  1.328540e+03  1.339025e+00
  1.294120e+03  1.339025e+00
  1.260600e+03  1.339015e+00
  1.227950e+03  8.034151e-01
  1.196140e+03  1.606830e+00
  1.165160e+03  1.874635e+00
  1.134980e+03  2.142430e+00
  1.105580e+03  1.339025e+00
  1.076940e+03  2.945825e+00
  1.049040e+03  1.339025e+00
  1.021870e+03  2.678050e+00
  9.953980e+02  1.339025e+00
  9.696140e+02  2.142440e+00
  9.444970e+02  1.606830e+00
  9.200320e+02  3.749255e+00
  8.962000e+02  4.284830e+00
  8.729850e+02  4.284835e+00
  8.503720e+02  3.749225e+00
  8.283450e+02  5.891690e+00
  8.068880e+02  5.891620e+00
  7.859870e+02  6.962835e+00
  7.656270e+02  6.427255e+00
  7.457950e+02  8.837549e+00
  7.264760e+02  6.962825e+00
  7.076580e+02  9.908705e+00
  6.893270e+02  9.908820e+00
  6.714710e+02  1.044430e+01
  6.540780e+02  1.258680e+01
  6.371350e+02  1.392590e+01
  6.206310e+02  1.874655e+01
  6.045550e+02  1.901420e+01
  5.888950e+02  1.981780e+01
  5.736410e+02  2.222795e+01
  5.587810e+02  2.570950e+01
  5.443070e+02  2.945890e+01
  5.302080e+02  2.437045e+01
  5.164740e+02  2.865555e+01
  5.030950e+02  2.919100e+01
  4.900630e+02  4.231345e+01
  4.773690e+02  4.017100e+01
  4.650040e+02  5.061555e+01
  4.529580e+02  5.061550e+01
  4.412250e+02  5.650735e+01
  4.297960e+02  6.106005e+01
  4.186630e+02  5.891750e+01
  4.078180e+02  7.900301e+01
  3.972540e+02  8.864395e+01
  3.869640e+02  1.001593e+02
  3.769400e+02  1.068550e+02
  3.671770e+02  1.183700e+02
  3.576650e+02  1.333685e+02
  3.484010e+02  1.577380e+02
  3.393760e+02  1.719310e+02
  3.305850e+02  1.858575e+02
  3.220220e+02  2.059440e+02
  3.136800e+02  2.319205e+02
  3.055550e+02  2.479875e+02
  2.976400e+02  2.929805e+02
  2.899300e+02  3.101200e+02
  2.824200e+02  3.537710e+02
  2.751040e+02  3.891230e+02
  2.679780e+02  4.426845e+02
  2.610370e+02  4.943705e+02
  2.542750e+02  5.575730e+02
  2.476890e+02  5.950660e+02
  2.412730e+02  6.464845e+02
  2.350230e+02  7.378065e+02
  2.289350e+02  8.173460e+02
  2.230050e+02  9.003655e+02
  2.172280e+02  1.005614e+03
  2.116010e+02  1.124515e+03
  2.061200e+02  1.256825e+03
  2.007810e+02  1.412675e+03
  1.955800e+02  1.519265e+03
  1.905140e+02  1.722805e+03
  1.855790e+02  1.915625e+03
  1.807720e+02  2.047105e+03
  1.760890e+02  2.364185e+03
  1.715280e+02  2.584350e+03
  1.670850e+02  2.772070e+03
  1.627570e+02  3.118065e+03
  1.585410e+02  3.358835e+03
  1.544340e+02  3.683135e+03
  1.504340e+02  4.027820e+03
  1.465370e+02  4.423905e+03
  1.427410e+02  4.813815e+03
  1.390440e+02  5.201600e+03
  1.354420e+02  5.622870e+03
  1.319340e+02  6.143750e+03
  1.285160e+02  6.575725e+03
  1.251870e+02  7.149105e+03
  1.219440e+02  7.706665e+03
  1.187850e+02  8.301734e+03
  1.157090e+02  8.837609e+03
  1.127110e+02  9.598745e+03
  1.097920e+02  1.027600e+04
  1.069480e+02  1.100095e+04
  1.041770e+02  1.185460e+04
  1.014790e+02  1.262625e+04
  9.885030e+01  1.364310e+04
  9.628970e+01  1.459010e+04
  9.379550e+01  1.559175e+04
  9.136590e+01  1.664460e+04
  8.899920e+01  1.767380e+04
  8.669380e+01  1.895215e+04
  8.444820e+01  2.020820e+04
  8.226070e+01  2.154215e+04
  8.012980e+01  2.281250e+04
  7.805420e+01  2.425850e+04
  7.603240e+01  2.577870e+04
  7.406290e+01  2.759745e+04
  7.214440e+01  2.911345e+04
  7.027560e+01  3.045305e+04
  6.845520e+01  3.244365e+04
  6.668200e+01  3.420130e+04
  6.495470e+01  3.584110e+04
  6.327220e+01  3.724400e+04
  6.163320e+01  3.866615e+04
  6.003670e+01  3.976215e+04
  5.848160e+01  4.074280e+04
  5.696670e+01  4.157860e+04
  5.549110e+01  4.250035e+04
  5.405370e+01  4.373385e+04
  5.265350e+01  4.519745e+04
  5.128960e+01  4.665935e+04
  4.996100e+01  4.839565e+04
  4.866690e+01  5.008420e+04
  4.740620e+01  5.160490e+04
  4.617830e+01  5.314630e+04
  4.498210e+01  5.401085e+04
  4.381690e+01  5.448230e+04
  4.268190e+01  5.400780e+04
  4.157630e+01  5.388400e+04
  4.049930e+01  5.362605e+04
  3.945030e+01  5.308420e+04
  3.842840e+01  5.227910e+04
  3.743290e+01  5.138400e+04
  3.646330e+01  5.082840e+04
  3.551880e+01  5.026620e+04
  3.459870e+01  4.952415e+04
  3.370250e+01  4.918100e+04
  3.282950e+01  4.854400e+04
  3.197910e+01  4.780110e+04
  3.115070e+01  4.752650e+04
  3.034380e+01  4.723870e+04
  2.955780e+01  4.680420e+04
  2.879220e+01  4.615400e+04
  2.804640e+01  4.555365e+04
  2.731990e+01  4.508630e+04
  2.661220e+01  4.448965e+04
  2.592290e+01  4.369410e+04
  2.525140e+01  4.334555e+04
  2.459730e+01  4.231055e+04
  2.396010e+01  4.181175e+04
  2.333950e+01  4.102455e+04
  2.273490e+01  4.015005e+04
  2.214600e+01  3.900680e+04
  2.157230e+01  3.807630e+04
  2.101350e+01  3.693835e+04
  2.046920e+01  3.560800e+04
  1.993900e+01  3.419175e+04
  1.942250e+01  3.315925e+04
  1.891940e+01  3.166510e+04
  1.842930e+01  3.075010e+04
  1.795200e+01  2.988210e+04
  1.748690e+01  2.946795e+04
  1.703400e+01  2.892200e+04
  1.659270e+01  2.866870e+04
  1.616290e+01  2.818500e+04
  1.574430e+01  2.803725e+04
  1.533640e+01  2.767040e+04
  1.493920e+01  2.726480e+04
  1.455220e+01  2.677735e+04
  1.417520e+01  2.595080e+04
  1.380800e+01  2.460795e+04
  1.345040e+01  2.259460e+04
  1.310200e+01  2.063775e+04
  1.276260e+01  1.832705e+04
  1.243200e+01  1.608610e+04
  1.211000e+01  1.392835e+04
  1.179630e+01  1.183840e+04
  1.149070e+01  1.015065e+04
  1.119310e+01  9.017580e+03
  1.090310e+01  8.088830e+03
  1.062070e+01  7.326645e+03
  1.034560e+01  6.578665e+03
  1.007760e+01  5.751160e+03
  9.816600e+00  5.052435e+03
  9.562300e+00  4.416930e+03
  9.314600e+00  4.562350e+03
  9.073300e+00  5.343820e+03
  8.838300e+00  6.491085e+03
  8.609300e+00  8.071160e+03
  8.386300e+00  1.003397e+04
  8.169100e+00  1.210345e+04
  7.957500e+00  1.439760e+04
  7.751400e+00  1.537765e+04
  7.550600e+00  1.687875e+04
  7.355000e+00  1.675425e+04
  7.164500e+00  1.613650e+04
  6.978900e+00  1.547255e+04
  6.798100e+00  1.487700e+04
  6.622000e+00  1.402475e+04
  6.450500e+00  1.335580e+04
  6.283400e+00  1.250680e+04
  6.120600e+00  1.177840e+04
  5.962100e+00  1.103475e+04
  5.807600e+00  1.058730e+04
  5.657200e+00  1.033160e+04
  5.510700e+00  9.947686e+03
  5.367900e+00  9.252710e+03
  5.228900e+00  8.766125e+03
  5.093400e+00  8.176410e+03
  4.961500e+00  7.526700e+03
  4.833000e+00  6.807105e+03
  4.707800e+00  6.325055e+03
  4.585800e+00  5.630375e+03
  4.467100e+00  5.054855e+03
  4.351300e+00  4.664395e+03
  4.238600e+00  4.277940e+03
  4.128800e+00  3.924700e+03
  4.021900e+00  4.014140e+03
  3.917700e+00  3.286780e+03
  3.816200e+00  2.815995e+03
  3.717400e+00  2.569335e+03
  3.621100e+00  2.216370e+03
  3.527300e+00  1.964895e+03
  3.435900e+00  1.669240e+03
  3.346900e+00  1.336355e+03
  3.260200e+00  9.841885e+02
  3.175800e+00  6.628225e+02
  3.093500e+00  3.918010e+02
  3.013400e+00  2.750375e+02
  2.935300e+00  3.240465e+02
  2.859300e+00  4.247415e+02
  2.785200e+00  5.506110e+02
  2.713100e+00  6.850480e+02
  2.642800e+00  6.952260e+02
  2.574300e+00  6.282745e+02
  2.507600e+00  6.049750e+02
  2.442700e+00  5.050830e+02
  2.379400e+00  4.702685e+02
  2.317800e+00  4.397385e+02
  2.257700e+00  3.784115e+02
  2.199300e+00  3.430610e+02
  2.142300e+00  3.197595e+02
  2.086800e+00  2.894985e+02
  2.032700e+00  2.680745e+02
  1.980100e+00  3.015495e+02
  1.928800e+00  2.329920e+02
  1.878800e+00  1.938915e+02
  1.830200e+00  2.088900e+02
  1.782800e+00  3.360965e+02
  1.736600e+00  1.885360e+02
  1.691600e+00  1.507755e+02
  1.647800e+00  1.258700e+02
  1.605100e+00  1.036400e+02
  1.563500e+00  1.031065e+02
  1.523000e+00  8.650110e+01
  1.483600e+00  8.168040e+01
  1.445100e+00  7.846720e+01
  1.407700e+00  6.454150e+01
  1.371200e+00  5.864965e+01
  1.335700e+00  5.168670e+01
  1.301100e+00  5.088330e+01
  1.267400e+00  4.151010e+01
  1.234600e+00  3.883195e+01
  1.202600e+00  3.856425e+01
  1.171500e+00  4.097445e+01
  1.141100e+00  4.204575e+01
  1.111600e+00  2.704855e+01
  1.082800e+00  2.865545e+01
  1.054700e+00  3.642170e+01
  1.027400e+00  2.624515e+01
  1.000800e+00  2.196025e+01
  9.749000e-01  2.570955e+01
  9.496000e-01  2.008555e+01
  9.250000e-01  1.981765e+01
  9.010000e-01  1.901425e+01
  8.777000e-01  1.713950e+01
  8.550000e-01  1.981780e+01
  8.328000e-01  1.687175e+01
  8.113000e-01  1.767525e+01
  7.902000e-01  1.794300e+01
  7.698000e-01  1.392585e+01
  7.498000e-01  2.035335e+01
  7.304000e-01  1.633620e+01
  7.115000e-01  1.767515e+01
  6.931000e-01  4.525925e+01
  6.751000e-01  3.610040e+02
  6.576000e-01  3.125290e+02
  6.406000e-01  8.390370e+02
  6.240000e-01  2.158520e+02
  6.078000e-01  2.811985e+01
  5.921000e-01  1.874650e+01
  5.767000e-01  2.303145e+01
  5.618000e-01  1.901430e+01
  5.472000e-01  2.785200e+01
  5.331000e-01  2.383485e+01
  5.193000e-01  2.088895e+01
  5.058000e-01  2.972660e+01
  4.927000e-01  5.838185e+01
  4.799000e-01  6.855859e+01
  4.675000e-01  3.829635e+01
  4.554000e-01  2.196010e+01
  4.436000e-01  4.633055e+01
  4.321000e-01  5.998895e+01
  4.209000e-01  4.017095e+01
  4.100000e-01  3.320810e+01
  3.994000e-01  5.034775e+01
  3.891000e-01  1.114065e+02
  3.790000e-01  9.989070e+01
  3.692000e-01  2.303145e+01
  3.596000e-01  1.901430e+01
  3.503000e-01  1.713955e+01
  3.412000e-01  1.553275e+01
  3.324000e-01  1.312240e+01
  3.238000e-01  2.142460e+01
  3.154000e-01  1.312245e+01
  3.072000e-01  2.383485e+01
  2.992000e-01  2.838750e+01
  2.915000e-01  3.776085e+01
  2.839000e-01  4.418815e+01
  2.766000e-01  2.329925e+01
  2.694000e-01  6.239895e+01
  2.624000e-01  1.247975e+02
  2.556000e-01  1.526500e+02
  2.490000e-01  6.293460e+01
  2.426000e-01  3.427925e+01
  2.363000e-01  5.195440e+01
  2.302000e-01  3.561830e+01
  2.242000e-01  2.356700e+01
  2.184000e-01  2.249570e+01
  2.127000e-01  2.196030e+01
  2.072000e-01  1.928205e+01
  2.019000e-01  2.329925e+01
  1.966000e-01  2.544170e+01
  1.915000e-01  3.615395e+01
  1.866000e-01  3.695735e+01
  1.817000e-01  2.115670e+01
  1.770000e-01  1.499710e+01
  1.725000e-01  1.580045e+01
  1.680000e-01  2.115685e+01
  1.636000e-01  2.437045e+01
  1.594000e-01  2.811980e+01
  1.553000e-01  2.463825e+01
  1.512000e-01  3.374370e+01
  1.473000e-01  2.678075e+01
  1.435000e-01  3.990315e+01
  1.398000e-01  2.731625e+01
  1.362000e-01  2.463825e+01
  1.326000e-01  2.865545e+01
  1.292000e-01  2.811995e+01
  1.259000e-01  3.695735e+01
  1.226000e-01  4.552710e+01
  1.194000e-01  4.820510e+01
  1.163000e-01  3.508270e+01
  1.133000e-01  4.445590e+01
  1.104000e-01  3.722525e+01
  1.075000e-01  3.454720e+01
  1.047000e-01  3.695735e+01
  1.020000e-01  3.427930e+01
  9.940000e-02  4.525930e+01
  9.680000e-02  4.311690e+01
  9.430000e-02  4.847290e+01
  9.190000e-02  4.097440e+01
  8.950000e-02  4.900865e+01
  8.720000e-02  3.668960e+01
  8.490000e-02  3.695730e+01
  8.270000e-02  4.204565e+01
  8.060000e-02  4.740170e+01
  7.850000e-02  3.749295e+01
  7.640000e-02  4.284905e+01
  7.450000e-02  4.258115e+01
  7.250000e-02  3.749295e+01
  7.070000e-02  3.508280e+01
  6.880000e-02  3.481485e+01
  6.700000e-02  4.070640e+01
  6.530000e-02  3.320815e+01
  6.360000e-02  3.883205e+01
  6.200000e-02  3.481490e+01
  6.040000e-02  3.374360e+01
  5.880000e-02  3.026220e+01
  5.730000e-02  2.651295e+01
  5.580000e-02  2.142435e+01
  5.430000e-02  2.142450e+01
  5.290000e-02  2.035340e+01
  5.160000e-02  1.981770e+01
  5.020000e-02  1.740730e+01
  4.890000e-02  1.874650e+01
  4.770000e-02  1.633610e+01
  4.640000e-02  1.419360e+01
  4.520000e-02  1.312255e+01
  4.410000e-02  1.285465e+01
  4.290000e-02  1.071212e+01
  4.180000e-02  8.837570e+00
  4.070000e-02  7.766270e+00
  3.970000e-02  5.891645e+00
  3.860000e-02  6.695050e+00
  3.760000e-02  5.623935e+00
  3.670000e-02  6.962950e+00
  3.570000e-02  5.088280e+00
  3.480000e-02  2.678035e+00
  3.390000e-02  4.017015e+00
  3.300000e-02  3.213630e+00
  3.220000e-02  1.606820e+00
  3.130000e-02  3.213640e+00
  3.050000e-02  1.339025e+00
  2.970000e-02  1.071220e+00
  2.890000e-02  2.142430e+00
  2.820000e-02  3.749290e+00
  2.750000e-02  1.071210e+00
  2.680000e-02  1.339015e+00
  2.610000e-02  5.356100e-01
  2.540000e-02  5.356100e-01
  2.470000e-02  8.034150e-01
  2.410000e-02  2.678050e-01
  2.350000e-02  2.678050e-01
  2.290000e-02  2.678050e-01
  2.230000e-02  1.606830e+00
  2.170000e-02  0.000000e+00
  2.110000e-02  2.678050e-01
  2.060000e-02  0.000000e+00
  2.000000e-02  2.678050e-01
  1.950000e-02  0.000000e+00
  1.900000e-02  2.678050e-01
  1.850000e-02  2.678050e-01
  1.800000e-02  2.678050e-01
  1.760000e-02  0.000000e+00
  1.710000e-02  0.000000e+00
  1.670000e-02  0.000000e+00
  1.630000e-02  0.000000e+00
  1.580000e-02  0.000000e+00
  1.540000e-02  0.000000e+00
  1.500000e-02  0.000000e+00
  1.460000e-02  0.000000e+00
  1.430000e-02  0.000000e+00
  1.390000e-02  2.678050e-01
  1.350000e-02  2.678050e-01
  1.320000e-02  0.000000e+00
  1.280000e-02  0.000000e+00
  1.250000e-02  0.000000e+00
  1.220000e-02  0.000000e+00
  1.190000e-02  0.000000e+00
  1.160000e-02  2.678050e-01
  1.130000e-02  1.339015e+00
  1.100000e-02  5.811420e+01
  1.070000e-02  9.212500e+01
  1.040000e-02  7.712815e+01
  1.010000e-02  5.843535e+02
