  4.934820e+03  0.000000e+00
  4.806990e+03  0.000000e+00
  4.682470e+03  0.000000e+00
  4.561180e+03  0.000000e+00
  4.443030e+03  0.000000e+00
  4.327940e+03  0.000000e+00
  4.215830e+03  0.000000e+00
  4.106630e+03  0.000000e+00
  4.000250e+03  1.446950e-01
  3.896630e+03  0.000000e+00
  3.795700e+03  0.000000e+00
  3.697380e+03  0.000000e+00
  3.601600e+03  0.000000e+00
  3.508310e+03  0.000000e+00
  3.417430e+03  0.000000e+00
  3.328910e+03  0.000000e+00
  3.242680e+03  0.000000e+00
  3.158680e+03  0.000000e+00
  3.076860e+03  0.000000e+00
  2.997160e+03  0.000000e+00
  2.919530e+03  0.000000e+00
  2.843900e+03  2.893900e-01
  2.770230e+03  0.000000e+00
  2.698480e+03  0.000000e+00
  2.628580e+03  0.000000e+00
  2.560490e+03  1.446950e-01
  2.494160e+03  1.446950e-01
  2.429550e+03  1.446950e-01
  2.366620e+03  0.000000e+00
  2.305320e+03  0.000000e+00
  2.245600e+03  1.446950e-01
  2.187430e+03  2.893900e-01
  2.130770e+03  1.446950e-01
  2.075580e+03  0.000000e+00
  2.021810e+03  5.787850e-01
  1.969440e+03  0.000000e+00
  1.918430e+03  0.000000e+00
  1.868730e+03  4.340850e-01
  1.820330e+03  0.000000e+00
  1.773170e+03  4.340850e-01
  1.727240e+03  2.893900e-01
  1.682500e+03  4.340900e-01
  1.638920e+03  4.340850e-01
  1.596470e+03  1.446950e-01
  1.555110e+03  7.234750e-01
  1.514830e+03  4.340850e-01
  1.475590e+03  4.340900e-01
  1.437370e+03  2.893900e-01
  1.400140e+03  7.234800e-01
  1.363870e+03  7.234800e-01
  1.328540e+03  1.157560e+00
  1.294120e+03  7.234800e-01
  1.260600e+03  4.340850e-01
  1.227950e+03  8.681750e-01
  1.196140e+03  0.000000e+00
  1.165160e+03  1.591670e+00
  1.134980e+03  1.736350e+00
  1.105580e+03  1.157570e+00
  1.076940e+03  1.302260e+00
  1.049040e+03  1.012870e+00
  1.021870e+03  2.025750e+00
  9.953980e+02  1.591650e+00
  9.696140e+02  2.025740e+00
  9.444970e+02  2.315145e+00
  9.200320e+02  3.762120e+00
  8.962000e+02  4.485590e+00
  8.729850e+02  3.472725e+00
  8.503720e+02  3.906825e+00
  8.283450e+02  5.787910e+00
  8.068880e+02  4.630310e+00
  7.859870e+02  4.919715e+00
  7.656270e+02  6.945495e+00
  7.457950e+02  6.800790e+00
  7.264760e+02  7.813695e+00
  7.076580e+02  8.537170e+00
  6.893270e+02  9.694835e+00
  6.714710e+02  1.200990e+01
  6.540780e+02  1.461445e+01
  6.371350e+02  1.504860e+01
  6.206310e+02  1.866575e+01
  6.045550e+02  2.040220e+01
  5.888950e+02  2.430885e+01
  5.736410e+02  2.503230e+01
  5.587810e+02  2.691335e+01
  5.443070e+02  3.472700e+01
  5.302080e+02  3.689750e+01
  5.164740e+02  3.805510e+01
  5.030950e+02  4.601355e+01
  4.900630e+02  4.659225e+01
  4.773690e+02  5.339305e+01
  4.650040e+02  6.352185e+01
  4.529580e+02  6.844130e+01
  4.412250e+02  7.885980e+01
  4.297960e+02  8.493660e+01
  4.186630e+02  1.025895e+02
  4.078180e+02  1.099690e+02
  3.972540e+02  1.289240e+02
  3.869640e+02  1.374615e+02
  3.769400e+02  1.584425e+02
  3.671770e+02  1.776885e+02
  3.576650e+02  2.037335e+02
  3.484010e+02  2.362895e+02
  3.393760e+02  2.545195e+02
  3.305850e+02  2.765155e+02
  3.220220e+02  3.139915e+02
  3.136800e+02  3.585565e+02
  3.055550e+02  3.984925e+02
  2.976400e+02  4.424815e+02
  2.899300e+02  4.903760e+02
  2.824200e+02  5.481085e+02
  2.751040e+02  6.110520e+02
  2.679780e+02  6.742840e+02
  2.610370e+02  7.789010e+02
  2.542750e+02  8.539975e+02
  2.476890e+02  9.458835e+02
  2.412730e+02  1.092460e+03
  2.350230e+02  1.204430e+03
  2.289350e+02  1.335405e+03
  2.230050e+02  1.502530e+03
  2.172280e+02  1.657355e+03
  2.116010e+02  1.858180e+03
  2.061200e+02  2.045000e+03
  2.007810e+02  2.291115e+03
  1.955800e+02  2.576165e+03
  1.905140e+02  2.845600e+03
  1.855790e+02  3.216735e+03
  1.807720e+02  3.569365e+03
  1.760890e+02  3.901880e+03
  1.715280e+02  4.460410e+03
  1.670850e+02  4.848780e+03
  1.627570e+02  5.378655e+03
  1.585410e+02  5.926335e+03
  1.544340e+02  6.505550e+03
  1.504340e+02  7.085485e+03
  1.465370e+02  7.805505e+03
  1.427410e+02  8.477461e+03
  1.390440e+02  9.322630e+03
  1.354420e+02  1.006665e+04
  1.319340e+02  1.103730e+04
  1.285160e+02  1.191225e+04
  1.251870e+02  1.288000e+04
  1.219440e+02  1.384790e+04
  1.187850e+02  1.511230e+04
  1.157090e+02  1.634795e+04
  1.127110e+02  1.751995e+04
  1.097920e+02  1.885750e+04
  1.069480e+02  2.027575e+04
  1.041770e+02  2.171185e+04
  1.014790e+02  2.349540e+04
  9.885030e+01  2.527950e+04
  9.628970e+01  2.725365e+04
  9.379550e+01  2.889175e+04
  9.136590e+01  3.101745e+04
  8.899920e+01  3.299350e+04
  8.669380e+01  3.511625e+04
  8.444820e+01  3.725915e+04
  8.226070e+01  3.966935e+04
  8.012980e+01  4.204690e+04
  7.805420e+01  4.463520e+04
  7.603240e+01  4.692935e+04
  7.406290e+01  4.941680e+04
  7.214440e+01  5.204495e+04
  7.027560e+01  5.442840e+04
  6.845520e+01  5.683315e+04
  6.668200e+01  5.907220e+04
  6.495470e+01  6.116090e+04
  6.327220e+01  6.306805e+04
  6.163320e+01  6.434865e+04
  6.003670e+01  6.524425e+04
  5.848160e+01  6.577150e+04
  5.696670e+01  6.632995e+04
  5.549110e+01  6.677575e+04
  5.405370e+01  6.728595e+04
  5.265350e+01  6.735825e+04
  5.128960e+01  6.757716e+04
  4.996100e+01  6.757635e+04
  4.866690e+01  6.687080e+04
  4.740620e+01  6.603559e+04
  4.617830e+01  6.472140e+04
  4.498210e+01  6.265925e+04
  4.381690e+01  6.107520e+04
  4.268190e+01  5.927210e+04
  4.157630e+01  5.717875e+04
  4.049930e+01  5.485835e+04
  3.945030e+01  5.277735e+04
  3.842840e+01  5.076690e+04
  3.743290e+01  4.878840e+04
  3.646330e+01  4.696430e+04
  3.551880e+01  4.490310e+04
  3.459870e+01  4.320890e+04
  3.370250e+01  4.107125e+04
  3.282950e+01  3.909665e+04
  3.197910e+01  3.725685e+04
  3.115070e+01  3.512895e+04
  3.034380e+01  3.319940e+04
  2.955780e+01  3.141755e+04
  2.879220e+01  2.945805e+04
  2.804640e+01  2.750755e+04
  2.731990e+01  2.569090e+04
  2.661220e+01  2.387280e+04
  2.592290e+01  2.191835e+04
  2.525140e+01  2.013390e+04
  2.459730e+01  1.844395e+04
  2.396010e+01  1.679030e+04
  2.333950e+01  1.515220e+04
  2.273490e+01  1.350200e+04
  2.214600e+01  1.193345e+04
  2.157230e+01  1.034240e+04
  2.101350e+01  8.991430e+03
  2.046920e+01  7.761795e+03
  1.993900e+01  6.663565e+03
  1.942250e+01  5.689885e+03
  1.891940e+01  4.917510e+03
  1.842930e+01  4.537390e+03
  1.795200e+01  4.173625e+03
  1.748690e+01  4.102135e+03
  1.703400e+01  3.994910e+03
  1.659270e+01  4.125000e+03
  1.616290e+01  4.271140e+03
  1.574430e+01  4.412655e+03
  1.533640e+01  4.482405e+03
  1.493920e+01  4.567200e+03
  1.455220e+01  4.349865e+03
  1.417520e+01  3.890445e+03
  1.380800e+01  3.132230e+03
  1.345040e+01  2.211240e+03
  1.310200e+01  1.486755e+03
  1.276260e+01  9.325675e+02
  1.243200e+01  5.786405e+02
  1.211000e+01  3.530590e+02
  1.179630e+01  2.158865e+02
  1.149070e+01  1.464325e+02
  1.119310e+01  1.089565e+02
  1.090310e+01  7.480815e+01
  1.062070e+01  6.887540e+01
  1.034560e+01  5.107790e+01
  1.007760e+01  4.254075e+01
  9.816600e+00  3.371415e+01
  9.562300e+00  2.561115e+01
  9.314600e+00  2.676875e+01
  9.073300e+00  3.241180e+01
  8.838300e+00  4.196195e+01
  8.609300e+00  7.263760e+01
  8.386300e+00  1.112725e+02
  8.169100e+00  2.103890e+02
  7.957500e+00  3.652125e+02
  7.751400e+00  5.026745e+02
  7.550600e+00  6.871620e+02
  7.355000e+00  7.292695e+02
  7.164500e+00  6.514220e+02
  6.978900e+00  6.064230e+02
  6.798100e+00  5.065820e+02
  6.622000e+00  4.290255e+02
  6.450500e+00  3.749080e+02
  6.283400e+00  3.207915e+02
  6.120600e+00  2.783965e+02
  5.962100e+00  2.423655e+02
  5.807600e+00  2.277525e+02
  5.657200e+00  2.281850e+02
  5.510700e+00  2.040210e+02
  5.367900e+00  1.959175e+02
  5.228900e+00  1.801470e+02
  5.093400e+00  1.587320e+02
  4.961500e+00  1.419470e+02
  4.833000e+00  1.104030e+02
  4.707800e+00  1.182160e+02
  4.585800e+00  1.011429e+02
  4.467100e+00  8.609430e+01
  4.351300e+00  8.291130e+01
  4.238600e+00  7.857021e+01
  4.128800e+00  6.959900e+01
  4.021900e+00  6.916485e+01
  3.917700e+00  5.860200e+01
  3.816200e+00  5.252475e+01
  3.717400e+00  4.456645e+01
  3.621100e+00  4.543470e+01
  3.527300e+00  4.051495e+01
  3.435900e+00  3.197770e+01
  3.346900e+00  2.908385e+01
  3.260200e+00  2.170445e+01
  3.175800e+00  1.881060e+01
  3.093500e+00  9.984264e+00
  3.013400e+00  8.103130e+00
  2.935300e+00  8.392480e+00
  2.859300e+00  1.389110e+01
  2.785200e+00  1.403555e+01
  2.713100e+00  1.562735e+01
  2.642800e+00  1.808705e+01
  2.574300e+00  1.750835e+01
  2.507600e+00  1.374625e+01
  2.442700e+00  1.475905e+01
  2.379400e+00  1.490390e+01
  2.317800e+00  1.345695e+01
  2.257700e+00  1.331215e+01
  2.199300e+00  1.056295e+01
  2.142300e+00  1.172050e+01
  2.086800e+00  1.056291e+01
  2.032700e+00  1.128650e+01
  1.980100e+00  9.405294e+00
  1.928800e+00  6.366715e+00
  1.878800e+00  7.234860e+00
  1.830200e+00  8.247740e+00
  1.782800e+00  1.418030e+01
  1.736600e+00  8.537215e+00
  1.691600e+00  7.958315e+00
  1.647800e+00  5.932635e+00
  1.605100e+00  5.932610e+00
  1.563500e+00  5.498515e+00
  1.523000e+00  4.919710e+00
  1.483600e+00  4.340925e+00
  1.445100e+00  5.498490e+00
  1.407700e+00  4.340925e+00
  1.371200e+00  3.906820e+00
  1.335700e+00  5.643210e+00
  1.301100e+00  2.604550e+00
  1.267400e+00  2.749225e+00
  1.234600e+00  3.472720e+00
  1.202600e+00  2.749235e+00
  1.171500e+00  3.328035e+00
  1.141100e+00  3.038645e+00
  1.111600e+00  2.170450e+00
  1.082800e+00  1.446960e+00
  1.054700e+00  3.183325e+00
  1.027400e+00  2.315150e+00
  1.000800e+00  1.012880e+00
  9.749000e-01  2.315140e+00
  9.496000e-01  1.157560e+00
  9.250000e-01  1.881055e+00
  9.010000e-01  1.446960e+00
  8.777000e-01  1.881050e+00
  8.550000e-01  1.446960e+00
  8.328000e-01  2.025745e+00
  8.113000e-01  2.459835e+00
  7.902000e-01  2.749235e+00
  7.698000e-01  3.183320e+00
  7.498000e-01  2.170450e+00
  7.304000e-01  2.893925e+00
  7.115000e-01  2.170445e+00
  6.931000e-01  5.498490e+00
  6.751000e-01  2.922850e+01
  6.576000e-01  2.546640e+01
  6.406000e-01  8.088560e+01
  6.240000e-01  2.546640e+01
  6.078000e-01  4.775020e+00
  5.921000e-01  3.762115e+00
  5.767000e-01  5.353760e+00
  5.618000e-01  2.893935e+00
  5.472000e-01  5.209140e+00
  5.331000e-01  5.353765e+00
  5.193000e-01  5.353775e+00
  5.058000e-01  6.366725e+00
  4.927000e-01  8.247780e+00
  4.799000e-01  1.070759e+01
  4.675000e-01  6.366695e+00
  4.554000e-01  5.932605e+00
  4.436000e-01  6.945525e+00
  4.321000e-01  9.260715e+00
  4.209000e-01  9.839399e+00
  4.100000e-01  5.787895e+00
  3.994000e-01  1.287815e+01
  3.891000e-01  1.562725e+01
  3.790000e-01  1.909985e+01
  3.692000e-01  2.604525e+00
  3.596000e-01  4.051525e+00
  3.503000e-01  3.328045e+00
  3.412000e-01  4.051525e+00
  3.324000e-01  4.630295e+00
  3.238000e-01  4.051545e+00
  3.154000e-01  3.472750e+00
  3.072000e-01  4.630295e+00
  2.992000e-01  6.077295e+00
  2.915000e-01  1.056298e+01
  2.839000e-01  1.258880e+01
  2.766000e-01  6.945515e+00
  2.694000e-01  1.273345e+01
  2.624000e-01  3.356940e+01
  2.556000e-01  4.283020e+01
  2.490000e-01  1.172050e+01
  2.426000e-01  1.186510e+01
  2.363000e-01  1.403570e+01
  2.302000e-01  8.681855e+00
  2.242000e-01  5.932560e+00
  2.184000e-01  5.209120e+00
  2.127000e-01  5.643210e+00
  2.072000e-01  5.353790e+00
  2.019000e-01  6.221990e+00
  1.966000e-01  6.221995e+00
  1.915000e-01  8.392525e+00
  1.866000e-01  1.244405e+01
  1.817000e-01  5.498550e+00
  1.770000e-01  7.669015e+00
  1.725000e-01  4.630320e+00
  1.680000e-01  4.775005e+00
  1.636000e-01  4.485635e+00
  1.594000e-01  6.656130e+00
  1.553000e-01  8.103120e+00
  1.512000e-01  5.932580e+00
  1.473000e-01  5.932615e+00
  1.435000e-01  8.681875e+00
  1.398000e-01  6.656110e+00
  1.362000e-01  8.247765e+00
  1.326000e-01  7.234910e+00
  1.292000e-01  7.668985e+00
  1.259000e-01  6.077310e+00
  1.226000e-01  9.260700e+00
  1.194000e-01  1.056307e+01
  1.163000e-01  9.694790e+00
  1.133000e-01  1.041827e+01
  1.104000e-01  1.070758e+01
  1.075000e-01  1.374630e+01
  1.047000e-01  1.041825e+01
  1.020000e-01  1.143115e+01
  9.940000e-02  1.302280e+01
  9.680000e-02  1.895505e+01
  9.430000e-02  1.504850e+01
  9.190000e-02  1.548260e+01
  8.950000e-02  1.635075e+01
  8.720000e-02  1.229940e+01
  8.490000e-02  1.258870e+01
  8.270000e-02  1.258860e+01
  8.060000e-02  1.201000e+01
  7.850000e-02  1.229920e+01
  7.640000e-02  1.157600e+01
  7.450000e-02  9.550014e+00
  7.250000e-02  1.027353e+01
  7.070000e-02  1.128640e+01
  6.880000e-02  1.143105e+01
  6.700000e-02  8.826535e+00
  6.530000e-02  1.041825e+01
  6.360000e-02  1.056296e+01
  6.200000e-02  6.656110e+00
  6.040000e-02  8.392509e+00
  5.880000e-02  6.511370e+00
  5.730000e-02  5.064410e+00
  5.580000e-02  3.038630e+00
  5.430000e-02  3.906835e+00
  5.290000e-02  3.762155e+00
  5.160000e-02  4.340915e+00
  5.020000e-02  1.446960e+00
  4.890000e-02  1.881055e+00
  4.770000e-02  1.736355e+00
  4.640000e-02  1.302260e+00
  4.520000e-02  2.604540e+00
  4.410000e-02  1.591660e+00
  4.290000e-02  1.446960e+00
  4.180000e-02  2.315135e+00
  4.070000e-02  5.787800e-01
  3.970000e-02  1.591655e+00
  3.860000e-02  7.234750e-01
  3.760000e-02  1.157565e+00
  3.670000e-02  4.340850e-01
  3.570000e-02  5.787800e-01
  3.480000e-02  7.234800e-01
  3.390000e-02  1.446950e-01
  3.300000e-02  7.234750e-01
  3.220000e-02  2.893900e-01
  3.130000e-02  5.787850e-01
  3.050000e-02  7.234800e-01
  2.970000e-02  2.893900e-01
  2.890000e-02  2.893900e-01
  2.820000e-02  0.000000e+00
  2.750000e-02  1.446950e-01
  2.680000e-02  2.893900e-01
  2.610000e-02  0.000000e+00
  2.540000e-02  0.000000e+00
  2.470000e-02  1.446950e-01
  2.410000e-02  1.446950e-01
  2.350000e-02  1.446950e-01
  2.290000e-02  0.000000e+00
  2.230000e-02  0.000000e+00
  2.170000e-02  0.000000e+00
  2.110000e-02  0.000000e+00
  2.060000e-02  0.000000e+00
  2.000000e-02  1.446950e-01
  1.950000e-02  0.000000e+00
  1.900000e-02  1.446950e-01
  1.850000e-02  0.000000e+00
  1.800000e-02  0.000000e+00
  1.760000e-02  1.446950e-01
  1.710000e-02  0.000000e+00
  1.670000e-02  0.000000e+00
  1.630000e-02  0.000000e+00
  1.580000e-02  0.000000e+00
  1.540000e-02  1.446950e-01
  1.500000e-02  0.000000e+00
  1.460000e-02  0.000000e+00
  1.430000e-02  0.000000e+00
  1.390000e-02  0.000000e+00
  1.350000e-02  0.000000e+00
  1.320000e-02  0.000000e+00
  1.280000e-02  1.446950e-01
  1.250000e-02  0.000000e+00
  1.220000e-02  0.000000e+00
  1.190000e-02  0.000000e+00
  1.160000e-02  0.000000e+00
  1.130000e-02  0.000000e+00
  1.100000e-02  2.893900e-01
  1.070000e-02  0.000000e+00
  1.040000e-02  2.893900e-01
  1.010000e-02  2.807100e+01
