  4.934820e+03  0.000000e+00
  4.806990e+03  0.000000e+00
  4.682470e+03  0.000000e+00
  4.561180e+03  0.000000e+00
  4.443030e+03  0.000000e+00
  4.327940e+03  0.000000e+00
  4.215830e+03  0.000000e+00
  4.106630e+03  0.000000e+00
  4.000250e+03  0.000000e+00
  3.896630e+03  0.000000e+00
  3.795700e+03  0.000000e+00
  3.697380e+03  0.000000e+00
  3.601600e+03  0.000000e+00
  3.508310e+03  0.000000e+00
  3.417430e+03  0.000000e+00
  3.328910e+03  0.000000e+00
  3.242680e+03  0.000000e+00
  3.158680e+03  0.000000e+00
  3.076860e+03  0.000000e+00
  2.997160e+03  0.000000e+00
  2.919530e+03  2.678050e-01
  2.843900e+03  0.000000e+00
  2.770230e+03  0.000000e+00
  2.698480e+03  2.678050e-01
  2.628580e+03  0.000000e+00
  2.560490e+03  0.000000e+00
  2.494160e+03  0.000000e+00
  2.429550e+03  0.000000e+00
  2.366620e+03  2.678050e-01
  2.305320e+03  0.000000e+00
  2.245600e+03  0.000000e+00
  2.187430e+03  0.000000e+00
  2.130770e+03  2.678050e-01
  2.075580e+03  0.000000e+00
  2.021810e+03  0.000000e+00
  1.969440e+03  0.000000e+00
  1.918430e+03  5.356100e-01
  1.868730e+03  2.678050e-01
  1.820330e+03  0.000000e+00
  1.773170e+03  0.000000e+00
  1.727240e+03  2.678050e-01
  1.682500e+03  0.000000e+00
  1.638920e+03  2.678050e-01
  1.596470e+03  0.000000e+00
  1.555110e+03  8.034150e-01
  1.514830e+03  2.678050e-01
  1.475590e+03  5.356100e-01
  1.437370e+03  5.356100e-01
  1.400140e+03  1.339015e+00
  1.363870e+03  5.356100e-01
  1.328540e+03  5.356100e-01
  1.294120e+03  1.339015e+00
  1.260600e+03  8.034150e-01
  1.227950e+03  2.678050e-01
  1.196140e+03  1.606820e+00
  1.165160e+03  8.034151e-01
  1.134980e+03  1.339015e+00
  1.105580e+03  1.339015e+00
  1.076940e+03  1.071220e+00
  1.049040e+03  1.071220e+00
  1.021870e+03  1.606820e+00
  9.953980e+02  3.213630e+00
  9.696140e+02  8.034151e-01
  9.444970e+02  2.142440e+00
  9.200320e+02  3.213625e+00
  8.962000e+02  2.678030e+00
  8.729850e+02  3.481445e+00
  8.503720e+02  3.213620e+00
  8.283450e+02  5.356040e+00
  8.068880e+02  4.552615e+00
  7.859870e+02  8.301886e+00
  7.656270e+02  4.820455e+00
  7.457950e+02  7.766265e+00
  7.264760e+02  5.088230e+00
  7.076580e+02  1.124781e+01
  6.893270e+02  6.962805e+00
  6.714710e+02  1.124780e+01
  6.540780e+02  9.908819e+00
  6.371350e+02  9.908725e+00
  6.206310e+02  1.767525e+01
  6.045550e+02  1.606830e+01
  5.888950e+02  1.660400e+01
  5.736410e+02  2.169235e+01
  5.587810e+02  2.088885e+01
  5.443070e+02  2.303145e+01
  5.302080e+02  3.026210e+01
  5.164740e+02  2.945880e+01
  5.030950e+02  3.133345e+01
  4.900630e+02  2.972670e+01
  4.773690e+02  3.990325e+01
  4.650040e+02  4.766960e+01
  4.529580e+02  5.275785e+01
  4.412250e+02  5.490025e+01
  4.297960e+02  6.855840e+01
  4.186630e+02  7.177200e+01
  4.078180e+02  7.605705e+01
  3.972540e+02  9.292900e+01
  3.869640e+02  9.266161e+01
  3.769400e+02  1.130135e+02
  3.671770e+02  1.215845e+02
  3.576650e+02  1.344390e+02
  3.484010e+02  1.424720e+02
  3.393760e+02  1.740740e+02
  3.305850e+02  1.957660e+02
  3.220220e+02  2.112995e+02
  3.136800e+02  2.238865e+02
  3.055550e+02  2.506680e+02
  2.976400e+02  2.691455e+02
  2.899300e+02  3.095850e+02
  2.824200e+02  3.382405e+02
  2.751040e+02  3.671640e+02
  2.679780e+02  4.231350e+02
  2.610370e+02  4.584850e+02
  2.542750e+02  5.133845e+02
  2.476890e+02  6.130090e+02
  2.412730e+02  6.796935e+02
  2.350230e+02  7.217395e+02
  2.289350e+02  8.227015e+02
  2.230050e+02  9.341120e+02
  2.172280e+02  9.812470e+02
  2.116010e+02  1.099885e+03
  2.061200e+02  1.210495e+03
  2.007810e+02  1.321905e+03
  1.955800e+02  1.490075e+03
  1.905140e+02  1.645675e+03
  1.855790e+02  1.894465e+03
  1.807720e+02  2.017915e+03
  1.760890e+02  2.290285e+03
  1.715280e+02  2.526490e+03
  1.670850e+02  2.759750e+03
  1.627570e+02  3.097710e+03
  1.585410e+02  3.385330e+03
  1.544340e+02  3.671905e+03
  1.504340e+02  3.956835e+03
  1.465370e+02  4.386675e+03
  1.427410e+02  4.754640e+03
  1.390440e+02  5.201060e+03
  1.354420e+02  5.566090e+03
  1.319340e+02  6.054305e+03
  1.285160e+02  6.618030e+03
  1.251870e+02  6.998315e+03
  1.219440e+02  7.604905e+03
  1.187850e+02  8.173720e+03
  1.157090e+02  8.769600e+03
  1.127110e+02  9.481680e+03
  1.097920e+02  1.014280e+04
  1.069480e+02  1.092775e+04
  1.041770e+02  1.175510e+04
  1.014790e+02  1.269925e+04
  9.885030e+01  1.349370e+04
  9.628970e+01  1.440540e+04
  9.379550e+01  1.546795e+04
  9.136590e+01  1.667450e+04
  8.899920e+01  1.770605e+04
  8.669380e+01  1.869155e+04
  8.444820e+01  1.991845e+04
  8.226070e+01  2.122610e+04
  8.012980e+01  2.267390e+04
  7.805420e+01  2.405275e+04
  7.603240e+01  2.548600e+04
  7.406290e+01  2.715630e+04
  7.214440e+01  2.876770e+04
  7.027560e+01  3.047280e+04
  6.845520e+01  3.202170e+04
  6.668200e+01  3.386060e+04
  6.495470e+01  3.542050e+04
  6.327220e+01  3.679480e+04
  6.163320e+01  3.818200e+04
  6.003670e+01  3.917455e+04
  5.848160e+01  4.024455e+04
  5.696670e+01  4.103590e+04
  5.549110e+01  4.184905e+04
  5.405370e+01  4.305120e+04
  5.265350e+01  4.443925e+04
  5.128960e+01  4.577140e+04
  4.996100e+01  4.728180e+04
  4.866690e+01  4.897175e+04
  4.740620e+01  5.069690e+04
  4.617830e+01  5.185935e+04
  4.498210e+01  5.282760e+04
  4.381690e+01  5.292425e+04
  4.268190e+01  5.262060e+04
  4.157630e+01  5.233665e+04
  4.049930e+01  5.209610e+04
  3.945030e+01  5.142525e+04
  3.842840e+01  5.083520e+04
  3.743290e+01  4.977970e+04
  3.646330e+01  4.918855e+04
  3.551880e+01  4.849575e+04
  3.459870e+01  4.762375e+04
  3.370250e+01  4.722200e+04
  3.282950e+01  4.673525e+04
  3.197910e+01  4.614635e+04
  3.115070e+01  4.564305e+04
  3.034380e+01  4.487530e+04
  2.955780e+01  4.434965e+04
  2.879220e+01  4.375155e+04
  2.804640e+01  4.304240e+04
  2.731990e+01  4.254885e+04
  2.661220e+01  4.181740e+04
  2.592290e+01  4.125885e+04
  2.525140e+01  4.047445e+04
  2.459730e+01  3.957770e+04
  2.396010e+01  3.864870e+04
  2.333950e+01  3.798760e+04
  2.273490e+01  3.689790e+04
  2.214600e+01  3.589925e+04
  2.157230e+01  3.471415e+04
  2.101350e+01  3.352975e+04
  2.046920e+01  3.209390e+04
  1.993900e+01  3.087920e+04
  1.942250e+01  2.952975e+04
  1.891940e+01  2.838965e+04
  1.842930e+01  2.727585e+04
  1.795200e+01  2.644585e+04
  1.748690e+01  2.598955e+04
  1.703400e+01  2.523055e+04
  1.659270e+01  2.482855e+04
  1.616290e+01  2.464975e+04
  1.574430e+01  2.408495e+04
  1.533640e+01  2.393365e+04
  1.493920e+01  2.342880e+04
  1.455220e+01  2.266980e+04
  1.417520e+01  2.184690e+04
  1.380800e+01  2.051505e+04
  1.345040e+01  1.885035e+04
  1.310200e+01  1.693630e+04
  1.276260e+01  1.472890e+04
  1.243200e+01  1.273340e+04
  1.211000e+01  1.074535e+04
  1.179630e+01  8.981430e+03
  1.149070e+01  7.520015e+03
  1.119310e+01  6.585905e+03
  1.090310e+01  5.864150e+03
  1.062070e+01  5.164370e+03
  1.034560e+01  4.481745e+03
  1.007760e+01  3.860435e+03
  9.816600e+00  3.358040e+03
  9.562300e+00  2.867670e+03
  9.314600e+00  2.949345e+03
  9.073300e+00  3.518980e+03
  8.838300e+00  4.334715e+03
  8.609300e+00  5.415325e+03
  8.386300e+00  6.830950e+03
  8.169100e+00  8.351016e+03
  7.957500e+00  1.011534e+04
  7.751400e+00  1.092730e+04
  7.550600e+00  1.194520e+04
  7.355000e+00  1.183935e+04
  7.164500e+00  1.142555e+04
  6.978900e+00  1.103155e+04
  6.798100e+00  1.027835e+04
  6.622000e+00  9.694870e+03
  6.450500e+00  9.177730e+03
  6.283400e+00  8.480365e+03
  6.120600e+00  7.857980e+03
  5.962100e+00  7.424940e+03
  5.807600e+00  7.094185e+03
  5.657200e+00  6.857990e+03
  5.510700e+00  6.607055e+03
  5.367900e+00  6.227305e+03
  5.228900e+00  5.694100e+03
  5.093400e+00  5.401395e+03
  4.961500e+00  4.876485e+03
  4.833000e+00  4.508520e+03
  4.707800e+00  4.110025e+03
  4.585800e+00  3.672975e+03
  4.467100e+00  3.302850e+03
  4.351300e+00  3.082185e+03
  4.238600e+00  2.822945e+03
  4.128800e+00  2.696015e+03
  4.021900e+00  2.701370e+03
  3.917700e+00  2.344120e+03
  3.816200e+00  1.985790e+03
  3.717400e+00  1.755195e+03
  3.621100e+00  1.598265e+03
  3.527300e+00  1.423125e+03
  3.435900e+00  1.245830e+03
  3.346900e+00  1.016590e+03
  3.260200e+00  7.576245e+02
  3.175800e+00  4.740175e+02
  3.093500e+00  2.870890e+02
  3.013400e+00  2.212080e+02
  2.935300e+00  2.415620e+02
  2.859300e+00  3.208330e+02
  2.785200e+00  4.400075e+02
  2.713100e+00  6.055100e+02
  2.642800e+00  5.765880e+02
  2.574300e+00  5.058860e+02
  2.507600e+00  4.874080e+02
  2.442700e+00  4.274205e+02
  2.379400e+00  3.851065e+02
  2.317800e+00  3.516305e+02
  2.257700e+00  3.302060e+02
  2.199300e+00  2.884280e+02
  2.142300e+00  2.584330e+02
  2.086800e+00  2.372755e+02
  2.032700e+00  2.185295e+02
  1.980100e+00  2.359380e+02
  1.928800e+00  1.829125e+02
  1.878800e+00  1.510425e+02
  1.830200e+00  1.641660e+02
  1.782800e+00  2.640560e+02
  1.736600e+00  1.472930e+02
  1.691600e+00  1.170310e+02
  1.647800e+00  9.373219e+01
  1.605100e+00  8.328825e+01
  1.563500e+00  7.311145e+01
  1.523000e+00  6.775549e+01
  1.483600e+00  5.998870e+01
  1.445100e+00  5.463260e+01
  1.407700e+00  4.766960e+01
  1.371200e+00  3.883205e+01
  1.335700e+00  4.231345e+01
  1.301100e+00  3.053000e+01
  1.267400e+00  2.678085e+01
  1.234600e+00  2.811990e+01
  1.202600e+00  2.731635e+01
  1.171500e+00  2.329930e+01
  1.141100e+00  2.597730e+01
  1.111600e+00  2.115680e+01
  1.082800e+00  1.633610e+01
  1.054700e+00  2.490605e+01
  1.027400e+00  1.767530e+01
  1.000800e+00  1.312250e+01
  9.749000e-01  1.794305e+01
  9.496000e-01  1.231895e+01
  9.250000e-01  1.124785e+01
  9.010000e-01  9.908720e+00
  8.777000e-01  1.339015e+01
  8.550000e-01  1.339025e+01
  8.328000e-01  1.178340e+01
  8.113000e-01  1.446125e+01
  7.902000e-01  1.392580e+01
  7.698000e-01  1.044435e+01
  7.498000e-01  1.285460e+01
  7.304000e-01  1.392585e+01
  7.115000e-01  9.373110e+00
  6.931000e-01  2.678075e+01
  6.751000e-01  2.179940e+02
  6.576000e-01  1.681820e+02
  6.406000e-01  4.721445e+02
  6.240000e-01  1.301545e+02
  6.078000e-01  1.767520e+01
  5.921000e-01  1.365810e+01
  5.767000e-01  1.499705e+01
  5.618000e-01  1.205110e+01
  5.472000e-01  1.124772e+01
  5.331000e-01  1.660395e+01
  5.193000e-01  9.640921e+00
  5.058000e-01  2.169240e+01
  4.927000e-01  3.106575e+01
  4.799000e-01  3.106565e+01
  4.675000e-01  2.222795e+01
  4.554000e-01  1.285455e+01
  4.436000e-01  3.668955e+01
  4.321000e-01  2.865530e+01
  4.209000e-01  3.160120e+01
  4.100000e-01  1.660385e+01
  3.994000e-01  2.785205e+01
  3.891000e-01  6.159555e+01
  3.790000e-01  6.079195e+01
  3.692000e-01  1.392585e+01
  3.596000e-01  9.640920e+00
  3.503000e-01  7.766245e+00
  3.412000e-01  1.312245e+01
  3.324000e-01  9.908720e+00
  3.238000e-01  8.837505e+00
  3.154000e-01  9.373020e+00
  3.072000e-01  1.285465e+01
  2.992000e-01  1.847870e+01
  2.915000e-01  1.606825e+01
  2.839000e-01  2.437040e+01
  2.766000e-01  1.178342e+01
  2.694000e-01  3.133350e+01
  2.624000e-01  7.177255e+01
  2.556000e-01  8.810860e+01
  2.490000e-01  3.240460e+01
  2.426000e-01  2.035325e+01
  2.363000e-01  3.133350e+01
  2.302000e-01  2.142455e+01
  2.242000e-01  1.178340e+01
  2.184000e-01  1.231895e+01
  2.127000e-01  1.339025e+01
  2.072000e-01  1.231905e+01
  2.019000e-01  1.205110e+01
  1.966000e-01  1.178330e+01
  1.915000e-01  2.410270e+01
  1.866000e-01  2.463825e+01
  1.817000e-01  1.124771e+01
  1.770000e-01  8.034164e+00
  1.725000e-01  7.766310e+00
  1.680000e-01  1.312240e+01
  1.636000e-01  1.472930e+01
  1.594000e-01  1.419370e+01
  1.553000e-01  1.392590e+01
  1.512000e-01  1.901420e+01
  1.473000e-01  1.526490e+01
  1.435000e-01  2.356700e+01
  1.398000e-01  1.365805e+01
  1.362000e-01  1.526490e+01
  1.326000e-01  1.794310e+01
  1.292000e-01  1.339025e+01
  1.259000e-01  1.687175e+01
  1.226000e-01  2.570955e+01
  1.194000e-01  3.053005e+01
  1.163000e-01  2.303140e+01
  1.133000e-01  2.329925e+01
  1.104000e-01  2.062100e+01
  1.075000e-01  1.901425e+01
  1.047000e-01  2.410270e+01
  1.020000e-01  2.222800e+01
  9.940000e-02  2.222795e+01
  9.680000e-02  2.196015e+01
  9.430000e-02  2.062105e+01
  9.190000e-02  2.383475e+01
  8.950000e-02  2.329930e+01
  8.720000e-02  1.740740e+01
  8.490000e-02  1.901430e+01
  8.270000e-02  2.115690e+01
  8.060000e-02  1.954990e+01
  7.850000e-02  2.115675e+01
  7.640000e-02  1.954995e+01
  7.450000e-02  1.928215e+01
  7.250000e-02  2.276345e+01
  7.070000e-02  2.169240e+01
  6.880000e-02  1.794290e+01
  6.700000e-02  1.821075e+01
  6.530000e-02  1.446140e+01
  6.360000e-02  1.687180e+01
  6.200000e-02  1.365805e+01
  6.040000e-02  1.740745e+01
  5.880000e-02  1.580055e+01
  5.730000e-02  1.151567e+01
  5.580000e-02  1.071210e+01
  5.430000e-02  9.640865e+00
  5.290000e-02  1.097993e+01
  5.160000e-02  9.908770e+00
  5.020000e-02  1.097990e+01
  4.890000e-02  6.427325e+00
  4.770000e-02  6.427260e+00
  4.640000e-02  8.301815e+00
  4.520000e-02  6.427290e+00
  4.410000e-02  6.695075e+00
  4.290000e-02  4.820435e+00
  4.180000e-02  4.820465e+00
  4.070000e-02  5.088250e+00
  3.970000e-02  4.820430e+00
  3.860000e-02  3.749230e+00
  3.760000e-02  2.945845e+00
  3.670000e-02  3.213640e+00
  3.570000e-02  3.481430e+00
  3.480000e-02  2.945825e+00
  3.390000e-02  2.142420e+00
  3.300000e-02  2.410235e+00
  3.220000e-02  1.339025e+00
  3.130000e-02  1.874615e+00
  3.050000e-02  2.410235e+00
  2.970000e-02  5.356100e-01
  2.890000e-02  1.071220e+00
  2.820000e-02  8.034151e-01
  2.750000e-02  5.356100e-01
  2.680000e-02  5.356100e-01
  2.610000e-02  2.678050e-01
  2.540000e-02  1.339005e+00
  2.470000e-02  8.034050e-01
  2.410000e-02  0.000000e+00
  2.350000e-02  0.000000e+00
  2.290000e-02  0.000000e+00
  2.230000e-02  2.678050e-01
  2.170000e-02  0.000000e+00
  2.110000e-02  5.356100e-01
  2.060000e-02  0.000000e+00
  2.000000e-02  0.000000e+00
  1.950000e-02  0.000000e+00
  1.900000e-02  0.000000e+00
  1.850000e-02  0.000000e+00
  1.800000e-02  5.356100e-01
  1.760000e-02  0.000000e+00
  1.710000e-02  0.000000e+00
  1.670000e-02  0.000000e+00
  1.630000e-02  0.000000e+00
  1.580000e-02  0.000000e+00
  1.540000e-02  0.000000e+00
  1.500000e-02  2.678050e-01
  1.460000e-02  5.356100e-01
  1.430000e-02  0.000000e+00
  1.390000e-02  0.000000e+00
  1.350000e-02  2.678050e-01
  1.320000e-02  0.000000e+00
  1.280000e-02  0.000000e+00
  1.250000e-02  0.000000e+00
  1.220000e-02  0.000000e+00
  1.190000e-02  0.000000e+00
  1.160000e-02  2.678050e-01
  1.130000e-02  2.678050e-01
  1.100000e-02  4.606270e+01
  1.070000e-02  5.490020e+01
  1.040000e-02  5.168675e+01
  1.010000e-02  3.979600e+02
