  4.934820e+03  9.132500e-01
  4.806990e+03  0.000000e+00
  4.682470e+03  0.000000e+00
  4.561180e+03  0.000000e+00
  4.443030e+03  0.000000e+00
  4.327940e+03  0.000000e+00
  4.215830e+03  0.000000e+00
  4.106630e+03  0.000000e+00
  4.000250e+03  0.000000e+00
  3.896630e+03  0.000000e+00
  3.795700e+03  0.000000e+00
  3.697380e+03  0.000000e+00
  3.601600e+03  0.000000e+00
  3.508310e+03  0.000000e+00
  3.417430e+03  0.000000e+00
  3.328910e+03  0.000000e+00
  3.242680e+03  9.132500e-01
  3.158680e+03  0.000000e+00
  3.076860e+03  0.000000e+00
  2.997160e+03  0.000000e+00
  2.919530e+03  9.132500e-01
  2.843900e+03  0.000000e+00
  2.770230e+03  9.132500e-01
  2.698480e+03  0.000000e+00
  2.628580e+03  0.000000e+00
  2.560490e+03  9.132500e-01
  2.494160e+03  0.000000e+00
  2.429550e+03  0.000000e+00
  2.366620e+03  0.000000e+00
  2.305320e+03  0.000000e+00
  2.245600e+03  0.000000e+00
  2.187430e+03  0.000000e+00
  2.130770e+03  0.000000e+00
  2.075580e+03  0.000000e+00
  2.021810e+03  9.132500e-01
  1.969440e+03  9.132500e-01
  1.918430e+03  0.000000e+00
  1.868730e+03  0.000000e+00
  1.820330e+03  0.000000e+00
  1.773170e+03  0.000000e+00
  1.727240e+03  0.000000e+00
  1.682500e+03  1.826500e+00
  1.638920e+03  0.000000e+00
  1.596470e+03  9.132500e-01
  1.555110e+03  1.826500e+00
  1.514830e+03  9.132500e-01
  1.475590e+03  0.000000e+00
  1.437370e+03  0.000000e+00
  1.400140e+03  9.132500e-01
  1.363870e+03  1.826500e+00
  1.328540e+03  9.132500e-01
  1.294120e+03  2.739750e+00
  1.260600e+03  9.132500e-01
  1.227950e+03  1.826500e+00
  1.196140e+03  4.566250e+00
  1.165160e+03  0.000000e+00
  1.134980e+03  1.826500e+00
  1.105580e+03  2.739750e+00
  1.076940e+03  1.826500e+00
  1.049040e+03  1.826500e+00
  1.021870e+03  2.739750e+00
  9.953980e+02  3.653000e+00
  9.696140e+02  3.653000e+00
  9.444970e+02  3.653000e+00
  9.200320e+02  2.739750e+00
  8.962000e+02  0.000000e+00
  8.729850e+02  4.566250e+00
  8.503720e+02  2.739750e+00
  8.283450e+02  5.479500e+00
  8.068880e+02  5.479500e+00
  7.859870e+02  6.392750e+00
  7.656270e+02  4.566250e+00
  7.457950e+02  3.653000e+00
  7.264760e+02  3.653000e+00
  7.076580e+02  4.566250e+00
  6.893270e+02  1.187225e+01
  6.714710e+02  8.219250e+00
  6.540780e+02  7.306000e+00
  6.371350e+02  1.004575e+01
  6.206310e+02  5.479500e+00
  6.045550e+02  9.132500e+00
  5.888950e+02  5.479500e+00
  5.736410e+02  9.132500e+00
  5.587810e+02  1.278550e+01
  5.443070e+02  5.479500e+00
  5.302080e+02  1.735175e+01
  5.164740e+02  1.004575e+01
  5.030950e+02  1.369875e+01
  4.900630e+02  1.095900e+01
  4.773690e+02  1.461200e+01
  4.650040e+02  1.278550e+01
  4.529580e+02  2.191800e+01
  4.412250e+02  1.278550e+01
  4.297960e+02  1.826500e+01
  4.186630e+02  2.557100e+01
  4.078180e+02  2.465775e+01
  3.972540e+02  1.552525e+01
  3.869640e+02  2.283125e+01
  3.769400e+02  1.369875e+01
  3.671770e+02  2.100475e+01
  3.576650e+02  2.739750e+01
  3.484010e+02  2.557100e+01
  3.393760e+02  2.831075e+01
  3.305850e+02  2.374450e+01
  3.220220e+02  4.566250e+01
  3.136800e+02  3.105025e+01
  3.055550e+02  4.383600e+01
  2.976400e+02  4.383600e+01
  2.899300e+02  2.465775e+01
  2.824200e+02  5.479500e+01
  2.751040e+02  5.570825e+01
  2.679780e+02  4.657575e+01
  2.610370e+02  5.753475e+01
  2.542750e+02  5.936100e+01
  2.476890e+02  6.118750e+01
  2.412730e+02  7.123350e+01
  2.350230e+02  7.305950e+01
  2.289350e+02  6.301375e+01
  2.230050e+02  8.401800e+01
  2.172280e+02  9.406425e+01
  2.116010e+02  1.022820e+02
  2.061200e+02  1.086760e+02
  2.007810e+02  1.068485e+02
  1.955800e+02  1.251140e+02
  1.905140e+02  1.242005e+02
  1.855790e+02  1.223745e+02
  1.807720e+02  1.324200e+02
  1.760890e+02  1.433780e+02
  1.715280e+02  1.771685e+02
  1.670850e+02  1.598170e+02
  1.627570e+02  1.899540e+02
  1.585410e+02  1.972595e+02
  1.544340e+02  1.972590e+02
  1.504340e+02  1.936060e+02
  1.465370e+02  1.981730e+02
  1.427410e+02  2.630130e+02
  1.390440e+02  2.392685e+02
  1.354420e+02  2.593610e+02
  1.319340e+02  2.611870e+02
  1.285160e+02  2.977175e+02
  1.251870e+02  2.840175e+02
  1.219440e+02  3.031960e+02
  1.187850e+02  3.525120e+02
  1.157090e+02  3.324205e+02
  1.127110e+02  3.652975e+02
  1.097920e+02  3.890410e+02
  1.069480e+02  4.000005e+02
  1.041770e+02  4.374440e+02
  1.014790e+02  4.566225e+02
  9.885030e+01  4.785400e+02
  9.628970e+01  5.223765e+02
  9.379550e+01  5.059385e+02
  9.136590e+01  5.598200e+02
  8.899920e+01  5.835645e+02
  8.669380e+01  5.963495e+02
  8.444820e+01  6.301400e+02
  8.226070e+01  6.602765e+02
  8.012980e+01  6.712360e+02
  7.805420e+01  7.232920e+02
  7.603240e+01  7.470390e+02
  7.406290e+01  8.292265e+02
  7.214440e+01  8.949815e+02
  7.027560e+01  8.685025e+02
  6.845520e+01  9.442970e+02
  6.668200e+01  9.379100e+02
  6.495470e+01  1.054790e+03
  6.327220e+01  1.147940e+03
  6.163320e+01  1.124200e+03
  6.003670e+01  1.249315e+03
  5.848160e+01  1.307770e+03
  5.696670e+01  1.278545e+03
  5.549110e+01  1.340645e+03
  5.405370e+01  1.411870e+03
  5.265350e+01  1.498640e+03
  5.128960e+01  1.448415e+03
  4.996100e+01  1.685850e+03
  4.866690e+01  1.706845e+03
  4.740620e+01  1.816450e+03
  4.617830e+01  1.876715e+03
  4.498210e+01  2.030145e+03
  4.381690e+01  2.142475e+03
  4.268190e+01  2.221010e+03
  4.157630e+01  2.279460e+03
  4.049930e+01  2.362570e+03
  3.945030e+01  2.466675e+03
  3.842840e+01  2.619200e+03
  3.743290e+01  2.779900e+03
  3.646330e+01  2.862115e+03
  3.551880e+01  2.963480e+03
  3.459870e+01  3.200925e+03
  3.370250e+01  3.420110e+03
  3.282950e+01  3.450240e+03
  3.197910e+01  3.635630e+03
  3.115070e+01  3.729705e+03
  3.034380e+01  3.884950e+03
  2.955780e+01  4.070330e+03
  2.879220e+01  4.300465e+03
  2.804640e+01  4.480385e+03
  2.731990e+01  4.664860e+03
  2.661220e+01  4.812800e+03
  2.592290e+01  5.078555e+03
  2.525140e+01  5.244765e+03
  2.459730e+01  5.589990e+03
  2.396010e+01  5.692260e+03
  2.333950e+01  6.033815e+03
  2.273490e+01  6.170800e+03
  2.214600e+01  6.578105e+03
  2.157230e+01  6.532445e+03
  2.101350e+01  6.902315e+03
  2.046920e+01  7.203690e+03
  1.993900e+01  7.601855e+03
  1.942250e+01  7.616460e+03
  1.891940e+01  8.014645e+03
  1.842930e+01  8.076745e+03
  1.795200e+01  8.348895e+03
  1.748690e+01  8.265780e+03
  1.703400e+01  8.566245e+03
  1.659270e+01  8.521484e+03
  1.616290e+01  8.420125e+03
  1.574430e+01  8.492270e+03
  1.533640e+01  8.324230e+03
  1.493920e+01  8.400950e+03
  1.455220e+01  8.577189e+03
  1.417520e+01  8.557110e+03
  1.380800e+01  8.874915e+03
  1.345040e+01  9.187250e+03
  1.310200e+01  9.619220e+03
  1.276260e+01  1.021285e+04
  1.243200e+01  1.053325e+04
  1.211000e+01  1.108040e+04
  1.179630e+01  1.166775e+04
  1.149070e+01  1.218820e+04
  1.119310e+01  1.298725e+04
  1.090310e+01  1.393430e+04
  1.062070e+01  1.463200e+04
  1.034560e+01  1.540470e+04
  1.007760e+01  1.623205e+04
  9.816600e+00  1.687950e+04
  9.562300e+00  1.722470e+04
  9.314600e+00  1.713430e+04
  9.073300e+00  1.659275e+04
  8.838300e+00  1.609510e+04
  8.609300e+00  1.550410e+04
  8.386300e+00  1.522925e+04
  8.169100e+00  1.443655e+04
  7.957500e+00  1.405305e+04
  7.751400e+00  1.371050e+04
  7.550600e+00  1.363650e+04
  7.355000e+00  1.392605e+04
  7.164500e+00  1.431785e+04
  6.978900e+00  1.461100e+04
  6.798100e+00  1.485480e+04
  6.622000e+00  1.539175e+04
  6.450500e+00  1.570605e+04
  6.283400e+00  1.637805e+04
  6.120600e+00  1.637810e+04
  5.962100e+00  1.700820e+04
  5.807600e+00  1.744670e+04
  5.657200e+00  1.798185e+04
  5.510700e+00  1.826765e+04
  5.367900e+00  1.959275e+04
  5.228900e+00  2.014070e+04
  5.093400e+00  2.061005e+04
  4.961500e+00  2.106580e+04
  4.833000e+00  2.261370e+04
  4.707800e+00  2.490060e+04
  4.585800e+00  2.505485e+04
  4.467100e+00  2.676445e+04
  4.351300e+00  2.783760e+04
  4.238600e+00  2.783745e+04
  4.128800e+00  2.688320e+04
  4.021900e+00  3.734075e+04
  3.917700e+00  3.178290e+04
  3.816200e+00  2.589405e+04
  3.717400e+00  2.592345e+04
  3.621100e+00  2.673350e+04
  3.527300e+00  2.730145e+04
  3.435900e+00  2.735435e+04
  3.346900e+00  2.736725e+04
  3.260200e+00  2.820370e+04
  3.175800e+00  2.844570e+04
  3.093500e+00  2.831245e+04
  3.013400e+00  2.888335e+04
  2.935300e+00  2.932615e+04
  2.859300e+00  2.939460e+04
  2.785200e+00  2.965850e+04
  2.713100e+00  2.975890e+04
  2.642800e+00  2.941290e+04
  2.574300e+00  2.993435e+04
  2.507600e+00  2.938905e+04
  2.442700e+00  2.981845e+04
  2.379400e+00  2.989235e+04
  2.317800e+00  2.935260e+04
  2.257700e+00  2.872230e+04
  2.199300e+00  3.396175e+04
  2.142300e+00  2.979825e+04
  2.086800e+00  2.845410e+04
  2.032700e+00  2.985850e+04
  1.980100e+00  4.309330e+04
  1.928800e+00  3.122290e+04
  1.878800e+00  2.643840e+04
  1.830200e+00  4.296720e+04
  1.782800e+00  1.210660e+05
  1.736600e+00  4.964410e+04
  1.691600e+00  3.053075e+04
  1.647800e+00  2.482290e+04
  1.605100e+00  2.278275e+04
  1.563500e+00  2.092335e+04
  1.523000e+00  1.993800e+04
  1.483600e+00  1.896440e+04
  1.445100e+00  1.748685e+04
  1.407700e+00  1.674350e+04
  1.371200e+00  1.615635e+04
  1.335700e+00  1.499270e+04
  1.301100e+00  1.502095e+04
  1.267400e+00  1.287585e+04
  1.234600e+00  1.313795e+04
  1.202600e+00  1.262645e+04
  1.171500e+00  1.216075e+04
  1.141100e+00  1.338905e+04
  1.111600e+00  1.048500e+04
  1.082800e+00  1.002008e+04
  1.054700e+00  1.405200e+04
  1.027400e+00  9.869540e+03
  1.000800e+00  7.905955e+03
  9.749000e-01  9.240221e+03
  9.496000e-01  7.857550e+03
  9.250000e-01  7.531535e+03
  9.010000e-01  6.580850e+03
  8.777000e-01  7.183590e+03
  8.550000e-01  7.210075e+03
  8.328000e-01  6.547970e+03
  8.113000e-01  7.233825e+03
  7.902000e-01  7.053915e+03
  7.698000e-01  7.120580e+03
  7.498000e-01  8.139760e+03
  7.304000e-01  7.894095e+03
  7.115000e-01  8.301405e+03
  6.931000e-01  3.417905e+04
  6.751000e-01  3.306630e+05
  6.576000e-01  2.740050e+05
  6.406000e-01  9.716055e+05
  6.240000e-01  3.270310e+05
  6.078000e-01  2.074715e+04
  5.921000e-01  1.244840e+04
  5.767000e-01  1.215265e+04
  5.618000e-01  1.294435e+04
  5.472000e-01  1.368585e+04
  5.331000e-01  1.885760e+04
  5.193000e-01  2.184565e+04
  5.058000e-01  2.648870e+04
  4.927000e-01  5.694730e+04
  4.799000e-01  6.328700e+04
  4.675000e-01  3.117810e+04
  4.554000e-01  2.059280e+04
  4.436000e-01  6.277105e+04
  4.321000e-01  7.323220e+04
  4.209000e-01  5.337190e+04
  4.100000e-01  3.712710e+04
  3.994000e-01  7.190160e+04
  3.891000e-01  1.490925e+05
  3.790000e-01  1.279935e+05
  3.692000e-01  3.636910e+04
  3.596000e-01  2.855995e+04
  3.503000e-01  3.034535e+04
  3.412000e-01  3.196245e+04
  3.324000e-01  3.462665e+04
  3.238000e-01  3.688600e+04
  3.154000e-01  3.789965e+04
  3.072000e-01  4.262485e+04
  2.992000e-01  5.988600e+04
  2.915000e-01  6.804955e+04
  2.839000e-01  7.395185e+04
  2.766000e-01  4.355455e+04
  2.694000e-01  1.093225e+05
  2.624000e-01  2.318355e+05
  2.556000e-01  2.673140e+05
  2.490000e-01  1.406500e+05
  2.426000e-01  8.359115e+04
  2.363000e-01  1.389930e+05
  2.302000e-01  9.941005e+04
  2.242000e-01  7.801220e+04
  2.184000e-01  7.894550e+04
  2.127000e-01  8.409250e+04
  2.072000e-01  8.451440e+04
  2.019000e-01  9.086255e+04
  1.966000e-01  1.002900e+05
  1.915000e-01  1.733005e+05
  1.866000e-01  1.394540e+05
  1.817000e-01  9.138291e+04
  1.770000e-01  4.378105e+04
  1.725000e-01  6.403225e+04
  1.680000e-01  1.174175e+05
  1.636000e-01  1.373480e+05
  1.594000e-01  1.437050e+05
  1.553000e-01  1.376830e+05
  1.512000e-01  1.574030e+05
  1.473000e-01  1.644560e+05
  1.435000e-01  1.935365e+05
  1.398000e-01  1.938680e+05
  1.362000e-01  1.975325e+05
  1.326000e-01  1.862635e+05
  1.292000e-01  1.713010e+05
  1.259000e-01  1.943045e+05
  1.226000e-01  2.498220e+05
  1.194000e-01  2.915515e+05
  1.163000e-01  2.503610e+05
  1.133000e-01  8.373634e+04
  1.104000e-01  4.156635e+04
  1.075000e-01  7.056835e+04
  1.047000e-01  1.181705e+05
  1.020000e-01  1.463935e+05
  9.940000e-02  8.018470e+04
  9.680000e-02  2.668780e+04
  9.430000e-02  2.443490e+04
  9.190000e-02  2.165300e+04
  8.950000e-02  1.532280e+05
  8.720000e-02  1.860940e+05
  8.490000e-02  1.146110e+05
  8.270000e-02  1.230935e+05
  8.060000e-02  2.294675e+05
  7.850000e-02  2.455775e+05
  7.640000e-02  2.560965e+05
  7.450000e-02  2.567530e+05
  7.250000e-02  2.572905e+05
  7.070000e-02  2.569865e+05
  6.880000e-02  2.626985e+05
  6.700000e-02  2.668360e+05
  6.530000e-02  2.684215e+05
  6.360000e-02  2.679150e+05
  6.200000e-02  2.663065e+05
  6.040000e-02  2.652415e+05
  5.880000e-02  2.636010e+05
  5.730000e-02  2.594970e+05
  5.580000e-02  2.548280e+05
  5.430000e-02  2.499690e+05
  5.290000e-02  2.444550e+05
  5.160000e-02  2.378450e+05
  5.020000e-02  2.313465e+05
  4.890000e-02  2.218895e+05
  4.770000e-02  2.128725e+05
  4.640000e-02  2.048110e+05
  4.520000e-02  1.932645e+05
  4.410000e-02  1.824165e+05
  4.290000e-02  1.694910e+05
  4.180000e-02  1.563995e+05
  4.070000e-02  1.446780e+05
  3.970000e-02  1.321670e+05
  3.860000e-02  1.216445e+05
  3.760000e-02  1.107445e+05
  3.670000e-02  1.007100e+05
  3.570000e-02  9.055659e+04
  3.480000e-02  8.125875e+04
  3.390000e-02  7.274634e+04
  3.300000e-02  6.417470e+04
  3.220000e-02  5.674075e+04
  3.130000e-02  5.027780e+04
  3.050000e-02  4.341120e+04
  2.970000e-02  3.776460e+04
  2.890000e-02  3.267490e+04
  2.820000e-02  2.771335e+04
  2.750000e-02  2.363395e+04
  2.680000e-02  1.987480e+04
  2.610000e-02  1.659545e+04
  2.540000e-02  1.349960e+04
  2.470000e-02  1.145120e+04
  2.410000e-02  9.204609e+03
  2.350000e-02  7.428345e+03
  2.290000e-02  6.072160e+03
  2.230000e-02  4.906875e+03
  2.170000e-02  3.838365e+03
  2.110000e-02  3.042020e+03
  2.060000e-02  2.415535e+03
  2.000000e-02  1.974445e+03
  1.950000e-02  1.449325e+03
  1.900000e-02  1.161640e+03
  1.850000e-02  8.721505e+02
  1.800000e-02  7.187250e+02
  1.760000e-02  5.178100e+02
  1.710000e-02  4.000005e+02
  1.670000e-02  3.461185e+02
  1.630000e-02  2.968035e+02
  1.580000e-02  2.365290e+02
  1.540000e-02  2.200905e+02
  1.500000e-02  1.945190e+02
  1.460000e-02  1.543370e+02
  1.430000e-02  1.461185e+02
  1.390000e-02  1.406380e+02
  1.350000e-02  1.232880e+02
  1.320000e-02  1.479445e+02
  1.280000e-02  1.187200e+02
  1.250000e-02  1.050220e+02
  1.220000e-02  1.105015e+02
  1.190000e-02  1.059355e+02
  1.160000e-02  1.022827e+02
  1.130000e-02  9.406350e+01
  1.100000e-02  9.954350e+01
  1.070000e-02  7.853900e+01
  1.040000e-02  8.127875e+01
  1.010000e-02  5.744325e+02
