  4.934820e+03  0.000000e+00
  4.806990e+03  0.000000e+00
  4.682470e+03  0.000000e+00
  4.561180e+03  0.000000e+00
  4.443030e+03  0.000000e+00
  4.327940e+03  0.000000e+00
  4.215830e+03  2.389700e-01
  4.106630e+03  0.000000e+00
  4.000250e+03  0.000000e+00
  3.896630e+03  0.000000e+00
  3.795700e+03  0.000000e+00
  3.697380e+03  0.000000e+00
  3.601600e+03  0.000000e+00
  3.508310e+03  1.194850e-01
  3.417430e+03  0.000000e+00
  3.328910e+03  0.000000e+00
  3.242680e+03  1.194850e-01
  3.158680e+03  0.000000e+00
  3.076860e+03  0.000000e+00
  2.997160e+03  1.194850e-01
  2.919530e+03  0.000000e+00
  2.843900e+03  1.194850e-01
  2.770230e+03  0.000000e+00
  2.698480e+03  1.194850e-01
  2.628580e+03  1.194850e-01
  2.560490e+03  1.194850e-01
  2.494160e+03  1.194850e-01
  2.429550e+03  2.389700e-01
  2.366620e+03  2.389700e-01
  2.305320e+03  0.000000e+00
  2.245600e+03  0.000000e+00
  2.187430e+03  2.389700e-01
  2.130770e+03  0.000000e+00
  2.075580e+03  0.000000e+00
  2.021810e+03  0.000000e+00
  1.969440e+03  1.194850e-01
  1.918430e+03  3.584550e-01
  1.868730e+03  0.000000e+00
  1.820330e+03  3.584550e-01
  1.773170e+03  8.363950e-01
  1.727240e+03  1.194850e-01
  1.682500e+03  5.974250e-01
  1.638920e+03  4.779400e-01
  1.596470e+03  4.779400e-01
  1.555110e+03  3.584550e-01
  1.514830e+03  3.584550e-01
  1.475590e+03  1.194850e-01
  1.437370e+03  3.584550e-01
  1.400140e+03  4.779400e-01
  1.363870e+03  5.974250e-01
  1.328540e+03  9.558850e-01
  1.294120e+03  1.433820e+00
  1.260600e+03  9.558800e-01
  1.227950e+03  5.974250e-01
  1.196140e+03  1.553305e+00
  1.165160e+03  1.314340e+00
  1.134980e+03  1.911765e+00
  1.105580e+03  1.792280e+00
  1.076940e+03  2.150735e+00
  1.049040e+03  2.509195e+00
  1.021870e+03  2.389710e+00
  9.953980e+02  2.748175e+00
  9.696140e+02  3.106630e+00
  9.444970e+02  3.465080e+00
  9.200320e+02  2.987145e+00
  8.962000e+02  3.704050e+00
  8.729850e+02  3.704075e+00
  8.503720e+02  4.062520e+00
  8.283450e+02  5.137915e+00
  8.068880e+02  4.659970e+00
  7.859870e+02  6.571745e+00
  7.656270e+02  6.332725e+00
  7.457950e+02  7.049700e+00
  7.264760e+02  8.244540e+00
  7.076580e+02  7.886110e+00
  6.893270e+02  1.111230e+01
  6.714710e+02  1.242660e+01
  6.540780e+02  1.433845e+01
  6.371350e+02  1.505525e+01
  6.206310e+02  1.684760e+01
  6.045550e+02  1.648915e+01
  5.888950e+02  1.935700e+01
  5.736410e+02  2.162700e+01
  5.587810e+02  2.628695e+01
  5.443070e+02  2.795970e+01
  5.302080e+02  3.046910e+01
  5.164740e+02  3.178325e+01
  5.030950e+02  3.716035e+01
  4.900630e+02  3.990840e+01
  4.773690e+02  4.337345e+01
  4.650040e+02  5.675600e+01
  4.529580e+02  6.153540e+01
  4.412250e+02  7.205020e+01
  4.297960e+02  7.539575e+01
  4.186630e+02  8.340144e+01
  4.078180e+02  9.726255e+01
  3.972540e+02  9.702405e+01
  3.869640e+02  1.118405e+02
  3.769400e+02  1.247455e+02
  3.671770e+02  1.403960e+02
  3.576650e+02  1.572420e+02
  3.484010e+02  1.801855e+02
  3.393760e+02  2.047995e+02
  3.305850e+02  2.179425e+02
  3.220220e+02  2.522350e+02
  3.136800e+02  2.658580e+02
  3.055550e+02  2.933380e+02
  2.976400e+02  3.316930e+02
  2.899300e+02  3.712435e+02
  2.824200e+02  4.160505e+02
  2.751040e+02  4.639650e+02
  2.679780e+02  5.105640e+02
  2.610370e+02  5.685145e+02
  2.542750e+02  6.319625e+02
  2.476890e+02  6.856125e+02
  2.412730e+02  7.780935e+02
  2.350230e+02  8.622120e+02
  2.289350e+02  9.636565e+02
  2.230050e+02  1.050165e+03
  2.172280e+02  1.191160e+03
  2.116010e+02  1.289500e+03
  2.061200e+02  1.394870e+03
  2.007810e+02  1.551530e+03
  1.955800e+02  1.737215e+03
  1.905140e+02  1.932690e+03
  1.855790e+02  2.153860e+03
  1.807720e+02  2.375380e+03
  1.760890e+02  2.640525e+03
  1.715280e+02  2.896700e+03
  1.670850e+02  3.168190e+03
  1.627570e+02  3.472990e+03
  1.585410e+02  3.792250e+03
  1.544340e+02  4.134820e+03
  1.504340e+02  4.512260e+03
  1.465370e+02  4.915665e+03
  1.427410e+02  5.288220e+03
  1.390440e+02  5.767230e+03
  1.354420e+02  6.241965e+03
  1.319340e+02  6.673295e+03
  1.285160e+02  7.156025e+03
  1.251870e+02  7.703880e+03
  1.219440e+02  8.297240e+03
  1.187850e+02  8.877346e+03
  1.157090e+02  9.463200e+03
  1.127110e+02  1.023925e+04
  1.097920e+02  1.090030e+04
  1.069480e+02  1.163915e+04
  1.041770e+02  1.244405e+04
  1.014790e+02  1.329575e+04
  9.885030e+01  1.424080e+04
  9.628970e+01  1.510790e+04
  9.379550e+01  1.606205e+04
  9.136590e+01  1.708705e+04
  8.899920e+01  1.807495e+04
  8.669380e+01  1.914855e+04
  8.444820e+01  2.025565e+04
  8.226070e+01  2.147665e+04
  8.012980e+01  2.266835e+04
  7.805420e+01  2.402555e+04
  7.603240e+01  2.541730e+04
  7.406290e+01  2.676620e+04
  7.214440e+01  2.818145e+04
  7.027560e+01  2.958735e+04
  6.845520e+01  3.106115e+04
  6.668200e+01  3.252525e+04
  6.495470e+01  3.389960e+04
  6.327220e+01  3.503380e+04
  6.163320e+01  3.598815e+04
  6.003670e+01  3.680755e+04
  5.848160e+01  3.736325e+04
  5.696670e+01  3.794110e+04
  5.549110e+01  3.846510e+04
  5.405370e+01  3.941740e+04
  5.265350e+01  4.051365e+04
  5.128960e+01  4.138340e+04
  4.996100e+01  4.247785e+04
  4.866690e+01  4.353515e+04
  4.740620e+01  4.445295e+04
  4.617830e+01  4.530430e+04
  4.498210e+01  4.556750e+04
  4.381690e+01  4.553610e+04
  4.268190e+01  4.515490e+04
  4.157630e+01  4.467260e+04
  4.049930e+01  4.412385e+04
  3.945030e+01  4.329145e+04
  3.842840e+01  4.251320e+04
  3.743290e+01  4.178620e+04
  3.646330e+01  4.101670e+04
  3.551880e+01  4.025410e+04
  3.459870e+01  3.978450e+04
  3.370250e+01  3.900340e+04
  3.282950e+01  3.827590e+04
  3.197910e+01  3.781305e+04
  3.115070e+01  3.721535e+04
  3.034380e+01  3.649570e+04
  2.955780e+01  3.594580e+04
  2.879220e+01  3.521170e+04
  2.804640e+01  3.464625e+04
  2.731990e+01  3.384360e+04
  2.661220e+01  3.295245e+04
  2.592290e+01  3.224985e+04
  2.525140e+01  3.164645e+04
  2.459730e+01  3.067995e+04
  2.396010e+01  2.971255e+04
  2.333950e+01  2.885535e+04
  2.273490e+01  2.789905e+04
  2.214600e+01  2.682325e+04
  2.157230e+01  2.562940e+04
  2.101350e+01  2.444570e+04
  2.046920e+01  2.316660e+04
  1.993900e+01  2.182445e+04
  1.942250e+01  2.066005e+04
  1.891940e+01  1.950745e+04
  1.842930e+01  1.875315e+04
  1.795200e+01  1.819000e+04
  1.748690e+01  1.789655e+04
  1.703400e+01  1.773005e+04
  1.659270e+01  1.766305e+04
  1.616290e+01  1.772900e+04
  1.574430e+01  1.771540e+04
  1.533640e+01  1.761975e+04
  1.493920e+01  1.763930e+04
  1.455220e+01  1.718815e+04
  1.417520e+01  1.643495e+04
  1.380800e+01  1.519395e+04
  1.345040e+01  1.345010e+04
  1.310200e+01  1.156940e+04
  1.276260e+01  9.733699e+03
  1.243200e+01  7.868155e+03
  1.211000e+01  6.388935e+03
  1.179630e+01  5.040770e+03
  1.149070e+01  4.005530e+03
  1.119310e+01  3.329485e+03
  1.090310e+01  2.823465e+03
  1.062070e+01  2.414815e+03
  1.034560e+01  2.016810e+03
  1.007760e+01  1.698985e+03
  9.816600e+00  1.387470e+03
  9.562300e+00  1.164870e+03
  9.314600e+00  1.218530e+03
  9.073300e+00  1.551645e+03
  8.838300e+00  2.010950e+03
  8.609300e+00  2.733595e+03
  8.386300e+00  3.601560e+03
  8.169100e+00  4.724965e+03
  7.957500e+00  6.098210e+03
  7.751400e+00  6.768660e+03
  7.550600e+00  7.613305e+03
  7.355000e+00  7.477330e+03
  7.164500e+00  7.085045e+03
  6.978900e+00  6.718715e+03
  6.798100e+00  6.195015e+03
  6.622000e+00  5.682645e+03
  6.450500e+00  5.151285e+03
  6.283400e+00  4.683620e+03
  6.120600e+00  4.226110e+03
  5.962100e+00  3.861675e+03
  5.807600e+00  3.646835e+03
  5.657200e+00  3.403445e+03
  5.510700e+00  3.198650e+03
  5.367900e+00  2.961100e+03
  5.228900e+00  2.672305e+03
  5.093400e+00  2.406455e+03
  4.961500e+00  2.161870e+03
  4.833000e+00  1.891355e+03
  4.707800e+00  1.718335e+03
  4.585800e+00  1.453900e+03
  4.467100e+00  1.285555e+03
  4.351300e+00  1.179320e+03
  4.238600e+00  1.072995e+03
  4.128800e+00  9.716710e+02
  4.021900e+00  9.580415e+02
  3.917700e+00  7.904010e+02
  3.816200e+00  6.642245e+02
  3.717400e+00  5.964745e+02
  3.621100e+00  5.093690e+02
  3.527300e+00  4.528530e+02
  3.435900e+00  3.896445e+02
  3.346900e+00  3.100670e+02
  3.260200e+00  2.142395e+02
  3.175800e+00  1.340640e+02
  3.093500e+00  7.193065e+01
  3.013400e+00  5.412715e+01
  2.935300e+00  6.034045e+01
  2.859300e+00  8.579150e+01
  2.785200e+00  1.209205e+02
  2.713100e+00  1.580795e+02
  2.642800e+00  1.538965e+02
  2.574300e+00  1.488775e+02
  2.507600e+00  1.310760e+02
  2.442700e+00  1.237890e+02
  2.379400e+00  1.127960e+02
  2.317800e+00  1.000115e+02
  2.257700e+00  8.877880e+01
  2.199300e+00  8.256525e+01
  2.142300e+00  7.181115e+01
  2.086800e+00  6.667335e+01
  2.032700e+00  6.416410e+01
  1.980100e+00  6.452245e+01
  1.928800e+00  5.006470e+01
  1.878800e+00  4.289545e+01
  1.830200e+00  5.281275e+01
  1.782800e+00  8.447695e+01
  1.736600e+00  4.683865e+01
  1.691600e+00  3.226125e+01
  1.647800e+00  2.927415e+01
  1.605100e+00  2.712345e+01
  1.563500e+00  2.449470e+01
  1.523000e+00  2.306090e+01
  1.483600e+00  2.318030e+01
  1.445100e+00  2.031265e+01
  1.407700e+00  1.565280e+01
  1.371200e+00  1.852035e+01
  1.335700e+00  1.541385e+01
  1.301100e+00  1.230730e+01
  1.267400e+00  9.080965e+00
  1.234600e+00  1.266570e+01
  1.202600e+00  1.182915e+01
  1.171500e+00  8.722521e+00
  1.141100e+00  1.314355e+01
  1.111600e+00  9.080980e+00
  1.082800e+00  7.647115e+00
  1.054700e+00  7.647135e+00
  1.027400e+00  7.766595e+00
  1.000800e+00  4.420965e+00
  9.749000e-01  8.364050e+00
  9.496000e-01  6.810690e+00
  9.250000e-01  4.659945e+00
  9.010000e-01  5.854805e+00
  8.777000e-01  6.810755e+00
  8.550000e-01  6.810720e+00
  8.328000e-01  6.571805e+00
  8.113000e-01  4.898925e+00
  7.902000e-01  6.452260e+00
  7.698000e-01  5.137900e+00
  7.498000e-01  5.854810e+00
  7.304000e-01  5.615830e+00
  7.115000e-01  7.049725e+00
  6.931000e-01  1.159021e+01
  6.751000e-01  9.200560e+01
  6.576000e-01  6.715130e+01
  6.406000e-01  1.918960e+02
  6.240000e-01  5.591945e+01
  6.078000e-01  7.886070e+00
  5.921000e-01  8.244605e+00
  5.767000e-01  8.244465e+00
  5.618000e-01  9.439505e+00
  5.472000e-01  7.169170e+00
  5.331000e-01  8.603075e+00
  5.193000e-01  7.766605e+00
  5.058000e-01  9.080925e+00
  4.927000e-01  1.302405e+01
  4.799000e-01  1.541375e+01
  4.675000e-01  1.063430e+01
  4.554000e-01  7.886080e+00
  4.436000e-01  1.648900e+01
  4.321000e-01  1.660870e+01
  4.209000e-01  1.362140e+01
  4.100000e-01  1.063420e+01
  3.994000e-01  1.565270e+01
  3.891000e-01  3.011065e+01
  3.790000e-01  3.202225e+01
  3.692000e-01  8.722500e+00
  3.596000e-01  4.898965e+00
  3.503000e-01  5.257375e+00
  3.412000e-01  6.213315e+00
  3.324000e-01  7.647170e+00
  3.238000e-01  6.571725e+00
  3.154000e-01  6.332760e+00
  3.072000e-01  7.766555e+00
  2.992000e-01  9.678375e+00
  2.915000e-01  1.374090e+01
  2.839000e-01  1.433845e+01
  2.766000e-01  8.841975e+00
  2.694000e-01  2.114905e+01
  2.624000e-01  4.325405e+01
  2.556000e-01  5.054250e+01
  2.490000e-01  1.971535e+01
  2.426000e-01  1.445790e+01
  2.363000e-01  1.708665e+01
  2.302000e-01  1.063435e+01
  2.242000e-01  1.039529e+01
  2.184000e-01  5.854810e+00
  2.127000e-01  7.647135e+00
  2.072000e-01  8.005585e+00
  2.019000e-01  6.691235e+00
  1.966000e-01  6.452235e+00
  1.915000e-01  1.374095e+01
  1.866000e-01  1.493580e+01
  1.817000e-01  6.810730e+00
  1.770000e-01  8.483500e+00
  1.725000e-01  6.452280e+00
  1.680000e-01  8.244605e+00
  1.636000e-01  7.169165e+00
  1.594000e-01  8.841955e+00
  1.553000e-01  8.722485e+00
  1.512000e-01  5.974330e+00
  1.473000e-01  8.603004e+00
  1.435000e-01  1.111220e+01
  1.398000e-01  8.125125e+00
  1.362000e-01  8.841980e+00
  1.326000e-01  9.320000e+00
  1.292000e-01  8.483525e+00
  1.259000e-01  8.364125e+00
  1.226000e-01  9.319865e+00
  1.194000e-01  1.075389e+01
  1.163000e-01  1.003689e+01
  1.133000e-01  1.242650e+01
  1.104000e-01  1.051485e+01
  1.075000e-01  1.194864e+01
  1.047000e-01  1.027579e+01
  1.020000e-01  1.111225e+01
  9.940000e-02  1.290460e+01
  9.680000e-02  1.481625e+01
  9.430000e-02  1.386045e+01
  9.190000e-02  1.278505e+01
  8.950000e-02  9.917350e+00
  8.720000e-02  9.200439e+00
  8.490000e-02  1.386050e+01
  8.270000e-02  9.319920e+00
  8.060000e-02  1.159015e+01
  7.850000e-02  1.075385e+01
  7.640000e-02  1.027585e+01
  7.450000e-02  8.244600e+00
  7.250000e-02  9.678410e+00
  7.070000e-02  8.483605e+00
  6.880000e-02  8.364090e+00
  6.700000e-02  9.200505e+00
  6.530000e-02  6.213295e+00
  6.360000e-02  7.049700e+00
  6.200000e-02  6.213290e+00
  6.040000e-02  6.213295e+00
  5.880000e-02  6.691275e+00
  5.730000e-02  5.018425e+00
  5.580000e-02  5.018415e+00
  5.430000e-02  4.062515e+00
  5.290000e-02  3.106650e+00
  5.160000e-02  4.659960e+00
  5.020000e-02  3.106620e+00
  4.890000e-02  3.106625e+00
  4.770000e-02  3.465085e+00
  4.640000e-02  1.911760e+00
  4.520000e-02  1.792275e+00
  4.410000e-02  2.628685e+00
  4.290000e-02  2.389705e+00
  4.180000e-02  2.031250e+00
  4.070000e-02  1.433820e+00
  3.970000e-02  1.433825e+00
  3.860000e-02  1.314335e+00
  3.760000e-02  1.314340e+00
  3.670000e-02  1.314335e+00
  3.570000e-02  3.584550e-01
  3.480000e-02  9.558800e-01
  3.390000e-02  1.194850e+00
  3.300000e-02  3.584550e-01
  3.220000e-02  2.389700e-01
  3.130000e-02  2.389700e-01
  3.050000e-02  2.389700e-01
  2.970000e-02  0.000000e+00
  2.890000e-02  1.194850e-01
  2.820000e-02  3.584550e-01
  2.750000e-02  2.389700e-01
  2.680000e-02  1.194850e-01
  2.610000e-02  0.000000e+00
  2.540000e-02  0.000000e+00
  2.470000e-02  1.194850e-01
  2.410000e-02  1.194850e-01
  2.350000e-02  0.000000e+00
  2.290000e-02  1.194850e-01
  2.230000e-02  0.000000e+00
  2.170000e-02  0.000000e+00
  2.110000e-02  0.000000e+00
  2.060000e-02  0.000000e+00
  2.000000e-02  0.000000e+00
  1.950000e-02  0.000000e+00
  1.900000e-02  0.000000e+00
  1.850000e-02  0.000000e+00
  1.800000e-02  0.000000e+00
  1.760000e-02  1.194850e-01
  1.710000e-02  0.000000e+00
  1.670000e-02  0.000000e+00
  1.630000e-02  0.000000e+00
  1.580000e-02  0.000000e+00
  1.540000e-02  0.000000e+00
  1.500000e-02  1.194850e-01
  1.460000e-02  0.000000e+00
  1.430000e-02  0.000000e+00
  1.390000e-02  0.000000e+00
  1.350000e-02  0.000000e+00
  1.320000e-02  0.000000e+00
  1.280000e-02  0.000000e+00
  1.250000e-02  1.194850e-01
  1.220000e-02  0.000000e+00
  1.190000e-02  0.000000e+00
  1.160000e-02  0.000000e+00
  1.130000e-02  1.194850e-01
  1.100000e-02  1.840100e+01
  1.070000e-02  3.106640e+01
  1.040000e-02  2.700405e+01
  1.010000e-02  1.977505e+02
