  4.934820e+03  1.364080e-01
  4.806990e+03  1.705100e-02
  4.682470e+03  1.705100e-02
  4.561180e+03  1.705100e-02
  4.443030e+03  0.000000e+00
  4.327940e+03  0.000000e+00
  4.215830e+03  1.705100e-02
  4.106630e+03  0.000000e+00
  4.000250e+03  1.705100e-02
  3.896630e+03  0.000000e+00
  3.795700e+03  3.410200e-02
  3.697380e+03  3.410200e-02
  3.601600e+03  0.000000e+00
  3.508310e+03  0.000000e+00
  3.417430e+03  1.705100e-02
  3.328910e+03  1.705100e-02
  3.242680e+03  1.705100e-02
  3.158680e+03  1.705100e-02
  3.076860e+03  0.000000e+00
  2.997160e+03  1.705100e-02
  2.919530e+03  1.705100e-02
  2.843900e+03  1.705100e-02
  2.770230e+03  1.023060e-01
  2.698480e+03  5.115300e-02
  2.628580e+03  1.705100e-02
  2.560490e+03  1.023060e-01
  2.494160e+03  6.820400e-02
  2.429550e+03  3.410200e-02
  2.366620e+03  1.705100e-02
  2.305320e+03  6.820400e-02
  2.245600e+03  8.525500e-02
  2.187430e+03  6.820400e-02
  2.130770e+03  1.875610e-01
  2.075580e+03  1.364080e-01
  2.021810e+03  1.364100e-01
  1.969440e+03  1.193570e-01
  1.918430e+03  1.705100e-01
  1.868730e+03  3.069180e-01
  1.820330e+03  1.534590e-01
  1.773170e+03  2.046120e-01
  1.727240e+03  2.387140e-01
  1.682500e+03  2.387160e-01
  1.638920e+03  2.898700e-01
  1.596470e+03  1.875610e-01
  1.555110e+03  2.898730e-01
  1.514830e+03  2.216630e-01
  1.475590e+03  4.433280e-01
  1.437370e+03  4.774340e-01
  1.400140e+03  3.580710e-01
  1.363870e+03  5.115340e-01
  1.328540e+03  5.285930e-01
  1.294120e+03  5.456410e-01
  1.260600e+03  7.502530e-01
  1.227950e+03  6.991020e-01
  1.196140e+03  7.502530e-01
  1.165160e+03  8.014100e-01
  1.134980e+03  7.502580e-01
  1.105580e+03  1.176520e+00
  1.076940e+03  1.381140e+00
  1.049040e+03  1.329990e+00
  1.021870e+03  1.551650e+00
  9.953980e+02  1.483445e+00
  9.696140e+02  1.551645e+00
  9.444970e+02  2.131365e+00
  9.200320e+02  2.080205e+00
  8.962000e+02  2.353025e+00
  8.729850e+02  2.813395e+00
  8.503720e+02  3.444285e+00
  8.283450e+02  3.614780e+00
  8.068880e+02  3.427215e+00
  7.859870e+02  4.160415e+00
  7.656270e+02  5.200540e+00
  7.457950e+02  6.411155e+00
  7.264760e+02  6.462295e+00
  7.076580e+02  6.990865e+00
  6.893270e+02  7.860550e+00
  6.714710e+02  8.883631e+00
  6.540780e+02  8.900705e+00
  6.371350e+02  1.157780e+01
  6.206310e+02  1.099815e+01
  6.045550e+02  1.289080e+01
  5.888950e+02  1.573815e+01
  5.736410e+02  1.706805e+01
  5.587810e+02  1.834680e+01
  5.443070e+02  2.107480e+01
  5.302080e+02  2.412680e+01
  5.164740e+02  2.704270e+01
  5.030950e+02  2.823650e+01
  4.900630e+02  3.266980e+01
  4.773690e+02  3.560245e+01
  4.650040e+02  3.977965e+01
  4.529580e+02  4.588410e+01
  4.412250e+02  5.030040e+01
  4.297960e+02  5.619985e+01
  4.186630e+02  6.390695e+01
  4.078180e+02  7.166515e+01
  3.972540e+02  7.761575e+01
  3.869640e+02  8.808514e+01
  3.769400e+02  9.599660e+01
  3.671770e+02  1.088710e+02
  3.576650e+02  1.189480e+02
  3.484010e+02  1.305420e+02
  3.393760e+02  1.467060e+02
  3.305850e+02  1.650860e+02
  3.220220e+02  1.813360e+02
  3.136800e+02  1.998020e+02
  3.055550e+02  2.177240e+02
  2.976400e+02  2.407765e+02
  2.899300e+02  2.687575e+02
  2.824200e+02  2.954750e+02
  2.751040e+02  3.289795e+02
  2.679780e+02  3.607635e+02
  2.610370e+02  3.971160e+02
  2.542750e+02  4.372360e+02
  2.476890e+02  4.804110e+02
  2.412730e+02  5.348870e+02
  2.350230e+02  5.937130e+02
  2.289350e+02  6.432975e+02
  2.230050e+02  7.200275e+02
  2.172280e+02  7.865075e+02
  2.116010e+02  8.603040e+02
  2.061200e+02  9.354815e+02
  2.007810e+02  1.020710e+03
  1.955800e+02  1.115640e+03
  1.905140e+02  1.237850e+03
  1.855790e+02  1.349710e+03
  1.807720e+02  1.480220e+03
  1.760890e+02  1.622170e+03
  1.715280e+02  1.780845e+03
  1.670850e+02  1.919640e+03
  1.627570e+02  2.077670e+03
  1.585410e+02  2.228000e+03
  1.544340e+02  2.394990e+03
  1.504340e+02  2.569160e+03
  1.465370e+02  2.773695e+03
  1.427410e+02  2.953700e+03
  1.390440e+02  3.140395e+03
  1.354420e+02  3.342800e+03
  1.319340e+02  3.565965e+03
  1.285160e+02  3.780215e+03
  1.251870e+02  3.986050e+03
  1.219440e+02  4.219730e+03
  1.187850e+02  4.451985e+03
  1.157090e+02  4.661075e+03
  1.127110e+02  4.928290e+03
  1.097920e+02  5.197585e+03
  1.069480e+02  5.461240e+03
  1.041770e+02  5.718145e+03
  1.014790e+02  6.001095e+03
  9.885030e+01  6.280895e+03
  9.628970e+01  6.577525e+03
  9.379550e+01  6.898165e+03
  9.136590e+01  7.187260e+03
  8.899920e+01  7.504325e+03
  8.669380e+01  7.810585e+03
  8.444820e+01  8.139525e+03
  8.226070e+01  8.468020e+03
  8.012980e+01  8.784715e+03
  7.805420e+01  9.125635e+03
  7.603240e+01  9.453175e+03
  7.406290e+01  9.812265e+03
  7.214440e+01  1.014060e+04
  7.027560e+01  1.047100e+04
  6.845520e+01  1.081495e+04
  6.668200e+01  1.113860e+04
  6.495470e+01  1.134655e+04
  6.327220e+01  1.154520e+04
  6.163320e+01  1.165265e+04
  6.003670e+01  1.172045e+04
  5.848160e+01  1.174085e+04
  5.696670e+01  1.178310e+04
  5.549110e+01  1.178240e+04
  5.405370e+01  1.183355e+04
  5.265350e+01  1.189350e+04
  5.128960e+01  1.195945e+04
  4.996100e+01  1.199700e+04
  4.866690e+01  1.200090e+04
  4.740620e+01  1.198405e+04
  4.617830e+01  1.190535e+04
  4.498210e+01  1.170395e+04
  4.381690e+01  1.150480e+04
  4.268190e+01  1.122450e+04
  4.157630e+01  1.095625e+04
  4.049930e+01  1.062565e+04
  3.945030e+01  1.035490e+04
  3.842840e+01  1.005920e+04
  3.743290e+01  9.816385e+03
  3.646330e+01  9.548805e+03
  3.551880e+01  9.272096e+03
  3.459870e+01  9.024814e+03
  3.370250e+01  8.782061e+03
  3.282950e+01  8.526061e+03
  3.197910e+01  8.253555e+03
  3.115070e+01  8.011295e+03
  3.034380e+01  7.756120e+03
  2.955780e+01  7.504745e+03
  2.879220e+01  7.220510e+03
  2.804640e+01  6.980240e+03
  2.731990e+01  6.680425e+03
  2.661220e+01  6.366170e+03
  2.592290e+01  6.106515e+03
  2.525140e+01  5.782650e+03
  2.459730e+01  5.475915e+03
  2.396010e+01  5.163020e+03
  2.333950e+01  4.867455e+03
  2.273490e+01  4.534300e+03
  2.214600e+01  4.191345e+03
  2.157230e+01  3.845885e+03
  2.101350e+01  3.508460e+03
  2.046920e+01  3.161145e+03
  1.993900e+01  2.873560e+03
  1.942250e+01  2.588050e+03
  1.891940e+01  2.348455e+03
  1.842930e+01  2.219510e+03
  1.795200e+01  2.113325e+03
  1.748690e+01  2.098050e+03
  1.703400e+01  2.102110e+03
  1.659270e+01  2.151980e+03
  1.616290e+01  2.229890e+03
  1.574430e+01  2.274390e+03
  1.533640e+01  2.333750e+03
  1.493920e+01  2.380820e+03
  1.455220e+01  2.347125e+03
  1.417520e+01  2.176300e+03
  1.380800e+01  1.876795e+03
  1.345040e+01  1.507745e+03
  1.310200e+01  1.131965e+03
  1.276260e+01  8.094755e+02
  1.243200e+01  5.614865e+02
  1.211000e+01  3.766045e+02
  1.179630e+01  2.474090e+02
  1.149070e+01  1.618295e+02
  1.119310e+01  1.156235e+02
  1.090310e+01  8.494765e+01
  1.062070e+01  6.204840e+01
  1.034560e+01  4.504860e+01
  1.007760e+01  3.241390e+01
  9.816600e+00  2.303555e+01
  9.562300e+00  1.718740e+01
  9.314600e+00  1.797170e+01
  9.073300e+00  2.941295e+01
  8.838300e+00  5.091420e+01
  8.609300e+00  9.231375e+01
  8.386300e+00  1.609440e+02
  8.169100e+00  2.861830e+02
  7.957500e+00  4.766075e+02
  7.751400e+00  6.255475e+02
  7.550600e+00  8.315396e+02
  7.355000e+00  8.288965e+02
  7.164500e+00  7.722530e+02
  6.978900e+00  7.159855e+02
  6.798100e+00  6.224965e+02
  6.622000e+00  5.439575e+02
  6.450500e+00  4.705720e+02
  6.283400e+00  4.028965e+02
  6.120600e+00  3.490845e+02
  5.962100e+00  2.982890e+02
  5.807600e+00  2.755770e+02
  5.657200e+00  2.517065e+02
  5.510700e+00  2.308360e+02
  5.367900e+00  2.036220e+02
  5.228900e+00  1.717530e+02
  5.093400e+00  1.499280e+02
  4.961500e+00  1.258700e+02
  4.833000e+00  1.067555e+02
  4.707800e+00  9.001225e+01
  4.585800e+00  7.183565e+01
  4.467100e+00  6.204825e+01
  4.351300e+00  5.374460e+01
  4.238600e+00  4.827125e+01
  4.128800e+00  4.068340e+01
  4.021900e+00  3.851795e+01
  3.917700e+00  3.161265e+01
  3.816200e+00  2.612180e+01
  3.717400e+00  2.247295e+01
  3.621100e+00  1.885830e+01
  3.527300e+00  1.548240e+01
  3.435900e+00  1.205525e+01
  3.346900e+00  1.043531e+01
  3.260200e+00  6.394105e+00
  3.175800e+00  3.631845e+00
  3.093500e+00  2.063175e+00
  3.013400e+00  1.739195e+00
  2.935300e+00  1.670995e+00
  2.859300e+00  2.591740e+00
  2.785200e+00  2.932765e+00
  2.713100e+00  4.671945e+00
  2.642800e+00  3.734145e+00
  2.574300e+00  3.785305e+00
  2.507600e+00  3.188520e+00
  2.442700e+00  2.694045e+00
  2.379400e+00  2.728140e+00
  2.317800e+00  2.540580e+00
  2.257700e+00  2.012010e+00
  2.199300e+00  1.960855e+00
  2.142300e+00  1.892655e+00
  2.086800e+00  1.466385e+00
  2.032700e+00  1.688050e+00
  1.980100e+00  1.602790e+00
  1.928800e+00  1.142425e+00
  1.878800e+00  9.889740e-01
  1.830200e+00  1.125375e+00
  1.782800e+00  1.841505e+00
  1.736600e+00  9.207630e-01
  1.691600e+00  7.843590e-01
  1.647800e+00  6.308940e-01
  1.605100e+00  6.138470e-01
  1.563500e+00  7.161570e-01
  1.523000e+00  3.751260e-01
  1.483600e+00  4.092320e-01
  1.445100e+00  3.239750e-01
  1.407700e+00  2.898690e-01
  1.371200e+00  1.875630e-01
  1.335700e+00  3.239710e-01
  1.301100e+00  2.557690e-01
  1.267400e+00  2.387140e-01
  1.234600e+00  2.557670e-01
  1.202600e+00  2.557650e-01
  1.171500e+00  1.875610e-01
  1.141100e+00  2.898690e-01
  1.111600e+00  1.023060e-01
  1.082800e+00  2.387160e-01
  1.054700e+00  2.387180e-01
  1.027400e+00  1.875610e-01
  1.000800e+00  6.820400e-02
  9.749000e-01  1.705100e-01
  9.496000e-01  1.364100e-01
  9.250000e-01  2.898690e-01
  9.010000e-01  2.046120e-01
  8.777000e-01  3.580770e-01
  8.550000e-01  2.216650e-01
  8.328000e-01  1.705100e-01
  8.113000e-01  2.728160e-01
  7.902000e-01  1.534590e-01
  7.698000e-01  1.534590e-01
  7.498000e-01  1.534590e-01
  7.304000e-01  3.239690e-01
  7.115000e-01  2.387140e-01
  6.931000e-01  2.557650e-01
  6.751000e-01  9.378140e-01
  6.576000e-01  1.040127e+00
  6.406000e-01  3.086210e+00
  6.240000e-01  5.967910e-01
  6.078000e-01  2.387160e-01
  5.921000e-01  2.728190e-01
  5.767000e-01  3.751270e-01
  5.618000e-01  3.239710e-01
  5.472000e-01  2.898680e-01
  5.331000e-01  3.239710e-01
  5.193000e-01  2.216670e-01
  5.058000e-01  1.875610e-01
  4.927000e-01  4.262760e-01
  4.799000e-01  5.115350e-01
  4.675000e-01  2.898690e-01
  4.554000e-01  3.580730e-01
  4.436000e-01  4.092290e-01
  4.321000e-01  3.921770e-01
  4.209000e-01  3.239730e-01
  4.100000e-01  2.728160e-01
  3.994000e-01  4.944820e-01
  3.891000e-01  7.332050e-01
  3.790000e-01  6.991010e-01
  3.692000e-01  2.046120e-01
  3.596000e-01  1.534590e-01
  3.503000e-01  1.193570e-01
  3.412000e-01  2.216650e-01
  3.324000e-01  1.705100e-01
  3.238000e-01  1.875630e-01
  3.154000e-01  1.875630e-01
  3.072000e-01  1.875610e-01
  2.992000e-01  3.751290e-01
  2.915000e-01  3.410210e-01
  2.839000e-01  3.751260e-01
  2.766000e-01  3.410220e-01
  2.694000e-01  6.308940e-01
  2.624000e-01  8.696060e-01
  2.556000e-01  9.037140e-01
  2.490000e-01  5.456410e-01
  2.426000e-01  4.774320e-01
  2.363000e-01  4.603840e-01
  2.302000e-01  3.410220e-01
  2.242000e-01  2.557650e-01
  2.184000e-01  2.898690e-01
  2.127000e-01  2.557680e-01
  2.072000e-01  1.875610e-01
  2.019000e-01  1.705100e-01
  1.966000e-01  1.875630e-01
  1.915000e-01  2.557680e-01
  1.866000e-01  2.387150e-01
  1.817000e-01  2.898690e-01
  1.770000e-01  1.875610e-01
  1.725000e-01  3.410200e-01
  1.680000e-01  2.216630e-01
  1.636000e-01  2.728180e-01
  1.594000e-01  1.534590e-01
  1.553000e-01  1.023060e-01
  1.512000e-01  2.046140e-01
  1.473000e-01  2.557690e-01
  1.435000e-01  1.875610e-01
  1.398000e-01  1.875610e-01
  1.362000e-01  2.046140e-01
  1.326000e-01  2.557690e-01
  1.292000e-01  1.364080e-01
  1.259000e-01  2.387160e-01
  1.226000e-01  2.387160e-01
  1.194000e-01  3.239730e-01
  1.163000e-01  1.534590e-01
  1.133000e-01  1.875610e-01
  1.104000e-01  1.534590e-01
  1.075000e-01  3.069200e-01
  1.047000e-01  2.728160e-01
  1.020000e-01  1.364080e-01
  9.940000e-02  2.728180e-01
  9.680000e-02  2.387150e-01
  9.430000e-02  1.875610e-01
  9.190000e-02  2.557670e-01
  8.950000e-02  8.525500e-02
  8.720000e-02  2.557670e-01
  8.490000e-02  1.193570e-01
  8.270000e-02  1.364080e-01
  8.060000e-02  3.410200e-02
  7.850000e-02  1.364080e-01
  7.640000e-02  1.875610e-01
  7.450000e-02  1.023060e-01
  7.250000e-02  5.115300e-02
  7.070000e-02  1.875650e-01
  6.880000e-02  1.705100e-01
  6.700000e-02  1.364080e-01
  6.530000e-02  3.410200e-02
  6.360000e-02  1.023060e-01
  6.200000e-02  5.115300e-02
  6.040000e-02  3.410200e-02
  5.880000e-02  1.023060e-01
  5.730000e-02  1.193570e-01
  5.580000e-02  8.525500e-02
  5.430000e-02  1.705100e-02
  5.290000e-02  0.000000e+00
  5.160000e-02  1.705100e-02
  5.020000e-02  1.705100e-02
  4.890000e-02  5.115300e-02
  4.770000e-02  0.000000e+00
  4.640000e-02  3.410200e-02
  4.520000e-02  0.000000e+00
  4.410000e-02  1.705100e-02
  4.290000e-02  0.000000e+00
  4.180000e-02  1.705100e-02
  4.070000e-02  0.000000e+00
  3.970000e-02  3.410200e-02
  3.860000e-02  0.000000e+00
  3.760000e-02  0.000000e+00
  3.670000e-02  0.000000e+00
  3.570000e-02  0.000000e+00
  3.480000e-02  0.000000e+00
  3.390000e-02  0.000000e+00
  3.300000e-02  0.000000e+00
  3.220000e-02  0.000000e+00
  3.130000e-02  0.000000e+00
  3.050000e-02  0.000000e+00
  2.970000e-02  1.705100e-02
  2.890000e-02  0.000000e+00
  2.820000e-02  0.000000e+00
  2.750000e-02  0.000000e+00
  2.680000e-02  0.000000e+00
  2.610000e-02  0.000000e+00
  2.540000e-02  0.000000e+00
  2.470000e-02  0.000000e+00
  2.410000e-02  0.000000e+00
  2.350000e-02  0.000000e+00
  2.290000e-02  0.000000e+00
  2.230000e-02  0.000000e+00
  2.170000e-02  0.000000e+00
  2.110000e-02  0.000000e+00
  2.060000e-02  0.000000e+00
  2.000000e-02  0.000000e+00
  1.950000e-02  0.000000e+00
  1.900000e-02  0.000000e+00
  1.850000e-02  0.000000e+00
  1.800000e-02  0.000000e+00
  1.760000e-02  0.000000e+00
  1.710000e-02  0.000000e+00
  1.670000e-02  0.000000e+00
  1.630000e-02  0.000000e+00
  1.580000e-02  0.000000e+00
  1.540000e-02  0.000000e+00
  1.500000e-02  1.705100e-02
  1.460000e-02  0.000000e+00
  1.430000e-02  0.000000e+00
  1.390000e-02  0.000000e+00
  1.350000e-02  0.000000e+00
  1.320000e-02  0.000000e+00
  1.280000e-02  0.000000e+00
  1.250000e-02  0.000000e+00
  1.220000e-02  1.705100e-02
  1.190000e-02  1.705100e-02
  1.160000e-02  0.000000e+00
  1.130000e-02  1.705100e-02
  1.100000e-02  2.506480e+00
  1.070000e-02  3.631840e+00
  1.040000e-02  3.631855e+00
  1.010000e-02  2.637765e+01
