  4.934820e+03  5.580850e-02
  4.806990e+03  0.000000e+00
  4.682470e+03  0.000000e+00
  4.561180e+03  0.000000e+00
  4.443030e+03  0.000000e+00
  4.327940e+03  9.301500e-03
  4.215830e+03  1.860300e-02
  4.106630e+03  9.301500e-03
  4.000250e+03  0.000000e+00
  3.896630e+03  0.000000e+00
  3.795700e+03  9.301500e-03
  3.697380e+03  9.301500e-03
  3.601600e+03  0.000000e+00
  3.508310e+03  9.301500e-03
  3.417430e+03  9.301500e-03
  3.328910e+03  1.860300e-02
  3.242680e+03  1.860300e-02
  3.158680e+03  3.720550e-02
  3.076860e+03  1.860300e-02
  2.997160e+03  1.860300e-02
  2.919530e+03  1.860300e-02
  2.843900e+03  9.301500e-03
  2.770230e+03  7.441050e-02
  2.698480e+03  3.720600e-02
  2.628580e+03  4.650700e-02
  2.560490e+03  3.720600e-02
  2.494160e+03  9.301350e-02
  2.429550e+03  2.790450e-02
  2.366620e+03  3.720600e-02
  2.305320e+03  6.511050e-02
  2.245600e+03  8.371250e-02
  2.187430e+03  1.395205e-01
  2.130770e+03  6.511000e-02
  2.075580e+03  1.488230e-01
  2.021810e+03  6.511000e-02
  1.969440e+03  1.860275e-01
  1.918430e+03  1.488220e-01
  1.868730e+03  1.488215e-01
  1.820330e+03  1.395210e-01
  1.773170e+03  2.325345e-01
  1.727240e+03  3.162450e-01
  1.682500e+03  2.790410e-01
  1.638920e+03  2.604375e-01
  1.596470e+03  2.604380e-01
  1.555110e+03  3.162455e-01
  1.514830e+03  4.371620e-01
  1.475590e+03  4.185625e-01
  1.437370e+03  4.278620e-01
  1.400140e+03  4.929730e-01
  1.363870e+03  6.138885e-01
  1.328540e+03  5.115750e-01
  1.294120e+03  7.441085e-01
  1.260600e+03  6.603990e-01
  1.227950e+03  7.813165e-01
  1.196140e+03  9.859480e-01
  1.165160e+03  9.673475e-01
  1.134980e+03  1.041751e+00
  1.105580e+03  1.432410e+00
  1.076940e+03  1.292880e+00
  1.049040e+03  1.785855e+00
  1.021870e+03  1.571925e+00
  9.953980e+02  1.897470e+00
  9.696140e+02  2.278815e+00
  9.444970e+02  2.260215e+00
  9.200320e+02  2.427635e+00
  8.962000e+02  3.097340e+00
  8.729850e+02  3.515905e+00
  8.503720e+02  3.925155e+00
  8.283450e+02  4.511145e+00
  8.068880e+02  5.190145e+00
  7.859870e+02  5.180825e+00
  7.656270e+02  6.306290e+00
  7.457950e+02  6.603955e+00
  7.264760e+02  7.636385e+00
  7.076580e+02  8.919985e+00
  6.893270e+02  9.654751e+00
  6.714710e+02  1.072440e+01
  6.540780e+02  1.271500e+01
  6.371350e+02  1.449145e+01
  6.206310e+02  1.559825e+01
  6.045550e+02  1.829575e+01
  5.888950e+02  1.958870e+01
  5.736410e+02  2.262075e+01
  5.587810e+02  2.601585e+01
  5.443070e+02  2.828525e+01
  5.302080e+02  3.230345e+01
  5.164740e+02  3.653550e+01
  5.030950e+02  3.926090e+01
  4.900630e+02  4.512985e+01
  4.773690e+02  5.003175e+01
  4.650040e+02  5.696115e+01
  4.529580e+02  6.405810e+01
  4.412250e+02  7.158290e+01
  4.297960e+02  7.921935e+01
  4.186630e+02  8.971120e+01
  4.078180e+02  9.948640e+01
  3.972540e+02  1.107695e+02
  3.869640e+02  1.251310e+02
  3.769400e+02  1.393055e+02
  3.671770e+02  1.556480e+02
  3.576650e+02  1.757945e+02
  3.484010e+02  1.962765e+02
  3.393760e+02  2.179960e+02
  3.305850e+02  2.437955e+02
  3.220220e+02  2.722405e+02
  3.136800e+02  3.008970e+02
  3.055550e+02  3.334895e+02
  2.976400e+02  3.712340e+02
  2.899300e+02  4.128285e+02
  2.824200e+02  4.577925e+02
  2.751040e+02  5.087350e+02
  2.679780e+02  5.602264e+02
  2.610370e+02  6.222580e+02
  2.542750e+02  6.915615e+02
  2.476890e+02  7.674430e+02
  2.412730e+02  8.543915e+02
  2.350230e+02  9.475810e+02
  2.289350e+02  1.051470e+03
  2.230050e+02  1.158285e+03
  2.172280e+02  1.270880e+03
  2.116010e+02  1.412470e+03
  2.061200e+02  1.549010e+03
  2.007810e+02  1.703790e+03
  1.955800e+02  1.875010e+03
  1.905140e+02  2.074310e+03
  1.855790e+02  2.291980e+03
  1.807720e+02  2.519230e+03
  1.760890e+02  2.762995e+03
  1.715280e+02  3.011935e+03
  1.670850e+02  3.274365e+03
  1.627570e+02  3.562965e+03
  1.585410e+02  3.854365e+03
  1.544340e+02  4.165585e+03
  1.504340e+02  4.481375e+03
  1.465370e+02  4.805935e+03
  1.427410e+02  5.173275e+03
  1.390440e+02  5.549860e+03
  1.354420e+02  5.902645e+03
  1.319340e+02  6.290295e+03
  1.285160e+02  6.669000e+03
  1.251870e+02  7.068805e+03
  1.219440e+02  7.469435e+03
  1.187850e+02  7.889770e+03
  1.157090e+02  8.291609e+03
  1.127110e+02  8.718665e+03
  1.097920e+02  9.147820e+03
  1.069480e+02  9.573000e+03
  1.041770e+02  1.000659e+04
  1.014790e+02  1.039275e+04
  9.885030e+01  1.080355e+04
  9.628970e+01  1.114455e+04
  9.379550e+01  1.151760e+04
  9.136590e+01  1.182390e+04
  8.899920e+01  1.213520e+04
  8.669380e+01  1.233485e+04
  8.444820e+01  1.255735e+04
  8.226070e+01  1.268275e+04
  8.012980e+01  1.275195e+04
  7.805420e+01  1.277055e+04
  7.603240e+01  1.271870e+04
  7.406290e+01  1.260280e+04
  7.214440e+01  1.241275e+04
  7.027560e+01  1.214780e+04
  6.845520e+01  1.179775e+04
  6.668200e+01  1.137850e+04
  6.495470e+01  1.088520e+04
  6.327220e+01  1.046015e+04
  6.163320e+01  9.986635e+03
  6.003670e+01  9.460370e+03
  5.848160e+01  9.026035e+03
  5.696670e+01  8.576680e+03
  5.549110e+01  8.124535e+03
  5.405370e+01  7.517120e+03
  5.265350e+01  6.908655e+03
  5.128960e+01  6.298520e+03
  4.996100e+01  5.731535e+03
  4.866690e+01  5.083255e+03
  4.740620e+01  4.503250e+03
  4.617830e+01  3.980820e+03
  4.498210e+01  3.512675e+03
  4.381690e+01  3.267375e+03
  4.268190e+01  3.042860e+03
  4.157630e+01  2.820800e+03
  4.049930e+01  2.630355e+03
  3.945030e+01  2.479785e+03
  3.842840e+01  2.387260e+03
  3.743290e+01  2.289085e+03
  3.646330e+01  2.198390e+03
  3.551880e+01  2.103620e+03
  3.459870e+01  2.016290e+03
  3.370250e+01  1.932995e+03
  3.282950e+01  1.852555e+03
  3.197910e+01  1.774295e+03
  3.115070e+01  1.711765e+03
  3.034380e+01  1.648420e+03
  2.955780e+01  1.593630e+03
  2.879220e+01  1.543805e+03
  2.804640e+01  1.498385e+03
  2.731990e+01  1.454270e+03
  2.661220e+01  1.413745e+03
  2.592290e+01  1.385415e+03
  2.525140e+01  1.349415e+03
  2.459730e+01  1.327500e+03
  2.396010e+01  1.303940e+03
  2.333950e+01  1.283955e+03
  2.273490e+01  1.274375e+03
  2.214600e+01  1.248655e+03
  2.157230e+01  1.239395e+03
  2.101350e+01  1.230165e+03
  2.046920e+01  1.224695e+03
  1.993900e+01  1.218075e+03
  1.942250e+01  1.223355e+03
  1.891940e+01  1.232820e+03
  1.842930e+01  1.257130e+03
  1.795200e+01  1.281700e+03
  1.748690e+01  1.325270e+03
  1.703400e+01  1.364240e+03
  1.659270e+01  1.423965e+03
  1.616290e+01  1.487820e+03
  1.574430e+01  1.548230e+03
  1.533640e+01  1.610435e+03
  1.493920e+01  1.677565e+03
  1.455220e+01  1.739815e+03
  1.417520e+01  1.765295e+03
  1.380800e+01  1.751865e+03
  1.345040e+01  1.741420e+03
  1.310200e+01  1.715235e+03
  1.276260e+01  1.701110e+03
  1.243200e+01  1.707850e+03
  1.211000e+01  1.717020e+03
  1.179630e+01  1.726080e+03
  1.149070e+01  1.756700e+03
  1.119310e+01  1.800495e+03
  1.090310e+01  1.851600e+03
  1.062070e+01  1.893415e+03
  1.034560e+01  1.938920e+03
  1.007760e+01  1.990825e+03
  9.816600e+00  2.040090e+03
  9.562300e+00  2.072615e+03
  9.314600e+00  2.120245e+03
  9.073300e+00  2.220310e+03
  8.838300e+00  2.294270e+03
  8.609300e+00  2.410590e+03
  8.386300e+00  2.520035e+03
  8.169100e+00  2.646640e+03
  7.957500e+00  2.830755e+03
  7.751400e+00  2.914210e+03
  7.550600e+00  3.137870e+03
  7.355000e+00  3.223500e+03
  7.164500e+00  3.246885e+03
  6.978900e+00  3.266650e+03
  6.798100e+00  3.296980e+03
  6.622000e+00  3.314745e+03
  6.450500e+00  3.374930e+03
  6.283400e+00  3.454405e+03
  6.120600e+00  3.478705e+03
  5.962100e+00  3.513210e+03
  5.807600e+00  3.582005e+03
  5.657200e+00  3.632280e+03
  5.510700e+00  3.740055e+03
  5.367900e+00  3.902025e+03
  5.228900e+00  3.901940e+03
  5.093400e+00  3.885100e+03
  4.961500e+00  3.899250e+03
  4.833000e+00  4.239485e+03
  4.707800e+00  4.730795e+03
  4.585800e+00  4.147365e+03
  4.467100e+00  4.024535e+03
  4.351300e+00  4.188350e+03
  4.238600e+00  4.377360e+03
  4.128800e+00  4.498790e+03
  4.021900e+00  7.915495e+03
  3.917700e+00  5.745855e+03
  3.816200e+00  4.205530e+03
  3.717400e+00  4.212325e+03
  3.621100e+00  4.227405e+03
  3.527300e+00  4.236600e+03
  3.435900e+00  4.254585e+03
  3.346900e+00  4.254500e+03
  3.260200e+00  4.290635e+03
  3.175800e+00  4.398715e+03
  3.093500e+00  4.298435e+03
  3.013400e+00  4.292710e+03
  2.935300e+00  4.392720e+03
  2.859300e+00  4.389380e+03
  2.785200e+00  4.460230e+03
  2.713100e+00  4.463350e+03
  2.642800e+00  4.335835e+03
  2.574300e+00  4.508315e+03
  2.507600e+00  4.269145e+03
  2.442700e+00  4.272105e+03
  2.379400e+00  4.330255e+03
  2.317800e+00  4.101680e+03
  2.257700e+00  3.933450e+03
  2.199300e+00  4.753435e+03
  2.142300e+00  3.839935e+03
  2.086800e+00  3.735140e+03
  2.032700e+00  3.790545e+03
  1.980100e+00  3.983075e+03
  1.928800e+00  3.432900e+03
  1.878800e+00  3.345035e+03
  1.830200e+00  3.587790e+03
  1.782800e+00  4.968530e+03
  1.736600e+00  3.613825e+03
  1.691600e+00  3.268530e+03
  1.647800e+00  3.162335e+03
  1.605100e+00  3.152450e+03
  1.563500e+00  2.981440e+03
  1.523000e+00  2.847285e+03
  1.483600e+00  2.821760e+03
  1.445100e+00  2.615825e+03
  1.407700e+00  2.565725e+03
  1.371200e+00  2.433720e+03
  1.335700e+00  2.448705e+03
  1.301100e+00  2.445250e+03
  1.267400e+00  2.112380e+03
  1.234600e+00  2.332535e+03
  1.202600e+00  2.553360e+03
  1.171500e+00  2.269810e+03
  1.141100e+00  2.546725e+03
  1.111600e+00  2.113605e+03
  1.082800e+00  2.091190e+03
  1.054700e+00  2.411745e+03
  1.027400e+00  2.190385e+03
  1.000800e+00  2.065480e+03
  9.749000e-01  2.046930e+03
  9.496000e-01  2.194915e+03
  9.250000e-01  2.315975e+03
  9.010000e-01  2.211495e+03
  8.777000e-01  2.339005e+03
  8.550000e-01  2.451340e+03
  8.328000e-01  2.319470e+03
  8.113000e-01  2.523830e+03
  7.902000e-01  2.527860e+03
  7.698000e-01  2.485180e+03
  7.498000e-01  2.721150e+03
  7.304000e-01  2.683935e+03
  7.115000e-01  2.656630e+03
  6.931000e-01  2.939185e+03
  6.751000e-01  4.147475e+03
  6.576000e-01  5.751955e+03
  6.406000e-01  6.281090e+03
  6.240000e-01  3.142140e+03
  6.078000e-01  3.348635e+03
  5.921000e-01  3.119375e+03
  5.767000e-01  3.075795e+03
  5.618000e-01  3.126765e+03
  5.472000e-01  3.215010e+03
  5.331000e-01  3.973380e+03
  5.193000e-01  4.050585e+03
  5.058000e-01  4.098815e+03
  4.927000e-01  4.062125e+03
  4.799000e-01  3.590480e+03
  4.675000e-01  3.462830e+03
  4.554000e-01  3.533700e+03
  4.436000e-01  3.783630e+03
  4.321000e-01  3.682900e+03
  4.209000e-01  3.676640e+03
  4.100000e-01  3.778505e+03
  3.994000e-01  6.011230e+03
  3.891000e-01  4.865920e+03
  3.790000e-01  4.846570e+03
  3.692000e-01  4.451305e+03
  3.596000e-01  4.229200e+03
  3.503000e-01  4.072145e+03
  3.412000e-01  3.878850e+03
  3.324000e-01  3.777040e+03
  3.238000e-01  3.488430e+03
  3.154000e-01  3.625015e+03
  3.072000e-01  3.561435e+03
  2.992000e-01  4.380720e+03
  2.915000e-01  4.704590e+03
  2.839000e-01  5.055070e+03
  2.766000e-01  4.159480e+03
  2.694000e-01  4.353030e+03
  2.624000e-01  3.871145e+03
  2.556000e-01  3.454550e+03
  2.490000e-01  3.188005e+03
  2.426000e-01  2.919355e+03
  2.363000e-01  2.666030e+03
  2.302000e-01  2.456565e+03
  2.242000e-01  2.264840e+03
  2.184000e-01  2.068110e+03
  2.127000e-01  1.888365e+03
  2.072000e-01  1.732615e+03
  2.019000e-01  1.571530e+03
  1.966000e-01  1.428860e+03
  1.915000e-01  1.292255e+03
  1.866000e-01  1.167635e+03
  1.817000e-01  1.070550e+03
  1.770000e-01  9.490680e+02
  1.725000e-01  8.531340e+02
  1.680000e-01  7.678980e+02
  1.636000e-01  6.856365e+02
  1.594000e-01  6.101200e+02
  1.553000e-01  5.396435e+02
  1.512000e-01  4.763960e+02
  1.473000e-01  4.234245e+02
  1.435000e-01  3.690200e+02
  1.398000e-01  3.187650e+02
  1.362000e-01  2.764455e+02
  1.326000e-01  2.422245e+02
  1.292000e-01  2.077635e+02
  1.259000e-01  1.812170e+02
  1.226000e-01  1.568190e+02
  1.194000e-01  1.388875e+02
  1.163000e-01  1.176340e+02
  1.133000e-01  1.052810e+02
  1.104000e-01  9.083659e+01
  1.075000e-01  8.168425e+01
  1.047000e-01  7.221540e+01
  1.020000e-01  6.671830e+01
  9.940000e-02  6.053295e+01
  9.680000e-02  5.679370e+01
  9.430000e-02  5.394775e+01
  9.190000e-02  5.119435e+01
  8.950000e-02  5.108295e+01
  8.720000e-02  4.789245e+01
  8.490000e-02  4.789255e+01
  8.270000e-02  4.648800e+01
  8.060000e-02  4.680430e+01
  7.850000e-02  4.490660e+01
  7.640000e-02  4.539035e+01
  7.450000e-02  4.503705e+01
  7.250000e-02  4.514865e+01
  7.070000e-02  4.442315e+01
  6.880000e-02  4.592995e+01
  6.700000e-02  4.447895e+01
  6.530000e-02  4.441380e+01
  6.360000e-02  4.393935e+01
  6.200000e-02  4.533470e+01
  6.040000e-02  4.427430e+01
  5.880000e-02  4.292555e+01
  5.730000e-02  4.350210e+01
  5.580000e-02  4.201405e+01
  5.430000e-02  4.221865e+01
  5.290000e-02  4.172580e+01
  5.160000e-02  4.140030e+01
  5.020000e-02  4.080485e+01
  4.890000e-02  3.828420e+01
  4.770000e-02  3.862830e+01
  4.640000e-02  3.782845e+01
  4.520000e-02  3.653550e+01
  4.410000e-02  3.655415e+01
  4.290000e-02  3.520550e+01
  4.180000e-02  3.458240e+01
  4.070000e-02  3.342905e+01
  3.970000e-02  3.268485e+01
  3.860000e-02  3.117790e+01
  3.760000e-02  3.031300e+01
  3.670000e-02  2.885260e+01
  3.570000e-02  2.769920e+01
  3.480000e-02  2.614590e+01
  3.390000e-02  2.567175e+01
  3.300000e-02  2.445320e+01
  3.220000e-02  2.449040e+01
  3.130000e-02  2.284390e+01
  3.050000e-02  2.139295e+01
  2.970000e-02  2.056520e+01
  2.890000e-02  1.871430e+01
  2.820000e-02  1.720730e+01
  2.750000e-02  1.640745e+01
  2.680000e-02  1.565400e+01
  2.610000e-02  1.447285e+01
  2.540000e-02  1.343120e+01
  2.470000e-02  1.220350e+01
  2.410000e-02  1.219415e+01
  2.350000e-02  1.085465e+01
  2.290000e-02  9.412910e+00
  2.230000e-02  8.678125e+00
  2.170000e-02  7.785145e+00
  2.110000e-02  7.115530e+00
  2.060000e-02  6.613235e+00
  2.000000e-02  5.859830e+00
  1.950000e-02  5.059920e+00
  1.900000e-02  4.604150e+00
  1.850000e-02  4.036775e+00
  1.800000e-02  3.869340e+00
  1.760000e-02  3.394975e+00
  1.710000e-02  2.874085e+00
  1.670000e-02  2.557845e+00
  1.630000e-02  2.223010e+00
  1.580000e-02  1.637030e+00
  1.540000e-02  1.544020e+00
  1.500000e-02  1.320795e+00
  1.460000e-02  9.859395e-01
  1.430000e-02  8.557295e-01
  1.390000e-02  7.069070e-01
  1.350000e-02  6.510975e-01
  1.320000e-02  4.557675e-01
  1.280000e-02  5.208750e-01
  1.250000e-02  2.790415e-01
  1.220000e-02  1.767260e-01
  1.190000e-02  2.139310e-01
  1.160000e-02  2.232325e-01
  1.130000e-02  1.023145e-01
  1.100000e-02  2.046300e-01
  1.070000e-02  2.139320e-01
  1.040000e-02  1.209185e-01
  1.010000e-02  3.348495e-01
