  4.934820e+03  0.000000e+00
  4.806990e+03  0.000000e+00
  4.682470e+03  0.000000e+00
  4.561180e+03  0.000000e+00
  4.443030e+03  0.000000e+00
  4.327940e+03  1.072500e+00
  4.215830e+03  0.000000e+00
  4.106630e+03  0.000000e+00
  4.000250e+03  0.000000e+00
  3.896630e+03  0.000000e+00
  3.795700e+03  0.000000e+00
  3.697380e+03  0.000000e+00
  3.601600e+03  0.000000e+00
  3.508310e+03  0.000000e+00
  3.417430e+03  0.000000e+00
  3.328910e+03  0.000000e+00
  3.242680e+03  0.000000e+00
  3.158680e+03  0.000000e+00
  3.076860e+03  0.000000e+00
  2.997160e+03  0.000000e+00
  2.919530e+03  0.000000e+00
  2.843900e+03  0.000000e+00
  2.770230e+03  0.000000e+00
  2.698480e+03  0.000000e+00
  2.628580e+03  0.000000e+00
  2.560490e+03  0.000000e+00
  2.494160e+03  0.000000e+00
  2.429550e+03  0.000000e+00
  2.366620e+03  0.000000e+00
  2.305320e+03  1.072500e+00
  2.245600e+03  0.000000e+00
  2.187430e+03  0.000000e+00
  2.130770e+03  0.000000e+00
  2.075580e+03  0.000000e+00
  2.021810e+03  0.000000e+00
  1.969440e+03  1.072500e+00
  1.918430e+03  0.000000e+00
  1.868730e+03  1.072500e+00
  1.820330e+03  0.000000e+00
  1.773170e+03  0.000000e+00
  1.727240e+03  3.217500e+00
  1.682500e+03  0.000000e+00
  1.638920e+03  0.000000e+00
  1.596470e+03  1.072500e+00
  1.555110e+03  0.000000e+00
  1.514830e+03  1.072500e+00
  1.475590e+03  1.072500e+00
  1.437370e+03  2.145000e+00
  1.400140e+03  0.000000e+00
  1.363870e+03  0.000000e+00
  1.328540e+03  0.000000e+00
  1.294120e+03  1.072500e+00
  1.260600e+03  0.000000e+00
  1.227950e+03  2.145000e+00
  1.196140e+03  1.072500e+00
  1.165160e+03  3.217500e+00
  1.134980e+03  0.000000e+00
  1.105580e+03  2.145000e+00
  1.076940e+03  0.000000e+00
  1.049040e+03  2.145000e+00
  1.021870e+03  2.145000e+00
  9.953980e+02  2.145000e+00
  9.696140e+02  1.072500e+00
  9.444970e+02  3.217500e+00
  9.200320e+02  2.145000e+00
  8.962000e+02  4.290000e+00
  8.729850e+02  4.290000e+00
  8.503720e+02  3.217450e+00
  8.283450e+02  5.362500e+00
  8.068880e+02  1.072500e+00
  7.859870e+02  6.434950e+00
  7.656270e+02  9.652451e+00
  7.457950e+02  4.290000e+00
  7.264760e+02  5.362450e+00
  7.076580e+02  1.072490e+01
  6.893270e+02  5.362450e+00
  6.714710e+02  8.579900e+00
  6.540780e+02  8.579950e+00
  6.371350e+02  1.072485e+01
  6.206310e+02  1.394230e+01
  6.045550e+02  1.501480e+01
  5.888950e+02  1.930480e+01
  5.736410e+02  2.037725e+01
  5.587810e+02  3.002950e+01
  5.443070e+02  1.930480e+01
  5.302080e+02  2.252210e+01
  5.164740e+02  2.144970e+01
  5.030950e+02  2.037735e+01
  4.900630e+02  3.324715e+01
  4.773690e+02  3.324700e+01
  4.650040e+02  3.324700e+01
  4.529580e+02  4.826180e+01
  4.412250e+02  4.397175e+01
  4.297960e+02  6.542175e+01
  4.186630e+02  7.614661e+01
  4.078180e+02  6.971175e+01
  3.972540e+02  9.008885e+01
  3.869640e+02  8.472705e+01
  3.769400e+02  1.115395e+02
  3.671770e+02  8.472670e+01
  3.576650e+02  1.061768e+02
  3.484010e+02  1.169021e+02
  3.393760e+02  1.297720e+02
  3.305850e+02  1.512215e+02
  3.220220e+02  1.801775e+02
  3.136800e+02  1.909010e+02
  3.055550e+02  2.069895e+02
  2.976400e+02  2.316555e+02
  2.899300e+02  2.488150e+02
  2.824200e+02  2.960005e+02
  2.751040e+02  3.217410e+02
  2.679780e+02  3.871625e+02
  2.610370e+02  4.053955e+02
  2.542750e+02  4.450775e+02
  2.476890e+02  5.094265e+02
  2.412730e+02  5.802095e+02
  2.350230e+02  6.520650e+02
  2.289350e+02  7.207025e+02
  2.230050e+02  7.936305e+02
  2.172280e+02  9.094550e+02
  2.116010e+02  9.630805e+02
  2.061200e+02  1.084270e+03
  2.007810e+02  1.300910e+03
  1.955800e+02  1.363130e+03
  1.905140e+02  1.518630e+03
  1.855790e+02  1.712750e+03
  1.807720e+02  1.992675e+03
  1.760890e+02  2.244685e+03
  1.715280e+02  2.371240e+03
  1.670850e+02  2.618960e+03
  1.627570e+02  3.013660e+03
  1.585410e+02  3.256040e+03
  1.544340e+02  3.644275e+03
  1.504340e+02  3.977820e+03
  1.465370e+02  4.358540e+03
  1.427410e+02  4.747840e+03
  1.390440e+02  5.271205e+03
  1.354420e+02  5.651960e+03
  1.319340e+02  6.403755e+03
  1.285160e+02  6.908875e+03
  1.251870e+02  7.603850e+03
  1.219440e+02  8.289170e+03
  1.187850e+02  8.864010e+03
  1.157090e+02  9.860385e+03
  1.127110e+02  1.084170e+04
  1.097920e+02  1.185515e+04
  1.069480e+02  1.280430e+04
  1.041770e+02  1.361190e+04
  1.014790e+02  1.504155e+04
  9.885030e+01  1.640885e+04
  9.628970e+01  1.809810e+04
  9.379550e+01  1.917160e+04
  9.136590e+01  2.077815e+04
  8.899920e+01  2.289200e+04
  8.669380e+01  2.430020e+04
  8.444820e+01  2.636150e+04
  8.226070e+01  2.855255e+04
  8.012980e+01  3.048290e+04
  7.805420e+01  3.316630e+04
  7.603240e+01  3.500975e+04
  7.406290e+01  3.793775e+04
  7.214440e+01  4.042790e+04
  7.027560e+01  4.357255e+04
  6.845520e+01  4.629335e+04
  6.668200e+01  4.888225e+04
  6.495470e+01  5.196250e+04
  6.327220e+01  5.444410e+04
  6.163320e+01  5.713190e+04
  6.003670e+01  5.926820e+04
  5.848160e+01  6.135420e+04
  5.696670e+01  6.329430e+04
  5.549110e+01  6.584365e+04
  5.405370e+01  6.827380e+04
  5.265350e+01  7.052920e+04
  5.128960e+01  7.335200e+04
  4.996100e+01  7.606209e+04
  4.866690e+01  7.873900e+04
  4.740620e+01  8.135265e+04
  4.617830e+01  8.381065e+04
  4.498210e+01  8.503005e+04
  4.381690e+01  8.664530e+04
  4.268190e+01  8.802450e+04
  4.157630e+01  8.827020e+04
  4.049930e+01  8.855645e+04
  3.945030e+01  8.916560e+04
  3.842840e+01  8.908080e+04
  3.743290e+01  8.961380e+04
  3.646330e+01  9.038495e+04
  3.551880e+01  8.977260e+04
  3.459870e+01  9.000845e+04
  3.370250e+01  9.022520e+04
  3.282950e+01  9.022840e+04
  3.197910e+01  9.163659e+04
  3.115070e+01  9.107035e+04
  3.034380e+01  9.185230e+04
  2.955780e+01  9.210845e+04
  2.879220e+01  9.286985e+04
  2.804640e+01  9.388980e+04
  2.731990e+01  9.432195e+04
  2.661220e+01  9.554355e+04
  2.592290e+01  9.566590e+04
  2.525140e+01  9.742355e+04
  2.459730e+01  9.811341e+04
  2.396010e+01  9.898620e+04
  2.333950e+01  9.995010e+04
  2.273490e+01  1.014560e+05
  2.214600e+01  1.023075e+05
  2.157230e+01  1.046070e+05
  2.101350e+01  1.054135e+05
  2.046920e+01  1.077015e+05
  1.993900e+01  1.093120e+05
  1.942250e+01  1.095985e+05
  1.891940e+01  1.102490e+05
  1.842930e+01  1.115110e+05
  1.795200e+01  1.104865e+05
  1.748690e+01  1.108245e+05
  1.703400e+01  1.095090e+05
  1.659270e+01  1.080575e+05
  1.616290e+01  1.068945e+05
  1.574430e+01  1.054635e+05
  1.533640e+01  1.039345e+05
  1.493920e+01  1.024510e+05
  1.455220e+01  1.030860e+05
  1.417520e+01  1.026955e+05
  1.380800e+01  1.038690e+05
  1.345040e+01  1.048880e+05
  1.310200e+01  1.075050e+05
  1.276260e+01  1.111055e+05
  1.243200e+01  1.139295e+05
  1.211000e+01  1.178025e+05
  1.179630e+01  1.212375e+05
  1.149070e+01  1.250820e+05
  1.119310e+01  1.291795e+05
  1.090310e+01  1.325565e+05
  1.062070e+01  1.369240e+05
  1.034560e+01  1.402730e+05
  1.007760e+01  1.437155e+05
  9.816600e+00  1.473650e+05
  9.562300e+00  1.474575e+05
  9.314600e+00  1.449955e+05
  9.073300e+00  1.381410e+05
  8.838300e+00  1.293415e+05
  8.609300e+00  1.204155e+05
  8.386300e+00  1.120210e+05
  8.169100e+00  1.036200e+05
  7.957500e+00  9.722105e+04
  7.751400e+00  9.195720e+04
  7.550600e+00  8.892434e+04
  7.355000e+00  8.728765e+04
  7.164500e+00  8.565005e+04
  6.978900e+00  8.459480e+04
  6.798100e+00  8.391790e+04
  6.622000e+00  8.303965e+04
  6.450500e+00  8.340845e+04
  6.283400e+00  8.365530e+04
  6.120600e+00  8.297625e+04
  5.962100e+00  8.194450e+04
  5.807600e+00  8.194259e+04
  5.657200e+00  8.179340e+04
  5.510700e+00  8.241650e+04
  5.367900e+00  8.356505e+04
  5.228900e+00  8.346650e+04
  5.093400e+00  8.294840e+04
  4.961500e+00  8.324445e+04
  4.833000e+00  8.693810e+04
  4.707800e+00  9.303945e+04
  4.585800e+00  8.661330e+04
  4.467100e+00  8.650370e+04
  4.351300e+00  8.812100e+04
  4.238600e+00  9.022630e+04
  4.128800e+00  9.119255e+04
  4.021900e+00  1.245185e+05
  3.917700e+00  1.025585e+05
  3.816200e+00  8.614340e+04
  3.717400e+00  8.619370e+04
  3.621100e+00  8.626460e+04
  3.527300e+00  8.755265e+04
  3.435900e+00  8.768885e+04
  3.346900e+00  8.754509e+04
  3.260200e+00  8.918600e+04
  3.175800e+00  8.915490e+04
  3.093500e+00  8.835050e+04
  3.013400e+00  8.848560e+04
  2.935300e+00  8.996030e+04
  2.859300e+00  9.147470e+04
  2.785200e+00  9.374825e+04
  2.713100e+00  9.439600e+04
  2.642800e+00  9.416435e+04
  2.574300e+00  9.675659e+04
  2.507600e+00  9.438209e+04
  2.442700e+00  9.542865e+04
  2.379400e+00  9.608525e+04
  2.317800e+00  9.392745e+04
  2.257700e+00  9.179634e+04
  2.199300e+00  9.549850e+04
  2.142300e+00  8.840850e+04
  2.086800e+00  8.661516e+04
  2.032700e+00  8.705295e+04
  1.980100e+00  9.946980e+04
  1.928800e+00  8.657985e+04
  1.878800e+00  7.865325e+04
  1.830200e+00  9.601020e+04
  1.782800e+00  1.684515e+05
  1.736600e+00  9.957116e+04
  1.691600e+00  7.737475e+04
  1.647800e+00  6.854630e+04
  1.605100e+00  6.427220e+04
  1.563500e+00  6.109560e+04
  1.523000e+00  5.753840e+04
  1.483600e+00  5.564000e+04
  1.445100e+00  5.133515e+04
  1.407700e+00  4.830865e+04
  1.371200e+00  4.438660e+04
  1.335700e+00  4.281635e+04
  1.301100e+00  3.839890e+04
  1.267400e+00  3.273955e+04
  1.234600e+00  3.362100e+04
  1.202600e+00  3.299370e+04
  1.171500e+00  3.009260e+04
  1.141100e+00  3.250025e+04
  1.111600e+00  2.359235e+04
  1.082800e+00  2.130470e+04
  1.054700e+00  2.702415e+04
  1.027400e+00  1.982025e+04
  1.000800e+00  1.528170e+04
  9.749000e-01  1.826000e+04
  9.496000e-01  1.378015e+04
  9.250000e-01  1.294055e+04
  9.010000e-01  1.170190e+04
  8.777000e-01  1.195260e+04
  8.550000e-01  1.136085e+04
  8.328000e-01  1.025815e+04
  8.113000e-01  1.091240e+04
  7.902000e-01  1.027330e+04
  7.698000e-01  9.560035e+03
  7.498000e-01  1.055740e+04
  7.304000e-01  9.274745e+03
  7.115000e-01  9.634025e+03
  6.931000e-01  2.270525e+04
  6.751000e-01  2.442090e+05
  6.576000e-01  2.110145e+05
  6.406000e-01  5.450470e+05
  6.240000e-01  1.553350e+05
  6.078000e-01  1.242675e+04
  5.921000e-01  9.148199e+03
  5.767000e-01  8.828615e+03
  5.618000e-01  8.821100e+03
  5.472000e-01  8.188360e+03
  5.331000e-01  1.012850e+04
  5.193000e-01  9.583615e+03
  5.058000e-01  1.149260e+04
  4.927000e-01  2.603330e+04
  4.799000e-01  2.969040e+04
  4.675000e-01  1.321610e+04
  4.554000e-01  8.781425e+03
  4.436000e-01  2.542090e+04
  4.321000e-01  2.532770e+04
  4.209000e-01  1.932910e+04
  4.100000e-01  1.184540e+04
  3.994000e-01  2.364810e+04
  3.891000e-01  4.027045e+04
  3.790000e-01  3.631400e+04
  3.692000e-01  6.088450e+03
  3.596000e-01  5.070650e+03
  3.503000e-01  4.937665e+03
  3.412000e-01  4.858300e+03
  3.324000e-01  5.561860e+03
  3.238000e-01  4.890480e+03
  3.154000e-01  4.353185e+03
  3.072000e-01  6.047705e+03
  2.992000e-01  8.894040e+03
  2.915000e-01  1.063250e+04
  2.839000e-01  1.126315e+04
  2.766000e-01  5.431010e+03
  2.694000e-01  1.321395e+04
  2.624000e-01  2.782535e+04
  2.556000e-01  3.081425e+04
  2.490000e-01  1.109595e+04
  2.426000e-01  6.085230e+03
  2.363000e-01  9.712330e+03
  2.302000e-01  5.778505e+03
  2.242000e-01  4.020720e+03
  2.184000e-01  4.005715e+03
  2.127000e-01  4.059340e+03
  2.072000e-01  2.544970e+03
  2.019000e-01  2.705845e+03
  1.966000e-01  4.309205e+03
  1.915000e-01  2.091330e+03
  1.866000e-01  1.431765e+03
  1.817000e-01  8.247340e+02
  1.770000e-01  5.705585e+02
  1.725000e-01  7.003260e+02
  1.680000e-01  2.189990e+03
  1.636000e-01  4.102235e+03
  1.594000e-01  5.147870e+03
  1.553000e-01  5.734530e+03
  1.512000e-01  6.211790e+03
  1.473000e-01  6.384450e+03
  1.435000e-01  1.072475e+04
  1.398000e-01  5.034190e+03
  1.362000e-01  3.413700e+03
  1.326000e-01  2.765895e+03
  1.292000e-01  2.664025e+03
  1.259000e-01  2.978250e+03
  1.226000e-01  5.633730e+03
  1.194000e-01  5.485705e+03
  1.163000e-01  4.146195e+03
  1.133000e-01  4.281335e+03
  1.104000e-01  4.171940e+03
  1.075000e-01  4.277045e+03
  1.047000e-01  4.355320e+03
  1.020000e-01  4.818625e+03
  9.940000e-02  5.199350e+03
  9.680000e-02  4.994510e+03
  9.430000e-02  5.151100e+03
  9.190000e-02  5.097470e+03
  8.950000e-02  7.068680e+03
  8.720000e-02  7.459060e+03
  8.490000e-02  7.756140e+03
  8.270000e-02  7.939535e+03
  8.060000e-02  8.222675e+03
  7.850000e-02  8.763210e+03
  7.640000e-02  9.223314e+03
  7.450000e-02  1.019915e+04
  7.250000e-02  1.105395e+04
  7.070000e-02  1.148625e+04
  6.880000e-02  1.140030e+04
  6.700000e-02  1.172005e+04
  6.530000e-02  1.167810e+04
  6.360000e-02  1.170280e+04
  6.200000e-02  1.171250e+04
  6.040000e-02  1.166750e+04
  5.880000e-02  1.151095e+04
  5.730000e-02  1.116985e+04
  5.580000e-02  1.101975e+04
  5.430000e-02  1.084695e+04
  5.290000e-02  1.071940e+04
  5.160000e-02  1.047805e+04
  5.020000e-02  9.824930e+03
  4.890000e-02  9.317665e+03
  4.770000e-02  8.949790e+03
  4.640000e-02  8.184065e+03
  4.520000e-02  7.736840e+03
  4.410000e-02  7.424745e+03
  4.290000e-02  7.012910e+03
  4.180000e-02  6.396250e+03
  4.070000e-02  5.837495e+03
  3.970000e-02  5.454615e+03
  3.860000e-02  4.936585e+03
  3.760000e-02  4.478650e+03
  3.670000e-02  4.215905e+03
  3.570000e-02  3.702195e+03
  3.480000e-02  3.374005e+03
  3.390000e-02  3.012570e+03
  3.300000e-02  2.676895e+03
  3.220000e-02  2.378730e+03
  3.130000e-02  2.016275e+03
  3.050000e-02  1.722410e+03
  2.970000e-02  1.552950e+03
  2.890000e-02  1.354540e+03
  2.820000e-02  1.060685e+03
  2.750000e-02  1.042445e+03
  2.680000e-02  8.118615e+02
  2.610000e-02  6.756565e+02
  2.540000e-02  5.834270e+02
  2.470000e-02  4.697450e+02
  2.410000e-02  3.828730e+02
  2.350000e-02  3.131605e+02
  2.290000e-02  2.531030e+02
  2.230000e-02  2.080605e+02
  2.170000e-02  1.640905e+02
  2.110000e-02  1.480040e+02
  2.060000e-02  1.008136e+02
  2.000000e-02  9.652395e+01
  1.950000e-02  8.687165e+01
  1.900000e-02  4.718940e+01
  1.850000e-02  4.933430e+01
  1.800000e-02  3.968200e+01
  1.760000e-02  4.504435e+01
  1.710000e-02  2.788460e+01
  1.670000e-02  2.359460e+01
  1.630000e-02  1.715990e+01
  1.580000e-02  1.501480e+01
  1.540000e-02  1.930475e+01
  1.500000e-02  1.715980e+01
  1.460000e-02  2.144970e+01
  1.430000e-02  1.072490e+01
  1.390000e-02  1.823235e+01
  1.350000e-02  2.144980e+01
  1.320000e-02  1.179740e+01
  1.280000e-02  2.895710e+01
  1.250000e-02  1.930480e+01
  1.220000e-02  3.753700e+01
  1.190000e-02  4.075430e+01
  1.160000e-02  6.220390e+01
  1.130000e-02  6.649430e+01
  1.100000e-02  1.683810e+02
  1.070000e-02  1.533670e+02
  1.040000e-02  1.587290e+02
  1.010000e-02  1.107875e+03
