  4.934820e+03  0.000000e+00
  4.806990e+03  0.000000e+00
  4.682470e+03  0.000000e+00
  4.561180e+03  0.000000e+00
  4.443030e+03  0.000000e+00
  4.327940e+03  0.000000e+00
  4.215830e+03  1.446950e-01
  4.106630e+03  0.000000e+00
  4.000250e+03  1.446950e-01
  3.896630e+03  0.000000e+00
  3.795700e+03  0.000000e+00
  3.697380e+03  0.000000e+00
  3.601600e+03  1.446950e-01
  3.508310e+03  0.000000e+00
  3.417430e+03  0.000000e+00
  3.328910e+03  0.000000e+00
  3.242680e+03  0.000000e+00
  3.158680e+03  0.000000e+00
  3.076860e+03  0.000000e+00
  2.997160e+03  1.446950e-01
  2.919530e+03  0.000000e+00
  2.843900e+03  0.000000e+00
  2.770230e+03  0.000000e+00
  2.698480e+03  0.000000e+00
  2.628580e+03  0.000000e+00
  2.560490e+03  1.446950e-01
  2.494160e+03  1.446950e-01
  2.429550e+03  1.446950e-01
  2.366620e+03  2.893900e-01
  2.305320e+03  0.000000e+00
  2.245600e+03  4.340850e-01
  2.187430e+03  1.446950e-01
  2.130770e+03  0.000000e+00
  2.075580e+03  0.000000e+00
  2.021810e+03  4.340850e-01
  1.969440e+03  5.787800e-01
  1.918430e+03  0.000000e+00
  1.868730e+03  4.340850e-01
  1.820330e+03  2.893900e-01
  1.773170e+03  4.340850e-01
  1.727240e+03  1.446950e-01
  1.682500e+03  5.787800e-01
  1.638920e+03  2.893950e-01
  1.596470e+03  1.446950e-01
  1.555110e+03  1.446950e-01
  1.514830e+03  7.234750e-01
  1.475590e+03  5.787800e-01
  1.437370e+03  2.893900e-01
  1.400140e+03  1.302260e+00
  1.363870e+03  7.234750e-01
  1.328540e+03  4.340850e-01
  1.294120e+03  4.340850e-01
  1.260600e+03  1.302265e+00
  1.227950e+03  1.591655e+00
  1.196140e+03  1.012870e+00
  1.165160e+03  1.446955e+00
  1.134980e+03  1.591650e+00
  1.105580e+03  1.591655e+00
  1.076940e+03  1.591655e+00
  1.049040e+03  1.591660e+00
  1.021870e+03  2.025740e+00
  9.953980e+02  2.459835e+00
  9.696140e+02  2.749250e+00
  9.444970e+02  3.038620e+00
  9.200320e+02  3.762110e+00
  8.962000e+02  2.604535e+00
  8.729850e+02  3.183320e+00
  8.503720e+02  3.472720e+00
  8.283450e+02  5.064405e+00
  8.068880e+02  5.643200e+00
  7.859870e+02  5.064395e+00
  7.656270e+02  6.800805e+00
  7.457950e+02  5.353815e+00
  7.264760e+02  1.027355e+01
  7.076580e+02  9.839415e+00
  6.893270e+02  1.273340e+01
  6.714710e+02  1.186527e+01
  6.540780e+02  1.664020e+01
  6.371350e+02  1.446970e+01
  6.206310e+02  1.765300e+01
  6.045550e+02  2.112560e+01
  5.888950e+02  2.127035e+01
  5.736410e+02  2.329600e+01
  5.587810e+02  2.807100e+01
  5.443070e+02  3.487170e+01
  5.302080e+02  3.545055e+01
  5.164740e+02  4.080445e+01
  5.030950e+02  4.688150e+01
  4.900630e+02  5.209085e+01
  4.773690e+02  5.773380e+01
  4.650040e+02  6.250885e+01
  4.529580e+02  7.451855e+01
  4.412250e+02  8.377960e+01
  4.297960e+02  9.506660e+01
  4.186630e+02  1.007088e+02
  4.078180e+02  1.173495e+02
  3.972540e+02  1.312390e+02
  3.869640e+02  1.458530e+02
  3.769400e+02  1.607580e+02
  3.671770e+02  1.787005e+02
  3.576650e+02  2.064820e+02
  3.484010e+02  2.209525e+02
  3.393760e+02  2.607435e+02
  3.305850e+02  2.846180e+02
  3.220220e+02  3.199235e+02
  3.136800e+02  3.665155e+02
  3.055550e+02  3.938635e+02
  2.976400e+02  4.508730e+02
  2.899300e+02  4.977565e+02
  2.824200e+02  5.627240e+02
  2.751040e+02  6.210365e+02
  2.679780e+02  7.022115e+02
  2.610370e+02  7.825180e+02
  2.542750e+02  8.539976e+02
  2.476890e+02  9.625200e+02
  2.412730e+02  1.085080e+03
  2.350230e+02  1.194185e+03
  2.289350e+02  1.345965e+03
  2.230050e+02  1.498755e+03
  2.172280e+02  1.686285e+03
  2.116010e+02  1.861520e+03
  2.061200e+02  2.067835e+03
  2.007810e+02  2.319490e+03
  1.955800e+02  2.619875e+03
  1.905140e+02  2.899425e+03
  1.855790e+02  3.247575e+03
  1.807720e+02  3.637660e+03
  1.760890e+02  4.039920e+03
  1.715280e+02  4.474170e+03
  1.670850e+02  4.882640e+03
  1.627570e+02  5.464585e+03
  1.585410e+02  5.923140e+03
  1.544340e+02  6.522485e+03
  1.504340e+02  7.122240e+03
  1.465370e+02  7.839065e+03
  1.427410e+02  8.565010e+03
  1.390440e+02  9.411625e+03
  1.354420e+02  1.016595e+04
  1.319340e+02  1.100235e+04
  1.285160e+02  1.198250e+04
  1.251870e+02  1.293950e+04
  1.219440e+02  1.404110e+04
  1.187850e+02  1.515935e+04
  1.157090e+02  1.625635e+04
  1.127110e+02  1.766945e+04
  1.097920e+02  1.906505e+04
  1.069480e+02  2.053230e+04
  1.041770e+02  2.199595e+04
  1.014790e+02  2.370935e+04
  9.885030e+01  2.548140e+04
  9.628970e+01  2.730400e+04
  9.379550e+01  2.921615e+04
  9.136590e+01  3.107135e+04
  8.899920e+01  3.322560e+04
  8.669380e+01  3.530405e+04
  8.444820e+01  3.745790e+04
  8.226070e+01  4.000515e+04
  8.012980e+01  4.234265e+04
  7.805420e+01  4.492890e+04
  7.603240e+01  4.743115e+04
  7.406290e+01  4.988365e+04
  7.214440e+01  5.243700e+04
  7.027560e+01  5.481805e+04
  6.845520e+01  5.732295e+04
  6.668200e+01  5.964055e+04
  6.495470e+01  6.175475e+04
  6.327220e+01  6.353550e+04
  6.163320e+01  6.483615e+04
  6.003670e+01  6.589420e+04
  5.848160e+01  6.648809e+04
  5.696670e+01  6.686105e+04
  5.549110e+01  6.735900e+04
  5.405370e+01  6.771216e+04
  5.265350e+01  6.808095e+04
  5.128960e+01  6.853175e+04
  4.996100e+01  6.860560e+04
  4.866690e+01  6.800670e+04
  4.740620e+01  6.739065e+04
  4.617830e+01  6.601070e+04
  4.498210e+01  6.402125e+04
  4.381690e+01  6.251745e+04
  4.268190e+01  6.042710e+04
  4.157630e+01  5.846245e+04
  4.049930e+01  5.630470e+04
  3.945030e+01  5.418165e+04
  3.842840e+01  5.206130e+04
  3.743290e+01  5.019575e+04
  3.646330e+01  4.828015e+04
  3.551880e+01  4.638460e+04
  3.459870e+01  4.433245e+04
  3.370250e+01  4.242310e+04
  3.282950e+01  4.025355e+04
  3.197910e+01  3.827870e+04
  3.115070e+01  3.666490e+04
  3.034380e+01  3.458105e+04
  2.955780e+01  3.261070e+04
  2.879220e+01  3.061735e+04
  2.804640e+01  2.872680e+04
  2.731990e+01  2.689270e+04
  2.661220e+01  2.504715e+04
  2.592290e+01  2.318790e+04
  2.525140e+01  2.128735e+04
  2.459730e+01  1.955575e+04
  2.396010e+01  1.788155e+04
  2.333950e+01  1.622130e+04
  2.273490e+01  1.452610e+04
  2.214600e+01  1.288310e+04
  2.157230e+01  1.128690e+04
  2.101350e+01  9.859350e+03
  2.046920e+01  8.494105e+03
  1.993900e+01  7.414235e+03
  1.942250e+01  6.379090e+03
  1.891940e+01  5.586585e+03
  1.842930e+01  5.093310e+03
  1.795200e+01  4.704370e+03
  1.748690e+01  4.664150e+03
  1.703400e+01  4.596570e+03
  1.659270e+01  4.731710e+03
  1.616290e+01  4.935870e+03
  1.574430e+01  4.990000e+03
  1.533640e+01  5.193150e+03
  1.493920e+01  5.319175e+03
  1.455220e+01  5.021110e+03
  1.417520e+01  4.579635e+03
  1.380800e+01  3.658650e+03
  1.345040e+01  2.682810e+03
  1.310200e+01  1.823175e+03
  1.276260e+01  1.188525e+03
  1.243200e+01  7.564720e+02
  1.211000e+01  4.824180e+02
  1.179630e+01  2.940215e+02
  1.149070e+01  1.998250e+02
  1.119310e+01  1.423810e+02
  1.090310e+01  1.215450e+02
  1.062070e+01  9.535590e+01
  1.034560e+01  7.741250e+01
  1.007760e+01  6.467920e+01
  9.816600e+00  4.876275e+01
  9.562300e+00  4.080435e+01
  9.314600e+00  4.413245e+01
  9.073300e+00  5.310350e+01
  8.838300e+00  6.670490e+01
  8.609300e+00  1.021565e+02
  8.386300e+00  1.643745e+02
  8.169100e+00  2.629125e+02
  7.957500e+00  4.853115e+02
  7.751400e+00  6.553295e+02
  7.550600e+00  9.159310e+02
  7.355000e+00  9.484885e+02
  7.164500e+00  8.605085e+02
  6.978900e+00  7.587885e+02
  6.798100e+00  6.410055e+02
  6.622000e+00  5.583835e+02
  6.450500e+00  4.785110e+02
  6.283400e+00  4.083330e+02
  6.120600e+00  3.422070e+02
  5.962100e+00  2.969165e+02
  5.807600e+00  2.828820e+02
  5.657200e+00  2.639260e+02
  5.510700e+00  2.584280e+02
  5.367900e+00  2.335400e+02
  5.228900e+00  2.228325e+02
  5.093400e+00  1.956290e+02
  4.961500e+00  1.779770e+02
  4.833000e+00  1.484585e+02
  4.707800e+00  1.295020e+02
  4.585800e+00  1.208210e+02
  4.467100e+00  1.080884e+02
  4.351300e+00  1.079445e+02
  4.238600e+00  9.636850e+01
  4.128800e+00  9.492060e+01
  4.021900e+00  8.783100e+01
  3.917700e+00  8.233260e+01
  3.816200e+00  6.974350e+01
  3.717400e+00  6.699460e+01
  3.621100e+00  6.265345e+01
  3.527300e+00  5.498470e+01
  3.435900e+00  5.353770e+01
  3.346900e+00  4.123850e+01
  3.260200e+00  3.834460e+01
  3.175800e+00  2.546635e+01
  3.093500e+00  1.938940e+01
  3.013400e+00  1.302280e+01
  2.935300e+00  1.765300e+01
  2.859300e+00  1.837655e+01
  2.785200e+00  2.445355e+01
  2.713100e+00  2.937310e+01
  2.642800e+00  2.691340e+01
  2.574300e+00  2.836045e+01
  2.507600e+00  2.662395e+01
  2.442700e+00  2.459840e+01
  2.379400e+00  2.170440e+01
  2.317800e+00  2.401950e+01
  2.257700e+00  2.112560e+01
  2.199300e+00  2.300660e+01
  2.142300e+00  1.765290e+01
  2.086800e+00  1.446960e+01
  2.032700e+00  1.852120e+01
  1.980100e+00  1.852115e+01
  1.928800e+00  1.446975e+01
  1.878800e+00  1.606150e+01
  1.830200e+00  1.432500e+01
  1.782800e+00  2.734745e+01
  1.736600e+00  1.635080e+01
  1.691600e+00  1.461450e+01
  1.647800e+00  1.172054e+01
  1.605100e+00  9.984115e+00
  1.563500e+00  1.056291e+01
  1.523000e+00  8.681920e+00
  1.483600e+00  1.056296e+01
  1.445100e+00  9.984215e+00
  1.407700e+00  8.537210e+00
  1.371200e+00  6.800750e+00
  1.335700e+00  6.800810e+00
  1.301100e+00  5.498515e+00
  1.267400e+00  5.064435e+00
  1.234600e+00  5.209125e+00
  1.202600e+00  5.498510e+00
  1.171500e+00  5.498510e+00
  1.141100e+00  6.511340e+00
  1.111600e+00  4.919710e+00
  1.082800e+00  4.485610e+00
  1.054700e+00  5.209115e+00
  1.027400e+00  3.183330e+00
  1.000800e+00  3.183335e+00
  9.749000e-01  5.064395e+00
  9.496000e-01  3.038635e+00
  9.250000e-01  3.183335e+00
  9.010000e-01  2.749225e+00
  8.777000e-01  3.183320e+00
  8.550000e-01  3.472720e+00
  8.328000e-01  5.353840e+00
  8.113000e-01  4.775015e+00
  7.902000e-01  4.340895e+00
  7.698000e-01  6.222010e+00
  7.498000e-01  3.038630e+00
  7.304000e-01  5.498505e+00
  7.115000e-01  6.366675e+00
  6.931000e-01  1.041832e+01
  6.751000e-01  7.307165e+01
  6.576000e-01  6.091725e+01
  6.406000e-01  1.554035e+02
  6.240000e-01  4.832870e+01
  6.078000e-01  1.041821e+01
  5.921000e-01  8.681854e+00
  5.767000e-01  7.234900e+00
  5.618000e-01  8.392406e+00
  5.472000e-01  8.103095e+00
  5.331000e-01  9.550026e+00
  5.193000e-01  8.681960e+00
  5.058000e-01  9.550080e+00
  4.927000e-01  1.866580e+01
  4.799000e-01  1.982340e+01
  4.675000e-01  1.172060e+01
  4.554000e-01  9.694790e+00
  4.436000e-01  2.112565e+01
  4.321000e-01  1.794225e+01
  4.209000e-01  1.577190e+01
  4.100000e-01  1.012892e+01
  3.994000e-01  2.127015e+01
  3.891000e-01  3.096480e+01
  3.790000e-01  3.617400e+01
  3.692000e-01  8.826615e+00
  3.596000e-01  7.524225e+00
  3.503000e-01  8.103055e+00
  3.412000e-01  8.826615e+00
  3.324000e-01  9.260675e+00
  3.238000e-01  8.826560e+00
  3.154000e-01  7.379615e+00
  3.072000e-01  1.143115e+01
  2.992000e-01  1.432505e+01
  2.915000e-01  1.649535e+01
  2.839000e-01  1.750830e+01
  2.766000e-01  1.143106e+01
  2.694000e-01  3.299085e+01
  2.624000e-01  6.004910e+01
  2.556000e-01  7.509740e+01
  2.490000e-01  2.821565e+01
  2.426000e-01  2.633460e+01
  2.363000e-01  2.691330e+01
  2.302000e-01  1.779775e+01
  2.242000e-01  1.128645e+01
  2.184000e-01  8.392460e+00
  2.127000e-01  1.085236e+01
  2.072000e-01  7.813705e+00
  2.019000e-01  1.128640e+01
  1.966000e-01  1.331210e+01
  1.915000e-01  1.967870e+01
  1.866000e-01  2.590045e+01
  1.817000e-01  1.490385e+01
  1.770000e-01  1.345688e+01
  1.725000e-01  1.172055e+01
  1.680000e-01  1.186535e+01
  1.636000e-01  1.229926e+01
  1.594000e-01  9.405306e+00
  1.553000e-01  1.258875e+01
  1.512000e-01  1.128645e+01
  1.473000e-01  1.056294e+01
  1.435000e-01  1.924460e+01
  1.398000e-01  1.345680e+01
  1.362000e-01  1.172060e+01
  1.326000e-01  1.331220e+01
  1.292000e-01  1.504850e+01
  1.259000e-01  1.562725e+01
  1.226000e-01  1.794235e+01
  1.194000e-01  2.199380e+01
  1.163000e-01  2.300655e+01
  1.133000e-01  1.953405e+01
  1.104000e-01  2.242780e+01
  1.075000e-01  2.040215e+01
  1.047000e-01  2.358530e+01
  1.020000e-01  2.257245e+01
  9.940000e-02  2.676865e+01
  9.680000e-02  2.373015e+01
  9.430000e-02  2.720270e+01
  9.190000e-02  2.676865e+01
  8.950000e-02  2.474280e+01
  8.720000e-02  2.257255e+01
  8.490000e-02  2.416430e+01
  8.270000e-02  2.662405e+01
  8.060000e-02  2.430885e+01
  7.850000e-02  1.924450e+01
  7.640000e-02  2.300655e+01
  7.450000e-02  2.011290e+01
  7.250000e-02  1.924460e+01
  7.070000e-02  2.098085e+01
  6.880000e-02  2.040220e+01
  6.700000e-02  1.982335e+01
  6.530000e-02  1.577200e+01
  6.360000e-02  1.577205e+01
  6.200000e-02  1.403560e+01
  6.040000e-02  1.316745e+01
  5.880000e-02  1.186520e+01
  5.730000e-02  1.128640e+01
  5.580000e-02  1.070765e+01
  5.430000e-02  7.813710e+00
  5.290000e-02  6.511395e+00
  5.160000e-02  6.511405e+00
  5.020000e-02  5.787935e+00
  4.890000e-02  4.340930e+00
  4.770000e-02  4.051530e+00
  4.640000e-02  3.472735e+00
  4.520000e-02  3.472725e+00
  4.410000e-02  3.762130e+00
  4.290000e-02  2.315135e+00
  4.180000e-02  2.893930e+00
  4.070000e-02  3.472735e+00
  3.970000e-02  2.893935e+00
  3.860000e-02  2.315155e+00
  3.760000e-02  1.881050e+00
  3.670000e-02  1.736350e+00
  3.570000e-02  1.157565e+00
  3.480000e-02  1.157560e+00
  3.390000e-02  1.157565e+00
  3.300000e-02  1.446965e+00
  3.220000e-02  1.012865e+00
  3.130000e-02  7.234750e-01
  3.050000e-02  8.681750e-01
  2.970000e-02  2.893900e-01
  2.890000e-02  5.787850e-01
  2.820000e-02  5.787800e-01
  2.750000e-02  0.000000e+00
  2.680000e-02  4.340900e-01
  2.610000e-02  0.000000e+00
  2.540000e-02  2.893950e-01
  2.470000e-02  1.446950e-01
  2.410000e-02  1.446950e-01
  2.350000e-02  1.446950e-01
  2.290000e-02  1.446950e-01
  2.230000e-02  0.000000e+00
  2.170000e-02  1.446950e-01
  2.110000e-02  0.000000e+00
  2.060000e-02  1.446950e-01
  2.000000e-02  0.000000e+00
  1.950000e-02  0.000000e+00
  1.900000e-02  0.000000e+00
  1.850000e-02  0.000000e+00
  1.800000e-02  0.000000e+00
  1.760000e-02  0.000000e+00
  1.710000e-02  1.446950e-01
  1.670000e-02  0.000000e+00
  1.630000e-02  0.000000e+00
  1.580000e-02  0.000000e+00
  1.540000e-02  1.446950e-01
  1.500000e-02  0.000000e+00
  1.460000e-02  0.000000e+00
  1.430000e-02  1.446950e-01
  1.390000e-02  0.000000e+00
  1.350000e-02  0.000000e+00
  1.320000e-02  1.446950e-01
  1.280000e-02  0.000000e+00
  1.250000e-02  1.446950e-01
  1.220000e-02  0.000000e+00
  1.190000e-02  0.000000e+00
  1.160000e-02  0.000000e+00
  1.130000e-02  0.000000e+00
  1.100000e-02  1.866585e+01
  1.070000e-02  2.474300e+01
  1.040000e-02  2.344060e+01
  1.010000e-02  1.694390e+02
