  4.934820e+03  0.000000e+00
  4.806990e+03  0.000000e+00
  4.682470e+03  0.000000e+00
  4.561180e+03  0.000000e+00
  4.443030e+03  0.000000e+00
  4.327940e+03  0.000000e+00
  4.215830e+03  0.000000e+00
  4.106630e+03  0.000000e+00
  4.000250e+03  0.000000e+00
  3.896630e+03  0.000000e+00
  3.795700e+03  0.000000e+00
  3.697380e+03  0.000000e+00
  3.601600e+03  1.446950e-01
  3.508310e+03  0.000000e+00
  3.417430e+03  0.000000e+00
  3.328910e+03  0.000000e+00
  3.242680e+03  0.000000e+00
  3.158680e+03  0.000000e+00
  3.076860e+03  0.000000e+00
  2.997160e+03  2.893900e-01
  2.919530e+03  2.893900e-01
  2.843900e+03  0.000000e+00
  2.770230e+03  1.446950e-01
  2.698480e+03  1.446950e-01
  2.628580e+03  0.000000e+00
  2.560490e+03  1.446950e-01
  2.494160e+03  1.446950e-01
  2.429550e+03  0.000000e+00
  2.366620e+03  1.446950e-01
  2.305320e+03  0.000000e+00
  2.245600e+03  1.446950e-01
  2.187430e+03  0.000000e+00
  2.130770e+03  0.000000e+00
  2.075580e+03  1.446950e-01
  2.021810e+03  2.893900e-01
  1.969440e+03  1.446950e-01
  1.918430e+03  4.340850e-01
  1.868730e+03  2.893900e-01
  1.820330e+03  1.446950e-01
  1.773170e+03  1.446950e-01
  1.727240e+03  4.340850e-01
  1.682500e+03  1.012870e+00
  1.638920e+03  2.893900e-01
  1.596470e+03  2.893900e-01
  1.555110e+03  5.787800e-01
  1.514830e+03  5.787800e-01
  1.475590e+03  5.787850e-01
  1.437370e+03  5.787800e-01
  1.400140e+03  8.681750e-01
  1.363870e+03  5.787800e-01
  1.328540e+03  2.893900e-01
  1.294120e+03  2.893900e-01
  1.260600e+03  8.681800e-01
  1.227950e+03  1.157575e+00
  1.196140e+03  1.012870e+00
  1.165160e+03  1.012870e+00
  1.134980e+03  1.012870e+00
  1.105580e+03  1.446950e+00
  1.076940e+03  1.591655e+00
  1.049040e+03  1.591655e+00
  1.021870e+03  3.183325e+00
  9.953980e+02  1.881050e+00
  9.696140e+02  2.893945e+00
  9.444970e+02  2.170435e+00
  9.200320e+02  2.893925e+00
  8.962000e+02  4.774975e+00
  8.729850e+02  4.485610e+00
  8.503720e+02  2.893925e+00
  8.283450e+02  5.353810e+00
  8.068880e+02  5.932605e+00
  7.859870e+02  6.222000e+00
  7.656270e+02  6.800775e+00
  7.457950e+02  7.669010e+00
  7.264760e+02  8.392530e+00
  7.076580e+02  1.172050e+01
  6.893270e+02  1.070760e+01
  6.714710e+02  1.403575e+01
  6.540780e+02  1.475920e+01
  6.371350e+02  1.519310e+01
  6.206310e+02  1.881040e+01
  6.045550e+02  2.127035e+01
  5.888950e+02  2.358545e+01
  5.736410e+02  2.864975e+01
  5.587810e+02  3.024135e+01
  5.443070e+02  2.951790e+01
  5.302080e+02  3.487175e+01
  5.164740e+02  4.167255e+01
  5.030950e+02  4.514525e+01
  4.900630e+02  4.992030e+01
  4.773690e+02  5.816800e+01
  4.650040e+02  6.684966e+01
  4.529580e+02  7.914905e+01
  4.412250e+02  7.755730e+01
  4.297960e+02  9.217226e+01
  4.186630e+02  1.083770e+02
  4.078180e+02  1.164810e+02
  3.972540e+02  1.242940e+02
  3.869640e+02  1.422365e+02
  3.769400e+02  1.600335e+02
  3.671770e+02  1.921570e+02
  3.576650e+02  2.017065e+02
  3.484010e+02  2.326720e+02
  3.393760e+02  2.494560e+02
  3.305850e+02  2.892480e+02
  3.220220e+02  3.161610e+02
  3.136800e+02  3.416265e+02
  3.055550e+02  3.848925e+02
  2.976400e+02  4.468225e+02
  2.899300e+02  5.018080e+02
  2.824200e+02  5.661965e+02
  2.751040e+02  6.340595e+02
  2.679780e+02  7.179820e+02
  2.610370e+02  7.786115e+02
  2.542750e+02  8.952365e+02
  2.476890e+02  9.531200e+02
  2.412730e+02  1.099265e+03
  2.350230e+02  1.230200e+03
  2.289350e+02  1.338440e+03
  2.230050e+02  1.525390e+03
  2.172280e+02  1.697155e+03
  2.116010e+02  1.888850e+03
  2.061200e+02  2.088260e+03
  2.007810e+02  2.310075e+03
  1.955800e+02  2.555780e+03
  1.905140e+02  2.895235e+03
  1.855790e+02  3.259145e+03
  1.807720e+02  3.612060e+03
  1.760890e+02  4.060465e+03
  1.715280e+02  4.439270e+03
  1.670850e+02  4.947305e+03
  1.627570e+02  5.426545e+03
  1.585410e+02  5.914170e+03
  1.544340e+02  6.571820e+03
  1.504340e+02  7.091720e+03
  1.465370e+02  7.857595e+03
  1.427410e+02  8.603210e+03
  1.390440e+02  9.405120e+03
  1.354420e+02  1.017265e+04
  1.319340e+02  1.110320e+04
  1.285160e+02  1.197795e+04
  1.251870e+02  1.296990e+04
  1.219440e+02  1.406235e+04
  1.187850e+02  1.520190e+04
  1.157090e+02  1.636055e+04
  1.127110e+02  1.767955e+04
  1.097920e+02  1.905400e+04
  1.069480e+02  2.056830e+04
  1.041770e+02  2.200190e+04
  1.014790e+02  2.378175e+04
  9.885030e+01  2.548425e+04
  9.628970e+01  2.737160e+04
  9.379550e+01  2.916490e+04
  9.136590e+01  3.121890e+04
  8.899920e+01  3.318160e+04
  8.669380e+01  3.547540e+04
  8.444820e+01  3.764985e+04
  8.226070e+01  3.992875e+04
  8.012980e+01  4.248805e+04
  7.805420e+01  4.488615e+04
  7.603240e+01  4.733770e+04
  7.406290e+01  5.012970e+04
  7.214440e+01  5.253280e+04
  7.027560e+01  5.510620e+04
  6.845520e+01  5.757720e+04
  6.668200e+01  6.005265e+04
  6.495470e+01  6.212985e+04
  6.327220e+01  6.380990e+04
  6.163320e+01  6.506705e+04
  6.003670e+01  6.605345e+04
  5.848160e+01  6.679880e+04
  5.696670e+01  6.748780e+04
  5.549110e+01  6.782816e+04
  5.405370e+01  6.828680e+04
  5.265350e+01  6.879935e+04
  5.128960e+01  6.895425e+04
  4.996100e+01  6.884140e+04
  4.866690e+01  6.835895e+04
  4.740620e+01  6.779725e+04
  4.617830e+01  6.658315e+04
  4.498210e+01  6.470230e+04
  4.381690e+01  6.315080e+04
  4.268190e+01  6.119085e+04
  4.157630e+01  5.893260e+04
  4.049930e+01  5.682910e+04
  3.945030e+01  5.477085e+04
  3.842840e+01  5.277655e+04
  3.743290e+01  5.075365e+04
  3.646330e+01  4.887110e+04
  3.551880e+01  4.706150e+04
  3.459870e+01  4.507880e+04
  3.370250e+01  4.273790e+04
  3.282950e+01  4.090325e+04
  3.197910e+01  3.887270e+04
  3.115070e+01  3.707870e+04
  3.034380e+01  3.514660e+04
  2.955780e+01  3.319355e+04
  2.879220e+01  3.123220e+04
  2.804640e+01  2.939900e+04
  2.731990e+01  2.751045e+04
  2.661220e+01  2.550360e+04
  2.592290e+01  2.365700e+04
  2.525140e+01  2.178930e+04
  2.459730e+01  2.009945e+04
  2.396010e+01  1.839890e+04
  2.333950e+01  1.669375e+04
  2.273490e+01  1.502380e+04
  2.214600e+01  1.339960e+04
  2.157230e+01  1.166095e+04
  2.101350e+01  1.017060e+04
  2.046920e+01  8.900285e+03
  1.993900e+01  7.699585e+03
  1.942250e+01  6.670050e+03
  1.891940e+01  5.861645e+03
  1.842930e+01  5.386610e+03
  1.795200e+01  5.011125e+03
  1.748690e+01  4.878145e+03
  1.703400e+01  4.827370e+03
  1.659270e+01  5.006495e+03
  1.616290e+01  5.178815e+03
  1.574430e+01  5.351885e+03
  1.533640e+01  5.446220e+03
  1.493920e+01  5.559670e+03
  1.455220e+01  5.423360e+03
  1.417520e+01  4.801895e+03
  1.380800e+01  3.873225e+03
  1.345040e+01  2.869475e+03
  1.310200e+01  1.954410e+03
  1.276260e+01  1.289095e+03
  1.243200e+01  8.066815e+02
  1.211000e+01  5.378360e+02
  1.179630e+01  3.283145e+02
  1.149070e+01  2.248570e+02
  1.119310e+01  1.688610e+02
  1.090310e+01  1.393420e+02
  1.062070e+01  1.072205e+02
  1.034560e+01  9.115930e+01
  1.007760e+01  7.075650e+01
  9.816600e+00  5.947020e+01
  9.562300e+00  5.180135e+01
  9.314600e+00  4.673695e+01
  9.073300e+00  5.556350e+01
  8.838300e+00  7.017780e+01
  8.609300e+00  1.036035e+02
  8.386300e+00  1.784100e+02
  8.169100e+00  3.134125e+02
  7.957500e+00  5.359545e+02
  7.751400e+00  7.302830e+02
  7.550600e+00  1.040080e+03
  7.355000e+00  1.034875e+03
  7.164500e+00  9.586140e+02
  6.978900e+00  8.526950e+02
  6.798100e+00  7.175485e+02
  6.622000e+00  6.177085e+02
  6.450500e+00  5.109230e+02
  6.283400e+00  4.395875e+02
  6.120600e+00  3.746190e+02
  5.962100e+00  3.332360e+02
  5.807600e+00  3.040065e+02
  5.657200e+00  2.918535e+02
  5.510700e+00  2.750675e+02
  5.367900e+00  2.490220e+02
  5.228900e+00  2.274620e+02
  5.093400e+00  2.079285e+02
  4.961500e+00  1.918670e+02
  4.833000e+00  1.584425e+02
  4.707800e+00  1.501955e+02
  4.585800e+00  1.241495e+02
  4.467100e+00  1.238605e+02
  4.351300e+00  1.170600e+02
  4.238600e+00  1.028800e+02
  4.128800e+00  9.694604e+01
  4.021900e+00  1.072220e+02
  3.917700e+00  9.231620e+01
  3.816200e+00  7.958360e+01
  3.717400e+00  7.625475e+01
  3.621100e+00  6.800740e+01
  3.527300e+00  5.961485e+01
  3.435900e+00  6.323220e+01
  3.346900e+00  5.194610e+01
  3.260200e+00  4.355370e+01
  3.175800e+00  3.154360e+01
  3.093500e+00  2.387475e+01
  3.013400e+00  1.736360e+01
  2.935300e+00  2.112555e+01
  2.859300e+00  2.257245e+01
  2.785200e+00  2.836035e+01
  2.713100e+00  3.559520e+01
  2.642800e+00  3.602930e+01
  2.574300e+00  3.516120e+01
  2.507600e+00  3.139895e+01
  2.442700e+00  2.778160e+01
  2.379400e+00  2.980730e+01
  2.317800e+00  2.590060e+01
  2.257700e+00  2.401955e+01
  2.199300e+00  2.532170e+01
  2.142300e+00  2.358535e+01
  2.086800e+00  2.184915e+01
  2.032700e+00  2.546640e+01
  1.980100e+00  2.054685e+01
  1.928800e+00  1.967865e+01
  1.878800e+00  1.953390e+01
  1.830200e+00  2.040215e+01
  1.782800e+00  3.067550e+01
  1.736600e+00  2.155985e+01
  1.691600e+00  1.779775e+01
  1.647800e+00  1.446980e+01
  1.605100e+00  1.403565e+01
  1.563500e+00  1.316755e+01
  1.523000e+00  1.229925e+01
  1.483600e+00  1.128645e+01
  1.445100e+00  1.128650e+01
  1.407700e+00  1.012879e+01
  1.371200e+00  8.103125e+00
  1.335700e+00  9.116050e+00
  1.301100e+00  9.405399e+00
  1.267400e+00  7.524315e+00
  1.234600e+00  7.379595e+00
  1.202600e+00  9.694759e+00
  1.171500e+00  8.103095e+00
  1.141100e+00  9.405399e+00
  1.111600e+00  4.775010e+00
  1.082800e+00  5.353835e+00
  1.054700e+00  7.668970e+00
  1.027400e+00  3.762120e+00
  1.000800e+00  5.353795e+00
  9.749000e-01  5.064435e+00
  9.496000e-01  5.932610e+00
  9.250000e-01  4.630290e+00
  9.010000e-01  6.366715e+00
  8.777000e-01  5.643210e+00
  8.550000e-01  6.511400e+00
  8.328000e-01  5.643210e+00
  8.113000e-01  6.656120e+00
  7.902000e-01  5.064410e+00
  7.698000e-01  5.643190e+00
  7.498000e-01  6.656120e+00
  7.304000e-01  6.945470e+00
  7.115000e-01  8.392426e+00
  6.931000e-01  1.302275e+01
  6.751000e-01  9.477631e+01
  6.576000e-01  7.046730e+01
  6.406000e-01  2.004045e+02
  6.240000e-01  5.860205e+01
  6.078000e-01  1.128650e+01
  5.921000e-01  1.027358e+01
  5.767000e-01  9.115980e+00
  5.618000e-01  8.537150e+00
  5.472000e-01  1.229935e+01
  5.331000e-01  1.186510e+01
  5.193000e-01  1.157570e+01
  5.058000e-01  1.085230e+01
  4.927000e-01  2.011285e+01
  4.799000e-01  2.344075e+01
  4.675000e-01  1.360165e+01
  4.554000e-01  1.389095e+01
  4.436000e-01  2.315130e+01
  4.321000e-01  2.546635e+01
  4.209000e-01  2.286185e+01
  4.100000e-01  1.707415e+01
  3.994000e-01  2.792630e+01
  3.891000e-01  4.037030e+01
  3.790000e-01  4.630290e+01
  3.692000e-01  1.389100e+01
  3.596000e-01  7.958360e+00
  3.503000e-01  9.694805e+00
  3.412000e-01  6.945455e+00
  3.324000e-01  9.550095e+00
  3.238000e-01  7.524290e+00
  3.154000e-01  9.405365e+00
  3.072000e-01  1.403565e+01
  2.992000e-01  1.620595e+01
  2.915000e-01  2.112560e+01
  2.839000e-01  2.604525e+01
  2.766000e-01  1.273350e+01
  2.694000e-01  3.429290e+01
  2.624000e-01  7.553149e+01
  2.556000e-01  8.754124e+01
  2.490000e-01  3.125430e+01
  2.426000e-01  3.197775e+01
  2.363000e-01  3.226715e+01
  2.302000e-01  2.054685e+01
  2.242000e-01  1.446980e+01
  2.184000e-01  1.041826e+01
  2.127000e-01  1.085245e+01
  2.072000e-01  1.215475e+01
  2.019000e-01  1.070770e+01
  1.966000e-01  1.606130e+01
  1.915000e-01  2.893905e+01
  1.866000e-01  3.530575e+01
  1.817000e-01  2.011270e+01
  1.770000e-01  1.360155e+01
  1.725000e-01  1.606145e+01
  1.680000e-01  1.736355e+01
  1.636000e-01  1.200990e+01
  1.594000e-01  1.461445e+01
  1.553000e-01  1.504850e+01
  1.512000e-01  1.403570e+01
  1.473000e-01  1.504840e+01
  1.435000e-01  2.054685e+01
  1.398000e-01  2.112565e+01
  1.362000e-01  1.504855e+01
  1.326000e-01  1.866590e+01
  1.292000e-01  2.011260e+01
  1.259000e-01  1.996805e+01
  1.226000e-01  2.155965e+01
  1.194000e-01  2.590040e+01
  1.163000e-01  2.141490e+01
  1.133000e-01  2.430890e+01
  1.104000e-01  2.604515e+01
  1.075000e-01  2.416405e+01
  1.047000e-01  2.951795e+01
  1.020000e-01  2.893915e+01
  9.940000e-02  2.676860e+01
  9.680000e-02  3.183305e+01
  9.430000e-02  2.691340e+01
  9.190000e-02  3.385895e+01
  8.950000e-02  2.951790e+01
  8.720000e-02  2.908390e+01
  8.490000e-02  2.836035e+01
  8.270000e-02  2.908380e+01
  8.060000e-02  3.082015e+01
  7.850000e-02  2.387480e+01
  7.640000e-02  3.009675e+01
  7.450000e-02  2.170445e+01
  7.250000e-02  2.532180e+01
  7.070000e-02  2.459830e+01
  6.880000e-02  2.170435e+01
  6.700000e-02  2.112565e+01
  6.530000e-02  1.910000e+01
  6.360000e-02  1.750820e+01
  6.200000e-02  1.794235e+01
  6.040000e-02  1.938930e+01
  5.880000e-02  1.664005e+01
  5.730000e-02  1.389100e+01
  5.580000e-02  1.519330e+01
  5.430000e-02  1.056300e+01
  5.290000e-02  9.550090e+00
  5.160000e-02  9.405430e+00
  5.020000e-02  8.826555e+00
  4.890000e-02  6.221970e+00
  4.770000e-02  6.656100e+00
  4.640000e-02  6.222035e+00
  4.520000e-02  3.762100e+00
  4.410000e-02  4.630350e+00
  4.290000e-02  4.919685e+00
  4.180000e-02  5.209105e+00
  4.070000e-02  3.472725e+00
  3.970000e-02  4.485625e+00
  3.860000e-02  2.604525e+00
  3.760000e-02  2.749225e+00
  3.670000e-02  1.881045e+00
  3.570000e-02  1.736350e+00
  3.480000e-02  1.591645e+00
  3.390000e-02  8.681700e-01
  3.300000e-02  8.681750e-01
  3.220000e-02  1.157560e+00
  3.130000e-02  1.157570e+00
  3.050000e-02  7.234750e-01
  2.970000e-02  2.893900e-01
  2.890000e-02  2.893900e-01
  2.820000e-02  8.681700e-01
  2.750000e-02  4.340850e-01
  2.680000e-02  4.340850e-01
  2.610000e-02  4.340850e-01
  2.540000e-02  2.893900e-01
  2.470000e-02  0.000000e+00
  2.410000e-02  2.893900e-01
  2.350000e-02  1.446950e-01
  2.290000e-02  4.340850e-01
  2.230000e-02  2.893900e-01
  2.170000e-02  1.446950e-01
  2.110000e-02  1.446950e-01
  2.060000e-02  1.446950e-01
  2.000000e-02  0.000000e+00
  1.950000e-02  1.446950e-01
  1.900000e-02  0.000000e+00
  1.850000e-02  0.000000e+00
  1.800000e-02  0.000000e+00
  1.760000e-02  1.446950e-01
  1.710000e-02  2.893900e-01
  1.670000e-02  0.000000e+00
  1.630000e-02  0.000000e+00
  1.580000e-02  0.000000e+00
  1.540000e-02  0.000000e+00
  1.500000e-02  0.000000e+00
  1.460000e-02  0.000000e+00
  1.430000e-02  0.000000e+00
  1.390000e-02  0.000000e+00
  1.350000e-02  0.000000e+00
  1.320000e-02  0.000000e+00
  1.280000e-02  1.446950e-01
  1.250000e-02  0.000000e+00
  1.220000e-02  0.000000e+00
  1.190000e-02  0.000000e+00
  1.160000e-02  0.000000e+00
  1.130000e-02  0.000000e+00
  1.100000e-02  2.112550e+01
  1.070000e-02  2.676865e+01
  1.040000e-02  2.691330e+01
  1.010000e-02  2.286215e+02
