  4.934820e+03  0.000000e+00
  4.806990e+03  0.000000e+00
  4.682470e+03  0.000000e+00
  4.561180e+03  7.558000e-02
  4.443030e+03  0.000000e+00
  4.327940e+03  0.000000e+00
  4.215830e+03  0.000000e+00
  4.106630e+03  0.000000e+00
  4.000250e+03  0.000000e+00
  3.896630e+03  0.000000e+00
  3.795700e+03  0.000000e+00
  3.697380e+03  0.000000e+00
  3.601600e+03  7.558000e-02
  3.508310e+03  0.000000e+00
  3.417430e+03  0.000000e+00
  3.328910e+03  0.000000e+00
  3.242680e+03  0.000000e+00
  3.158680e+03  0.000000e+00
  3.076860e+03  7.558000e-02
  2.997160e+03  0.000000e+00
  2.919530e+03  7.558000e-02
  2.843900e+03  0.000000e+00
  2.770230e+03  0.000000e+00
  2.698480e+03  7.558000e-02
  2.628580e+03  1.511600e-01
  2.560490e+03  1.511600e-01
  2.494160e+03  7.558000e-02
  2.429550e+03  3.023200e-01
  2.366620e+03  1.511600e-01
  2.305320e+03  2.267400e-01
  2.245600e+03  2.267400e-01
  2.187430e+03  7.558000e-02
  2.130770e+03  0.000000e+00
  2.075580e+03  7.558000e-02
  2.021810e+03  3.023200e-01
  1.969440e+03  2.267400e-01
  1.918430e+03  3.023200e-01
  1.868730e+03  7.558000e-02
  1.820330e+03  7.558000e-01
  1.773170e+03  2.267400e-01
  1.727240e+03  7.558000e-02
  1.682500e+03  6.046400e-01
  1.638920e+03  3.779000e-01
  1.596470e+03  6.046400e-01
  1.555110e+03  4.534800e-01
  1.514830e+03  5.290600e-01
  1.475590e+03  9.825400e-01
  1.437370e+03  6.802200e-01
  1.400140e+03  6.802200e-01
  1.363870e+03  7.558000e-01
  1.328540e+03  1.284860e+00
  1.294120e+03  7.558000e-01
  1.260600e+03  1.133700e+00
  1.227950e+03  1.360440e+00
  1.196140e+03  1.284860e+00
  1.165160e+03  1.511600e+00
  1.134980e+03  1.360440e+00
  1.105580e+03  2.116240e+00
  1.076940e+03  1.511600e+00
  1.049040e+03  2.645300e+00
  1.021870e+03  3.703420e+00
  9.953980e+02  3.325510e+00
  9.696140e+02  3.778990e+00
  9.444970e+02  3.703420e+00
  9.200320e+02  4.610370e+00
  8.962000e+02  5.895220e+00
  8.729850e+02  5.290590e+00
  8.503720e+02  6.499890e+00
  8.283450e+02  8.011470e+00
  8.068880e+02  7.709060e+00
  7.859870e+02  1.020324e+01
  7.656270e+02  9.523000e+00
  7.457950e+02  1.292420e+01
  7.264760e+02  1.383120e+01
  7.076580e+02  1.443580e+01
  6.893270e+02  1.723220e+01
  6.714710e+02  2.078440e+01
  6.540780e+02  2.312730e+01
  6.371350e+02  2.584835e+01
  6.206310e+02  2.834230e+01
  6.045550e+02  3.227245e+01
  5.888950e+02  3.333060e+01
  5.736410e+02  3.892345e+01
  5.587810e+02  4.066185e+01
  5.443070e+02  5.048720e+01
  5.302080e+02  5.283025e+01
  5.164740e+02  6.333585e+01
  5.030950e+02  7.210295e+01
  4.900630e+02  7.830060e+01
  4.773690e+02  8.903265e+01
  4.650040e+02  9.984145e+01
  4.529580e+02  1.211535e+02
  4.412250e+02  1.333990e+02
  4.297960e+02  1.449620e+02
  4.186630e+02  1.702805e+02
  4.078180e+02  1.884950e+02
  3.972540e+02  2.048225e+02
  3.869640e+02  2.386050e+02
  3.769400e+02  2.686105e+02
  3.671770e+02  3.076085e+02
  3.576650e+02  3.371610e+02
  3.484010e+02  3.888570e+02
  3.393760e+02  4.306520e+02
  3.305850e+02  4.778905e+02
  3.220220e+02  5.399405e+02
  3.136800e+02  6.028235e+02
  3.055550e+02  6.700150e+02
  2.976400e+02  7.377320e+02
  2.899300e+02  8.354570e+02
  2.824200e+02  9.539665e+02
  2.751040e+02  1.080560e+03
  2.679780e+02  1.195970e+03
  2.610370e+02  1.341620e+03
  2.542750e+02  1.491040e+03
  2.476890e+02  1.701755e+03
  2.412730e+02  1.867190e+03
  2.350230e+02  2.120770e+03
  2.289350e+02  2.377515e+03
  2.230050e+02  2.691925e+03
  2.172280e+02  2.966650e+03
  2.116010e+02  3.323545e+03
  2.061200e+02  3.653590e+03
  2.007810e+02  4.114495e+03
  1.955800e+02  4.576875e+03
  1.905140e+02  5.157255e+03
  1.855790e+02  5.761585e+03
  1.807720e+02  6.397905e+03
  1.760890e+02  7.137895e+03
  1.715280e+02  7.940925e+03
  1.670850e+02  8.787255e+03
  1.627570e+02  9.686210e+03
  1.585410e+02  1.071075e+04
  1.544340e+02  1.172955e+04
  1.504340e+02  1.287750e+04
  1.465370e+02  1.413025e+04
  1.427410e+02  1.551690e+04
  1.390440e+02  1.691330e+04
  1.354420e+02  1.838810e+04
  1.319340e+02  2.006360e+04
  1.285160e+02  2.170590e+04
  1.251870e+02  2.352735e+04
  1.219440e+02  2.545855e+04
  1.187850e+02  2.752755e+04
  1.157090e+02  2.970195e+04
  1.127110e+02  3.190790e+04
  1.097920e+02  3.442890e+04
  1.069480e+02  3.692980e+04
  1.041770e+02  3.970580e+04
  1.014790e+02  4.246405e+04
  9.885030e+01  4.538700e+04
  9.628970e+01  4.842985e+04
  9.379550e+01  5.150690e+04
  9.136590e+01  5.469505e+04
  8.899920e+01  5.793600e+04
  8.669380e+01  6.096570e+04
  8.444820e+01  6.434400e+04
  8.226070e+01  6.755666e+04
  8.012980e+01  7.052125e+04
  7.805420e+01  7.344485e+04
  7.603240e+01  7.630760e+04
  7.406290e+01  7.904820e+04
  7.214440e+01  8.134150e+04
  7.027560e+01  8.339830e+04
  6.845520e+01  8.505145e+04
  6.668200e+01  8.615816e+04
  6.495470e+01  8.665870e+04
  6.327220e+01  8.725955e+04
  6.163320e+01  8.722910e+04
  6.003670e+01  8.689916e+04
  5.848160e+01  8.606025e+04
  5.696670e+01  8.530985e+04
  5.549110e+01  8.412735e+04
  5.405370e+01  8.228216e+04
  5.265350e+01  7.960675e+04
  5.128960e+01  7.690200e+04
  4.996100e+01  7.357295e+04
  4.866690e+01  6.959330e+04
  4.740620e+01  6.536905e+04
  4.617830e+01  6.112685e+04
  4.498210e+01  5.671570e+04
  4.381690e+01  5.385075e+04
  4.268190e+01  5.109430e+04
  4.157630e+01  4.805000e+04
  4.049930e+01  4.515565e+04
  3.945030e+01  4.257285e+04
  3.842840e+01  4.037950e+04
  3.743290e+01  3.804525e+04
  3.646330e+01  3.592000e+04
  3.551880e+01  3.379100e+04
  3.459870e+01  3.155200e+04
  3.370250e+01  2.921510e+04
  3.282950e+01  2.700060e+04
  3.197910e+01  2.490405e+04
  3.115070e+01  2.285660e+04
  3.034380e+01  2.091125e+04
  2.955780e+01  1.901465e+04
  2.879220e+01  1.721425e+04
  2.804640e+01  1.558375e+04
  2.731990e+01  1.392775e+04
  2.661220e+01  1.248215e+04
  2.592290e+01  1.107680e+04
  2.525140e+01  9.758450e+03
  2.459730e+01  8.597939e+03
  2.396010e+01  7.631960e+03
  2.333950e+01  6.609440e+03
  2.273490e+01  5.712310e+03
  2.214600e+01  4.922355e+03
  2.157230e+01  4.150450e+03
  2.101350e+01  3.556930e+03
  2.046920e+01  2.989785e+03
  1.993900e+01  2.538275e+03
  1.942250e+01  2.165355e+03
  1.891940e+01  1.852920e+03
  1.842930e+01  1.647865e+03
  1.795200e+01  1.458910e+03
  1.748690e+01  1.359300e+03
  1.703400e+01  1.263160e+03
  1.659270e+01  1.220160e+03
  1.616290e+01  1.181600e+03
  1.574430e+01  1.172470e+03
  1.533640e+01  1.135580e+03
  1.493920e+01  1.096965e+03
  1.455220e+01  1.015110e+03
  1.417520e+01  8.637995e+02
  1.380800e+01  6.754550e+02
  1.345040e+01  4.671580e+02
  1.310200e+01  3.181900e+02
  1.276260e+01  2.200125e+02
  1.243200e+01  1.401250e+02
  1.211000e+01  9.976490e+01
  1.179630e+01  6.998680e+01
  1.149070e+01  5.131850e+01
  1.119310e+01  3.665605e+01
  1.090310e+01  2.773770e+01
  1.062070e+01  2.297610e+01
  1.034560e+01  2.138910e+01
  1.007760e+01  1.647640e+01
  9.816600e+00  1.247060e+01
  9.562300e+00  9.296289e+00
  9.314600e+00  9.145130e+00
  9.073300e+00  9.447530e+00
  8.838300e+00  8.918369e+00
  8.609300e+00  1.126145e+01
  8.386300e+00  1.541825e+01
  8.169100e+00  2.274940e+01
  7.957500e+00  3.083645e+01
  7.751400e+00  4.353385e+01
  7.550600e+00  6.499855e+01
  7.355000e+00  6.779491e+01
  7.164500e+00  6.144620e+01
  6.978900e+00  5.615575e+01
  6.798100e+00  5.388830e+01
  6.622000e+00  4.678385e+01
  6.450500e+00  4.398740e+01
  6.283400e+00  4.035955e+01
  6.120600e+00  3.907465e+01
  5.962100e+00  4.096420e+01
  5.807600e+00  4.141770e+01
  5.657200e+00  4.081300e+01
  5.510700e+00  4.580135e+01
  5.367900e+00  4.489435e+01
  5.228900e+00  4.345840e+01
  5.093400e+00  4.753965e+01
  4.961500e+00  4.512110e+01
  4.833000e+00  4.436525e+01
  4.707800e+00  4.776645e+01
  4.585800e+00  4.187110e+01
  4.467100e+00  4.519665e+01
  4.351300e+00  4.648145e+01
  4.238600e+00  4.625475e+01
  4.128800e+00  4.572560e+01
  4.021900e+00  4.912680e+01
  3.917700e+00  4.549890e+01
  3.816200e+00  4.466755e+01
  3.717400e+00  4.534775e+01
  3.621100e+00  5.026040e+01
  3.527300e+00  4.663265e+01
  3.435900e+00  4.663260e+01
  3.346900e+00  4.481870e+01
  3.260200e+00  4.330715e+01
  3.175800e+00  3.741190e+01
  3.093500e+00  2.940040e+01
  3.013400e+00  2.229595e+01
  2.935300e+00  2.751085e+01
  2.859300e+00  3.272600e+01
  2.785200e+00  3.824325e+01
  2.713100e+00  4.224900e+01
  2.642800e+00  4.549890e+01
  2.574300e+00  3.847000e+01
  2.507600e+00  4.496995e+01
  2.442700e+00  4.081290e+01
  2.379400e+00  3.869680e+01
  2.317800e+00  3.688290e+01
  2.257700e+00  4.020835e+01
  2.199300e+00  3.877235e+01
  2.142300e+00  3.635380e+01
  2.086800e+00  3.733640e+01
  2.032700e+00  3.756300e+01
  1.980100e+00  3.491775e+01
  1.928800e+00  3.302835e+01
  1.878800e+00  2.932485e+01
  1.830200e+00  2.992950e+01
  1.782800e+00  4.209790e+01
  1.736600e+00  2.796440e+01
  1.691600e+00  2.486560e+01
  1.647800e+00  2.320295e+01
  1.605100e+00  2.350515e+01
  1.563500e+00  2.237155e+01
  1.523000e+00  2.017980e+01
  1.483600e+00  1.768565e+01
  1.445100e+00  1.662760e+01
  1.407700e+00  1.564500e+01
  1.371200e+00  1.677865e+01
  1.335700e+00  1.390665e+01
  1.301100e+00  1.367995e+01
  1.267400e+00  1.194160e+01
  1.234600e+00  9.976500e+00
  1.202600e+00  9.447399e+00
  1.171500e+00  1.262180e+01
  1.141100e+00  1.126135e+01
  1.111600e+00  8.616110e+00
  1.082800e+00  7.406820e+00
  1.054700e+00  9.976440e+00
  1.027400e+00  7.180080e+00
  1.000800e+00  5.366180e+00
  9.749000e-01  6.197540e+00
  9.496000e-01  7.406820e+00
  9.250000e-01  7.104470e+00
  9.010000e-01  4.685990e+00
  8.777000e-01  7.331220e+00
  8.550000e-01  6.953360e+00
  8.328000e-01  6.953320e+00
  8.113000e-01  6.499840e+00
  7.902000e-01  6.197550e+00
  7.698000e-01  7.633580e+00
  7.498000e-01  7.255640e+00
  7.304000e-01  6.953350e+00
  7.115000e-01  7.180070e+00
  6.931000e-01  1.050562e+01
  6.751000e-01  3.446430e+01
  6.576000e-01  5.577785e+01
  6.406000e-01  8.480025e+01
  6.240000e-01  1.889490e+01
  6.078000e-01  1.095905e+01
  5.921000e-01  1.020331e+01
  5.767000e-01  1.111031e+01
  5.618000e-01  1.383110e+01
  5.472000e-01  1.171485e+01
  5.331000e-01  1.413335e+01
  5.193000e-01  1.466250e+01
  5.058000e-01  1.466245e+01
  4.927000e-01  1.791235e+01
  4.799000e-01  1.745890e+01
  4.675000e-01  1.398220e+01
  4.554000e-01  1.390655e+01
  4.436000e-01  2.063325e+01
  4.321000e-01  2.070880e+01
  4.209000e-01  2.040655e+01
  4.100000e-01  1.572060e+01
  3.994000e-01  2.667960e+01
  3.891000e-01  2.773770e+01
  3.790000e-01  2.864455e+01
  3.692000e-01  1.745885e+01
  3.596000e-01  1.549385e+01
  3.503000e-01  1.866820e+01
  3.412000e-01  1.602285e+01
  3.324000e-01  1.768565e+01
  3.238000e-01  1.617410e+01
  3.154000e-01  1.677870e+01
  3.072000e-01  1.904610e+01
  2.992000e-01  2.509240e+01
  2.915000e-01  3.121435e+01
  2.839000e-01  3.605140e+01
  2.766000e-01  3.038295e+01
  2.694000e-01  4.315600e+01
  2.624000e-01  5.539975e+01
  2.556000e-01  5.812080e+01
  2.490000e-01  2.992950e+01
  2.426000e-01  3.317940e+01
  2.363000e-01  3.136555e+01
  2.302000e-01  2.615035e+01
  2.242000e-01  2.199355e+01
  2.184000e-01  1.844140e+01
  2.127000e-01  2.085995e+01
  2.072000e-01  1.965070e+01
  2.019000e-01  1.844145e+01
  1.966000e-01  2.070890e+01
  1.915000e-01  2.033105e+01
  1.866000e-01  1.957510e+01
  1.817000e-01  1.987745e+01
  1.770000e-01  2.048200e+01
  1.725000e-01  2.131340e+01
  1.680000e-01  2.048205e+01
  1.636000e-01  2.214480e+01
  1.594000e-01  1.912165e+01
  1.553000e-01  2.101110e+01
  1.512000e-01  1.919725e+01
  1.473000e-01  2.086000e+01
  1.435000e-01  2.244710e+01
  1.398000e-01  1.995290e+01
  1.362000e-01  2.305165e+01
  1.326000e-01  2.078435e+01
  1.292000e-01  1.912165e+01
  1.259000e-01  1.700535e+01
  1.226000e-01  1.904605e+01
  1.194000e-01  1.806355e+01
  1.163000e-01  1.738335e+01
  1.133000e-01  1.367985e+01
  1.104000e-01  1.662750e+01
  1.075000e-01  1.564495e+01
  1.047000e-01  1.315085e+01
  1.020000e-01  1.254635e+01
  9.940000e-02  1.277305e+01
  9.680000e-02  1.224390e+01
  9.430000e-02  9.901030e+00
  9.190000e-02  9.447451e+00
  8.950000e-02  9.674240e+00
  8.720000e-02  8.691669e+00
  8.490000e-02  7.935890e+00
  8.270000e-02  7.633560e+00
  8.060000e-02  5.517340e+00
  7.850000e-02  6.121960e+00
  7.640000e-02  5.215020e+00
  7.450000e-02  4.912720e+00
  7.250000e-02  4.383640e+00
  7.070000e-02  4.005730e+00
  6.880000e-02  3.552260e+00
  6.700000e-02  3.627830e+00
  6.530000e-02  3.098780e+00
  6.360000e-02  3.249940e+00
  6.200000e-02  2.645290e+00
  6.040000e-02  3.023200e+00
  5.880000e-02  1.813920e+00
  5.730000e-02  1.889500e+00
  5.580000e-02  1.284860e+00
  5.430000e-02  1.360440e+00
  5.290000e-02  1.360440e+00
  5.160000e-02  1.058120e+00
  5.020000e-02  6.046400e-01
  4.890000e-02  6.802200e-01
  4.770000e-02  2.267400e-01
  4.640000e-02  6.046400e-01
  4.520000e-02  6.046400e-01
  4.410000e-02  1.511600e-01
  4.290000e-02  5.290600e-01
  4.180000e-02  3.023200e-01
  4.070000e-02  7.558000e-02
  3.970000e-02  1.511600e-01
  3.860000e-02  1.511600e-01
  3.760000e-02  0.000000e+00
  3.670000e-02  7.558000e-02
  3.570000e-02  0.000000e+00
  3.480000e-02  0.000000e+00
  3.390000e-02  2.267400e-01
  3.300000e-02  7.558000e-02
  3.220000e-02  2.267400e-01
  3.130000e-02  1.511600e-01
  3.050000e-02  1.511600e-01
  2.970000e-02  1.511600e-01
  2.890000e-02  1.511600e-01
  2.820000e-02  1.511600e-01
  2.750000e-02  0.000000e+00
  2.680000e-02  7.558000e-02
  2.610000e-02  7.558000e-02
  2.540000e-02  0.000000e+00
  2.470000e-02  0.000000e+00
  2.410000e-02  0.000000e+00
  2.350000e-02  7.558000e-02
  2.290000e-02  0.000000e+00
  2.230000e-02  0.000000e+00
  2.170000e-02  7.558000e-02
  2.110000e-02  0.000000e+00
  2.060000e-02  2.267400e-01
  2.000000e-02  0.000000e+00
  1.950000e-02  7.558000e-02
  1.900000e-02  7.558000e-02
  1.850000e-02  1.511600e-01
  1.800000e-02  1.511600e-01
  1.760000e-02  7.558000e-02
  1.710000e-02  1.511600e-01
  1.670000e-02  1.511600e-01
  1.630000e-02  1.511600e-01
  1.580000e-02  7.558000e-02
  1.540000e-02  0.000000e+00
  1.500000e-02  0.000000e+00
  1.460000e-02  1.511600e-01
  1.430000e-02  0.000000e+00
  1.390000e-02  0.000000e+00
  1.350000e-02  7.558000e-02
  1.320000e-02  0.000000e+00
  1.280000e-02  0.000000e+00
  1.250000e-02  7.558000e-02
  1.220000e-02  1.511600e-01
  1.190000e-02  0.000000e+00
  1.160000e-02  0.000000e+00
  1.130000e-02  0.000000e+00
  1.100000e-02  4.723725e+01
  1.070000e-02  7.694009e+01
  1.040000e-02  6.802174e+01
  1.010000e-02  5.208940e+02
