  4.934820e+03  0.000000e+00
  4.806990e+03  0.000000e+00
  4.682470e+03  0.000000e+00
  4.561180e+03  0.000000e+00
  4.443030e+03  0.000000e+00
  4.327940e+03  0.000000e+00
  4.215830e+03  0.000000e+00
  4.106630e+03  0.000000e+00
  4.000250e+03  0.000000e+00
  3.896630e+03  0.000000e+00
  3.795700e+03  0.000000e+00
  3.697380e+03  0.000000e+00
  3.601600e+03  0.000000e+00
  3.508310e+03  0.000000e+00
  3.417430e+03  0.000000e+00
  3.328910e+03  0.000000e+00
  3.242680e+03  0.000000e+00
  3.158680e+03  0.000000e+00
  3.076860e+03  0.000000e+00
  2.997160e+03  0.000000e+00
  2.919530e+03  0.000000e+00
  2.843900e+03  0.000000e+00
  2.770230e+03  0.000000e+00
  2.698480e+03  0.000000e+00
  2.628580e+03  0.000000e+00
  2.560490e+03  0.000000e+00
  2.494160e+03  0.000000e+00
  2.429550e+03  0.000000e+00
  2.366620e+03  0.000000e+00
  2.305320e+03  0.000000e+00
  2.245600e+03  0.000000e+00
  2.187430e+03  0.000000e+00
  2.130770e+03  1.072500e+00
  2.075580e+03  0.000000e+00
  2.021810e+03  0.000000e+00
  1.969440e+03  1.072500e+00
  1.918430e+03  0.000000e+00
  1.868730e+03  0.000000e+00
  1.820330e+03  0.000000e+00
  1.773170e+03  0.000000e+00
  1.727240e+03  0.000000e+00
  1.682500e+03  0.000000e+00
  1.638920e+03  0.000000e+00
  1.596470e+03  0.000000e+00
  1.555110e+03  0.000000e+00
  1.514830e+03  0.000000e+00
  1.475590e+03  0.000000e+00
  1.437370e+03  1.072500e+00
  1.400140e+03  0.000000e+00
  1.363870e+03  0.000000e+00
  1.328540e+03  0.000000e+00
  1.294120e+03  0.000000e+00
  1.260600e+03  1.072500e+00
  1.227950e+03  0.000000e+00
  1.196140e+03  1.072500e+00
  1.165160e+03  0.000000e+00
  1.134980e+03  0.000000e+00
  1.105580e+03  1.072500e+00
  1.076940e+03  1.072500e+00
  1.049040e+03  0.000000e+00
  1.021870e+03  1.072500e+00
  9.953980e+02  3.217500e+00
  9.696140e+02  3.217500e+00
  9.444970e+02  1.072500e+00
  9.200320e+02  4.290000e+00
  8.962000e+02  2.145000e+00
  8.729850e+02  2.145000e+00
  8.503720e+02  1.072500e+00
  8.283450e+02  3.217500e+00
  8.068880e+02  3.217500e+00
  7.859870e+02  2.145000e+00
  7.656270e+02  3.217500e+00
  7.457950e+02  3.217500e+00
  7.264760e+02  3.217500e+00
  7.076580e+02  5.362450e+00
  6.893270e+02  4.289950e+00
  6.714710e+02  3.217500e+00
  6.540780e+02  6.435000e+00
  6.371350e+02  7.507450e+00
  6.206310e+02  8.579950e+00
  6.045550e+02  9.652349e+00
  5.888950e+02  1.179740e+01
  5.736410e+02  1.394230e+01
  5.587810e+02  1.286995e+01
  5.443070e+02  9.652451e+00
  5.302080e+02  1.608725e+01
  5.164740e+02  1.608735e+01
  5.030950e+02  2.359465e+01
  4.900630e+02  3.002965e+01
  4.773690e+02  2.466715e+01
  4.650040e+02  1.286990e+01
  4.529580e+02  4.397205e+01
  4.412250e+02  3.539195e+01
  4.297960e+02  3.110205e+01
  4.186630e+02  3.968180e+01
  4.078180e+02  5.147920e+01
  3.972540e+02  4.504415e+01
  3.869640e+02  8.150925e+01
  3.769400e+02  6.971165e+01
  3.671770e+02  8.258180e+01
  3.576650e+02  8.150920e+01
  3.484010e+02  1.136842e+02
  3.393760e+02  1.287000e+02
  3.305850e+02  1.480030e+02
  3.220220e+02  1.351345e+02
  3.136800e+02  1.426420e+02
  3.055550e+02  2.091340e+02
  2.976400e+02  1.791055e+02
  2.899300e+02  2.413075e+02
  2.824200e+02  2.820605e+02
  2.751040e+02  2.691895e+02
  2.679780e+02  3.013640e+02
  2.610370e+02  3.528440e+02
  2.542750e+02  4.011055e+02
  2.476890e+02  4.525850e+02
  2.412730e+02  5.094260e+02
  2.350230e+02  5.544700e+02
  2.289350e+02  6.338335e+02
  2.230050e+02  7.614570e+02
  2.172280e+02  8.440355e+02
  2.116010e+02  8.751410e+02
  2.061200e+02  9.802435e+02
  2.007810e+02  1.179720e+03
  1.955800e+02  1.274110e+03
  1.905140e+02  1.423185e+03
  1.855790e+02  1.629090e+03
  1.807720e+02  1.791045e+03
  1.760890e+02  1.944420e+03
  1.715280e+02  2.208225e+03
  1.670850e+02  2.401260e+03
  1.627570e+02  2.755175e+03
  1.585410e+02  3.005075e+03
  1.544340e+02  3.300005e+03
  1.504340e+02  3.712915e+03
  1.465370e+02  4.063630e+03
  1.427410e+02  4.317790e+03
  1.390440e+02  4.799320e+03
  1.354420e+02  5.478190e+03
  1.319340e+02  5.819260e+03
  1.285160e+02  6.461665e+03
  1.251870e+02  6.889565e+03
  1.219440e+02  7.516990e+03
  1.187850e+02  8.391050e+03
  1.157090e+02  9.038820e+03
  1.127110e+02  9.897975e+03
  1.097920e+02  1.074625e+04
  1.069480e+02  1.158590e+04
  1.041770e+02  1.236235e+04
  1.014790e+02  1.369765e+04
  9.885030e+01  1.448475e+04
  9.628970e+01  1.590055e+04
  9.379550e+01  1.720575e+04
  9.136590e+01  1.839830e+04
  8.899920e+01  1.978400e+04
  8.669380e+01  2.156215e+04
  8.444820e+01  2.306685e+04
  8.226070e+01  2.441700e+04
  8.012980e+01  2.636795e+04
  7.805420e+01  2.809885e+04
  7.603240e+01  2.979010e+04
  7.406290e+01  3.175390e+04
  7.214440e+01  3.341625e+04
  7.027560e+01  3.525325e+04
  6.845520e+01  3.716445e+04
  6.668200e+01  3.909495e+04
  6.495470e+01  4.073265e+04
  6.327220e+01  4.240255e+04
  6.163320e+01  4.350280e+04
  6.003670e+01  4.487790e+04
  5.848160e+01  4.581410e+04
  5.696670e+01  4.608430e+04
  5.549110e+01  4.733145e+04
  5.405370e+01  4.823145e+04
  5.265350e+01  4.861745e+04
  5.128960e+01  4.927170e+04
  4.996100e+01  5.000105e+04
  4.866690e+01  4.985715e+04
  4.740620e+01  4.943255e+04
  4.617830e+01  4.842335e+04
  4.498210e+01  4.778730e+04
  4.381690e+01  4.762110e+04
  4.268190e+01  4.645430e+04
  4.157630e+01  4.481760e+04
  4.049930e+01  4.373435e+04
  3.945030e+01  4.217945e+04
  3.842840e+01  4.148455e+04
  3.743290e+01  4.001285e+04
  3.646330e+01  3.899630e+04
  3.551880e+01  3.801380e+04
  3.459870e+01  3.618755e+04
  3.370250e+01  3.488230e+04
  3.282950e+01  3.344845e+04
  3.197910e+01  3.216140e+04
  3.115070e+01  3.075325e+04
  3.034380e+01  2.962605e+04
  2.955780e+01  2.798195e+04
  2.879220e+01  2.651370e+04
  2.804640e+01  2.488050e+04
  2.731990e+01  2.369850e+04
  2.661220e+01  2.227950e+04
  2.592290e+01  2.147205e+04
  2.525140e+01  1.987090e+04
  2.459730e+01  1.851630e+04
  2.396010e+01  1.760470e+04
  2.333950e+01  1.646675e+04
  2.273490e+01  1.510585e+04
  2.214600e+01  1.412985e+04
  2.157230e+01  1.325790e+04
  2.101350e+01  1.232820e+04
  2.046920e+01  1.144110e+04
  1.993900e+01  1.079245e+04
  1.942250e+01  1.031935e+04
  1.891940e+01  9.723109e+03
  1.842930e+01  9.267250e+03
  1.795200e+01  8.916555e+03
  1.748690e+01  8.796449e+03
  1.703400e+01  8.476850e+03
  1.659270e+01  8.179770e+03
  1.616290e+01  7.864465e+03
  1.574430e+01  7.777585e+03
  1.533640e+01  7.321780e+03
  1.493920e+01  7.156615e+03
  1.455220e+01  6.858465e+03
  1.417520e+01  6.374795e+03
  1.380800e+01  5.626200e+03
  1.345040e+01  5.264790e+03
  1.310200e+01  4.882970e+03
  1.276260e+01  4.596620e+03
  1.243200e+01  4.724250e+03
  1.211000e+01  4.706010e+03
  1.179630e+01  4.811105e+03
  1.149070e+01  4.916200e+03
  1.119310e+01  5.032050e+03
  1.090310e+01  5.286225e+03
  1.062070e+01  5.402050e+03
  1.034560e+01  5.583305e+03
  1.007760e+01  5.631570e+03
  9.816600e+00  5.687345e+03
  9.562300e+00  5.523250e+03
  9.314600e+00  5.077100e+03
  9.073300e+00  4.480790e+03
  8.838300e+00  3.833030e+03
  8.609300e+00  3.487695e+03
  8.386300e+00  3.076925e+03
  8.169100e+00  2.631855e+03
  7.957500e+00  2.517075e+03
  7.751400e+00  2.205005e+03
  7.550600e+00  2.139585e+03
  7.355000e+00  1.935840e+03
  7.164500e+00  1.801770e+03
  6.978900e+00  1.628020e+03
  6.798100e+00  1.533650e+03
  6.622000e+00  1.458580e+03
  6.450500e+00  1.385645e+03
  6.283400e+00  1.252670e+03
  6.120600e+00  1.187230e+03
  5.962100e+00  1.063900e+03
  5.807600e+00  1.011345e+03
  5.657200e+00  1.023144e+03
  5.510700e+00  9.008790e+02
  5.367900e+00  8.976600e+02
  5.228900e+00  8.504725e+02
  5.093400e+00  7.807620e+02
  4.961500e+00  6.906735e+02
  4.833000e+00  6.735145e+02
  4.707800e+00  5.694850e+02
  4.585800e+00  5.276600e+02
  4.467100e+00  5.029925e+02
  4.351300e+00  4.568745e+02
  4.238600e+00  4.397150e+02
  4.128800e+00  4.096855e+02
  4.021900e+00  4.450770e+02
  3.917700e+00  3.946700e+02
  3.816200e+00  3.024370e+02
  3.717400e+00  3.120900e+02
  3.621100e+00  2.820600e+02
  3.527300e+00  2.906400e+02
  3.435900e+00  2.606125e+02
  3.346900e+00  2.380885e+02
  3.260200e+00  2.252205e+02
  3.175800e+00  1.555115e+02
  3.093500e+00  1.415700e+02
  3.013400e+00  1.051046e+02
  2.935300e+00  1.136850e+02
  2.859300e+00  1.222645e+02
  2.785200e+00  1.533670e+02
  2.713100e+00  1.758880e+02
  2.642800e+00  1.876850e+02
  2.574300e+00  2.112785e+02
  2.507600e+00  2.026990e+02
  2.442700e+00  1.994825e+02
  2.379400e+00  2.026995e+02
  2.317800e+00  2.155690e+02
  2.257700e+00  1.608740e+02
  2.199300e+00  1.758890e+02
  2.142300e+00  1.951915e+02
  2.086800e+00  1.812495e+02
  2.032700e+00  1.469315e+02
  1.980100e+00  1.769600e+02
  1.928800e+00  1.512215e+02
  1.878800e+00  1.437130e+02
  1.830200e+00  1.587295e+02
  1.782800e+00  2.906405e+02
  1.736600e+00  1.662360e+02
  1.691600e+00  1.522940e+02
  1.647800e+00  9.008920e+01
  1.605100e+00  1.072499e+02
  1.563500e+00  1.222650e+02
  1.523000e+00  1.126115e+02
  1.483600e+00  9.866975e+01
  1.445100e+00  9.974174e+01
  1.407700e+00  9.974155e+01
  1.371200e+00  8.258145e+01
  1.335700e+00  8.043670e+01
  1.301100e+00  5.040685e+01
  1.267400e+00  4.397190e+01
  1.234600e+00  5.362430e+01
  1.202600e+00  7.507430e+01
  1.171500e+00  7.185655e+01
  1.141100e+00  6.434925e+01
  1.111600e+00  5.147930e+01
  1.082800e+00  4.397200e+01
  1.054700e+00  6.971145e+01
  1.027400e+00  3.324695e+01
  1.000800e+00  4.933440e+01
  9.749000e-01  4.933415e+01
  9.496000e-01  4.826160e+01
  9.250000e-01  3.860940e+01
  9.010000e-01  3.968185e+01
  8.777000e-01  6.113170e+01
  8.550000e-01  6.005925e+01
  8.328000e-01  5.362415e+01
  8.113000e-01  6.434930e+01
  7.902000e-01  6.220415e+01
  7.698000e-01  6.220420e+01
  7.498000e-01  5.791440e+01
  7.304000e-01  7.185700e+01
  7.115000e-01  5.255190e+01
  6.931000e-01  1.673090e+02
  6.751000e-01  1.562610e+03
  6.576000e-01  1.282695e+03
  6.406000e-01  3.616405e+03
  6.240000e-01  1.188310e+03
  6.078000e-01  1.115390e+02
  5.921000e-01  1.093945e+02
  5.767000e-01  1.147560e+02
  5.618000e-01  9.866930e+01
  5.472000e-01  1.244085e+02
  5.331000e-01  1.447850e+02
  5.193000e-01  1.276270e+02
  5.058000e-01  1.522935e+02
  4.927000e-01  3.281755e+02
  4.799000e-01  4.161200e+02
  4.675000e-01  2.069880e+02
  4.554000e-01  1.683800e+02
  4.436000e-01  4.751070e+02
  4.321000e-01  4.643825e+02
  4.209000e-01  3.818000e+02
  4.100000e-01  2.337995e+02
  3.994000e-01  4.279180e+02
  3.891000e-01  7.732535e+02
  3.790000e-01  7.861255e+02
  3.692000e-01  1.512215e+02
  3.596000e-01  1.201195e+02
  3.503000e-01  1.211905e+02
  3.412000e-01  1.555110e+02
  3.324000e-01  1.533670e+02
  3.238000e-01  1.469325e+02
  3.154000e-01  1.458585e+02
  3.072000e-01  1.887580e+02
  2.992000e-01  3.131610e+02
  2.915000e-01  3.710755e+02
  2.839000e-01  4.268450e+02
  2.766000e-01  2.080625e+02
  2.694000e-01  6.327610e+02
  2.624000e-01  1.433905e+03
  2.556000e-01  1.892930e+03
  2.490000e-01  6.370520e+02
  2.426000e-01  3.710750e+02
  2.363000e-01  6.209645e+02
  2.302000e-01  3.571330e+02
  2.242000e-01  2.649020e+02
  2.184000e-01  2.455960e+02
  2.127000e-01  2.509585e+02
  2.072000e-01  1.930470e+02
  2.019000e-01  2.102070e+02
  1.966000e-01  2.338000e+02
  1.915000e-01  3.120895e+02
  1.866000e-01  3.421180e+02
  1.817000e-01  1.833950e+02
  1.770000e-01  1.061772e+02
  1.725000e-01  1.040315e+02
  1.680000e-01  2.069895e+02
  1.636000e-01  2.809885e+02
  1.594000e-01  2.756245e+02
  1.553000e-01  2.670455e+02
  1.512000e-01  3.131610e+02
  1.473000e-01  3.217415e+02
  1.435000e-01  5.748480e+02
  1.398000e-01  3.914525e+02
  1.362000e-01  2.842045e+02
  1.326000e-01  3.238855e+02
  1.292000e-01  2.884945e+02
  1.259000e-01  3.313930e+02
  1.226000e-01  6.327605e+02
  1.194000e-01  6.123830e+02
  1.163000e-01  4.236275e+02
  1.133000e-01  4.708175e+02
  1.104000e-01  5.405280e+02
  1.075000e-01  5.437450e+02
  1.047000e-01  5.265855e+02
  1.020000e-01  6.359785e+02
  9.940000e-02  7.174850e+02
  9.680000e-02  7.089065e+02
  9.430000e-02  7.700365e+02
  9.190000e-02  7.593120e+02
  8.950000e-02  8.386765e+02
  8.720000e-02  8.236600e+02
  8.490000e-02  8.794320e+02
  8.270000e-02  8.922985e+02
  8.060000e-02  8.922990e+02
  7.850000e-02  9.673720e+02
  7.640000e-02  9.384170e+02
  7.450000e-02  9.105315e+02
  7.250000e-02  9.738005e+02
  7.070000e-02  9.502080e+02
  6.880000e-02  8.708505e+02
  6.700000e-02  8.869390e+02
  6.530000e-02  7.796880e+02
  6.360000e-02  7.989935e+02
  6.200000e-02  6.960370e+02
  6.040000e-02  7.260655e+02
  5.880000e-02  6.091665e+02
  5.730000e-02  5.298040e+02
  5.580000e-02  5.190785e+02
  5.430000e-02  4.697450e+02
  5.290000e-02  4.440050e+02
  5.160000e-02  3.356835e+02
  5.020000e-02  3.410455e+02
  4.890000e-02  3.228140e+02
  4.770000e-02  3.228135e+02
  4.640000e-02  2.970745e+02
  4.520000e-02  2.498860e+02
  4.410000e-02  2.488145e+02
  4.290000e-02  2.488130e+02
  4.180000e-02  2.423790e+02
  4.070000e-02  2.026990e+02
  3.970000e-02  2.080605e+02
  3.860000e-02  1.587285e+02
  3.760000e-02  1.801780e+02
  3.670000e-02  1.447860e+02
  3.570000e-02  1.093943e+02
  3.480000e-02  1.126120e+02
  3.390000e-02  1.201195e+02
  3.300000e-02  9.008930e+01
  3.220000e-02  1.040317e+02
  3.130000e-02  5.576920e+01
  3.050000e-02  6.113180e+01
  2.970000e-02  6.327670e+01
  2.890000e-02  5.362410e+01
  2.820000e-02  3.646455e+01
  2.750000e-02  3.324710e+01
  2.680000e-02  2.895705e+01
  2.610000e-02  3.539200e+01
  2.540000e-02  2.037730e+01
  2.470000e-02  9.652451e+00
  2.410000e-02  1.608730e+01
  2.350000e-02  1.394245e+01
  2.290000e-02  4.290000e+00
  2.230000e-02  7.507500e+00
  2.170000e-02  6.434900e+00
  2.110000e-02  6.434950e+00
  2.060000e-02  2.145000e+00
  2.000000e-02  2.145000e+00
  1.950000e-02  0.000000e+00
  1.900000e-02  1.072500e+00
  1.850000e-02  2.145000e+00
  1.800000e-02  0.000000e+00
  1.760000e-02  2.145000e+00
  1.710000e-02  1.072500e+00
  1.670000e-02  1.072500e+00
  1.630000e-02  1.072500e+00
  1.580000e-02  0.000000e+00
  1.540000e-02  0.000000e+00
  1.500000e-02  2.145000e+00
  1.460000e-02  1.072500e+00
  1.430000e-02  0.000000e+00
  1.390000e-02  0.000000e+00
  1.350000e-02  1.072500e+00
  1.320000e-02  0.000000e+00
  1.280000e-02  1.072500e+00
  1.250000e-02  1.072500e+00
  1.220000e-02  0.000000e+00
  1.190000e-02  1.072500e+00
  1.160000e-02  0.000000e+00
  1.130000e-02  0.000000e+00
  1.100000e-02  1.072500e+00
  1.070000e-02  0.000000e+00
  1.040000e-02  0.000000e+00
  1.010000e-02  1.072500e+00
