  4.934820e+03  0.000000e+00
  4.806990e+03  0.000000e+00
  4.682470e+03  0.000000e+00
  4.561180e+03  0.000000e+00
  4.443030e+03  0.000000e+00
  4.327940e+03  0.000000e+00
  4.215830e+03  0.000000e+00
  4.106630e+03  0.000000e+00
  4.000250e+03  0.000000e+00
  3.896630e+03  0.000000e+00
  3.795700e+03  0.000000e+00
  3.697380e+03  0.000000e+00
  3.601600e+03  0.000000e+00
  3.508310e+03  0.000000e+00
  3.417430e+03  0.000000e+00
  3.328910e+03  0.000000e+00
  3.242680e+03  0.000000e+00
  3.158680e+03  0.000000e+00
  3.076860e+03  0.000000e+00
  2.997160e+03  0.000000e+00
  2.919530e+03  0.000000e+00
  2.843900e+03  2.352550e-01
  2.770230e+03  0.000000e+00
  2.698480e+03  0.000000e+00
  2.628580e+03  0.000000e+00
  2.560490e+03  0.000000e+00
  2.494160e+03  0.000000e+00
  2.429550e+03  0.000000e+00
  2.366620e+03  7.057650e-01
  2.305320e+03  0.000000e+00
  2.245600e+03  0.000000e+00
  2.187430e+03  0.000000e+00
  2.130770e+03  0.000000e+00
  2.075580e+03  0.000000e+00
  2.021810e+03  0.000000e+00
  1.969440e+03  4.705100e-01
  1.918430e+03  4.705100e-01
  1.868730e+03  2.352550e-01
  1.820330e+03  1.411520e+00
  1.773170e+03  4.705100e-01
  1.727240e+03  2.352550e-01
  1.682500e+03  7.057650e-01
  1.638920e+03  2.352550e-01
  1.596470e+03  7.057650e-01
  1.555110e+03  3.058305e+00
  1.514830e+03  4.234525e+00
  1.475590e+03  1.411525e+00
  1.437370e+03  7.057650e-01
  1.400140e+03  1.176270e+00
  1.363870e+03  1.411530e+00
  1.328540e+03  9.410200e-01
  1.294120e+03  2.352545e+00
  1.260600e+03  1.646765e+00
  1.227950e+03  2.352535e+00
  1.196140e+03  2.823055e+00
  1.165160e+03  4.469800e+00
  1.134980e+03  2.352550e+00
  1.105580e+03  3.293545e+00
  1.076940e+03  4.940325e+00
  1.049040e+03  3.999305e+00
  1.021870e+03  3.764050e+00
  9.953980e+02  6.822315e+00
  9.696140e+02  5.646050e+00
  9.444970e+02  6.351795e+00
  9.200320e+02  6.822300e+00
  8.962000e+02  8.469040e+00
  8.729850e+02  7.998560e+00
  8.503720e+02  1.035110e+01
  8.283450e+02  1.223314e+01
  8.068880e+02  1.387979e+01
  7.859870e+02  1.482075e+01
  7.656270e+02  1.858485e+01
  7.457950e+02  2.187825e+01
  7.264760e+02  2.634820e+01
  7.076580e+02  2.423085e+01
  6.893270e+02  3.293530e+01
  6.714710e+02  3.740535e+01
  6.540780e+02  3.999330e+01
  6.371350e+02  4.822705e+01
  6.206310e+02  5.410840e+01
  6.045550e+02  6.375375e+01
  5.888950e+02  7.481045e+01
  5.736410e+02  7.410460e+01
  5.587810e+02  8.680875e+01
  5.443070e+02  9.316050e+01
  5.302080e+02  1.086875e+02
  5.164740e+02  1.209205e+02
  5.030950e+02  1.395060e+02
  4.900630e+02  1.703235e+02
  4.773690e+02  1.849080e+02
  4.650040e+02  1.950245e+02
  4.529580e+02  2.161965e+02
  4.412250e+02  2.385455e+02
  4.297960e+02  3.067685e+02
  4.186630e+02  3.300590e+02
  4.078180e+02  3.709940e+02
  3.972540e+02  4.408665e+02
  3.869640e+02  4.857985e+02
  3.769400e+02  5.349665e+02
  3.671770e+02  6.043650e+02
  3.576650e+02  7.045825e+02
  3.484010e+02  7.803365e+02
  3.393760e+02  8.685551e+02
  3.305850e+02  9.711265e+02
  3.220220e+02  1.108275e+03
  3.136800e+02  1.238610e+03
  3.055550e+02  1.342350e+03
  2.976400e+02  1.559490e+03
  2.899300e+02  1.766045e+03
  2.824200e+02  1.973540e+03
  2.751040e+02  2.199145e+03
  2.679780e+02  2.425235e+03
  2.610370e+02  2.800450e+03
  2.542750e+02  3.175685e+03
  2.476890e+02  3.515165e+03
  2.412730e+02  3.933195e+03
  2.350230e+02  4.383475e+03
  2.289350e+02  4.960545e+03
  2.230050e+02  5.531745e+03
  2.172280e+02  6.235860e+03
  2.116010e+02  6.958785e+03
  2.061200e+02  7.743125e+03
  2.007810e+02  8.714480e+03
  1.955800e+02  9.739730e+03
  1.905140e+02  1.088375e+04
  1.855790e+02  1.212745e+04
  1.807720e+02  1.351970e+04
  1.760890e+02  1.497170e+04
  1.715280e+02  1.665610e+04
  1.670850e+02  1.830975e+04
  1.627570e+02  2.038680e+04
  1.585410e+02  2.243730e+04
  1.544340e+02  2.460020e+04
  1.504340e+02  2.702680e+04
  1.465370e+02  2.958935e+04
  1.427410e+02  3.230085e+04
  1.390440e+02  3.536365e+04
  1.354420e+02  3.855570e+04
  1.319340e+02  4.199065e+04
  1.285160e+02  4.557185e+04
  1.251870e+02  4.917455e+04
  1.219440e+02  5.340365e+04
  1.187850e+02  5.776990e+04
  1.157090e+02  6.206850e+04
  1.127110e+02  6.693180e+04
  1.097920e+02  7.231935e+04
  1.069480e+02  7.750691e+04
  1.041770e+02  8.315630e+04
  1.014790e+02  8.851095e+04
  9.885030e+01  9.474860e+04
  9.628970e+01  1.006625e+05
  9.379550e+01  1.067290e+05
  9.136590e+01  1.131065e+05
  8.899920e+01  1.195590e+05
  8.669380e+01  1.257915e+05
  8.444820e+01  1.318075e+05
  8.226070e+01  1.379370e+05
  8.012980e+01  1.441065e+05
  7.805420e+01  1.495525e+05
  7.603240e+01  1.553315e+05
  7.406290e+01  1.595285e+05
  7.214440e+01  1.643105e+05
  7.027560e+01  1.682820e+05
  6.845520e+01  1.712675e+05
  6.668200e+01  1.736960e+05
  6.495470e+01  1.757825e+05
  6.327220e+01  1.779715e+05
  6.163320e+01  1.796020e+05
  6.003670e+01  1.815355e+05
  5.848160e+01  1.827085e+05
  5.696670e+01  1.833225e+05
  5.549110e+01  1.840055e+05
  5.405370e+01  1.818690e+05
  5.265350e+01  1.784785e+05
  5.128960e+01  1.747935e+05
  4.996100e+01  1.705555e+05
  4.866690e+01  1.644025e+05
  4.740620e+01  1.576730e+05
  4.617830e+01  1.509685e+05
  4.498210e+01  1.435845e+05
  4.381690e+01  1.401815e+05
  4.268190e+01  1.359840e+05
  4.157630e+01  1.311715e+05
  4.049930e+01  1.261485e+05
  3.945030e+01  1.214785e+05
  3.842840e+01  1.171015e+05
  3.743290e+01  1.127490e+05
  3.646330e+01  1.079510e+05
  3.551880e+01  1.029240e+05
  3.459870e+01  9.799384e+04
  3.370250e+01  9.178775e+04
  3.282950e+01  8.563235e+04
  3.197910e+01  7.953016e+04
  3.115070e+01  7.356305e+04
  3.034380e+01  6.783405e+04
  2.955780e+01  6.193105e+04
  2.879220e+01  5.610370e+04
  2.804640e+01  5.048160e+04
  2.731990e+01  4.517910e+04
  2.661220e+01  4.023485e+04
  2.592290e+01  3.536280e+04
  2.525140e+01  3.097695e+04
  2.459730e+01  2.681765e+04
  2.396010e+01  2.311350e+04
  2.333950e+01  1.958420e+04
  2.273490e+01  1.679830e+04
  2.214600e+01  1.390965e+04
  2.157230e+01  1.137890e+04
  2.101350e+01  9.381186e+03
  2.046920e+01  7.651365e+03
  1.993900e+01  6.180335e+03
  1.942250e+01  4.938665e+03
  1.891940e+01  3.926150e+03
  1.842930e+01  3.211675e+03
  1.795200e+01  2.689645e+03
  1.748690e+01  2.229265e+03
  1.703400e+01  1.940370e+03
  1.659270e+01  1.663250e+03
  1.616290e+01  1.443270e+03
  1.574430e+01  1.260960e+03
  1.533640e+01  1.097210e+03
  1.493920e+01  9.605385e+02
  1.455220e+01  7.871575e+02
  1.417520e+01  5.909550e+02
  1.380800e+01  4.185155e+02
  1.345040e+01  2.573655e+02
  1.310200e+01  1.625610e+02
  1.276260e+01  9.786565e+01
  1.243200e+01  6.587120e+01
  1.211000e+01  4.446300e+01
  1.179630e+01  2.705400e+01
  1.149070e+01  1.905535e+01
  1.119310e+01  1.670275e+01
  1.090310e+01  1.270360e+01
  1.062070e+01  9.174810e+00
  1.034560e+01  7.763290e+00
  1.007760e+01  4.234545e+00
  9.816600e+00  5.175550e+00
  9.562300e+00  4.469820e+00
  9.314600e+00  3.528785e+00
  9.073300e+00  2.352540e+00
  8.838300e+00  3.528820e+00
  8.609300e+00  3.528810e+00
  8.386300e+00  7.528070e+00
  8.169100e+00  7.292815e+00
  7.957500e+00  1.176250e+01
  7.751400e+00  1.599700e+01
  7.550600e+00  1.858475e+01
  7.355000e+00  1.905535e+01
  7.164500e+00  1.834955e+01
  6.978900e+00  1.693800e+01
  6.798100e+00  1.905535e+01
  6.622000e+00  1.834955e+01
  6.450500e+00  1.834955e+01
  6.283400e+00  1.623230e+01
  6.120600e+00  1.952585e+01
  5.962100e+00  1.693800e+01
  5.807600e+00  1.929055e+01
  5.657200e+00  1.623225e+01
  5.510700e+00  1.834955e+01
  5.367900e+00  1.999630e+01
  5.228900e+00  1.646750e+01
  5.093400e+00  1.740860e+01
  4.961500e+00  1.834955e+01
  4.833000e+00  1.364455e+01
  4.707800e+00  1.482075e+01
  4.585800e+00  1.411500e+01
  4.467100e+00  1.176253e+01
  4.351300e+00  1.058628e+01
  4.238600e+00  1.105683e+01
  4.128800e+00  1.199775e+01
  4.021900e+00  1.270360e+01
  3.917700e+00  1.246830e+01
  3.816200e+00  1.270360e+01
  3.717400e+00  9.174780e+00
  3.621100e+00  1.082153e+01
  3.527300e+00  9.174840e+00
  3.435900e+00  1.152728e+01
  3.346900e+00  1.035107e+01
  3.260200e+00  1.058635e+01
  3.175800e+00  7.763300e+00
  3.093500e+00  5.646090e+00
  3.013400e+00  3.293550e+00
  2.935300e+00  3.999305e+00
  2.859300e+00  4.705070e+00
  2.785200e+00  4.705070e+00
  2.713100e+00  5.881315e+00
  2.642800e+00  7.528055e+00
  2.574300e+00  6.822320e+00
  2.507600e+00  5.175560e+00
  2.442700e+00  3.999305e+00
  2.379400e+00  3.999290e+00
  2.317800e+00  2.587800e+00
  2.257700e+00  4.469780e+00
  2.199300e+00  4.705060e+00
  2.142300e+00  3.999310e+00
  2.086800e+00  3.999315e+00
  2.032700e+00  4.234560e+00
  1.980100e+00  3.293555e+00
  1.928800e+00  3.764035e+00
  1.878800e+00  1.646780e+00
  1.830200e+00  3.528800e+00
  1.782800e+00  2.587795e+00
  1.736600e+00  2.352535e+00
  1.691600e+00  1.882025e+00
  1.647800e+00  2.587795e+00
  1.605100e+00  2.117280e+00
  1.563500e+00  1.882040e+00
  1.523000e+00  1.176275e+00
  1.483600e+00  9.410200e-01
  1.445100e+00  9.410200e-01
  1.407700e+00  1.176260e+00
  1.371200e+00  1.882025e+00
  1.335700e+00  0.000000e+00
  1.301100e+00  1.411525e+00
  1.267400e+00  1.176275e+00
  1.234600e+00  1.411515e+00
  1.202600e+00  4.705100e-01
  1.171500e+00  2.352550e-01
  1.141100e+00  4.705100e-01
  1.111600e+00  4.705100e-01
  1.082800e+00  2.352550e-01
  1.054700e+00  0.000000e+00
  1.027400e+00  2.352550e-01
  1.000800e+00  7.057650e-01
  9.749000e-01  2.352550e-01
  9.496000e-01  0.000000e+00
  9.250000e-01  0.000000e+00
  9.010000e-01  2.352550e-01
  8.777000e-01  0.000000e+00
  8.550000e-01  0.000000e+00
  8.328000e-01  0.000000e+00
  8.113000e-01  0.000000e+00
  7.902000e-01  0.000000e+00
  7.698000e-01  2.352550e-01
  7.498000e-01  2.352550e-01
  7.304000e-01  2.352550e-01
  7.115000e-01  0.000000e+00
  6.931000e-01  7.057650e-01
  6.751000e-01  1.411520e+00
  6.576000e-01  3.058295e+00
  6.406000e-01  2.352545e+00
  6.240000e-01  9.410200e-01
  6.078000e-01  7.057650e-01
  5.921000e-01  2.352550e-01
  5.767000e-01  0.000000e+00
  5.618000e-01  2.352550e-01
  5.472000e-01  4.705100e-01
  5.331000e-01  0.000000e+00
  5.193000e-01  9.410200e-01
  5.058000e-01  9.410200e-01
  4.927000e-01  1.176275e+00
  4.799000e-01  0.000000e+00
  4.675000e-01  9.410150e-01
  4.554000e-01  2.352550e-01
  4.436000e-01  4.705100e-01
  4.321000e-01  2.352550e-01
  4.209000e-01  4.705100e-01
  4.100000e-01  4.705100e-01
  3.994000e-01  9.410200e-01
  3.891000e-01  9.410200e-01
  3.790000e-01  7.057650e-01
  3.692000e-01  0.000000e+00
  3.596000e-01  0.000000e+00
  3.503000e-01  0.000000e+00
  3.412000e-01  2.352550e-01
  3.324000e-01  4.705100e-01
  3.238000e-01  4.705100e-01
  3.154000e-01  2.352550e-01
  3.072000e-01  7.057600e-01
  2.992000e-01  9.410200e-01
  2.915000e-01  7.057650e-01
  2.839000e-01  1.411525e+00
  2.766000e-01  2.352550e-01
  2.694000e-01  1.176275e+00
  2.624000e-01  7.057650e-01
  2.556000e-01  7.057650e-01
  2.490000e-01  7.057650e-01
  2.426000e-01  2.352550e-01
  2.363000e-01  1.176270e+00
  2.302000e-01  0.000000e+00
  2.242000e-01  2.352550e-01
  2.184000e-01  0.000000e+00
  2.127000e-01  0.000000e+00
  2.072000e-01  2.352550e-01
  2.019000e-01  7.057650e-01
  1.966000e-01  0.000000e+00
  1.915000e-01  2.352550e-01
  1.866000e-01  2.352550e-01
  1.817000e-01  4.705100e-01
  1.770000e-01  7.057650e-01
  1.725000e-01  0.000000e+00
  1.680000e-01  7.057650e-01
  1.636000e-01  2.352550e-01
  1.594000e-01  2.352550e-01
  1.553000e-01  4.705100e-01
  1.512000e-01  0.000000e+00
  1.473000e-01  9.410200e-01
  1.435000e-01  2.352550e-01
  1.398000e-01  2.352550e-01
  1.362000e-01  4.705100e-01
  1.326000e-01  0.000000e+00
  1.292000e-01  0.000000e+00
  1.259000e-01  0.000000e+00
  1.226000e-01  2.352550e-01
  1.194000e-01  0.000000e+00
  1.163000e-01  2.352550e-01
  1.133000e-01  0.000000e+00
  1.104000e-01  0.000000e+00
  1.075000e-01  0.000000e+00
  1.047000e-01  2.352550e-01
  1.020000e-01  0.000000e+00
  9.940000e-02  0.000000e+00
  9.680000e-02  0.000000e+00
  9.430000e-02  0.000000e+00
  9.190000e-02  0.000000e+00
  8.950000e-02  0.000000e+00
  8.720000e-02  0.000000e+00
  8.490000e-02  0.000000e+00
  8.270000e-02  2.352550e-01
  8.060000e-02  2.352550e-01
  7.850000e-02  0.000000e+00
  7.640000e-02  0.000000e+00
  7.450000e-02  0.000000e+00
  7.250000e-02  2.352550e-01
  7.070000e-02  0.000000e+00
  6.880000e-02  0.000000e+00
  6.700000e-02  2.352550e-01
  6.530000e-02  0.000000e+00
  6.360000e-02  0.000000e+00
  6.200000e-02  0.000000e+00
  6.040000e-02  0.000000e+00
  5.880000e-02  0.000000e+00
  5.730000e-02  0.000000e+00
  5.580000e-02  0.000000e+00
  5.430000e-02  0.000000e+00
  5.290000e-02  0.000000e+00
  5.160000e-02  0.000000e+00
  5.020000e-02  0.000000e+00
  4.890000e-02  0.000000e+00
  4.770000e-02  0.000000e+00
  4.640000e-02  0.000000e+00
  4.520000e-02  0.000000e+00
  4.410000e-02  0.000000e+00
  4.290000e-02  0.000000e+00
  4.180000e-02  0.000000e+00
  4.070000e-02  0.000000e+00
  3.970000e-02  0.000000e+00
  3.860000e-02  0.000000e+00
  3.760000e-02  0.000000e+00
  3.670000e-02  0.000000e+00
  3.570000e-02  0.000000e+00
  3.480000e-02  0.000000e+00
  3.390000e-02  0.000000e+00
  3.300000e-02  0.000000e+00
  3.220000e-02  0.000000e+00
  3.130000e-02  0.000000e+00
  3.050000e-02  0.000000e+00
  2.970000e-02  0.000000e+00
  2.890000e-02  0.000000e+00
  2.820000e-02  0.000000e+00
  2.750000e-02  0.000000e+00
  2.680000e-02  0.000000e+00
  2.610000e-02  0.000000e+00
  2.540000e-02  0.000000e+00
  2.470000e-02  0.000000e+00
  2.410000e-02  0.000000e+00
  2.350000e-02  0.000000e+00
  2.290000e-02  0.000000e+00
  2.230000e-02  0.000000e+00
  2.170000e-02  0.000000e+00
  2.110000e-02  0.000000e+00
  2.060000e-02  0.000000e+00
  2.000000e-02  0.000000e+00
  1.950000e-02  0.000000e+00
  1.900000e-02  0.000000e+00
  1.850000e-02  0.000000e+00
  1.800000e-02  0.000000e+00
  1.760000e-02  0.000000e+00
  1.710000e-02  0.000000e+00
  1.670000e-02  0.000000e+00
  1.630000e-02  0.000000e+00
  1.580000e-02  0.000000e+00
  1.540000e-02  0.000000e+00
  1.500000e-02  0.000000e+00
  1.460000e-02  0.000000e+00
  1.430000e-02  0.000000e+00
  1.390000e-02  0.000000e+00
  1.350000e-02  0.000000e+00
  1.320000e-02  0.000000e+00
  1.280000e-02  0.000000e+00
  1.250000e-02  0.000000e+00
  1.220000e-02  0.000000e+00
  1.190000e-02  0.000000e+00
  1.160000e-02  0.000000e+00
  1.130000e-02  0.000000e+00
  1.100000e-02  2.352550e-01
  1.070000e-02  0.000000e+00
  1.040000e-02  0.000000e+00
  1.010000e-02  4.234545e+00
