  4.934820e+03  0.000000e+00
  4.806990e+03  0.000000e+00
  4.682470e+03  0.000000e+00
  4.561180e+03  0.000000e+00
  4.443030e+03  0.000000e+00
  4.327940e+03  0.000000e+00
  4.215830e+03  0.000000e+00
  4.106630e+03  0.000000e+00
  4.000250e+03  0.000000e+00
  3.896630e+03  0.000000e+00
  3.795700e+03  0.000000e+00
  3.697380e+03  0.000000e+00
  3.601600e+03  0.000000e+00
  3.508310e+03  0.000000e+00
  3.417430e+03  0.000000e+00
  3.328910e+03  0.000000e+00
  3.242680e+03  1.194850e-01
  3.158680e+03  0.000000e+00
  3.076860e+03  1.194850e-01
  2.997160e+03  0.000000e+00
  2.919530e+03  0.000000e+00
  2.843900e+03  0.000000e+00
  2.770230e+03  0.000000e+00
  2.698480e+03  0.000000e+00
  2.628580e+03  1.194850e-01
  2.560490e+03  0.000000e+00
  2.494160e+03  0.000000e+00
  2.429550e+03  1.194850e-01
  2.366620e+03  0.000000e+00
  2.305320e+03  0.000000e+00
  2.245600e+03  0.000000e+00
  2.187430e+03  1.194850e-01
  2.130770e+03  0.000000e+00
  2.075580e+03  2.389700e-01
  2.021810e+03  1.194850e-01
  1.969440e+03  0.000000e+00
  1.918430e+03  1.194850e-01
  1.868730e+03  3.584550e-01
  1.820330e+03  1.194850e-01
  1.773170e+03  2.389700e-01
  1.727240e+03  3.584550e-01
  1.682500e+03  1.194850e-01
  1.638920e+03  4.779400e-01
  1.596470e+03  4.779400e-01
  1.555110e+03  2.389700e-01
  1.514830e+03  7.169100e-01
  1.475590e+03  2.389700e-01
  1.437370e+03  4.779400e-01
  1.400140e+03  0.000000e+00
  1.363870e+03  4.779400e-01
  1.328540e+03  3.584550e-01
  1.294120e+03  2.389700e-01
  1.260600e+03  4.779400e-01
  1.227950e+03  1.075365e+00
  1.196140e+03  4.779400e-01
  1.165160e+03  9.558850e-01
  1.134980e+03  1.433825e+00
  1.105580e+03  8.363950e-01
  1.076940e+03  1.075365e+00
  1.049040e+03  1.911760e+00
  1.021870e+03  1.194850e+00
  9.953980e+02  1.672790e+00
  9.696140e+02  1.792285e+00
  9.444970e+02  1.792275e+00
  9.200320e+02  1.672800e+00
  8.962000e+02  2.628690e+00
  8.729850e+02  2.389705e+00
  8.503720e+02  2.748155e+00
  8.283450e+02  4.062525e+00
  8.068880e+02  3.704055e+00
  7.859870e+02  4.301485e+00
  7.656270e+02  5.854855e+00
  7.457950e+02  4.898915e+00
  7.264760e+02  6.810735e+00
  7.076580e+02  7.766615e+00
  6.893270e+02  8.125040e+00
  6.714710e+02  1.111225e+01
  6.540780e+02  1.099265e+01
  6.371350e+02  1.051482e+01
  6.206310e+02  1.111215e+01
  6.045550e+02  1.541375e+01
  5.888950e+02  1.445790e+01
  5.736410e+02  1.887885e+01
  5.587810e+02  2.007380e+01
  5.443070e+02  2.138815e+01
  5.302080e+02  2.580900e+01
  5.164740e+02  2.855725e+01
  5.030950e+02  3.847455e+01
  4.900630e+02  3.620435e+01
  4.773690e+02  4.122280e+01
  4.650040e+02  4.540470e+01
  4.529580e+02  5.317125e+01
  4.412250e+02  5.878720e+01
  4.297960e+02  6.523955e+01
  4.186630e+02  7.049705e+01
  4.078180e+02  7.587395e+01
  3.972540e+02  8.734520e+01
  3.869640e+02  1.026400e+02
  3.769400e+02  1.166190e+02
  3.671770e+02  1.228320e+02
  3.576650e+02  1.450560e+02
  3.484010e+02  1.657270e+02
  3.393760e+02  1.825750e+02
  3.305850e+02  1.966750e+02
  3.220220e+02  2.191375e+02
  3.136800e+02  2.449460e+02
  3.055550e+02  2.738630e+02
  2.976400e+02  3.076765e+02
  2.899300e+02  3.430445e+02
  2.824200e+02  3.757845e+02
  2.751040e+02  4.277590e+02
  2.679780e+02  4.757930e+02
  2.610370e+02  5.192875e+02
  2.542750e+02  5.723385e+02
  2.476890e+02  6.515585e+02
  2.412730e+02  7.127355e+02
  2.350230e+02  7.988845e+02
  2.289350e+02  8.907700e+02
  2.230050e+02  1.015272e+03
  2.172280e+02  1.085890e+03
  2.116010e+02  1.238475e+03
  2.061200e+02  1.352575e+03
  2.007810e+02  1.510780e+03
  1.955800e+02  1.674965e+03
  1.905140e+02  1.855025e+03
  1.855790e+02  2.039500e+03
  1.807720e+02  2.281580e+03
  1.760890e+02  2.543630e+03
  1.715280e+02  2.797770e+03
  1.670850e+02  3.073780e+03
  1.627570e+02  3.364495e+03
  1.585410e+02  3.668000e+03
  1.544340e+02  4.005640e+03
  1.504340e+02  4.291590e+03
  1.465370e+02  4.724240e+03
  1.427410e+02  5.147355e+03
  1.390440e+02  5.592790e+03
  1.354420e+02  6.045650e+03
  1.319340e+02  6.525025e+03
  1.285160e+02  6.965080e+03
  1.251870e+02  7.560955e+03
  1.219440e+02  8.077140e+03
  1.187850e+02  8.593811e+03
  1.157090e+02  9.263295e+03
  1.127110e+02  9.879295e+03
  1.097920e+02  1.059345e+04
  1.069480e+02  1.130200e+04
  1.041770e+02  1.215565e+04
  1.014790e+02  1.296085e+04
  9.885030e+01  1.376940e+04
  9.628970e+01  1.463100e+04
  9.379550e+01  1.557205e+04
  9.136590e+01  1.673275e+04
  8.899920e+01  1.769975e+04
  8.669380e+01  1.871555e+04
  8.444820e+01  1.983535e+04
  8.226070e+01  2.106120e+04
  8.012980e+01  2.217040e+04
  7.805420e+01  2.345920e+04
  7.603240e+01  2.470305e+04
  7.406290e+01  2.607055e+04
  7.214440e+01  2.740940e+04
  7.027560e+01  2.892845e+04
  6.845520e+01  3.020100e+04
  6.668200e+01  3.159875e+04
  6.495470e+01  3.310895e+04
  6.327220e+01  3.418505e+04
  6.163320e+01  3.505315e+04
  6.003670e+01  3.580250e+04
  5.848160e+01  3.632245e+04
  5.696670e+01  3.687160e+04
  5.549110e+01  3.744075e+04
  5.405370e+01  3.839775e+04
  5.265350e+01  3.916380e+04
  5.128960e+01  3.998040e+04
  4.996100e+01  4.095165e+04
  4.866690e+01  4.214680e+04
  4.740620e+01  4.288885e+04
  4.617830e+01  4.373450e+04
  4.498210e+01  4.390315e+04
  4.381690e+01  4.378625e+04
  4.268190e+01  4.327110e+04
  4.157630e+01  4.264090e+04
  4.049930e+01  4.203315e+04
  3.945030e+01  4.124995e+04
  3.842840e+01  4.037145e+04
  3.743290e+01  3.967075e+04
  3.646330e+01  3.866440e+04
  3.551880e+01  3.780150e+04
  3.459870e+01  3.712325e+04
  3.370250e+01  3.647680e+04
  3.282950e+01  3.579520e+04
  3.197910e+01  3.511940e+04
  3.115070e+01  3.422000e+04
  3.034380e+01  3.358660e+04
  2.955780e+01  3.275030e+04
  2.879220e+01  3.209360e+04
  2.804640e+01  3.139220e+04
  2.731990e+01  3.058345e+04
  2.661220e+01  2.981115e+04
  2.592290e+01  2.893105e+04
  2.525140e+01  2.798240e+04
  2.459730e+01  2.721565e+04
  2.396010e+01  2.626820e+04
  2.333950e+01  2.520290e+04
  2.273490e+01  2.423950e+04
  2.214600e+01  2.306110e+04
  2.157230e+01  2.186355e+04
  2.101350e+01  2.069235e+04
  2.046920e+01  1.939460e+04
  1.993900e+01  1.827810e+04
  1.942250e+01  1.706340e+04
  1.891940e+01  1.592000e+04
  1.842930e+01  1.526875e+04
  1.795200e+01  1.454145e+04
  1.748690e+01  1.421915e+04
  1.703400e+01  1.382630e+04
  1.659270e+01  1.371220e+04
  1.616290e+01  1.359440e+04
  1.574430e+01  1.336335e+04
  1.533640e+01  1.314335e+04
  1.493920e+01  1.285520e+04
  1.455220e+01  1.243705e+04
  1.417520e+01  1.175965e+04
  1.380800e+01  1.065225e+04
  1.345040e+01  9.391615e+03
  1.310200e+01  7.877720e+03
  1.276260e+01  6.383415e+03
  1.243200e+01  5.161085e+03
  1.211000e+01  4.037915e+03
  1.179630e+01  3.075680e+03
  1.149070e+01  2.350650e+03
  1.119310e+01  1.909510e+03
  1.090310e+01  1.558105e+03
  1.062070e+01  1.309695e+03
  1.034560e+01  1.064620e+03
  1.007760e+01  8.727265e+02
  9.816600e+00  6.974405e+02
  9.562300e+00  5.607500e+02
  9.314600e+00  5.856025e+02
  9.073300e+00  7.428455e+02
  8.838300e+00  9.874390e+02
  8.609300e+00  1.283870e+03
  8.386300e+00  1.750705e+03
  8.169100e+00  2.286480e+03
  7.957500e+00  2.869705e+03
  7.751400e+00  3.141060e+03
  7.550600e+00  3.519940e+03
  7.355000e+00  3.431400e+03
  7.164500e+00  3.160290e+03
  6.978900e+00  3.042960e+03
  6.798100e+00  2.704455e+03
  6.622000e+00  2.513385e+03
  6.450500e+00  2.296990e+03
  6.283400e+00  2.096980e+03
  6.120600e+00  1.905325e+03
  5.962100e+00  1.783455e+03
  5.807600e+00  1.680805e+03
  5.657200e+00  1.624170e+03
  5.510700e+00  1.538505e+03
  5.367900e+00  1.449485e+03
  5.228900e+00  1.339085e+03
  5.093400e+00  1.243380e+03
  4.961500e+00  1.139045e+03
  4.833000e+00  1.027820e+03
  4.707800e+00  9.469265e+02
  4.585800e+00  8.393895e+02
  4.467100e+00  7.774965e+02
  4.351300e+00  7.527630e+02
  4.238600e+00  6.820260e+02
  4.128800e+00  6.399680e+02
  4.021900e+00  6.325605e+02
  3.917700e+00  5.427070e+02
  3.816200e+00  4.577505e+02
  3.717400e+00  4.153335e+02
  3.621100e+00  3.774575e+02
  3.527300e+00  3.266750e+02
  3.435900e+00  2.828255e+02
  3.346900e+00  2.167475e+02
  3.260200e+00  1.558085e+02
  3.175800e+00  9.929445e+01
  3.093500e+00  5.185695e+01
  3.013400e+00  3.082745e+01
  2.935300e+00  4.086430e+01
  2.859300e+00  5.293225e+01
  2.785200e+00  8.220670e+01
  2.713100e+00  1.100485e+02
  2.642800e+00  1.124380e+02
  2.574300e+00  9.570950e+01
  2.507600e+00  8.842055e+01
  2.442700e+00  8.340190e+01
  2.379400e+00  7.754680e+01
  2.317800e+00  6.296925e+01
  2.257700e+00  5.508310e+01
  2.199300e+00  5.735330e+01
  2.142300e+00  4.779440e+01
  2.086800e+00  4.074490e+01
  2.032700e+00  3.787715e+01
  1.980100e+00  3.966940e+01
  1.928800e+00  2.712340e+01
  1.878800e+00  2.294140e+01
  1.830200e+00  2.545065e+01
  1.782800e+00  3.895255e+01
  1.736600e+00  2.318035e+01
  1.691600e+00  1.684760e+01
  1.647800e+00  1.493580e+01
  1.605100e+00  1.648920e+01
  1.563500e+00  1.147070e+01
  1.523000e+00  9.200500e+00
  1.483600e+00  9.200455e+00
  1.445100e+00  8.364080e+00
  1.407700e+00  6.213285e+00
  1.371200e+00  5.137895e+00
  1.335700e+00  6.332795e+00
  1.301100e+00  5.735335e+00
  1.267400e+00  3.345600e+00
  1.234600e+00  3.584565e+00
  1.202600e+00  3.226105e+00
  1.171500e+00  3.465080e+00
  1.141100e+00  3.584580e+00
  1.111600e+00  4.301485e+00
  1.082800e+00  2.628685e+00
  1.054700e+00  3.584585e+00
  1.027400e+00  2.031250e+00
  1.000800e+00  1.075365e+00
  9.749000e-01  2.389705e+00
  9.496000e-01  9.558800e-01
  9.250000e-01  1.314340e+00
  9.010000e-01  1.314335e+00
  8.777000e-01  5.974250e-01
  8.550000e-01  7.169100e-01
  8.328000e-01  2.389715e+00
  8.113000e-01  1.433820e+00
  7.902000e-01  1.553315e+00
  7.698000e-01  1.672795e+00
  7.498000e-01  7.169100e-01
  7.304000e-01  1.553305e+00
  7.115000e-01  1.314335e+00
  6.931000e-01  2.389710e+00
  6.751000e-01  1.732550e+01
  6.576000e-01  1.565270e+01
  6.406000e-01  3.883295e+01
  6.240000e-01  1.170975e+01
  6.078000e-01  1.433825e+00
  5.921000e-01  1.553310e+00
  5.767000e-01  1.911760e+00
  5.618000e-01  2.031260e+00
  5.472000e-01  1.194850e+00
  5.331000e-01  1.672795e+00
  5.193000e-01  1.075370e+00
  5.058000e-01  1.194850e+00
  4.927000e-01  3.345585e+00
  4.799000e-01  2.628700e+00
  4.675000e-01  1.792280e+00
  4.554000e-01  1.792275e+00
  4.436000e-01  2.987145e+00
  4.321000e-01  3.345600e+00
  4.209000e-01  2.270225e+00
  4.100000e-01  1.433825e+00
  3.994000e-01  2.748170e+00
  3.891000e-01  5.854815e+00
  3.790000e-01  5.137920e+00
  3.692000e-01  1.194850e+00
  3.596000e-01  1.314340e+00
  3.503000e-01  9.558800e-01
  3.412000e-01  4.779400e-01
  3.324000e-01  1.314335e+00
  3.238000e-01  1.672795e+00
  3.154000e-01  1.194855e+00
  3.072000e-01  8.363950e-01
  2.992000e-01  1.553305e+00
  2.915000e-01  2.389710e+00
  2.839000e-01  2.389705e+00
  2.766000e-01  1.194850e+00
  2.694000e-01  2.628675e+00
  2.624000e-01  7.169155e+00
  2.556000e-01  7.886120e+00
  2.490000e-01  2.031255e+00
  2.426000e-01  2.270225e+00
  2.363000e-01  3.226125e+00
  2.302000e-01  2.031255e+00
  2.242000e-01  1.314335e+00
  2.184000e-01  3.584550e-01
  2.127000e-01  1.075365e+00
  2.072000e-01  8.363950e-01
  2.019000e-01  1.075365e+00
  1.966000e-01  1.553305e+00
  1.915000e-01  1.792275e+00
  1.866000e-01  1.911760e+00
  1.817000e-01  1.075365e+00
  1.770000e-01  1.075365e+00
  1.725000e-01  1.314335e+00
  1.680000e-01  1.194850e+00
  1.636000e-01  1.194855e+00
  1.594000e-01  1.553305e+00
  1.553000e-01  7.169100e-01
  1.512000e-01  1.314335e+00
  1.473000e-01  9.558850e-01
  1.435000e-01  1.553305e+00
  1.398000e-01  3.584550e-01
  1.362000e-01  1.075365e+00
  1.326000e-01  1.553315e+00
  1.292000e-01  1.194850e+00
  1.259000e-01  1.792275e+00
  1.226000e-01  1.194850e+00
  1.194000e-01  1.792275e+00
  1.163000e-01  2.509195e+00
  1.133000e-01  2.150735e+00
  1.104000e-01  1.314335e+00
  1.075000e-01  1.911770e+00
  1.047000e-01  2.270220e+00
  1.020000e-01  2.031255e+00
  9.940000e-02  1.792280e+00
  9.680000e-02  3.345620e+00
  9.430000e-02  1.314335e+00
  9.190000e-02  1.553305e+00
  8.950000e-02  1.792275e+00
  8.720000e-02  2.150740e+00
  8.490000e-02  1.314335e+00
  8.270000e-02  1.792275e+00
  8.060000e-02  1.433820e+00
  7.850000e-02  1.792280e+00
  7.640000e-02  1.553305e+00
  7.450000e-02  1.075365e+00
  7.250000e-02  1.672795e+00
  7.070000e-02  1.553310e+00
  6.880000e-02  1.553310e+00
  6.700000e-02  1.314335e+00
  6.530000e-02  1.553310e+00
  6.360000e-02  1.314335e+00
  6.200000e-02  1.672800e+00
  6.040000e-02  8.363950e-01
  5.880000e-02  5.974250e-01
  5.730000e-02  1.075365e+00
  5.580000e-02  7.169100e-01
  5.430000e-02  7.169100e-01
  5.290000e-02  3.584550e-01
  5.160000e-02  5.974250e-01
  5.020000e-02  2.389700e-01
  4.890000e-02  4.779400e-01
  4.770000e-02  2.389700e-01
  4.640000e-02  0.000000e+00
  4.520000e-02  0.000000e+00
  4.410000e-02  3.584550e-01
  4.290000e-02  0.000000e+00
  4.180000e-02  1.194850e-01
  4.070000e-02  2.389700e-01
  3.970000e-02  1.194850e-01
  3.860000e-02  0.000000e+00
  3.760000e-02  0.000000e+00
  3.670000e-02  1.194850e-01
  3.570000e-02  0.000000e+00
  3.480000e-02  0.000000e+00
  3.390000e-02  1.194850e-01
  3.300000e-02  1.194850e-01
  3.220000e-02  0.000000e+00
  3.130000e-02  0.000000e+00
  3.050000e-02  0.000000e+00
  2.970000e-02  1.194850e-01
  2.890000e-02  0.000000e+00
  2.820000e-02  0.000000e+00
  2.750000e-02  0.000000e+00
  2.680000e-02  0.000000e+00
  2.610000e-02  1.194850e-01
  2.540000e-02  1.194850e-01
  2.470000e-02  1.194850e-01
  2.410000e-02  0.000000e+00
  2.350000e-02  1.194850e-01
  2.290000e-02  0.000000e+00
  2.230000e-02  0.000000e+00
  2.170000e-02  0.000000e+00
  2.110000e-02  0.000000e+00
  2.060000e-02  0.000000e+00
  2.000000e-02  0.000000e+00
  1.950000e-02  0.000000e+00
  1.900000e-02  0.000000e+00
  1.850000e-02  0.000000e+00
  1.800000e-02  0.000000e+00
  1.760000e-02  0.000000e+00
  1.710000e-02  0.000000e+00
  1.670000e-02  0.000000e+00
  1.630000e-02  0.000000e+00
  1.580000e-02  0.000000e+00
  1.540000e-02  0.000000e+00
  1.500000e-02  0.000000e+00
  1.460000e-02  0.000000e+00
  1.430000e-02  0.000000e+00
  1.390000e-02  0.000000e+00
  1.350000e-02  0.000000e+00
  1.320000e-02  0.000000e+00
  1.280000e-02  0.000000e+00
  1.250000e-02  0.000000e+00
  1.220000e-02  0.000000e+00
  1.190000e-02  0.000000e+00
  1.160000e-02  0.000000e+00
  1.130000e-02  3.584550e-01
  1.100000e-02  2.389700e-01
  1.070000e-02  0.000000e+00
  1.040000e-02  0.000000e+00
  1.010000e-02  0.000000e+00
