  4.934820e+03  2.870740e-02
  4.806990e+03  0.000000e+00
  4.682470e+03  1.076520e-02
  4.561180e+03  3.588400e-03
  4.443030e+03  0.000000e+00
  4.327940e+03  3.588400e-03
  4.215830e+03  7.176800e-03
  4.106630e+03  0.000000e+00
  4.000250e+03  1.076520e-02
  3.896630e+03  1.076540e-02
  3.795700e+03  0.000000e+00
  3.697380e+03  7.176800e-03
  3.601600e+03  0.000000e+00
  3.508310e+03  1.435360e-02
  3.417430e+03  1.794220e-02
  3.328910e+03  1.076520e-02
  3.242680e+03  7.176800e-03
  3.158680e+03  2.870740e-02
  3.076860e+03  1.794200e-02
  2.997160e+03  2.511900e-02
  2.919530e+03  2.153060e-02
  2.843900e+03  2.153040e-02
  2.770230e+03  1.435360e-02
  2.698480e+03  3.947280e-02
  2.628580e+03  5.382620e-02
  2.560490e+03  3.588400e-02
  2.494160e+03  3.947280e-02
  2.429550e+03  6.100290e-02
  2.366620e+03  4.664960e-02
  2.305320e+03  8.253349e-02
  2.245600e+03  6.818080e-02
  2.187430e+03  8.612180e-02
  2.130770e+03  1.004758e-01
  2.075580e+03  1.112405e-01
  2.021810e+03  1.040634e-01
  1.969440e+03  1.327710e-01
  1.918430e+03  1.255940e-01
  1.868730e+03  9.688690e-02
  1.820330e+03  1.435370e-01
  1.773170e+03  1.865975e-01
  1.727240e+03  2.691290e-01
  1.682500e+03  2.619525e-01
  1.638920e+03  2.583645e-01
  1.596470e+03  3.086015e-01
  1.555110e+03  2.906595e-01
  1.514830e+03  3.444870e-01
  1.475590e+03  3.767830e-01
  1.437370e+03  3.731955e-01
  1.400140e+03  4.126665e-01
  1.363870e+03  4.808475e-01
  1.328540e+03  5.239094e-01
  1.294120e+03  6.136175e-01
  1.260600e+03  7.679235e-01
  1.227950e+03  6.782100e-01
  1.196140e+03  8.289260e-01
  1.165160e+03  8.863330e-01
  1.134980e+03  9.509320e-01
  1.105580e+03  1.047828e+00
  1.076940e+03  1.151895e+00
  1.049040e+03  1.320545e+00
  1.021870e+03  1.525070e+00
  9.953980e+02  1.704495e+00
  9.696140e+02  1.912615e+00
  9.444970e+02  2.142260e+00
  9.200320e+02  2.447290e+00
  8.962000e+02  2.712840e+00
  8.729850e+02  3.200850e+00
  8.503720e+02  3.613520e+00
  8.283450e+02  3.821650e+00
  8.068880e+02  4.280955e+00
  7.859870e+02  4.966360e+00
  7.656270e+02  5.522565e+00
  7.457950e+02  6.161300e+00
  7.264760e+02  7.015335e+00
  7.076580e+02  7.747375e+00
  6.893270e+02  8.468636e+00
  6.714710e+02  1.005826e+01
  6.540780e+02  1.136450e+01
  6.371350e+02  1.286810e+01
  6.206310e+02  1.423875e+01
  6.045550e+02  1.616580e+01
  5.888950e+02  1.808910e+01
  5.736410e+02  2.034635e+01
  5.587810e+02  2.204720e+01
  5.443070e+02  2.561770e+01
  5.302080e+02  2.861395e+01
  5.164740e+02  3.190815e+01
  5.030950e+02  3.511610e+01
  4.900630e+02  3.964125e+01
  4.773690e+02  4.438860e+01
  4.650040e+02  4.915385e+01
  4.529580e+02  5.489185e+01
  4.412250e+02  6.146225e+01
  4.297960e+02  6.782455e+01
  4.186630e+02  7.641880e+01
  4.078180e+02  8.473315e+01
  3.972540e+02  9.373285e+01
  3.869640e+02  1.048575e+02
  3.769400e+02  1.163460e+02
  3.671770e+02  1.305780e+02
  3.576650e+02  1.448420e+02
  3.484010e+02  1.627560e+02
  3.393760e+02  1.787455e+02
  3.305850e+02  1.970570e+02
  3.220220e+02  2.188580e+02
  3.136800e+02  2.405995e+02
  3.055550e+02  2.648460e+02
  2.976400e+02  2.910345e+02
  2.899300e+02  3.237530e+02
  2.824200e+02  3.554030e+02
  2.751040e+02  3.892985e+02
  2.679780e+02  4.336235e+02
  2.610370e+02  4.742310e+02
  2.542750e+02  5.225080e+02
  2.476890e+02  5.749020e+02
  2.412730e+02  6.336865e+02
  2.350230e+02  6.963560e+02
  2.289350e+02  7.620706e+02
  2.230050e+02  8.364715e+02
  2.172280e+02  9.115275e+02
  2.116010e+02  9.933635e+02
  2.061200e+02  1.081660e+03
  2.007810e+02  1.176430e+03
  1.955800e+02  1.283995e+03
  1.905140e+02  1.403925e+03
  1.855790e+02  1.530850e+03
  1.807720e+02  1.660985e+03
  1.760890e+02  1.795410e+03
  1.715280e+02  1.937090e+03
  1.670850e+02  2.081640e+03
  1.627570e+02  2.230820e+03
  1.585410e+02  2.384250e+03
  1.544340e+02  2.528115e+03
  1.504340e+02  2.693290e+03
  1.465370e+02  2.851635e+03
  1.427410e+02  3.007815e+03
  1.390440e+02  3.166045e+03
  1.354420e+02  3.329225e+03
  1.319340e+02  3.479725e+03
  1.285160e+02  3.627675e+03
  1.251870e+02  3.777690e+03
  1.219440e+02  3.927845e+03
  1.187850e+02  4.064170e+03
  1.157090e+02  4.200540e+03
  1.127110e+02  4.324330e+03
  1.097920e+02  4.445640e+03
  1.069480e+02  4.554805e+03
  1.041770e+02  4.645865e+03
  1.014790e+02  4.722720e+03
  9.885030e+01  4.789040e+03
  9.628970e+01  4.829840e+03
  9.379550e+01  4.844825e+03
  9.136590e+01  4.842570e+03
  8.899920e+01  4.828545e+03
  8.669380e+01  4.780720e+03
  8.444820e+01  4.701955e+03
  8.226070e+01  4.587225e+03
  8.012980e+01  4.468380e+03
  7.805420e+01  4.304910e+03
  7.603240e+01  4.124590e+03
  7.406290e+01  3.920935e+03
  7.214440e+01  3.690750e+03
  7.027560e+01  3.452590e+03
  6.845520e+01  3.198450e+03
  6.668200e+01  2.921940e+03
  6.495470e+01  2.653020e+03
  6.327220e+01  2.427750e+03
  6.163320e+01  2.198300e+03
  6.003670e+01  1.984400e+03
  5.848160e+01  1.801455e+03
  5.696670e+01  1.630575e+03
  5.549110e+01  1.465485e+03
  5.405370e+01  1.273185e+03
  5.265350e+01  1.081240e+03
  5.128960e+01  9.101315e+02
  4.996100e+01  7.663405e+02
  4.866690e+01  6.155160e+02
  4.740620e+01  4.950790e+02
  4.617830e+01  3.942395e+02
  4.498210e+01  3.152915e+02
  4.381690e+01  2.726250e+02
  4.268190e+01  2.372300e+02
  4.157630e+01  2.064920e+02
  4.049930e+01  1.816375e+02
  3.945030e+01  1.601370e+02
  3.842840e+01  1.462645e+02
  3.743290e+01  1.353080e+02
  3.646330e+01  1.239730e+02
  3.551880e+01  1.137345e+02
  3.459870e+01  1.068150e+02
  3.370250e+01  9.721690e+01
  3.282950e+01  8.917555e+01
  3.197910e+01  8.256200e+01
  3.115070e+01  7.752040e+01
  3.034380e+01  7.321785e+01
  2.955780e+01  6.988416e+01
  2.879220e+01  6.805050e+01
  2.804640e+01  6.404230e+01
  2.731990e+01  6.244905e+01
  2.661220e+01  6.057590e+01
  2.592290e+01  5.962505e+01
  2.525140e+01  5.783435e+01
  2.459730e+01  5.793125e+01
  2.396010e+01  5.751495e+01
  2.333950e+01  5.748990e+01
  2.273490e+01  5.768005e+01
  2.214600e+01  5.700890e+01
  2.157230e+01  5.786300e+01
  2.101350e+01  5.786305e+01
  2.046920e+01  5.802095e+01
  1.993900e+01  5.894330e+01
  1.942250e+01  5.833310e+01
  1.891940e+01  6.079100e+01
  1.842930e+01  6.187125e+01
  1.795200e+01  6.306625e+01
  1.748690e+01  6.630300e+01
  1.703400e+01  6.759835e+01
  1.659270e+01  7.082080e+01
  1.616290e+01  7.439850e+01
  1.574430e+01  7.790075e+01
  1.533640e+01  8.156435e+01
  1.493920e+01  8.602840e+01
  1.455220e+01  8.829276e+01
  1.417520e+01  9.237270e+01
  1.380800e+01  9.023061e+01
  1.345040e+01  9.033815e+01
  1.310200e+01  8.999725e+01
  1.276260e+01  9.143630e+01
  1.243200e+01  9.178415e+01
  1.211000e+01  9.269220e+01
  1.179630e+01  9.558045e+01
  1.149070e+01  9.693700e+01
  1.119310e+01  1.000410e+02
  1.090310e+01  1.034360e+02
  1.062070e+01  1.062950e+02
  1.034560e+01  1.098225e+02
  1.007760e+01  1.126035e+02
  9.816600e+00  1.177300e+02
  9.562300e+00  1.215640e+02
  9.314600e+00  1.245465e+02
  9.073300e+00  1.310550e+02
  8.838300e+00  1.363170e+02
  8.609300e+00  1.463105e+02
  8.386300e+00  1.528920e+02
  8.169100e+00  1.623610e+02
  7.957500e+00  1.728385e+02
  7.751400e+00  1.792670e+02
  7.550600e+00  1.906990e+02
  7.355000e+00  1.995980e+02
  7.164500e+00  2.032035e+02
  6.978900e+00  2.048020e+02
  6.798100e+00  2.076330e+02
  6.622000e+00  2.113045e+02
  6.450500e+00  2.183610e+02
  6.283400e+00  2.286120e+02
  6.120600e+00  2.294030e+02
  5.962100e+00  2.337060e+02
  5.807600e+00  2.407670e+02
  5.657200e+00  2.460960e+02
  5.510700e+00  2.552440e+02
  5.367900e+00  2.785565e+02
  5.228900e+00  2.802490e+02
  5.093400e+00  2.769710e+02
  4.961500e+00  2.757835e+02
  4.833000e+00  3.288700e+02
  4.707800e+00  4.036120e+02
  4.585800e+00  3.016160e+02
  4.467100e+00  2.845425e+02
  4.351300e+00  3.034560e+02
  4.238600e+00  3.257400e+02
  4.128800e+00  3.507385e+02
  4.021900e+00  5.929090e+02
  3.917700e+00  4.181430e+02
  3.816200e+00  3.445770e+02
  3.717400e+00  3.506800e+02
  3.621100e+00  3.496865e+02
  3.527300e+00  3.477095e+02
  3.435900e+00  3.491950e+02
  3.346900e+00  3.510180e+02
  3.260200e+00  3.556535e+02
  3.175800e+00  3.689385e+02
  3.093500e+00  3.706500e+02
  3.013400e+00  3.785780e+02
  2.935300e+00  3.955785e+02
  2.859300e+00  3.970970e+02
  2.785200e+00  4.088175e+02
  2.713100e+00  3.945975e+02
  2.642800e+00  3.822705e+02
  2.574300e+00  4.093650e+02
  2.507600e+00  4.134600e+02
  2.442700e+00  4.649740e+02
  2.379400e+00  4.812705e+02
  2.317800e+00  4.657740e+02
  2.257700e+00  4.562300e+02
  2.199300e+00  4.671545e+02
  2.142300e+00  4.518740e+02
  2.086800e+00  4.553900e+02
  2.032700e+00  4.905570e+02
  1.980100e+00  5.349305e+02
  1.928800e+00  3.568595e+02
  1.878800e+00  2.890205e+02
  1.830200e+00  5.626225e+02
  1.782800e+00  1.419090e+03
  1.736600e+00  6.688895e+02
  1.691600e+00  4.514110e+02
  1.647800e+00  4.142565e+02
  1.605100e+00  4.235590e+02
  1.563500e+00  4.211345e+02
  1.523000e+00  4.184480e+02
  1.483600e+00  4.184655e+02
  1.445100e+00  4.159680e+02
  1.407700e+00  3.976665e+02
  1.371200e+00  3.418785e+02
  1.335700e+00  4.082060e+02
  1.301100e+00  3.218910e+02
  1.267400e+00  2.472630e+02
  1.234600e+00  3.553915e+02
  1.202600e+00  3.906670e+02
  1.171500e+00  3.560410e+02
  1.141100e+00  3.952480e+02
  1.111600e+00  3.109035e+02
  1.082800e+00  2.555010e+02
  1.054700e+00  3.748810e+02
  1.027400e+00  3.435150e+02
  1.000800e+00  2.699670e+02
  9.749000e-01  3.300770e+02
  9.496000e-01  2.694750e+02
  9.250000e-01  2.930480e+02
  9.010000e-01  3.116815e+02
  8.777000e-01  3.292980e+02
  8.550000e-01  3.287375e+02
  8.328000e-01  3.517675e+02
  8.113000e-01  3.608075e+02
  7.902000e-01  3.729360e+02
  7.698000e-01  3.717545e+02
  7.498000e-01  3.911960e+02
  7.304000e-01  3.890700e+02
  7.115000e-01  3.858615e+02
  6.931000e-01  4.657610e+02
  6.751000e-01  1.181740e+03
  6.576000e-01  1.915425e+03
  6.406000e-01  2.108480e+03
  6.240000e-01  5.483520e+02
  6.078000e-01  5.269325e+02
  5.921000e-01  4.657535e+02
  5.767000e-01  4.207975e+02
  5.618000e-01  4.248080e+02
  5.472000e-01  4.153910e+02
  5.331000e-01  7.098940e+02
  5.193000e-01  7.063555e+02
  5.058000e-01  6.615510e+02
  4.927000e-01  4.935925e+02
  4.799000e-01  4.671570e+02
  4.675000e-01  4.290450e+02
  4.554000e-01  4.216745e+02
  4.436000e-01  5.067145e+02
  4.321000e-01  4.496850e+02
  4.209000e-01  4.785930e+02
  4.100000e-01  4.951935e+02
  3.994000e-01  1.321950e+03
  3.891000e-01  7.400955e+02
  3.790000e-01  7.433210e+02
  3.692000e-01  5.811825e+02
  3.596000e-01  5.399150e+02
  3.503000e-01  5.120580e+02
  3.412000e-01  5.020145e+02
  3.324000e-01  5.226765e+02
  3.238000e-01  4.405170e+02
  3.154000e-01  4.484580e+02
  3.072000e-01  4.630155e+02
  2.992000e-01  6.708345e+02
  2.915000e-01  7.678440e+02
  2.839000e-01  8.349290e+02
  2.766000e-01  6.591050e+02
  2.694000e-01  7.093680e+02
  2.624000e-01  6.787070e+02
  2.556000e-01  6.020885e+02
  2.490000e-01  5.566455e+02
  2.426000e-01  5.108605e+02
  2.363000e-01  4.881625e+02
  2.302000e-01  4.553785e+02
  2.242000e-01  4.290840e+02
  2.184000e-01  4.072845e+02
  2.127000e-01  3.907735e+02
  2.072000e-01  3.686575e+02
  2.019000e-01  3.512795e+02
  1.966000e-01  3.361085e+02
  1.915000e-01  3.199290e+02
  1.866000e-01  3.041175e+02
  1.817000e-01  2.903630e+02
  1.770000e-01  2.784995e+02
  1.725000e-01  2.650550e+02
  1.680000e-01  2.551895e+02
  1.636000e-01  2.420695e+02
  1.594000e-01  2.297700e+02
  1.553000e-01  2.175050e+02
  1.512000e-01  2.045285e+02
  1.473000e-01  1.922825e+02
  1.435000e-01  1.862745e+02
  1.398000e-01  1.657665e+02
  1.362000e-01  1.547965e+02
  1.326000e-01  1.424845e+02
  1.292000e-01  1.310105e+02
  1.259000e-01  1.191360e+02
  1.226000e-01  1.084455e+02
  1.194000e-01  9.907240e+01
  1.163000e-01  9.001160e+01
  1.133000e-01  8.058125e+01
  1.104000e-01  7.229575e+01
  1.075000e-01  6.389515e+01
  1.047000e-01  5.605085e+01
  1.020000e-01  4.879885e+01
  9.940000e-02  4.364580e+01
  9.680000e-02  3.757785e+01
  9.430000e-02  3.344400e+01
  9.190000e-02  2.861395e+01
  8.950000e-02  2.419305e+01
  8.720000e-02  2.135815e+01
  8.490000e-02  1.821110e+01
  8.270000e-02  1.517545e+01
  8.060000e-02  1.345290e+01
  7.850000e-02  1.124615e+01
  7.640000e-02  9.200665e+00
  7.450000e-02  7.898090e+00
  7.250000e-02  7.008155e+00
  7.070000e-02  5.863460e+00
  6.880000e-02  5.278560e+00
  6.700000e-02  4.424495e+00
  6.530000e-02  3.853955e+00
  6.360000e-02  3.513050e+00
  6.200000e-02  3.075270e+00
  6.040000e-02  2.938910e+00
  5.880000e-02  2.720000e+00
  5.730000e-02  2.619540e+00
  5.580000e-02  2.641075e+00
  5.430000e-02  2.626720e+00
  5.290000e-02  2.454465e+00
  5.160000e-02  2.590820e+00
  5.020000e-02  2.432940e+00
  4.890000e-02  2.303750e+00
  4.770000e-02  2.605175e+00
  4.640000e-02  2.397055e+00
  4.520000e-02  2.598005e+00
  4.410000e-02  2.662595e+00
  4.290000e-02  2.569290e+00
  4.180000e-02  2.551345e+00
  4.070000e-02  2.730790e+00
  3.970000e-02  2.666185e+00
  3.860000e-02  2.669775e+00
  3.760000e-02  2.630295e+00
  3.670000e-02  2.630310e+00
  3.570000e-02  2.720025e+00
  3.480000e-02  2.705665e+00
  3.390000e-02  2.669775e+00
  3.300000e-02  2.813310e+00
  3.220000e-02  2.673360e+00
  3.130000e-02  2.852790e+00
  3.050000e-02  2.637485e+00
  2.970000e-02  2.576475e+00
  2.890000e-02  2.795360e+00
  2.820000e-02  2.615940e+00
  2.750000e-02  2.615945e+00
  2.680000e-02  2.694895e+00
  2.610000e-02  2.605180e+00
  2.540000e-02  2.619555e+00
  2.470000e-02  2.285820e+00
  2.410000e-02  2.303760e+00
  2.350000e-02  2.389870e+00
  2.290000e-02  2.303750e+00
  2.230000e-02  2.088450e+00
  2.170000e-02  2.181755e+00
  2.110000e-02  2.282225e+00
  2.060000e-02  1.955680e+00
  2.000000e-02  1.905430e+00
  1.950000e-02  1.883900e+00
  1.900000e-02  1.639905e+00
  1.850000e-02  1.711670e+00
  1.800000e-02  1.672190e+00
  1.760000e-02  1.453315e+00
  1.710000e-02  1.399480e+00
  1.670000e-02  1.216490e+00
  1.630000e-02  1.223655e+00
  1.580000e-02  1.029885e+00
  1.540000e-02  9.688750e-01
  1.500000e-02  8.289325e-01
  1.460000e-02  8.791665e-01
  1.430000e-02  7.607430e-01
  1.390000e-02  6.423265e-01
  1.350000e-02  6.064425e-01
  1.320000e-02  5.956760e-01
  1.280000e-02  4.808465e-01
  1.250000e-02  4.449620e-01
  1.220000e-02  3.731940e-01
  1.190000e-02  3.660175e-01
  1.160000e-02  2.906610e-01
  1.130000e-02  2.547760e-01
  1.100000e-02  1.299005e+00
  1.070000e-02  1.611185e+00
  1.040000e-02  1.342065e+00
  1.010000e-02  6.283305e+00
