  4.934820e+03  0.000000e+00
  4.806990e+03  0.000000e+00
  4.682470e+03  0.000000e+00
  4.561180e+03  0.000000e+00
  4.443030e+03  0.000000e+00
  4.327940e+03  0.000000e+00
  4.215830e+03  0.000000e+00
  4.106630e+03  0.000000e+00
  4.000250e+03  0.000000e+00
  3.896630e+03  0.000000e+00
  3.795700e+03  0.000000e+00
  3.697380e+03  0.000000e+00
  3.601600e+03  0.000000e+00
  3.508310e+03  0.000000e+00
  3.417430e+03  0.000000e+00
  3.328910e+03  0.000000e+00
  3.242680e+03  0.000000e+00
  3.158680e+03  0.000000e+00
  3.076860e+03  0.000000e+00
  2.997160e+03  0.000000e+00
  2.919530e+03  0.000000e+00
  2.843900e+03  0.000000e+00
  2.770230e+03  0.000000e+00
  2.698480e+03  0.000000e+00
  2.628580e+03  0.000000e+00
  2.560490e+03  0.000000e+00
  2.494160e+03  0.000000e+00
  2.429550e+03  0.000000e+00
  2.366620e+03  0.000000e+00
  2.305320e+03  0.000000e+00
  2.245600e+03  2.715150e-01
  2.187430e+03  0.000000e+00
  2.130770e+03  0.000000e+00
  2.075580e+03  0.000000e+00
  2.021810e+03  0.000000e+00
  1.969440e+03  0.000000e+00
  1.918430e+03  0.000000e+00
  1.868730e+03  2.715150e-01
  1.820330e+03  2.715150e-01
  1.773170e+03  2.715150e-01
  1.727240e+03  5.430300e-01
  1.682500e+03  0.000000e+00
  1.638920e+03  5.430300e-01
  1.596470e+03  5.430300e-01
  1.555110e+03  2.715150e-01
  1.514830e+03  0.000000e+00
  1.475590e+03  5.430300e-01
  1.437370e+03  0.000000e+00
  1.400140e+03  2.715150e-01
  1.363870e+03  5.430300e-01
  1.328540e+03  2.715150e-01
  1.294120e+03  8.145450e-01
  1.260600e+03  8.145450e-01
  1.227950e+03  8.145650e-01
  1.196140e+03  8.145450e-01
  1.165160e+03  1.629110e+00
  1.134980e+03  2.715190e+00
  1.105580e+03  1.086080e+00
  1.076940e+03  1.357615e+00
  1.049040e+03  1.629110e+00
  1.021870e+03  2.172140e+00
  9.953980e+02  1.357595e+00
  9.696140e+02  2.715190e+00
  9.444970e+02  1.086060e+00
  9.200320e+02  3.801310e+00
  8.962000e+02  2.986705e+00
  8.729850e+02  3.258280e+00
  8.503720e+02  3.529740e+00
  8.283450e+02  2.986705e+00
  8.068880e+02  4.615825e+00
  7.859870e+02  2.986705e+00
  7.656270e+02  6.787950e+00
  7.457950e+02  4.615835e+00
  7.264760e+02  7.874055e+00
  7.076580e+02  6.787970e+00
  6.893270e+02  8.688601e+00
  6.714710e+02  9.503060e+00
  6.540780e+02  1.031759e+01
  6.371350e+02  1.411885e+01
  6.206310e+02  1.629090e+01
  6.045550e+02  1.439035e+01
  5.888950e+02  1.629090e+01
  5.736410e+02  2.280715e+01
  5.587810e+02  2.416475e+01
  5.443070e+02  2.660830e+01
  5.302080e+02  3.013790e+01
  5.164740e+02  3.665440e+01
  5.030950e+02  3.746890e+01
  4.900630e+02  4.181315e+01
  4.773690e+02  4.344210e+01
  4.650040e+02  5.756075e+01
  4.529580e+02  6.299115e+01
  4.412250e+02  6.353385e+01
  4.297960e+02  7.167915e+01
  4.186630e+02  8.878510e+01
  4.078180e+02  9.665995e+01
  3.972540e+02  1.042629e+02
  3.869640e+02  1.183820e+02
  3.769400e+02  1.425470e+02
  3.671770e+02  1.615520e+02
  3.576650e+02  1.745845e+02
  3.484010e+02  1.965760e+02
  3.393760e+02  2.220970e+02
  3.305850e+02  2.519625e+02
  3.220220e+02  2.649950e+02
  3.136800e+02  2.891600e+02
  3.055550e+02  3.456360e+02
  2.976400e+02  3.573110e+02
  2.899300e+02  4.327915e+02
  2.824200e+02  4.694445e+02
  2.751040e+02  5.544290e+02
  2.679780e+02  5.875545e+02
  2.610370e+02  6.274670e+02
  2.542750e+02  7.241240e+02
  2.476890e+02  8.145390e+02
  2.412730e+02  8.835000e+02
  2.350230e+02  1.010837e+03
  2.289350e+02  1.136280e+03
  2.230050e+02  1.223980e+03
  2.172280e+02  1.400190e+03
  2.116010e+02  1.548990e+03
  2.061200e+02  1.689895e+03
  2.007810e+02  1.949180e+03
  1.955800e+02  2.098795e+03
  1.905140e+02  2.373030e+03
  1.855790e+02  2.616030e+03
  1.807720e+02  2.916045e+03
  1.760890e+02  3.234810e+03
  1.715280e+02  3.677365e+03
  1.670850e+02  3.967080e+03
  1.627570e+02  4.392805e+03
  1.585410e+02  4.818270e+03
  1.544340e+02  5.248885e+03
  1.504340e+02  5.762585e+03
  1.465370e+02  6.264070e+03
  1.427410e+02  6.867640e+03
  1.390440e+02  7.474475e+03
  1.354420e+02  8.089725e+03
  1.319340e+02  8.822260e+03
  1.285160e+02  9.499145e+03
  1.251870e+02  1.016495e+04
  1.219440e+02  1.097515e+04
  1.187850e+02  1.191375e+04
  1.157090e+02  1.279240e+04
  1.127110e+02  1.371330e+04
  1.097920e+02  1.469835e+04
  1.069480e+02  1.593160e+04
  1.041770e+02  1.709550e+04
  1.014790e+02  1.840045e+04
  9.885030e+01  1.965295e+04
  9.628970e+01  2.094175e+04
  9.379550e+01  2.253345e+04
  9.136590e+01  2.416755e+04
  8.899920e+01  2.576850e+04
  8.669380e+01  2.737715e+04
  8.444820e+01  2.907845e+04
  8.226070e+01  3.101420e+04
  8.012980e+01  3.298475e+04
  7.805420e+01  3.514900e+04
  7.603240e+01  3.739055e+04
  7.406290e+01  3.965195e+04
  7.214440e+01  4.191455e+04
  7.027560e+01  4.415740e+04
  6.845520e+01  4.655630e+04
  6.668200e+01  4.908195e+04
  6.495470e+01  5.167525e+04
  6.327220e+01  5.344840e+04
  6.163320e+01  5.539300e+04
  6.003670e+01  5.694470e+04
  5.848160e+01  5.806580e+04
  5.696670e+01  5.922640e+04
  5.549110e+01  6.002240e+04
  5.405370e+01  6.191105e+04
  5.265350e+01  6.370715e+04
  5.128960e+01  6.555355e+04
  4.996100e+01  6.759009e+04
  4.866690e+01  6.996405e+04
  4.740620e+01  7.163375e+04
  4.617830e+01  7.340270e+04
  4.498210e+01  7.425250e+04
  4.381690e+01  7.423484e+04
  4.268190e+01  7.358850e+04
  4.157630e+01  7.314566e+04
  4.049930e+01  7.221675e+04
  3.945030e+01  7.102320e+04
  3.842840e+01  6.965141e+04
  3.743290e+01  6.831295e+04
  3.646330e+01  6.731570e+04
  3.551880e+01  6.590925e+04
  3.459870e+01  6.498605e+04
  3.370250e+01  6.340890e+04
  3.282950e+01  6.279845e+04
  3.197910e+01  6.167280e+04
  3.115070e+01  6.058140e+04
  3.034380e+01  5.946730e+04
  2.955780e+01  5.847365e+04
  2.879220e+01  5.721265e+04
  2.804640e+01  5.643785e+04
  2.731990e+01  5.519580e+04
  2.661220e+01  5.427160e+04
  2.592290e+01  5.269025e+04
  2.525140e+01  5.154025e+04
  2.459730e+01  4.991580e+04
  2.396010e+01  4.852725e+04
  2.333950e+01  4.714925e+04
  2.273490e+01  4.531955e+04
  2.214600e+01  4.357015e+04
  2.157230e+01  4.177625e+04
  2.101350e+01  3.994305e+04
  2.046920e+01  3.794710e+04
  1.993900e+01  3.584135e+04
  1.942250e+01  3.389675e+04
  1.891940e+01  3.205965e+04
  1.842930e+01  3.058565e+04
  1.795200e+01  2.924855e+04
  1.748690e+01  2.850605e+04
  1.703400e+01  2.774885e+04
  1.659270e+01  2.717760e+04
  1.616290e+01  2.681080e+04
  1.574430e+01  2.634865e+04
  1.533640e+01  2.559540e+04
  1.493920e+01  2.505410e+04
  1.455220e+01  2.392025e+04
  1.417520e+01  2.289020e+04
  1.380800e+01  2.075800e+04
  1.345040e+01  1.870205e+04
  1.310200e+01  1.613220e+04
  1.276260e+01  1.360205e+04
  1.243200e+01  1.124310e+04
  1.211000e+01  9.188535e+03
  1.179630e+01  7.268670e+03
  1.149070e+01  5.716715e+03
  1.119310e+01  4.809045e+03
  1.090310e+01  4.113160e+03
  1.062070e+01  3.442245e+03
  1.034560e+01  2.872065e+03
  1.007760e+01  2.396380e+03
  9.816600e+00  1.953540e+03
  9.562300e+00  1.617130e+03
  9.314600e+00  1.618755e+03
  9.073300e+00  1.976610e+03
  8.838300e+00  2.515295e+03
  8.609300e+00  3.195965e+03
  8.386300e+00  4.061285e+03
  8.169100e+00  4.959460e+03
  7.957500e+00  5.983605e+03
  7.751400e+00  6.378380e+03
  7.550600e+00  6.806830e+03
  7.355000e+00  6.617850e+03
  7.164500e+00  6.225785e+03
  6.978900e+00  5.814990e+03
  6.798100e+00  5.487280e+03
  6.622000e+00  5.037645e+03
  6.450500e+00  4.828315e+03
  6.283400e+00  4.408275e+03
  6.120600e+00  4.018920e+03
  5.962100e+00  3.839475e+03
  5.807600e+00  3.706950e+03
  5.657200e+00  3.551120e+03
  5.510700e+00  3.553565e+03
  5.367900e+00  3.360795e+03
  5.228900e+00  3.195965e+03
  5.093400e+00  2.977405e+03
  4.961500e+00  2.832965e+03
  4.833000e+00  2.628230e+03
  4.707800e+00  2.473205e+03
  4.585800e+00  2.277985e+03
  4.467100e+00  2.078415e+03
  4.351300e+00  2.007290e+03
  4.238600e+00  1.902210e+03
  4.128800e+00  1.738765e+03
  4.021900e+00  1.866915e+03
  3.917700e+00  1.607630e+03
  3.816200e+00  1.383360e+03
  3.717400e+00  1.279380e+03
  3.621100e+00  1.141160e+03
  3.527300e+00  1.001887e+03
  3.435900e+00  8.802450e+02
  3.346900e+00  7.110925e+02
  3.260200e+00  5.017545e+02
  3.175800e+00  3.214705e+02
  3.093500e+00  1.753990e+02
  3.013400e+00  1.156670e+02
  2.935300e+00  1.259840e+02
  2.859300e+00  1.919605e+02
  2.785200e+00  2.625510e+02
  2.713100e+00  3.814765e+02
  2.642800e+00  3.570405e+02
  2.574300e+00  3.459075e+02
  2.507600e+00  2.932325e+02
  2.442700e+00  2.538630e+02
  2.379400e+00  2.446315e+02
  2.317800e+00  2.085220e+02
  2.257700e+00  1.878880e+02
  2.199300e+00  1.634525e+02
  2.142300e+00  1.528645e+02
  2.086800e+00  1.284280e+02
  2.032700e+00  1.061635e+02
  1.980100e+00  1.181100e+02
  1.928800e+00  1.018190e+02
  1.878800e+00  7.792415e+01
  1.830200e+00  6.869310e+01
  1.782800e+00  1.172955e+02
  1.736600e+00  7.167970e+01
  1.691600e+00  5.213060e+01
  1.647800e+00  4.099840e+01
  1.605100e+00  3.312465e+01
  1.563500e+00  3.692590e+01
  1.523000e+00  2.470785e+01
  1.483600e+00  2.959505e+01
  1.445100e+00  2.660830e+01
  1.407700e+00  2.470785e+01
  1.371200e+00  1.764850e+01
  1.335700e+00  1.547635e+01
  1.301100e+00  1.058919e+01
  1.267400e+00  7.059485e+00
  1.234600e+00  7.874025e+00
  1.202600e+00  1.031766e+01
  1.171500e+00  1.194680e+01
  1.141100e+00  9.503155e+00
  1.111600e+00  7.602485e+00
  1.082800e+00  5.158885e+00
  1.054700e+00  8.960090e+00
  1.027400e+00  3.801240e+00
  1.000800e+00  4.615800e+00
  9.749000e-01  6.244925e+00
  9.496000e-01  4.072720e+00
  9.250000e-01  5.430375e+00
  9.010000e-01  4.072770e+00
  8.777000e-01  4.072750e+00
  8.550000e-01  2.715170e+00
  8.328000e-01  4.072740e+00
  8.113000e-01  4.615815e+00
  7.902000e-01  3.529735e+00
  7.698000e-01  3.258220e+00
  7.498000e-01  3.801255e+00
  7.304000e-01  2.172160e+00
  7.115000e-01  4.072810e+00
  6.931000e-01  7.602570e+00
  6.751000e-01  5.375965e+01
  6.576000e-01  4.968690e+01
  6.406000e-01  1.202820e+02
  6.240000e-01  3.068105e+01
  6.078000e-01  3.258240e+00
  5.921000e-01  2.986710e+00
  5.767000e-01  4.615805e+00
  5.618000e-01  4.344305e+00
  5.472000e-01  4.072790e+00
  5.331000e-01  2.443655e+00
  5.193000e-01  4.072825e+00
  5.058000e-01  2.715170e+00
  4.927000e-01  1.004633e+01
  4.799000e-01  7.331020e+00
  4.675000e-01  4.072755e+00
  4.554000e-01  5.158835e+00
  4.436000e-01  8.960091e+00
  4.321000e-01  9.774610e+00
  4.209000e-01  5.973455e+00
  4.100000e-01  3.258220e+00
  3.994000e-01  7.874005e+00
  3.891000e-01  1.574790e+01
  3.790000e-01  1.357580e+01
  3.692000e-01  3.801270e+00
  3.596000e-01  2.172180e+00
  3.503000e-01  2.986690e+00
  3.412000e-01  2.443675e+00
  3.324000e-01  2.715190e+00
  3.238000e-01  2.172140e+00
  3.154000e-01  1.900605e+00
  3.072000e-01  1.086060e+00
  2.992000e-01  3.529690e+00
  2.915000e-01  6.787955e+00
  2.839000e-01  5.430420e+00
  2.766000e-01  2.715175e+00
  2.694000e-01  8.145520e+00
  2.624000e-01  1.439035e+01
  2.556000e-01  1.547635e+01
  2.490000e-01  7.602505e+00
  2.426000e-01  3.529755e+00
  2.363000e-01  6.244940e+00
  2.302000e-01  2.986685e+00
  2.242000e-01  2.715170e+00
  2.184000e-01  1.900605e+00
  2.127000e-01  3.529720e+00
  2.072000e-01  2.443635e+00
  2.019000e-01  1.357575e+00
  1.966000e-01  2.172140e+00
  1.915000e-01  4.887410e+00
  1.866000e-01  6.244905e+00
  1.817000e-01  3.529775e+00
  1.770000e-01  1.629130e+00
  1.725000e-01  5.430300e-01
  1.680000e-01  3.801290e+00
  1.636000e-01  2.715190e+00
  1.594000e-01  2.715190e+00
  1.553000e-01  2.172140e+00
  1.512000e-01  2.172120e+00
  1.473000e-01  3.529720e+00
  1.435000e-01  6.244905e+00
  1.398000e-01  2.172140e+00
  1.362000e-01  1.629090e+00
  1.326000e-01  4.344320e+00
  1.292000e-01  2.715210e+00
  1.259000e-01  3.529735e+00
  1.226000e-01  3.801230e+00
  1.194000e-01  6.516400e+00
  1.163000e-01  2.172120e+00
  1.133000e-01  3.801290e+00
  1.104000e-01  4.615820e+00
  1.075000e-01  4.344285e+00
  1.047000e-01  4.887355e+00
  1.020000e-01  4.072790e+00
  9.940000e-02  5.973450e+00
  9.680000e-02  5.430370e+00
  9.430000e-02  5.973365e+00
  9.190000e-02  5.701870e+00
  8.950000e-02  8.688540e+00
  8.720000e-02  3.258220e+00
  8.490000e-02  3.258200e+00
  8.270000e-02  4.072765e+00
  8.060000e-02  5.973390e+00
  7.850000e-02  4.072785e+00
  7.640000e-02  4.344325e+00
  7.450000e-02  3.801270e+00
  7.250000e-02  3.529755e+00
  7.070000e-02  2.986710e+00
  6.880000e-02  3.258240e+00
  6.700000e-02  4.887320e+00
  6.530000e-02  3.801270e+00
  6.360000e-02  4.072770e+00
  6.200000e-02  3.801255e+00
  6.040000e-02  2.986745e+00
  5.880000e-02  1.900605e+00
  5.730000e-02  2.443655e+00
  5.580000e-02  1.357575e+00
  5.430000e-02  5.430300e-01
  5.290000e-02  1.086080e+00
  5.160000e-02  1.629110e+00
  5.020000e-02  1.629090e+00
  4.890000e-02  1.629110e+00
  4.770000e-02  1.900625e+00
  4.640000e-02  1.086080e+00
  4.520000e-02  1.086060e+00
  4.410000e-02  1.629090e+00
  4.290000e-02  8.145650e-01
  4.180000e-02  2.172120e+00
  4.070000e-02  8.145450e-01
  3.970000e-02  0.000000e+00
  3.860000e-02  5.430300e-01
  3.760000e-02  2.715150e-01
  3.670000e-02  0.000000e+00
  3.570000e-02  8.145450e-01
  3.480000e-02  5.430300e-01
  3.390000e-02  5.430300e-01
  3.300000e-02  8.145650e-01
  3.220000e-02  0.000000e+00
  3.130000e-02  0.000000e+00
  3.050000e-02  2.715150e-01
  2.970000e-02  0.000000e+00
  2.890000e-02  0.000000e+00
  2.820000e-02  2.715150e-01
  2.750000e-02  2.715150e-01
  2.680000e-02  0.000000e+00
  2.610000e-02  2.715150e-01
  2.540000e-02  0.000000e+00
  2.470000e-02  0.000000e+00
  2.410000e-02  0.000000e+00
  2.350000e-02  0.000000e+00
  2.290000e-02  0.000000e+00
  2.230000e-02  0.000000e+00
  2.170000e-02  0.000000e+00
  2.110000e-02  0.000000e+00
  2.060000e-02  0.000000e+00
  2.000000e-02  0.000000e+00
  1.950000e-02  0.000000e+00
  1.900000e-02  0.000000e+00
  1.850000e-02  0.000000e+00
  1.800000e-02  0.000000e+00
  1.760000e-02  0.000000e+00
  1.710000e-02  0.000000e+00
  1.670000e-02  0.000000e+00
  1.630000e-02  0.000000e+00
  1.580000e-02  0.000000e+00
  1.540000e-02  0.000000e+00
  1.500000e-02  0.000000e+00
  1.460000e-02  0.000000e+00
  1.430000e-02  0.000000e+00
  1.390000e-02  0.000000e+00
  1.350000e-02  0.000000e+00
  1.320000e-02  0.000000e+00
  1.280000e-02  2.715150e-01
  1.250000e-02  2.715150e-01
  1.220000e-02  0.000000e+00
  1.190000e-02  0.000000e+00
  1.160000e-02  0.000000e+00
  1.130000e-02  1.086080e+00
  1.100000e-02  3.258240e+00
  1.070000e-02  0.000000e+00
  1.040000e-02  2.715150e-01
  1.010000e-02  0.000000e+00
