  4.934820e+03  4.626150e-02
  4.806990e+03  1.542050e-02
  4.682470e+03  0.000000e+00
  4.561180e+03  1.542050e-02
  4.443030e+03  0.000000e+00
  4.327940e+03  1.542050e-02
  4.215830e+03  0.000000e+00
  4.106630e+03  1.542050e-02
  4.000250e+03  0.000000e+00
  3.896630e+03  0.000000e+00
  3.795700e+03  4.626150e-02
  3.697380e+03  0.000000e+00
  3.601600e+03  3.084100e-02
  3.508310e+03  1.542050e-02
  3.417430e+03  3.084100e-02
  3.328910e+03  3.084100e-02
  3.242680e+03  0.000000e+00
  3.158680e+03  1.542050e-02
  3.076860e+03  1.079435e-01
  2.997160e+03  6.168200e-02
  2.919530e+03  4.626150e-02
  2.843900e+03  1.542050e-02
  2.770230e+03  6.168200e-02
  2.698480e+03  6.168200e-02
  2.628580e+03  6.168200e-02
  2.560490e+03  9.252300e-02
  2.494160e+03  1.079435e-01
  2.429550e+03  1.542050e-01
  2.366620e+03  1.387845e-01
  2.305320e+03  2.313075e-01
  2.245600e+03  1.233640e-01
  2.187430e+03  2.158870e-01
  2.130770e+03  1.696250e-01
  2.075580e+03  2.158870e-01
  2.021810e+03  1.542050e-01
  1.969440e+03  1.542050e-01
  1.918430e+03  2.313055e-01
  1.868730e+03  3.084090e-01
  1.820330e+03  4.163490e-01
  1.773170e+03  2.929865e-01
  1.727240e+03  3.700900e-01
  1.682500e+03  5.088710e-01
  1.638920e+03  5.859695e-01
  1.596470e+03  5.551280e-01
  1.555110e+03  1.403240e+00
  1.514830e+03  1.912130e+00
  1.475590e+03  1.372405e+00
  1.437370e+03  6.476525e-01
  1.400140e+03  7.864335e-01
  1.363870e+03  9.252185e-01
  1.328540e+03  1.141095e+00
  1.294120e+03  1.156515e+00
  1.260600e+03  1.788765e+00
  1.227950e+03  1.526610e+00
  1.196140e+03  2.020065e+00
  1.165160e+03  1.649980e+00
  1.134980e+03  1.881285e+00
  1.105580e+03  2.282215e+00
  1.076940e+03  2.421005e+00
  1.049040e+03  2.929890e+00
  1.021870e+03  3.284555e+00
  9.953980e+02  3.978465e+00
  9.696140e+02  3.932200e+00
  9.444970e+02  4.811155e+00
  9.200320e+02  5.150400e+00
  8.962000e+02  5.952265e+00
  8.729850e+02  7.016280e+00
  8.503720e+02  8.003155e+00
  8.283450e+02  8.496640e+00
  8.068880e+02  1.020824e+01
  7.859870e+02  1.156530e+01
  7.656270e+02  1.242875e+01
  7.457950e+02  1.538960e+01
  7.264760e+02  1.552840e+01
  7.076580e+02  1.742495e+01
  6.893270e+02  2.033945e+01
  6.714710e+02  2.152685e+01
  6.540780e+02  2.545905e+01
  6.371350e+02  2.922160e+01
  6.206310e+02  3.281450e+01
  6.045550e+02  3.538990e+01
  5.888950e+02  4.157345e+01
  5.736410e+02  4.533600e+01
  5.587810e+02  5.225960e+01
  5.443070e+02  5.765685e+01
  5.302080e+02  6.747955e+01
  5.164740e+02  7.281509e+01
  5.030950e+02  8.558325e+01
  4.900630e+02  9.603800e+01
  4.773690e+02  1.058000e+02
  4.650040e+02  1.203260e+02
  4.529580e+02  1.341720e+02
  4.412250e+02  1.483450e+02
  4.297960e+02  1.720460e+02
  4.186630e+02  1.887915e+02
  4.078180e+02  2.085295e+02
  3.972540e+02  2.375660e+02
  3.869640e+02  2.650775e+02
  3.769400e+02  2.974130e+02
  3.671770e+02  3.379980e+02
  3.576650e+02  3.801280e+02
  3.484010e+02  4.214700e+02
  3.393760e+02  4.642630e+02
  3.305850e+02  5.266210e+02
  3.220220e+02  5.827215e+02
  3.136800e+02  6.538090e+02
  3.055550e+02  7.296150e+02
  2.976400e+02  7.999465e+02
  2.899300e+02  8.967725e+02
  2.824200e+02  9.962030e+02
  2.751040e+02  1.115370e+03
  2.679780e+02  1.237360e+03
  2.610370e+02  1.370090e+03
  2.542750e+02  1.526890e+03
  2.476890e+02  1.678225e+03
  2.412730e+02  1.869280e+03
  2.350230e+02  2.075920e+03
  2.289350e+02  2.295295e+03
  2.230050e+02  2.544450e+03
  2.172280e+02  2.784120e+03
  2.116010e+02  3.072905e+03
  2.061200e+02  3.385945e+03
  2.007810e+02  3.721275e+03
  1.955800e+02  4.068055e+03
  1.905140e+02  4.479385e+03
  1.855790e+02  4.914835e+03
  1.807720e+02  5.374375e+03
  1.760890e+02  5.850845e+03
  1.715280e+02  6.347460e+03
  1.670850e+02  6.878010e+03
  1.627570e+02  7.433170e+03
  1.585410e+02  8.001090e+03
  1.544340e+02  8.582359e+03
  1.504340e+02  9.207775e+03
  1.465370e+02  9.848645e+03
  1.427410e+02  1.047895e+04
  1.390440e+02  1.111965e+04
  1.354420e+02  1.179570e+04
  1.319340e+02  1.249090e+04
  1.285160e+02  1.313420e+04
  1.251870e+02  1.382020e+04
  1.219440e+02  1.449555e+04
  1.187850e+02  1.514205e+04
  1.157090e+02  1.579845e+04
  1.127110e+02  1.641760e+04
  1.097920e+02  1.702965e+04
  1.069480e+02  1.756145e+04
  1.041770e+02  1.805380e+04
  1.014790e+02  1.855715e+04
  9.885030e+01  1.891925e+04
  9.628970e+01  1.923855e+04
  9.379550e+01  1.945375e+04
  9.136590e+01  1.960180e+04
  8.899920e+01  1.968470e+04
  8.669380e+01  1.964165e+04
  8.444820e+01  1.949710e+04
  8.226070e+01  1.925160e+04
  8.012980e+01  1.894340e+04
  7.805420e+01  1.842545e+04
  7.603240e+01  1.787040e+04
  7.406290e+01  1.723815e+04
  7.214440e+01  1.646980e+04
  7.027560e+01  1.568285e+04
  6.845520e+01  1.478075e+04
  6.668200e+01  1.383445e+04
  6.495470e+01  1.284675e+04
  6.327220e+01  1.204690e+04
  6.163320e+01  1.120525e+04
  6.003670e+01  1.033240e+04
  5.848160e+01  9.619705e+03
  5.696670e+01  8.855814e+03
  5.549110e+01  8.164580e+03
  5.405370e+01  7.299690e+03
  5.265350e+01  6.419790e+03
  5.128960e+01  5.645290e+03
  4.996100e+01  4.927970e+03
  4.866690e+01  4.185840e+03
  4.740620e+01  3.539585e+03
  4.617830e+01  2.964690e+03
  4.498210e+01  2.488230e+03
  4.381690e+01  2.160225e+03
  4.268190e+01  1.862935e+03
  4.157630e+01  1.609110e+03
  4.049930e+01  1.374810e+03
  3.945030e+01  1.181270e+03
  3.842840e+01  1.021275e+03
  3.743290e+01  8.775270e+02
  3.646330e+01  7.413500e+02
  3.551880e+01  6.283195e+02
  3.459870e+01  5.278555e+02
  3.370250e+01  4.318485e+02
  3.282950e+01  3.502745e+02
  3.197910e+01  2.808825e+02
  3.115070e+01  2.322465e+02
  3.034380e+01  1.860930e+02
  2.955780e+01  1.445200e+02
  2.879220e+01  1.112280e+02
  2.804640e+01  8.735655e+01
  2.731990e+01  6.670860e+01
  2.661220e+01  4.973075e+01
  2.592290e+01  3.716315e+01
  2.525140e+01  2.717070e+01
  2.459730e+01  1.975340e+01
  2.396010e+01  1.309185e+01
  2.333950e+01  1.074790e+01
  2.273490e+01  7.201335e+00
  2.214600e+01  4.872840e+00
  2.157230e+01  4.009300e+00
  2.101350e+01  2.359330e+00
  2.046920e+01  1.326140e+00
  1.993900e+01  1.264465e+00
  1.942250e+01  7.710100e-01
  1.891940e+01  4.780325e-01
  1.842930e+01  3.700915e-01
  1.795200e+01  3.238275e-01
  1.748690e+01  1.850455e-01
  1.703400e+01  1.387845e-01
  1.659270e+01  2.004665e-01
  1.616290e+01  9.252300e-02
  1.574430e+01  1.079435e-01
  1.533640e+01  1.233635e-01
  1.493920e+01  1.079435e-01
  1.455220e+01  7.710250e-02
  1.417520e+01  4.626150e-02
  1.380800e+01  6.168200e-02
  1.345040e+01  6.168200e-02
  1.310200e+01  4.626150e-02
  1.276260e+01  4.626150e-02
  1.243200e+01  0.000000e+00
  1.211000e+01  0.000000e+00
  1.179630e+01  3.084100e-02
  1.149070e+01  1.542050e-02
  1.119310e+01  3.084100e-02
  1.090310e+01  0.000000e+00
  1.062070e+01  1.542050e-02
  1.034560e+01  3.084100e-02
  1.007760e+01  0.000000e+00
  9.816600e+00  3.084100e-02
  9.562300e+00  1.542050e-02
  9.314600e+00  0.000000e+00
  9.073300e+00  3.084100e-02
  8.838300e+00  6.168200e-02
  8.609300e+00  3.084100e-02
  8.386300e+00  4.626150e-02
  8.169100e+00  6.168200e-02
  7.957500e+00  9.252300e-02
  7.751400e+00  2.004665e-01
  7.550600e+00  3.238285e-01
  7.355000e+00  3.546705e-01
  7.164500e+00  2.621480e-01
  6.978900e+00  2.929890e-01
  6.798100e+00  2.775690e-01
  6.622000e+00  3.546695e-01
  6.450500e+00  3.238285e-01
  6.283400e+00  3.700905e-01
  6.120600e+00  2.158865e-01
  5.962100e+00  3.546690e-01
  5.807600e+00  4.626115e-01
  5.657200e+00  3.392495e-01
  5.510700e+00  4.780320e-01
  5.367900e+00  3.700875e-01
  5.228900e+00  3.238285e-01
  5.093400e+00  4.163480e-01
  4.961500e+00  4.317715e-01
  4.833000e+00  3.855090e-01
  4.707800e+00  3.546690e-01
  4.585800e+00  4.626140e-01
  4.467100e+00  4.163510e-01
  4.351300e+00  4.471880e-01
  4.238600e+00  5.859715e-01
  4.128800e+00  4.626080e-01
  4.021900e+00  4.471925e-01
  3.917700e+00  5.397150e-01
  3.816200e+00  3.238300e-01
  3.717400e+00  3.855105e-01
  3.621100e+00  6.476515e-01
  3.527300e+00  6.322360e-01
  3.435900e+00  4.934490e-01
  3.346900e+00  4.471890e-01
  3.260200e+00  4.317700e-01
  3.175800e+00  4.009320e-01
  3.093500e+00  2.621485e-01
  3.013400e+00  2.313070e-01
  2.935300e+00  3.546690e-01
  2.859300e+00  3.855100e-01
  2.785200e+00  4.780325e-01
  2.713100e+00  3.700915e-01
  2.642800e+00  5.551316e-01
  2.574300e+00  5.397120e-01
  2.507600e+00  4.317690e-01
  2.442700e+00  4.317710e-01
  2.379400e+00  3.084100e-01
  2.317800e+00  3.238295e-01
  2.257700e+00  4.780325e-01
  2.199300e+00  4.626105e-01
  2.142300e+00  4.934520e-01
  2.086800e+00  3.855090e-01
  2.032700e+00  3.238280e-01
  1.980100e+00  2.467260e-01
  1.928800e+00  2.467275e-01
  1.878800e+00  2.467275e-01
  1.830200e+00  4.163505e-01
  1.782800e+00  7.093385e-01
  1.736600e+00  4.471900e-01
  1.691600e+00  3.855120e-01
  1.647800e+00  3.084085e-01
  1.605100e+00  1.696255e-01
  1.563500e+00  2.313070e-01
  1.523000e+00  2.775690e-01
  1.483600e+00  2.621480e-01
  1.445100e+00  1.542050e-01
  1.407700e+00  3.238295e-01
  1.371200e+00  2.775675e-01
  1.335700e+00  2.467280e-01
  1.301100e+00  1.079435e-01
  1.267400e+00  1.542050e-01
  1.234600e+00  2.467270e-01
  1.202600e+00  1.542050e-01
  1.171500e+00  1.387845e-01
  1.141100e+00  9.252299e-02
  1.111600e+00  1.079435e-01
  1.082800e+00  1.387845e-01
  1.054700e+00  6.168200e-02
  1.027400e+00  6.168200e-02
  1.000800e+00  9.252299e-02
  9.749000e-01  7.710250e-02
  9.496000e-01  1.387845e-01
  9.250000e-01  7.710250e-02
  9.010000e-01  9.252300e-02
  8.777000e-01  6.168200e-02
  8.550000e-01  6.168200e-02
  8.328000e-01  1.079435e-01
  8.113000e-01  1.387845e-01
  7.902000e-01  1.233640e-01
  7.698000e-01  1.387845e-01
  7.498000e-01  7.710250e-02
  7.304000e-01  9.252300e-02
  7.115000e-01  9.252300e-02
  6.931000e-01  1.542050e-01
  6.751000e-01  3.084090e-01
  6.576000e-01  7.864300e-01
  6.406000e-01  6.939180e-01
  6.240000e-01  1.233635e-01
  6.078000e-01  9.252300e-02
  5.921000e-01  7.710250e-02
  5.767000e-01  2.004660e-01
  5.618000e-01  1.079435e-01
  5.472000e-01  1.387845e-01
  5.331000e-01  7.710250e-02
  5.193000e-01  1.079435e-01
  5.058000e-01  1.233640e-01
  4.927000e-01  1.387845e-01
  4.799000e-01  1.079435e-01
  4.675000e-01  1.387845e-01
  4.554000e-01  1.233640e-01
  4.436000e-01  1.233640e-01
  4.321000e-01  1.850460e-01
  4.209000e-01  1.233640e-01
  4.100000e-01  9.252300e-02
  3.994000e-01  2.621480e-01
  3.891000e-01  1.079435e-01
  3.790000e-01  2.775680e-01
  3.692000e-01  1.233640e-01
  3.596000e-01  1.079435e-01
  3.503000e-01  2.313075e-01
  3.412000e-01  9.252300e-02
  3.324000e-01  1.387840e-01
  3.238000e-01  9.252300e-02
  3.154000e-01  1.079435e-01
  3.072000e-01  1.542050e-01
  2.992000e-01  2.158850e-01
  2.915000e-01  2.313075e-01
  2.839000e-01  2.929870e-01
  2.766000e-01  1.233640e-01
  2.694000e-01  1.850455e-01
  2.624000e-01  2.004660e-01
  2.556000e-01  7.710250e-02
  2.490000e-01  1.387845e-01
  2.426000e-01  7.710250e-02
  2.363000e-01  1.233640e-01
  2.302000e-01  9.252300e-02
  2.242000e-01  4.626150e-02
  2.184000e-01  1.696250e-01
  2.127000e-01  1.233640e-01
  2.072000e-01  6.168200e-02
  2.019000e-01  1.079430e-01
  1.966000e-01  4.626150e-02
  1.915000e-01  7.710250e-02
  1.866000e-01  7.710250e-02
  1.817000e-01  1.542050e-01
  1.770000e-01  7.710250e-02
  1.725000e-01  7.710250e-02
  1.680000e-01  7.710250e-02
  1.636000e-01  4.626150e-02
  1.594000e-01  6.168200e-02
  1.553000e-01  4.626150e-02
  1.512000e-01  9.252300e-02
  1.473000e-01  1.542050e-02
  1.435000e-01  3.084100e-02
  1.398000e-01  6.168200e-02
  1.362000e-01  3.084100e-02
  1.326000e-01  4.626150e-02
  1.292000e-01  3.084100e-02
  1.259000e-01  0.000000e+00
  1.226000e-01  3.084100e-02
  1.194000e-01  6.168200e-02
  1.163000e-01  1.542050e-02
  1.133000e-01  1.542050e-02
  1.104000e-01  4.626150e-02
  1.075000e-01  0.000000e+00
  1.047000e-01  0.000000e+00
  1.020000e-01  0.000000e+00
  9.940000e-02  3.084100e-02
  9.680000e-02  4.626150e-02
  9.430000e-02  0.000000e+00
  9.190000e-02  4.626150e-02
  8.950000e-02  1.542050e-02
  8.720000e-02  3.084100e-02
  8.490000e-02  0.000000e+00
  8.270000e-02  0.000000e+00
  8.060000e-02  1.542050e-02
  7.850000e-02  1.542050e-02
  7.640000e-02  0.000000e+00
  7.450000e-02  1.542050e-02
  7.250000e-02  0.000000e+00
  7.070000e-02  0.000000e+00
  6.880000e-02  0.000000e+00
  6.700000e-02  0.000000e+00
  6.530000e-02  0.000000e+00
  6.360000e-02  0.000000e+00
  6.200000e-02  0.000000e+00
  6.040000e-02  0.000000e+00
  5.880000e-02  0.000000e+00
  5.730000e-02  0.000000e+00
  5.580000e-02  0.000000e+00
  5.430000e-02  0.000000e+00
  5.290000e-02  0.000000e+00
  5.160000e-02  0.000000e+00
  5.020000e-02  0.000000e+00
  4.890000e-02  0.000000e+00
  4.770000e-02  0.000000e+00
  4.640000e-02  0.000000e+00
  4.520000e-02  0.000000e+00
  4.410000e-02  0.000000e+00
  4.290000e-02  0.000000e+00
  4.180000e-02  0.000000e+00
  4.070000e-02  0.000000e+00
  3.970000e-02  0.000000e+00
  3.860000e-02  0.000000e+00
  3.760000e-02  0.000000e+00
  3.670000e-02  0.000000e+00
  3.570000e-02  0.000000e+00
  3.480000e-02  0.000000e+00
  3.390000e-02  0.000000e+00
  3.300000e-02  0.000000e+00
  3.220000e-02  0.000000e+00
  3.130000e-02  0.000000e+00
  3.050000e-02  0.000000e+00
  2.970000e-02  0.000000e+00
  2.890000e-02  0.000000e+00
  2.820000e-02  0.000000e+00
  2.750000e-02  0.000000e+00
  2.680000e-02  0.000000e+00
  2.610000e-02  0.000000e+00
  2.540000e-02  0.000000e+00
  2.470000e-02  0.000000e+00
  2.410000e-02  0.000000e+00
  2.350000e-02  0.000000e+00
  2.290000e-02  0.000000e+00
  2.230000e-02  0.000000e+00
  2.170000e-02  0.000000e+00
  2.110000e-02  0.000000e+00
  2.060000e-02  0.000000e+00
  2.000000e-02  0.000000e+00
  1.950000e-02  0.000000e+00
  1.900000e-02  0.000000e+00
  1.850000e-02  0.000000e+00
  1.800000e-02  0.000000e+00
  1.760000e-02  0.000000e+00
  1.710000e-02  0.000000e+00
  1.670000e-02  0.000000e+00
  1.630000e-02  0.000000e+00
  1.580000e-02  0.000000e+00
  1.540000e-02  0.000000e+00
  1.500000e-02  0.000000e+00
  1.460000e-02  0.000000e+00
  1.430000e-02  0.000000e+00
  1.390000e-02  0.000000e+00
  1.350000e-02  0.000000e+00
  1.320000e-02  0.000000e+00
  1.280000e-02  0.000000e+00
  1.250000e-02  0.000000e+00
  1.220000e-02  0.000000e+00
  1.190000e-02  0.000000e+00
  1.160000e-02  0.000000e+00
  1.130000e-02  0.000000e+00
  1.100000e-02  8.018590e+00
  1.070000e-02  1.051672e+01
  1.040000e-02  9.098000e+00
  1.010000e-02  5.506615e+01
