  4.934820e+03  2.292350e-01
  4.806990e+03  0.000000e+00
  4.682470e+03  0.000000e+00
  4.561180e+03  0.000000e+00
  4.443030e+03  2.292350e-01
  4.327940e+03  0.000000e+00
  4.215830e+03  0.000000e+00
  4.106630e+03  0.000000e+00
  4.000250e+03  0.000000e+00
  3.896630e+03  0.000000e+00
  3.795700e+03  0.000000e+00
  3.697380e+03  0.000000e+00
  3.601600e+03  0.000000e+00
  3.508310e+03  2.292350e-01
  3.417430e+03  0.000000e+00
  3.328910e+03  0.000000e+00
  3.242680e+03  0.000000e+00
  3.158680e+03  0.000000e+00
  3.076860e+03  0.000000e+00
  2.997160e+03  0.000000e+00
  2.919530e+03  0.000000e+00
  2.843900e+03  2.292350e-01
  2.770230e+03  0.000000e+00
  2.698480e+03  0.000000e+00
  2.628580e+03  0.000000e+00
  2.560490e+03  2.292350e-01
  2.494160e+03  2.292350e-01
  2.429550e+03  2.292350e-01
  2.366620e+03  0.000000e+00
  2.305320e+03  4.584700e-01
  2.245600e+03  0.000000e+00
  2.187430e+03  2.292350e-01
  2.130770e+03  2.292350e-01
  2.075580e+03  6.877050e-01
  2.021810e+03  2.292350e-01
  1.969440e+03  6.877050e-01
  1.918430e+03  2.292350e-01
  1.868730e+03  4.584700e-01
  1.820330e+03  2.292350e-01
  1.773170e+03  9.169400e-01
  1.727240e+03  6.877050e-01
  1.682500e+03  9.169400e-01
  1.638920e+03  1.146175e+00
  1.596470e+03  1.375410e+00
  1.555110e+03  5.730880e+00
  1.514830e+03  5.960125e+00
  1.475590e+03  4.584700e+00
  1.437370e+03  1.604645e+00
  1.400140e+03  2.063115e+00
  1.363870e+03  1.833880e+00
  1.328540e+03  1.833880e+00
  1.294120e+03  3.667760e+00
  1.260600e+03  2.063115e+00
  1.227950e+03  4.126225e+00
  1.196140e+03  4.355465e+00
  1.165160e+03  4.813915e+00
  1.134980e+03  3.438525e+00
  1.105580e+03  5.730870e+00
  1.076940e+03  5.730855e+00
  1.049040e+03  6.189350e+00
  1.021870e+03  6.877065e+00
  9.953980e+02  6.418590e+00
  9.696140e+02  1.031558e+01
  9.444970e+02  9.169380e+00
  9.200320e+02  9.398581e+00
  8.962000e+02  1.192010e+01
  8.729850e+02  1.169105e+01
  8.503720e+02  1.444180e+01
  8.283450e+02  1.581705e+01
  8.068880e+02  1.788025e+01
  7.859870e+02  1.971415e+01
  7.656270e+02  2.361110e+01
  7.457950e+02  3.278060e+01
  7.264760e+02  3.255120e+01
  7.076580e+02  3.736530e+01
  6.893270e+02  4.011600e+01
  6.714710e+02  4.653455e+01
  6.540780e+02  5.111915e+01
  6.371350e+02  5.639175e+01
  6.206310e+02  6.968745e+01
  6.045550e+02  7.633495e+01
  5.888950e+02  8.527585e+01
  5.736410e+02  9.559074e+01
  5.587810e+02  1.081990e+02
  5.443070e+02  1.290590e+02
  5.302080e+02  1.494615e+02
  5.164740e+02  1.742180e+02
  5.030950e+02  1.751350e+02
  4.900630e+02  2.028725e+02
  4.773690e+02  2.342765e+02
  4.650040e+02  2.576605e+02
  4.529580e+02  3.074030e+02
  4.412250e+02  3.280350e+02
  4.297960e+02  3.750290e+02
  4.186630e+02  4.293565e+02
  4.078180e+02  4.786420e+02
  3.972540e+02  5.485585e+02
  3.869640e+02  6.095375e+02
  3.769400e+02  6.737200e+02
  3.671770e+02  7.819200e+02
  3.576650e+02  8.516090e+02
  3.484010e+02  1.007945e+03
  3.393760e+02  1.110860e+03
  3.305850e+02  1.262170e+03
  3.220220e+02  1.430660e+03
  3.136800e+02  1.589285e+03
  3.055550e+02  1.765565e+03
  2.976400e+02  2.041790e+03
  2.899300e+02  2.269645e+03
  2.824200e+02  2.515165e+03
  2.751040e+02  2.867955e+03
  2.679780e+02  3.208590e+03
  2.610370e+02  3.565750e+03
  2.542750e+02  4.076480e+03
  2.476890e+02  4.548030e+03
  2.412730e+02  5.105975e+03
  2.350230e+02  5.757240e+03
  2.289350e+02  6.456170e+03
  2.230050e+02  7.124385e+03
  2.172280e+02  7.995940e+03
  2.116010e+02  8.944061e+03
  2.061200e+02  1.007746e+04
  2.007810e+02  1.119785e+04
  1.955800e+02  1.249765e+04
  1.905140e+02  1.405715e+04
  1.855790e+02  1.554020e+04
  1.807720e+02  1.730790e+04
  1.760890e+02  1.929245e+04
  1.715280e+02  2.124695e+04
  1.670850e+02  2.363640e+04
  1.627570e+02  2.610235e+04
  1.585410e+02  2.886015e+04
  1.544340e+02  3.184785e+04
  1.504340e+02  3.477550e+04
  1.465370e+02  3.830695e+04
  1.427410e+02  4.166025e+04
  1.390440e+02  4.547785e+04
  1.354420e+02  4.951995e+04
  1.319340e+02  5.393405e+04
  1.285160e+02  5.866160e+04
  1.251870e+02  6.366565e+04
  1.219440e+02  6.863195e+04
  1.187850e+02  7.414215e+04
  1.157090e+02  7.993225e+04
  1.127110e+02  8.644200e+04
  1.097920e+02  9.258084e+04
  1.069480e+02  9.972705e+04
  1.041770e+02  1.063925e+05
  1.014790e+02  1.139095e+05
  9.885030e+01  1.216895e+05
  9.628970e+01  1.290070e+05
  9.379550e+01  1.370305e+05
  9.136590e+01  1.453370e+05
  8.899920e+01  1.535180e+05
  8.669380e+01  1.613775e+05
  8.444820e+01  1.701100e+05
  8.226070e+01  1.771430e+05
  8.012980e+01  1.857645e+05
  7.805420e+01  1.929810e+05
  7.603240e+01  2.000480e+05
  7.406290e+01  2.068500e+05
  7.214440e+01  2.132990e+05
  7.027560e+01  2.195980e+05
  6.845520e+01  2.237140e+05
  6.668200e+01  2.275840e+05
  6.495470e+01  2.312375e+05
  6.327220e+01  2.354890e+05
  6.163320e+01  2.394010e+05
  6.003670e+01  2.418935e+05
  5.848160e+01  2.457095e+05
  5.696670e+01  2.483195e+05
  5.549110e+01  2.514105e+05
  5.405370e+01  2.503570e+05
  5.265350e+01  2.485100e+05
  5.128960e+01  2.464480e+05
  4.996100e+01  2.438285e+05
  4.866690e+01  2.382720e+05
  4.740620e+01  2.328905e+05
  4.617830e+01  2.273115e+05
  4.498210e+01  2.214085e+05
  4.381690e+01  2.204990e+05
  4.268190e+01  2.185055e+05
  4.157630e+01  2.162205e+05
  4.049930e+01  2.123475e+05
  3.945030e+01  2.102450e+05
  3.842840e+01  2.088905e+05
  3.743290e+01  2.069800e+05
  3.646330e+01  2.051730e+05
  3.551880e+01  2.029245e+05
  3.459870e+01  1.999815e+05
  3.370250e+01  1.965930e+05
  3.282950e+01  1.927305e+05
  3.197910e+01  1.895140e+05
  3.115070e+01  1.858410e+05
  3.034380e+01  1.827985e+05
  2.955780e+01  1.794125e+05
  2.879220e+01  1.759930e+05
  2.804640e+01  1.730080e+05
  2.731990e+01  1.702320e+05
  2.661220e+01  1.672795e+05
  2.592290e+01  1.645445e+05
  2.525140e+01  1.623095e+05
  2.459730e+01  1.605930e+05
  2.396010e+01  1.593825e+05
  2.333950e+01  1.573975e+05
  2.273490e+01  1.567600e+05
  2.214600e+01  1.559180e+05
  2.157230e+01  1.545905e+05
  2.101350e+01  1.543150e+05
  2.046920e+01  1.544365e+05
  1.993900e+01  1.541780e+05
  1.942250e+01  1.548485e+05
  1.891940e+01  1.551265e+05
  1.842930e+01  1.574665e+05
  1.795200e+01  1.590015e+05
  1.748690e+01  1.617255e+05
  1.703400e+01  1.639855e+05
  1.659270e+01  1.672095e+05
  1.616290e+01  1.710565e+05
  1.574430e+01  1.734575e+05
  1.533640e+01  1.767115e+05
  1.493920e+01  1.809320e+05
  1.455220e+01  1.840125e+05
  1.417520e+01  1.857875e+05
  1.380800e+01  1.853660e+05
  1.345040e+01  1.848205e+05
  1.310200e+01  1.847435e+05
  1.276260e+01  1.839890e+05
  1.243200e+01  1.839295e+05
  1.211000e+01  1.850110e+05
  1.179630e+01  1.854105e+05
  1.149070e+01  1.864725e+05
  1.119310e+01  1.882950e+05
  1.090310e+01  1.908400e+05
  1.062070e+01  1.932895e+05
  1.034560e+01  1.953115e+05
  1.007760e+01  1.972355e+05
  9.816600e+00  1.989325e+05
  9.562300e+00  1.987985e+05
  9.314600e+00  2.004695e+05
  9.073300e+00  2.057255e+05
  8.838300e+00  2.082320e+05
  8.609300e+00  2.126620e+05
  8.386300e+00  2.160810e+05
  8.169100e+00  2.216005e+05
  7.957500e+00  2.292510e+05
  7.751400e+00  2.308965e+05
  7.550600e+00  2.402020e+05
  7.355000e+00  2.409480e+05
  7.164500e+00  2.401640e+05
  6.978900e+00  2.424945e+05
  6.798100e+00  2.424875e+05
  6.622000e+00  2.432730e+05
  6.450500e+00  2.456840e+05
  6.283400e+00  2.469790e+05
  6.120600e+00  2.480565e+05
  5.962100e+00  2.481345e+05
  5.807600e+00  2.509535e+05
  5.657200e+00  2.527805e+05
  5.510700e+00  2.559600e+05
  5.367900e+00  2.585155e+05
  5.228900e+00  2.592185e+05
  5.093400e+00  2.591865e+05
  4.961500e+00  2.598600e+05
  4.833000e+00  2.667150e+05
  4.707800e+00  2.768530e+05
  4.585800e+00  2.664300e+05
  4.467100e+00  2.630330e+05
  4.351300e+00  2.666960e+05
  4.238600e+00  2.711585e+05
  4.128800e+00  2.726300e+05
  4.021900e+00  3.146470e+05
  3.917700e+00  2.812020e+05
  3.816200e+00  2.626960e+05
  3.717400e+00  2.620000e+05
  3.621100e+00  2.612070e+05
  3.527300e+00  2.589490e+05
  3.435900e+00  2.578105e+05
  3.346900e+00  2.558730e+05
  3.260200e+00  2.545165e+05
  3.175800e+00  2.529510e+05
  3.093500e+00  2.451275e+05
  3.013400e+00  2.390510e+05
  2.935300e+00  2.412575e+05
  2.859300e+00  2.393390e+05
  2.785200e+00  2.382340e+05
  2.713100e+00  2.363610e+05
  2.642800e+00  2.280535e+05
  2.574300e+00  2.262405e+05
  2.507600e+00  2.194790e+05
  2.442700e+00  2.167970e+05
  2.379400e+00  2.140570e+05
  2.317800e+00  2.057535e+05
  2.257700e+00  1.973675e+05
  2.199300e+00  1.975500e+05
  2.142300e+00  1.843595e+05
  2.086800e+00  1.784505e+05
  2.032700e+00  1.757615e+05
  1.980100e+00  1.937620e+05
  1.928800e+00  1.619930e+05
  1.878800e+00  1.463645e+05
  1.830200e+00  1.742550e+05
  1.782800e+00  2.950455e+05
  1.736600e+00  1.683990e+05
  1.691600e+00  1.300980e+05
  1.647800e+00  1.201815e+05
  1.605100e+00  1.149310e+05
  1.563500e+00  1.094175e+05
  1.523000e+00  1.037415e+05
  1.483600e+00  9.949220e+04
  1.445100e+00  9.321170e+04
  1.407700e+00  8.831516e+04
  1.371200e+00  7.993720e+04
  1.335700e+00  7.990330e+04
  1.301100e+00  7.078860e+04
  1.267400e+00  6.130125e+04
  1.234600e+00  6.747715e+04
  1.202600e+00  6.795040e+04
  1.171500e+00  6.369515e+04
  1.141100e+00  6.656100e+04
  1.111600e+00  5.179335e+04
  1.082800e+00  4.763640e+04
  1.054700e+00  5.972850e+04
  1.027400e+00  5.066020e+04
  1.000800e+00  4.204655e+04
  9.749000e-01  4.970960e+04
  9.496000e-01  4.158545e+04
  9.250000e-01  4.334235e+04
  9.010000e-01  4.410405e+04
  8.777000e-01  4.687320e+04
  8.550000e-01  4.897885e+04
  8.328000e-01  4.902030e+04
  8.113000e-01  5.113300e+04
  7.902000e-01  5.178620e+04
  7.698000e-01  5.204040e+04
  7.498000e-01  5.562500e+04
  7.304000e-01  5.621130e+04
  7.115000e-01  5.799315e+04
  6.931000e-01  7.445950e+04
  6.751000e-01  2.446330e+05
  6.576000e-01  4.074130e+05
  6.406000e-01  6.513640e+05
  6.240000e-01  1.547625e+05
  6.078000e-01  7.871416e+04
  5.921000e-01  7.324575e+04
  5.767000e-01  7.215809e+04
  5.618000e-01  7.483585e+04
  5.472000e-01  7.553200e+04
  5.331000e-01  9.932685e+04
  5.193000e-01  1.009675e+05
  5.058000e-01  1.027205e+05
  4.927000e-01  1.023260e+05
  4.799000e-01  1.080395e+05
  4.675000e-01  9.388115e+04
  4.554000e-01  9.337550e+04
  4.436000e-01  1.267535e+05
  4.321000e-01  1.222135e+05
  4.209000e-01  1.221985e+05
  4.100000e-01  1.113035e+05
  3.994000e-01  2.328360e+05
  3.891000e-01  2.717995e+05
  3.790000e-01  2.390485e+05
  3.692000e-01  1.416555e+05
  3.596000e-01  1.363980e+05
  3.503000e-01  1.375480e+05
  3.412000e-01  1.318045e+05
  3.324000e-01  1.303770e+05
  3.238000e-01  1.267755e+05
  3.154000e-01  1.539760e+05
  3.072000e-01  1.689270e+05
  2.992000e-01  2.237120e+05
  2.915000e-01  2.717725e+05
  2.839000e-01  3.225895e+05
  2.766000e-01  2.476450e+05
  2.694000e-01  3.376440e+05
  2.624000e-01  3.924825e+05
  2.556000e-01  4.167465e+05
  2.490000e-01  2.456635e+05
  2.426000e-01  2.285660e+05
  2.363000e-01  2.442280e+05
  2.302000e-01  2.066245e+05
  2.242000e-01  1.889795e+05
  2.184000e-01  1.854680e+05
  2.127000e-01  1.852450e+05
  2.072000e-01  1.812770e+05
  2.019000e-01  1.800760e+05
  1.966000e-01  1.825335e+05
  1.915000e-01  1.791635e+05
  1.866000e-01  1.777290e+05
  1.817000e-01  1.794145e+05
  1.770000e-01  1.809545e+05
  1.725000e-01  1.787505e+05
  1.680000e-01  1.807245e+05
  1.636000e-01  1.786420e+05
  1.594000e-01  1.773245e+05
  1.553000e-01  1.770745e+05
  1.512000e-01  1.757630e+05
  1.473000e-01  1.733775e+05
  1.435000e-01  1.811125e+05
  1.398000e-01  1.689120e+05
  1.362000e-01  1.664480e+05
  1.326000e-01  1.622960e+05
  1.292000e-01  1.575680e+05
  1.259000e-01  1.527980e+05
  1.226000e-01  1.475150e+05
  1.194000e-01  1.420460e+05
  1.163000e-01  1.370865e+05
  1.133000e-01  1.309800e+05
  1.104000e-01  1.248300e+05
  1.075000e-01  1.187150e+05
  1.047000e-01  1.125850e+05
  1.020000e-01  1.064400e+05
  9.940000e-02  1.004745e+05
  9.680000e-02  9.426459e+04
  9.430000e-02  8.801870e+04
  9.190000e-02  8.189391e+04
  8.950000e-02  7.575415e+04
  8.720000e-02  6.990316e+04
  8.490000e-02  6.435500e+04
  8.270000e-02  5.893860e+04
  8.060000e-02  5.371615e+04
  7.850000e-02  4.851645e+04
  7.640000e-02  4.372470e+04
  7.450000e-02  3.939695e+04
  7.250000e-02  3.503330e+04
  7.070000e-02  3.140150e+04
  6.880000e-02  2.772000e+04
  6.700000e-02  2.445850e+04
  6.530000e-02  2.154125e+04
  6.360000e-02  1.865630e+04
  6.200000e-02  1.623625e+04
  6.040000e-02  1.397040e+04
  5.880000e-02  1.204795e+04
  5.730000e-02  1.032125e+04
  5.580000e-02  8.869100e+03
  5.430000e-02  7.639715e+03
  5.290000e-02  6.546950e+03
  5.160000e-02  5.616250e+03
  5.020000e-02  4.811645e+03
  4.890000e-02  4.104670e+03
  4.770000e-02  3.618930e+03
  4.640000e-02  3.088480e+03
  4.520000e-02  2.802395e+03
  4.410000e-02  2.447535e+03
  4.290000e-02  2.209820e+03
  4.180000e-02  1.998715e+03
  4.070000e-02  1.901050e+03
  3.970000e-02  1.719955e+03
  3.860000e-02  1.689240e+03
  3.760000e-02  1.604185e+03
  3.670000e-02  1.562920e+03
  3.570000e-02  1.527845e+03
  3.480000e-02  1.519140e+03
  3.390000e-02  1.463665e+03
  3.300000e-02  1.442340e+03
  3.220000e-02  1.434100e+03
  3.130000e-02  1.428365e+03
  3.050000e-02  1.417355e+03
  2.970000e-02  1.404515e+03
  2.890000e-02  1.409335e+03
  2.820000e-02  1.408185e+03
  2.750000e-02  1.388020e+03
  2.680000e-02  1.387550e+03
  2.610000e-02  1.410270e+03
  2.540000e-02  1.378850e+03
  2.470000e-02  1.371970e+03
  2.410000e-02  1.357530e+03
  2.350000e-02  1.316950e+03
  2.290000e-02  1.324975e+03
  2.230000e-02  1.295630e+03
  2.170000e-02  1.271330e+03
  2.110000e-02  1.263085e+03
  2.060000e-02  1.165200e+03
  2.000000e-02  1.221595e+03
  1.950000e-02  1.193850e+03
  1.900000e-02  1.173675e+03
  1.850000e-02  1.144105e+03
  1.800000e-02  1.084280e+03
  1.760000e-02  1.068230e+03
  1.710000e-02  1.021475e+03
  1.670000e-02  9.925875e+02
  1.630000e-02  9.345890e+02
  1.580000e-02  9.322980e+02
  1.540000e-02  9.018085e+02
  1.500000e-02  8.589430e+02
  1.460000e-02  8.250160e+02
  1.430000e-02  7.828365e+02
  1.390000e-02  7.592265e+02
  1.350000e-02  6.890805e+02
  1.320000e-02  6.831205e+02
  1.280000e-02  6.216850e+02
  1.250000e-02  5.843190e+02
  1.220000e-02  5.584160e+02
  1.190000e-02  5.068385e+02
  1.160000e-02  4.832265e+02
  1.130000e-02  4.360055e+02
  1.100000e-02  5.066095e+02
  1.070000e-02  5.478710e+02
  1.040000e-02  4.942295e+02
  1.010000e-02  3.609300e+03
