  4.934820e+03  9.163000e-01
  4.806990e+03  0.000000e+00
  4.682470e+03  0.000000e+00
  4.561180e+03  0.000000e+00
  4.443030e+03  0.000000e+00
  4.327940e+03  0.000000e+00
  4.215830e+03  0.000000e+00
  4.106630e+03  0.000000e+00
  4.000250e+03  9.163000e-01
  3.896630e+03  0.000000e+00
  3.795700e+03  0.000000e+00
  3.697380e+03  0.000000e+00
  3.601600e+03  0.000000e+00
  3.508310e+03  0.000000e+00
  3.417430e+03  0.000000e+00
  3.328910e+03  9.163000e-01
  3.242680e+03  0.000000e+00
  3.158680e+03  9.163000e-01
  3.076860e+03  0.000000e+00
  2.997160e+03  0.000000e+00
  2.919530e+03  9.163000e-01
  2.843900e+03  0.000000e+00
  2.770230e+03  0.000000e+00
  2.698480e+03  9.163000e-01
  2.628580e+03  0.000000e+00
  2.560490e+03  0.000000e+00
  2.494160e+03  9.163000e-01
  2.429550e+03  0.000000e+00
  2.366620e+03  0.000000e+00
  2.305320e+03  0.000000e+00
  2.245600e+03  1.832550e+00
  2.187430e+03  9.163000e-01
  2.130770e+03  9.163000e-01
  2.075580e+03  9.163000e-01
  2.021810e+03  9.163000e-01
  1.969440e+03  0.000000e+00
  1.918430e+03  9.163000e-01
  1.868730e+03  0.000000e+00
  1.820330e+03  1.832600e+00
  1.773170e+03  9.163000e-01
  1.727240e+03  1.832600e+00
  1.682500e+03  0.000000e+00
  1.638920e+03  1.832600e+00
  1.596470e+03  0.000000e+00
  1.555110e+03  0.000000e+00
  1.514830e+03  2.748900e+00
  1.475590e+03  1.832600e+00
  1.437370e+03  2.748900e+00
  1.400140e+03  1.832600e+00
  1.363870e+03  1.832600e+00
  1.328540e+03  1.832600e+00
  1.294120e+03  9.163000e-01
  1.260600e+03  0.000000e+00
  1.227950e+03  1.832600e+00
  1.196140e+03  9.163000e-01
  1.165160e+03  9.163000e-01
  1.134980e+03  1.832600e+00
  1.105580e+03  4.581500e+00
  1.076940e+03  1.832600e+00
  1.049040e+03  6.414050e+00
  1.021870e+03  2.748900e+00
  9.953980e+02  8.246650e+00
  9.696140e+02  9.162951e+00
  9.444970e+02  3.665150e+00
  9.200320e+02  3.665200e+00
  8.962000e+02  1.832600e+00
  8.729850e+02  9.162900e+00
  8.503720e+02  5.497800e+00
  8.283450e+02  1.007920e+01
  8.068880e+02  6.414050e+00
  7.859870e+02  7.330350e+00
  7.656270e+02  1.466060e+01
  7.457950e+02  9.162900e+00
  7.264760e+02  1.007920e+01
  7.076580e+02  1.282805e+01
  6.893270e+02  1.832570e+01
  6.714710e+02  1.007915e+01
  6.540780e+02  1.374430e+01
  6.371350e+02  1.282810e+01
  6.206310e+02  1.191180e+01
  6.045550e+02  1.832575e+01
  5.888950e+02  2.015820e+01
  5.736410e+02  2.290715e+01
  5.587810e+02  2.657230e+01
  5.443070e+02  1.466060e+01
  5.302080e+02  1.740950e+01
  5.164740e+02  3.848355e+01
  5.030950e+02  3.023735e+01
  4.900630e+02  2.932105e+01
  4.773690e+02  4.489745e+01
  4.650040e+02  4.489765e+01
  4.529580e+02  5.222800e+01
  4.412250e+02  5.772555e+01
  4.297960e+02  5.222795e+01
  4.186630e+02  7.696720e+01
  4.078180e+02  6.322290e+01
  3.972540e+02  7.971505e+01
  3.869640e+02  8.154815e+01
  3.769400e+02  8.704590e+01
  3.671770e+02  1.044540e+02
  3.576650e+02  1.117855e+02
  3.484010e+02  1.227815e+02
  3.393760e+02  1.246135e+02
  3.305850e+02  1.511850e+02
  3.220220e+02  1.731775e+02
  3.136800e+02  1.676775e+02
  3.055550e+02  1.786740e+02
  2.976400e+02  1.759245e+02
  2.899300e+02  1.924180e+02
  2.824200e+02  2.345670e+02
  2.751040e+02  2.409815e+02
  2.679780e+02  2.666360e+02
  2.610370e+02  3.124530e+02
  2.542750e+02  2.996245e+02
  2.476890e+02  3.481865e+02
  2.412730e+02  3.775085e+02
  2.350230e+02  4.049960e+02
  2.289350e+02  4.535595e+02
  2.230050e+02  4.929580e+02
  2.172280e+02  5.607635e+02
  2.116010e+02  5.790895e+02
  2.061200e+02  6.496425e+02
  2.007810e+02  6.927075e+02
  1.955800e+02  7.284410e+02
  1.905140e+02  8.677175e+02
  1.855790e+02  9.080400e+02
  1.807720e+02  9.767540e+02
  1.760890e+02  1.020738e+03
  1.715280e+02  1.121530e+03
  1.670850e+02  1.294700e+03
  1.627570e+02  1.402825e+03
  1.585410e+02  1.531095e+03
  1.544340e+02  1.565910e+03
  1.504340e+02  1.809650e+03
  1.465370e+02  1.842645e+03
  1.427410e+02  2.131265e+03
  1.390440e+02  2.252210e+03
  1.354420e+02  2.331930e+03
  1.319340e+02  2.494115e+03
  1.285160e+02  2.676450e+03
  1.251870e+02  2.968740e+03
  1.219440e+02  3.265625e+03
  1.187850e+02  3.403985e+03
  1.157090e+02  3.638540e+03
  1.127110e+02  3.942765e+03
  1.097920e+02  4.161750e+03
  1.069480e+02  4.468690e+03
  1.041770e+02  4.935075e+03
  1.014790e+02  5.156815e+03
  9.885030e+01  5.693755e+03
  9.628970e+01  5.935655e+03
  9.379550e+01  6.238040e+03
  9.136590e+01  6.654945e+03
  8.899920e+01  7.196460e+03
  8.669380e+01  7.478680e+03
  8.444820e+01  8.301490e+03
  8.226070e+01  8.750465e+03
  8.012980e+01  9.586100e+03
  7.805420e+01  1.001676e+04
  7.603240e+01  1.059120e+04
  7.406290e+01  1.123355e+04
  7.214440e+01  1.212060e+04
  7.027560e+01  1.300940e+04
  6.845520e+01  1.377440e+04
  6.668200e+01  1.459085e+04
  6.495470e+01  1.545945e+04
  6.327220e+01  1.650585e+04
  6.163320e+01  1.726725e+04
  6.003670e+01  1.809935e+04
  5.848160e+01  1.859035e+04
  5.696670e+01  1.957350e+04
  5.549110e+01  2.040830e+04
  5.405370e+01  2.160775e+04
  5.265350e+01  2.244980e+04
  5.128960e+01  2.371335e+04
  4.996100e+01  2.512990e+04
  4.866690e+01  2.670140e+04
  4.740620e+01  2.850360e+04
  4.617830e+01  2.974155e+04
  4.498210e+01  3.167855e+04
  4.381690e+01  3.218435e+04
  4.268190e+01  3.335705e+04
  4.157630e+01  3.397940e+04
  4.049930e+01  3.488645e+04
  3.945030e+01  3.540690e+04
  3.842840e+01  3.608765e+04
  3.743290e+01  3.636730e+04
  3.646330e+01  3.663015e+04
  3.551880e+01  3.737415e+04
  3.459870e+01  3.801100e+04
  3.370250e+01  3.905370e+04
  3.282950e+01  3.983245e+04
  3.197910e+01  4.004875e+04
  3.115070e+01  4.054170e+04
  3.034380e+01  4.169810e+04
  2.955780e+01  4.261255e+04
  2.879220e+01  4.340970e+04
  2.804640e+01  4.384125e+04
  2.731990e+01  4.476485e+04
  2.661220e+01  4.554000e+04
  2.592290e+01  4.649845e+04
  2.525140e+01  4.756410e+04
  2.459730e+01  4.804430e+04
  2.396010e+01  4.935460e+04
  2.333950e+01  4.999680e+04
  2.273490e+01  5.095510e+04
  2.214600e+01  5.223725e+04
  2.157230e+01  5.300115e+04
  2.101350e+01  5.396975e+04
  2.046920e+01  5.480355e+04
  1.993900e+01  5.585820e+04
  1.942250e+01  5.640885e+04
  1.891940e+01  5.717120e+04
  1.842930e+01  5.676175e+04
  1.795200e+01  5.647315e+04
  1.748690e+01  5.557140e+04
  1.703400e+01  5.433910e+04
  1.659270e+01  5.289410e+04
  1.616290e+01  5.207660e+04
  1.574430e+01  5.036240e+04
  1.533640e+01  4.940480e+04
  1.493920e+01  4.896130e+04
  1.455220e+01  4.820275e+04
  1.417520e+01  4.791525e+04
  1.380800e+01  4.862700e+04
  1.345040e+01  4.986760e+04
  1.310200e+01  5.104410e+04
  1.276260e+01  5.296365e+04
  1.243200e+01  5.458290e+04
  1.211000e+01  5.674795e+04
  1.179630e+01  5.813245e+04
  1.149070e+01  6.036090e+04
  1.119310e+01  6.210635e+04
  1.090310e+01  6.473330e+04
  1.062070e+01  6.672359e+04
  1.034560e+01  6.927525e+04
  1.007760e+01  7.101445e+04
  9.816600e+00  7.351690e+04
  9.562300e+00  7.453750e+04
  9.314600e+00  7.358005e+04
  9.073300e+00  7.180795e+04
  8.838300e+00  6.785884e+04
  8.609300e+00  6.434115e+04
  8.386300e+00  6.048090e+04
  8.169100e+00  5.690460e+04
  7.957500e+00  5.399645e+04
  7.751400e+00  5.151690e+04
  7.550600e+00  5.025990e+04
  7.355000e+00  4.932155e+04
  7.164500e+00  4.868020e+04
  6.978900e+00  4.898985e+04
  6.798100e+00  4.915120e+04
  6.622000e+00  4.943055e+04
  6.450500e+00  5.017915e+04
  6.283400e+00  5.106705e+04
  6.120600e+00  5.112570e+04
  5.962100e+00  5.182205e+04
  5.807600e+00  5.243685e+04
  5.657200e+00  5.305620e+04
  5.510700e+00  5.355570e+04
  5.367900e+00  5.527455e+04
  5.228900e+00  5.549735e+04
  5.093400e+00  5.589205e+04
  4.961500e+00  5.625780e+04
  4.833000e+00  5.909905e+04
  4.707800e+00  6.313070e+04
  4.585800e+00  6.142190e+04
  4.467100e+00  6.211095e+04
  4.351300e+00  6.403700e+04
  4.238600e+00  6.513825e+04
  4.128800e+00  6.573485e+04
  4.021900e+00  9.693875e+04
  3.917700e+00  8.496475e+04
  3.816200e+00  6.896380e+04
  3.717400e+00  6.907100e+04
  3.621100e+00  7.051520e+04
  3.527300e+00  7.160716e+04
  3.435900e+00  7.261880e+04
  3.346900e+00  7.380720e+04
  3.260200e+00  7.556830e+04
  3.175800e+00  7.652495e+04
  3.093500e+00  7.543000e+04
  3.013400e+00  7.618325e+04
  2.935300e+00  7.666695e+04
  2.859300e+00  7.741930e+04
  2.785200e+00  7.892370e+04
  2.713100e+00  8.038516e+04
  2.642800e+00  8.024234e+04
  2.574300e+00  8.170741e+04
  2.507600e+00  8.055575e+04
  2.442700e+00  8.205465e+04
  2.379400e+00  8.412365e+04
  2.317800e+00  8.326409e+04
  2.257700e+00  8.191630e+04
  2.199300e+00  9.415325e+04
  2.142300e+00  8.358216e+04
  2.086800e+00  8.136834e+04
  2.032700e+00  8.561255e+04
  1.980100e+00  1.129705e+05
  1.928800e+00  8.591225e+04
  1.878800e+00  7.609705e+04
  1.830200e+00  1.091800e+05
  1.782800e+00  2.508160e+05
  1.736600e+00  1.373010e+05
  1.691600e+00  8.721895e+04
  1.647800e+00  6.760680e+04
  1.605100e+00  6.205220e+04
  1.563500e+00  5.930345e+04
  1.523000e+00  5.680200e+04
  1.483600e+00  5.641735e+04
  1.445100e+00  5.257155e+04
  1.407700e+00  5.071055e+04
  1.371200e+00  4.792520e+04
  1.335700e+00  4.601560e+04
  1.301100e+00  4.174655e+04
  1.267400e+00  3.609685e+04
  1.234600e+00  3.799630e+04
  1.202600e+00  4.062515e+04
  1.171500e+00  3.863115e+04
  1.141100e+00  4.932880e+04
  1.111600e+00  3.259945e+04
  1.082800e+00  3.077135e+04
  1.054700e+00  4.405005e+04
  1.027400e+00  3.215405e+04
  1.000800e+00  2.604250e+04
  9.749000e-01  3.328490e+04
  9.496000e-01  2.799325e+04
  9.250000e-01  2.909640e+04
  9.010000e-01  2.535800e+04
  8.777000e-01  2.982865e+04
  8.550000e-01  3.241155e+04
  8.328000e-01  2.690465e+04
  8.113000e-01  3.421935e+04
  7.902000e-01  3.190940e+04
  7.698000e-01  3.022260e+04
  7.498000e-01  3.730825e+04
  7.304000e-01  3.415800e+04
  7.115000e-01  3.510555e+04
  6.931000e-01  1.136765e+05
  6.751000e-01  9.924700e+05
  6.576000e-01  6.405855e+05
  6.406000e-01  2.287130e+06
  6.240000e-01  6.517425e+05
  6.078000e-01  6.331865e+04
  5.921000e-01  5.414390e+04
  5.767000e-01  5.512070e+04
  5.618000e-01  5.838075e+04
  5.472000e-01  5.902480e+04
  5.331000e-01  7.019895e+04
  5.193000e-01  7.307420e+04
  5.058000e-01  9.826810e+04
  4.927000e-01  2.338360e+05
  4.799000e-01  2.533155e+05
  4.675000e-01  1.254435e+05
  4.554000e-01  8.830634e+04
  4.436000e-01  2.159440e+05
  4.321000e-01  2.680250e+05
  4.209000e-01  1.944450e+05
  4.100000e-01  1.333800e+05
  3.994000e-01  2.341435e+05
  3.891000e-01  5.048645e+05
  3.790000e-01  6.717375e+05
  3.692000e-01  1.154425e+05
  3.596000e-01  8.482455e+04
  3.503000e-01  8.913755e+04
  3.412000e-01  9.329200e+04
  3.324000e-01  1.013530e+05
  3.238000e-01  1.034030e+05
  3.154000e-01  1.037950e+05
  3.072000e-01  1.199955e+05
  2.992000e-01  1.701335e+05
  2.915000e-01  2.191285e+05
  2.839000e-01  2.411205e+05
  2.766000e-01  1.709375e+05
  2.694000e-01  4.222555e+05
  2.624000e-01  9.251685e+05
  2.556000e-01  1.233945e+06
  2.490000e-01  4.467810e+05
  2.426000e-01  3.063175e+05
  2.363000e-01  4.667940e+05
  2.302000e-01  2.997965e+05
  2.242000e-01  2.143590e+05
  2.184000e-01  2.093725e+05
  2.127000e-01  2.195405e+05
  2.072000e-01  2.268710e+05
  2.019000e-01  2.413655e+05
  1.966000e-01  2.649340e+05
  1.915000e-01  6.378790e+05
  1.866000e-01  7.221315e+05
  1.817000e-01  4.604945e+05
  1.770000e-01  2.506670e+05
  1.725000e-01  2.829205e+05
  1.680000e-01  3.357345e+05
  1.636000e-01  3.465820e+05
  1.594000e-01  3.615860e+05
  1.553000e-01  3.635955e+05
  1.512000e-01  3.972190e+05
  1.473000e-01  4.132950e+05
  1.435000e-01  5.783385e+05
  1.398000e-01  4.671150e+05
  1.362000e-01  4.837640e+05
  1.326000e-01  5.281910e+05
  1.292000e-01  4.921900e+05
  1.259000e-01  5.359325e+05
  1.226000e-01  7.007960e+05
  1.194000e-01  9.023015e+05
  1.163000e-01  6.277650e+05
  1.133000e-01  4.087150e+05
  1.104000e-01  3.286340e+05
  1.075000e-01  3.879905e+05
  1.047000e-01  4.598745e+05
  1.020000e-01  5.231895e+05
  9.940000e-02  3.187145e+05
  9.680000e-02  1.154710e+05
  9.430000e-02  1.062105e+05
  9.190000e-02  1.167880e+05
  8.950000e-02  5.278125e+05
  8.720000e-02  5.907860e+05
  8.490000e-02  5.331250e+05
  8.270000e-02  5.522695e+05
  8.060000e-02  6.501315e+05
  7.850000e-02  6.735270e+05
  7.640000e-02  6.917420e+05
  7.450000e-02  6.929065e+05
  7.250000e-02  7.000855e+05
  7.070000e-02  7.031220e+05
  6.880000e-02  7.052965e+05
  6.700000e-02  7.058150e+05
  6.530000e-02  7.027075e+05
  6.360000e-02  6.982180e+05
  6.200000e-02  6.874855e+05
  6.040000e-02  6.799320e+05
  5.880000e-02  6.659930e+05
  5.730000e-02  6.491125e+05
  5.580000e-02  6.323855e+05
  5.430000e-02  6.130050e+05
  5.290000e-02  5.909425e+05
  5.160000e-02  5.703650e+05
  5.020000e-02  5.462600e+05
  4.890000e-02  5.220760e+05
  4.770000e-02  4.944095e+05
  4.640000e-02  4.696330e+05
  4.520000e-02  4.415675e+05
  4.410000e-02  4.137075e+05
  4.290000e-02  3.847815e+05
  4.180000e-02  3.564250e+05
  4.070000e-02  3.290795e+05
  3.970000e-02  3.015800e+05
  3.860000e-02  2.770825e+05
  3.760000e-02  2.498360e+05
  3.670000e-02  2.258880e+05
  3.570000e-02  2.039085e+05
  3.480000e-02  1.814660e+05
  3.390000e-02  1.617975e+05
  3.300000e-02  1.427900e+05
  3.220000e-02  1.257090e+05
  3.130000e-02  1.096790e+05
  3.050000e-02  9.486895e+04
  2.970000e-02  8.186955e+04
  2.890000e-02  7.039784e+04
  2.820000e-02  5.995580e+04
  2.750000e-02  5.110445e+04
  2.680000e-02  4.284605e+04
  2.610000e-02  3.601250e+04
  2.540000e-02  2.971770e+04
  2.470000e-02  2.479355e+04
  2.410000e-02  2.017820e+04
  2.350000e-02  1.669730e+04
  2.290000e-02  1.354170e+04
  2.230000e-02  1.124545e+04
  2.170000e-02  9.109645e+03
  2.110000e-02  7.382465e+03
  2.060000e-02  6.096925e+03
  2.000000e-02  4.909425e+03
  1.950000e-02  4.005055e+03
  1.900000e-02  3.437880e+03
  1.850000e-02  2.795580e+03
  1.800000e-02  2.436395e+03
  1.760000e-02  2.058885e+03
  1.710000e-02  1.745520e+03
  1.670000e-02  1.683215e+03
  1.630000e-02  1.491700e+03
  1.580000e-02  1.387225e+03
  1.540000e-02  1.299270e+03
  1.500000e-02  1.261730e+03
  1.460000e-02  1.181100e+03
  1.430000e-02  1.072960e+03
  1.390000e-02  1.019820e+03
  1.350000e-02  1.019815e+03
  1.320000e-02  9.749215e+02
  1.280000e-02  8.448095e+02
  1.250000e-02  8.374795e+02
  1.220000e-02  7.229450e+02
  1.190000e-02  7.211135e+02
  1.160000e-02  6.991210e+02
  1.130000e-02  6.194050e+02
  1.100000e-02  5.809210e+02
  1.070000e-02  6.001620e+02
  1.040000e-02  5.076180e+02
  1.010000e-02  3.930845e+03
