  4.934820e+03  0.000000e+00
  4.806990e+03  0.000000e+00
  4.682470e+03  0.000000e+00
  4.561180e+03  0.000000e+00
  4.443030e+03  0.000000e+00
  4.327940e+03  0.000000e+00
  4.215830e+03  0.000000e+00
  4.106630e+03  6.224000e-01
  4.000250e+03  0.000000e+00
  3.896630e+03  0.000000e+00
  3.795700e+03  0.000000e+00
  3.697380e+03  0.000000e+00
  3.601600e+03  0.000000e+00
  3.508310e+03  0.000000e+00
  3.417430e+03  0.000000e+00
  3.328910e+03  0.000000e+00
  3.242680e+03  0.000000e+00
  3.158680e+03  0.000000e+00
  3.076860e+03  0.000000e+00
  2.997160e+03  6.224000e-01
  2.919530e+03  0.000000e+00
  2.843900e+03  0.000000e+00
  2.770230e+03  0.000000e+00
  2.698480e+03  0.000000e+00
  2.628580e+03  0.000000e+00
  2.560490e+03  0.000000e+00
  2.494160e+03  0.000000e+00
  2.429550e+03  0.000000e+00
  2.366620e+03  0.000000e+00
  2.305320e+03  0.000000e+00
  2.245600e+03  0.000000e+00
  2.187430e+03  0.000000e+00
  2.130770e+03  0.000000e+00
  2.075580e+03  0.000000e+00
  2.021810e+03  1.244800e+00
  1.969440e+03  6.224000e-01
  1.918430e+03  0.000000e+00
  1.868730e+03  6.224000e-01
  1.820330e+03  6.224000e-01
  1.773170e+03  0.000000e+00
  1.727240e+03  1.244800e+00
  1.682500e+03  6.224000e-01
  1.638920e+03  6.224000e-01
  1.596470e+03  0.000000e+00
  1.555110e+03  1.867200e+00
  1.514830e+03  6.224000e-01
  1.475590e+03  1.244800e+00
  1.437370e+03  1.244800e+00
  1.400140e+03  6.224000e-01
  1.363870e+03  6.224000e-01
  1.328540e+03  1.867200e+00
  1.294120e+03  1.244800e+00
  1.260600e+03  2.489600e+00
  1.227950e+03  1.244800e+00
  1.196140e+03  1.244800e+00
  1.165160e+03  1.867200e+00
  1.134980e+03  2.489600e+00
  1.105580e+03  3.112000e+00
  1.076940e+03  2.489600e+00
  1.049040e+03  3.112000e+00
  1.021870e+03  1.244800e+00
  9.953980e+02  3.112000e+00
  9.696140e+02  6.224000e-01
  9.444970e+02  3.112000e+00
  9.200320e+02  7.468800e+00
  8.962000e+02  8.091200e+00
  8.729850e+02  9.336000e+00
  8.503720e+02  6.846400e+00
  8.283450e+02  4.979200e+00
  8.068880e+02  9.335999e+00
  7.859870e+02  1.244800e+01
  7.656270e+02  1.244800e+01
  7.457950e+02  1.556000e+01
  7.264760e+02  1.493760e+01
  7.076580e+02  1.182560e+01
  6.893270e+02  2.178400e+01
  6.714710e+02  1.618240e+01
  6.540780e+02  2.800805e+01
  6.371350e+02  2.551840e+01
  6.206310e+02  3.609925e+01
  6.045550e+02  3.360960e+01
  5.888950e+02  3.672165e+01
  5.736410e+02  4.170090e+01
  5.587810e+02  6.099555e+01
  5.443070e+02  5.663875e+01
  5.302080e+02  6.784206e+01
  5.164740e+02  7.717805e+01
  5.030950e+02  7.842265e+01
  4.900630e+02  8.838145e+01
  4.773690e+02  7.842285e+01
  4.650040e+02  1.145230e+02
  4.529580e+02  1.226140e+02
  4.412250e+02  1.300830e+02
  4.297960e+02  1.543575e+02
  4.186630e+02  1.730285e+02
  4.078180e+02  1.817430e+02
  3.972540e+02  2.072610e+02
  3.869640e+02  2.582975e+02
  3.769400e+02  2.732355e+02
  3.671770e+02  3.099585e+02
  3.576650e+02  3.435675e+02
  3.484010e+02  4.064290e+02
  3.393760e+02  4.450190e+02
  3.305850e+02  5.215750e+02
  3.220220e+02  5.701230e+02
  3.136800e+02  6.323625e+02
  3.055550e+02  6.983375e+02
  2.976400e+02  7.854745e+02
  2.899300e+02  9.062150e+02
  2.824200e+02  9.634810e+02
  2.751040e+02  1.135270e+03
  2.679780e+02  1.313885e+03
  2.610370e+02  1.442105e+03
  2.542750e+02  1.652480e+03
  2.476890e+02  1.749575e+03
  2.412730e+02  1.975495e+03
  2.350230e+02  2.243765e+03
  2.289350e+02  2.477795e+03
  2.230050e+02  2.878620e+03
  2.172280e+02  3.243350e+03
  2.116010e+02  3.534005e+03
  2.061200e+02  3.993350e+03
  2.007810e+02  4.449555e+03
  1.955800e+02  4.999775e+03
  1.905140e+02  5.630880e+03
  1.855790e+02  6.212220e+03
  1.807720e+02  7.230455e+03
  1.760890e+02  7.987940e+03
  1.715280e+02  8.864285e+03
  1.670850e+02  9.824735e+03
  1.627570e+02  1.112980e+04
  1.585410e+02  1.213800e+04
  1.544340e+02  1.352235e+04
  1.504340e+02  1.492705e+04
  1.465370e+02  1.646930e+04
  1.427410e+02  1.798370e+04
  1.390440e+02  1.991520e+04
  1.354420e+02  2.191610e+04
  1.319340e+02  2.398755e+04
  1.285160e+02  2.624630e+04
  1.251870e+02  2.881105e+04
  1.219440e+02  3.125215e+04
  1.187850e+02  3.413760e+04
  1.157090e+02  3.764120e+04
  1.127110e+02  4.039290e+04
  1.097920e+02  4.391560e+04
  1.069480e+02  4.809125e+04
  1.041770e+02  5.241830e+04
  1.014790e+02  5.651365e+04
  9.885030e+01  6.136915e+04
  9.628970e+01  6.628295e+04
  9.379550e+01  7.145645e+04
  9.136590e+01  7.724295e+04
  8.899920e+01  8.287010e+04
  8.669380e+01  8.966680e+04
  8.444820e+01  9.528075e+04
  8.226070e+01  1.023135e+05
  8.012980e+01  1.094825e+05
  7.805420e+01  1.169445e+05
  7.603240e+01  1.246795e+05
  7.406290e+01  1.320355e+05
  7.214440e+01  1.393845e+05
  7.027560e+01  1.460615e+05
  6.845520e+01  1.546365e+05
  6.668200e+01  1.614350e+05
  6.495470e+01  1.682800e+05
  6.327220e+01  1.744045e+05
  6.163320e+01  1.794065e+05
  6.003670e+01  1.835520e+05
  5.848160e+01  1.880780e+05
  5.696670e+01  1.912810e+05
  5.549110e+01  1.951815e+05
  5.405370e+01  1.974200e+05
  5.265350e+01  2.000195e+05
  5.128960e+01  2.016985e+05
  4.996100e+01  2.034800e+05
  4.866690e+01  2.039380e+05
  4.740620e+01  2.030800e+05
  4.617830e+01  2.020930e+05
  4.498210e+01  1.986900e+05
  4.381690e+01  1.972295e+05
  4.268190e+01  1.941285e+05
  4.157630e+01  1.902670e+05
  4.049930e+01  1.862745e+05
  3.945030e+01  1.822455e+05
  3.842840e+01  1.785790e+05
  3.743290e+01  1.743270e+05
  3.646330e+01  1.697055e+05
  3.551880e+01  1.653990e+05
  3.459870e+01  1.611120e+05
  3.370250e+01  1.560995e+05
  3.282950e+01  1.512315e+05
  3.197910e+01  1.458725e+05
  3.115070e+01  1.415050e+05
  3.034380e+01  1.361795e+05
  2.955780e+01  1.311290e+05
  2.879220e+01  1.253245e+05
  2.804640e+01  1.208425e+05
  2.731990e+01  1.150500e+05
  2.661220e+01  1.103915e+05
  2.592290e+01  1.061765e+05
  2.525140e+01  1.015495e+05
  2.459730e+01  9.560620e+04
  2.396010e+01  9.112620e+04
  2.333950e+01  8.692560e+04
  2.273490e+01  8.249470e+04
  2.214600e+01  7.812105e+04
  2.157230e+01  7.378160e+04
  2.101350e+01  7.013555e+04
  2.046920e+01  6.659159e+04
  1.993900e+01  6.258275e+04
  1.942250e+01  5.908055e+04
  1.891940e+01  5.561505e+04
  1.842930e+01  5.301320e+04
  1.795200e+01  4.978980e+04
  1.748690e+01  4.677050e+04
  1.703400e+01  4.407420e+04
  1.659270e+01  4.168065e+04
  1.616290e+01  3.963965e+04
  1.574430e+01  3.757640e+04
  1.533640e+01  3.552375e+04
  1.493920e+01  3.398205e+04
  1.455220e+01  3.190880e+04
  1.417520e+01  2.955985e+04
  1.380800e+01  2.696820e+04
  1.345040e+01  2.393885e+04
  1.310200e+01  2.121720e+04
  1.276260e+01  1.903695e+04
  1.243200e+01  1.740490e+04
  1.211000e+01  1.594600e+04
  1.179630e+01  1.459475e+04
  1.149070e+01  1.362020e+04
  1.119310e+01  1.279785e+04
  1.090310e+01  1.220985e+04
  1.062070e+01  1.174775e+04
  1.034560e+01  1.112860e+04
  1.007760e+01  1.061760e+04
  9.816600e+00  1.017250e+04
  9.562300e+00  9.421324e+03
  9.314600e+00  8.553705e+03
  9.073300e+00  7.480675e+03
  8.838300e+00  6.547695e+03
  8.609300e+00  5.789615e+03
  8.386300e+00  5.304140e+03
  8.169100e+00  4.949355e+03
  7.957500e+00  4.995410e+03
  7.751400e+00  4.965540e+03
  7.550600e+00  5.230685e+03
  7.355000e+00  5.078200e+03
  7.164500e+00  4.542315e+03
  6.978900e+00  4.235460e+03
  6.798100e+00  3.828410e+03
  6.622000e+00  3.587550e+03
  6.450500e+00  3.196660e+03
  6.283400e+00  2.896665e+03
  6.120600e+00  2.766580e+03
  5.962100e+00  2.566175e+03
  5.807600e+00  2.481525e+03
  5.657200e+00  2.500195e+03
  5.510700e+00  2.502685e+03
  5.367900e+00  2.395000e+03
  5.228900e+00  2.317205e+03
  5.093400e+00  2.250615e+03
  4.961500e+00  2.200200e+03
  4.833000e+00  2.074470e+03
  4.707800e+00  2.094385e+03
  4.585800e+00  2.020945e+03
  4.467100e+00  1.943135e+03
  4.351300e+00  1.930080e+03
  4.238600e+00  1.897715e+03
  4.128800e+00  1.887765e+03
  4.021900e+00  1.943775e+03
  3.917700e+00  1.889620e+03
  3.816200e+00  1.779455e+03
  3.717400e+00  1.786920e+03
  3.621100e+00  1.706635e+03
  3.527300e+00  1.643150e+03
  3.435900e+00  1.565970e+03
  3.346900e+00  1.561605e+03
  3.260200e+00  1.427810e+03
  3.175800e+00  1.213690e+03
  3.093500e+00  9.504070e+02
  3.013400e+00  8.246860e+02
  2.935300e+00  9.174240e+02
  2.859300e+00  1.048135e+03
  2.785200e+00  1.108500e+03
  2.713100e+00  1.269080e+03
  2.642800e+00  1.298955e+03
  2.574300e+00  1.294600e+03
  2.507600e+00  1.249160e+03
  2.442700e+00  1.214920e+03
  2.379400e+00  1.197510e+03
  2.317800e+00  1.124680e+03
  2.257700e+00  1.126550e+03
  2.199300e+00  1.059325e+03
  2.142300e+00  1.048125e+03
  2.086800e+00  1.035665e+03
  2.032700e+00  1.028205e+03
  1.980100e+00  1.033813e+03
  1.928800e+00  9.404485e+02
  1.878800e+00  8.707450e+02
  1.830200e+00  9.616165e+02
  1.782800e+00  1.427165e+03
  1.736600e+00  9.784165e+02
  1.691600e+00  8.053915e+02
  1.647800e+00  7.232330e+02
  1.605100e+00  7.039395e+02
  1.563500e+00  6.336070e+02
  1.523000e+00  6.149355e+02
  1.483600e+00  5.950185e+02
  1.445100e+00  5.695005e+02
  1.407700e+00  5.377575e+02
  1.371200e+00  4.873435e+02
  1.335700e+00  4.879650e+02
  1.301100e+00  4.375510e+02
  1.267400e+00  3.653510e+02
  1.234600e+00  4.325705e+02
  1.202600e+00  3.771770e+02
  1.171500e+00  3.709525e+02
  1.141100e+00  4.089190e+02
  1.111600e+00  2.975080e+02
  1.082800e+00  2.738575e+02
  1.054700e+00  3.473020e+02
  1.027400e+00  2.477175e+02
  1.000800e+00  2.284220e+02
  9.749000e-01  3.049790e+02
  9.496000e-01  1.985460e+02
  9.250000e-01  2.035270e+02
  9.010000e-01  2.147310e+02
  8.777000e-01  2.396260e+02
  8.550000e-01  2.452285e+02
  8.328000e-01  2.539405e+02
  8.113000e-01  2.402490e+02
  7.902000e-01  2.775925e+02
  7.698000e-01  2.526970e+02
  7.498000e-01  2.695015e+02
  7.304000e-01  2.950195e+02
  7.115000e-01  3.367200e+02
  6.931000e-01  7.836060e+02
  6.751000e-01  5.708685e+03
  6.576000e-01  4.326955e+03
  6.406000e-01  1.445035e+04
  6.240000e-01  4.149570e+03
  6.078000e-01  5.701220e+02
  5.921000e-01  4.381705e+02
  5.767000e-01  4.549770e+02
  5.618000e-01  5.203295e+02
  5.472000e-01  4.636905e+02
  5.331000e-01  6.130680e+02
  5.193000e-01  5.931510e+02
  5.058000e-01  6.304955e+02
  4.927000e-01  1.323235e+03
  4.799000e-01  1.528620e+03
  4.675000e-01  8.707445e+02
  4.554000e-01  6.585040e+02
  4.436000e-01  1.568460e+03
  4.321000e-01  1.590865e+03
  4.209000e-01  1.396060e+03
  4.100000e-01  8.719900e+02
  3.994000e-01  1.898340e+03
  3.891000e-01  3.372810e+03
  3.790000e-01  2.171565e+03
  3.692000e-01  6.286275e+02
  3.596000e-01  4.755180e+02
  3.503000e-01  4.705365e+02
  3.412000e-01  4.593345e+02
  3.324000e-01  4.960560e+02
  3.238000e-01  4.524880e+02
  3.154000e-01  4.481310e+02
  3.072000e-01  6.230285e+02
  2.992000e-01  9.136875e+02
  2.915000e-01  1.226750e+03
  2.839000e-01  1.243570e+03
  2.766000e-01  5.682540e+02
  2.694000e-01  1.621975e+03
  2.624000e-01  4.188170e+03
  2.556000e-01  4.401640e+03
  2.490000e-01  1.483180e+03
  2.426000e-01  1.135270e+03
  2.363000e-01  1.476965e+03
  2.302000e-01  1.073025e+03
  2.242000e-01  6.678410e+02
  2.184000e-01  6.410765e+02
  2.127000e-01  6.585035e+02
  2.072000e-01  6.211605e+02
  2.019000e-01  7.026945e+02
  1.966000e-01  8.035235e+02
  1.915000e-01  1.318260e+03
  1.866000e-01  1.452060e+03
  1.817000e-01  8.103710e+02
  1.770000e-01  5.452270e+02
  1.725000e-01  5.769685e+02
  1.680000e-01  8.277990e+02
  1.636000e-01  8.390020e+02
  1.594000e-01  8.719895e+02
  1.553000e-01  9.852660e+02
  1.512000e-01  1.007047e+03
  1.473000e-01  1.041275e+03
  1.435000e-01  1.680495e+03
  1.398000e-01  1.383615e+03
  1.362000e-01  1.195025e+03
  1.326000e-01  1.295220e+03
  1.292000e-01  1.286515e+03
  1.259000e-01  1.506840e+03
  1.226000e-01  2.423020e+03
  1.194000e-01  2.471565e+03
  1.163000e-01  1.692945e+03
  1.133000e-01  1.645020e+03
  1.104000e-01  1.698540e+03
  1.075000e-01  1.745215e+03
  1.047000e-01  1.753315e+03
  1.020000e-01  1.823640e+03
  9.940000e-02  1.870320e+03
  9.680000e-02  2.091905e+03
  9.430000e-02  2.083805e+03
  9.190000e-02  1.997915e+03
  8.950000e-02  2.081310e+03
  8.720000e-02  1.997910e+03
  8.490000e-02  2.058910e+03
  8.270000e-02  2.061405e+03
  8.060000e-02  2.116800e+03
  7.850000e-02  2.084430e+03
  7.640000e-02  2.145425e+03
  7.450000e-02  2.140445e+03
  7.250000e-02  2.084430e+03
  7.070000e-02  2.146660e+03
  6.880000e-02  2.096875e+03
  6.700000e-02  2.116795e+03
  6.530000e-02  2.022190e+03
  6.360000e-02  1.964930e+03
  6.200000e-02  1.923220e+03
  6.040000e-02  1.801865e+03
  5.880000e-02  1.708500e+03
  5.730000e-02  1.681730e+03
  5.580000e-02  1.585890e+03
  5.430000e-02  1.516170e+03
  5.290000e-02  1.383600e+03
  5.160000e-02  1.245430e+03
  5.020000e-02  1.208080e+03
  4.890000e-02  1.110990e+03
  4.770000e-02  1.003314e+03
  4.640000e-02  9.939780e+02
  4.520000e-02  9.504130e+02
  4.410000e-02  8.663860e+02
  4.290000e-02  8.321550e+02
  4.180000e-02  7.867150e+02
  4.070000e-02  7.263460e+02
  3.970000e-02  6.217820e+02
  3.860000e-02  5.981305e+02
  3.760000e-02  5.365125e+02
  3.670000e-02  4.923220e+02
  3.570000e-02  4.593345e+02
  3.480000e-02  4.070515e+02
  3.390000e-02  3.441885e+02
  3.300000e-02  3.217825e+02
  3.220000e-02  2.682565e+02
  3.130000e-02  2.576765e+02
  3.050000e-02  1.948130e+02
  2.970000e-02  1.661825e+02
  2.890000e-02  1.755190e+02
  2.820000e-02  1.213695e+02
  2.750000e-02  1.107880e+02
  2.680000e-02  1.058091e+02
  2.610000e-02  8.215735e+01
  2.540000e-02  6.037295e+01
  2.470000e-02  6.161800e+01
  2.410000e-02  4.854735e+01
  2.350000e-02  3.858890e+01
  2.290000e-02  4.481290e+01
  2.230000e-02  2.116160e+01
  2.170000e-02  2.365120e+01
  2.110000e-02  1.493760e+01
  2.060000e-02  9.958400e+00
  2.000000e-02  9.336000e+00
  1.950000e-02  8.713600e+00
  1.900000e-02  6.224000e+00
  1.850000e-02  4.979200e+00
  1.800000e-02  9.958400e+00
  1.760000e-02  5.601600e+00
  1.710000e-02  4.356800e+00
  1.670000e-02  6.846400e+00
  1.630000e-02  3.112000e+00
  1.580000e-02  4.356800e+00
  1.540000e-02  2.489600e+00
  1.500000e-02  6.224000e-01
  1.460000e-02  3.112000e+00
  1.430000e-02  2.489600e+00
  1.390000e-02  1.244800e+00
  1.350000e-02  1.867200e+00
  1.320000e-02  6.224000e-01
  1.280000e-02  6.224000e-01
  1.250000e-02  1.244800e+00
  1.220000e-02  1.244800e+00
  1.190000e-02  6.224000e-01
  1.160000e-02  0.000000e+00
  1.130000e-02  6.224000e-01
  1.100000e-02  1.960575e+02
  1.070000e-02  2.800825e+02
  1.040000e-02  2.639005e+02
  1.010000e-02  2.128000e+03
