  4.934820e+03  1.524350e-01
  4.806990e+03  0.000000e+00
  4.682470e+03  0.000000e+00
  4.561180e+03  0.000000e+00
  4.443030e+03  0.000000e+00
  4.327940e+03  0.000000e+00
  4.215830e+03  0.000000e+00
  4.106630e+03  1.524350e-01
  4.000250e+03  0.000000e+00
  3.896630e+03  0.000000e+00
  3.795700e+03  0.000000e+00
  3.697380e+03  0.000000e+00
  3.601600e+03  0.000000e+00
  3.508310e+03  1.524350e-01
  3.417430e+03  0.000000e+00
  3.328910e+03  0.000000e+00
  3.242680e+03  0.000000e+00
  3.158680e+03  0.000000e+00
  3.076860e+03  0.000000e+00
  2.997160e+03  0.000000e+00
  2.919530e+03  0.000000e+00
  2.843900e+03  1.524350e-01
  2.770230e+03  3.048700e-01
  2.698480e+03  0.000000e+00
  2.628580e+03  1.524350e-01
  2.560490e+03  0.000000e+00
  2.494160e+03  4.573050e-01
  2.429550e+03  1.524350e-01
  2.366620e+03  0.000000e+00
  2.305320e+03  1.524350e-01
  2.245600e+03  3.048700e-01
  2.187430e+03  1.524350e-01
  2.130770e+03  0.000000e+00
  2.075580e+03  3.048700e-01
  2.021810e+03  0.000000e+00
  1.969440e+03  1.524350e-01
  1.918430e+03  1.524350e-01
  1.868730e+03  4.573050e-01
  1.820330e+03  0.000000e+00
  1.773170e+03  3.048700e-01
  1.727240e+03  4.573050e-01
  1.682500e+03  7.621750e-01
  1.638920e+03  7.621750e-01
  1.596470e+03  7.621750e-01
  1.555110e+03  6.097400e-01
  1.514830e+03  1.067045e+00
  1.475590e+03  1.676785e+00
  1.437370e+03  3.048700e-01
  1.400140e+03  1.371915e+00
  1.363870e+03  1.676785e+00
  1.328540e+03  1.219480e+00
  1.294120e+03  9.146100e-01
  1.260600e+03  2.286525e+00
  1.227950e+03  2.438960e+00
  1.196140e+03  2.591395e+00
  1.165160e+03  2.286525e+00
  1.134980e+03  2.438960e+00
  1.105580e+03  2.438960e+00
  1.076940e+03  2.743830e+00
  1.049040e+03  3.353570e+00
  1.021870e+03  3.810865e+00
  9.953980e+02  3.658440e+00
  9.696140e+02  4.115755e+00
  9.444970e+02  4.877940e+00
  9.200320e+02  5.030405e+00
  8.962000e+02  6.249860e+00
  8.729850e+02  9.298655e+00
  8.503720e+02  5.792575e+00
  8.283450e+02  9.451031e+00
  8.068880e+02  1.173765e+01
  7.859870e+02  1.051812e+01
  7.656270e+02  1.249985e+01
  7.457950e+02  1.402415e+01
  7.264760e+02  1.356680e+01
  7.076580e+02  1.844475e+01
  6.893270e+02  2.545680e+01
  6.714710e+02  2.896265e+01
  6.540780e+02  3.109680e+01
  6.371350e+02  3.216375e+01
  6.206310e+02  3.460270e+01
  6.045550e+02  4.603550e+01
  5.888950e+02  4.984650e+01
  5.736410e+02  5.091335e+01
  5.587810e+02  5.990710e+01
  5.443070e+02  6.768135e+01
  5.302080e+02  7.088264e+01
  5.164740e+02  8.505905e+01
  5.030950e+02  8.978460e+01
  4.900630e+02  1.063990e+02
  4.773690e+02  1.150880e+02
  4.650040e+02  1.353625e+02
  4.529580e+02  1.547215e+02
  4.412250e+02  1.717950e+02
  4.297960e+02  1.969475e+02
  4.186630e+02  2.190500e+02
  4.078180e+02  2.345985e+02
  3.972540e+02  2.830720e+02
  3.869640e+02  3.257540e+02
  3.769400e+02  3.548700e+02
  3.671770e+02  3.893180e+02
  3.576650e+02  4.548685e+02
  3.484010e+02  5.088290e+02
  3.393760e+02  5.778820e+02
  3.305850e+02  6.432775e+02
  3.220220e+02  7.226965e+02
  3.136800e+02  8.130910e+02
  3.055550e+02  9.016565e+02
  2.976400e+02  1.020565e+03
  2.899300e+02  1.144485e+03
  2.824200e+02  1.264450e+03
  2.751040e+02  1.405600e+03
  2.679780e+02  1.599345e+03
  2.610370e+02  1.805445e+03
  2.542750e+02  2.020840e+03
  2.476890e+02  2.313500e+03
  2.412730e+02  2.588810e+03
  2.350230e+02  2.878590e+03
  2.289350e+02  3.225685e+03
  2.230050e+02  3.606315e+03
  2.172280e+02  4.063790e+03
  2.116010e+02  4.568950e+03
  2.061200e+02  5.067565e+03
  2.007810e+02  5.692400e+03
  1.955800e+02  6.341920e+03
  1.905140e+02  7.162330e+03
  1.855790e+02  7.984415e+03
  1.807720e+02  8.936215e+03
  1.760890e+02  9.959985e+03
  1.715280e+02  1.108840e+04
  1.670850e+02  1.230000e+04
  1.627570e+02  1.361940e+04
  1.585410e+02  1.505540e+04
  1.544340e+02  1.663735e+04
  1.504340e+02  1.825200e+04
  1.465370e+02  2.001325e+04
  1.427410e+02  2.197650e+04
  1.390440e+02  2.411120e+04
  1.354420e+02  2.626970e+04
  1.319340e+02  2.877390e+04
  1.285160e+02  3.119865e+04
  1.251870e+02  3.385340e+04
  1.219440e+02  3.670770e+04
  1.187850e+02  3.980130e+04
  1.157090e+02  4.308385e+04
  1.127110e+02  4.669590e+04
  1.097920e+02  5.048700e+04
  1.069480e+02  5.428890e+04
  1.041770e+02  5.848225e+04
  1.014790e+02  6.292955e+04
  9.885030e+01  6.731055e+04
  9.628970e+01  7.211740e+04
  9.379550e+01  7.717940e+04
  9.136590e+01  8.211055e+04
  8.899920e+01  8.735895e+04
  8.669380e+01  9.248134e+04
  8.444820e+01  9.773100e+04
  8.226070e+01  1.027385e+05
  8.012980e+01  1.085395e+05
  7.805420e+01  1.133080e+05
  7.603240e+01  1.180845e+05
  7.406290e+01  1.227365e+05
  7.214440e+01  1.271125e+05
  7.027560e+01  1.309870e+05
  6.845520e+01  1.340090e+05
  6.668200e+01  1.367055e+05
  6.495470e+01  1.383165e+05
  6.327220e+01  1.396015e+05
  6.163320e+01  1.399430e+05
  6.003670e+01  1.397870e+05
  5.848160e+01  1.395150e+05
  5.696670e+01  1.382085e+05
  5.549110e+01  1.374600e+05
  5.405370e+01  1.344395e+05
  5.265350e+01  1.300575e+05
  5.128960e+01  1.258835e+05
  4.996100e+01  1.212790e+05
  4.866690e+01  1.142555e+05
  4.740620e+01  1.079990e+05
  4.617830e+01  1.004670e+05
  4.498210e+01  9.307720e+04
  4.381690e+01  8.819135e+04
  4.268190e+01  8.309890e+04
  4.157630e+01  7.803184e+04
  4.049930e+01  7.271316e+04
  3.945030e+01  6.825859e+04
  3.842840e+01  6.396955e+04
  3.743290e+01  5.994385e+04
  3.646330e+01  5.592635e+04
  3.551880e+01  5.209430e+04
  3.459870e+01  4.811980e+04
  3.370250e+01  4.379470e+04
  3.282950e+01  3.977710e+04
  3.197910e+01  3.598160e+04
  3.115070e+01  3.235060e+04
  3.034380e+01  2.885270e+04
  2.955780e+01  2.566715e+04
  2.879220e+01  2.246270e+04
  2.804640e+01  1.961565e+04
  2.731990e+01  1.684025e+04
  2.661220e+01  1.447395e+04
  2.592290e+01  1.231680e+04
  2.525140e+01  1.031975e+04
  2.459730e+01  8.469314e+03
  2.396010e+01  6.972710e+03
  2.333950e+01  5.716635e+03
  2.273490e+01  4.515890e+03
  2.214600e+01  3.525515e+03
  2.157230e+01  2.693080e+03
  2.101350e+01  2.054230e+03
  2.046920e+01  1.487620e+03
  1.993900e+01  1.111245e+03
  1.942250e+01  8.356510e+02
  1.891940e+01  6.269670e+02
  1.842930e+01  5.123350e+02
  1.795200e+01  4.321535e+02
  1.748690e+01  3.865760e+02
  1.703400e+01  3.339860e+02
  1.659270e+01  3.368820e+02
  1.616290e+01  3.438950e+02
  1.574430e+01  3.417605e+02
  1.533640e+01  3.551740e+02
  1.493920e+01  3.368825e+02
  1.455220e+01  3.166075e+02
  1.417520e+01  2.542630e+02
  1.380800e+01  1.653930e+02
  1.345040e+01  8.246820e+01
  1.310200e+01  4.222455e+01
  1.276260e+01  1.798750e+01
  1.243200e+01  8.688849e+00
  1.211000e+01  4.420660e+00
  1.179630e+01  4.877940e+00
  1.149070e+01  3.353580e+00
  1.119310e+01  2.591395e+00
  1.090310e+01  2.438970e+00
  1.062070e+01  1.676785e+00
  1.034560e+01  1.524350e+00
  1.007760e+01  1.981655e+00
  9.816600e+00  3.201160e+00
  9.562300e+00  1.219480e+00
  9.314600e+00  9.146100e-01
  9.073300e+00  1.371915e+00
  8.838300e+00  1.981655e+00
  8.609300e+00  1.371915e+00
  8.386300e+00  2.134090e+00
  8.169100e+00  3.810875e+00
  7.957500e+00  7.774265e+00
  7.751400e+00  1.082306e+01
  7.550600e+00  2.027390e+01
  7.355000e+00  1.981660e+01
  7.164500e+00  1.768245e+01
  6.978900e+00  1.935935e+01
  6.798100e+00  1.646315e+01
  6.622000e+00  1.646310e+01
  6.450500e+00  1.249974e+01
  6.283400e+00  1.326195e+01
  6.120600e+00  1.326195e+01
  5.962100e+00  9.603545e+00
  5.807600e+00  1.204245e+01
  5.657200e+00  1.234735e+01
  5.510700e+00  1.310960e+01
  5.367900e+00  1.067060e+01
  5.228900e+00  1.128030e+01
  5.093400e+00  1.067050e+01
  4.961500e+00  1.158520e+01
  4.833000e+00  1.051803e+01
  4.707800e+00  5.944965e+00
  4.585800e+00  7.774245e+00
  4.467100e+00  7.926710e+00
  4.351300e+00  9.755835e+00
  4.238600e+00  1.158515e+01
  4.128800e+00  7.316925e+00
  4.021900e+00  5.487695e+00
  3.917700e+00  7.012045e+00
  3.816200e+00  7.469400e+00
  3.717400e+00  6.707205e+00
  3.621100e+00  8.841265e+00
  3.527300e+00  5.792555e+00
  3.435900e+00  6.707200e+00
  3.346900e+00  4.877930e+00
  3.260200e+00  3.048700e+00
  3.175800e+00  2.591395e+00
  3.093500e+00  2.134090e+00
  3.013400e+00  1.524350e+00
  2.935300e+00  3.048710e+00
  2.859300e+00  1.829220e+00
  2.785200e+00  3.658450e+00
  2.713100e+00  4.877945e+00
  2.642800e+00  3.963310e+00
  2.574300e+00  3.201145e+00
  2.507600e+00  3.353580e+00
  2.442700e+00  4.573060e+00
  2.379400e+00  4.420625e+00
  2.317800e+00  3.201135e+00
  2.257700e+00  3.810875e+00
  2.199300e+00  2.438960e+00
  2.142300e+00  2.896265e+00
  2.086800e+00  2.134100e+00
  2.032700e+00  1.981655e+00
  1.980100e+00  1.829220e+00
  1.928800e+00  2.591395e+00
  1.878800e+00  1.981655e+00
  1.830200e+00  2.591395e+00
  1.782800e+00  2.896265e+00
  1.736600e+00  1.067045e+00
  1.691600e+00  2.438960e+00
  1.647800e+00  6.097400e-01
  1.605100e+00  1.524350e+00
  1.563500e+00  1.676785e+00
  1.523000e+00  1.067045e+00
  1.483600e+00  7.621750e-01
  1.445100e+00  1.067045e+00
  1.407700e+00  1.981655e+00
  1.371200e+00  9.146100e-01
  1.335700e+00  6.097400e-01
  1.301100e+00  4.573050e-01
  1.267400e+00  4.573050e-01
  1.234600e+00  4.573050e-01
  1.202600e+00  4.573050e-01
  1.171500e+00  1.524350e-01
  1.141100e+00  9.146100e-01
  1.111600e+00  4.573050e-01
  1.082800e+00  1.524350e-01
  1.054700e+00  3.048700e-01
  1.027400e+00  1.524350e-01
  1.000800e+00  0.000000e+00
  9.749000e-01  4.573050e-01
  9.496000e-01  3.048700e-01
  9.250000e-01  1.524350e-01
  9.010000e-01  1.524350e-01
  8.777000e-01  1.524350e-01
  8.550000e-01  4.573050e-01
  8.328000e-01  0.000000e+00
  8.113000e-01  1.524350e-01
  7.902000e-01  6.097400e-01
  7.698000e-01  3.048700e-01
  7.498000e-01  3.048700e-01
  7.304000e-01  4.573050e-01
  7.115000e-01  3.048700e-01
  6.931000e-01  7.621750e-01
  6.751000e-01  2.286525e+00
  6.576000e-01  3.201135e+00
  6.406000e-01  9.298605e+00
  6.240000e-01  1.981655e+00
  6.078000e-01  7.621750e-01
  5.921000e-01  7.621750e-01
  5.767000e-01  1.219480e+00
  5.618000e-01  6.097400e-01
  5.472000e-01  9.146100e-01
  5.331000e-01  0.000000e+00
  5.193000e-01  4.573050e-01
  5.058000e-01  1.524350e+00
  4.927000e-01  7.621750e-01
  4.799000e-01  1.219480e+00
  4.675000e-01  7.621750e-01
  4.554000e-01  3.048700e-01
  4.436000e-01  1.371915e+00
  4.321000e-01  1.829220e+00
  4.209000e-01  1.371915e+00
  4.100000e-01  1.371915e+00
  3.994000e-01  1.524350e+00
  3.891000e-01  2.591395e+00
  3.790000e-01  1.524350e+00
  3.692000e-01  3.048700e-01
  3.596000e-01  7.621750e-01
  3.503000e-01  3.048700e-01
  3.412000e-01  1.524350e-01
  3.324000e-01  9.146100e-01
  3.238000e-01  3.048700e-01
  3.154000e-01  6.097400e-01
  3.072000e-01  4.573050e-01
  2.992000e-01  1.219480e+00
  2.915000e-01  1.371915e+00
  2.839000e-01  6.097400e-01
  2.766000e-01  4.573050e-01
  2.694000e-01  1.524350e+00
  2.624000e-01  5.640145e+00
  2.556000e-01  4.573075e+00
  2.490000e-01  2.134090e+00
  2.426000e-01  1.829220e+00
  2.363000e-01  1.676785e+00
  2.302000e-01  6.097400e-01
  2.242000e-01  1.067045e+00
  2.184000e-01  3.048700e-01
  2.127000e-01  6.097400e-01
  2.072000e-01  4.573050e-01
  2.019000e-01  9.146100e-01
  1.966000e-01  9.146100e-01
  1.915000e-01  1.067045e+00
  1.866000e-01  9.146100e-01
  1.817000e-01  7.621750e-01
  1.770000e-01  7.621750e-01
  1.725000e-01  6.097400e-01
  1.680000e-01  7.621750e-01
  1.636000e-01  7.621750e-01
  1.594000e-01  3.048700e-01
  1.553000e-01  1.524350e-01
  1.512000e-01  9.146100e-01
  1.473000e-01  7.621750e-01
  1.435000e-01  4.573050e-01
  1.398000e-01  1.981655e+00
  1.362000e-01  6.097400e-01
  1.326000e-01  2.134090e+00
  1.292000e-01  6.097400e-01
  1.259000e-01  9.146200e-01
  1.226000e-01  7.621750e-01
  1.194000e-01  1.219480e+00
  1.163000e-01  1.676785e+00
  1.133000e-01  9.146100e-01
  1.104000e-01  2.134100e+00
  1.075000e-01  2.134090e+00
  1.047000e-01  1.981655e+00
  1.020000e-01  9.146100e-01
  9.940000e-02  1.676785e+00
  9.680000e-02  2.134090e+00
  9.430000e-02  3.048700e+00
  9.190000e-02  2.134090e+00
  8.950000e-02  1.371915e+00
  8.720000e-02  1.829230e+00
  8.490000e-02  2.743830e+00
  8.270000e-02  1.676785e+00
  8.060000e-02  1.371915e+00
  7.850000e-02  2.134090e+00
  7.640000e-02  1.219480e+00
  7.450000e-02  6.097400e-01
  7.250000e-02  6.097400e-01
  7.070000e-02  1.371915e+00
  6.880000e-02  9.146100e-01
  6.700000e-02  1.524350e+00
  6.530000e-02  1.371915e+00
  6.360000e-02  1.067045e+00
  6.200000e-02  1.067045e+00
  6.040000e-02  7.621750e-01
  5.880000e-02  1.067045e+00
  5.730000e-02  1.067045e+00
  5.580000e-02  3.048700e-01
  5.430000e-02  4.573050e-01
  5.290000e-02  4.573050e-01
  5.160000e-02  1.524350e-01
  5.020000e-02  1.524350e-01
  4.890000e-02  7.621750e-01
  4.770000e-02  3.048700e-01
  4.640000e-02  7.621750e-01
  4.520000e-02  4.573050e-01
  4.410000e-02  1.524350e-01
  4.290000e-02  4.573050e-01
  4.180000e-02  3.048700e-01
  4.070000e-02  0.000000e+00
  3.970000e-02  0.000000e+00
  3.860000e-02  4.573050e-01
  3.760000e-02  4.573050e-01
  3.670000e-02  0.000000e+00
  3.570000e-02  1.524350e-01
  3.480000e-02  0.000000e+00
  3.390000e-02  0.000000e+00
  3.300000e-02  0.000000e+00
  3.220000e-02  0.000000e+00
  3.130000e-02  0.000000e+00
  3.050000e-02  1.524350e-01
  2.970000e-02  0.000000e+00
  2.890000e-02  0.000000e+00
  2.820000e-02  0.000000e+00
  2.750000e-02  0.000000e+00
  2.680000e-02  1.524350e-01
  2.610000e-02  0.000000e+00
  2.540000e-02  0.000000e+00
  2.470000e-02  0.000000e+00
  2.410000e-02  0.000000e+00
  2.350000e-02  0.000000e+00
  2.290000e-02  0.000000e+00
  2.230000e-02  0.000000e+00
  2.170000e-02  0.000000e+00
  2.110000e-02  0.000000e+00
  2.060000e-02  0.000000e+00
  2.000000e-02  0.000000e+00
  1.950000e-02  0.000000e+00
  1.900000e-02  0.000000e+00
  1.850000e-02  0.000000e+00
  1.800000e-02  0.000000e+00
  1.760000e-02  0.000000e+00
  1.710000e-02  0.000000e+00
  1.670000e-02  0.000000e+00
  1.630000e-02  0.000000e+00
  1.580000e-02  0.000000e+00
  1.540000e-02  0.000000e+00
  1.500000e-02  0.000000e+00
  1.460000e-02  0.000000e+00
  1.430000e-02  0.000000e+00
  1.390000e-02  0.000000e+00
  1.350000e-02  0.000000e+00
  1.320000e-02  0.000000e+00
  1.280000e-02  0.000000e+00
  1.250000e-02  0.000000e+00
  1.220000e-02  0.000000e+00
  1.190000e-02  0.000000e+00
  1.160000e-02  0.000000e+00
  1.130000e-02  0.000000e+00
  1.100000e-02  3.048700e-01
  1.070000e-02  0.000000e+00
  1.040000e-02  0.000000e+00
  1.010000e-02  1.981655e+00
