  4.934820e+03  0.000000e+00
  4.806990e+03  0.000000e+00
  4.682470e+03  0.000000e+00
  4.561180e+03  0.000000e+00
  4.443030e+03  0.000000e+00
  4.327940e+03  2.292350e-01
  4.215830e+03  0.000000e+00
  4.106630e+03  0.000000e+00
  4.000250e+03  0.000000e+00
  3.896630e+03  0.000000e+00
  3.795700e+03  0.000000e+00
  3.697380e+03  0.000000e+00
  3.601600e+03  0.000000e+00
  3.508310e+03  0.000000e+00
  3.417430e+03  0.000000e+00
  3.328910e+03  0.000000e+00
  3.242680e+03  0.000000e+00
  3.158680e+03  0.000000e+00
  3.076860e+03  0.000000e+00
  2.997160e+03  0.000000e+00
  2.919530e+03  0.000000e+00
  2.843900e+03  2.292350e-01
  2.770230e+03  2.292350e-01
  2.698480e+03  0.000000e+00
  2.628580e+03  0.000000e+00
  2.560490e+03  2.292350e-01
  2.494160e+03  0.000000e+00
  2.429550e+03  0.000000e+00
  2.366620e+03  0.000000e+00
  2.305320e+03  0.000000e+00
  2.245600e+03  0.000000e+00
  2.187430e+03  4.584700e-01
  2.130770e+03  9.169400e-01
  2.075580e+03  0.000000e+00
  2.021810e+03  2.292350e-01
  1.969440e+03  4.584700e-01
  1.918430e+03  0.000000e+00
  1.868730e+03  6.877050e-01
  1.820330e+03  2.292350e-01
  1.773170e+03  9.169400e-01
  1.727240e+03  6.877050e-01
  1.682500e+03  6.877050e-01
  1.638920e+03  1.146175e+00
  1.596470e+03  1.604645e+00
  1.555110e+03  3.667760e+00
  1.514830e+03  4.126230e+00
  1.475590e+03  5.043175e+00
  1.437370e+03  3.209290e+00
  1.400140e+03  1.375410e+00
  1.363870e+03  1.833880e+00
  1.328540e+03  3.209290e+00
  1.294120e+03  4.355465e+00
  1.260600e+03  2.521585e+00
  1.227950e+03  2.521585e+00
  1.196140e+03  3.209280e+00
  1.165160e+03  4.355455e+00
  1.134980e+03  5.272415e+00
  1.105580e+03  6.418580e+00
  1.076940e+03  5.043175e+00
  1.049040e+03  5.501630e+00
  1.021870e+03  9.169360e+00
  9.953980e+02  8.710979e+00
  9.696140e+02  1.100319e+01
  9.444970e+02  1.054482e+01
  9.200320e+02  1.169095e+01
  8.962000e+02  1.214935e+01
  8.729850e+02  1.077400e+01
  8.503720e+02  1.650480e+01
  8.283450e+02  2.040180e+01
  8.068880e+02  1.742185e+01
  7.859870e+02  2.338195e+01
  7.656270e+02  2.475720e+01
  7.457950e+02  3.278055e+01
  7.264760e+02  3.209280e+01
  7.076580e+02  3.530220e+01
  6.893270e+02  4.034540e+01
  6.714710e+02  4.378375e+01
  6.540780e+02  5.226555e+01
  6.371350e+02  6.028875e+01
  6.206310e+02  7.152105e+01
  6.045550e+02  7.450156e+01
  5.888950e+02  9.054825e+01
  5.736410e+02  9.673730e+01
  5.587810e+02  1.127835e+02
  5.443070e+02  1.242465e+02
  5.302080e+02  1.464815e+02
  5.164740e+02  1.551910e+02
  5.030950e+02  1.861380e+02
  4.900630e+02  2.017265e+02
  4.773690e+02  2.294635e+02
  4.650040e+02  2.608690e+02
  4.529580e+02  2.881475e+02
  4.412250e+02  3.337660e+02
  4.297960e+02  3.784670e+02
  4.186630e+02  4.114760e+02
  4.078180e+02  4.735985e+02
  3.972540e+02  5.467250e+02
  3.869640e+02  6.019710e+02
  3.769400e+02  6.977920e+02
  3.671770e+02  7.890270e+02
  3.576650e+02  8.733835e+02
  3.484010e+02  9.792880e+02
  3.393760e+02  1.117290e+03
  3.305850e+02  1.217015e+03
  3.220220e+02  1.384115e+03
  3.136800e+02  1.564760e+03
  3.055550e+02  1.753890e+03
  2.976400e+02  1.997325e+03
  2.899300e+02  2.203175e+03
  2.824200e+02  2.510120e+03
  2.751040e+02  2.786815e+03
  2.679780e+02  3.164125e+03
  2.610370e+02  3.523805e+03
  2.542750e+02  4.028350e+03
  2.476890e+02  4.491160e+03
  2.412730e+02  5.042245e+03
  2.350230e+02  5.573605e+03
  2.289350e+02  6.277605e+03
  2.230050e+02  7.054010e+03
  2.172280e+02  7.824255e+03
  2.116010e+02  8.789545e+03
  2.061200e+02  9.808025e+03
  2.007810e+02  1.107820e+04
  1.955800e+02  1.223360e+04
  1.905140e+02  1.357830e+04
  1.855790e+02  1.515335e+04
  1.807720e+02  1.697525e+04
  1.760890e+02  1.869510e+04
  1.715280e+02  2.079890e+04
  1.670850e+02  2.285570e+04
  1.627570e+02  2.533345e+04
  1.585410e+02  2.791530e+04
  1.544340e+02  3.054030e+04
  1.504340e+02  3.375070e+04
  1.465370e+02  3.686195e+04
  1.427410e+02  4.007550e+04
  1.390440e+02  4.372385e+04
  1.354420e+02  4.735610e+04
  1.319340e+02  5.182235e+04
  1.285160e+02  5.602865e+04
  1.251870e+02  6.081435e+04
  1.219440e+02  6.540780e+04
  1.187850e+02  7.069840e+04
  1.157090e+02  7.611766e+04
  1.127110e+02  8.197755e+04
  1.097920e+02  8.795555e+04
  1.069480e+02  9.424545e+04
  1.041770e+02  1.010920e+05
  1.014790e+02  1.076660e+05
  9.885030e+01  1.143670e+05
  9.628970e+01  1.217185e+05
  9.379550e+01  1.285615e+05
  9.136590e+01  1.361115e+05
  8.899920e+01  1.436625e+05
  8.669380e+01  1.507450e+05
  8.444820e+01  1.581085e+05
  8.226070e+01  1.647745e+05
  8.012980e+01  1.716520e+05
  7.805420e+01  1.775560e+05
  7.603240e+01  1.838125e+05
  7.406290e+01  1.892675e+05
  7.214440e+01  1.942505e+05
  7.027560e+01  1.990890e+05
  6.845520e+01  2.021135e+05
  6.668200e+01  2.045965e+05
  6.495470e+01  2.062515e+05
  6.327220e+01  2.091800e+05
  6.163320e+01  2.109095e+05
  6.003670e+01  2.117925e+05
  5.848160e+01  2.129195e+05
  5.696670e+01  2.142425e+05
  5.549110e+01  2.149235e+05
  5.405370e+01  2.115930e+05
  5.265350e+01  2.076600e+05
  5.128960e+01  2.029130e+05
  4.996100e+01  1.984345e+05
  4.866690e+01  1.909150e+05
  4.740620e+01  1.831070e+05
  4.617830e+01  1.750410e+05
  4.498210e+01  1.666440e+05
  4.381690e+01  1.627695e+05
  4.268190e+01  1.575885e+05
  4.157630e+01  1.520620e+05
  4.049930e+01  1.462055e+05
  3.945030e+01  1.405680e+05
  3.842840e+01  1.359175e+05
  3.743290e+01  1.307680e+05
  3.646330e+01  1.248395e+05
  3.551880e+01  1.194140e+05
  3.459870e+01  1.130580e+05
  3.370250e+01  1.063745e+05
  3.282950e+01  9.943509e+04
  3.197910e+01  9.264965e+04
  3.115070e+01  8.584655e+04
  3.034380e+01  7.926025e+04
  2.955780e+01  7.260410e+04
  2.879220e+01  6.604880e+04
  2.804640e+01  5.976680e+04
  2.731990e+01  5.365585e+04
  2.661220e+01  4.822855e+04
  2.592290e+01  4.253330e+04
  2.525140e+01  3.730745e+04
  2.459730e+01  3.283070e+04
  2.396010e+01  2.859885e+04
  2.333950e+01  2.482300e+04
  2.273490e+01  2.114220e+04
  2.214600e+01  1.795050e+04
  2.157230e+01  1.502950e+04
  2.101350e+01  1.265820e+04
  2.046920e+01  1.054915e+04
  1.993900e+01  8.700835e+03
  1.942250e+01  7.173905e+03
  1.891940e+01  5.920225e+03
  1.842930e+01  5.010835e+03
  1.795200e+01  4.300675e+03
  1.748690e+01  3.690915e+03
  1.703400e+01  3.174665e+03
  1.659270e+01  2.760680e+03
  1.616290e+01  2.410635e+03
  1.574430e+01  2.136935e+03
  1.533640e+01  1.889355e+03
  1.493920e+01  1.628485e+03
  1.455220e+01  1.382735e+03
  1.417520e+01  1.101245e+03
  1.380800e+01  7.975074e+02
  1.345040e+01  5.701075e+02
  1.310200e+01  3.922210e+02
  1.276260e+01  2.780615e+02
  1.243200e+01  2.129585e+02
  1.211000e+01  1.531290e+02
  1.179630e+01  1.175965e+02
  1.149070e+01  9.834215e+01
  1.119310e+01  6.120555e+01
  1.090310e+01  5.593330e+01
  1.062070e+01  3.805300e+01
  1.034560e+01  3.438520e+01
  1.007760e+01  2.957135e+01
  9.816600e+00  1.902650e+01
  9.562300e+00  1.535865e+01
  9.314600e+00  1.169094e+01
  9.073300e+00  1.100325e+01
  8.838300e+00  1.352480e+01
  8.609300e+00  1.352485e+01
  8.386300e+00  1.925570e+01
  8.169100e+00  1.925570e+01
  7.957500e+00  2.659120e+01
  7.751400e+00  3.782370e+01
  7.550600e+00  4.217925e+01
  7.355000e+00  4.561770e+01
  7.164500e+00  5.066095e+01
  6.978900e+00  4.768075e+01
  6.798100e+00  4.378395e+01
  6.622000e+00  4.722245e+01
  6.450500e+00  4.447155e+01
  6.283400e+00  4.791010e+01
  6.120600e+00  4.768095e+01
  5.962100e+00  4.240845e+01
  5.807600e+00  5.043165e+01
  5.657200e+00  4.836850e+01
  5.510700e+00  5.318250e+01
  5.367900e+00  5.157775e+01
  5.228900e+00  5.111920e+01
  5.093400e+00  4.974405e+01
  4.961500e+00  5.318245e+01
  4.833000e+00  5.089020e+01
  4.707800e+00  5.134860e+01
  4.585800e+00  4.493015e+01
  4.467100e+00  4.470065e+01
  4.351300e+00  4.470080e+01
  4.238600e+00  4.859775e+01
  4.128800e+00  4.470075e+01
  4.021900e+00  4.974405e+01
  3.917700e+00  4.905630e+01
  3.816200e+00  4.424235e+01
  3.717400e+00  4.309615e+01
  3.621100e+00  4.424240e+01
  3.527300e+00  4.653470e+01
  3.435900e+00  4.034535e+01
  3.346900e+00  3.621915e+01
  3.260200e+00  3.369755e+01
  3.175800e+00  3.232215e+01
  3.093500e+00  2.338190e+01
  3.013400e+00  1.788020e+01
  2.935300e+00  2.361110e+01
  2.859300e+00  2.704960e+01
  2.785200e+00  2.452810e+01
  2.713100e+00  2.911280e+01
  2.642800e+00  3.140500e+01
  2.574300e+00  3.094670e+01
  2.507600e+00  3.002970e+01
  2.442700e+00  2.452810e+01
  2.379400e+00  2.888340e+01
  2.317800e+00  2.682030e+01
  2.257700e+00  2.429880e+01
  2.199300e+00  2.223570e+01
  2.142300e+00  2.498650e+01
  2.086800e+00  1.971420e+01
  2.032700e+00  2.108960e+01
  1.980100e+00  2.086030e+01
  1.928800e+00  1.512940e+01
  1.878800e+00  1.627555e+01
  1.830200e+00  1.673410e+01
  1.782800e+00  1.879720e+01
  1.736600e+00  1.558785e+01
  1.691600e+00  1.581715e+01
  1.647800e+00  1.306635e+01
  1.605100e+00  1.146174e+01
  1.563500e+00  9.398610e+00
  1.523000e+00  9.398625e+00
  1.483600e+00  8.940195e+00
  1.445100e+00  6.647825e+00
  1.407700e+00  9.169365e+00
  1.371200e+00  4.584695e+00
  1.335700e+00  5.272405e+00
  1.301100e+00  5.730845e+00
  1.267400e+00  5.960115e+00
  1.234600e+00  4.355455e+00
  1.202600e+00  4.813925e+00
  1.171500e+00  3.667770e+00
  1.141100e+00  3.438515e+00
  1.111600e+00  2.980055e+00
  1.082800e+00  3.667755e+00
  1.054700e+00  2.750820e+00
  1.027400e+00  2.521580e+00
  1.000800e+00  2.292350e+00
  9.749000e-01  2.980055e+00
  9.496000e-01  1.375410e+00
  9.250000e-01  1.604645e+00
  9.010000e-01  2.521585e+00
  8.777000e-01  6.877050e-01
  8.550000e-01  2.521580e+00
  8.328000e-01  6.877050e-01
  8.113000e-01  2.521585e+00
  7.902000e-01  1.146175e+00
  7.698000e-01  9.169400e-01
  7.498000e-01  4.584700e-01
  7.304000e-01  2.063115e+00
  7.115000e-01  1.604645e+00
  6.931000e-01  3.209290e+00
  6.751000e-01  6.418575e+00
  6.576000e-01  1.306630e+01
  6.406000e-01  2.338190e+01
  6.240000e-01  4.584700e+00
  6.078000e-01  2.521585e+00
  5.921000e-01  4.584700e-01
  5.767000e-01  1.833880e+00
  5.618000e-01  1.146175e+00
  5.472000e-01  2.750815e+00
  5.331000e-01  2.292350e+00
  5.193000e-01  2.063115e+00
  5.058000e-01  2.063115e+00
  4.927000e-01  2.063115e+00
  4.799000e-01  2.750820e+00
  4.675000e-01  2.063115e+00
  4.554000e-01  2.980050e+00
  4.436000e-01  3.209290e+00
  4.321000e-01  3.209290e+00
  4.209000e-01  2.980055e+00
  4.100000e-01  1.375410e+00
  3.994000e-01  7.335500e+00
  3.891000e-01  8.481695e+00
  3.790000e-01  5.960125e+00
  3.692000e-01  3.438520e+00
  3.596000e-01  5.043155e+00
  3.503000e-01  2.980055e+00
  3.412000e-01  3.667770e+00
  3.324000e-01  4.584695e+00
  3.238000e-01  3.209290e+00
  3.154000e-01  3.438520e+00
  3.072000e-01  4.126225e+00
  2.992000e-01  5.501635e+00
  2.915000e-01  7.335500e+00
  2.839000e-01  1.008626e+01
  2.766000e-01  7.564705e+00
  2.694000e-01  7.564695e+00
  2.624000e-01  1.054484e+01
  2.556000e-01  8.023215e+00
  2.490000e-01  5.960110e+00
  2.426000e-01  5.730885e+00
  2.363000e-01  4.584710e+00
  2.302000e-01  5.272410e+00
  2.242000e-01  2.980050e+00
  2.184000e-01  3.209285e+00
  2.127000e-01  3.209285e+00
  2.072000e-01  2.750815e+00
  2.019000e-01  3.209290e+00
  1.966000e-01  2.521585e+00
  1.915000e-01  2.521585e+00
  1.866000e-01  2.521585e+00
  1.817000e-01  4.355455e+00
  1.770000e-01  2.521585e+00
  1.725000e-01  1.375410e+00
  1.680000e-01  3.438520e+00
  1.636000e-01  2.750820e+00
  1.594000e-01  1.833880e+00
  1.553000e-01  2.292345e+00
  1.512000e-01  2.521585e+00
  1.473000e-01  4.355465e+00
  1.435000e-01  2.292350e+00
  1.398000e-01  1.375410e+00
  1.362000e-01  1.604645e+00
  1.326000e-01  9.169400e-01
  1.292000e-01  2.063115e+00
  1.259000e-01  2.521585e+00
  1.226000e-01  2.063115e+00
  1.194000e-01  2.750820e+00
  1.163000e-01  2.292350e-01
  1.133000e-01  1.146175e+00
  1.104000e-01  1.375410e+00
  1.075000e-01  1.146175e+00
  1.047000e-01  6.877050e-01
  1.020000e-01  2.292350e-01
  9.940000e-02  6.877050e-01
  9.680000e-02  9.169400e-01
  9.430000e-02  6.877050e-01
  9.190000e-02  6.877050e-01
  8.950000e-02  6.877050e-01
  8.720000e-02  4.584700e-01
  8.490000e-02  9.169400e-01
  8.270000e-02  2.292350e-01
  8.060000e-02  0.000000e+00
  7.850000e-02  0.000000e+00
  7.640000e-02  0.000000e+00
  7.450000e-02  0.000000e+00
  7.250000e-02  0.000000e+00
  7.070000e-02  4.584700e-01
  6.880000e-02  2.292350e-01
  6.700000e-02  2.292350e-01
  6.530000e-02  2.292350e-01
  6.360000e-02  0.000000e+00
  6.200000e-02  4.584700e-01
  6.040000e-02  0.000000e+00
  5.880000e-02  0.000000e+00
  5.730000e-02  0.000000e+00
  5.580000e-02  0.000000e+00
  5.430000e-02  0.000000e+00
  5.290000e-02  0.000000e+00
  5.160000e-02  2.292350e-01
  5.020000e-02  0.000000e+00
  4.890000e-02  0.000000e+00
  4.770000e-02  0.000000e+00
  4.640000e-02  0.000000e+00
  4.520000e-02  0.000000e+00
  4.410000e-02  0.000000e+00
  4.290000e-02  0.000000e+00
  4.180000e-02  0.000000e+00
  4.070000e-02  0.000000e+00
  3.970000e-02  0.000000e+00
  3.860000e-02  0.000000e+00
  3.760000e-02  0.000000e+00
  3.670000e-02  0.000000e+00
  3.570000e-02  0.000000e+00
  3.480000e-02  0.000000e+00
  3.390000e-02  0.000000e+00
  3.300000e-02  0.000000e+00
  3.220000e-02  0.000000e+00
  3.130000e-02  0.000000e+00
  3.050000e-02  0.000000e+00
  2.970000e-02  0.000000e+00
  2.890000e-02  0.000000e+00
  2.820000e-02  0.000000e+00
  2.750000e-02  0.000000e+00
  2.680000e-02  0.000000e+00
  2.610000e-02  0.000000e+00
  2.540000e-02  0.000000e+00
  2.470000e-02  0.000000e+00
  2.410000e-02  0.000000e+00
  2.350000e-02  0.000000e+00
  2.290000e-02  0.000000e+00
  2.230000e-02  0.000000e+00
  2.170000e-02  0.000000e+00
  2.110000e-02  0.000000e+00
  2.060000e-02  0.000000e+00
  2.000000e-02  0.000000e+00
  1.950000e-02  0.000000e+00
  1.900000e-02  0.000000e+00
  1.850000e-02  0.000000e+00
  1.800000e-02  0.000000e+00
  1.760000e-02  0.000000e+00
  1.710000e-02  0.000000e+00
  1.670000e-02  0.000000e+00
  1.630000e-02  0.000000e+00
  1.580000e-02  0.000000e+00
  1.540000e-02  0.000000e+00
  1.500000e-02  0.000000e+00
  1.460000e-02  0.000000e+00
  1.430000e-02  0.000000e+00
  1.390000e-02  0.000000e+00
  1.350000e-02  0.000000e+00
  1.320000e-02  0.000000e+00
  1.280000e-02  0.000000e+00
  1.250000e-02  0.000000e+00
  1.220000e-02  0.000000e+00
  1.190000e-02  0.000000e+00
  1.160000e-02  0.000000e+00
  1.130000e-02  0.000000e+00
  1.100000e-02  4.584680e+01
  1.070000e-02  6.189320e+01
  1.040000e-02  5.570385e+01
  1.010000e-02  4.410470e+02
