  4.934820e+03  1.764700e-01
  4.806990e+03  0.000000e+00
  4.682470e+03  0.000000e+00
  4.561180e+03  0.000000e+00
  4.443030e+03  8.823500e-02
  4.327940e+03  0.000000e+00
  4.215830e+03  0.000000e+00
  4.106630e+03  8.823500e-02
  4.000250e+03  8.823500e-02
  3.896630e+03  0.000000e+00
  3.795700e+03  0.000000e+00
  3.697380e+03  0.000000e+00
  3.601600e+03  0.000000e+00
  3.508310e+03  8.823500e-02
  3.417430e+03  0.000000e+00
  3.328910e+03  8.823500e-02
  3.242680e+03  0.000000e+00
  3.158680e+03  0.000000e+00
  3.076860e+03  1.764700e-01
  2.997160e+03  0.000000e+00
  2.919530e+03  0.000000e+00
  2.843900e+03  8.823500e-02
  2.770230e+03  8.823500e-02
  2.698480e+03  0.000000e+00
  2.628580e+03  8.823500e-02
  2.560490e+03  0.000000e+00
  2.494160e+03  8.823500e-02
  2.429550e+03  0.000000e+00
  2.366620e+03  3.529400e-01
  2.305320e+03  0.000000e+00
  2.245600e+03  8.823500e-02
  2.187430e+03  8.823500e-02
  2.130770e+03  8.823500e-02
  2.075580e+03  1.764700e-01
  2.021810e+03  1.764700e-01
  1.969440e+03  2.647050e-01
  1.918430e+03  3.529400e-01
  1.868730e+03  4.411750e-01
  1.820330e+03  1.764700e-01
  1.773170e+03  4.411700e-01
  1.727240e+03  5.294050e-01
  1.682500e+03  4.411700e-01
  1.638920e+03  7.941100e-01
  1.596470e+03  6.176400e-01
  1.555110e+03  2.647050e-01
  1.514830e+03  7.941100e-01
  1.475590e+03  8.823400e-01
  1.437370e+03  6.176400e-01
  1.400140e+03  8.823450e-01
  1.363870e+03  1.235275e+00
  1.328540e+03  1.058805e+00
  1.294120e+03  8.823350e-01
  1.260600e+03  1.323510e+00
  1.227950e+03  9.705800e-01
  1.196140e+03  1.058800e+00
  1.165160e+03  1.941135e+00
  1.134980e+03  1.411740e+00
  1.105580e+03  2.029375e+00
  1.076940e+03  1.764665e+00
  1.049040e+03  2.558770e+00
  1.021870e+03  3.088170e+00
  9.953980e+02  2.029375e+00
  9.696140e+02  3.352860e+00
  9.444970e+02  4.323425e+00
  9.200320e+02  3.794035e+00
  8.962000e+02  4.058720e+00
  8.729850e+02  4.852820e+00
  8.503720e+02  5.558690e+00
  8.283450e+02  6.176355e+00
  8.068880e+02  7.323320e+00
  7.859870e+02  7.499825e+00
  7.656270e+02  8.029190e+00
  7.457950e+02  1.173500e+01
  7.264760e+02  1.147025e+01
  7.076580e+02  1.376450e+01
  6.893270e+02  1.447030e+01
  6.714710e+02  1.420560e+01
  6.540780e+02  1.852900e+01
  6.371350e+02  2.188185e+01
  6.206310e+02  2.399955e+01
  6.045550e+02  2.611705e+01
  5.888950e+02  3.282285e+01
  5.736410e+02  3.264630e+01
  5.587810e+02  3.538145e+01
  5.443070e+02  4.191080e+01
  5.302080e+02  5.020450e+01
  5.164740e+02  5.091050e+01
  5.030950e+02  6.061610e+01
  4.900630e+02  6.608640e+01
  4.773690e+02  7.411565e+01
  4.650040e+02  8.302725e+01
  4.529580e+02  9.370375e+01
  4.412250e+02  1.069385e+02
  4.297960e+02  1.113500e+02
  4.186630e+02  1.295255e+02
  4.078180e+02  1.560840e+02
  3.972540e+02  1.642015e+02
  3.869640e+02  1.943780e+02
  3.769400e+02  2.136115e+02
  3.671770e+02  2.346995e+02
  3.576650e+02  2.681395e+02
  3.484010e+02  2.955815e+02
  3.393760e+02  3.358155e+02
  3.305850e+02  3.880485e+02
  3.220220e+02  4.093125e+02
  3.136800e+02  4.515770e+02
  3.055550e+02  5.118395e+02
  2.976400e+02  5.645150e+02
  2.899300e+02  6.354540e+02
  2.824200e+02  7.108936e+02
  2.751040e+02  7.992140e+02
  2.679780e+02  9.017410e+02
  2.610370e+02  1.003042e+03
  2.542750e+02  1.083585e+03
  2.476890e+02  1.212590e+03
  2.412730e+02  1.390290e+03
  2.350230e+02  1.536315e+03
  2.289350e+02  1.723725e+03
  2.230050e+02  1.877690e+03
  2.172280e+02  2.132595e+03
  2.116010e+02  2.341525e+03
  2.061200e+02  2.600665e+03
  2.007810e+02  2.856290e+03
  1.955800e+02  3.214080e+03
  1.905140e+02  3.597165e+03
  1.855790e+02  4.018920e+03
  1.807720e+02  4.428060e+03
  1.760890e+02  4.922355e+03
  1.715280e+02  5.463555e+03
  1.670850e+02  5.980875e+03
  1.627570e+02  6.615000e+03
  1.585410e+02  7.270665e+03
  1.544340e+02  7.963745e+03
  1.504340e+02  8.648689e+03
  1.465370e+02  9.501290e+03
  1.427410e+02  1.024070e+04
  1.390440e+02  1.116995e+04
  1.354420e+02  1.218300e+04
  1.319340e+02  1.307795e+04
  1.285160e+02  1.417685e+04
  1.251870e+02  1.529540e+04
  1.219440e+02  1.641215e+04
  1.187850e+02  1.766580e+04
  1.157090e+02  1.898795e+04
  1.127110e+02  2.040450e+04
  1.097920e+02  2.191280e+04
  1.069480e+02  2.347865e+04
  1.041770e+02  2.521980e+04
  1.014790e+02  2.701010e+04
  9.885030e+01  2.870665e+04
  9.628970e+01  3.058910e+04
  9.379550e+01  3.261150e+04
  9.136590e+01  3.465760e+04
  8.899920e+01  3.665430e+04
  8.669380e+01  3.885130e+04
  8.444820e+01  4.108480e+04
  8.226070e+01  4.348770e+04
  8.012980e+01  4.565360e+04
  7.805420e+01  4.804430e+04
  7.603240e+01  5.028375e+04
  7.406290e+01  5.261145e+04
  7.214440e+01  5.488845e+04
  7.027560e+01  5.700135e+04
  6.845520e+01  5.884175e+04
  6.668200e+01  6.099940e+04
  6.495470e+01  6.244360e+04
  6.327220e+01  6.357095e+04
  6.163320e+01  6.429210e+04
  6.003670e+01  6.473970e+04
  5.848160e+01  6.502730e+04
  5.696670e+01  6.491885e+04
  5.549110e+01  6.485445e+04
  5.405370e+01  6.457230e+04
  5.265350e+01  6.417485e+04
  5.128960e+01  6.352765e+04
  4.996100e+01  6.263545e+04
  4.866690e+01  6.128375e+04
  4.740620e+01  5.946550e+04
  4.617830e+01  5.742900e+04
  4.498210e+01  5.481745e+04
  4.381690e+01  5.298380e+04
  4.268190e+01  5.091375e+04
  4.157630e+01  4.858410e+04
  4.049930e+01  4.626575e+04
  3.945030e+01  4.408595e+04
  3.842840e+01  4.224645e+04
  3.743290e+01  4.039485e+04
  3.646330e+01  3.859775e+04
  3.551880e+01  3.685445e+04
  3.459870e+01  3.498015e+04
  3.370250e+01  3.297100e+04
  3.282950e+01  3.117960e+04
  3.197910e+01  2.936025e+04
  3.115070e+01  2.764495e+04
  3.034380e+01  2.604980e+04
  2.955780e+01  2.424655e+04
  2.879220e+01  2.255325e+04
  2.804640e+01  2.080250e+04
  2.731990e+01  1.919530e+04
  2.661220e+01  1.761050e+04
  2.592290e+01  1.601820e+04
  2.525140e+01  1.448870e+04
  2.459730e+01  1.309420e+04
  2.396010e+01  1.181870e+04
  2.333950e+01  1.041945e+04
  2.273490e+01  9.225120e+03
  2.214600e+01  7.951555e+03
  2.157230e+01  6.829060e+03
  2.101350e+01  5.782875e+03
  2.046920e+01  4.840205e+03
  1.993900e+01  4.067185e+03
  1.942250e+01  3.403675e+03
  1.891940e+01  2.859450e+03
  1.842930e+01  2.644795e+03
  1.795200e+01  2.394635e+03
  1.748690e+01  2.374265e+03
  1.703400e+01  2.376825e+03
  1.659270e+01  2.523815e+03
  1.616290e+01  2.683870e+03
  1.574430e+01  2.840660e+03
  1.533640e+01  2.999215e+03
  1.493920e+01  3.103330e+03
  1.455220e+01  3.038040e+03
  1.417520e+01  2.680785e+03
  1.380800e+01  2.067835e+03
  1.345040e+01  1.424080e+03
  1.310200e+01  8.965360e+02
  1.276260e+01  5.174875e+02
  1.243200e+01  2.833170e+02
  1.211000e+01  1.569675e+02
  1.179630e+01  9.414384e+01
  1.149070e+01  5.311630e+01
  1.119310e+01  3.441105e+01
  1.090310e+01  2.655825e+01
  1.062070e+01  1.985250e+01
  1.034560e+01  1.747025e+01
  1.007760e+01  1.288200e+01
  9.816600e+00  8.117430e+00
  9.562300e+00  7.323335e+00
  9.314600e+00  8.911530e+00
  9.073300e+00  1.102915e+01
  8.838300e+00  1.288200e+01
  8.609300e+00  2.964635e+01
  8.386300e+00  5.143995e+01
  8.169100e+00  1.064970e+02
  7.957500e+00  2.170515e+02
  7.751400e+00  3.308735e+02
  7.550600e+00  5.116640e+02
  7.355000e+00  5.213695e+02
  7.164500e+00  4.713405e+02
  6.978900e+00  4.024310e+02
  6.798100e+00  3.249630e+02
  6.622000e+00  2.721980e+02
  6.450500e+00  2.158175e+02
  6.283400e+00  1.717905e+02
  6.120600e+00  1.488490e+02
  5.962100e+00  1.285550e+02
  5.807600e+00  1.130260e+02
  5.657200e+00  1.082615e+02
  5.510700e+00  1.031447e+02
  5.367900e+00  9.767435e+01
  5.228900e+00  8.408605e+01
  5.093400e+00  7.455690e+01
  4.961500e+00  6.970395e+01
  4.833000e+00  6.105705e+01
  4.707800e+00  5.832200e+01
  4.585800e+00  5.029290e+01
  4.467100e+00  4.720475e+01
  4.351300e+00  4.755770e+01
  4.238600e+00  4.102850e+01
  4.128800e+00  4.376365e+01
  4.021900e+00  4.341075e+01
  3.917700e+00  3.838140e+01
  3.816200e+00  3.026415e+01
  3.717400e+00  3.194040e+01
  3.621100e+00  2.982285e+01
  3.527300e+00  3.052875e+01
  3.435900e+00  2.999925e+01
  3.346900e+00  2.417595e+01
  3.260200e+00  1.985260e+01
  3.175800e+00  1.676430e+01
  3.093500e+00  1.314670e+01
  3.013400e+00  1.032323e+01
  2.935300e+00  9.352675e+00
  2.859300e+00  1.464675e+01
  2.785200e+00  1.747025e+01
  2.713100e+00  1.844070e+01
  2.642800e+00  2.082300e+01
  2.574300e+00  1.958775e+01
  2.507600e+00  1.791135e+01
  2.442700e+00  1.685265e+01
  2.379400e+00  1.623505e+01
  2.317800e+00  1.711725e+01
  2.257700e+00  1.535260e+01
  2.199300e+00  1.552900e+01
  2.142300e+00  1.455860e+01
  2.086800e+00  1.217620e+01
  2.032700e+00  1.164674e+01
  1.980100e+00  1.164680e+01
  1.928800e+00  9.882035e+00
  1.878800e+00  1.058800e+01
  1.830200e+00  8.470335e+00
  1.782800e+00  1.544080e+01
  1.736600e+00  1.067623e+01
  1.691600e+00  9.617430e+00
  1.647800e+00  8.293915e+00
  1.605100e+00  6.617515e+00
  1.563500e+00  8.117495e+00
  1.523000e+00  6.705710e+00
  1.483600e+00  6.441050e+00
  1.445100e+00  5.646930e+00
  1.407700e+00  5.646940e+00
  1.371200e+00  4.941040e+00
  1.335700e+00  4.499885e+00
  1.301100e+00  4.852810e+00
  1.267400e+00  3.970485e+00
  1.234600e+00  3.794025e+00
  1.202600e+00  3.705805e+00
  1.171500e+00  3.882265e+00
  1.141100e+00  3.705785e+00
  1.111600e+00  2.735230e+00
  1.082800e+00  2.294070e+00
  1.054700e+00  4.235185e+00
  1.027400e+00  2.735230e+00
  1.000800e+00  1.499975e+00
  9.749000e-01  2.647000e+00
  9.496000e-01  1.941135e+00
  9.250000e-01  1.676435e+00
  9.010000e-01  2.205820e+00
  8.777000e-01  2.558765e+00
  8.550000e-01  2.470540e+00
  8.328000e-01  2.647000e+00
  8.113000e-01  2.382295e+00
  7.902000e-01  2.470535e+00
  7.698000e-01  2.294065e+00
  7.498000e-01  2.911700e+00
  7.304000e-01  3.617555e+00
  7.115000e-01  3.882250e+00
  6.931000e-01  4.323420e+00
  6.751000e-01  3.608740e+01
  6.576000e-01  3.317570e+01
  6.406000e-01  9.149720e+01
  6.240000e-01  2.276430e+01
  6.078000e-01  4.764590e+00
  5.921000e-01  4.499915e+00
  5.767000e-01  4.852830e+00
  5.618000e-01  5.646910e+00
  5.472000e-01  5.911620e+00
  5.331000e-01  6.970430e+00
  5.193000e-01  4.941065e+00
  5.058000e-01  4.852795e+00
  4.927000e-01  1.041150e+01
  4.799000e-01  1.067625e+01
  4.675000e-01  7.323360e+00
  4.554000e-01  5.911620e+00
  4.436000e-01  1.208795e+01
  4.321000e-01  1.208805e+01
  4.209000e-01  1.102910e+01
  4.100000e-01  6.176325e+00
  3.994000e-01  1.261730e+01
  3.891000e-01  1.976425e+01
  3.790000e-01  1.914670e+01
  3.692000e-01  5.294015e+00
  3.596000e-01  3.882260e+00
  3.503000e-01  4.323420e+00
  3.412000e-01  3.441100e+00
  3.324000e-01  4.764585e+00
  3.238000e-01  4.852815e+00
  3.154000e-01  5.205730e+00
  3.072000e-01  5.293980e+00
  2.992000e-01  6.882175e+00
  2.915000e-01  1.058806e+01
  2.839000e-01  1.102920e+01
  2.766000e-01  8.293910e+00
  2.694000e-01  1.729370e+01
  2.624000e-01  3.546965e+01
  2.556000e-01  3.670500e+01
  2.490000e-01  1.199965e+01
  2.426000e-01  1.420560e+01
  2.363000e-01  1.385265e+01
  2.302000e-01  7.323390e+00
  2.242000e-01  6.970430e+00
  2.184000e-01  4.941065e+00
  2.127000e-01  4.235190e+00
  2.072000e-01  5.117510e+00
  2.019000e-01  5.735150e+00
  1.966000e-01  7.235070e+00
  1.915000e-01  7.235110e+00
  1.866000e-01  9.970360e+00
  1.817000e-01  6.970380e+00
  1.770000e-01  6.793935e+00
  1.725000e-01  7.146870e+00
  1.680000e-01  7.235110e+00
  1.636000e-01  5.823375e+00
  1.594000e-01  6.176330e+00
  1.553000e-01  6.793965e+00
  1.512000e-01  6.352780e+00
  1.473000e-01  7.146890e+00
  1.435000e-01  9.970341e+00
  1.398000e-01  9.529119e+00
  1.362000e-01  7.146920e+00
  1.326000e-01  7.499775e+00
  1.292000e-01  7.676310e+00
  1.259000e-01  8.646830e+00
  1.226000e-01  1.235280e+01
  1.194000e-01  1.164680e+01
  1.163000e-01  1.358795e+01
  1.133000e-01  9.617470e+00
  1.104000e-01  8.999860e+00
  1.075000e-01  1.129390e+01
  1.047000e-01  9.617371e+00
  1.020000e-01  1.182325e+01
  9.940000e-02  1.129390e+01
  9.680000e-02  1.305860e+01
  9.430000e-02  9.970320e+00
  9.190000e-02  1.067619e+01
  8.950000e-02  1.173510e+01
  8.720000e-02  9.529181e+00
  8.490000e-02  1.102920e+01
  8.270000e-02  1.058805e+01
  8.060000e-02  1.085280e+01
  7.850000e-02  1.199975e+01
  7.640000e-02  9.088070e+00
  7.450000e-02  1.067620e+01
  7.250000e-02  8.823325e+00
  7.070000e-02  8.823310e+00
  6.880000e-02  8.735055e+00
  6.700000e-02  8.999800e+00
  6.530000e-02  9.264490e+00
  6.360000e-02  7.411605e+00
  6.200000e-02  5.646915e+00
  6.040000e-02  5.823395e+00
  5.880000e-02  6.176320e+00
  5.730000e-02  5.382235e+00
  5.580000e-02  3.617545e+00
  5.430000e-02  4.764595e+00
  5.290000e-02  3.882250e+00
  5.160000e-02  3.176400e+00
  5.020000e-02  3.705790e+00
  4.890000e-02  2.029375e+00
  4.770000e-02  1.235275e+00
  4.640000e-02  1.941135e+00
  4.520000e-02  1.499970e+00
  4.410000e-02  1.499975e+00
  4.290000e-02  1.764665e+00
  4.180000e-02  1.499970e+00
  4.070000e-02  7.941100e-01
  3.970000e-02  1.147035e+00
  3.860000e-02  1.499975e+00
  3.760000e-02  7.058750e-01
  3.670000e-02  4.411750e-01
  3.570000e-02  5.294000e-01
  3.480000e-02  3.529400e-01
  3.390000e-02  2.647000e-01
  3.300000e-02  8.823500e-02
  3.220000e-02  4.411750e-01
  3.130000e-02  1.764700e-01
  3.050000e-02  5.294050e-01
  2.970000e-02  1.764700e-01
  2.890000e-02  1.764700e-01
  2.820000e-02  1.764700e-01
  2.750000e-02  0.000000e+00
  2.680000e-02  0.000000e+00
  2.610000e-02  0.000000e+00
  2.540000e-02  0.000000e+00
  2.470000e-02  1.764700e-01
  2.410000e-02  0.000000e+00
  2.350000e-02  0.000000e+00
  2.290000e-02  0.000000e+00
  2.230000e-02  0.000000e+00
  2.170000e-02  8.823500e-02
  2.110000e-02  0.000000e+00
  2.060000e-02  8.823500e-02
  2.000000e-02  0.000000e+00
  1.950000e-02  0.000000e+00
  1.900000e-02  0.000000e+00
  1.850000e-02  0.000000e+00
  1.800000e-02  0.000000e+00
  1.760000e-02  0.000000e+00
  1.710000e-02  0.000000e+00
  1.670000e-02  0.000000e+00
  1.630000e-02  8.823500e-02
  1.580000e-02  0.000000e+00
  1.540000e-02  0.000000e+00
  1.500000e-02  0.000000e+00
  1.460000e-02  0.000000e+00
  1.430000e-02  0.000000e+00
  1.390000e-02  0.000000e+00
  1.350000e-02  0.000000e+00
  1.320000e-02  0.000000e+00
  1.280000e-02  0.000000e+00
  1.250000e-02  0.000000e+00
  1.220000e-02  8.823500e-02
  1.190000e-02  0.000000e+00
  1.160000e-02  0.000000e+00
  1.130000e-02  0.000000e+00
  1.100000e-02  1.191150e+01
  1.070000e-02  1.949955e+01
  1.040000e-02  1.923485e+01
  1.010000e-02  1.335840e+02
