  4.934820e+03  2.645700e-02
  4.806990e+03  1.763800e-02
  4.682470e+03  0.000000e+00
  4.561180e+03  0.000000e+00
  4.443030e+03  8.819000e-03
  4.327940e+03  8.819000e-03
  4.215830e+03  0.000000e+00
  4.106630e+03  1.763750e-02
  4.000250e+03  1.763800e-02
  3.896630e+03  0.000000e+00
  3.795700e+03  0.000000e+00
  3.697380e+03  0.000000e+00
  3.601600e+03  8.819000e-03
  3.508310e+03  2.645700e-02
  3.417430e+03  1.763800e-02
  3.328910e+03  3.527600e-02
  3.242680e+03  1.763750e-02
  3.158680e+03  2.645700e-02
  3.076860e+03  2.645650e-02
  2.997160e+03  3.527600e-02
  2.919530e+03  6.173200e-02
  2.843900e+03  2.645700e-02
  2.770230e+03  7.055100e-02
  2.698480e+03  4.409500e-02
  2.628580e+03  1.763800e-02
  2.560490e+03  3.527550e-02
  2.494160e+03  4.409450e-02
  2.429550e+03  8.818900e-02
  2.366620e+03  7.055200e-02
  2.305320e+03  7.055150e-02
  2.245600e+03  8.818950e-02
  2.187430e+03  6.173300e-02
  2.130770e+03  1.499210e-01
  2.075580e+03  9.700850e-02
  2.021810e+03  1.322830e-01
  1.969440e+03  7.937100e-02
  1.918430e+03  1.763770e-01
  1.868730e+03  1.587395e-01
  1.820330e+03  1.411020e-01
  1.773170e+03  1.851965e-01
  1.727240e+03  2.557465e-01
  1.682500e+03  2.557465e-01
  1.638920e+03  3.792100e-01
  1.596470e+03  2.910220e-01
  1.555110e+03  3.262975e-01
  1.514830e+03  4.585805e-01
  1.475590e+03  5.114925e-01
  1.437370e+03  5.379475e-01
  1.400140e+03  4.144835e-01
  1.363870e+03  5.732275e-01
  1.328540e+03  5.467700e-01
  1.294120e+03  6.790535e-01
  1.260600e+03  7.672385e-01
  1.227950e+03  7.496035e-01
  1.196140e+03  9.788890e-01
  1.165160e+03  1.278725e+00
  1.134980e+03  1.190545e+00
  1.105580e+03  1.411005e+00
  1.076940e+03  1.666760e+00
  1.049040e+03  1.481555e+00
  1.021870e+03  1.763750e+00
  9.953980e+02  2.284070e+00
  9.696140e+02  2.469265e+00
  9.444970e+02  3.148320e+00
  9.200320e+02  2.883760e+00
  8.962000e+02  3.439345e+00
  8.729850e+02  3.686265e+00
  8.503720e+02  4.418240e+00
  8.283450e+02  4.876815e+00
  8.068880e+02  5.652865e+00
  7.859870e+02  6.420115e+00
  7.656270e+02  6.852230e+00
  7.457950e+02  8.166190e+00
  7.264760e+02  9.436134e+00
  7.076580e+02  9.938815e+00
  6.893270e+02  1.115585e+01
  6.714710e+02  1.273425e+01
  6.540780e+02  1.418080e+01
  6.371350e+02  1.607665e+01
  6.206310e+02  1.828140e+01
  6.045550e+02  2.065370e+01
  5.888950e+02  2.252340e+01
  5.736410e+02  2.516895e+01
  5.587810e+02  2.907565e+01
  5.443070e+02  3.291190e+01
  5.302080e+02  3.644825e+01
  5.164740e+02  4.031085e+01
  5.030950e+02  4.653690e+01
  4.900630e+02  5.024975e+01
  4.773690e+02  5.798385e+01
  4.650040e+02  6.585899e+01
  4.529580e+02  7.473070e+01
  4.412250e+02  8.047176e+01
  4.297960e+02  9.223605e+01
  4.186630e+02  1.019905e+02
  4.078180e+02  1.139935e+02
  3.972540e+02  1.305015e+02
  3.869640e+02  1.446805e+02
  3.769400e+02  1.593300e+02
  3.671770e+02  1.799225e+02
  3.576650e+02  1.991475e+02
  3.484010e+02  2.242010e+02
  3.393760e+02  2.490880e+02
  3.305850e+02  2.737895e+02
  3.220220e+02  3.040030e+02
  3.136800e+02  3.388455e+02
  3.055550e+02  3.764315e+02
  2.976400e+02  4.187095e+02
  2.899300e+02  4.575555e+02
  2.824200e+02  5.122595e+02
  2.751040e+02  5.698890e+02
  2.679780e+02  6.346195e+02
  2.610370e+02  6.989355e+02
  2.542750e+02  7.760290e+02
  2.476890e+02  8.572865e+02
  2.412730e+02  9.464275e+02
  2.350230e+02  1.055995e+03
  2.289350e+02  1.162630e+03
  2.230050e+02  1.284240e+03
  2.172280e+02  1.406490e+03
  2.116010e+02  1.545560e+03
  2.061200e+02  1.685175e+03
  2.007810e+02  1.862040e+03
  1.955800e+02  2.049365e+03
  1.905140e+02  2.270495e+03
  1.855790e+02  2.484765e+03
  1.807720e+02  2.718510e+03
  1.760890e+02  2.976120e+03
  1.715280e+02  3.233305e+03
  1.670850e+02  3.519850e+03
  1.627570e+02  3.803345e+03
  1.585410e+02  4.090520e+03
  1.544340e+02  4.408900e+03
  1.504340e+02  4.725235e+03
  1.465370e+02  5.060245e+03
  1.427410e+02  5.409890e+03
  1.390440e+02  5.771490e+03
  1.354420e+02  6.117920e+03
  1.319340e+02  6.471970e+03
  1.285160e+02  6.842950e+03
  1.251870e+02  7.199065e+03
  1.219440e+02  7.589650e+03
  1.187850e+02  7.959290e+03
  1.157090e+02  8.327904e+03
  1.127110e+02  8.703300e+03
  1.097920e+02  9.072615e+03
  1.069480e+02  9.422686e+03
  1.041770e+02  9.759314e+03
  1.014790e+02  1.007900e+04
  9.885030e+01  1.037735e+04
  9.628970e+01  1.065185e+04
  9.379550e+01  1.086410e+04
  9.136590e+01  1.104525e+04
  8.899920e+01  1.121670e+04
  8.669380e+01  1.131475e+04
  8.444820e+01  1.136240e+04
  8.226070e+01  1.131305e+04
  8.012980e+01  1.123480e+04
  7.805420e+01  1.108655e+04
  7.603240e+01  1.086305e+04
  7.406290e+01  1.060195e+04
  7.214440e+01  1.023710e+04
  7.027560e+01  9.834145e+03
  6.845520e+01  9.327910e+03
  6.668200e+01  8.807734e+03
  6.495470e+01  8.195765e+03
  6.327220e+01  7.710845e+03
  6.163320e+01  7.174965e+03
  6.003670e+01  6.608025e+03
  5.848160e+01  6.143730e+03
  5.696670e+01  5.656800e+03
  5.549110e+01  5.195845e+03
  5.405370e+01  4.617870e+03
  5.265350e+01  4.038585e+03
  5.128960e+01  3.504850e+03
  4.996100e+01  2.999620e+03
  4.866690e+01  2.492775e+03
  4.740620e+01  2.055600e+03
  4.617830e+01  1.665335e+03
  4.498210e+01  1.347045e+03
  4.381690e+01  1.156675e+03
  4.268190e+01  9.912535e+02
  4.157630e+01  8.407520e+02
  4.049930e+01  7.084690e+02
  3.945030e+01  6.120440e+02
  3.842840e+01  5.362980e+02
  3.743290e+01  4.667625e+02
  3.646330e+01  4.014335e+02
  3.551880e+01  3.471870e+02
  3.459870e+01  2.946275e+02
  3.370250e+01  2.416355e+02
  3.282950e+01  1.989000e+02
  3.197910e+01  1.654680e+02
  3.115070e+01  1.347960e+02
  3.034380e+01  1.093630e+02
  2.955780e+01  8.566600e+01
  2.879220e+01  6.605300e+01
  2.804640e+01  5.181070e+01
  2.731990e+01  3.765635e+01
  2.661220e+01  2.925200e+01
  2.592290e+01  2.133270e+01
  2.525140e+01  1.519480e+01
  2.459730e+01  1.152620e+01
  2.396010e+01  7.169695e+00
  2.333950e+01  5.176655e+00
  2.273490e+01  3.642180e+00
  2.214600e+01  2.266425e+00
  2.157230e+01  1.252270e+00
  2.101350e+01  8.377885e-01
  2.046920e+01  3.968490e-01
  1.993900e+01  2.028335e-01
  1.942250e+01  1.234650e-01
  1.891940e+01  1.058270e-01
  1.842930e+01  1.763800e-02
  1.795200e+01  7.055100e-02
  1.748690e+01  5.291350e-02
  1.703400e+01  3.527600e-02
  1.659270e+01  5.291350e-02
  1.616290e+01  3.527600e-02
  1.574430e+01  6.173300e-02
  1.533640e+01  7.937050e-02
  1.493920e+01  7.936950e-02
  1.455220e+01  6.173200e-02
  1.417520e+01  6.173250e-02
  1.380800e+01  8.819000e-03
  1.345040e+01  0.000000e+00
  1.310200e+01  8.819000e-03
  1.276260e+01  2.645700e-02
  1.243200e+01  8.819000e-03
  1.211000e+01  0.000000e+00
  1.179630e+01  0.000000e+00
  1.149070e+01  0.000000e+00
  1.119310e+01  0.000000e+00
  1.090310e+01  0.000000e+00
  1.062070e+01  0.000000e+00
  1.034560e+01  0.000000e+00
  1.007760e+01  8.819000e-03
  9.816600e+00  0.000000e+00
  9.562300e+00  0.000000e+00
  9.314600e+00  0.000000e+00
  9.073300e+00  0.000000e+00
  8.838300e+00  0.000000e+00
  8.609300e+00  1.763800e-02
  8.386300e+00  0.000000e+00
  8.169100e+00  8.819000e-03
  7.957500e+00  0.000000e+00
  7.751400e+00  2.645650e-02
  7.550600e+00  2.645700e-02
  7.355000e+00  7.055100e-02
  7.164500e+00  3.527550e-02
  6.978900e+00  8.819000e-03
  6.798100e+00  2.645700e-02
  6.622000e+00  5.291350e-02
  6.450500e+00  7.055100e-02
  6.283400e+00  5.291300e-02
  6.120600e+00  4.409500e-02
  5.962100e+00  4.409500e-02
  5.807600e+00  2.645700e-02
  5.657200e+00  5.291350e-02
  5.510700e+00  1.763800e-02
  5.367900e+00  5.291400e-02
  5.228900e+00  4.409450e-02
  5.093400e+00  6.173250e-02
  4.961500e+00  7.055150e-02
  4.833000e+00  3.527600e-02
  4.707800e+00  4.409500e-02
  4.585800e+00  3.527600e-02
  4.467100e+00  1.763800e-02
  4.351300e+00  2.645700e-02
  4.238600e+00  3.527600e-02
  4.128800e+00  5.291400e-02
  4.021900e+00  3.527600e-02
  3.917700e+00  5.291400e-02
  3.816200e+00  3.527600e-02
  3.717400e+00  3.527600e-02
  3.621100e+00  3.527550e-02
  3.527300e+00  1.763800e-02
  3.435900e+00  4.409500e-02
  3.346900e+00  5.291350e-02
  3.260200e+00  5.291400e-02
  3.175800e+00  8.819000e-03
  3.093500e+00  1.763800e-02
  3.013400e+00  2.645650e-02
  2.935300e+00  0.000000e+00
  2.859300e+00  8.819000e-03
  2.785200e+00  2.645700e-02
  2.713100e+00  8.819000e-03
  2.642800e+00  1.763800e-02
  2.574300e+00  1.763800e-02
  2.507600e+00  0.000000e+00
  2.442700e+00  3.527550e-02
  2.379400e+00  0.000000e+00
  2.317800e+00  0.000000e+00
  2.257700e+00  1.763800e-02
  2.199300e+00  8.819000e-03
  2.142300e+00  1.763800e-02
  2.086800e+00  8.819000e-03
  2.032700e+00  1.763800e-02
  1.980100e+00  8.819000e-03
  1.928800e+00  2.645700e-02
  1.878800e+00  8.819000e-03
  1.830200e+00  0.000000e+00
  1.782800e+00  8.819000e-03
  1.736600e+00  1.763800e-02
  1.691600e+00  1.763800e-02
  1.647800e+00  0.000000e+00
  1.605100e+00  0.000000e+00
  1.563500e+00  0.000000e+00
  1.523000e+00  8.819000e-03
  1.483600e+00  2.645700e-02
  1.445100e+00  8.819000e-03
  1.407700e+00  8.819000e-03
  1.371200e+00  0.000000e+00
  1.335700e+00  0.000000e+00
  1.301100e+00  0.000000e+00
  1.267400e+00  0.000000e+00
  1.234600e+00  1.763800e-02
  1.202600e+00  0.000000e+00
  1.171500e+00  0.000000e+00
  1.141100e+00  8.819000e-03
  1.111600e+00  0.000000e+00
  1.082800e+00  0.000000e+00
  1.054700e+00  8.819000e-03
  1.027400e+00  0.000000e+00
  1.000800e+00  0.000000e+00
  9.749000e-01  8.819000e-03
  9.496000e-01  1.763800e-02
  9.250000e-01  8.819000e-03
  9.010000e-01  8.819000e-03
  8.777000e-01  3.527600e-02
  8.550000e-01  0.000000e+00
  8.328000e-01  8.819000e-03
  8.113000e-01  0.000000e+00
  7.902000e-01  0.000000e+00
  7.698000e-01  8.819000e-03
  7.498000e-01  0.000000e+00
  7.304000e-01  0.000000e+00
  7.115000e-01  8.819000e-03
  6.931000e-01  2.645700e-02
  6.751000e-01  0.000000e+00
  6.576000e-01  8.819000e-03
  6.406000e-01  8.819000e-03
  6.240000e-01  8.819000e-03
  6.078000e-01  0.000000e+00
  5.921000e-01  0.000000e+00
  5.767000e-01  8.819000e-03
  5.618000e-01  8.819000e-03
  5.472000e-01  0.000000e+00
  5.331000e-01  0.000000e+00
  5.193000e-01  0.000000e+00
  5.058000e-01  0.000000e+00
  4.927000e-01  0.000000e+00
  4.799000e-01  8.819000e-03
  4.675000e-01  0.000000e+00
  4.554000e-01  0.000000e+00
  4.436000e-01  0.000000e+00
  4.321000e-01  1.763800e-02
  4.209000e-01  0.000000e+00
  4.100000e-01  0.000000e+00
  3.994000e-01  0.000000e+00
  3.891000e-01  2.645650e-02
  3.790000e-01  8.819000e-03
  3.692000e-01  2.645700e-02
  3.596000e-01  0.000000e+00
  3.503000e-01  1.763800e-02
  3.412000e-01  8.819000e-03
  3.324000e-01  0.000000e+00
  3.238000e-01  0.000000e+00
  3.154000e-01  8.819000e-03
  3.072000e-01  0.000000e+00
  2.992000e-01  1.763800e-02
  2.915000e-01  0.000000e+00
  2.839000e-01  8.819000e-03
  2.766000e-01  0.000000e+00
  2.694000e-01  0.000000e+00
  2.624000e-01  1.763800e-02
  2.556000e-01  0.000000e+00
  2.490000e-01  8.819000e-03
  2.426000e-01  0.000000e+00
  2.363000e-01  0.000000e+00
  2.302000e-01  0.000000e+00
  2.242000e-01  0.000000e+00
  2.184000e-01  0.000000e+00
  2.127000e-01  0.000000e+00
  2.072000e-01  8.819000e-03
  2.019000e-01  0.000000e+00
  1.966000e-01  0.000000e+00
  1.915000e-01  0.000000e+00
  1.866000e-01  0.000000e+00
  1.817000e-01  0.000000e+00
  1.770000e-01  8.819000e-03
  1.725000e-01  0.000000e+00
  1.680000e-01  0.000000e+00
  1.636000e-01  0.000000e+00
  1.594000e-01  0.000000e+00
  1.553000e-01  0.000000e+00
  1.512000e-01  0.000000e+00
  1.473000e-01  0.000000e+00
  1.435000e-01  0.000000e+00
  1.398000e-01  0.000000e+00
  1.362000e-01  0.000000e+00
  1.326000e-01  0.000000e+00
  1.292000e-01  0.000000e+00
  1.259000e-01  0.000000e+00
  1.226000e-01  0.000000e+00
  1.194000e-01  0.000000e+00
  1.163000e-01  0.000000e+00
  1.133000e-01  0.000000e+00
  1.104000e-01  0.000000e+00
  1.075000e-01  0.000000e+00
  1.047000e-01  0.000000e+00
  1.020000e-01  0.000000e+00
  9.940000e-02  0.000000e+00
  9.680000e-02  0.000000e+00
  9.430000e-02  0.000000e+00
  9.190000e-02  0.000000e+00
  8.950000e-02  0.000000e+00
  8.720000e-02  0.000000e+00
  8.490000e-02  0.000000e+00
  8.270000e-02  0.000000e+00
  8.060000e-02  0.000000e+00
  7.850000e-02  0.000000e+00
  7.640000e-02  0.000000e+00
  7.450000e-02  0.000000e+00
  7.250000e-02  0.000000e+00
  7.070000e-02  0.000000e+00
  6.880000e-02  0.000000e+00
  6.700000e-02  0.000000e+00
  6.530000e-02  0.000000e+00
  6.360000e-02  0.000000e+00
  6.200000e-02  0.000000e+00
  6.040000e-02  0.000000e+00
  5.880000e-02  0.000000e+00
  5.730000e-02  0.000000e+00
  5.580000e-02  0.000000e+00
  5.430000e-02  0.000000e+00
  5.290000e-02  0.000000e+00
  5.160000e-02  0.000000e+00
  5.020000e-02  0.000000e+00
  4.890000e-02  0.000000e+00
  4.770000e-02  0.000000e+00
  4.640000e-02  0.000000e+00
  4.520000e-02  0.000000e+00
  4.410000e-02  0.000000e+00
  4.290000e-02  0.000000e+00
  4.180000e-02  0.000000e+00
  4.070000e-02  0.000000e+00
  3.970000e-02  0.000000e+00
  3.860000e-02  0.000000e+00
  3.760000e-02  0.000000e+00
  3.670000e-02  0.000000e+00
  3.570000e-02  0.000000e+00
  3.480000e-02  0.000000e+00
  3.390000e-02  0.000000e+00
  3.300000e-02  0.000000e+00
  3.220000e-02  0.000000e+00
  3.130000e-02  0.000000e+00
  3.050000e-02  0.000000e+00
  2.970000e-02  0.000000e+00
  2.890000e-02  0.000000e+00
  2.820000e-02  0.000000e+00
  2.750000e-02  0.000000e+00
  2.680000e-02  0.000000e+00
  2.610000e-02  0.000000e+00
  2.540000e-02  0.000000e+00
  2.470000e-02  0.000000e+00
  2.410000e-02  0.000000e+00
  2.350000e-02  0.000000e+00
  2.290000e-02  0.000000e+00
  2.230000e-02  0.000000e+00
  2.170000e-02  0.000000e+00
  2.110000e-02  0.000000e+00
  2.060000e-02  0.000000e+00
  2.000000e-02  0.000000e+00
  1.950000e-02  0.000000e+00
  1.900000e-02  0.000000e+00
  1.850000e-02  0.000000e+00
  1.800000e-02  0.000000e+00
  1.760000e-02  0.000000e+00
  1.710000e-02  0.000000e+00
  1.670000e-02  0.000000e+00
  1.630000e-02  0.000000e+00
  1.580000e-02  0.000000e+00
  1.540000e-02  0.000000e+00
  1.500000e-02  0.000000e+00
  1.460000e-02  0.000000e+00
  1.430000e-02  0.000000e+00
  1.390000e-02  0.000000e+00
  1.350000e-02  0.000000e+00
  1.320000e-02  0.000000e+00
  1.280000e-02  0.000000e+00
  1.250000e-02  0.000000e+00
  1.220000e-02  0.000000e+00
  1.190000e-02  0.000000e+00
  1.160000e-02  0.000000e+00
  1.130000e-02  0.000000e+00
  1.100000e-02  0.000000e+00
  1.070000e-02  8.819000e-03
  1.040000e-02  0.000000e+00
  1.010000e-02  1.763800e-02
