  4.934820e+03  0.000000e+00
  4.806990e+03  0.000000e+00
  4.682470e+03  0.000000e+00
  4.561180e+03  0.000000e+00
  4.443030e+03  0.000000e+00
  4.327940e+03  0.000000e+00
  4.215830e+03  0.000000e+00
  4.106630e+03  0.000000e+00
  4.000250e+03  0.000000e+00
  3.896630e+03  0.000000e+00
  3.795700e+03  0.000000e+00
  3.697380e+03  0.000000e+00
  3.601600e+03  0.000000e+00
  3.508310e+03  0.000000e+00
  3.417430e+03  0.000000e+00
  3.328910e+03  9.932200e-02
  3.242680e+03  4.966100e-02
  3.158680e+03  9.932200e-02
  3.076860e+03  0.000000e+00
  2.997160e+03  0.000000e+00
  2.919530e+03  0.000000e+00
  2.843900e+03  1.489830e-01
  2.770230e+03  0.000000e+00
  2.698480e+03  0.000000e+00
  2.628580e+03  4.966100e-02
  2.560490e+03  0.000000e+00
  2.494160e+03  1.489830e-01
  2.429550e+03  0.000000e+00
  2.366620e+03  0.000000e+00
  2.305320e+03  9.932200e-02
  2.245600e+03  4.966100e-02
  2.187430e+03  1.986440e-01
  2.130770e+03  9.932200e-02
  2.075580e+03  9.932200e-02
  2.021810e+03  1.489830e-01
  1.969440e+03  1.986440e-01
  1.918430e+03  2.979640e-01
  1.868730e+03  0.000000e+00
  1.820330e+03  1.489830e-01
  1.773170e+03  4.966100e-02
  1.727240e+03  2.483050e-01
  1.682500e+03  3.972860e-01
  1.638920e+03  4.966060e-01
  1.596470e+03  3.476290e-01
  1.555110e+03  4.469470e-01
  1.514830e+03  3.972880e-01
  1.475590e+03  6.952540e-01
  1.437370e+03  8.442290e-01
  1.400140e+03  8.938900e-01
  1.363870e+03  6.455910e-01
  1.328540e+03  5.462730e-01
  1.294120e+03  6.455910e-01
  1.260600e+03  1.092533e+00
  1.227950e+03  1.291177e+00
  1.196140e+03  1.191860e+00
  1.165160e+03  1.589140e+00
  1.134980e+03  1.340835e+00
  1.105580e+03  1.241513e+00
  1.076940e+03  2.483050e+00
  1.049040e+03  1.787805e+00
  1.021870e+03  2.383725e+00
  9.953980e+02  2.880335e+00
  9.696140e+02  2.632030e+00
  9.444970e+02  3.575605e+00
  9.200320e+02  3.774245e+00
  8.962000e+02  4.469505e+00
  8.729850e+02  4.469505e+00
  8.503720e+02  4.668145e+00
  8.283450e+02  5.909685e+00
  8.068880e+02  6.604945e+00
  7.859870e+02  7.598090e+00
  7.656270e+02  8.690590e+00
  7.457950e+02  8.045095e+00
  7.264760e+02  9.981825e+00
  7.076580e+02  1.122335e+01
  6.893270e+02  1.291185e+01
  6.714710e+02  1.400445e+01
  6.540780e+02  1.589155e+01
  6.371350e+02  1.926850e+01
  6.206310e+02  2.254615e+01
  6.045550e+02  2.507880e+01
  5.888950e+02  2.691635e+01
  5.736410e+02  3.183290e+01
  5.587810e+02  3.446480e+01
  5.443070e+02  3.590495e+01
  5.302080e+02  4.156635e+01
  5.164740e+02  4.891630e+01
  5.030950e+02  5.343545e+01
  4.900630e+02  6.356630e+01
  4.773690e+02  7.061819e+01
  4.650040e+02  7.732240e+01
  4.529580e+02  8.641040e+01
  4.412250e+02  9.852831e+01
  4.297960e+02  1.071200e+02
  4.186630e+02  1.190885e+02
  4.078180e+02  1.400450e+02
  3.972540e+02  1.564320e+02
  3.869640e+02  1.764960e+02
  3.769400e+02  1.965600e+02
  3.671770e+02  2.192540e+02
  3.576650e+02  2.484550e+02
  3.484010e+02  2.778540e+02
  3.393760e+02  3.019890e+02
  3.305850e+02  3.392355e+02
  3.220220e+02  3.796100e+02
  3.136800e+02  4.291725e+02
  3.055550e+02  4.657240e+02
  2.976400e+02  5.149370e+02
  2.899300e+02  5.930535e+02
  2.824200e+02  6.536906e+02
  2.751040e+02  7.309140e+02
  2.679780e+02  8.013310e+02
  2.610370e+02  9.110840e+02
  2.542750e+02  1.006565e+03
  2.476890e+02  1.130235e+03
  2.412730e+02  1.247980e+03
  2.350230e+02  1.371395e+03
  2.289350e+02  1.556090e+03
  2.230050e+02  1.712270e+03
  2.172280e+02  1.933465e+03
  2.116010e+02  2.121225e+03
  2.061200e+02  2.350460e+03
  2.007810e+02  2.613020e+03
  1.955800e+02  2.878455e+03
  1.905140e+02  3.216105e+03
  1.855790e+02  3.561600e+03
  1.807720e+02  3.961530e+03
  1.760890e+02  4.400030e+03
  1.715280e+02  4.838525e+03
  1.670850e+02  5.309135e+03
  1.627570e+02  5.844180e+03
  1.585410e+02  6.400340e+03
  1.544340e+02  6.938460e+03
  1.504340e+02  7.578000e+03
  1.465370e+02  8.249975e+03
  1.427410e+02  8.954495e+03
  1.390440e+02  9.722025e+03
  1.354420e+02  1.048745e+04
  1.319340e+02  1.125345e+04
  1.285160e+02  1.213445e+04
  1.251870e+02  1.305990e+04
  1.219440e+02  1.399435e+04
  1.187850e+02  1.505705e+04
  1.157090e+02  1.602360e+04
  1.127110e+02  1.711525e+04
  1.097920e+02  1.825955e+04
  1.069480e+02  1.951530e+04
  1.041770e+02  2.081600e+04
  1.014790e+02  2.220005e+04
  9.885030e+01  2.356015e+04
  9.628970e+01  2.500495e+04
  9.379550e+01  2.640400e+04
  9.136590e+01  2.790450e+04
  8.899920e+01  2.937915e+04
  8.669380e+01  3.088645e+04
  8.444820e+01  3.250610e+04
  8.226070e+01  3.401740e+04
  8.012980e+01  3.560280e+04
  7.805420e+01  3.719440e+04
  7.603240e+01  3.872425e+04
  7.406290e+01  4.013305e+04
  7.214440e+01  4.145365e+04
  7.027560e+01  4.272570e+04
  6.845520e+01  4.386455e+04
  6.668200e+01  4.486130e+04
  6.495470e+01  4.560655e+04
  6.327220e+01  4.604430e+04
  6.163320e+01  4.608025e+04
  6.003670e+01  4.612945e+04
  5.848160e+01  4.573660e+04
  5.696670e+01  4.534355e+04
  5.549110e+01  4.484890e+04
  5.405370e+01  4.416980e+04
  5.265350e+01  4.335635e+04
  5.128960e+01  4.237965e+04
  4.996100e+01  4.116065e+04
  4.866690e+01  3.956225e+04
  4.740620e+01  3.776430e+04
  4.617830e+01  3.586045e+04
  4.498210e+01  3.360900e+04
  4.381690e+01  3.201620e+04
  4.268190e+01  3.036905e+04
  4.157630e+01  2.876990e+04
  4.049930e+01  2.696000e+04
  3.945030e+01  2.547135e+04
  3.842840e+01  2.428970e+04
  3.743290e+01  2.300570e+04
  3.646330e+01  2.180075e+04
  3.551880e+01  2.064680e+04
  3.459870e+01  1.944495e+04
  3.370250e+01  1.813085e+04
  3.282950e+01  1.692745e+04
  3.197910e+01  1.573505e+04
  3.115070e+01  1.463570e+04
  3.034380e+01  1.355390e+04
  2.955780e+01  1.244460e+04
  2.879220e+01  1.134280e+04
  2.804640e+01  1.032605e+04
  2.731990e+01  9.349460e+03
  2.661220e+01  8.413840e+03
  2.592290e+01  7.503050e+03
  2.525140e+01  6.620630e+03
  2.459730e+01  5.802400e+03
  2.396010e+01  5.083065e+03
  2.333950e+01  4.400240e+03
  2.273490e+01  3.736015e+03
  2.214600e+01  3.092510e+03
  2.157230e+01  2.577515e+03
  2.101350e+01  2.058310e+03
  2.046920e+01  1.657840e+03
  1.993900e+01  1.310960e+03
  1.942250e+01  1.067720e+03
  1.891940e+01  8.589395e+02
  1.842930e+01  7.620510e+02
  1.795200e+01  7.099060e+02
  1.748690e+01  6.854735e+02
  1.703400e+01  6.834370e+02
  1.659270e+01  7.388090e+02
  1.616290e+01  8.069945e+02
  1.574430e+01  8.688715e+02
  1.533640e+01  9.316945e+02
  1.493920e+01  9.771855e+02
  1.455220e+01  9.478855e+02
  1.417520e+01  8.080865e+02
  1.380800e+01  5.809865e+02
  1.345040e+01  3.656545e+02
  1.310200e+01  1.896060e+02
  1.276260e+01  9.336295e+01
  1.243200e+01  4.315560e+01
  1.211000e+01  1.852370e+01
  1.179630e+01  7.846430e+00
  1.149070e+01  3.724575e+00
  1.119310e+01  2.880345e+00
  1.090310e+01  1.489820e+00
  1.062070e+01  1.042868e+00
  1.034560e+01  6.455910e-01
  1.007760e+01  4.469450e-01
  9.816600e+00  2.979660e-01
  9.562300e+00  2.483030e-01
  9.314600e+00  3.476250e-01
  9.073300e+00  5.462650e-01
  8.838300e+00  1.489835e+00
  8.609300e+00  1.936785e+00
  8.386300e+00  4.817125e+00
  8.169100e+00  1.167030e+01
  7.957500e+00  3.098845e+01
  7.751400e+00  5.194565e+01
  7.550600e+00  9.435655e+01
  7.355000e+00  9.942210e+01
  7.164500e+00  8.576490e+01
  6.978900e+00  7.171080e+01
  6.798100e+00  5.497495e+01
  6.622000e+00  4.444665e+01
  6.450500e+00  3.337230e+01
  6.283400e+00  2.676730e+01
  6.120600e+00  1.916915e+01
  5.962100e+00  1.648745e+01
  5.807600e+00  1.604060e+01
  5.657200e+00  1.380575e+01
  5.510700e+00  1.345815e+01
  5.367900e+00  1.325955e+01
  5.228900e+00  1.062750e+01
  5.093400e+00  1.052812e+01
  4.961500e+00  8.641085e+00
  4.833000e+00  7.647810e+00
  4.707800e+00  6.952555e+00
  4.585800e+00  5.115095e+00
  4.467100e+00  4.370165e+00
  4.351300e+00  4.519165e+00
  4.238600e+00  3.873565e+00
  4.128800e+00  4.221195e+00
  4.021900e+00  3.873560e+00
  3.917700e+00  3.625255e+00
  3.816200e+00  3.227970e+00
  3.717400e+00  3.724580e+00
  3.621100e+00  2.632035e+00
  3.527300e+00  2.433380e+00
  3.435900e+00  2.383730e+00
  3.346900e+00  2.185095e+00
  3.260200e+00  1.390500e+00
  3.175800e+00  9.435580e-01
  3.093500e+00  9.435591e-01
  3.013400e+00  4.966060e-01
  2.935300e+00  8.442290e-01
  2.859300e+00  7.945720e-01
  2.785200e+00  1.291185e+00
  2.713100e+00  1.738130e+00
  2.642800e+00  1.142198e+00
  2.574300e+00  1.092531e+00
  2.507600e+00  8.442370e-01
  2.442700e+00  1.092529e+00
  2.379400e+00  1.092530e+00
  2.317800e+00  6.952500e-01
  2.257700e+00  1.390510e+00
  2.199300e+00  1.142206e+00
  2.142300e+00  6.455910e-01
  2.086800e+00  6.952500e-01
  2.032700e+00  4.966040e-01
  1.980100e+00  5.959300e-01
  1.928800e+00  5.959280e-01
  1.878800e+00  9.932080e-01
  1.830200e+00  4.966080e-01
  1.782800e+00  6.455930e-01
  1.736600e+00  3.972900e-01
  1.691600e+00  4.469450e-01
  1.647800e+00  5.462670e-01
  1.605100e+00  2.979640e-01
  1.563500e+00  4.966040e-01
  1.523000e+00  1.489830e-01
  1.483600e+00  3.476250e-01
  1.445100e+00  1.489830e-01
  1.407700e+00  1.489830e-01
  1.371200e+00  0.000000e+00
  1.335700e+00  1.489810e-01
  1.301100e+00  9.932200e-02
  1.267400e+00  1.489830e-01
  1.234600e+00  9.932200e-02
  1.202600e+00  9.932200e-02
  1.171500e+00  4.966100e-02
  1.141100e+00  9.932200e-02
  1.111600e+00  9.932200e-02
  1.082800e+00  9.932000e-02
  1.054700e+00  1.986440e-01
  1.027400e+00  1.489810e-01
  1.000800e+00  4.966100e-02
  9.749000e-01  4.966100e-02
  9.496000e-01  9.932200e-02
  9.250000e-01  1.489830e-01
  9.010000e-01  1.489830e-01
  8.777000e-01  4.966100e-02
  8.550000e-01  0.000000e+00
  8.328000e-01  4.966100e-02
  8.113000e-01  9.932200e-02
  7.902000e-01  4.966100e-02
  7.698000e-01  9.932000e-02
  7.498000e-01  4.966100e-02
  7.304000e-01  1.986440e-01
  7.115000e-01  1.986440e-01
  6.931000e-01  9.932200e-02
  6.751000e-01  8.442330e-01
  6.576000e-01  9.932120e-01
  6.406000e-01  2.036090e+00
  6.240000e-01  6.952480e-01
  6.078000e-01  0.000000e+00
  5.921000e-01  4.966100e-02
  5.767000e-01  1.986440e-01
  5.618000e-01  9.932200e-02
  5.472000e-01  0.000000e+00
  5.331000e-01  2.483030e-01
  5.193000e-01  1.489830e-01
  5.058000e-01  1.489810e-01
  4.927000e-01  3.972880e-01
  4.799000e-01  1.986440e-01
  4.675000e-01  1.986440e-01
  4.554000e-01  1.489830e-01
  4.436000e-01  3.972840e-01
  4.321000e-01  2.483050e-01
  4.209000e-01  3.476250e-01
  4.100000e-01  1.986440e-01
  3.994000e-01  5.959320e-01
  3.891000e-01  2.979640e-01
  3.790000e-01  3.476270e-01
  3.692000e-01  0.000000e+00
  3.596000e-01  1.489830e-01
  3.503000e-01  4.966100e-02
  3.412000e-01  9.932200e-02
  3.324000e-01  1.986440e-01
  3.238000e-01  4.966100e-02
  3.154000e-01  1.986420e-01
  3.072000e-01  1.489830e-01
  2.992000e-01  2.483050e-01
  2.915000e-01  4.469470e-01
  2.839000e-01  3.476250e-01
  2.766000e-01  3.972840e-01
  2.694000e-01  4.966100e-01
  2.624000e-01  7.945730e-01
  2.556000e-01  1.092537e+00
  2.490000e-01  9.932200e-02
  2.426000e-01  2.483030e-01
  2.363000e-01  4.966100e-01
  2.302000e-01  4.966080e-01
  2.242000e-01  1.489830e-01
  2.184000e-01  1.489830e-01
  2.127000e-01  2.979660e-01
  2.072000e-01  0.000000e+00
  2.019000e-01  1.986440e-01
  1.966000e-01  1.986440e-01
  1.915000e-01  1.489830e-01
  1.866000e-01  2.979660e-01
  1.817000e-01  9.932200e-02
  1.770000e-01  3.972860e-01
  1.725000e-01  2.979660e-01
  1.680000e-01  1.986440e-01
  1.636000e-01  9.932200e-02
  1.594000e-01  1.986420e-01
  1.553000e-01  2.483050e-01
  1.512000e-01  1.489810e-01
  1.473000e-01  2.979640e-01
  1.435000e-01  5.462690e-01
  1.398000e-01  2.483050e-01
  1.362000e-01  9.932200e-02
  1.326000e-01  2.979660e-01
  1.292000e-01  2.483050e-01
  1.259000e-01  1.489810e-01
  1.226000e-01  1.489830e-01
  1.194000e-01  1.489830e-01
  1.163000e-01  2.979660e-01
  1.133000e-01  2.483050e-01
  1.104000e-01  3.972860e-01
  1.075000e-01  6.952460e-01
  1.047000e-01  4.469490e-01
  1.020000e-01  3.972860e-01
  9.940000e-02  4.469470e-01
  9.680000e-02  6.952500e-01
  9.430000e-02  7.449110e-01
  9.190000e-02  7.449050e-01
  8.950000e-02  5.462690e-01
  8.720000e-02  5.462690e-01
  8.490000e-02  4.966080e-01
  8.270000e-02  4.966100e-01
  8.060000e-02  3.972840e-01
  7.850000e-02  3.972860e-01
  7.640000e-02  2.979660e-01
  7.450000e-02  2.483030e-01
  7.250000e-02  2.979660e-01
  7.070000e-02  2.979640e-01
  6.880000e-02  2.483050e-01
  6.700000e-02  9.932200e-02
  6.530000e-02  3.476250e-01
  6.360000e-02  1.986440e-01
  6.200000e-02  1.986420e-01
  6.040000e-02  1.986440e-01
  5.880000e-02  0.000000e+00
  5.730000e-02  9.932200e-02
  5.580000e-02  9.932200e-02
  5.430000e-02  0.000000e+00
  5.290000e-02  1.489830e-01
  5.160000e-02  4.966100e-02
  5.020000e-02  4.966100e-02
  4.890000e-02  0.000000e+00
  4.770000e-02  0.000000e+00
  4.640000e-02  0.000000e+00
  4.520000e-02  4.966100e-02
  4.410000e-02  4.966100e-02
  4.290000e-02  9.932200e-02
  4.180000e-02  0.000000e+00
  4.070000e-02  0.000000e+00
  3.970000e-02  0.000000e+00
  3.860000e-02  0.000000e+00
  3.760000e-02  0.000000e+00
  3.670000e-02  0.000000e+00
  3.570000e-02  0.000000e+00
  3.480000e-02  0.000000e+00
  3.390000e-02  0.000000e+00
  3.300000e-02  0.000000e+00
  3.220000e-02  0.000000e+00
  3.130000e-02  0.000000e+00
  3.050000e-02  0.000000e+00
  2.970000e-02  0.000000e+00
  2.890000e-02  0.000000e+00
  2.820000e-02  0.000000e+00
  2.750000e-02  0.000000e+00
  2.680000e-02  0.000000e+00
  2.610000e-02  0.000000e+00
  2.540000e-02  0.000000e+00
  2.470000e-02  0.000000e+00
  2.410000e-02  0.000000e+00
  2.350000e-02  0.000000e+00
  2.290000e-02  0.000000e+00
  2.230000e-02  0.000000e+00
  2.170000e-02  0.000000e+00
  2.110000e-02  0.000000e+00
  2.060000e-02  0.000000e+00
  2.000000e-02  0.000000e+00
  1.950000e-02  0.000000e+00
  1.900000e-02  0.000000e+00
  1.850000e-02  0.000000e+00
  1.800000e-02  0.000000e+00
  1.760000e-02  0.000000e+00
  1.710000e-02  0.000000e+00
  1.670000e-02  0.000000e+00
  1.630000e-02  0.000000e+00
  1.580000e-02  0.000000e+00
  1.540000e-02  0.000000e+00
  1.500000e-02  0.000000e+00
  1.460000e-02  0.000000e+00
  1.430000e-02  0.000000e+00
  1.390000e-02  0.000000e+00
  1.350000e-02  0.000000e+00
  1.320000e-02  0.000000e+00
  1.280000e-02  0.000000e+00
  1.250000e-02  0.000000e+00
  1.220000e-02  0.000000e+00
  1.190000e-02  0.000000e+00
  1.160000e-02  0.000000e+00
  1.130000e-02  0.000000e+00
  1.100000e-02  0.000000e+00
  1.070000e-02  0.000000e+00
  1.040000e-02  0.000000e+00
  1.010000e-02  1.489830e-01
