  4.934820e+03  0.000000e+00
  4.806990e+03  0.000000e+00
  4.682470e+03  0.000000e+00
  4.561180e+03  0.000000e+00
  4.443030e+03  0.000000e+00
  4.327940e+03  0.000000e+00
  4.215830e+03  0.000000e+00
  4.106630e+03  0.000000e+00
  4.000250e+03  0.000000e+00
  3.896630e+03  0.000000e+00
  3.795700e+03  0.000000e+00
  3.697380e+03  0.000000e+00
  3.601600e+03  0.000000e+00
  3.508310e+03  0.000000e+00
  3.417430e+03  0.000000e+00
  3.328910e+03  0.000000e+00
  3.242680e+03  0.000000e+00
  3.158680e+03  0.000000e+00
  3.076860e+03  0.000000e+00
  2.997160e+03  0.000000e+00
  2.919530e+03  0.000000e+00
  2.843900e+03  0.000000e+00
  2.770230e+03  0.000000e+00
  2.698480e+03  0.000000e+00
  2.628580e+03  0.000000e+00
  2.560490e+03  0.000000e+00
  2.494160e+03  0.000000e+00
  2.429550e+03  0.000000e+00
  2.366620e+03  0.000000e+00
  2.305320e+03  0.000000e+00
  2.245600e+03  0.000000e+00
  2.187430e+03  0.000000e+00
  2.130770e+03  0.000000e+00
  2.075580e+03  0.000000e+00
  2.021810e+03  0.000000e+00
  1.969440e+03  0.000000e+00
  1.918430e+03  0.000000e+00
  1.868730e+03  0.000000e+00
  1.820330e+03  0.000000e+00
  1.773170e+03  0.000000e+00
  1.727240e+03  0.000000e+00
  1.682500e+03  0.000000e+00
  1.638920e+03  0.000000e+00
  1.596470e+03  0.000000e+00
  1.555110e+03  1.708700e+00
  1.514830e+03  0.000000e+00
  1.475590e+03  0.000000e+00
  1.437370e+03  0.000000e+00
  1.400140e+03  0.000000e+00
  1.363870e+03  0.000000e+00
  1.328540e+03  0.000000e+00
  1.294120e+03  0.000000e+00
  1.260600e+03  0.000000e+00
  1.227950e+03  0.000000e+00
  1.196140e+03  0.000000e+00
  1.165160e+03  1.708700e+00
  1.134980e+03  0.000000e+00
  1.105580e+03  1.708700e+00
  1.076940e+03  1.708700e+00
  1.049040e+03  1.708700e+00
  1.021870e+03  0.000000e+00
  9.953980e+02  1.708700e+00
  9.696140e+02  0.000000e+00
  9.444970e+02  1.708700e+00
  9.200320e+02  1.708700e+00
  8.962000e+02  0.000000e+00
  8.729850e+02  1.708700e+00
  8.503720e+02  0.000000e+00
  8.283450e+02  0.000000e+00
  8.068880e+02  1.708700e+00
  7.859870e+02  0.000000e+00
  7.656270e+02  3.417400e+00
  7.457950e+02  3.417400e+00
  7.264760e+02  3.417400e+00
  7.076580e+02  6.834800e+00
  6.893270e+02  5.126100e+00
  6.714710e+02  3.417400e+00
  6.540780e+02  6.834800e+00
  6.371350e+02  3.417400e+00
  6.206310e+02  8.543500e+00
  6.045550e+02  6.834800e+00
  5.888950e+02  6.834800e+00
  5.736410e+02  8.543500e+00
  5.587810e+02  1.025220e+01
  5.443070e+02  2.221320e+01
  5.302080e+02  2.050460e+01
  5.164740e+02  1.708700e+01
  5.030950e+02  1.537830e+01
  4.900630e+02  1.366960e+01
  4.773690e+02  2.221300e+01
  4.650040e+02  2.733920e+01
  4.529580e+02  4.613510e+01
  4.412250e+02  5.297010e+01
  4.297960e+02  3.759130e+01
  4.186630e+02  4.271760e+01
  4.078180e+02  4.442630e+01
  3.972540e+02  5.126070e+01
  3.869640e+02  4.784360e+01
  3.769400e+02  6.663940e+01
  3.671770e+02  7.005670e+01
  3.576650e+02  8.885240e+01
  3.484010e+02  1.110659e+02
  3.393760e+02  9.910430e+01
  3.305850e+02  1.230265e+02
  3.220220e+02  1.247360e+02
  3.136800e+02  1.349865e+02
  3.055550e+02  1.674515e+02
  2.976400e+02  1.879585e+02
  2.899300e+02  2.272570e+02
  2.824200e+02  2.358015e+02
  2.751040e+02  2.853530e+02
  2.679780e+02  3.041485e+02
  2.610370e+02  3.588270e+02
  2.542750e+02  3.656600e+02
  2.476890e+02  4.630590e+02
  2.412730e+02  4.886885e+02
  2.350230e+02  5.484930e+02
  2.289350e+02  5.741235e+02
  2.230050e+02  6.407630e+02
  2.172280e+02  8.423875e+02
  2.116010e+02  8.936520e+02
  2.061200e+02  9.244025e+02
  2.007810e+02  1.112360e+03
  1.955800e+02  1.190980e+03
  1.905140e+02  1.373800e+03
  1.855790e+02  1.549785e+03
  1.807720e+02  1.783870e+03
  1.760890e+02  1.970140e+03
  1.715280e+02  2.258905e+03
  1.670850e+02  2.424650e+03
  1.627570e+02  2.616030e+03
  1.585410e+02  3.009030e+03
  1.544340e+02  3.301215e+03
  1.504340e+02  3.595100e+03
  1.465370e+02  4.061575e+03
  1.427410e+02  4.401610e+03
  1.390440e+02  4.968900e+03
  1.354420e+02  5.543020e+03
  1.319340e+02  5.963365e+03
  1.285160e+02  6.554575e+03
  1.251870e+02  7.287620e+03
  1.219440e+02  7.716485e+03
  1.187850e+02  8.582800e+03
  1.157090e+02  9.168870e+03
  1.127110e+02  1.007795e+04
  1.097920e+02  1.088105e+04
  1.069480e+02  1.191135e+04
  1.041770e+02  1.301340e+04
  1.014790e+02  1.392250e+04
  9.885030e+01  1.519365e+04
  9.628970e+01  1.649745e+04
  9.379550e+01  1.790720e+04
  9.136590e+01  1.950140e+04
  8.899920e+01  2.066675e+04
  8.669380e+01  2.251045e+04
  8.444820e+01  2.432170e+04
  8.226070e+01  2.616525e+04
  8.012980e+01  2.789455e+04
  7.805420e+01  2.977245e+04
  7.603240e+01  3.209965e+04
  7.406290e+01  3.414830e+04
  7.214440e+01  3.617495e+04
  7.027560e+01  3.848500e+04
  6.845520e+01  4.075595e+04
  6.668200e+01  4.283885e+04
  6.495470e+01  4.451160e+04
  6.327220e+01  4.716185e+04
  6.163320e+01  4.895945e+04
  6.003670e+01  4.950100e+04
  5.848160e+01  5.105075e+04
  5.696670e+01  5.313890e+04
  5.549110e+01  5.350625e+04
  5.405370e+01  5.477915e+04
  5.265350e+01  5.585560e+04
  5.128960e+01  5.675960e+04
  4.996100e+01  5.723120e+04
  4.866690e+01  5.775745e+04
  4.740620e+01  5.799155e+04
  4.617830e+01  5.713035e+04
  4.498210e+01  5.694400e+04
  4.381690e+01  5.622300e+04
  4.268190e+01  5.512440e+04
  4.157630e+01  5.446135e+04
  4.049930e+01  5.237850e+04
  3.945030e+01  5.214100e+04
  3.842840e+01  5.066295e+04
  3.743290e+01  4.977435e+04
  3.646330e+01  4.786070e+04
  3.551880e+01  4.666805e+04
  3.459870e+01  4.488585e+04
  3.370250e+01  4.345560e+04
  3.282950e+01  4.235015e+04
  3.197910e+01  4.049795e+04
  3.115070e+01  3.905915e+04
  3.034380e+01  3.747870e+04
  2.955780e+01  3.607410e+04
  2.879220e+01  3.440810e+04
  2.804640e+01  3.295400e+04
  2.731990e+01  3.107450e+04
  2.661220e+01  2.941010e+04
  2.592290e+01  2.816785e+04
  2.525140e+01  2.613120e+04
  2.459730e+01  2.497265e+04
  2.396010e+01  2.325540e+04
  2.333950e+01  2.186975e+04
  2.273490e+01  2.067360e+04
  2.214600e+01  1.932885e+04
  2.157230e+01  1.818395e+04
  2.101350e+01  1.684605e+04
  2.046920e+01  1.591485e+04
  1.993900e+01  1.501270e+04
  1.942250e+01  1.438555e+04
  1.891940e+01  1.359955e+04
  1.842930e+01  1.324755e+04
  1.795200e+01  1.272300e+04
  1.748690e+01  1.260335e+04
  1.703400e+01  1.202580e+04
  1.659270e+01  1.185155e+04
  1.616290e+01  1.166550e+04
  1.574430e+01  1.115945e+04
  1.533640e+01  1.102100e+04
  1.493920e+01  1.048110e+04
  1.455220e+01  1.027785e+04
  1.417520e+01  9.266245e+03
  1.380800e+01  8.634064e+03
  1.345040e+01  7.868570e+03
  1.310200e+01  7.395255e+03
  1.276260e+01  7.390125e+03
  1.243200e+01  7.003960e+03
  1.211000e+01  7.340570e+03
  1.179630e+01  7.333735e+03
  1.149070e+01  7.571250e+03
  1.119310e+01  7.924960e+03
  1.090310e+01  8.384596e+03
  1.062070e+01  8.775885e+03
  1.034560e+01  8.982615e+03
  1.007760e+01  9.170585e+03
  9.816600e+00  9.160345e+03
  9.562300e+00  8.897230e+03
  9.314600e+00  8.307689e+03
  9.073300e+00  7.511450e+03
  8.838300e+00  6.523815e+03
  8.609300e+00  5.604535e+03
  8.386300e+00  5.095350e+03
  8.169100e+00  4.514375e+03
  7.957500e+00  4.082070e+03
  7.751400e+00  3.670280e+03
  7.550600e+00  3.542140e+03
  7.355000e+00  3.301215e+03
  7.164500e+00  2.993640e+03
  6.978900e+00  2.776630e+03
  6.798100e+00  2.691195e+03
  6.622000e+00  2.311870e+03
  6.450500e+00  2.349470e+03
  6.283400e+00  2.130745e+03
  6.120600e+00  1.857355e+03
  5.962100e+00  1.732620e+03
  5.807600e+00  1.701865e+03
  5.657200e+00  1.635225e+03
  5.510700e+00  1.575420e+03
  5.367900e+00  1.437015e+03
  5.228900e+00  1.274685e+03
  5.093400e+00  1.225135e+03
  4.961500e+00  1.054270e+03
  4.833000e+00  9.756675e+02
  4.707800e+00  8.697310e+02
  4.585800e+00  7.261975e+02
  4.467100e+00  7.039835e+02
  4.351300e+00  6.663930e+02
  4.238600e+00  6.065880e+02
  4.128800e+00  5.467840e+02
  4.021900e+00  6.082975e+02
  3.917700e+00  5.211535e+02
  3.816200e+00  4.032540e+02
  3.717400e+00  4.391365e+02
  3.621100e+00  3.246535e+02
  3.527300e+00  3.126925e+02
  3.435900e+00  2.956055e+02
  3.346900e+00  2.392175e+02
  3.260200e+00  1.965005e+02
  3.175800e+00  1.435300e+02
  3.093500e+00  9.226990e+01
  3.013400e+00  8.714391e+01
  2.935300e+00  9.227000e+01
  2.859300e+00  1.247340e+02
  2.785200e+00  1.435310e+02
  2.713100e+00  1.435310e+02
  2.642800e+00  2.152955e+02
  2.574300e+00  1.982080e+02
  2.507600e+00  1.845405e+02
  2.442700e+00  1.742880e+02
  2.379400e+00  1.759955e+02
  2.317800e+00  1.708695e+02
  2.257700e+00  1.759960e+02
  2.199300e+00  1.418215e+02
  2.142300e+00  1.469480e+02
  2.086800e+00  1.418220e+02
  2.032700e+00  1.298610e+02
  1.980100e+00  1.332795e+02
  1.928800e+00  1.315700e+02
  1.878800e+00  1.110655e+02
  1.830200e+00  1.469485e+02
  1.782800e+00  2.494700e+02
  1.736600e+00  1.384040e+02
  1.691600e+00  9.910430e+01
  1.647800e+00  7.689140e+01
  1.605100e+00  8.201730e+01
  1.563500e+00  8.030840e+01
  1.523000e+00  6.834870e+01
  1.483600e+00  9.056030e+01
  1.445100e+00  8.714400e+01
  1.407700e+00  3.930000e+01
  1.371200e+00  7.518300e+01
  1.335700e+00  7.347410e+01
  1.301100e+00  6.151310e+01
  1.267400e+00  3.246520e+01
  1.234600e+00  5.980430e+01
  1.202600e+00  5.296970e+01
  1.171500e+00  7.518311e+01
  1.141100e+00  6.322230e+01
  1.111600e+00  4.271730e+01
  1.082800e+00  4.271710e+01
  1.054700e+00  6.322190e+01
  1.027400e+00  5.809580e+01
  1.000800e+00  3.246550e+01
  9.749000e-01  6.322200e+01
  9.496000e-01  3.417390e+01
  9.250000e-01  5.126080e+01
  9.010000e-01  4.271730e+01
  8.777000e-01  7.689090e+01
  8.550000e-01  6.322190e+01
  8.328000e-01  3.246540e+01
  8.113000e-01  4.784360e+01
  7.902000e-01  5.638730e+01
  7.698000e-01  5.467890e+01
  7.498000e-01  5.638650e+01
  7.304000e-01  7.518250e+01
  7.115000e-01  6.493069e+01
  6.931000e-01  1.418225e+02
  6.751000e-01  1.563460e+03
  6.576000e-01  1.522460e+03
  6.406000e-01  4.299090e+03
  6.240000e-01  1.261025e+03
  6.078000e-01  1.486560e+02
  5.921000e-01  1.025223e+02
  5.767000e-01  9.568720e+01
  5.618000e-01  1.196090e+02
  5.472000e-01  1.161915e+02
  5.331000e-01  1.281530e+02
  5.193000e-01  1.315695e+02
  5.058000e-01  1.520755e+02
  4.927000e-01  4.254660e+02
  4.799000e-01  5.604545e+02
  4.675000e-01  2.614315e+02
  4.554000e-01  1.862475e+02
  4.436000e-01  5.467840e+02
  4.321000e-01  5.792495e+02
  4.209000e-01  4.340095e+02
  4.100000e-01  3.007315e+02
  3.994000e-01  5.826675e+02
  3.891000e-01  1.132865e+03
  3.790000e-01  1.143120e+03
  3.692000e-01  2.375100e+02
  3.596000e-01  1.708695e+02
  3.503000e-01  1.418220e+02
  3.412000e-01  1.606180e+02
  3.324000e-01  1.982085e+02
  3.238000e-01  2.016255e+02
  3.154000e-01  1.623270e+02
  3.072000e-01  2.614310e+02
  2.992000e-01  3.895840e+02
  2.915000e-01  5.177375e+02
  2.839000e-01  6.048800e+02
  2.766000e-01  3.161100e+02
  2.694000e-01  8.475130e+02
  2.624000e-01  2.012850e+03
  2.556000e-01  2.373385e+03
  2.490000e-01  9.619955e+02
  2.426000e-01  5.553280e+02
  2.363000e-01  8.577630e+02
  2.302000e-01  5.997530e+02
  2.242000e-01  3.434490e+02
  2.184000e-01  3.451575e+02
  2.127000e-01  3.690795e+02
  2.072000e-01  2.528875e+02
  2.019000e-01  3.229445e+02
  1.966000e-01  4.015445e+02
  1.915000e-01  3.895835e+02
  1.866000e-01  4.681840e+02
  1.817000e-01  2.699760e+02
  1.770000e-01  1.657435e+02
  1.725000e-01  1.657440e+02
  1.680000e-01  2.597230e+02
  1.636000e-01  4.254660e+02
  1.594000e-01  4.032535e+02
  1.553000e-01  4.647660e+02
  1.512000e-01  4.852705e+02
  1.473000e-01  5.638705e+02
  1.435000e-01  7.569560e+02
  1.398000e-01  4.545140e+02
  1.362000e-01  3.930020e+02
  1.326000e-01  4.510965e+02
  1.292000e-01  4.032520e+02
  1.259000e-01  4.938140e+02
  1.226000e-01  7.159455e+02
  1.194000e-01  7.757495e+02
  1.163000e-01  8.150490e+02
  1.133000e-01  6.851890e+02
  1.104000e-01  7.142380e+02
  1.075000e-01  7.415765e+02
  1.047000e-01  7.842960e+02
  1.020000e-01  9.466215e+02
  9.940000e-02  1.008137e+03
  9.680000e-02  9.449050e+02
  9.430000e-02  9.039035e+02
  9.190000e-02  1.011550e+03
  8.950000e-02  9.978815e+02
  8.720000e-02  1.093560e+03
  8.490000e-02  1.197795e+03
  8.270000e-02  1.238805e+03
  8.060000e-02  1.276395e+03
  7.850000e-02  1.317400e+03
  7.640000e-02  1.295195e+03
  7.450000e-02  1.243930e+03
  7.250000e-02  1.216590e+03
  7.070000e-02  1.180710e+03
  6.880000e-02  1.290075e+03
  6.700000e-02  1.059390e+03
  6.530000e-02  1.100405e+03
  6.360000e-02  1.006422e+03
  6.200000e-02  9.978785e+02
  6.040000e-02  8.765575e+02
  5.880000e-02  9.175750e+02
  5.730000e-02  7.825825e+02
  5.580000e-02  6.544325e+02
  5.430000e-02  5.809585e+02
  5.290000e-02  5.570355e+02
  5.160000e-02  4.630570e+02
  5.020000e-02  4.203405e+02
  4.890000e-02  3.519920e+02
  4.770000e-02  3.639535e+02
  4.640000e-02  3.861670e+02
  4.520000e-02  3.622450e+02
  4.410000e-02  2.904795e+02
  4.290000e-02  2.340925e+02
  4.180000e-02  2.511785e+02
  4.070000e-02  2.477615e+02
  3.970000e-02  2.545970e+02
  3.860000e-02  2.050430e+02
  3.760000e-02  1.999175e+02
  3.670000e-02  1.640355e+02
  3.570000e-02  1.315705e+02
  3.480000e-02  1.401135e+02
  3.390000e-02  1.572010e+02
  3.300000e-02  1.366970e+02
  3.220000e-02  8.201730e+01
  3.130000e-02  5.126140e+01
  3.050000e-02  7.859970e+01
  2.970000e-02  6.663910e+01
  2.890000e-02  6.322200e+01
  2.820000e-02  4.442630e+01
  2.750000e-02  3.417370e+01
  2.680000e-02  1.708700e+01
  2.610000e-02  3.075640e+01
  2.540000e-02  1.708690e+01
  2.470000e-02  1.879570e+01
  2.410000e-02  2.050430e+01
  2.350000e-02  1.196090e+01
  2.290000e-02  5.126100e+00
  2.230000e-02  1.537830e+01
  2.170000e-02  6.834800e+00
  2.110000e-02  5.126100e+00
  2.060000e-02  1.708700e+00
  2.000000e-02  3.417400e+00
  1.950000e-02  1.708700e+00
  1.900000e-02  3.417400e+00
  1.850000e-02  0.000000e+00
  1.800000e-02  3.417400e+00
  1.760000e-02  0.000000e+00
  1.710000e-02  0.000000e+00
  1.670000e-02  0.000000e+00
  1.630000e-02  0.000000e+00
  1.580000e-02  0.000000e+00
  1.540000e-02  0.000000e+00
  1.500000e-02  1.708700e+00
  1.460000e-02  0.000000e+00
  1.430000e-02  0.000000e+00
  1.390000e-02  0.000000e+00
  1.350000e-02  0.000000e+00
  1.320000e-02  0.000000e+00
  1.280000e-02  1.708700e+00
  1.250000e-02  0.000000e+00
  1.220000e-02  0.000000e+00
  1.190000e-02  0.000000e+00
  1.160000e-02  0.000000e+00
  1.130000e-02  0.000000e+00
  1.100000e-02  1.708700e+00
  1.070000e-02  0.000000e+00
  1.040000e-02  0.000000e+00
  1.010000e-02  0.000000e+00
