  4.934820e+03  0.000000e+00
  4.806990e+03  0.000000e+00
  4.682470e+03  0.000000e+00
  4.561180e+03  0.000000e+00
  4.443030e+03  0.000000e+00
  4.327940e+03  0.000000e+00
  4.215830e+03  0.000000e+00
  4.106630e+03  0.000000e+00
  4.000250e+03  0.000000e+00
  3.896630e+03  4.024400e-01
  3.795700e+03  0.000000e+00
  3.697380e+03  0.000000e+00
  3.601600e+03  0.000000e+00
  3.508310e+03  0.000000e+00
  3.417430e+03  0.000000e+00
  3.328910e+03  0.000000e+00
  3.242680e+03  0.000000e+00
  3.158680e+03  0.000000e+00
  3.076860e+03  0.000000e+00
  2.997160e+03  0.000000e+00
  2.919530e+03  0.000000e+00
  2.843900e+03  0.000000e+00
  2.770230e+03  0.000000e+00
  2.698480e+03  0.000000e+00
  2.628580e+03  0.000000e+00
  2.560490e+03  0.000000e+00
  2.494160e+03  4.024400e-01
  2.429550e+03  4.024400e-01
  2.366620e+03  8.048800e-01
  2.305320e+03  4.024400e-01
  2.245600e+03  4.024400e-01
  2.187430e+03  0.000000e+00
  2.130770e+03  8.048800e-01
  2.075580e+03  0.000000e+00
  2.021810e+03  0.000000e+00
  1.969440e+03  4.024400e-01
  1.918430e+03  0.000000e+00
  1.868730e+03  4.024400e-01
  1.820330e+03  4.024400e-01
  1.773170e+03  1.609780e+00
  1.727240e+03  0.000000e+00
  1.682500e+03  4.024400e-01
  1.638920e+03  1.207320e+00
  1.596470e+03  4.024400e-01
  1.555110e+03  1.609780e+00
  1.514830e+03  0.000000e+00
  1.475590e+03  4.024400e-01
  1.437370e+03  1.609760e+00
  1.400140e+03  8.049000e-01
  1.363870e+03  1.207340e+00
  1.328540e+03  1.609760e+00
  1.294120e+03  1.609760e+00
  1.260600e+03  1.207320e+00
  1.227950e+03  1.207320e+00
  1.196140e+03  4.024400e-01
  1.165160e+03  1.207320e+00
  1.134980e+03  2.012220e+00
  1.105580e+03  4.024400e-01
  1.076940e+03  1.609760e+00
  1.049040e+03  1.207320e+00
  1.021870e+03  3.621980e+00
  9.953980e+02  5.231740e+00
  9.696140e+02  4.024390e+00
  9.444970e+02  4.024440e+00
  9.200320e+02  4.024380e+00
  8.962000e+02  6.439140e+00
  8.729850e+02  4.829300e+00
  8.503720e+02  6.439020e+00
  8.283450e+02  7.646460e+00
  8.068880e+02  1.086595e+01
  7.859870e+02  1.046350e+01
  7.656270e+02  1.247570e+01
  7.457950e+02  1.448785e+01
  7.264760e+02  1.006098e+01
  7.076580e+02  1.690245e+01
  6.893270e+02  1.851235e+01
  6.714710e+02  2.454880e+01
  6.540780e+02  2.696350e+01
  6.371350e+02  2.897560e+01
  6.206310e+02  3.501220e+01
  6.045550e+02  3.058540e+01
  5.888950e+02  3.782935e+01
  5.736410e+02  4.949990e+01
  5.587810e+02  4.668295e+01
  5.443070e+02  5.835375e+01
  5.302080e+02  6.278045e+01
  5.164740e+02  6.439040e+01
  5.030950e+02  8.048740e+01
  4.900630e+02  9.537704e+01
  4.773690e+02  1.070480e+02
  4.650040e+02  1.283790e+02
  4.529580e+02  1.372320e+02
  4.412250e+02  1.674145e+02
  4.297960e+02  2.000130e+02
  4.186630e+02  1.851220e+02
  4.078180e+02  2.096715e+02
  3.972540e+02  2.201360e+02
  3.869640e+02  2.700370e+02
  3.769400e+02  3.066600e+02
  3.671770e+02  3.384530e+02
  3.576650e+02  3.730630e+02
  3.484010e+02  4.511355e+02
  3.393760e+02  4.982200e+02
  3.305850e+02  5.654280e+02
  3.220220e+02  6.475255e+02
  3.136800e+02  7.332475e+02
  3.055550e+02  8.141375e+02
  2.976400e+02  9.151455e+02
  2.899300e+02  1.022600e+03
  2.824200e+02  1.133675e+03
  2.751040e+02  1.270105e+03
  2.679780e+02  1.407335e+03
  2.610370e+02  1.612190e+03
  2.542750e+02  1.830700e+03
  2.476890e+02  2.011000e+03
  2.412730e+02  2.268960e+03
  2.350230e+02  2.524910e+03
  2.289350e+02  2.900785e+03
  2.230050e+02  3.273450e+03
  2.172280e+02  3.623170e+03
  2.116010e+02  4.026015e+03
  2.061200e+02  4.519810e+03
  2.007810e+02  5.079605e+03
  1.955800e+02  5.638590e+03
  1.905140e+02  6.362580e+03
  1.855790e+02  7.217770e+03
  1.807720e+02  7.984815e+03
  1.760890e+02  8.916055e+03
  1.715280e+02  9.887940e+03
  1.670850e+02  1.108445e+04
  1.627570e+02  1.226560e+04
  1.585410e+02  1.362670e+04
  1.544340e+02  1.500030e+04
  1.504340e+02  1.671370e+04
  1.465370e+02  1.839200e+04
  1.427410e+02  2.009390e+04
  1.390440e+02  2.216570e+04
  1.354420e+02  2.442820e+04
  1.319340e+02  2.638235e+04
  1.285160e+02  2.905415e+04
  1.251870e+02  3.168965e+04
  1.219440e+02  3.437245e+04
  1.187850e+02  3.744875e+04
  1.157090e+02  4.061710e+04
  1.127110e+02  4.393720e+04
  1.097920e+02  4.770000e+04
  1.069480e+02  5.178520e+04
  1.041770e+02  5.595860e+04
  1.014790e+02  6.065660e+04
  9.885030e+01  6.535915e+04
  9.628970e+01  7.055625e+04
  9.379550e+01  7.562905e+04
  9.136590e+01  8.064991e+04
  8.899920e+01  8.665895e+04
  8.669380e+01  9.270290e+04
  8.444820e+01  9.851525e+04
  8.226070e+01  1.047160e+05
  8.012980e+01  1.111570e+05
  7.805420e+01  1.175675e+05
  7.603240e+01  1.239535e+05
  7.406290e+01  1.298745e+05
  7.214440e+01  1.364790e+05
  7.027560e+01  1.420105e+05
  6.845520e+01  1.473320e+05
  6.668200e+01  1.521780e+05
  6.495470e+01  1.560525e+05
  6.327220e+01  1.598505e+05
  6.163320e+01  1.618215e+05
  6.003670e+01  1.639235e+05
  5.848160e+01  1.653950e+05
  5.696670e+01  1.659100e+05
  5.549110e+01  1.665310e+05
  5.405370e+01  1.656485e+05
  5.265350e+01  1.636005e+05
  5.128960e+01  1.612505e+05
  4.996100e+01  1.587070e+05
  4.866690e+01  1.532850e+05
  4.740620e+01  1.477155e+05
  4.617830e+01  1.409460e+05
  4.498210e+01  1.344965e+05
  4.381690e+01  1.290600e+05
  4.268190e+01  1.237000e+05
  4.157630e+01  1.177390e+05
  4.049930e+01  1.118350e+05
  3.945030e+01  1.062495e+05
  3.842840e+01  1.015530e+05
  3.743290e+01  9.616875e+04
  3.646330e+01  9.137785e+04
  3.551880e+01  8.600185e+04
  3.459870e+01  8.093555e+04
  3.370250e+01  7.553691e+04
  3.282950e+01  6.996305e+04
  3.197910e+01  6.444030e+04
  3.115070e+01  5.923080e+04
  3.034380e+01  5.428955e+04
  2.955780e+01  4.938710e+04
  2.879220e+01  4.469700e+04
  2.804640e+01  4.022525e+04
  2.731990e+01  3.593430e+04
  2.661220e+01  3.181325e+04
  2.592290e+01  2.829110e+04
  2.525140e+01  2.453620e+04
  2.459730e+01  2.137525e+04
  2.396010e+01  1.832755e+04
  2.333950e+01  1.564765e+04
  2.273490e+01  1.335255e+04
  2.214600e+01  1.121200e+04
  2.157230e+01  9.205025e+03
  2.101350e+01  7.722435e+03
  2.046920e+01  6.390345e+03
  1.993900e+01  5.325500e+03
  1.942250e+01  4.449780e+03
  1.891940e+01  3.753565e+03
  1.842930e+01  3.281495e+03
  1.795200e+01  2.984495e+03
  1.748690e+01  2.679440e+03
  1.703400e+01  2.510820e+03
  1.659270e+01  2.382035e+03
  1.616290e+01  2.360710e+03
  1.574430e+01  2.238380e+03
  1.533640e+01  2.138975e+03
  1.493920e+01  2.145815e+03
  1.455220e+01  1.958275e+03
  1.417520e+01  1.600905e+03
  1.380800e+01  1.228655e+03
  1.345040e+01  9.614230e+02
  1.310200e+01  7.147355e+02
  1.276260e+01  5.589895e+02
  1.243200e+01  4.958075e+02
  1.211000e+01  4.374520e+02
  1.179630e+01  4.080740e+02
  1.149070e+01  3.782950e+02
  1.119310e+01  3.718545e+02
  1.090310e+01  3.782940e+02
  1.062070e+01  3.581730e+02
  1.034560e+01  3.332195e+02
  1.007760e+01  3.167205e+02
  9.816600e+00  2.982085e+02
  9.562300e+00  2.857320e+02
  9.314600e+00  2.249625e+02
  9.073300e+00  1.859270e+02
  8.838300e+00  1.718415e+02
  8.609300e+00  1.424640e+02
  8.386300e+00  1.287810e+02
  8.169100e+00  1.231455e+02
  7.957500e+00  1.489025e+02
  7.751400e+00  1.641945e+02
  7.550600e+00  2.213430e+02
  7.355000e+00  2.237570e+02
  7.164500e+00  2.181225e+02
  6.978900e+00  2.289890e+02
  6.798100e+00  1.963910e+02
  6.622000e+00  1.919640e+02
  6.450500e+00  1.798905e+02
  6.283400e+00  1.625840e+02
  6.120600e+00  1.485000e+02
  5.962100e+00  1.303895e+02
  5.807600e+00  1.400480e+02
  5.657200e+00  1.404500e+02
  5.510700e+00  1.396460e+02
  5.367900e+00  1.408545e+02
  5.228900e+00  1.412570e+02
  5.093400e+00  1.320000e+02
  4.961500e+00  1.380365e+02
  4.833000e+00  1.183170e+02
  4.707800e+00  1.263650e+02
  4.585800e+00  1.291825e+02
  4.467100e+00  1.187195e+02
  4.351300e+00  9.980435e+01
  4.238600e+00  1.098655e+02
  4.128800e+00  1.163045e+02
  4.021900e+00  1.211340e+02
  3.917700e+00  9.940195e+01
  3.816200e+00  9.417050e+01
  3.717400e+00  9.135290e+01
  3.621100e+00  1.026215e+02
  3.527300e+00  8.974236e+01
  3.435900e+00  7.646346e+01
  3.346900e+00  8.974330e+01
  3.260200e+00  7.163430e+01
  3.175800e+00  5.513420e+01
  3.093500e+00  5.110985e+01
  3.013400e+00  3.782925e+01
  2.935300e+00  3.702435e+01
  2.859300e+00  5.392695e+01
  2.785200e+00  5.271975e+01
  2.713100e+00  7.646275e+01
  2.642800e+00  7.203674e+01
  2.574300e+00  6.278035e+01
  2.507600e+00  6.197585e+01
  2.442700e+00  5.875625e+01
  2.379400e+00  6.720685e+01
  2.317800e+00  5.674410e+01
  2.257700e+00  5.271960e+01
  2.199300e+00  5.070745e+01
  2.142300e+00  5.030500e+01
  2.086800e+00  5.231720e+01
  2.032700e+00  5.231730e+01
  1.980100e+00  4.668305e+01
  1.928800e+00  3.863425e+01
  1.878800e+00  3.943910e+01
  1.830200e+00  4.628055e+01
  1.782800e+00  5.513435e+01
  1.736600e+00  4.507325e+01
  1.691600e+00  4.145140e+01
  1.647800e+00  2.575610e+01
  1.605100e+00  3.581715e+01
  1.563500e+00  3.259765e+01
  1.523000e+00  2.776830e+01
  1.483600e+00  3.058540e+01
  1.445100e+00  2.012210e+01
  1.407700e+00  2.776840e+01
  1.371200e+00  2.213420e+01
  1.335700e+00  1.770740e+01
  1.301100e+00  1.770745e+01
  1.267400e+00  1.730485e+01
  1.234600e+00  1.489025e+01
  1.202600e+00  2.213425e+01
  1.171500e+00  1.690250e+01
  1.141100e+00  1.489035e+01
  1.111600e+00  1.207320e+01
  1.082800e+00  1.207320e+01
  1.054700e+00  1.770745e+01
  1.027400e+00  1.489030e+01
  1.000800e+00  6.841600e+00
  9.749000e-01  1.287810e+01
  9.496000e-01  1.006102e+01
  9.250000e-01  1.247570e+01
  9.010000e-01  1.448790e+01
  8.777000e-01  1.247570e+01
  8.550000e-01  1.247565e+01
  8.328000e-01  1.650005e+01
  8.113000e-01  1.770740e+01
  7.902000e-01  1.448785e+01
  7.698000e-01  1.770735e+01
  7.498000e-01  1.609755e+01
  7.304000e-01  1.730490e+01
  7.115000e-01  2.293905e+01
  6.931000e-01  4.386595e+01
  6.751000e-01  3.130980e+02
  6.576000e-01  2.249650e+02
  6.406000e-01  7.799294e+02
  6.240000e-01  2.430730e+02
  6.078000e-01  3.581725e+01
  5.921000e-01  2.817090e+01
  5.767000e-01  2.575615e+01
  5.618000e-01  3.179275e+01
  5.472000e-01  3.179270e+01
  5.331000e-01  3.380500e+01
  5.193000e-01  3.823180e+01
  5.058000e-01  3.903665e+01
  4.927000e-01  8.129280e+01
  4.799000e-01  8.209775e+01
  4.675000e-01  5.352450e+01
  4.554000e-01  4.507335e+01
  4.436000e-01  8.813295e+01
  4.321000e-01  9.376770e+01
  4.209000e-01  8.773175e+01
  4.100000e-01  6.076850e+01
  3.994000e-01  1.110724e+02
  3.891000e-01  1.625860e+02
  3.790000e-01  1.766715e+02
  3.692000e-01  4.507340e+01
  3.596000e-01  3.380495e+01
  3.503000e-01  3.863420e+01
  3.412000e-01  3.380500e+01
  3.324000e-01  3.460985e+01
  3.238000e-01  2.495140e+01
  3.154000e-01  3.018300e+01
  3.072000e-01  3.984150e+01
  2.992000e-01  5.875600e+01
  2.915000e-01  8.531630e+01
  2.839000e-01  9.497520e+01
  2.766000e-01  4.507325e+01
  2.694000e-01  1.191210e+02
  2.624000e-01  2.949885e+02
  2.556000e-01  2.953920e+02
  2.490000e-01  9.779160e+01
  2.426000e-01  8.612110e+01
  2.363000e-01  9.376820e+01
  2.302000e-01  7.324375e+01
  2.242000e-01  4.225610e+01
  2.184000e-01  4.145130e+01
  2.127000e-01  4.386590e+01
  2.072000e-01  3.179275e+01
  2.019000e-01  3.903670e+01
  1.966000e-01  5.070720e+01
  1.915000e-01  9.135365e+01
  1.866000e-01  1.074515e+02
  1.817000e-01  7.243850e+01
  1.770000e-01  4.507315e+01
  1.725000e-01  4.789025e+01
  1.680000e-01  5.473165e+01
  1.636000e-01  4.789040e+01
  1.594000e-01  4.225625e+01
  1.553000e-01  4.789035e+01
  1.512000e-01  5.191475e+01
  1.473000e-01  5.392695e+01
  1.435000e-01  9.175525e+01
  1.398000e-01  6.519495e+01
  1.362000e-01  6.237805e+01
  1.326000e-01  7.002440e+01
  1.292000e-01  7.606095e+01
  1.259000e-01  7.686580e+01
  1.226000e-01  1.150965e+02
  1.194000e-01  1.203285e+02
  1.163000e-01  8.732825e+01
  1.133000e-01  8.612125e+01
  1.104000e-01  9.899875e+01
  1.075000e-01  9.537640e+01
  1.047000e-01  9.779276e+01
  1.020000e-01  1.167060e+02
  9.940000e-02  1.223405e+02
  9.680000e-02  1.142915e+02
  9.430000e-02  1.368295e+02
  9.190000e-02  1.303905e+02
  8.950000e-02  1.171100e+02
  8.720000e-02  1.324020e+02
  8.490000e-02  1.235480e+02
  8.270000e-02  1.271710e+02
  8.060000e-02  1.408535e+02
  7.850000e-02  1.368285e+02
  7.640000e-02  1.328055e+02
  7.450000e-02  1.199255e+02
  7.250000e-02  1.271700e+02
  7.070000e-02  1.163035e+02
  6.880000e-02  1.118775e+02
  6.700000e-02  1.050367e+02
  6.530000e-02  1.022193e+02
  6.360000e-02  9.698690e+01
  6.200000e-02  9.336560e+01
  6.040000e-02  8.088930e+01
  5.880000e-02  7.767065e+01
  5.730000e-02  7.042700e+01
  5.580000e-02  7.485325e+01
  5.430000e-02  5.674400e+01
  5.290000e-02  3.943915e+01
  5.160000e-02  3.903675e+01
  5.020000e-02  4.346345e+01
  4.890000e-02  3.219525e+01
  4.770000e-02  3.823175e+01
  4.640000e-02  3.340240e+01
  4.520000e-02  3.300015e+01
  4.410000e-02  2.454880e+01
  4.290000e-02  2.656100e+01
  4.180000e-02  2.253680e+01
  4.070000e-02  2.253675e+01
  3.970000e-02  1.851230e+01
  3.860000e-02  1.891465e+01
  3.760000e-02  1.650005e+01
  3.670000e-02  1.126841e+01
  3.570000e-02  1.650005e+01
  3.480000e-02  1.207321e+01
  3.390000e-02  1.287805e+01
  3.300000e-02  1.207325e+01
  3.220000e-02  9.256160e+00
  3.130000e-02  8.853741e+00
  3.050000e-02  5.634240e+00
  2.970000e-02  6.036680e+00
  2.890000e-02  3.621960e+00
  2.820000e-02  4.829340e+00
  2.750000e-02  4.426860e+00
  2.680000e-02  2.817120e+00
  2.610000e-02  2.414660e+00
  2.540000e-02  2.414640e+00
  2.470000e-02  2.414640e+00
  2.410000e-02  1.207320e+00
  2.350000e-02  2.012200e+00
  2.290000e-02  8.048800e-01
  2.230000e-02  1.609760e+00
  2.170000e-02  1.207320e+00
  2.110000e-02  8.048800e-01
  2.060000e-02  0.000000e+00
  2.000000e-02  4.024400e-01
  1.950000e-02  1.207320e+00
  1.900000e-02  0.000000e+00
  1.850000e-02  8.048800e-01
  1.800000e-02  4.024400e-01
  1.760000e-02  4.024400e-01
  1.710000e-02  0.000000e+00
  1.670000e-02  0.000000e+00
  1.630000e-02  0.000000e+00
  1.580000e-02  1.207340e+00
  1.540000e-02  4.024400e-01
  1.500000e-02  0.000000e+00
  1.460000e-02  0.000000e+00
  1.430000e-02  0.000000e+00
  1.390000e-02  0.000000e+00
  1.350000e-02  0.000000e+00
  1.320000e-02  0.000000e+00
  1.280000e-02  4.024400e-01
  1.250000e-02  4.024400e-01
  1.220000e-02  0.000000e+00
  1.190000e-02  0.000000e+00
  1.160000e-02  0.000000e+00
  1.130000e-02  0.000000e+00
  1.100000e-02  1.609760e+00
  1.070000e-02  3.219520e+00
  1.040000e-02  6.439050e+00
  1.010000e-02  2.446840e+02
