  4.934820e+03  5.291400e-02
  4.806990e+03  8.819000e-03
  4.682470e+03  8.819000e-03
  4.561180e+03  8.819000e-03
  4.443030e+03  0.000000e+00
  4.327940e+03  0.000000e+00
  4.215830e+03  2.645700e-02
  4.106630e+03  8.819000e-03
  4.000250e+03  8.819000e-03
  3.896630e+03  0.000000e+00
  3.795700e+03  8.819000e-03
  3.697380e+03  8.819000e-03
  3.601600e+03  1.763800e-02
  3.508310e+03  1.763800e-02
  3.417430e+03  8.819000e-03
  3.328910e+03  1.763800e-02
  3.242680e+03  0.000000e+00
  3.158680e+03  1.763800e-02
  3.076860e+03  2.645700e-02
  2.997160e+03  4.409500e-02
  2.919530e+03  1.763800e-02
  2.843900e+03  3.527550e-02
  2.770230e+03  3.527600e-02
  2.698480e+03  6.173250e-02
  2.628580e+03  6.173250e-02
  2.560490e+03  3.527550e-02
  2.494160e+03  6.173300e-02
  2.429550e+03  7.937000e-02
  2.366620e+03  3.527600e-02
  2.305320e+03  5.291350e-02
  2.245600e+03  4.409500e-02
  2.187430e+03  6.173250e-02
  2.130770e+03  8.818900e-02
  2.075580e+03  1.411015e-01
  2.021810e+03  1.940155e-01
  1.969440e+03  2.028345e-01
  1.918430e+03  9.700800e-02
  1.868730e+03  1.499200e-01
  1.820330e+03  2.204715e-01
  1.773170e+03  1.763790e-01
  1.727240e+03  2.910215e-01
  1.682500e+03  1.763765e-01
  1.638920e+03  2.822030e-01
  1.596470e+03  3.792105e-01
  1.555110e+03  3.968450e-01
  1.514830e+03  3.792095e-01
  1.475590e+03  5.467675e-01
  1.437370e+03  5.732180e-01
  1.400140e+03  5.026760e-01
  1.363870e+03  6.878740e-01
  1.328540e+03  6.085010e-01
  1.294120e+03  6.525940e-01
  1.260600e+03  8.907030e-01
  1.227950e+03  8.377985e-01
  1.196140e+03  1.058259e+00
  1.165160e+03  1.058250e+00
  1.134980e+03  1.393380e+00
  1.105580e+03  1.490395e+00
  1.076940e+03  1.552105e+00
  1.049040e+03  1.781405e+00
  1.021870e+03  1.966585e+00
  9.953980e+02  2.222340e+00
  9.696140e+02  2.513355e+00
  9.444970e+02  2.945485e+00
  9.200320e+02  3.016035e+00
  8.962000e+02  3.642180e+00
  8.729850e+02  3.800920e+00
  8.503720e+02  4.427045e+00
  8.283450e+02  5.238380e+00
  8.068880e+02  5.626400e+00
  7.859870e+02  6.631735e+00
  7.656270e+02  7.310800e+00
  7.457950e+02  8.298475e+00
  7.264760e+02  9.100995e+00
  7.076580e+02  1.063540e+01
  6.893270e+02  1.210820e+01
  6.714710e+02  1.303415e+01
  6.540780e+02  1.431295e+01
  6.371350e+02  1.641185e+01
  6.206310e+02  1.889885e+01
  6.045550e+02  2.083895e+01
  5.888950e+02  2.364325e+01
  5.736410e+02  2.568040e+01
  5.587810e+02  2.950780e+01
  5.443070e+02  3.217100e+01
  5.302080e+02  3.688910e+01
  5.164740e+02  4.190705e+01
  5.030950e+02  4.772745e+01
  4.900630e+02  5.252495e+01
  4.773690e+02  5.864515e+01
  4.650040e+02  6.485360e+01
  4.529580e+02  7.373420e+01
  4.412250e+02  8.092155e+01
  4.297960e+02  9.198910e+01
  4.186630e+02  1.029515e+02
  4.078180e+02  1.149095e+02
  3.972540e+02  1.297250e+02
  3.869640e+02  1.453160e+02
  3.769400e+02  1.619225e+02
  3.671770e+02  1.791905e+02
  3.576650e+02  2.005220e+02
  3.484010e+02  2.233280e+02
  3.393760e+02  2.536465e+02
  3.305850e+02  2.780560e+02
  3.220220e+02  3.075120e+02
  3.136800e+02  3.408380e+02
  3.055550e+02  3.786450e+02
  2.976400e+02  4.211705e+02
  2.899300e+02  4.646195e+02
  2.824200e+02  5.175410e+02
  2.751040e+02  5.780650e+02
  2.679780e+02  6.361470e+02
  2.610370e+02  7.002045e+02
  2.542750e+02  7.726440e+02
  2.476890e+02  8.619775e+02
  2.412730e+02  9.580240e+02
  2.350230e+02  1.058065e+03
  2.289350e+02  1.177165e+03
  2.230050e+02  1.294105e+03
  2.172280e+02  1.422490e+03
  2.116010e+02  1.566525e+03
  2.061200e+02  1.713710e+03
  2.007810e+02  1.889330e+03
  1.955800e+02  2.064600e+03
  1.905140e+02  2.289110e+03
  1.855790e+02  2.518970e+03
  1.807720e+02  2.752110e+03
  1.760890e+02  3.003560e+03
  1.715280e+02  3.287650e+03
  1.670850e+02  3.555365e+03
  1.627570e+02  3.850960e+03
  1.585410e+02  4.156765e+03
  1.544340e+02  4.476790e+03
  1.504340e+02  4.793930e+03
  1.465370e+02  5.154490e+03
  1.427410e+02  5.490195e+03
  1.390440e+02  5.867595e+03
  1.354420e+02  6.236660e+03
  1.319340e+02  6.615845e+03
  1.285160e+02  6.989475e+03
  1.251870e+02  7.370680e+03
  1.219440e+02  7.777515e+03
  1.187850e+02  8.175310e+03
  1.157090e+02  8.552625e+03
  1.127110e+02  8.960395e+03
  1.097920e+02  9.350540e+03
  1.069480e+02  9.712170e+03
  1.041770e+02  1.010965e+04
  1.014790e+02  1.046490e+04
  9.885030e+01  1.083180e+04
  9.628970e+01  1.110445e+04
  9.379550e+01  1.139755e+04
  9.136590e+01  1.163395e+04
  8.899920e+01  1.183405e+04
  8.669380e+01  1.200145e+04
  8.444820e+01  1.207145e+04
  8.226070e+01  1.212065e+04
  8.012980e+01  1.212000e+04
  7.805420e+01  1.202230e+04
  7.603240e+01  1.184615e+04
  7.406290e+01  1.163890e+04
  7.214440e+01  1.133885e+04
  7.027560e+01  1.099320e+04
  6.845520e+01  1.053375e+04
  6.668200e+01  1.004315e+04
  6.495470e+01  9.519635e+03
  6.327220e+01  9.019945e+03
  6.163320e+01  8.507115e+03
  6.003670e+01  7.999355e+03
  5.848160e+01  7.513910e+03
  5.696670e+01  7.048665e+03
  5.549110e+01  6.606075e+03
  5.405370e+01  6.033120e+03
  5.265350e+01  5.426245e+03
  5.128960e+01  4.847600e+03
  4.996100e+01  4.333485e+03
  4.866690e+01  3.768910e+03
  4.740620e+01  3.242755e+03
  4.617830e+01  2.799825e+03
  4.498210e+01  2.424035e+03
  4.381690e+01  2.215285e+03
  4.268190e+01  2.022285e+03
  4.157630e+01  1.850595e+03
  4.049930e+01  1.698225e+03
  3.945030e+01  1.582390e+03
  3.842840e+01  1.491845e+03
  3.743290e+01  1.412670e+03
  3.646330e+01  1.347595e+03
  3.551880e+01  1.289495e+03
  3.459870e+01  1.223115e+03
  3.370250e+01  1.148510e+03
  3.282950e+01  1.093520e+03
  3.197910e+01  1.037175e+03
  3.115070e+01  9.899325e+02
  3.034380e+01  9.497870e+02
  2.955780e+01  9.086220e+02
  2.879220e+01  8.677625e+02
  2.804640e+01  8.412715e+02
  2.731990e+01  8.179360e+02
  2.661220e+01  7.943815e+02
  2.592290e+01  7.695400e+02
  2.525140e+01  7.541325e+02
  2.459730e+01  7.347055e+02
  2.396010e+01  7.266630e+02
  2.333950e+01  7.183285e+02
  2.273490e+01  7.114330e+02
  2.214600e+01  7.008945e+02
  2.157230e+01  6.940594e+02
  2.101350e+01  6.906805e+02
  2.046920e+01  6.850555e+02
  1.993900e+01  6.904780e+02
  1.942250e+01  6.891120e+02
  1.891940e+01  6.917225e+02
  1.842930e+01  7.089005e+02
  1.795200e+01  7.135050e+02
  1.748690e+01  7.495385e+02
  1.703400e+01  7.713025e+02
  1.659270e+01  8.115870e+02
  1.616290e+01  8.443230e+02
  1.574430e+01  8.761585e+02
  1.533640e+01  9.126165e+02
  1.493920e+01  9.658900e+02
  1.455220e+01  1.001331e+03
  1.417520e+01  1.012320e+03
  1.380800e+01  1.011750e+03
  1.345040e+01  9.977450e+02
  1.310200e+01  9.884295e+02
  1.276260e+01  9.793195e+02
  1.243200e+01  9.837465e+02
  1.211000e+01  9.931720e+02
  1.179630e+01  1.002680e+03
  1.149070e+01  1.014370e+03
  1.119310e+01  1.041075e+03
  1.090310e+01  1.074735e+03
  1.062070e+01  1.102230e+03
  1.034560e+01  1.126730e+03
  1.007760e+01  1.165075e+03
  9.816600e+00  1.204815e+03
  9.562300e+00  1.222820e+03
  9.314600e+00  1.249420e+03
  9.073300e+00  1.306810e+03
  8.838300e+00  1.349505e+03
  8.609300e+00  1.421785e+03
  8.386300e+00  1.493175e+03
  8.169100e+00  1.577110e+03
  7.957500e+00  1.676755e+03
  7.751400e+00  1.728580e+03
  7.550600e+00  1.863825e+03
  7.355000e+00  1.948145e+03
  7.164500e+00  1.955875e+03
  6.978900e+00  1.969510e+03
  6.798100e+00  1.978480e+03
  6.622000e+00  1.991540e+03
  6.450500e+00  2.045390e+03
  6.283400e+00  2.097995e+03
  6.120600e+00  2.116600e+03
  5.962100e+00  2.146805e+03
  5.807600e+00  2.186535e+03
  5.657200e+00  2.225615e+03
  5.510700e+00  2.295190e+03
  5.367900e+00  2.437330e+03
  5.228900e+00  2.416970e+03
  5.093400e+00  2.395475e+03
  4.961500e+00  2.388660e+03
  4.833000e+00  2.660490e+03
  4.707800e+00  3.048635e+03
  4.585800e+00  2.565720e+03
  4.467100e+00  2.480560e+03
  4.351300e+00  2.591745e+03
  4.238600e+00  2.723470e+03
  4.128800e+00  2.842860e+03
  4.021900e+00  5.868480e+03
  3.917700e+00  4.057850e+03
  3.816200e+00  2.695915e+03
  3.717400e+00  2.704995e+03
  3.621100e+00  2.716800e+03
  3.527300e+00  2.735755e+03
  3.435900e+00  2.762160e+03
  3.346900e+00  2.756630e+03
  3.260200e+00  2.816975e+03
  3.175800e+00  2.919250e+03
  3.093500e+00  2.839740e+03
  3.013400e+00  2.833915e+03
  2.935300e+00  2.907900e+03
  2.859300e+00  2.915095e+03
  2.785200e+00  3.005655e+03
  2.713100e+00  3.004720e+03
  2.642800e+00  2.928735e+03
  2.574300e+00  3.101350e+03
  2.507600e+00  2.903080e+03
  2.442700e+00  2.933075e+03
  2.379400e+00  3.009845e+03
  2.317800e+00  2.847460e+03
  2.257700e+00  2.724625e+03
  2.199300e+00  3.668365e+03
  2.142300e+00  2.721575e+03
  2.086800e+00  2.638330e+03
  2.032700e+00  2.682220e+03
  1.980100e+00  2.883340e+03
  1.928800e+00  2.479245e+03
  1.878800e+00  2.431390e+03
  1.830200e+00  2.620600e+03
  1.782800e+00  3.681755e+03
  1.736600e+00  2.653005e+03
  1.691600e+00  2.438765e+03
  1.647800e+00  2.419200e+03
  1.605100e+00  2.418965e+03
  1.563500e+00  2.229825e+03
  1.523000e+00  2.139910e+03
  1.483600e+00  2.136115e+03
  1.445100e+00  1.953100e+03
  1.407700e+00  1.931765e+03
  1.371200e+00  1.872900e+03
  1.335700e+00  1.833250e+03
  1.301100e+00  1.946230e+03
  1.267400e+00  1.640050e+03
  1.234600e+00  1.852035e+03
  1.202600e+00  1.995640e+03
  1.171500e+00  1.752365e+03
  1.141100e+00  1.923830e+03
  1.111600e+00  1.583530e+03
  1.082800e+00  1.593155e+03
  1.054700e+00  2.083190e+03
  1.027400e+00  1.677140e+03
  1.000800e+00  1.538345e+03
  9.749000e-01  1.513435e+03
  9.496000e-01  1.651515e+03
  9.250000e-01  1.720005e+03
  9.010000e-01  1.610585e+03
  8.777000e-01  1.707345e+03
  8.550000e-01  1.790590e+03
  8.328000e-01  1.652830e+03
  8.113000e-01  1.821510e+03
  7.902000e-01  1.800575e+03
  7.698000e-01  1.766345e+03
  7.498000e-01  1.942360e+03
  7.304000e-01  1.880745e+03
  7.115000e-01  1.880505e+03
  6.931000e-01  2.116230e+03
  6.751000e-01  3.243950e+03
  6.576000e-01  4.178420e+03
  6.406000e-01  4.336290e+03
  6.240000e-01  2.222250e+03
  6.078000e-01  2.335170e+03
  5.921000e-01  2.171650e+03
  5.767000e-01  2.129330e+03
  5.618000e-01  2.162370e+03
  5.472000e-01  2.238710e+03
  5.331000e-01  2.783125e+03
  5.193000e-01  2.953025e+03
  5.058000e-01  3.275760e+03
  4.927000e-01  3.119880e+03
  4.799000e-01  2.525095e+03
  4.675000e-01  2.415365e+03
  4.554000e-01  2.473060e+03
  4.436000e-01  2.717050e+03
  4.321000e-01  2.604660e+03
  4.209000e-01  2.576195e+03
  4.100000e-01  2.671860e+03
  3.994000e-01  4.696625e+03
  3.891000e-01  3.939095e+03
  3.790000e-01  3.898390e+03
  3.692000e-01  3.545210e+03
  3.596000e-01  3.309630e+03
  3.503000e-01  3.141240e+03
  3.412000e-01  2.910900e+03
  3.324000e-01  2.718070e+03
  3.238000e-01  2.431320e+03
  3.154000e-01  2.535815e+03
  3.072000e-01  2.501540e+03
  2.992000e-01  3.080505e+03
  2.915000e-01  3.422465e+03
  2.839000e-01  3.682140e+03
  2.766000e-01  3.008375e+03
  2.694000e-01  3.132250e+03
  2.624000e-01  2.799685e+03
  2.556000e-01  2.489735e+03
  2.490000e-01  2.272940e+03
  2.426000e-01  2.076245e+03
  2.363000e-01  1.884255e+03
  2.302000e-01  1.734770e+03
  2.242000e-01  1.589100e+03
  2.184000e-01  1.458845e+03
  2.127000e-01  1.318035e+03
  2.072000e-01  1.197155e+03
  2.019000e-01  1.088760e+03
  1.966000e-01  9.924605e+02
  1.915000e-01  8.953485e+02
  1.866000e-01  8.022395e+02
  1.817000e-01  7.325785e+02
  1.770000e-01  6.587825e+02
  1.725000e-01  5.803320e+02
  1.680000e-01  5.235820e+02
  1.636000e-01  4.674765e+02
  1.594000e-01  4.130995e+02
  1.553000e-01  3.662365e+02
  1.512000e-01  3.203360e+02
  1.473000e-01  2.804120e+02
  1.435000e-01  2.474035e+02
  1.398000e-01  2.123840e+02
  1.362000e-01  1.862620e+02
  1.326000e-01  1.592320e+02
  1.292000e-01  1.381205e+02
  1.259000e-01  1.194515e+02
  1.226000e-01  1.020425e+02
  1.194000e-01  8.779145e+01
  1.163000e-01  7.725280e+01
  1.133000e-01  6.579725e+01
  1.104000e-01  5.593770e+01
  1.075000e-01  4.951790e+01
  1.047000e-01  4.390890e+01
  1.020000e-01  3.971135e+01
  9.940000e-02  3.494905e+01
  9.680000e-02  3.201235e+01
  9.430000e-02  2.979880e+01
  9.190000e-02  2.948140e+01
  8.950000e-02  2.691510e+01
  8.720000e-02  2.574210e+01
  8.490000e-02  2.613005e+01
  8.270000e-02  2.479855e+01
  8.060000e-02  2.448990e+01
  7.850000e-02  2.437525e+01
  7.640000e-02  2.464865e+01
  7.450000e-02  2.447220e+01
  7.250000e-02  2.447225e+01
  7.070000e-02  2.442810e+01
  6.880000e-02  2.416355e+01
  6.700000e-02  2.456035e+01
  6.530000e-02  2.530995e+01
  6.360000e-02  2.480735e+01
  6.200000e-02  2.574210e+01
  6.040000e-02  2.502780e+01
  5.880000e-02  2.494840e+01
  5.730000e-02  2.536295e+01
  5.580000e-02  2.459570e+01
  5.430000e-02  2.502785e+01
  5.290000e-02  2.444590e+01
  5.160000e-02  2.460455e+01
  5.020000e-02  2.453395e+01
  4.890000e-02  2.490425e+01
  4.770000e-02  2.424295e+01
  4.640000e-02  2.497495e+01
  4.520000e-02  2.419885e+01
  4.410000e-02  2.326405e+01
  4.290000e-02  2.397830e+01
  4.180000e-02  2.401365e+01
  4.070000e-02  2.316715e+01
  3.970000e-02  2.308765e+01
  3.860000e-02  2.237325e+01
  3.760000e-02  2.147390e+01
  3.670000e-02  2.017750e+01
  3.570000e-02  1.991290e+01
  3.480000e-02  1.830795e+01
  3.390000e-02  1.887220e+01
  3.300000e-02  1.936610e+01
  3.220000e-02  1.796400e+01
  3.130000e-02  1.751420e+01
  3.050000e-02  1.648235e+01
  2.970000e-02  1.638555e+01
  2.890000e-02  1.503615e+01
  2.820000e-02  1.395125e+01
  2.750000e-02  1.299015e+01
  2.680000e-02  1.212580e+01
  2.610000e-02  1.191415e+01
  2.540000e-02  1.080305e+01
  2.470000e-02  1.033570e+01
  2.410000e-02  8.862865e+00
  2.350000e-02  8.060400e+00
  2.290000e-02  7.919310e+00
  2.230000e-02  6.949225e+00
  2.170000e-02  6.084980e+00
  2.110000e-02  5.608780e+00
  2.060000e-02  5.423575e+00
  2.000000e-02  4.991445e+00
  1.950000e-02  4.241865e+00
  1.900000e-02  3.748000e+00
  1.850000e-02  2.760290e+00
  1.800000e-02  2.813205e+00
  1.760000e-02  2.363435e+00
  1.710000e-02  2.398705e+00
  1.670000e-02  1.816680e+00
  1.630000e-02  1.552110e+00
  1.580000e-02  1.287555e+00
  1.540000e-02  1.031810e+00
  1.500000e-02  1.093540e+00
  1.460000e-02  8.377895e-01
  1.430000e-02  6.878705e-01
  1.390000e-02  4.497600e-01
  1.350000e-02  3.615725e-01
  1.320000e-02  3.439345e-01
  1.280000e-02  3.703910e-01
  1.250000e-02  2.204705e-01
  1.220000e-02  1.587400e-01
  1.190000e-02  1.234640e-01
  1.160000e-02  7.055200e-02
  1.130000e-02  1.146460e-01
  1.100000e-02  1.940155e-01
  1.070000e-02  2.733830e-01
  1.040000e-02  1.146460e-01
  1.010000e-02  3.439335e-01
