  4.934820e+03  0.000000e+00
  4.806990e+03  0.000000e+00
  4.682470e+03  0.000000e+00
  4.561180e+03  0.000000e+00
  4.443030e+03  0.000000e+00
  4.327940e+03  0.000000e+00
  4.215830e+03  0.000000e+00
  4.106630e+03  0.000000e+00
  4.000250e+03  0.000000e+00
  3.896630e+03  0.000000e+00
  3.795700e+03  0.000000e+00
  3.697380e+03  0.000000e+00
  3.601600e+03  0.000000e+00
  3.508310e+03  9.786500e-01
  3.417430e+03  0.000000e+00
  3.328910e+03  0.000000e+00
  3.242680e+03  0.000000e+00
  3.158680e+03  0.000000e+00
  3.076860e+03  0.000000e+00
  2.997160e+03  0.000000e+00
  2.919530e+03  0.000000e+00
  2.843900e+03  0.000000e+00
  2.770230e+03  0.000000e+00
  2.698480e+03  0.000000e+00
  2.628580e+03  9.786500e-01
  2.560490e+03  0.000000e+00
  2.494160e+03  0.000000e+00
  2.429550e+03  0.000000e+00
  2.366620e+03  9.786500e-01
  2.305320e+03  0.000000e+00
  2.245600e+03  9.786500e-01
  2.187430e+03  0.000000e+00
  2.130770e+03  0.000000e+00
  2.075580e+03  0.000000e+00
  2.021810e+03  0.000000e+00
  1.969440e+03  0.000000e+00
  1.918430e+03  9.786500e-01
  1.868730e+03  0.000000e+00
  1.820330e+03  9.786500e-01
  1.773170e+03  0.000000e+00
  1.727240e+03  0.000000e+00
  1.682500e+03  0.000000e+00
  1.638920e+03  0.000000e+00
  1.596470e+03  0.000000e+00
  1.555110e+03  9.786500e-01
  1.514830e+03  9.786500e-01
  1.475590e+03  9.786500e-01
  1.437370e+03  0.000000e+00
  1.400140e+03  0.000000e+00
  1.363870e+03  0.000000e+00
  1.328540e+03  9.786500e-01
  1.294120e+03  2.935950e+00
  1.260600e+03  1.957300e+00
  1.227950e+03  0.000000e+00
  1.196140e+03  9.786500e-01
  1.165160e+03  0.000000e+00
  1.134980e+03  0.000000e+00
  1.105580e+03  9.786500e-01
  1.076940e+03  9.786500e-01
  1.049040e+03  2.935950e+00
  1.021870e+03  4.893200e+00
  9.953980e+02  1.957300e+00
  9.696140e+02  1.957300e+00
  9.444970e+02  5.871850e+00
  9.200320e+02  4.893250e+00
  8.962000e+02  4.893250e+00
  8.729850e+02  6.850450e+00
  8.503720e+02  2.935950e+00
  8.283450e+02  5.871900e+00
  8.068880e+02  2.935950e+00
  7.859870e+02  5.871850e+00
  7.656270e+02  8.807800e+00
  7.457950e+02  6.850550e+00
  7.264760e+02  9.786400e+00
  7.076580e+02  8.807800e+00
  6.893270e+02  1.076500e+01
  6.714710e+02  1.370095e+01
  6.540780e+02  1.076505e+01
  6.371350e+02  1.565830e+01
  6.206310e+02  1.272235e+01
  6.045550e+02  1.565825e+01
  5.888950e+02  2.642305e+01
  5.736410e+02  2.740175e+01
  5.587810e+02  2.446590e+01
  5.443070e+02  3.229500e+01
  5.302080e+02  2.642310e+01
  5.164740e+02  3.425210e+01
  5.030950e+02  4.599575e+01
  4.900630e+02  4.697460e+01
  4.773690e+02  4.599565e+01
  4.650040e+02  5.578240e+01
  4.529580e+02  5.186760e+01
  4.412250e+02  7.339810e+01
  4.297960e+02  8.220605e+01
  4.186630e+02  6.850450e+01
  4.078180e+02  8.220555e+01
  3.972540e+02  1.164570e+02
  3.869640e+02  1.282010e+02
  3.769400e+02  1.409245e+02
  3.671770e+02  1.497320e+02
  3.576650e+02  1.712610e+02
  3.484010e+02  1.712605e+02
  3.393760e+02  1.839835e+02
  3.305850e+02  1.908330e+02
  3.220220e+02  2.260645e+02
  3.136800e+02  2.583585e+02
  3.055550e+02  2.701025e+02
  2.976400e+02  3.072910e+02
  2.899300e+02  3.738380e+02
  2.824200e+02  3.894965e+02
  2.751040e+02  4.902950e+02
  2.679780e+02  5.265050e+02
  2.610370e+02  5.206320e+02
  2.542750e+02  5.969670e+02
  2.476890e+02  6.703645e+02
  2.412730e+02  7.711615e+02
  2.350230e+02  8.533725e+02
  2.289350e+02  9.463425e+02
  2.230050e+02  1.051065e+03
  2.172280e+02  1.178275e+03
  2.116010e+02  1.353445e+03
  2.061200e+02  1.563840e+03
  2.007810e+02  1.635280e+03
  1.955800e+02  1.831990e+03
  1.905140e+02  2.036525e+03
  1.855790e+02  2.253790e+03
  1.807720e+02  2.579670e+03
  1.760890e+02  2.820415e+03
  1.715280e+02  3.189360e+03
  1.670850e+02  3.485885e+03
  1.627570e+02  3.839185e+03
  1.585410e+02  4.243335e+03
  1.544340e+02  4.605450e+03
  1.504340e+02  5.205355e+03
  1.465370e+02  5.465665e+03
  1.427410e+02  6.161485e+03
  1.390440e+02  6.597945e+03
  1.354420e+02  7.492410e+03
  1.319340e+02  8.244020e+03
  1.285160e+02  8.776391e+03
  1.251870e+02  9.435960e+03
  1.219440e+02  1.042630e+04
  1.187850e+02  1.126415e+04
  1.157090e+02  1.209105e+04
  1.127110e+02  1.315875e+04
  1.097920e+02  1.413930e+04
  1.069480e+02  1.553290e+04
  1.041770e+02  1.692245e+04
  1.014790e+02  1.815470e+04
  9.885030e+01  1.972640e+04
  9.628970e+01  2.124410e+04
  9.379550e+01  2.288825e+04
  9.136590e+01  2.459200e+04
  8.899920e+01  2.682825e+04
  8.669380e+01  2.821200e+04
  8.444820e+01  3.068600e+04
  8.226070e+01  3.292710e+04
  8.012980e+01  3.543430e+04
  7.805420e+01  3.802680e+04
  7.603240e+01  4.050170e+04
  7.406290e+01  4.322340e+04
  7.214440e+01  4.626695e+04
  7.027560e+01  4.932400e+04
  6.845520e+01  5.229635e+04
  6.668200e+01  5.571750e+04
  6.495470e+01  5.832170e+04
  6.327220e+01  6.140245e+04
  6.163320e+01  6.393410e+04
  6.003670e+01  6.596775e+04
  5.848160e+01  6.787120e+04
  5.696670e+01  6.978825e+04
  5.549110e+01  7.186491e+04
  5.405370e+01  7.435250e+04
  5.265350e+01  7.650375e+04
  5.128960e+01  7.912160e+04
  4.996100e+01  8.167480e+04
  4.866690e+01  8.412045e+04
  4.740620e+01  8.610205e+04
  4.617830e+01  8.842820e+04
  4.498210e+01  8.911135e+04
  4.381690e+01  8.963105e+04
  4.268190e+01  8.884525e+04
  4.157630e+01  8.830795e+04
  4.049930e+01  8.741255e+04
  3.945030e+01  8.679591e+04
  3.842840e+01  8.528009e+04
  3.743290e+01  8.401170e+04
  3.646330e+01  8.305170e+04
  3.551880e+01  8.151240e+04
  3.459870e+01  8.059535e+04
  3.370250e+01  7.987305e+04
  3.282950e+01  7.844620e+04
  3.197910e+01  7.736670e+04
  3.115070e+01  7.539285e+04
  3.034380e+01  7.436930e+04
  2.955780e+01  7.321240e+04
  2.879220e+01  7.201959e+04
  2.804640e+01  7.073655e+04
  2.731990e+01  6.884391e+04
  2.661220e+01  6.668800e+04
  2.592290e+01  6.528750e+04
  2.525140e+01  6.368250e+04
  2.459730e+01  6.191125e+04
  2.396010e+01  5.955755e+04
  2.333950e+01  5.782145e+04
  2.273490e+01  5.609425e+04
  2.214600e+01  5.329240e+04
  2.157230e+01  5.134005e+04
  2.101350e+01  4.946710e+04
  2.046920e+01  4.669355e+04
  1.993900e+01  4.421550e+04
  1.942250e+01  4.193445e+04
  1.891940e+01  4.020510e+04
  1.842930e+01  3.879090e+04
  1.795200e+01  3.712350e+04
  1.748690e+01  3.666260e+04
  1.703400e+01  3.615365e+04
  1.659270e+01  3.598055e+04
  1.616290e+01  3.603620e+04
  1.574430e+01  3.580435e+04
  1.533640e+01  3.575825e+04
  1.493920e+01  3.554785e+04
  1.455220e+01  3.446955e+04
  1.417520e+01  3.284495e+04
  1.380800e+01  3.039145e+04
  1.345040e+01  2.675095e+04
  1.310200e+01  2.386490e+04
  1.276260e+01  2.038490e+04
  1.243200e+01  1.785615e+04
  1.211000e+01  1.498485e+04
  1.179630e+01  1.302560e+04
  1.149070e+01  1.150290e+04
  1.119310e+01  1.050185e+04
  1.090310e+01  9.653266e+03
  1.062070e+01  9.326380e+03
  1.034560e+01  8.778350e+03
  1.007760e+01  8.227375e+03
  9.816600e+00  7.589285e+03
  9.562300e+00  7.168485e+03
  9.314600e+00  6.931665e+03
  9.073300e+00  7.360295e+03
  8.838300e+00  7.770335e+03
  8.609300e+00  8.393735e+03
  8.386300e+00  9.764795e+03
  8.169100e+00  1.117010e+04
  7.957500e+00  1.333685e+04
  7.751400e+00  1.460615e+04
  7.550600e+00  1.602515e+04
  7.355000e+00  1.547615e+04
  7.164500e+00  1.471970e+04
  6.978900e+00  1.376155e+04
  6.798100e+00  1.264300e+04
  6.622000e+00  1.185225e+04
  6.450500e+00  1.105955e+04
  6.283400e+00  9.929230e+03
  6.120600e+00  8.986801e+03
  5.962100e+00  8.388840e+03
  5.807600e+00  8.040445e+03
  5.657200e+00  7.593210e+03
  5.510700e+00  7.328000e+03
  5.367900e+00  6.638075e+03
  5.228900e+00  6.188885e+03
  5.093400e+00  5.605610e+03
  4.961500e+00  5.044840e+03
  4.833000e+00  4.626010e+03
  4.707800e+00  4.125915e+03
  4.585800e+00  3.723705e+03
  4.467100e+00  3.329305e+03
  4.351300e+00  3.179585e+03
  4.238600e+00  3.027890e+03
  4.128800e+00  2.664825e+03
  4.021900e+00  2.857610e+03
  3.917700e+00  2.395695e+03
  3.816200e+00  1.973895e+03
  3.717400e+00  1.810460e+03
  3.621100e+00  1.735125e+03
  3.527300e+00  1.619640e+03
  3.435900e+00  1.451315e+03
  3.346900e+00  1.242870e+03
  3.260200e+00  1.012886e+03
  3.175800e+00  7.124465e+02
  3.093500e+00  5.333550e+02
  3.013400e+00  4.403855e+02
  2.935300e+00  4.922530e+02
  2.859300e+00  6.077315e+02
  2.785200e+00  7.506120e+02
  2.713100e+00  8.827240e+02
  2.642800e+00  9.531980e+02
  2.574300e+00  8.073760e+02
  2.507600e+00  8.103065e+02
  2.442700e+00  8.161815e+02
  2.379400e+00  7.985670e+02
  2.317800e+00  7.437630e+02
  2.257700e+00  6.997215e+02
  2.199300e+00  7.144030e+02
  2.142300e+00  6.967870e+02
  2.086800e+00  6.028390e+02
  2.032700e+00  5.950085e+02
  1.980100e+00  6.821075e+02
  1.928800e+00  6.273040e+02
  1.878800e+00  5.176985e+02
  1.830200e+00  6.106675e+02
  1.782800e+00  9.179545e+02
  1.736600e+00  5.999015e+02
  1.691600e+00  4.257055e+02
  1.647800e+00  4.051550e+02
  1.605100e+00  3.513300e+02
  1.563500e+00  3.572015e+02
  1.523000e+00  3.249060e+02
  1.483600e+00  3.082700e+02
  1.445100e+00  2.681460e+02
  1.407700e+00  2.701020e+02
  1.371200e+00  2.378080e+02
  1.335700e+00  2.378080e+02
  1.301100e+00  2.035560e+02
  1.267400e+00  1.673465e+02
  1.234600e+00  1.751755e+02
  1.202600e+00  1.565815e+02
  1.171500e+00  1.683255e+02
  1.141100e+00  1.800690e+02
  1.111600e+00  1.203725e+02
  1.082800e+00  1.056927e+02
  1.054700e+00  1.448385e+02
  1.027400e+00  1.184150e+02
  1.000800e+00  1.047145e+02
  9.749000e-01  1.066711e+02
  9.496000e-01  8.122729e+01
  9.250000e-01  6.654750e+01
  9.010000e-01  7.926995e+01
  8.777000e-01  8.709920e+01
  8.550000e-01  8.612010e+01
  8.328000e-01  6.067525e+01
  8.113000e-01  8.416260e+01
  7.902000e-01  9.786349e+01
  7.698000e-01  9.003490e+01
  7.498000e-01  8.122770e+01
  7.304000e-01  7.046205e+01
  7.115000e-01  7.339780e+01
  6.931000e-01  2.515085e+02
  6.751000e-01  2.076665e+03
  6.576000e-01  2.026740e+03
  6.406000e-01  5.520470e+03
  6.240000e-01  1.838855e+03
  6.078000e-01  1.389665e+02
  5.921000e-01  1.027576e+02
  5.767000e-01  1.027570e+02
  5.618000e-01  1.066725e+02
  5.472000e-01  1.174370e+02
  5.331000e-01  1.330940e+02
  5.193000e-01  1.203725e+02
  5.058000e-01  1.683245e+02
  4.927000e-01  4.335345e+02
  4.799000e-01  4.873585e+02
  4.675000e-01  2.162780e+02
  4.554000e-01  1.448380e+02
  4.436000e-01  4.071120e+02
  4.321000e-01  4.482150e+02
  4.209000e-01  3.464365e+02
  4.100000e-01  2.250850e+02
  3.994000e-01  4.217915e+02
  3.891000e-01  7.985655e+02
  3.790000e-01  7.848625e+02
  3.692000e-01  1.516890e+02
  3.596000e-01  1.056935e+02
  3.503000e-01  1.164565e+02
  3.412000e-01  1.027570e+02
  3.324000e-01  1.213505e+02
  3.238000e-01  1.477735e+02
  3.154000e-01  1.174360e+02
  3.072000e-01  1.536445e+02
  2.992000e-01  2.632530e+02
  2.915000e-01  2.994620e+02
  2.839000e-01  3.395870e+02
  2.766000e-01  1.888750e+02
  2.694000e-01  5.460765e+02
  2.624000e-01  1.200785e+03
  2.556000e-01  1.486535e+03
  2.490000e-01  6.292615e+02
  2.426000e-01  3.894955e+02
  2.363000e-01  6.233890e+02
  2.302000e-01  3.082695e+02
  2.242000e-01  2.143195e+02
  2.184000e-01  1.996400e+02
  2.127000e-01  2.094265e+02
  2.072000e-01  1.673460e+02
  2.019000e-01  1.761520e+02
  1.966000e-01  2.221500e+02
  1.915000e-01  3.983035e+02
  1.866000e-01  4.149395e+02
  1.817000e-01  2.798890e+02
  1.770000e-01  1.233075e+02
  1.725000e-01  1.047135e+02
  1.680000e-01  2.055125e+02
  1.636000e-01  2.211710e+02
  1.594000e-01  2.691235e+02
  1.553000e-01  2.466150e+02
  1.512000e-01  2.564015e+02
  1.473000e-01  2.867410e+02
  1.435000e-01  4.178755e+02
  1.398000e-01  3.483930e+02
  1.362000e-01  2.975040e+02
  1.326000e-01  2.975045e+02
  1.292000e-01  2.975045e+02
  1.259000e-01  3.004410e+02
  1.226000e-01  6.870005e+02
  1.194000e-01  7.809500e+02
  1.163000e-01  4.619145e+02
  1.133000e-01  4.139610e+02
  1.104000e-01  4.707225e+02
  1.075000e-01  4.648500e+02
  1.047000e-01  4.609360e+02
  1.020000e-01  4.893170e+02
  9.940000e-02  5.862005e+02
  9.680000e-02  5.685875e+02
  9.430000e-02  5.910940e+02
  9.190000e-02  5.470570e+02
  8.950000e-02  6.087100e+02
  8.720000e-02  5.724995e+02
  8.490000e-02  5.940310e+02
  8.270000e-02  6.077310e+02
  8.060000e-02  6.439410e+02
  7.850000e-02  6.145820e+02
  7.640000e-02  5.822875e+02
  7.450000e-02  6.224110e+02
  7.250000e-02  6.498130e+02
  7.070000e-02  6.067530e+02
  6.880000e-02  5.656495e+02
  6.700000e-02  6.302390e+02
  6.530000e-02  5.617360e+02
  6.360000e-02  5.587985e+02
  6.200000e-02  5.196545e+02
  6.040000e-02  4.942100e+02
  5.880000e-02  4.814875e+02
  5.730000e-02  4.257060e+02
  5.580000e-02  3.806880e+02
  5.430000e-02  3.865590e+02
  5.290000e-02  3.601370e+02
  5.160000e-02  3.356715e+02
  5.020000e-02  2.916325e+02
  4.890000e-02  2.759740e+02
  4.770000e-02  2.407430e+02
  4.640000e-02  2.818460e+02
  4.520000e-02  2.260645e+02
  4.410000e-02  2.104060e+02
  4.290000e-02  2.015985e+02
  4.180000e-02  1.810470e+02
  4.070000e-02  1.839825e+02
  3.970000e-02  1.781115e+02
  3.860000e-02  1.595170e+02
  3.760000e-02  1.467965e+02
  3.670000e-02  1.301590e+02
  3.570000e-02  1.086285e+02
  3.480000e-02  7.437630e+01
  3.390000e-02  9.786356e+01
  3.300000e-02  8.612061e+01
  3.220000e-02  7.339760e+01
  3.130000e-02  6.067545e+01
  3.050000e-02  6.263280e+01
  2.970000e-02  4.697450e+01
  2.890000e-02  3.229500e+01
  2.820000e-02  3.620950e+01
  2.750000e-02  3.620950e+01
  2.680000e-02  2.544445e+01
  2.610000e-02  2.153005e+01
  2.540000e-02  1.957275e+01
  2.470000e-02  9.786400e+00
  2.410000e-02  1.174370e+01
  2.350000e-02  7.829150e+00
  2.290000e-02  7.829150e+00
  2.230000e-02  4.893250e+00
  2.170000e-02  3.914550e+00
  2.110000e-02  2.935950e+00
  2.060000e-02  9.786500e-01
  2.000000e-02  3.914600e+00
  1.950000e-02  3.914600e+00
  1.900000e-02  0.000000e+00
  1.850000e-02  0.000000e+00
  1.800000e-02  9.786500e-01
  1.760000e-02  2.935950e+00
  1.710000e-02  9.786500e-01
  1.670000e-02  0.000000e+00
  1.630000e-02  1.957300e+00
  1.580000e-02  0.000000e+00
  1.540000e-02  0.000000e+00
  1.500000e-02  1.957300e+00
  1.460000e-02  9.786500e-01
  1.430000e-02  0.000000e+00
  1.390000e-02  0.000000e+00
  1.350000e-02  9.786500e-01
  1.320000e-02  9.786500e-01
  1.280000e-02  0.000000e+00
  1.250000e-02  9.786500e-01
  1.220000e-02  0.000000e+00
  1.190000e-02  0.000000e+00
  1.160000e-02  0.000000e+00
  1.130000e-02  0.000000e+00
  1.100000e-02  9.884175e+01
  1.070000e-02  1.399440e+02
  1.040000e-02  1.096075e+02
  1.010000e-02  1.032459e+03
