  4.934820e+03  0.000000e+00
  4.806990e+03  0.000000e+00
  4.682470e+03  0.000000e+00
  4.561180e+03  1.496150e-01
  4.443030e+03  0.000000e+00
  4.327940e+03  0.000000e+00
  4.215830e+03  0.000000e+00
  4.106630e+03  0.000000e+00
  4.000250e+03  0.000000e+00
  3.896630e+03  0.000000e+00
  3.795700e+03  0.000000e+00
  3.697380e+03  0.000000e+00
  3.601600e+03  1.496150e-01
  3.508310e+03  0.000000e+00
  3.417430e+03  0.000000e+00
  3.328910e+03  1.496150e-01
  3.242680e+03  0.000000e+00
  3.158680e+03  0.000000e+00
  3.076860e+03  1.496150e-01
  2.997160e+03  1.496150e-01
  2.919530e+03  0.000000e+00
  2.843900e+03  0.000000e+00
  2.770230e+03  2.992300e-01
  2.698480e+03  0.000000e+00
  2.628580e+03  1.496150e-01
  2.560490e+03  1.496150e-01
  2.494160e+03  0.000000e+00
  2.429550e+03  1.496150e-01
  2.366620e+03  0.000000e+00
  2.305320e+03  0.000000e+00
  2.245600e+03  1.496150e-01
  2.187430e+03  2.992300e-01
  2.130770e+03  4.488450e-01
  2.075580e+03  4.488450e-01
  2.021810e+03  5.984600e-01
  1.969440e+03  0.000000e+00
  1.918430e+03  2.992250e-01
  1.868730e+03  2.992300e-01
  1.820330e+03  4.488450e-01
  1.773170e+03  5.984600e-01
  1.727240e+03  1.496145e+00
  1.682500e+03  5.984550e-01
  1.638920e+03  4.488450e-01
  1.596470e+03  4.488400e-01
  1.555110e+03  1.047305e+00
  1.514830e+03  4.488400e-01
  1.475590e+03  1.496150e-01
  1.437370e+03  5.984600e-01
  1.400140e+03  7.480700e-01
  1.363870e+03  7.480750e-01
  1.328540e+03  1.047300e+00
  1.294120e+03  8.976800e-01
  1.260600e+03  1.795365e+00
  1.227950e+03  5.984550e-01
  1.196140e+03  2.094585e+00
  1.165160e+03  1.645755e+00
  1.134980e+03  2.693045e+00
  1.105580e+03  3.441115e+00
  1.076940e+03  1.944980e+00
  1.049040e+03  3.590725e+00
  1.021870e+03  2.992260e+00
  9.953980e+02  3.590715e+00
  9.696140e+02  4.787625e+00
  9.444970e+02  5.086840e+00
  9.200320e+02  4.638020e+00
  8.962000e+02  5.834905e+00
  8.729850e+02  4.488380e+00
  8.503720e+02  5.685275e+00
  8.283450e+02  6.134135e+00
  8.068880e+02  1.092175e+01
  7.859870e+02  9.126354e+00
  7.656270e+02  8.677550e+00
  7.457950e+02  1.241790e+01
  7.264760e+02  1.481165e+01
  7.076580e+02  1.391398e+01
  6.893270e+02  1.780385e+01
  6.714710e+02  1.900090e+01
  6.540780e+02  2.229235e+01
  6.371350e+02  2.139470e+01
  6.206310e+02  2.498535e+01
  6.045550e+02  3.111950e+01
  5.888950e+02  3.156825e+01
  5.736410e+02  3.665520e+01
  5.587810e+02  4.473430e+01
  5.443070e+02  4.308840e+01
  5.302080e+02  4.862420e+01
  5.164740e+02  5.625440e+01
  5.030950e+02  6.433345e+01
  4.900630e+02  7.420790e+01
  4.773690e+02  8.124010e+01
  4.650040e+02  8.916910e+01
  4.529580e+02  1.026350e+02
  4.412250e+02  1.267220e+02
  4.297960e+02  1.252260e+02
  4.186630e+02  1.413835e+02
  4.078180e+02  1.499125e+02
  3.972540e+02  1.846230e+02
  3.869640e+02  2.025760e+02
  3.769400e+02  2.161905e+02
  3.671770e+02  2.492555e+02
  3.576650e+02  2.829180e+02
  3.484010e+02  3.200215e+02
  3.393760e+02  3.617640e+02
  3.305850e+02  3.907890e+02
  3.220220e+02  4.456965e+02
  3.136800e+02  5.100305e+02
  3.055550e+02  5.499765e+02
  2.976400e+02  6.056330e+02
  2.899300e+02  6.741560e+02
  2.824200e+02  7.497095e+02
  2.751040e+02  8.626685e+02
  2.679780e+02  9.494420e+02
  2.610370e+02  1.051020e+03
  2.542750e+02  1.215755e+03
  2.476890e+02  1.338290e+03
  2.412730e+02  1.487155e+03
  2.350230e+02  1.659360e+03
  2.289350e+02  1.846970e+03
  2.230050e+02  2.051790e+03
  2.172280e+02  2.276815e+03
  2.116010e+02  2.532190e+03
  2.061200e+02  2.815265e+03
  2.007810e+02  3.088460e+03
  1.955800e+02  3.487310e+03
  1.905140e+02  3.877220e+03
  1.855790e+02  4.318730e+03
  1.807720e+02  4.863310e+03
  1.760890e+02  5.398490e+03
  1.715280e+02  5.979570e+03
  1.670850e+02  6.633990e+03
  1.627570e+02  7.287650e+03
  1.585410e+02  8.028370e+03
  1.544340e+02  8.798125e+03
  1.504340e+02  9.599605e+03
  1.465370e+02  1.063015e+04
  1.427410e+02  1.156125e+04
  1.390440e+02  1.266665e+04
  1.354420e+02  1.376145e+04
  1.319340e+02  1.485285e+04
  1.285160e+02  1.617065e+04
  1.251870e+02  1.751340e+04
  1.219440e+02  1.900000e+04
  1.187850e+02  2.055215e+04
  1.157090e+02  2.234590e+04
  1.127110e+02  2.402915e+04
  1.097920e+02  2.582645e+04
  1.069480e+02  2.796470e+04
  1.041770e+02  3.022470e+04
  1.014790e+02  3.240245e+04
  9.885030e+01  3.491375e+04
  9.628970e+01  3.764575e+04
  9.379550e+01  4.041315e+04
  9.136590e+01  4.316800e+04
  8.899920e+01  4.629115e+04
  8.669380e+01  4.937150e+04
  8.444820e+01  5.305260e+04
  8.226070e+01  5.632650e+04
  8.012980e+01  6.059955e+04
  7.805420e+01  6.424895e+04
  7.603240e+01  6.850235e+04
  7.406290e+01  7.261505e+04
  7.214440e+01  7.689484e+04
  7.027560e+01  8.166855e+04
  6.845520e+01  8.607941e+04
  6.668200e+01  9.073509e+04
  6.495470e+01  9.518359e+04
  6.327220e+01  9.902845e+04
  6.163320e+01  1.025270e+05
  6.003670e+01  1.058310e+05
  5.848160e+01  1.089645e+05
  5.696670e+01  1.110675e+05
  5.549110e+01  1.141580e+05
  5.405370e+01  1.173180e+05
  5.265350e+01  1.212275e+05
  5.128960e+01  1.245930e+05
  4.996100e+01  1.285905e+05
  4.866690e+01  1.323535e+05
  4.740620e+01  1.359235e+05
  4.617830e+01  1.388640e+05
  4.498210e+01  1.410395e+05
  4.381690e+01  1.418610e+05
  4.268190e+01  1.427135e+05
  4.157630e+01  1.431080e+05
  4.049930e+01  1.427205e+05
  3.945030e+01  1.430080e+05
  3.842840e+01  1.428650e+05
  3.743290e+01  1.425755e+05
  3.646330e+01  1.424285e+05
  3.551880e+01  1.420045e+05
  3.459870e+01  1.422320e+05
  3.370250e+01  1.418720e+05
  3.282950e+01  1.424720e+05
  3.197910e+01  1.424575e+05
  3.115070e+01  1.429765e+05
  3.034380e+01  1.432750e+05
  2.955780e+01  1.439655e+05
  2.879220e+01  1.442055e+05
  2.804640e+01  1.447840e+05
  2.731990e+01  1.454375e+05
  2.661220e+01  1.460180e+05
  2.592290e+01  1.465190e+05
  2.525140e+01  1.470020e+05
  2.459730e+01  1.475605e+05
  2.396010e+01  1.486440e+05
  2.333950e+01  1.494645e+05
  2.273490e+01  1.498275e+05
  2.214600e+01  1.507355e+05
  2.157230e+01  1.513500e+05
  2.101350e+01  1.519970e+05
  2.046920e+01  1.525820e+05
  1.993900e+01  1.532350e+05
  1.942250e+01  1.538635e+05
  1.891940e+01  1.540985e+05
  1.842930e+01  1.556590e+05
  1.795200e+01  1.560470e+05
  1.748690e+01  1.574915e+05
  1.703400e+01  1.577895e+05
  1.659270e+01  1.588740e+05
  1.616290e+01  1.599925e+05
  1.574430e+01  1.603095e+05
  1.533640e+01  1.614820e+05
  1.493920e+01  1.626775e+05
  1.455220e+01  1.639765e+05
  1.417520e+01  1.649560e+05
  1.380800e+01  1.666025e+05
  1.345040e+01  1.676620e+05
  1.310200e+01  1.691500e+05
  1.276260e+01  1.714190e+05
  1.243200e+01  1.737005e+05
  1.211000e+01  1.768795e+05
  1.179630e+01  1.797160e+05
  1.149070e+01  1.827730e+05
  1.119310e+01  1.864310e+05
  1.090310e+01  1.900450e+05
  1.062070e+01  1.939235e+05
  1.034560e+01  1.976710e+05
  1.007760e+01  2.021920e+05
  9.816600e+00  2.060050e+05
  9.562300e+00  2.073110e+05
  9.314600e+00  2.082300e+05
  9.073300e+00  2.092050e+05
  8.838300e+00  2.067700e+05
  8.609300e+00  2.035490e+05
  8.386300e+00  1.997100e+05
  8.169100e+00  1.957165e+05
  7.957500e+00  1.932945e+05
  7.751400e+00  1.887325e+05
  7.550600e+00  1.888105e+05
  7.355000e+00  1.869815e+05
  7.164500e+00  1.866635e+05
  6.978900e+00  1.868925e+05
  6.798100e+00  1.874365e+05
  6.622000e+00  1.884970e+05
  6.450500e+00  1.892350e+05
  6.283400e+00  1.906375e+05
  6.120600e+00  1.912460e+05
  5.962100e+00  1.918130e+05
  5.807600e+00  1.921855e+05
  5.657200e+00  1.925180e+05
  5.510700e+00  1.931440e+05
  5.367900e+00  1.947915e+05
  5.228900e+00  1.947540e+05
  5.093400e+00  1.946035e+05
  4.961500e+00  1.949165e+05
  4.833000e+00  1.989595e+05
  4.707800e+00  2.045215e+05
  4.585800e+00  1.992790e+05
  4.467100e+00  1.986820e+05
  4.351300e+00  1.993005e+05
  4.238600e+00  2.001700e+05
  4.128800e+00  1.996720e+05
  4.021900e+00  2.187635e+05
  3.917700e+00  2.013435e+05
  3.816200e+00  1.903310e+05
  3.717400e+00  1.885625e+05
  3.621100e+00  1.873430e+05
  3.527300e+00  1.856115e+05
  3.435900e+00  1.842365e+05
  3.346900e+00  1.823740e+05
  3.260200e+00  1.817590e+05
  3.175800e+00  1.814025e+05
  3.093500e+00  1.793980e+05
  3.013400e+00  1.756910e+05
  2.935300e+00  1.728400e+05
  2.859300e+00  1.679925e+05
  2.785200e+00  1.639545e+05
  2.713100e+00  1.600745e+05
  2.642800e+00  1.548390e+05
  2.574300e+00  1.536740e+05
  2.507600e+00  1.488645e+05
  2.442700e+00  1.477735e+05
  2.379400e+00  1.452535e+05
  2.317800e+00  1.397800e+05
  2.257700e+00  1.342285e+05
  2.199300e+00  1.333830e+05
  2.142300e+00  1.265375e+05
  2.086800e+00  1.222750e+05
  2.032700e+00  1.207320e+05
  1.980100e+00  1.268070e+05
  1.928800e+00  1.087410e+05
  1.878800e+00  1.006950e+05
  1.830200e+00  1.156140e+05
  1.782800e+00  1.817000e+05
  1.736600e+00  1.219960e+05
  1.691600e+00  9.959166e+04
  1.647800e+00  8.917295e+04
  1.605100e+00  8.529120e+04
  1.563500e+00  8.156284e+04
  1.523000e+00  7.843565e+04
  1.483600e+00  7.568445e+04
  1.445100e+00  7.188509e+04
  1.407700e+00  6.826845e+04
  1.371200e+00  6.333730e+04
  1.335700e+00  6.371035e+04
  1.301100e+00  5.481140e+04
  1.267400e+00  4.615785e+04
  1.234600e+00  5.508835e+04
  1.202600e+00  5.618900e+04
  1.171500e+00  5.304100e+04
  1.141100e+00  5.805295e+04
  1.111600e+00  4.021465e+04
  1.082800e+00  3.585170e+04
  1.054700e+00  5.484060e+04
  1.027400e+00  4.029040e+04
  1.000800e+00  3.006140e+04
  9.749000e-01  4.404570e+04
  9.496000e-01  3.212425e+04
  9.250000e-01  3.081250e+04
  9.010000e-01  3.674030e+04
  8.777000e-01  3.850490e+04
  8.550000e-01  3.914195e+04
  8.328000e-01  4.067615e+04
  8.113000e-01  4.333700e+04
  7.902000e-01  4.561140e+04
  7.698000e-01  4.610380e+04
  7.498000e-01  5.037625e+04
  7.304000e-01  5.099255e+04
  7.115000e-01  5.219500e+04
  6.931000e-01  8.458675e+04
  6.751000e-01  6.067520e+05
  6.576000e-01  4.816560e+05
  6.406000e-01  1.339430e+06
  6.240000e-01  3.367720e+05
  6.078000e-01  7.477605e+04
  5.921000e-01  6.990580e+04
  5.767000e-01  7.154380e+04
  5.618000e-01  7.408215e+04
  5.472000e-01  7.418484e+04
  5.331000e-01  8.858809e+04
  5.193000e-01  8.023105e+04
  5.058000e-01  8.687725e+04
  4.927000e-01  1.560960e+05
  4.799000e-01  1.713280e+05
  4.675000e-01  1.103300e+05
  4.554000e-01  9.242100e+04
  4.436000e-01  1.716235e+05
  4.321000e-01  1.713040e+05
  4.209000e-01  1.716515e+05
  4.100000e-01  1.088830e+05
  3.994000e-01  2.101940e+05
  3.891000e-01  3.492390e+05
  3.790000e-01  3.320835e+05
  3.692000e-01  8.135084e+04
  3.596000e-01  6.380485e+04
  3.503000e-01  6.521270e+04
  3.412000e-01  6.126460e+04
  3.324000e-01  6.911075e+04
  3.238000e-01  5.904660e+04
  3.154000e-01  5.688475e+04
  3.072000e-01  7.985116e+04
  2.992000e-01  1.081005e+05
  2.915000e-01  1.381670e+05
  2.839000e-01  1.550820e+05
  2.766000e-01  1.105760e+05
  2.694000e-01  2.264935e+05
  2.624000e-01  5.275105e+05
  2.556000e-01  4.782705e+05
  2.490000e-01  1.845135e+05
  2.426000e-01  2.082585e+05
  2.363000e-01  2.217230e+05
  2.302000e-01  1.373240e+05
  2.242000e-01  9.255455e+04
  2.184000e-01  8.751166e+04
  2.127000e-01  9.105535e+04
  2.072000e-01  8.711805e+04
  2.019000e-01  9.006855e+04
  1.966000e-01  1.049310e+05
  1.915000e-01  1.870780e+05
  1.866000e-01  2.424505e+05
  1.817000e-01  1.450070e+05
  1.770000e-01  1.258360e+05
  1.725000e-01  1.310955e+05
  1.680000e-01  1.315460e+05
  1.636000e-01  1.236010e+05
  1.594000e-01  1.267155e+05
  1.553000e-01  1.350890e+05
  1.512000e-01  1.412305e+05
  1.473000e-01  1.439010e+05
  1.435000e-01  1.986425e+05
  1.398000e-01  1.557135e+05
  1.362000e-01  1.595330e+05
  1.326000e-01  1.618895e+05
  1.292000e-01  1.634130e+05
  1.259000e-01  1.689960e+05
  1.226000e-01  1.995280e+05
  1.194000e-01  1.969240e+05
  1.163000e-01  1.790295e+05
  1.133000e-01  1.835190e+05
  1.104000e-01  1.865225e+05
  1.075000e-01  1.836420e+05
  1.047000e-01  1.814250e+05
  1.020000e-01  1.830175e+05
  9.940000e-02  1.927110e+05
  9.680000e-02  1.939535e+05
  9.430000e-02  1.948075e+05
  9.190000e-02  1.922905e+05
  8.950000e-02  1.886700e+05
  8.720000e-02  1.853025e+05
  8.490000e-02  1.835930e+05
  8.270000e-02  1.823080e+05
  8.060000e-02  1.812895e+05
  7.850000e-02  1.796490e+05
  7.640000e-02  1.784645e+05
  7.450000e-02  1.768140e+05
  7.250000e-02  1.754945e+05
  7.070000e-02  1.733290e+05
  6.880000e-02  1.698545e+05
  6.700000e-02  1.658650e+05
  6.530000e-02  1.617630e+05
  6.360000e-02  1.568750e+05
  6.200000e-02  1.517290e+05
  6.040000e-02  1.462560e+05
  5.880000e-02  1.402970e+05
  5.730000e-02  1.341025e+05
  5.580000e-02  1.273200e+05
  5.430000e-02  1.203120e+05
  5.290000e-02  1.137625e+05
  5.160000e-02  1.068805e+05
  5.020000e-02  9.967170e+04
  4.890000e-02  9.244970e+04
  4.770000e-02  8.570920e+04
  4.640000e-02  7.908270e+04
  4.520000e-02  7.234840e+04
  4.410000e-02  6.603605e+04
  4.290000e-02  5.979865e+04
  4.180000e-02  5.392285e+04
  4.070000e-02  4.865645e+04
  3.970000e-02  4.359595e+04
  3.860000e-02  3.873265e+04
  3.760000e-02  3.435570e+04
  3.670000e-02  3.007735e+04
  3.570000e-02  2.636970e+04
  3.480000e-02  2.281740e+04
  3.390000e-02  1.976450e+04
  3.300000e-02  1.706765e+04
  3.220000e-02  1.463085e+04
  3.130000e-02  1.244975e+04
  3.050000e-02  1.064135e+04
  2.970000e-02  9.047835e+03
  2.890000e-02  7.548265e+03
  2.820000e-02  6.395355e+03
  2.750000e-02  5.301690e+03
  2.680000e-02  4.457120e+03
  2.610000e-02  3.763970e+03
  2.540000e-02  3.163270e+03
  2.470000e-02  2.666855e+03
  2.410000e-02  2.261250e+03
  2.350000e-02  1.967120e+03
  2.290000e-02  1.688085e+03
  2.230000e-02  1.508100e+03
  2.170000e-02  1.331860e+03
  2.110000e-02  1.202125e+03
  2.060000e-02  1.111325e+03
  2.000000e-02  1.016625e+03
  1.950000e-02  9.635145e+02
  1.900000e-02  8.910935e+02
  1.850000e-02  8.753860e+02
  1.800000e-02  8.029730e+02
  1.760000e-02  7.835215e+02
  1.710000e-02  7.377405e+02
  1.670000e-02  7.212840e+02
  1.630000e-02  6.919595e+02
  1.580000e-02  6.831320e+02
  1.540000e-02  6.377985e+02
  1.500000e-02  6.346585e+02
  1.460000e-02  5.713710e+02
  1.430000e-02  5.867825e+02
  1.390000e-02  5.258900e+02
  1.350000e-02  5.089840e+02
  1.320000e-02  4.926760e+02
  1.280000e-02  4.605080e+02
  1.250000e-02  4.290900e+02
  1.220000e-02  4.112840e+02
  1.190000e-02  3.880960e+02
  1.160000e-02  3.505430e+02
  1.130000e-02  3.135885e+02
  1.100000e-02  2.980285e+02
  1.070000e-02  2.754380e+02
  1.040000e-02  2.663120e+02
  1.010000e-02  1.957240e+03
