  4.934820e+03  1.371250e+00
  4.806990e+03  0.000000e+00
  4.682470e+03  0.000000e+00
  4.561180e+03  0.000000e+00
  4.443030e+03  0.000000e+00
  4.327940e+03  2.742500e-01
  4.215830e+03  0.000000e+00
  4.106630e+03  0.000000e+00
  4.000250e+03  0.000000e+00
  3.896630e+03  0.000000e+00
  3.795700e+03  0.000000e+00
  3.697380e+03  0.000000e+00
  3.601600e+03  0.000000e+00
  3.508310e+03  0.000000e+00
  3.417430e+03  0.000000e+00
  3.328910e+03  2.742500e-01
  3.242680e+03  0.000000e+00
  3.158680e+03  0.000000e+00
  3.076860e+03  2.742500e-01
  2.997160e+03  2.742500e-01
  2.919530e+03  2.742500e-01
  2.843900e+03  2.742500e-01
  2.770230e+03  5.485000e-01
  2.698480e+03  2.742500e-01
  2.628580e+03  2.742500e-01
  2.560490e+03  0.000000e+00
  2.494160e+03  0.000000e+00
  2.429550e+03  0.000000e+00
  2.366620e+03  0.000000e+00
  2.305320e+03  0.000000e+00
  2.245600e+03  2.742500e-01
  2.187430e+03  5.485000e-01
  2.130770e+03  2.742500e-01
  2.075580e+03  2.742500e-01
  2.021810e+03  5.485000e-01
  1.969440e+03  8.227500e-01
  1.918430e+03  2.742500e-01
  1.868730e+03  8.227500e-01
  1.820330e+03  2.742500e-01
  1.773170e+03  2.742500e-01
  1.727240e+03  5.485000e-01
  1.682500e+03  2.742500e-01
  1.638920e+03  2.742500e-01
  1.596470e+03  5.485000e-01
  1.555110e+03  8.227500e-01
  1.514830e+03  1.371250e+00
  1.475590e+03  8.227500e-01
  1.437370e+03  5.485000e-01
  1.400140e+03  1.645500e+00
  1.363870e+03  5.485000e-01
  1.328540e+03  1.919750e+00
  1.294120e+03  1.645500e+00
  1.260600e+03  2.194000e+00
  1.227950e+03  2.194000e+00
  1.196140e+03  2.468250e+00
  1.165160e+03  2.194000e+00
  1.134980e+03  3.016750e+00
  1.105580e+03  2.742500e+00
  1.076940e+03  3.016750e+00
  1.049040e+03  4.113750e+00
  1.021870e+03  3.565250e+00
  9.953980e+02  4.113750e+00
  9.696140e+02  3.565250e+00
  9.444970e+02  6.033500e+00
  9.200320e+02  4.113750e+00
  8.962000e+02  6.033500e+00
  8.729850e+02  6.856250e+00
  8.503720e+02  9.873000e+00
  8.283450e+02  7.130500e+00
  8.068880e+02  9.873000e+00
  7.859870e+02  1.097000e+01
  7.656270e+02  1.069575e+01
  7.457950e+02  1.014725e+01
  7.264760e+02  1.563225e+01
  7.076580e+02  1.590650e+01
  6.893270e+02  1.864900e+01
  6.714710e+02  1.892325e+01
  6.540780e+02  2.002025e+01
  6.371350e+02  2.303700e+01
  6.206310e+02  2.797350e+01
  6.045550e+02  3.345850e+01
  5.888950e+02  3.400700e+01
  5.736410e+02  3.894350e+01
  5.587810e+02  4.634825e+01
  5.443070e+02  4.771925e+01
  5.302080e+02  5.512425e+01
  5.164740e+02  6.280325e+01
  5.030950e+02  6.033500e+01
  4.900630e+02  6.554550e+01
  4.773690e+02  7.925775e+01
  4.650040e+02  8.885600e+01
  4.529580e+02  9.626100e+01
  4.412250e+02  9.982600e+01
  4.297960e+02  1.195710e+02
  4.186630e+02  1.439790e+02
  4.078180e+02  1.483660e+02
  3.972540e+02  1.788080e+02
  3.869640e+02  1.936175e+02
  3.769400e+02  2.023940e+02
  3.671770e+02  2.276250e+02
  3.576650e+02  2.684885e+02
  3.484010e+02  2.926225e+02
  3.393760e+02  3.321145e+02
  3.305850e+02  3.611850e+02
  3.220220e+02  4.009515e+02
  3.136800e+02  4.541565e+02
  3.055550e+02  5.416415e+02
  2.976400e+02  5.347850e+02
  2.899300e+02  6.258360e+02
  2.824200e+02  6.779445e+02
  2.751040e+02  7.635090e+02
  2.679780e+02  8.372825e+02
  2.610370e+02  9.549400e+02
  2.542750e+02  1.062435e+03
  2.476890e+02  1.151840e+03
  2.412730e+02  1.343270e+03
  2.350230e+02  1.473540e+03
  2.289350e+02  1.618060e+03
  2.230050e+02  1.790025e+03
  2.172280e+02  1.921935e+03
  2.116010e+02  2.171780e+03
  2.061200e+02  2.450950e+03
  2.007810e+02  2.648960e+03
  1.955800e+02  2.941315e+03
  1.905140e+02  3.314295e+03
  1.855790e+02  3.693030e+03
  1.807720e+02  4.165010e+03
  1.760890e+02  4.559380e+03
  1.715280e+02  5.031640e+03
  1.670850e+02  5.595770e+03
  1.627570e+02  6.107800e+03
  1.585410e+02  6.632710e+03
  1.544340e+02  7.268960e+03
  1.504340e+02  7.933185e+03
  1.465370e+02  8.720285e+03
  1.427410e+02  9.495865e+03
  1.390440e+02  1.043295e+04
  1.354420e+02  1.124335e+04
  1.319340e+02  1.208015e+04
  1.285160e+02  1.313680e+04
  1.251870e+02  1.407355e+04
  1.219440e+02  1.516975e+04
  1.187850e+02  1.636875e+04
  1.157090e+02  1.745840e+04
  1.127110e+02  1.890725e+04
  1.097920e+02  2.033220e+04
  1.069480e+02  2.187045e+04
  1.041770e+02  2.334150e+04
  1.014790e+02  2.511140e+04
  9.885030e+01  2.676760e+04
  9.628970e+01  2.874950e+04
  9.379550e+01  3.074955e+04
  9.136590e+01  3.285500e+04
  8.899920e+01  3.484190e+04
  8.669380e+01  3.736825e+04
  8.444820e+01  3.973610e+04
  8.226070e+01  4.219005e+04
  8.012980e+01  4.480115e+04
  7.805420e+01  4.794085e+04
  7.603240e+01  5.079490e+04
  7.406290e+01  5.355070e+04
  7.214440e+01  5.670735e+04
  7.027560e+01  5.991395e+04
  6.845520e+01  6.314020e+04
  6.668200e+01  6.635450e+04
  6.495470e+01  6.980955e+04
  6.327220e+01  7.257120e+04
  6.163320e+01  7.479991e+04
  6.003670e+01  7.707735e+04
  5.848160e+01  7.858295e+04
  5.696670e+01  8.010250e+04
  5.549110e+01  8.171234e+04
  5.405370e+01  8.409730e+04
  5.265350e+01  8.660341e+04
  5.128960e+01  8.915880e+04
  4.996100e+01  9.212155e+04
  4.866690e+01  9.519741e+04
  4.740620e+01  9.799780e+04
  4.617830e+01  1.001800e+05
  4.498210e+01  1.013165e+05
  4.381690e+01  1.015545e+05
  4.268190e+01  1.008050e+05
  4.157630e+01  1.001940e+05
  4.049930e+01  9.945480e+04
  3.945030e+01  9.849360e+04
  3.842840e+01  9.686409e+04
  3.743290e+01  9.495745e+04
  3.646330e+01  9.398300e+04
  3.551880e+01  9.234615e+04
  3.459870e+01  9.148580e+04
  3.370250e+01  9.015641e+04
  3.282950e+01  8.939935e+04
  3.197910e+01  8.807409e+04
  3.115070e+01  8.702930e+04
  3.034380e+01  8.601766e+04
  2.955780e+01  8.491320e+04
  2.879220e+01  8.404950e+04
  2.804640e+01  8.279950e+04
  2.731990e+01  8.187695e+04
  2.661220e+01  8.044870e+04
  2.592290e+01  7.920220e+04
  2.525140e+01  7.824210e+04
  2.459730e+01  7.677480e+04
  2.396010e+01  7.493515e+04
  2.333950e+01  7.345235e+04
  2.273490e+01  7.172941e+04
  2.214600e+01  6.961080e+04
  2.157230e+01  6.736816e+04
  2.101350e+01  6.530325e+04
  2.046920e+01  6.290065e+04
  1.993900e+01  6.015145e+04
  1.942250e+01  5.761775e+04
  1.891940e+01  5.492160e+04
  1.842930e+01  5.354715e+04
  1.795200e+01  5.200495e+04
  1.748690e+01  5.177405e+04
  1.703400e+01  5.118320e+04
  1.659270e+01  5.122730e+04
  1.616290e+01  5.146305e+04
  1.574430e+01  5.159990e+04
  1.533640e+01  5.143755e+04
  1.493920e+01  5.176215e+04
  1.455220e+01  5.102505e+04
  1.417520e+01  4.936860e+04
  1.380800e+01  4.624240e+04
  1.345040e+01  4.234645e+04
  1.310200e+01  3.770840e+04
  1.276260e+01  3.274535e+04
  1.243200e+01  2.802210e+04
  1.211000e+01  2.364650e+04
  1.179630e+01  1.977530e+04
  1.149070e+01  1.637560e+04
  1.119310e+01  1.405805e+04
  1.090310e+01  1.241280e+04
  1.062070e+01  1.104235e+04
  1.034560e+01  9.596230e+03
  1.007760e+01  8.347311e+03
  9.816600e+00  7.095645e+03
  9.562300e+00  6.233125e+03
  9.314600e+00  6.402880e+03
  9.073300e+00  7.861060e+03
  8.838300e+00  9.870234e+03
  8.609300e+00  1.271080e+04
  8.386300e+00  1.613265e+04
  8.169100e+00  2.032095e+04
  7.957500e+00  2.496465e+04
  7.751400e+00  2.749425e+04
  7.550600e+00  3.045040e+04
  7.355000e+00  3.038970e+04
  7.164500e+00  2.898270e+04
  6.978900e+00  2.795040e+04
  6.798100e+00  2.612160e+04
  6.622000e+00  2.426735e+04
  6.450500e+00  2.261860e+04
  6.283400e+00  2.099870e+04
  6.120600e+00  1.928110e+04
  5.962100e+00  1.786245e+04
  5.807600e+00  1.694720e+04
  5.657200e+00  1.597050e+04
  5.510700e+00  1.526630e+04
  5.367900e+00  1.403165e+04
  5.228900e+00  1.279250e+04
  5.093400e+00  1.171840e+04
  4.961500e+00  1.044545e+04
  4.833000e+00  9.427300e+03
  4.707800e+00  8.354984e+03
  4.585800e+00  7.146380e+03
  4.467100e+00  6.379575e+03
  4.351300e+00  5.704915e+03
  4.238600e+00  5.182195e+03
  4.128800e+00  4.560210e+03
  4.021900e+00  4.497395e+03
  3.917700e+00  3.661500e+03
  3.816200e+00  3.033735e+03
  3.717400e+00  2.667055e+03
  3.621100e+00  2.303420e+03
  3.527300e+00  1.974870e+03
  3.435900e+00  1.589000e+03
  3.346900e+00  1.283480e+03
  3.260200e+00  9.247685e+02
  3.175800e+00  5.803095e+02
  3.093500e+00  3.211440e+02
  3.013400e+00  2.468215e+02
  2.935300e+00  2.827475e+02
  2.859300e+00  3.724295e+02
  2.785200e+00  4.859685e+02
  2.713100e+00  6.033480e+02
  2.642800e+00  6.206260e+02
  2.574300e+00  5.454810e+02
  2.507600e+00  5.037950e+02
  2.442700e+00  4.390735e+02
  2.379400e+00  4.357810e+02
  2.317800e+00  3.864150e+02
  2.257700e+00  3.241620e+02
  2.199300e+00  3.044150e+02
  2.142300e+00  2.874125e+02
  2.086800e+00  2.523070e+02
  2.032700e+00  2.320135e+02
  1.980100e+00  2.630035e+02
  1.928800e+00  1.996515e+02
  1.878800e+00  1.796305e+02
  1.830200e+00  1.906015e+02
  1.782800e+00  3.093515e+02
  1.736600e+00  1.933440e+02
  1.691600e+00  1.458985e+02
  1.647800e+00  1.343795e+02
  1.605100e+00  1.127140e+02
  1.563500e+00  9.790700e+01
  1.523000e+00  9.351875e+01
  1.483600e+00  8.419400e+01
  1.445100e+00  7.349900e+01
  1.407700e+00  8.282300e+01
  1.371200e+00  6.499675e+01
  1.335700e+00  6.307725e+01
  1.301100e+00  5.512425e+01
  1.267400e+00  4.607400e+01
  1.234600e+00  5.128475e+01
  1.202600e+00  4.909075e+01
  1.171500e+00  4.470275e+01
  1.141100e+00  5.622125e+01
  1.111600e+00  3.153875e+01
  1.082800e+00  2.742500e+01
  1.054700e+00  4.991350e+01
  1.027400e+00  3.510400e+01
  1.000800e+00  2.303700e+01
  9.749000e-01  3.647525e+01
  9.496000e-01  2.989325e+01
  9.250000e-01  2.934475e+01
  9.010000e-01  2.797350e+01
  8.777000e-01  3.291000e+01
  8.550000e-01  3.126450e+01
  8.328000e-01  2.934475e+01
  8.113000e-01  2.824775e+01
  7.902000e-01  3.482975e+01
  7.698000e-01  3.208725e+01
  7.498000e-01  3.510400e+01
  7.304000e-01  3.455550e+01
  7.115000e-01  3.345850e+01
  6.931000e-01  6.554550e+01
  6.751000e-01  5.424635e+02
  6.576000e-01  4.445570e+02
  6.406000e-01  1.322435e+03
  6.240000e-01  3.562485e+02
  6.078000e-01  4.333150e+01
  5.921000e-01  4.305725e+01
  5.767000e-01  3.949200e+01
  5.618000e-01  4.388000e+01
  5.472000e-01  4.141175e+01
  5.331000e-01  5.183325e+01
  5.193000e-01  3.647525e+01
  5.058000e-01  5.375300e+01
  4.927000e-01  9.900325e+01
  4.799000e-01  1.047620e+02
  4.675000e-01  5.896375e+01
  4.554000e-01  5.567275e+01
  4.436000e-01  1.036650e+02
  4.321000e-01  8.693700e+01
  4.209000e-01  8.227450e+01
  4.100000e-01  5.265600e+01
  3.994000e-01  9.598700e+01
  3.891000e-01  1.903265e+02
  3.790000e-01  1.598855e+02
  3.692000e-01  3.894350e+01
  3.596000e-01  2.687650e+01
  3.503000e-01  3.044175e+01
  3.412000e-01  2.577950e+01
  3.324000e-01  3.674950e+01
  3.238000e-01  3.181300e+01
  3.154000e-01  3.291000e+01
  3.072000e-01  4.086325e+01
  2.992000e-01  5.704400e+01
  2.915000e-01  7.103050e+01
  2.839000e-01  7.706400e+01
  2.766000e-01  4.497700e+01
  2.694000e-01  1.250565e+02
  2.624000e-01  2.347555e+02
  2.556000e-01  2.898790e+02
  2.490000e-01  1.247810e+02
  2.426000e-01  6.938475e+01
  2.363000e-01  1.003745e+02
  2.302000e-01  7.487025e+01
  2.242000e-01  3.921775e+01
  2.184000e-01  3.866925e+01
  2.127000e-01  4.415425e+01
  2.072000e-01  3.976625e+01
  2.019000e-01  3.647525e+01
  1.966000e-01  3.839500e+01
  1.915000e-01  9.132450e+01
  1.866000e-01  1.064075e+02
  1.817000e-01  6.527150e+01
  1.770000e-01  3.482975e+01
  1.725000e-01  3.949200e+01
  1.680000e-01  4.415425e+01
  1.636000e-01  5.347875e+01
  1.594000e-01  4.497700e+01
  1.553000e-01  4.963925e+01
  1.512000e-01  4.799375e+01
  1.473000e-01  5.293025e+01
  1.435000e-01  6.993350e+01
  1.398000e-01  5.786675e+01
  1.362000e-01  5.567275e+01
  1.326000e-01  6.088325e+01
  1.292000e-01  6.143200e+01
  1.259000e-01  6.280325e+01
  1.226000e-01  9.077650e+01
  1.194000e-01  9.845500e+01
  1.163000e-01  7.624125e+01
  1.133000e-01  8.693675e+01
  1.104000e-01  7.157899e+01
  1.075000e-01  6.801375e+01
  1.047000e-01  6.856250e+01
  1.020000e-01  6.609425e+01
  9.940000e-02  8.392000e+01
  9.680000e-02  7.898325e+01
  9.430000e-02  8.556550e+01
  9.190000e-02  7.706425e+01
  8.950000e-02  7.267599e+01
  8.720000e-02  7.185325e+01
  8.490000e-02  6.856250e+01
  8.270000e-02  6.965925e+01
  8.060000e-02  7.432175e+01
  7.850000e-02  6.115775e+01
  7.640000e-02  6.472275e+01
  7.450000e-02  6.225475e+01
  7.250000e-02  6.417425e+01
  7.070000e-02  6.225475e+01
  6.880000e-02  6.335175e+01
  6.700000e-02  6.362600e+01
  6.530000e-02  6.225475e+01
  6.360000e-02  5.896375e+01
  6.200000e-02  5.457575e+01
  6.040000e-02  5.183325e+01
  5.880000e-02  5.128475e+01
  5.730000e-02  4.662250e+01
  5.580000e-02  4.333150e+01
  5.430000e-02  3.674950e+01
  5.290000e-02  3.674950e+01
  5.160000e-02  2.797350e+01
  5.020000e-02  3.510400e+01
  4.890000e-02  3.153875e+01
  4.770000e-02  2.879625e+01
  4.640000e-02  2.907050e+01
  4.520000e-02  2.248850e+01
  4.410000e-02  2.139150e+01
  4.290000e-02  2.139150e+01
  4.180000e-02  2.495675e+01
  4.070000e-02  2.139150e+01
  3.970000e-02  1.316400e+01
  3.860000e-02  1.645500e+01
  3.760000e-02  1.151850e+01
  3.670000e-02  9.873000e+00
  3.570000e-02  1.261550e+01
  3.480000e-02  7.953250e+00
  3.390000e-02  7.404750e+00
  3.300000e-02  9.324500e+00
  3.220000e-02  6.033500e+00
  3.130000e-02  5.485000e+00
  3.050000e-02  4.388000e+00
  2.970000e-02  4.113750e+00
  2.890000e-02  3.839500e+00
  2.820000e-02  2.742500e+00
  2.750000e-02  1.645500e+00
  2.680000e-02  1.645500e+00
  2.610000e-02  1.097000e+00
  2.540000e-02  5.485000e-01
  2.470000e-02  1.645500e+00
  2.410000e-02  1.919750e+00
  2.350000e-02  2.742500e-01
  2.290000e-02  1.371250e+00
  2.230000e-02  0.000000e+00
  2.170000e-02  5.485000e-01
  2.110000e-02  0.000000e+00
  2.060000e-02  5.485000e-01
  2.000000e-02  2.742500e-01
  1.950000e-02  1.097000e+00
  1.900000e-02  0.000000e+00
  1.850000e-02  0.000000e+00
  1.800000e-02  2.742500e-01
  1.760000e-02  0.000000e+00
  1.710000e-02  0.000000e+00
  1.670000e-02  0.000000e+00
  1.630000e-02  5.485000e-01
  1.580000e-02  0.000000e+00
  1.540000e-02  5.485000e-01
  1.500000e-02  0.000000e+00
  1.460000e-02  2.742500e-01
  1.430000e-02  0.000000e+00
  1.390000e-02  0.000000e+00
  1.350000e-02  0.000000e+00
  1.320000e-02  2.742500e-01
  1.280000e-02  2.742500e-01
  1.250000e-02  0.000000e+00
  1.220000e-02  2.742500e-01
  1.190000e-02  2.742500e-01
  1.160000e-02  0.000000e+00
  1.130000e-02  1.371250e+00
  1.100000e-02  7.569250e+01
  1.070000e-02  9.900325e+01
  1.040000e-02  8.693650e+01
  1.010000e-02  6.952210e+02
