  4.934820e+03  9.330000e-01
  4.806990e+03  0.000000e+00
  4.682470e+03  0.000000e+00
  4.561180e+03  0.000000e+00
  4.443030e+03  0.000000e+00
  4.327940e+03  0.000000e+00
  4.215830e+03  0.000000e+00
  4.106630e+03  0.000000e+00
  4.000250e+03  0.000000e+00
  3.896630e+03  0.000000e+00
  3.795700e+03  0.000000e+00
  3.697380e+03  0.000000e+00
  3.601600e+03  0.000000e+00
  3.508310e+03  0.000000e+00
  3.417430e+03  0.000000e+00
  3.328910e+03  9.330000e-01
  3.242680e+03  0.000000e+00
  3.158680e+03  0.000000e+00
  3.076860e+03  0.000000e+00
  2.997160e+03  0.000000e+00
  2.919530e+03  9.330000e-01
  2.843900e+03  0.000000e+00
  2.770230e+03  1.866000e+00
  2.698480e+03  0.000000e+00
  2.628580e+03  0.000000e+00
  2.560490e+03  9.330000e-01
  2.494160e+03  0.000000e+00
  2.429550e+03  0.000000e+00
  2.366620e+03  0.000000e+00
  2.305320e+03  0.000000e+00
  2.245600e+03  9.330000e-01
  2.187430e+03  9.330000e-01
  2.130770e+03  0.000000e+00
  2.075580e+03  1.866000e+00
  2.021810e+03  0.000000e+00
  1.969440e+03  0.000000e+00
  1.918430e+03  3.732000e+00
  1.868730e+03  0.000000e+00
  1.820330e+03  9.330000e-01
  1.773170e+03  9.330000e-01
  1.727240e+03  0.000000e+00
  1.682500e+03  0.000000e+00
  1.638920e+03  0.000000e+00
  1.596470e+03  0.000000e+00
  1.555110e+03  9.330000e-01
  1.514830e+03  9.330000e-01
  1.475590e+03  0.000000e+00
  1.437370e+03  2.799000e+00
  1.400140e+03  0.000000e+00
  1.363870e+03  1.866000e+00
  1.328540e+03  2.799000e+00
  1.294120e+03  7.463900e+00
  1.260600e+03  1.866000e+00
  1.227950e+03  1.866000e+00
  1.196140e+03  3.731900e+00
  1.165160e+03  2.798950e+00
  1.134980e+03  4.664950e+00
  1.105580e+03  4.665000e+00
  1.076940e+03  4.665000e+00
  1.049040e+03  3.731950e+00
  1.021870e+03  2.799000e+00
  9.953980e+02  2.799000e+00
  9.696140e+02  1.866000e+00
  9.444970e+02  5.598000e+00
  9.200320e+02  4.665000e+00
  8.962000e+02  8.396900e+00
  8.729850e+02  6.531000e+00
  8.503720e+02  1.119585e+01
  8.283450e+02  1.026290e+01
  8.068880e+02  7.464000e+00
  7.859870e+02  1.772670e+01
  7.656270e+02  8.396950e+00
  7.457950e+02  1.399475e+01
  7.264760e+02  1.586080e+01
  7.076580e+02  1.865970e+01
  6.893270e+02  1.772670e+01
  6.714710e+02  1.865970e+01
  6.540780e+02  2.332455e+01
  6.371350e+02  3.172160e+01
  6.206310e+02  2.798950e+01
  6.045550e+02  3.638640e+01
  5.888950e+02  2.892255e+01
  5.736410e+02  5.038120e+01
  5.587810e+02  3.825235e+01
  5.443070e+02  4.478325e+01
  5.302080e+02  5.131440e+01
  5.164740e+02  4.664930e+01
  5.030950e+02  5.224715e+01
  4.900630e+02  6.344340e+01
  4.773690e+02  5.318040e+01
  4.650040e+02  8.117030e+01
  4.529580e+02  6.251035e+01
  4.412250e+02  1.016965e+02
  4.297960e+02  8.956725e+01
  4.186630e+02  8.863451e+01
  4.078180e+02  1.240885e+02
  3.972540e+02  1.334185e+02
  3.869640e+02  1.614090e+02
  3.769400e+02  1.744710e+02
  3.671770e+02  1.866000e+02
  3.576650e+02  1.996620e+02
  3.484010e+02  2.183220e+02
  3.393760e+02  2.668365e+02
  3.305850e+02  2.537755e+02
  3.220220e+02  2.845630e+02
  3.136800e+02  3.200150e+02
  3.055550e+02  3.340105e+02
  2.976400e+02  3.862555e+02
  2.899300e+02  3.946520e+02
  2.824200e+02  4.571615e+02
  2.751040e+02  5.131400e+02
  2.679780e+02  6.017750e+02
  2.610370e+02  6.717500e+02
  2.542750e+02  6.614870e+02
  2.476890e+02  7.995710e+02
  2.412730e+02  8.564830e+02
  2.350230e+02  9.721685e+02
  2.289350e+02  9.936190e+02
  2.230050e+02  1.205415e+03
  2.172280e+02  1.254845e+03
  2.116010e+02  1.433995e+03
  2.061200e+02  1.573020e+03
  2.007810e+02  1.723230e+03
  1.955800e+02  1.919140e+03
  1.905140e+02  2.088035e+03
  1.855790e+02  2.283945e+03
  1.807720e+02  2.561045e+03
  1.760890e+02  2.783100e+03
  1.715280e+02  3.126445e+03
  1.670850e+02  3.479120e+03
  1.627570e+02  3.870025e+03
  1.585410e+02  4.104200e+03
  1.544340e+02  4.505385e+03
  1.504340e+02  5.019470e+03
  1.465370e+02  5.394530e+03
  1.427410e+02  5.873150e+03
  1.390440e+02  6.473985e+03
  1.354420e+02  7.009535e+03
  1.319340e+02  7.513345e+03
  1.285160e+02  8.136570e+03
  1.251870e+02  8.672109e+03
  1.219440e+02  9.380250e+03
  1.187850e+02  1.030770e+04
  1.157090e+02  1.117995e+04
  1.127110e+02  1.209245e+04
  1.097920e+02  1.295080e+04
  1.069480e+02  1.400605e+04
  1.041770e+02  1.498740e+04
  1.014790e+02  1.628535e+04
  9.885030e+01  1.742450e+04
  9.628970e+01  1.879960e+04
  9.379550e+01  2.039135e+04
  9.136590e+01  2.178150e+04
  8.899920e+01  2.330975e+04
  8.669380e+01  2.492840e+04
  8.444820e+01  2.670960e+04
  8.226070e+01  2.879110e+04
  8.012980e+01  3.050395e+04
  7.805420e+01  3.339795e+04
  7.603240e+01  3.564095e+04
  7.406290e+01  3.800895e+04
  7.214440e+01  4.066510e+04
  7.027560e+01  4.341940e+04
  6.845520e+01  4.650470e+04
  6.668200e+01  4.986905e+04
  6.495470e+01  5.248790e+04
  6.327220e+01  5.562095e+04
  6.163320e+01  5.864660e+04
  6.003670e+01  6.083165e+04
  5.848160e+01  6.317715e+04
  5.696670e+01  6.569345e+04
  5.549110e+01  6.807909e+04
  5.405370e+01  7.066450e+04
  5.265350e+01  7.456705e+04
  5.128960e+01  7.917505e+04
  4.996100e+01  8.304420e+04
  4.866690e+01  8.821295e+04
  4.740620e+01  9.426330e+04
  4.617830e+01  9.898400e+04
  4.498210e+01  1.028805e+05
  4.381690e+01  1.060455e+05
  4.268190e+01  1.083060e+05
  4.157630e+01  1.091505e+05
  4.049930e+01  1.112765e+05
  3.945030e+01  1.124770e+05
  3.842840e+01  1.131240e+05
  3.743290e+01  1.134625e+05
  3.646330e+01  1.140670e+05
  3.551880e+01  1.144685e+05
  3.459870e+01  1.159360e+05
  3.370250e+01  1.176340e+05
  3.282950e+01  1.192645e+05
  3.197910e+01  1.207210e+05
  3.115070e+01  1.226330e+05
  3.034380e+01  1.244985e+05
  2.955780e+01  1.261500e+05
  2.879220e+01  1.281835e+05
  2.804640e+01  1.307975e+05
  2.731990e+01  1.334610e+05
  2.661220e+01  1.354425e+05
  2.592290e+01  1.386880e+05
  2.525140e+01  1.408435e+05
  2.459730e+01  1.440505e+05
  2.396010e+01  1.474910e+05
  2.333950e+01  1.497260e+05
  2.273490e+01  1.538155e+05
  2.214600e+01  1.565590e+05
  2.157230e+01  1.610650e+05
  2.101350e+01  1.643170e+05
  2.046920e+01  1.678300e+05
  1.993900e+01  1.715870e+05
  1.942250e+01  1.749540e+05
  1.891940e+01  1.765215e+05
  1.842930e+01  1.767460e+05
  1.795200e+01  1.751330e+05
  1.748690e+01  1.721325e+05
  1.703400e+01  1.690135e+05
  1.659270e+01  1.643940e+05
  1.616290e+01  1.601450e+05
  1.574430e+01  1.548605e+05
  1.533640e+01  1.509750e+05
  1.493920e+01  1.471505e+05
  1.455220e+01  1.458850e+05
  1.417520e+01  1.460150e+05
  1.380800e+01  1.494310e+05
  1.345040e+01  1.544525e+05
  1.310200e+01  1.618540e+05
  1.276260e+01  1.699955e+05
  1.243200e+01  1.781650e+05
  1.211000e+01  1.858540e+05
  1.179630e+01  1.941770e+05
  1.149070e+01  2.044530e+05
  1.119310e+01  2.124715e+05
  1.090310e+01  2.208920e+05
  1.062070e+01  2.301025e+05
  1.034560e+01  2.403335e+05
  1.007760e+01  2.492085e+05
  9.816600e+00  2.563055e+05
  9.562300e+00  2.609000e+05
  9.314600e+00  2.576630e+05
  9.073300e+00  2.475180e+05
  8.838300e+00  2.338450e+05
  8.609300e+00  2.178985e+05
  8.386300e+00  2.022890e+05
  8.169100e+00  1.894885e+05
  7.957500e+00  1.773780e+05
  7.751400e+00  1.674460e+05
  7.550600e+00  1.619585e+05
  7.355000e+00  1.612285e+05
  7.164500e+00  1.607240e+05
  6.978900e+00  1.634790e+05
  6.798100e+00  1.642610e+05
  6.622000e+00  1.678035e+05
  6.450500e+00  1.706335e+05
  6.283400e+00  1.736415e+05
  6.120600e+00  1.764560e+05
  5.962100e+00  1.789880e+05
  5.807600e+00  1.818190e+05
  5.657200e+00  1.841700e+05
  5.510700e+00  1.884140e+05
  5.367900e+00  1.930610e+05
  5.228900e+00  1.943245e+05
  5.093400e+00  1.976595e+05
  4.961500e+00  2.016865e+05
  4.833000e+00  2.073880e+05
  4.707800e+00  2.149795e+05
  4.585800e+00  2.130675e+05
  4.467100e+00  2.164705e+05
  4.351300e+00  2.197200e+05
  4.238600e+00  2.230075e+05
  4.128800e+00  2.251925e+05
  4.021900e+00  2.620035e+05
  3.917700e+00  2.455900e+05
  3.816200e+00  2.278280e+05
  3.717400e+00  2.269980e+05
  3.621100e+00  2.291530e+05
  3.527300e+00  2.302820e+05
  3.435900e+00  2.298605e+05
  3.346900e+00  2.311370e+05
  3.260200e+00  2.312810e+05
  3.175800e+00  2.304835e+05
  3.093500e+00  2.276405e+05
  3.013400e+00  2.255585e+05
  2.935300e+00  2.253875e+05
  2.859300e+00  2.265185e+05
  2.785200e+00  2.274275e+05
  2.713100e+00  2.275155e+05
  2.642800e+00  2.246085e+05
  2.574300e+00  2.253240e+05
  2.507600e+00  2.206150e+05
  2.442700e+00  2.192385e+05
  2.379400e+00  2.179030e+05
  2.317800e+00  2.122905e+05
  2.257700e+00  2.079725e+05
  2.199300e+00  2.145615e+05
  2.142300e+00  1.999775e+05
  2.086800e+00  1.939590e+05
  2.032700e+00  1.949845e+05
  1.980100e+00  2.248045e+05
  1.928800e+00  1.906380e+05
  1.878800e+00  1.741935e+05
  1.830200e+00  2.113980e+05
  1.782800e+00  3.720500e+05
  1.736600e+00  2.234715e+05
  1.691600e+00  1.704845e+05
  1.647800e+00  1.450805e+05
  1.605100e+00  1.363525e+05
  1.563500e+00  1.288710e+05
  1.523000e+00  1.243370e+05
  1.483600e+00  1.204380e+05
  1.445100e+00  1.129115e+05
  1.407700e+00  1.080465e+05
  1.371200e+00  1.012980e+05
  1.335700e+00  9.767620e+04
  1.301100e+00  8.878950e+04
  1.267400e+00  7.782510e+04
  1.234600e+00  8.211591e+04
  1.202600e+00  8.485430e+04
  1.171500e+00  8.125484e+04
  1.141100e+00  9.668720e+04
  1.111600e+00  6.647170e+04
  1.082800e+00  6.112275e+04
  1.054700e+00  8.025841e+04
  1.027400e+00  6.240740e+04
  1.000800e+00  5.115285e+04
  9.749000e-01  6.563845e+04
  9.496000e-01  5.546510e+04
  9.250000e-01  5.459850e+04
  9.010000e-01  5.230595e+04
  8.777000e-01  5.797580e+04
  8.550000e-01  6.723475e+04
  8.328000e-01  5.787600e+04
  8.113000e-01  6.687270e+04
  7.902000e-01  6.348225e+04
  7.698000e-01  5.827245e+04
  7.498000e-01  7.076609e+04
  7.304000e-01  6.529685e+04
  7.115000e-01  6.391710e+04
  6.931000e-01  1.844630e+05
  6.751000e-01  1.500755e+06
  6.576000e-01  9.899085e+05
  6.406000e-01  3.844320e+06
  6.240000e-01  1.316695e+06
  6.078000e-01  1.241070e+05
  5.921000e-01  9.395275e+04
  5.767000e-01  9.737870e+04
  5.618000e-01  1.008140e+05
  5.472000e-01  1.018495e+05
  5.331000e-01  1.224715e+05
  5.193000e-01  1.180025e+05
  5.058000e-01  1.532985e+05
  4.927000e-01  2.979040e+05
  4.799000e-01  3.156265e+05
  4.675000e-01  1.791095e+05
  4.554000e-01  1.392400e+05
  4.436000e-01  3.326465e+05
  4.321000e-01  3.489590e+05
  4.209000e-01  2.930795e+05
  4.100000e-01  1.866235e+05
  3.994000e-01  3.364315e+05
  3.891000e-01  6.740830e+05
  3.790000e-01  6.492200e+05
  3.692000e-01  1.647190e+05
  3.596000e-01  1.126510e+05
  3.503000e-01  1.189565e+05
  3.412000e-01  1.196610e+05
  3.324000e-01  1.302350e+05
  3.238000e-01  1.301570e+05
  3.154000e-01  1.350680e+05
  3.072000e-01  1.596160e+05
  2.992000e-01  2.354250e+05
  2.915000e-01  3.283155e+05
  2.839000e-01  3.703670e+05
  2.766000e-01  2.253600e+05
  2.694000e-01  5.392245e+05
  2.624000e-01  1.204190e+06
  2.556000e-01  1.321675e+06
  2.490000e-01  6.583635e+05
  2.426000e-01  3.709995e+05
  2.363000e-01  6.573160e+05
  2.302000e-01  3.914985e+05
  2.242000e-01  2.628255e+05
  2.184000e-01  2.534210e+05
  2.127000e-01  2.643670e+05
  2.072000e-01  2.707610e+05
  2.019000e-01  2.855980e+05
  1.966000e-01  3.195035e+05
  1.915000e-01  7.141160e+05
  1.866000e-01  7.995065e+05
  1.817000e-01  4.940435e+05
  1.770000e-01  2.437265e+05
  1.725000e-01  2.948560e+05
  1.680000e-01  3.830515e+05
  1.636000e-01  4.044760e+05
  1.594000e-01  4.169580e+05
  1.553000e-01  4.382715e+05
  1.512000e-01  4.636430e+05
  1.473000e-01  4.755205e+05
  1.435000e-01  6.244760e+05
  1.398000e-01  5.355895e+05
  1.362000e-01  5.479130e+05
  1.326000e-01  5.961435e+05
  1.292000e-01  5.612155e+05
  1.259000e-01  6.198030e+05
  1.226000e-01  9.610345e+05
  1.194000e-01  1.167120e+06
  1.163000e-01  7.228045e+05
  1.133000e-01  6.821705e+05
  1.104000e-01  6.526505e+05
  1.075000e-01  6.430940e+05
  1.047000e-01  6.234440e+05
  1.020000e-01  6.897995e+05
  9.940000e-02  6.767300e+05
  9.680000e-02  5.119025e+05
  9.430000e-02  5.053610e+05
  9.190000e-02  5.077790e+05
  8.950000e-02  7.449095e+05
  8.720000e-02  7.227510e+05
  8.490000e-02  7.197310e+05
  8.270000e-02  7.351770e+05
  8.060000e-02  7.555260e+05
  7.850000e-02  7.703840e+05
  7.640000e-02  7.860825e+05
  7.450000e-02  7.989470e+05
  7.250000e-02  8.088690e+05
  7.070000e-02  8.137575e+05
  6.880000e-02  8.154540e+05
  6.700000e-02  8.136995e+05
  6.530000e-02  8.076550e+05
  6.360000e-02  8.035720e+05
  6.200000e-02  7.927160e+05
  6.040000e-02  7.816080e+05
  5.880000e-02  7.659360e+05
  5.730000e-02  7.500860e+05
  5.580000e-02  7.315455e+05
  5.430000e-02  7.100820e+05
  5.290000e-02  6.867520e+05
  5.160000e-02  6.613600e+05
  5.020000e-02  6.315675e+05
  4.890000e-02  6.014005e+05
  4.770000e-02  5.714465e+05
  4.640000e-02  5.392320e+05
  4.520000e-02  5.066070e+05
  4.410000e-02  4.728340e+05
  4.290000e-02  4.410290e+05
  4.180000e-02  4.079440e+05
  4.070000e-02  3.763165e+05
  3.970000e-02  3.460990e+05
  3.860000e-02  3.155940e+05
  3.760000e-02  2.873900e+05
  3.670000e-02  2.609985e+05
  3.570000e-02  2.346995e+05
  3.480000e-02  2.092285e+05
  3.390000e-02  1.859050e+05
  3.300000e-02  1.645655e+05
  3.220000e-02  1.443870e+05
  3.130000e-02  1.260225e+05
  3.050000e-02  1.105265e+05
  2.970000e-02  9.509191e+04
  2.890000e-02  8.190405e+04
  2.820000e-02  7.047315e+04
  2.750000e-02  5.943040e+04
  2.680000e-02  4.997270e+04
  2.610000e-02  4.192565e+04
  2.540000e-02  3.506615e+04
  2.470000e-02  2.934335e+04
  2.410000e-02  2.420260e+04
  2.350000e-02  1.983345e+04
  2.290000e-02  1.649520e+04
  2.230000e-02  1.396875e+04
  2.170000e-02  1.124060e+04
  2.110000e-02  9.169381e+03
  2.060000e-02  7.590800e+03
  2.000000e-02  6.437600e+03
  1.950000e-02  5.433715e+03
  1.900000e-02  4.530580e+03
  1.850000e-02  4.051015e+03
  1.800000e-02  3.458590e+03
  1.760000e-02  3.146965e+03
  1.710000e-02  2.845610e+03
  1.670000e-02  2.714985e+03
  1.630000e-02  2.498525e+03
  1.580000e-02  2.239165e+03
  1.540000e-02  2.280225e+03
  1.500000e-02  2.035785e+03
  1.460000e-02  2.023660e+03
  1.430000e-02  1.832395e+03
  1.390000e-02  1.827735e+03
  1.350000e-02  1.713905e+03
  1.320000e-02  1.621530e+03
  1.280000e-02  1.576740e+03
  1.250000e-02  1.507710e+03
  1.220000e-02  1.443325e+03
  1.190000e-02  1.285655e+03
  1.160000e-02  1.225010e+03
  1.130000e-02  1.132645e+03
  1.100000e-02  1.108385e+03
  1.070000e-02  1.005759e+03
  1.040000e-02  8.938055e+02
  1.010000e-02  7.899600e+03
