  4.934820e+03  0.000000e+00
  4.806990e+03  0.000000e+00
  4.682470e+03  0.000000e+00
  4.561180e+03  0.000000e+00
  4.443030e+03  0.000000e+00
  4.327940e+03  0.000000e+00
  4.215830e+03  0.000000e+00
  4.106630e+03  0.000000e+00
  4.000250e+03  0.000000e+00
  3.896630e+03  0.000000e+00
  3.795700e+03  0.000000e+00
  3.697380e+03  0.000000e+00
  3.601600e+03  0.000000e+00
  3.508310e+03  0.000000e+00
  3.417430e+03  0.000000e+00
  3.328910e+03  0.000000e+00
  3.242680e+03  0.000000e+00
  3.158680e+03  0.000000e+00
  3.076860e+03  0.000000e+00
  2.997160e+03  0.000000e+00
  2.919530e+03  0.000000e+00
  2.843900e+03  0.000000e+00
  2.770230e+03  0.000000e+00
  2.698480e+03  0.000000e+00
  2.628580e+03  1.189750e+00
  2.560490e+03  0.000000e+00
  2.494160e+03  0.000000e+00
  2.429550e+03  0.000000e+00
  2.366620e+03  0.000000e+00
  2.305320e+03  0.000000e+00
  2.245600e+03  0.000000e+00
  2.187430e+03  1.189750e+00
  2.130770e+03  0.000000e+00
  2.075580e+03  0.000000e+00
  2.021810e+03  0.000000e+00
  1.969440e+03  0.000000e+00
  1.918430e+03  0.000000e+00
  1.868730e+03  0.000000e+00
  1.820330e+03  0.000000e+00
  1.773170e+03  0.000000e+00
  1.727240e+03  1.189750e+00
  1.682500e+03  3.569250e+00
  1.638920e+03  0.000000e+00
  1.596470e+03  2.379500e+00
  1.555110e+03  3.569250e+00
  1.514830e+03  1.189750e+00
  1.475590e+03  0.000000e+00
  1.437370e+03  0.000000e+00
  1.400140e+03  2.379500e+00
  1.363870e+03  3.569250e+00
  1.328540e+03  2.379500e+00
  1.294120e+03  1.189750e+00
  1.260600e+03  0.000000e+00
  1.227950e+03  4.759000e+00
  1.196140e+03  2.379500e+00
  1.165160e+03  5.948750e+00
  1.134980e+03  5.948750e+00
  1.105580e+03  1.189750e+00
  1.076940e+03  3.569250e+00
  1.049040e+03  1.189750e+00
  1.021870e+03  7.138500e+00
  9.953980e+02  4.759000e+00
  9.696140e+02  4.759000e+00
  9.444970e+02  4.759000e+00
  9.200320e+02  7.138500e+00
  8.962000e+02  5.948750e+00
  8.729850e+02  1.189750e+01
  8.503720e+02  7.138500e+00
  8.283450e+02  5.948750e+00
  8.068880e+02  3.569250e+00
  7.859870e+02  2.141550e+01
  7.656270e+02  1.070775e+01
  7.457950e+02  1.903600e+01
  7.264760e+02  2.022575e+01
  7.076580e+02  2.141550e+01
  6.893270e+02  2.498475e+01
  6.714710e+02  2.974375e+01
  6.540780e+02  2.260525e+01
  6.371350e+02  3.212325e+01
  6.206310e+02  4.283100e+01
  6.045550e+02  4.878000e+01
  5.888950e+02  4.402075e+01
  5.736410e+02  4.640050e+01
  5.587810e+02  6.662650e+01
  5.443070e+02  6.781625e+01
  5.302080e+02  6.662675e+01
  5.164740e+02  7.852425e+01
  5.030950e+02  6.186700e+01
  4.900630e+02  8.923275e+01
  4.773690e+02  1.011300e+02
  4.650040e+02  1.237355e+02
  4.529580e+02  1.415820e+02
  4.412250e+02  1.582385e+02
  4.297960e+02  1.546695e+02
  4.186630e+02  1.891725e+02
  4.078180e+02  2.308130e+02
  3.972540e+02  2.105885e+02
  3.869640e+02  2.510400e+02
  3.769400e+02  2.938705e+02
  3.671770e+02  3.426505e+02
  3.576650e+02  3.926200e+02
  3.484010e+02  4.497285e+02
  3.393760e+02  4.390200e+02
  3.305850e+02  5.246825e+02
  3.220220e+02  6.626915e+02
  3.136800e+02  6.698320e+02
  3.055550e+02  7.733400e+02
  2.976400e+02  8.245010e+02
  2.899300e+02  9.458515e+02
  2.824200e+02  9.934495e+02
  2.751040e+02  1.186190e+03
  2.679780e+02  1.323005e+03
  2.610370e+02  1.509790e+03
  2.542750e+02  1.614500e+03
  2.476890e+02  1.923825e+03
  2.412730e+02  2.115390e+03
  2.350230e+02  2.406875e+03
  2.289350e+02  2.749525e+03
  2.230050e+02  2.950580e+03
  2.172280e+02  3.269440e+03
  2.116010e+02  3.820295e+03
  2.061200e+02  4.140335e+03
  2.007810e+02  4.631715e+03
  1.955800e+02  5.321765e+03
  1.905140e+02  6.104620e+03
  1.855790e+02  6.811350e+03
  1.807720e+02  7.610860e+03
  1.760890e+02  8.415125e+03
  1.715280e+02  9.473990e+03
  1.670850e+02  1.059120e+04
  1.627570e+02  1.167145e+04
  1.585410e+02  1.302660e+04
  1.544340e+02  1.437100e+04
  1.504340e+02  1.592375e+04
  1.465370e+02  1.757385e+04
  1.427410e+02  1.963445e+04
  1.390440e+02  2.174045e+04
  1.354420e+02  2.384975e+04
  1.319340e+02  2.647680e+04
  1.285160e+02  2.909780e+04
  1.251870e+02  3.196155e+04
  1.219440e+02  3.505965e+04
  1.187850e+02  3.767235e+04
  1.157090e+02  4.143805e+04
  1.127110e+02  4.567465e+04
  1.097920e+02  5.037890e+04
  1.069480e+02  5.414805e+04
  1.041770e+02  6.015395e+04
  1.014790e+02  6.562680e+04
  9.885030e+01  7.143284e+04
  9.628970e+01  7.798595e+04
  9.379550e+01  8.408116e+04
  9.136590e+01  9.247125e+04
  8.899920e+01  1.000670e+05
  8.669380e+01  1.088755e+05
  8.444820e+01  1.181355e+05
  8.226070e+01  1.273620e+05
  8.012980e+01  1.385030e+05
  7.805420e+01  1.501515e+05
  7.603240e+01  1.616055e+05
  7.406290e+01  1.738765e+05
  7.214440e+01  1.869315e+05
  7.027560e+01  1.993005e+05
  6.845520e+01  2.144025e+05
  6.668200e+01  2.293875e+05
  6.495470e+01  2.423455e+05
  6.327220e+01  2.566435e+05
  6.163320e+01  2.689840e+05
  6.003670e+01  2.811980e+05
  5.848160e+01  2.928675e+05
  5.696670e+01  3.038680e+05
  5.549110e+01  3.171525e+05
  5.405370e+01  3.293170e+05
  5.265350e+01  3.433795e+05
  5.128960e+01  3.568485e+05
  4.996100e+01  3.714580e+05
  4.866690e+01  3.835270e+05
  4.740620e+01  3.979770e+05
  4.617830e+01  4.106955e+05
  4.498210e+01  4.177060e+05
  4.381690e+01  4.283035e+05
  4.268190e+01  4.351840e+05
  4.157630e+01  4.410325e+05
  4.049930e+01  4.456830e+05
  3.945030e+01  4.508105e+05
  3.842840e+01  4.537040e+05
  3.743290e+01  4.568245e+05
  3.646330e+01  4.607910e+05
  3.551880e+01  4.641530e+05
  3.459870e+01  4.692420e+05
  3.370250e+01  4.724375e+05
  3.282950e+01  4.755060e+05
  3.197910e+01  4.808490e+05
  3.115070e+01  4.831260e+05
  3.034380e+01  4.888780e+05
  2.955780e+01  4.911160e+05
  2.879220e+01  4.964430e+05
  2.804640e+01  5.015735e+05
  2.731990e+01  5.062500e+05
  2.661220e+01  5.106780e+05
  2.592290e+01  5.173690e+05
  2.525140e+01  5.222390e+05
  2.459730e+01  5.274205e+05
  2.396010e+01  5.326620e+05
  2.333950e+01  5.384355e+05
  2.273490e+01  5.464425e+05
  2.214600e+01  5.530245e+05
  2.157230e+01  5.620915e+05
  2.101350e+01  5.701905e+05
  2.046920e+01  5.785015e+05
  1.993900e+01  5.852965e+05
  1.942250e+01  5.934195e+05
  1.891940e+01  6.017985e+05
  1.842930e+01  6.076960e+05
  1.795200e+01  6.112580e+05
  1.748690e+01  6.140900e+05
  1.703400e+01  6.154760e+05
  1.659270e+01  6.174510e+05
  1.616290e+01  6.180435e+05
  1.574430e+01  6.160180e+05
  1.533640e+01  6.153360e+05
  1.493920e+01  6.199600e+05
  1.455220e+01  6.244195e+05
  1.417520e+01  6.321310e+05
  1.380800e+01  6.434610e+05
  1.345040e+01  6.575980e+05
  1.310200e+01  6.749810e+05
  1.276260e+01  6.975770e+05
  1.243200e+01  7.223870e+05
  1.211000e+01  7.476040e+05
  1.179630e+01  7.718955e+05
  1.149070e+01  7.951355e+05
  1.119310e+01  8.223765e+05
  1.090310e+01  8.470270e+05
  1.062070e+01  8.716040e+05
  1.034560e+01  8.975825e+05
  1.007760e+01  9.211520e+05
  9.816600e+00  9.453700e+05
  9.562300e+00  9.563380e+05
  9.314600e+00  9.530485e+05
  9.073300e+00  9.400335e+05
  8.838300e+00  9.086420e+05
  8.609300e+00  8.729345e+05
  8.386300e+00  8.345610e+05
  8.169100e+00  7.993960e+05
  7.957500e+00  7.686470e+05
  7.751400e+00  7.377575e+05
  7.550600e+00  7.259805e+05
  7.355000e+00  7.155195e+05
  7.164500e+00  7.139235e+05
  6.978900e+00  7.153425e+05
  6.798100e+00  7.183755e+05
  6.622000e+00  7.233190e+05
  6.450500e+00  7.299675e+05
  6.283400e+00  7.353965e+05
  6.120600e+00  7.417970e+05
  5.962100e+00  7.429810e+05
  5.807600e+00  7.463730e+05
  5.657200e+00  7.481700e+05
  5.510700e+00  7.519395e+05
  5.367900e+00  7.605225e+05
  5.228900e+00  7.631200e+05
  5.093400e+00  7.660370e+05
  4.961500e+00  7.676110e+05
  4.833000e+00  7.877090e+05
  4.707800e+00  8.201560e+05
  4.585800e+00  7.969605e+05
  4.467100e+00  7.954070e+05
  4.351300e+00  8.025120e+05
  4.238600e+00  8.101405e+05
  4.128800e+00  8.132995e+05
  4.021900e+00  9.393980e+05
  3.917700e+00  8.372540e+05
  3.816200e+00  7.773030e+05
  3.717400e+00  7.734780e+05
  3.621100e+00  7.690590e+05
  3.527300e+00  7.668415e+05
  3.435900e+00  7.640450e+05
  3.346900e+00  7.614325e+05
  3.260200e+00  7.591575e+05
  3.175800e+00  7.591615e+05
  3.093500e+00  7.526250e+05
  3.013400e+00  7.464760e+05
  2.935300e+00  7.404730e+05
  2.859300e+00  7.335100e+05
  2.785200e+00  7.302985e+05
  2.713100e+00  7.222425e+05
  2.642800e+00  7.129535e+05
  2.574300e+00  7.159260e+05
  2.507600e+00  6.984025e+05
  2.442700e+00  7.012330e+05
  2.379400e+00  6.951485e+05
  2.317800e+00  6.766970e+05
  2.257700e+00  6.580580e+05
  2.199300e+00  6.625595e+05
  2.142300e+00  6.290645e+05
  2.086800e+00  6.119820e+05
  2.032700e+00  6.151725e+05
  1.980100e+00  6.600920e+05
  1.928800e+00  5.747935e+05
  1.878800e+00  5.385125e+05
  1.830200e+00  6.356940e+05
  1.782800e+00  1.071240e+06
  1.736600e+00  7.018855e+05
  1.691600e+00  5.505140e+05
  1.647800e+00  4.755985e+05
  1.605100e+00  4.552155e+05
  1.563500e+00  4.365205e+05
  1.523000e+00  4.185505e+05
  1.483600e+00  4.047220e+05
  1.445100e+00  3.843030e+05
  1.407700e+00  3.652370e+05
  1.371200e+00  3.372040e+05
  1.335700e+00  3.355965e+05
  1.301100e+00  2.922710e+05
  1.267400e+00  2.520275e+05
  1.234600e+00  2.821135e+05
  1.202600e+00  2.892860e+05
  1.171500e+00  2.744585e+05
  1.141100e+00  3.074785e+05
  1.111600e+00  2.150815e+05
  1.082800e+00  1.910485e+05
  1.054700e+00  2.724885e+05
  1.027400e+00  2.038565e+05
  1.000800e+00  1.564615e+05
  9.749000e-01  2.151490e+05
  9.496000e-01  1.577900e+05
  9.250000e-01  1.509925e+05
  9.010000e-01  1.624510e+05
  8.777000e-01  1.715965e+05
  8.550000e-01  1.767665e+05
  8.328000e-01  1.752085e+05
  8.113000e-01  1.905260e+05
  7.902000e-01  1.956460e+05
  7.698000e-01  1.970765e+05
  7.498000e-01  2.138505e+05
  7.304000e-01  2.146580e+05
  7.115000e-01  2.273860e+05
  6.931000e-01  5.339435e+05
  6.751000e-01  4.317395e+06
  6.576000e-01  3.303845e+06
  6.406000e-01  1.003190e+07
  6.240000e-01  3.329000e+06
  6.078000e-01  4.027380e+05
  5.921000e-01  2.997260e+05
  5.767000e-01  3.077545e+05
  5.618000e-01  3.201110e+05
  5.472000e-01  3.175775e+05
  5.331000e-01  3.729585e+05
  5.193000e-01  3.444890e+05
  5.058000e-01  4.183365e+05
  4.927000e-01  9.512280e+05
  4.799000e-01  1.096280e+06
  4.675000e-01  5.560460e+05
  4.554000e-01  4.020905e+05
  4.436000e-01  9.596670e+05
  4.321000e-01  8.731810e+05
  4.209000e-01  8.299010e+05
  4.100000e-01  5.363160e+05
  3.994000e-01  1.062855e+06
  3.891000e-01  1.983045e+06
  3.790000e-01  1.564200e+06
  3.692000e-01  3.532280e+05
  3.596000e-01  2.627670e+05
  3.503000e-01  2.705480e+05
  3.412000e-01  2.568115e+05
  3.324000e-01  2.907595e+05
  3.238000e-01  2.650435e+05
  3.154000e-01  2.535470e+05
  3.072000e-01  3.601765e+05
  2.992000e-01  5.053190e+05
  2.915000e-01  6.602495e+05
  2.839000e-01  7.398945e+05
  2.766000e-01  3.105420e+05
  2.694000e-01  9.378160e+05
  2.624000e-01  2.308620e+06
  2.556000e-01  2.633745e+06
  2.490000e-01  8.919310e+05
  2.426000e-01  4.958770e+05
  2.363000e-01  8.006580e+05
  2.302000e-01  6.144610e+05
  2.242000e-01  3.953665e+05
  2.184000e-01  3.701940e+05
  2.127000e-01  3.904135e+05
  2.072000e-01  3.530000e+05
  2.019000e-01  3.753115e+05
  1.966000e-01  4.596865e+05
  1.915000e-01  7.297320e+05
  1.866000e-01  7.588955e+05
  1.817000e-01  3.766625e+05
  1.770000e-01  2.379785e+05
  1.725000e-01  3.279465e+05
  1.680000e-01  5.141860e+05
  1.636000e-01  5.605800e+05
  1.594000e-01  5.799860e+05
  1.553000e-01  6.311345e+05
  1.512000e-01  6.775655e+05
  1.473000e-01  6.861220e+05
  1.435000e-01  1.006415e+06
  1.398000e-01  7.712195e+05
  1.362000e-01  7.822165e+05
  1.326000e-01  8.938095e+05
  1.292000e-01  7.943045e+05
  1.259000e-01  9.381950e+05
  1.226000e-01  1.788365e+06
  1.194000e-01  1.629275e+06
  1.163000e-01  9.354190e+05
  1.133000e-01  9.380275e+05
  1.104000e-01  9.537400e+05
  1.075000e-01  9.402940e+05
  1.047000e-01  9.394410e+05
  1.020000e-01  9.397435e+05
  9.940000e-02  1.004450e+06
  9.680000e-02  1.005335e+06
  9.430000e-02  1.029565e+06
  9.190000e-02  1.008770e+06
  8.950000e-02  9.993055e+05
  8.720000e-02  9.855445e+05
  8.490000e-02  9.892570e+05
  8.270000e-02  9.923770e+05
  8.060000e-02  9.962680e+05
  7.850000e-02  1.006180e+06
  7.640000e-02  1.022305e+06
  7.450000e-02  1.033640e+06
  7.250000e-02  1.053255e+06
  7.070000e-02  1.064120e+06
  6.880000e-02  1.068415e+06
  6.700000e-02  1.064130e+06
  6.530000e-02  1.063740e+06
  6.360000e-02  1.061865e+06
  6.200000e-02  1.055785e+06
  6.040000e-02  1.044120e+06
  5.880000e-02  1.026955e+06
  5.730000e-02  1.007770e+06
  5.580000e-02  9.850235e+05
  5.430000e-02  9.573380e+05
  5.290000e-02  9.300045e+05
  5.160000e-02  8.985430e+05
  5.020000e-02  8.622630e+05
  4.890000e-02  8.200455e+05
  4.770000e-02  7.782820e+05
  4.640000e-02  7.332985e+05
  4.520000e-02  6.908800e+05
  4.410000e-02  6.480050e+05
  4.290000e-02  6.018380e+05
  4.180000e-02  5.595720e+05
  4.070000e-02  5.179900e+05
  3.970000e-02  4.760050e+05
  3.860000e-02  4.345370e+05
  3.760000e-02  3.968505e+05
  3.670000e-02  3.606395e+05
  3.570000e-02  3.285575e+05
  3.480000e-02  2.935025e+05
  3.390000e-02  2.609285e+05
  3.300000e-02  2.324665e+05
  3.220000e-02  2.043560e+05
  3.130000e-02  1.795720e+05
  3.050000e-02  1.562720e+05
  2.970000e-02  1.353055e+05
  2.890000e-02  1.180805e+05
  2.820000e-02  1.032375e+05
  2.750000e-02  8.769440e+04
  2.680000e-02  7.445955e+04
  2.610000e-02  6.285580e+04
  2.540000e-02  5.246930e+04
  2.470000e-02  4.388880e+04
  2.410000e-02  3.661590e+04
  2.350000e-02  3.016145e+04
  2.290000e-02  2.538460e+04
  2.230000e-02  2.088735e+04
  2.170000e-02  1.730970e+04
  2.110000e-02  1.413675e+04
  2.060000e-02  1.209985e+04
  2.000000e-02  1.017235e+04
  1.950000e-02  8.522210e+03
  1.900000e-02  7.433580e+03
  1.850000e-02  6.463940e+03
  1.800000e-02  5.703685e+03
  1.760000e-02  5.073105e+03
  1.710000e-02  4.703100e+03
  1.670000e-02  4.228395e+03
  1.630000e-02  4.065385e+03
  1.580000e-02  3.707270e+03
  1.540000e-02  3.534750e+03
  1.500000e-02  3.319425e+03
  1.460000e-02  3.221855e+03
  1.430000e-02  3.079070e+03
  1.390000e-02  2.878015e+03
  1.350000e-02  2.742380e+03
  1.320000e-02  2.684085e+03
  1.280000e-02  2.598415e+03
  1.250000e-02  2.405680e+03
  1.220000e-02  2.284330e+03
  1.190000e-02  2.187960e+03
  1.160000e-02  2.029715e+03
  1.130000e-02  1.861960e+03
  1.100000e-02  1.756065e+03
  1.070000e-02  1.541915e+03
  1.040000e-02  1.527640e+03
  1.010000e-02  1.194990e+04
