  4.934820e+03  0.000000e+00
  4.806990e+03  0.000000e+00
  4.682470e+03  0.000000e+00
  4.561180e+03  0.000000e+00
  4.443030e+03  0.000000e+00
  4.327940e+03  0.000000e+00
  4.215830e+03  0.000000e+00
  4.106630e+03  0.000000e+00
  4.000250e+03  0.000000e+00
  3.896630e+03  0.000000e+00
  3.795700e+03  0.000000e+00
  3.697380e+03  0.000000e+00
  3.601600e+03  0.000000e+00
  3.508310e+03  0.000000e+00
  3.417430e+03  0.000000e+00
  3.328910e+03  0.000000e+00
  3.242680e+03  0.000000e+00
  3.158680e+03  0.000000e+00
  3.076860e+03  0.000000e+00
  2.997160e+03  0.000000e+00
  2.919530e+03  0.000000e+00
  2.843900e+03  0.000000e+00
  2.770230e+03  2.360000e+00
  2.698480e+03  0.000000e+00
  2.628580e+03  0.000000e+00
  2.560490e+03  0.000000e+00
  2.494160e+03  0.000000e+00
  2.429550e+03  0.000000e+00
  2.366620e+03  0.000000e+00
  2.305320e+03  0.000000e+00
  2.245600e+03  0.000000e+00
  2.187430e+03  0.000000e+00
  2.130770e+03  0.000000e+00
  2.075580e+03  0.000000e+00
  2.021810e+03  0.000000e+00
  1.969440e+03  0.000000e+00
  1.918430e+03  0.000000e+00
  1.868730e+03  0.000000e+00
  1.820330e+03  0.000000e+00
  1.773170e+03  2.360000e+00
  1.727240e+03  0.000000e+00
  1.682500e+03  0.000000e+00
  1.638920e+03  0.000000e+00
  1.596470e+03  0.000000e+00
  1.555110e+03  4.720000e+00
  1.514830e+03  0.000000e+00
  1.475590e+03  2.360000e+00
  1.437370e+03  0.000000e+00
  1.400140e+03  0.000000e+00
  1.363870e+03  0.000000e+00
  1.328540e+03  0.000000e+00
  1.294120e+03  2.360000e+00
  1.260600e+03  2.360000e+00
  1.227950e+03  4.720000e+00
  1.196140e+03  0.000000e+00
  1.165160e+03  2.360000e+00
  1.134980e+03  2.360000e+00
  1.105580e+03  4.720000e+00
  1.076940e+03  2.360000e+00
  1.049040e+03  2.360000e+00
  1.021870e+03  4.720000e+00
  9.953980e+02  4.720000e+00
  9.696140e+02  2.360000e+00
  9.444970e+02  0.000000e+00
  9.200320e+02  0.000000e+00
  8.962000e+02  2.360000e+00
  8.729850e+02  4.720000e+00
  8.503720e+02  2.360000e+00
  8.283450e+02  2.360000e+00
  8.068880e+02  9.440000e+00
  7.859870e+02  7.080000e+00
  7.656270e+02  4.720000e+00
  7.457950e+02  4.720000e+00
  7.264760e+02  9.440000e+00
  7.076580e+02  2.360000e+00
  6.893270e+02  7.080000e+00
  6.714710e+02  4.720000e+00
  6.540780e+02  4.720000e+00
  6.371350e+02  7.080000e+00
  6.206310e+02  1.416000e+01
  6.045550e+02  1.416000e+01
  5.888950e+02  1.416000e+01
  5.736410e+02  1.888000e+01
  5.587810e+02  7.080000e+00
  5.443070e+02  2.360000e+01
  5.302080e+02  2.832000e+01
  5.164740e+02  3.540000e+01
  5.030950e+02  2.596000e+01
  4.900630e+02  3.068000e+01
  4.773690e+02  3.068000e+01
  4.650040e+02  4.248000e+01
  4.529580e+02  3.540000e+01
  4.412250e+02  5.900000e+01
  4.297960e+02  4.720000e+01
  4.186630e+02  5.664000e+01
  4.078180e+02  7.552000e+01
  3.972540e+02  1.085600e+02
  3.869640e+02  8.968000e+01
  3.769400e+02  1.062000e+02
  3.671770e+02  1.156400e+02
  3.576650e+02  1.038400e+02
  3.484010e+02  1.486800e+02
  3.393760e+02  1.534000e+02
  3.305850e+02  1.793600e+02
  3.220220e+02  1.746400e+02
  3.136800e+02  2.124000e+02
  3.055550e+02  2.076800e+02
  2.976400e+02  2.855600e+02
  2.899300e+02  2.879200e+02
  2.824200e+02  3.563600e+02
  2.751040e+02  3.398400e+02
  2.679780e+02  3.563600e+02
  2.610370e+02  4.767200e+02
  2.542750e+02  5.074000e+02
  2.476890e+02  5.286400e+02
  2.412730e+02  5.616800e+02
  2.350230e+02  6.867600e+02
  2.289350e+02  8.496000e+02
  2.230050e+02  8.684800e+02
  2.172280e+02  9.298400e+02
  2.116010e+02  1.071440e+03
  2.061200e+02  1.241360e+03
  2.007810e+02  1.338120e+03
  1.955800e+02  1.465560e+03
  1.905140e+02  1.581200e+03
  1.855790e+02  2.003640e+03
  1.807720e+02  2.258520e+03
  1.760890e+02  2.315160e+03
  1.715280e+02  2.655000e+03
  1.670850e+02  3.053840e+03
  1.627570e+02  3.365360e+03
  1.585410e+02  3.502240e+03
  1.544340e+02  4.002560e+03
  1.504340e+02  4.226760e+03
  1.465370e+02  4.871040e+03
  1.427410e+02  5.378440e+03
  1.390440e+02  5.819760e+03
  1.354420e+02  6.310640e+03
  1.319340e+02  7.049320e+03
  1.285160e+02  7.849360e+03
  1.251870e+02  8.628150e+03
  1.219440e+02  9.135560e+03
  1.187850e+02  9.921380e+03
  1.157090e+02  1.080875e+04
  1.127110e+02  1.208325e+04
  1.097920e+02  1.290680e+04
  1.069480e+02  1.424960e+04
  1.041770e+02  1.599125e+04
  1.014790e+02  1.672055e+04
  9.885030e+01  1.826875e+04
  9.628970e+01  1.965875e+04
  9.379550e+01  2.186070e+04
  9.136590e+01  2.359535e+04
  8.899920e+01  2.518825e+04
  8.669380e+01  2.755535e+04
  8.444820e+01  2.985150e+04
  8.226070e+01  3.245685e+04
  8.012980e+01  3.538325e+04
  7.805420e+01  3.724770e+04
  7.603240e+01  4.045485e+04
  7.406290e+01  4.314060e+04
  7.214440e+01  4.628655e+04
  7.027560e+01  4.964705e+04
  6.845520e+01  5.204240e+04
  6.668200e+01  5.563920e+04
  6.495470e+01  5.952850e+04
  6.327220e+01  6.207240e+04
  6.163320e+01  6.489030e+04
  6.003670e+01  6.680666e+04
  5.848160e+01  6.927275e+04
  5.696670e+01  7.149841e+04
  5.549110e+01  7.354920e+04
  5.405370e+01  7.612155e+04
  5.265350e+01  7.881435e+04
  5.128960e+01  8.081091e+04
  4.996100e+01  8.270380e+04
  4.866690e+01  8.532080e+04
  4.740620e+01  8.676740e+04
  4.617830e+01  8.809140e+04
  4.498210e+01  8.923120e+04
  4.381690e+01  9.054570e+04
  4.268190e+01  8.948845e+04
  4.157630e+01  8.933980e+04
  4.049930e+01  8.756970e+04
  3.945030e+01  8.681935e+04
  3.842840e+01  8.566315e+04
  3.743290e+01  8.449950e+04
  3.646330e+01  8.337616e+04
  3.551880e+01  8.151180e+04
  3.459870e+01  8.026566e+04
  3.370250e+01  7.912815e+04
  3.282950e+01  7.680365e+04
  3.197910e+01  7.547500e+04
  3.115070e+01  7.325650e+04
  3.034380e+01  7.183810e+04
  2.955780e+01  6.988884e+04
  2.879220e+01  6.900134e+04
  2.804640e+01  6.670990e+04
  2.731990e+01  6.553455e+04
  2.661220e+01  6.233445e+04
  2.592290e+01  6.098215e+04
  2.525140e+01  5.912965e+04
  2.459730e+01  5.624570e+04
  2.396010e+01  5.489580e+04
  2.333950e+01  5.273170e+04
  2.273490e+01  5.040000e+04
  2.214600e+01  4.879280e+04
  2.157230e+01  4.670655e+04
  2.101350e+01  4.453070e+04
  2.046920e+01  4.239020e+04
  1.993900e+01  4.025435e+04
  1.942250e+01  3.984850e+04
  1.891940e+01  3.747665e+04
  1.842930e+01  3.671200e+04
  1.795200e+01  3.527950e+04
  1.748690e+01  3.394605e+04
  1.703400e+01  3.351415e+04
  1.659270e+01  3.249465e+04
  1.616290e+01  3.177010e+04
  1.574430e+01  3.061610e+04
  1.533640e+01  3.028100e+04
  1.493920e+01  2.980885e+04
  1.455220e+01  2.840485e+04
  1.417520e+01  2.721545e+04
  1.380800e+01  2.483655e+04
  1.345040e+01  2.298410e+04
  1.310200e+01  2.184415e+04
  1.276260e+01  2.066185e+04
  1.243200e+01  1.966125e+04
  1.211000e+01  1.934015e+04
  1.179630e+01  1.951250e+04
  1.149070e+01  1.985005e+04
  1.119310e+01  2.021810e+04
  1.090310e+01  2.185120e+04
  1.062070e+01  2.251435e+04
  1.034560e+01  2.391625e+04
  1.007760e+01  2.423945e+04
  9.816600e+00  2.493095e+04
  9.562300e+00  2.520250e+04
  9.314600e+00  2.369200e+04
  9.073300e+00  2.171195e+04
  8.838300e+00  1.989480e+04
  8.609300e+00  1.732480e+04
  8.386300e+00  1.538710e+04
  8.169100e+00  1.428745e+04
  7.957500e+00  1.326805e+04
  7.751400e+00  1.289505e+04
  7.550600e+00  1.254340e+04
  7.355000e+00  1.156400e+04
  7.164500e+00  1.103770e+04
  6.978900e+00  1.034140e+04
  6.798100e+00  9.841141e+03
  6.622000e+00  9.093080e+03
  6.450500e+00  8.687160e+03
  6.283400e+00  8.215160e+03
  6.120600e+00  7.686520e+03
  5.962100e+00  7.282960e+03
  5.807600e+00  7.134280e+03
  5.657200e+00  6.940760e+03
  5.510700e+00  7.021000e+03
  5.367900e+00  6.690600e+03
  5.228900e+00  6.008560e+03
  5.093400e+00  5.933040e+03
  4.961500e+00  5.595560e+03
  4.833000e+00  5.416200e+03
  4.707800e+00  4.989040e+03
  4.585800e+00  4.734160e+03
  4.467100e+00  4.417920e+03
  4.351300e+00  4.361280e+03
  4.238600e+00  4.155960e+03
  4.128800e+00  3.868040e+03
  4.021900e+00  4.167760e+03
  3.917700e+00  3.639120e+03
  3.816200e+00  3.497520e+03
  3.717400e+00  3.072720e+03
  3.621100e+00  2.798960e+03
  3.527300e+00  2.843800e+03
  3.435900e+00  2.574760e+03
  3.346900e+00  2.369440e+03
  3.260200e+00  2.039040e+03
  3.175800e+00  1.583560e+03
  3.093500e+00  1.347560e+03
  3.013400e+00  1.104480e+03
  2.935300e+00  1.149320e+03
  2.859300e+00  1.288560e+03
  2.785200e+00  1.496240e+03
  2.713100e+00  1.675600e+03
  2.642800e+00  1.571760e+03
  2.574300e+00  1.515120e+03
  2.507600e+00  1.519840e+03
  2.442700e+00  1.354640e+03
  2.379400e+00  1.387680e+03
  2.317800e+00  1.250800e+03
  2.257700e+00  1.182360e+03
  2.199300e+00  1.316880e+03
  2.142300e+00  1.123360e+03
  2.086800e+00  1.106840e+03
  2.032700e+00  9.841200e+02
  1.980100e+00  1.128080e+03
  1.928800e+00  9.699600e+02
  1.878800e+00  8.590400e+02
  1.830200e+00  1.090320e+03
  1.782800e+00  1.720440e+03
  1.736600e+00  1.113920e+03
  1.691600e+00  8.047600e+02
  1.647800e+00  7.622800e+02
  1.605100e+00  6.537200e+02
  1.563500e+00  6.773199e+02
  1.523000e+00  5.923600e+02
  1.483600e+00  6.254000e+02
  1.445100e+00  5.687600e+02
  1.407700e+00  5.805600e+02
  1.371200e+00  5.215600e+02
  1.335700e+00  4.672800e+02
  1.301100e+00  4.578400e+02
  1.267400e+00  3.516400e+02
  1.234600e+00  3.988400e+02
  1.202600e+00  3.799600e+02
  1.171500e+00  3.351200e+02
  1.141100e+00  3.988400e+02
  1.111600e+00  2.666800e+02
  1.082800e+00  2.525200e+02
  1.054700e+00  3.563600e+02
  1.027400e+00  2.501600e+02
  1.000800e+00  2.312800e+02
  9.749000e-01  2.336400e+02
  9.496000e-01  1.982400e+02
  9.250000e-01  2.100400e+02
  9.010000e-01  1.534000e+02
  8.777000e-01  2.194800e+02
  8.550000e-01  2.312800e+02
  8.328000e-01  1.722800e+02
  8.113000e-01  1.958800e+02
  7.902000e-01  1.864400e+02
  7.698000e-01  2.100400e+02
  7.498000e-01  2.194800e+02
  7.304000e-01  1.982400e+02
  7.115000e-01  1.888000e+02
  6.931000e-01  5.970800e+02
  6.751000e-01  5.659280e+03
  6.576000e-01  6.086440e+03
  6.406000e-01  1.526675e+04
  6.240000e-01  4.248000e+03
  6.078000e-01  4.106400e+02
  5.921000e-01  3.823200e+02
  5.767000e-01  3.492800e+02
  5.618000e-01  3.658000e+02
  5.472000e-01  3.658000e+02
  5.331000e-01  4.908800e+02
  5.193000e-01  5.074000e+02
  5.058000e-01  6.466400e+02
  4.927000e-01  1.477360e+03
  4.799000e-01  1.800680e+03
  4.675000e-01  9.109600e+02
  4.554000e-01  5.852800e+02
  4.436000e-01  1.788880e+03
  4.321000e-01  1.963520e+03
  4.209000e-01  1.449040e+03
  4.100000e-01  1.003000e+03
  3.994000e-01  1.866760e+03
  3.891000e-01  3.627320e+03
  3.790000e-01  3.492800e+03
  3.692000e-01  6.867600e+02
  3.596000e-01  5.782000e+02
  3.503000e-01  5.593200e+02
  3.412000e-01  6.348400e+02
  3.324000e-01  6.442800e+02
  3.238000e-01  7.599200e+02
  3.154000e-01  6.018000e+02
  3.072000e-01  8.850000e+02
  2.992000e-01  1.288560e+03
  2.915000e-01  1.751120e+03
  2.839000e-01  2.105120e+03
  2.766000e-01  9.251200e+02
  2.694000e-01  3.058560e+03
  2.624000e-01  6.844000e+03
  2.556000e-01  7.903640e+03
  2.490000e-01  3.391320e+03
  2.426000e-01  1.921040e+03
  2.363000e-01  3.391320e+03
  2.302000e-01  1.925760e+03
  2.242000e-01  1.163480e+03
  2.184000e-01  1.180000e+03
  2.127000e-01  1.352280e+03
  2.072000e-01  1.078520e+03
  2.019000e-01  1.116280e+03
  1.966000e-01  1.286200e+03
  1.915000e-01  1.515120e+03
  1.866000e-01  1.538720e+03
  1.817000e-01  8.543200e+02
  1.770000e-01  4.106400e+02
  1.725000e-01  5.475200e+02
  1.680000e-01  1.043120e+03
  1.636000e-01  1.534000e+03
  1.594000e-01  1.463200e+03
  1.553000e-01  1.463200e+03
  1.512000e-01  1.692120e+03
  1.473000e-01  1.798320e+03
  1.435000e-01  2.598360e+03
  1.398000e-01  1.840800e+03
  1.362000e-01  1.604800e+03
  1.326000e-01  1.628400e+03
  1.292000e-01  1.640200e+03
  1.259000e-01  1.838440e+03
  1.226000e-01  2.440240e+03
  1.194000e-01  2.742320e+03
  1.163000e-01  2.352920e+03
  1.133000e-01  2.402480e+03
  1.104000e-01  2.669160e+03
  1.075000e-01  2.671520e+03
  1.047000e-01  2.647920e+03
  1.020000e-01  3.023160e+03
  9.940000e-02  3.561240e+03
  9.680000e-02  3.247360e+03
  9.430000e-02  3.169480e+03
  9.190000e-02  3.197800e+03
  8.950000e-02  3.724080e+03
  8.720000e-02  3.563600e+03
  8.490000e-02  3.672160e+03
  8.270000e-02  3.669800e+03
  8.060000e-02  3.912880e+03
  7.850000e-02  3.919960e+03
  7.640000e-02  3.721720e+03
  7.450000e-02  3.971880e+03
  7.250000e-02  3.988400e+03
  7.070000e-02  3.960080e+03
  6.880000e-02  3.835000e+03
  6.700000e-02  3.691040e+03
  6.530000e-02  3.497520e+03
  6.360000e-02  3.370080e+03
  6.200000e-02  2.985400e+03
  6.040000e-02  2.704560e+03
  5.880000e-02  2.721080e+03
  5.730000e-02  2.428440e+03
  5.580000e-02  2.154680e+03
  5.430000e-02  2.006000e+03
  5.290000e-02  1.781800e+03
  5.160000e-02  1.524560e+03
  5.020000e-02  1.333400e+03
  4.890000e-02  1.399480e+03
  4.770000e-02  1.333400e+03
  4.640000e-02  1.215400e+03
  4.520000e-02  1.012440e+03
  4.410000e-02  9.699600e+02
  4.290000e-02  9.581600e+02
  4.180000e-02  7.198000e+02
  4.070000e-02  7.457600e+02
  3.970000e-02  6.442800e+02
  3.860000e-02  6.018000e+02
  3.760000e-02  5.192000e+02
  3.670000e-02  5.428000e+02
  3.570000e-02  4.106400e+02
  3.480000e-02  3.351200e+02
  3.390000e-02  3.374800e+02
  3.300000e-02  2.666800e+02
  3.220000e-02  2.690400e+02
  3.130000e-02  1.888000e+02
  3.050000e-02  2.171200e+02
  2.970000e-02  1.581200e+02
  2.890000e-02  1.085600e+02
  2.820000e-02  1.109200e+02
  2.750000e-02  9.439999e+01
  2.680000e-02  6.372000e+01
  2.610000e-02  7.552000e+01
  2.540000e-02  4.956000e+01
  2.470000e-02  5.664000e+01
  2.410000e-02  4.956000e+01
  2.350000e-02  2.124000e+01
  2.290000e-02  1.652000e+01
  2.230000e-02  1.180000e+01
  2.170000e-02  1.652000e+01
  2.110000e-02  9.440000e+00
  2.060000e-02  2.360000e+00
  2.000000e-02  2.360000e+00
  1.950000e-02  7.080000e+00
  1.900000e-02  7.080000e+00
  1.850000e-02  4.720000e+00
  1.800000e-02  2.360000e+00
  1.760000e-02  7.080000e+00
  1.710000e-02  0.000000e+00
  1.670000e-02  2.360000e+00
  1.630000e-02  2.360000e+00
  1.580000e-02  0.000000e+00
  1.540000e-02  0.000000e+00
  1.500000e-02  2.360000e+00
  1.460000e-02  0.000000e+00
  1.430000e-02  4.720000e+00
  1.390000e-02  2.360000e+00
  1.350000e-02  2.360000e+00
  1.320000e-02  0.000000e+00
  1.280000e-02  0.000000e+00
  1.250000e-02  0.000000e+00
  1.220000e-02  0.000000e+00
  1.190000e-02  0.000000e+00
  1.160000e-02  0.000000e+00
  1.130000e-02  0.000000e+00
  1.100000e-02  1.038400e+02
  1.070000e-02  1.534000e+02
  1.040000e-02  1.557600e+02
  1.010000e-02  1.031320e+03
