  4.934820e+03  8.714400e-02
  4.806990e+03  0.000000e+00
  4.682470e+03  0.000000e+00
  4.561180e+03  2.904800e-02
  4.443030e+03  0.000000e+00
  4.327940e+03  0.000000e+00
  4.215830e+03  2.904800e-02
  4.106630e+03  0.000000e+00
  4.000250e+03  0.000000e+00
  3.896630e+03  0.000000e+00
  3.795700e+03  0.000000e+00
  3.697380e+03  2.904800e-02
  3.601600e+03  0.000000e+00
  3.508310e+03  2.904800e-02
  3.417430e+03  2.904800e-02
  3.328910e+03  2.904800e-02
  3.242680e+03  5.809600e-02
  3.158680e+03  2.904800e-02
  3.076860e+03  2.904800e-02
  2.997160e+03  1.452400e-01
  2.919530e+03  5.809600e-02
  2.843900e+03  2.904800e-02
  2.770230e+03  5.809600e-02
  2.698480e+03  8.714400e-02
  2.628580e+03  2.904800e-02
  2.560490e+03  5.809600e-02
  2.494160e+03  5.809600e-02
  2.429550e+03  1.742870e-01
  2.366620e+03  1.161910e-01
  2.305320e+03  2.323820e-01
  2.245600e+03  1.452400e-01
  2.187430e+03  1.161920e-01
  2.130770e+03  1.742870e-01
  2.075580e+03  3.195260e-01
  2.021810e+03  8.714400e-02
  1.969440e+03  1.452400e-01
  1.918430e+03  2.323810e-01
  1.868730e+03  3.776200e-01
  1.820330e+03  3.776240e-01
  1.773170e+03  2.614310e-01
  1.727240e+03  4.357200e-01
  1.682500e+03  5.519140e-01
  1.638920e+03  4.938160e-01
  1.596470e+03  5.809580e-01
  1.555110e+03  8.714360e-01
  1.514830e+03  6.100070e-01
  1.475590e+03  8.133340e-01
  1.437370e+03  8.423900e-01
  1.400140e+03  8.423880e-01
  1.363870e+03  9.004900e-01
  1.328540e+03  8.423930e-01
  1.294120e+03  1.045734e+00
  1.260600e+03  1.220010e+00
  1.227950e+03  1.626685e+00
  1.196140e+03  1.423345e+00
  1.165160e+03  1.859065e+00
  1.134980e+03  2.294785e+00
  1.105580e+03  2.236705e+00
  1.076940e+03  2.091445e+00
  1.049040e+03  2.991950e+00
  1.021870e+03  3.253375e+00
  9.953980e+02  3.805300e+00
  9.696140e+02  4.095795e+00
  9.444970e+02  4.938165e+00
  9.200320e+02  5.548185e+00
  8.962000e+02  5.722485e+00
  8.729850e+02  5.809630e+00
  8.503720e+02  6.593925e+00
  8.283450e+02  7.988170e+00
  8.068880e+02  9.121031e+00
  7.859870e+02  9.266270e+00
  7.656270e+02  1.161915e+01
  7.457950e+02  1.173530e+01
  7.264760e+02  1.411730e+01
  7.076580e+02  1.530835e+01
  6.893270e+02  1.847465e+01
  6.714710e+02  2.132135e+01
  6.540780e+02  2.320935e+01
  6.371350e+02  2.666615e+01
  6.206310e+02  3.201105e+01
  6.045550e+02  3.514825e+01
  5.888950e+02  3.828535e+01
  5.736410e+02  4.615745e+01
  5.587810e+02  4.859750e+01
  5.443070e+02  5.362275e+01
  5.302080e+02  5.937425e+01
  5.164740e+02  6.919260e+01
  5.030950e+02  7.764560e+01
  4.900630e+02  8.943930e+01
  4.773690e+02  9.623725e+01
  4.650040e+02  1.097155e+02
  4.529580e+02  1.190100e+02
  4.412250e+02  1.381820e+02
  4.297960e+02  1.565105e+02
  4.186630e+02  1.747540e+02
  4.078180e+02  1.977005e+02
  3.972540e+02  2.196325e+02
  3.869640e+02  2.462705e+02
  3.769400e+02  2.821730e+02
  3.671770e+02  3.138935e+02
  3.576650e+02  3.556065e+02
  3.484010e+02  3.959250e+02
  3.393760e+02  4.402235e+02
  3.305850e+02  4.827205e+02
  3.220220e+02  5.472375e+02
  3.136800e+02  6.088190e+02
  3.055550e+02  6.790860e+02
  2.976400e+02  7.640505e+02
  2.899300e+02  8.575285e+02
  2.824200e+02  9.434246e+02
  2.751040e+02  1.055050e+03
  2.679780e+02  1.173690e+03
  2.610370e+02  1.308680e+03
  2.542750e+02  1.461295e+03
  2.476890e+02  1.604265e+03
  2.412730e+02  1.805460e+03
  2.350230e+02  2.013155e+03
  2.289350e+02  2.249425e+03
  2.230050e+02  2.481175e+03
  2.172280e+02  2.758555e+03
  2.116010e+02  3.042345e+03
  2.061200e+02  3.370945e+03
  2.007810e+02  3.730570e+03
  1.955800e+02  4.127820e+03
  1.905140e+02  4.584435e+03
  1.855790e+02  5.107655e+03
  1.807720e+02  5.647420e+03
  1.760890e+02  6.253660e+03
  1.715280e+02  6.839800e+03
  1.670850e+02  7.483915e+03
  1.627570e+02  8.168120e+03
  1.585410e+02  8.929225e+03
  1.544340e+02  9.658900e+03
  1.504340e+02  1.051905e+04
  1.465370e+02  1.136225e+04
  1.427410e+02  1.228575e+04
  1.390440e+02  1.325510e+04
  1.354420e+02  1.424905e+04
  1.319340e+02  1.527090e+04
  1.285160e+02  1.629690e+04
  1.251870e+02  1.738115e+04
  1.219440e+02  1.857645e+04
  1.187850e+02  1.979060e+04
  1.157090e+02  2.095950e+04
  1.127110e+02  2.224385e+04
  1.097920e+02  2.349105e+04
  1.069480e+02  2.479500e+04
  1.041770e+02  2.617135e+04
  1.014790e+02  2.738635e+04
  9.885030e+01  2.863060e+04
  9.628970e+01  2.999810e+04
  9.379550e+01  3.114165e+04
  9.136590e+01  3.229940e+04
  8.899920e+01  3.337435e+04
  8.669380e+01  3.436950e+04
  8.444820e+01  3.524395e+04
  8.226070e+01  3.594945e+04
  8.012980e+01  3.656230e+04
  7.805420e+01  3.686135e+04
  7.603240e+01  3.710055e+04
  7.406290e+01  3.701525e+04
  7.214440e+01  3.676170e+04
  7.027560e+01  3.642150e+04
  6.845520e+01  3.562330e+04
  6.668200e+01  3.473025e+04
  6.495470e+01  3.346740e+04
  6.327220e+01  3.232730e+04
  6.163320e+01  3.102540e+04
  6.003670e+01  2.963515e+04
  5.848160e+01  2.827255e+04
  5.696670e+01  2.680465e+04
  5.549110e+01  2.531570e+04
  5.405370e+01  2.342465e+04
  5.265350e+01  2.144565e+04
  5.128960e+01  1.948465e+04
  4.996100e+01  1.754330e+04
  4.866690e+01  1.541685e+04
  4.740620e+01  1.337565e+04
  4.617830e+01  1.152810e+04
  4.498210e+01  9.877880e+03
  4.381690e+01  8.828355e+03
  4.268190e+01  7.860575e+03
  4.157630e+01  6.950765e+03
  4.049930e+01  6.152725e+03
  3.945030e+01  5.450730e+03
  3.842840e+01  4.870460e+03
  3.743290e+01  4.354945e+03
  3.646330e+01  3.881880e+03
  3.551880e+01  3.445305e+03
  3.459870e+01  3.014380e+03
  3.370250e+01  2.591670e+03
  3.282950e+01  2.212640e+03
  3.197910e+01  1.875085e+03
  3.115070e+01  1.597960e+03
  3.034380e+01  1.342190e+03
  2.955780e+01  1.109095e+03
  2.879220e+01  9.067660e+02
  2.804640e+01  7.363405e+02
  2.731990e+01  5.862480e+02
  2.661220e+01  4.691275e+02
  2.592290e+01  3.612720e+02
  2.525140e+01  2.793845e+02
  2.459730e+01  2.101040e+02
  2.396010e+01  1.540135e+02
  2.333950e+01  1.142175e+02
  2.273490e+01  8.133470e+01
  2.214600e+01  5.812515e+01
  2.157230e+01  3.985400e+01
  2.101350e+01  2.501035e+01
  2.046920e+01  1.623795e+01
  1.993900e+01  9.992425e+00
  1.942250e+01  7.726785e+00
  1.891940e+01  4.241020e+00
  1.842930e+01  3.747205e+00
  1.795200e+01  2.933845e+00
  1.748690e+01  2.352890e+00
  1.703400e+01  2.672420e+00
  1.659270e+01  2.091460e+00
  1.616290e+01  2.323830e+00
  1.574430e+01  2.178595e+00
  1.533640e+01  2.788600e+00
  1.493920e+01  2.759560e+00
  1.455220e+01  2.846710e+00
  1.417520e+01  1.684780e+00
  1.380800e+01  9.004820e-01
  1.345040e+01  3.485740e-01
  1.310200e+01  2.323840e-01
  1.276260e+01  1.161920e-01
  1.243200e+01  2.904800e-02
  1.211000e+01  5.809600e-02
  1.179630e+01  8.714400e-02
  1.149070e+01  0.000000e+00
  1.119310e+01  2.904800e-02
  1.090310e+01  2.904800e-02
  1.062070e+01  0.000000e+00
  1.034560e+01  2.904800e-02
  1.007760e+01  0.000000e+00
  9.816600e+00  2.904800e-02
  9.562300e+00  0.000000e+00
  9.314600e+00  2.904800e-02
  9.073300e+00  0.000000e+00
  8.838300e+00  0.000000e+00
  8.609300e+00  2.904800e-02
  8.386300e+00  2.904800e-02
  8.169100e+00  8.714300e-02
  7.957500e+00  2.033350e-01
  7.751400e+00  2.904780e-01
  7.550600e+00  5.519080e-01
  7.355000e+00  4.647700e-01
  7.164500e+00  5.809590e-01
  6.978900e+00  4.357150e-01
  6.798100e+00  4.938110e-01
  6.622000e+00  5.519060e-01
  6.450500e+00  4.938120e-01
  6.283400e+00  5.228580e-01
  6.120600e+00  6.100020e-01
  5.962100e+00  4.938120e-01
  5.807600e+00  2.614320e-01
  5.657200e+00  6.681040e-01
  5.510700e+00  3.776230e-01
  5.367900e+00  4.066720e-01
  5.228900e+00  8.133400e-01
  5.093400e+00  4.066690e-01
  4.961500e+00  3.776220e-01
  4.833000e+00  5.519080e-01
  4.707800e+00  4.647690e-01
  4.585800e+00  2.323830e-01
  4.467100e+00  4.938130e-01
  4.351300e+00  2.033360e-01
  4.238600e+00  4.938100e-01
  4.128800e+00  4.938140e-01
  4.021900e+00  5.519070e-01
  3.917700e+00  4.066710e-01
  3.816200e+00  4.066690e-01
  3.717400e+00  4.066690e-01
  3.621100e+00  2.323840e-01
  3.527300e+00  2.614290e-01
  3.435900e+00  3.776200e-01
  3.346900e+00  4.066690e-01
  3.260200e+00  5.519090e-01
  3.175800e+00  2.614300e-01
  3.093500e+00  1.742870e-01
  3.013400e+00  1.161920e-01
  2.935300e+00  5.809600e-02
  2.859300e+00  1.742880e-01
  2.785200e+00  2.323840e-01
  2.713100e+00  2.904780e-01
  2.642800e+00  2.033360e-01
  2.574300e+00  4.066690e-01
  2.507600e+00  2.033350e-01
  2.442700e+00  1.452400e-01
  2.379400e+00  2.033360e-01
  2.317800e+00  3.485730e-01
  2.257700e+00  2.904780e-01
  2.199300e+00  2.904790e-01
  2.142300e+00  1.161920e-01
  2.086800e+00  2.323830e-01
  2.032700e+00  2.033350e-01
  1.980100e+00  1.742870e-01
  1.928800e+00  8.714400e-02
  1.878800e+00  2.033350e-01
  1.830200e+00  1.452400e-01
  1.782800e+00  2.614320e-01
  1.736600e+00  8.714300e-02
  1.691600e+00  2.904800e-02
  1.647800e+00  1.161910e-01
  1.605100e+00  2.033350e-01
  1.563500e+00  8.714400e-02
  1.523000e+00  2.033350e-01
  1.483600e+00  1.742890e-01
  1.445100e+00  5.809600e-02
  1.407700e+00  8.714400e-02
  1.371200e+00  8.714400e-02
  1.335700e+00  5.809600e-02
  1.301100e+00  2.904800e-02
  1.267400e+00  8.714400e-02
  1.234600e+00  1.452390e-01
  1.202600e+00  5.809600e-02
  1.171500e+00  8.714400e-02
  1.141100e+00  8.714400e-02
  1.111600e+00  2.904800e-02
  1.082800e+00  0.000000e+00
  1.054700e+00  0.000000e+00
  1.027400e+00  5.809600e-02
  1.000800e+00  2.904800e-02
  9.749000e-01  8.714400e-02
  9.496000e-01  2.904800e-02
  9.250000e-01  2.904800e-02
  9.010000e-01  5.809600e-02
  8.777000e-01  1.742860e-01
  8.550000e-01  1.452400e-01
  8.328000e-01  1.161920e-01
  8.113000e-01  2.904800e-02
  7.902000e-01  5.809600e-02
  7.698000e-01  2.033350e-01
  7.498000e-01  5.809600e-02
  7.304000e-01  5.809500e-02
  7.115000e-01  1.161930e-01
  6.931000e-01  2.904800e-02
  6.751000e-01  8.714400e-02
  6.576000e-01  2.323830e-01
  6.406000e-01  2.033350e-01
  6.240000e-01  1.452400e-01
  6.078000e-01  2.904800e-02
  5.921000e-01  2.904800e-02
  5.767000e-01  8.714400e-02
  5.618000e-01  1.161920e-01
  5.472000e-01  2.904800e-02
  5.331000e-01  1.161920e-01
  5.193000e-01  5.809600e-02
  5.058000e-01  8.714400e-02
  4.927000e-01  8.714400e-02
  4.799000e-01  2.904800e-02
  4.675000e-01  0.000000e+00
  4.554000e-01  1.161920e-01
  4.436000e-01  5.809600e-02
  4.321000e-01  8.714300e-02
  4.209000e-01  1.161910e-01
  4.100000e-01  5.809600e-02
  3.994000e-01  3.485740e-01
  3.891000e-01  2.033350e-01
  3.790000e-01  5.809600e-02
  3.692000e-01  1.161910e-01
  3.596000e-01  0.000000e+00
  3.503000e-01  5.809600e-02
  3.412000e-01  2.033330e-01
  3.324000e-01  2.033350e-01
  3.238000e-01  2.323840e-01
  3.154000e-01  1.161920e-01
  3.072000e-01  5.809600e-02
  2.992000e-01  1.742870e-01
  2.915000e-01  8.714400e-02
  2.839000e-01  1.742880e-01
  2.766000e-01  1.161920e-01
  2.694000e-01  2.033360e-01
  2.624000e-01  5.809600e-02
  2.556000e-01  5.809600e-02
  2.490000e-01  2.323820e-01
  2.426000e-01  1.452400e-01
  2.363000e-01  1.452390e-01
  2.302000e-01  1.452400e-01
  2.242000e-01  8.714400e-02
  2.184000e-01  8.714400e-02
  2.127000e-01  2.904800e-02
  2.072000e-01  2.904800e-02
  2.019000e-01  8.714400e-02
  1.966000e-01  8.714300e-02
  1.915000e-01  8.714400e-02
  1.866000e-01  2.904800e-02
  1.817000e-01  5.809600e-02
  1.770000e-01  0.000000e+00
  1.725000e-01  1.452390e-01
  1.680000e-01  8.714400e-02
  1.636000e-01  2.904800e-02
  1.594000e-01  2.904800e-02
  1.553000e-01  0.000000e+00
  1.512000e-01  2.904800e-02
  1.473000e-01  2.904800e-02
  1.435000e-01  2.904800e-02
  1.398000e-01  0.000000e+00
  1.362000e-01  2.904800e-02
  1.326000e-01  0.000000e+00
  1.292000e-01  8.714400e-02
  1.259000e-01  0.000000e+00
  1.226000e-01  2.904800e-02
  1.194000e-01  0.000000e+00
  1.163000e-01  0.000000e+00
  1.133000e-01  2.904800e-02
  1.104000e-01  0.000000e+00
  1.075000e-01  5.809600e-02
  1.047000e-01  2.904800e-02
  1.020000e-01  0.000000e+00
  9.940000e-02  0.000000e+00
  9.680000e-02  0.000000e+00
  9.430000e-02  0.000000e+00
  9.190000e-02  0.000000e+00
  8.950000e-02  2.904800e-02
  8.720000e-02  0.000000e+00
  8.490000e-02  0.000000e+00
  8.270000e-02  0.000000e+00
  8.060000e-02  0.000000e+00
  7.850000e-02  0.000000e+00
  7.640000e-02  0.000000e+00
  7.450000e-02  0.000000e+00
  7.250000e-02  2.904800e-02
  7.070000e-02  0.000000e+00
  6.880000e-02  0.000000e+00
  6.700000e-02  2.904800e-02
  6.530000e-02  0.000000e+00
  6.360000e-02  0.000000e+00
  6.200000e-02  0.000000e+00
  6.040000e-02  0.000000e+00
  5.880000e-02  0.000000e+00
  5.730000e-02  0.000000e+00
  5.580000e-02  0.000000e+00
  5.430000e-02  0.000000e+00
  5.290000e-02  0.000000e+00
  5.160000e-02  0.000000e+00
  5.020000e-02  0.000000e+00
  4.890000e-02  0.000000e+00
  4.770000e-02  0.000000e+00
  4.640000e-02  0.000000e+00
  4.520000e-02  0.000000e+00
  4.410000e-02  0.000000e+00
  4.290000e-02  0.000000e+00
  4.180000e-02  0.000000e+00
  4.070000e-02  0.000000e+00
  3.970000e-02  0.000000e+00
  3.860000e-02  0.000000e+00
  3.760000e-02  0.000000e+00
  3.670000e-02  0.000000e+00
  3.570000e-02  0.000000e+00
  3.480000e-02  0.000000e+00
  3.390000e-02  0.000000e+00
  3.300000e-02  0.000000e+00
  3.220000e-02  0.000000e+00
  3.130000e-02  0.000000e+00
  3.050000e-02  0.000000e+00
  2.970000e-02  0.000000e+00
  2.890000e-02  0.000000e+00
  2.820000e-02  0.000000e+00
  2.750000e-02  0.000000e+00
  2.680000e-02  0.000000e+00
  2.610000e-02  0.000000e+00
  2.540000e-02  0.000000e+00
  2.470000e-02  0.000000e+00
  2.410000e-02  0.000000e+00
  2.350000e-02  0.000000e+00
  2.290000e-02  0.000000e+00
  2.230000e-02  0.000000e+00
  2.170000e-02  0.000000e+00
  2.110000e-02  0.000000e+00
  2.060000e-02  0.000000e+00
  2.000000e-02  0.000000e+00
  1.950000e-02  0.000000e+00
  1.900000e-02  0.000000e+00
  1.850000e-02  0.000000e+00
  1.800000e-02  0.000000e+00
  1.760000e-02  0.000000e+00
  1.710000e-02  0.000000e+00
  1.670000e-02  0.000000e+00
  1.630000e-02  0.000000e+00
  1.580000e-02  0.000000e+00
  1.540000e-02  0.000000e+00
  1.500000e-02  0.000000e+00
  1.460000e-02  0.000000e+00
  1.430000e-02  0.000000e+00
  1.390000e-02  0.000000e+00
  1.350000e-02  0.000000e+00
  1.320000e-02  0.000000e+00
  1.280000e-02  0.000000e+00
  1.250000e-02  0.000000e+00
  1.220000e-02  0.000000e+00
  1.190000e-02  0.000000e+00
  1.160000e-02  0.000000e+00
  1.130000e-02  0.000000e+00
  1.100000e-02  1.307155e+00
  1.070000e-02  1.800985e+00
  1.040000e-02  1.539545e+00
  1.010000e-02  6.129155e+00
