  4.934820e+03  3.074970e+01
  4.806990e+03  0.000000e+00
  4.682470e+03  0.000000e+00
  4.561180e+03  0.000000e+00
  4.443030e+03  0.000000e+00
  4.327940e+03  0.000000e+00
  4.215830e+03  0.000000e+00
  4.106630e+03  0.000000e+00
  4.000250e+03  0.000000e+00
  3.896630e+03  0.000000e+00
  3.795700e+03  0.000000e+00
  3.697380e+03  0.000000e+00
  3.601600e+03  0.000000e+00
  3.508310e+03  0.000000e+00
  3.417430e+03  0.000000e+00
  3.328910e+03  0.000000e+00
  3.242680e+03  0.000000e+00
  3.158680e+03  0.000000e+00
  3.076860e+03  0.000000e+00
  2.997160e+03  0.000000e+00
  2.919530e+03  0.000000e+00
  2.843900e+03  0.000000e+00
  2.770230e+03  0.000000e+00
  2.698480e+03  0.000000e+00
  2.628580e+03  6.406000e-01
  2.560490e+03  6.406000e-01
  2.494160e+03  0.000000e+00
  2.429550e+03  0.000000e+00
  2.366620e+03  0.000000e+00
  2.305320e+03  0.000000e+00
  2.245600e+03  0.000000e+00
  2.187430e+03  0.000000e+00
  2.130770e+03  6.406000e-01
  2.075580e+03  0.000000e+00
  2.021810e+03  6.406000e-01
  1.969440e+03  0.000000e+00
  1.918430e+03  6.406000e-01
  1.868730e+03  6.406000e-01
  1.820330e+03  0.000000e+00
  1.773170e+03  6.406000e-01
  1.727240e+03  6.406000e-01
  1.682500e+03  1.281200e+00
  1.638920e+03  0.000000e+00
  1.596470e+03  0.000000e+00
  1.555110e+03  6.406000e-01
  1.514830e+03  6.406000e-01
  1.475590e+03  1.281200e+00
  1.437370e+03  0.000000e+00
  1.400140e+03  6.406000e-01
  1.363870e+03  1.281200e+00
  1.328540e+03  1.921800e+00
  1.294120e+03  3.203000e+00
  1.260600e+03  2.562400e+00
  1.227950e+03  1.281200e+00
  1.196140e+03  2.562400e+00
  1.165160e+03  1.921800e+00
  1.134980e+03  4.484300e+00
  1.105580e+03  3.843650e+00
  1.076940e+03  1.921800e+00
  1.049040e+03  3.843600e+00
  1.021870e+03  1.281200e+00
  9.953980e+02  3.203050e+00
  9.696140e+02  5.765500e+00
  9.444970e+02  5.124800e+00
  9.200320e+02  5.124800e+00
  8.962000e+02  1.024985e+01
  8.729850e+02  8.968500e+00
  8.503720e+02  1.089050e+01
  8.283450e+02  7.687300e+00
  8.068880e+02  6.406050e+00
  7.859870e+02  1.153100e+01
  7.656270e+02  1.024970e+01
  7.457950e+02  1.665600e+01
  7.264760e+02  1.665605e+01
  7.076580e+02  1.729665e+01
  6.893270e+02  1.601535e+01
  6.714710e+02  2.434360e+01
  6.540780e+02  2.882790e+01
  6.371350e+02  3.779665e+01
  6.206310e+02  3.267170e+01
  6.045550e+02  4.676520e+01
  5.888950e+02  4.612480e+01
  5.736410e+02  5.253095e+01
  5.587810e+02  6.278100e+01
  5.443070e+02  6.726550e+01
  5.302080e+02  8.199920e+01
  5.164740e+02  8.840546e+01
  5.030950e+02  9.032719e+01
  4.900630e+02  1.076245e+02
  4.773690e+02  1.153110e+02
  4.650040e+02  1.454200e+02
  4.529580e+02  1.563105e+02
  4.412250e+02  1.659220e+02
  4.297960e+02  2.017955e+02
  4.186630e+02  2.267795e+02
  4.078180e+02  2.453580e+02
  3.972540e+02  3.113435e+02
  3.869640e+02  3.215925e+02
  3.769400e+02  3.523415e+02
  3.671770e+02  3.965450e+02
  3.576650e+02  4.650920e+02
  3.484010e+02  5.323560e+02
  3.393760e+02  5.919330e+02
  3.305850e+02  6.182000e+02
  3.220220e+02  7.290280e+02
  3.136800e+02  8.276825e+02
  3.055550e+02  9.051990e+02
  2.976400e+02  1.071760e+03
  2.899300e+02  1.176810e+03
  2.824200e+02  1.315190e+03
  2.751040e+02  1.511865e+03
  2.679780e+02  1.693810e+03
  2.610370e+02  1.869340e+03
  2.542750e+02  2.134560e+03
  2.476890e+02  2.416420e+03
  2.412730e+02  2.690605e+03
  2.350230e+02  3.019885e+03
  2.289350e+02  3.289600e+03
  2.230050e+02  3.839880e+03
  2.172280e+02  4.247315e+03
  2.116010e+02  4.770060e+03
  2.061200e+02  5.206960e+03
  2.007810e+02  5.820680e+03
  1.955800e+02  6.779060e+03
  1.905140e+02  7.612505e+03
  1.855790e+02  8.568965e+03
  1.807720e+02  9.398574e+03
  1.760890e+02  1.065995e+04
  1.715280e+02  1.195265e+04
  1.670850e+02  1.325760e+04
  1.627570e+02  1.477015e+04
  1.585410e+02  1.624550e+04
  1.544340e+02  1.792710e+04
  1.504340e+02  2.002960e+04
  1.465370e+02  2.200865e+04
  1.427410e+02  2.423535e+04
  1.390440e+02  2.629750e+04
  1.354420e+02  2.918425e+04
  1.319340e+02  3.191125e+04
  1.285160e+02  3.461785e+04
  1.251870e+02  3.810480e+04
  1.219440e+02  4.164670e+04
  1.187850e+02  4.519515e+04
  1.157090e+02  4.936955e+04
  1.127110e+02  5.344575e+04
  1.097920e+02  5.825170e+04
  1.069480e+02  6.293520e+04
  1.041770e+02  6.828380e+04
  1.014790e+02  7.444735e+04
  9.885030e+01  7.999370e+04
  9.628970e+01  8.702780e+04
  9.379550e+01  9.295985e+04
  9.136590e+01  1.002230e+05
  8.899920e+01  1.071690e+05
  8.669380e+01  1.149805e+05
  8.444820e+01  1.232230e+05
  8.226070e+01  1.311755e+05
  8.012980e+01  1.395580e+05
  7.805420e+01  1.474065e+05
  7.603240e+01  1.563585e+05
  7.406290e+01  1.646775e+05
  7.214440e+01  1.721930e+05
  7.027560e+01  1.809720e+05
  6.845520e+01  1.885325e+05
  6.668200e+01  1.944180e+05
  6.495470e+01  2.004930e+05
  6.327220e+01  2.059570e+05
  6.163320e+01  2.105055e+05
  6.003670e+01  2.133000e+05
  5.848160e+01  2.159615e+05
  5.696670e+01  2.177135e+05
  5.549110e+01  2.192205e+05
  5.405370e+01  2.190185e+05
  5.265350e+01  2.173700e+05
  5.128960e+01  2.153410e+05
  4.996100e+01  2.126970e+05
  4.866690e+01  2.074820e+05
  4.740620e+01  2.002630e+05
  4.617830e+01  1.925630e+05
  4.498210e+01  1.837520e+05
  4.381690e+01  1.784875e+05
  4.268190e+01  1.712955e+05
  4.157630e+01  1.639620e+05
  4.049930e+01  1.564850e+05
  3.945030e+01  1.493525e+05
  3.842840e+01  1.434430e+05
  3.743290e+01  1.367265e+05
  3.646330e+01  1.302515e+05
  3.551880e+01  1.237785e+05
  3.459870e+01  1.165575e+05
  3.370250e+01  1.082950e+05
  3.282950e+01  1.014245e+05
  3.197910e+01  9.370235e+04
  3.115070e+01  8.666705e+04
  3.034380e+01  8.010970e+04
  2.955780e+01  7.379255e+04
  2.879220e+01  6.671755e+04
  2.804640e+01  6.019140e+04
  2.731990e+01  5.403195e+04
  2.661220e+01  4.808435e+04
  2.592290e+01  4.239495e+04
  2.525140e+01  3.751675e+04
  2.459730e+01  3.276840e+04
  2.396010e+01  2.851655e+04
  2.333950e+01  2.471770e+04
  2.273490e+01  2.116020e+04
  2.214600e+01  1.773430e+04
  2.157230e+01  1.487455e+04
  2.101350e+01  1.235690e+04
  2.046920e+01  1.031275e+04
  1.993900e+01  8.507460e+03
  1.942250e+01  7.256960e+03
  1.891940e+01  6.193535e+03
  1.842930e+01  5.554825e+03
  1.795200e+01  4.786080e+03
  1.748690e+01  4.508055e+03
  1.703400e+01  4.184550e+03
  1.659270e+01  3.998120e+03
  1.616290e+01  3.889205e+03
  1.574430e+01  3.839880e+03
  1.533640e+01  3.588760e+03
  1.493920e+01  3.502915e+03
  1.455220e+01  3.190940e+03
  1.417520e+01  2.717510e+03
  1.380800e+01  2.094835e+03
  1.345040e+01  1.615650e+03
  1.310200e+01  1.236390e+03
  1.276260e+01  1.041006e+03
  1.243200e+01  8.750890e+02
  1.211000e+01  8.328085e+02
  1.179630e+01  7.584965e+02
  1.149070e+01  7.520905e+02
  1.119310e+01  7.674640e+02
  1.090310e+01  7.450420e+02
  1.062070e+01  7.482465e+02
  1.034560e+01  6.957150e+02
  1.007760e+01  6.591995e+02
  9.816600e+00  6.188405e+02
  9.562300e+00  5.631075e+02
  9.314600e+00  5.035280e+02
  9.073300e+00  4.292165e+02
  8.838300e+00  3.299195e+02
  8.609300e+00  3.139055e+02
  8.386300e+00  2.863580e+02
  8.169100e+00  2.479205e+02
  7.957500e+00  2.607335e+02
  7.751400e+00  3.036545e+02
  7.550600e+00  3.824515e+02
  7.355000e+00  4.099990e+02
  7.164500e+00  3.561855e+02
  6.978900e+00  3.606700e+02
  6.798100e+00  3.177495e+02
  6.622000e+00  2.978900e+02
  6.450500e+00  2.978895e+02
  6.283400e+00  2.793130e+02
  6.120600e+00  2.588115e+02
  5.962100e+00  2.395925e+02
  5.807600e+00  2.536865e+02
  5.657200e+00  2.216550e+02
  5.510700e+00  2.447170e+02
  5.367900e+00  2.114050e+02
  5.228900e+00  1.992330e+02
  5.093400e+00  2.120460e+02
  4.961500e+00  1.979525e+02
  4.833000e+00  1.921870e+02
  4.707800e+00  1.652810e+02
  4.585800e+00  1.633580e+02
  4.467100e+00  1.684835e+02
  4.351300e+00  1.473430e+02
  4.238600e+00  1.665620e+02
  4.128800e+00  1.531080e+02
  4.021900e+00  1.569525e+02
  3.917700e+00  1.338895e+02
  3.816200e+00  1.383735e+02
  3.717400e+00  1.255605e+02
  3.621100e+00  1.159520e+02
  3.527300e+00  1.191560e+02
  3.435900e+00  1.050615e+02
  3.346900e+00  1.076250e+02
  3.260200e+00  8.968640e+01
  3.175800e+00  8.712405e+01
  3.093500e+00  4.996845e+01
  3.013400e+00  4.228090e+01
  2.935300e+00  4.612450e+01
  2.859300e+00  6.214010e+01
  2.785200e+00  8.840590e+01
  2.713100e+00  7.046860e+01
  2.642800e+00  7.751535e+01
  2.574300e+00  8.263995e+01
  2.507600e+00  6.085915e+01
  2.442700e+00  6.726550e+01
  2.379400e+00  6.406190e+01
  2.317800e+00  6.726520e+01
  2.257700e+00  5.893730e+01
  2.199300e+00  6.662490e+01
  2.142300e+00  4.932765e+01
  2.086800e+00  5.573410e+01
  2.032700e+00  6.085910e+01
  1.980100e+00  6.726515e+01
  1.928800e+00  5.060920e+01
  1.878800e+00  4.228100e+01
  1.830200e+00  5.573410e+01
  1.782800e+00  7.238976e+01
  1.736600e+00  4.996840e+01
  1.691600e+00  3.971845e+01
  1.647800e+00  4.548415e+01
  1.605100e+00  3.651545e+01
  1.563500e+00  2.818735e+01
  1.523000e+00  3.395285e+01
  1.483600e+00  3.203115e+01
  1.445100e+00  3.267165e+01
  1.407700e+00  2.690610e+01
  1.371200e+00  2.754660e+01
  1.335700e+00  2.882780e+01
  1.301100e+00  2.946845e+01
  1.267400e+00  1.921840e+01
  1.234600e+00  1.857790e+01
  1.202600e+00  1.729670e+01
  1.171500e+00  1.857790e+01
  1.141100e+00  2.049975e+01
  1.111600e+00  2.114035e+01
  1.082800e+00  1.729655e+01
  1.054700e+00  2.242160e+01
  1.027400e+00  1.857785e+01
  1.000800e+00  1.665595e+01
  9.749000e-01  1.793725e+01
  9.496000e-01  1.217160e+01
  9.250000e-01  1.281230e+01
  9.010000e-01  9.609150e+00
  8.777000e-01  1.089045e+01
  8.550000e-01  1.217170e+01
  8.328000e-01  1.857785e+01
  8.113000e-01  1.985915e+01
  7.902000e-01  1.793725e+01
  7.698000e-01  2.562485e+01
  7.498000e-01  2.562475e+01
  7.304000e-01  2.178105e+01
  7.115000e-01  2.690600e+01
  6.931000e-01  5.637470e+01
  6.751000e-01  4.644505e+02
  6.576000e-01  3.504210e+02
  6.406000e-01  1.112120e+03
  6.240000e-01  3.670755e+02
  6.078000e-01  4.292160e+01
  5.921000e-01  4.099955e+01
  5.767000e-01  4.548410e+01
  5.618000e-01  4.228095e+01
  5.472000e-01  3.459360e+01
  5.331000e-01  4.612470e+01
  5.193000e-01  5.124975e+01
  5.058000e-01  4.996845e+01
  4.927000e-01  1.005772e+02
  4.799000e-01  1.229990e+02
  4.675000e-01  8.392090e+01
  4.554000e-01  6.149970e+01
  4.436000e-01  1.479825e+02
  4.321000e-01  1.223587e+02
  4.209000e-01  1.229990e+02
  4.100000e-01  7.495274e+01
  3.994000e-01  1.351705e+02
  3.891000e-01  2.882800e+02
  3.790000e-01  2.299825e+02
  3.692000e-01  5.317145e+01
  3.596000e-01  4.035910e+01
  3.503000e-01  3.459355e+01
  3.412000e-01  3.715585e+01
  3.324000e-01  3.395280e+01
  3.238000e-01  4.292145e+01
  3.154000e-01  4.164040e+01
  3.072000e-01  6.214025e+01
  2.992000e-01  9.096760e+01
  2.915000e-01  1.140310e+02
  2.839000e-01  1.076235e+02
  2.766000e-01  4.548420e+01
  2.694000e-01  1.678420e+02
  2.624000e-01  4.119195e+02
  2.556000e-01  4.317800e+02
  2.490000e-01  1.607955e+02
  2.426000e-01  1.428575e+02
  2.363000e-01  1.415765e+02
  2.302000e-01  1.031395e+02
  2.242000e-01  6.406200e+01
  2.184000e-01  6.214035e+01
  2.127000e-01  4.932785e+01
  2.072000e-01  5.060910e+01
  2.019000e-01  5.637465e+01
  1.966000e-01  6.790605e+01
  1.915000e-01  1.210770e+02
  1.866000e-01  1.601550e+02
  1.817000e-01  1.031393e+02
  1.770000e-01  4.676535e+01
  1.725000e-01  5.317130e+01
  1.680000e-01  7.174960e+01
  1.636000e-01  5.445275e+01
  1.594000e-01  7.303065e+01
  1.553000e-01  6.854625e+01
  1.512000e-01  6.085905e+01
  1.473000e-01  7.495235e+01
  1.435000e-01  1.185145e+02
  1.398000e-01  1.140315e+02
  1.362000e-01  1.005769e+02
  1.326000e-01  9.481215e+01
  1.292000e-01  9.353070e+01
  1.259000e-01  1.044210e+02
  1.226000e-01  1.857800e+02
  1.194000e-01  2.062800e+02
  1.163000e-01  1.435000e+02
  1.133000e-01  1.358115e+02
  1.104000e-01  1.575925e+02
  1.075000e-01  1.428585e+02
  1.047000e-01  1.575920e+02
  1.020000e-01  1.716860e+02
  9.940000e-02  1.851400e+02
  9.680000e-02  1.787340e+02
  9.430000e-02  1.659200e+02
  9.190000e-02  1.742490e+02
  8.950000e-02  2.005155e+02
  8.720000e-02  1.947485e+02
  8.490000e-02  2.030775e+02
  8.270000e-02  1.921855e+02
  8.060000e-02  1.902645e+02
  7.850000e-02  2.184515e+02
  7.640000e-02  1.934680e+02
  7.450000e-02  1.889830e+02
  7.250000e-02  1.877025e+02
  7.070000e-02  2.011540e+02
  6.880000e-02  1.582340e+02
  6.700000e-02  1.575925e+02
  6.530000e-02  1.505455e+02
  6.360000e-02  1.563125e+02
  6.200000e-02  1.543895e+02
  6.040000e-02  1.185150e+02
  5.880000e-02  1.242800e+02
  5.730000e-02  1.108275e+02
  5.580000e-02  1.082642e+02
  5.430000e-02  9.801440e+01
  5.290000e-02  7.367105e+01
  5.160000e-02  6.470280e+01
  5.020000e-02  7.431200e+01
  4.890000e-02  4.676535e+01
  4.770000e-02  6.342165e+01
  4.640000e-02  5.124945e+01
  4.520000e-02  5.124985e+01
  4.410000e-02  5.253110e+01
  4.290000e-02  4.228095e+01
  4.180000e-02  4.356225e+01
  4.070000e-02  3.907785e+01
  3.970000e-02  3.523415e+01
  3.860000e-02  3.331210e+01
  3.760000e-02  3.010915e+01
  3.670000e-02  2.114040e+01
  3.570000e-02  2.306220e+01
  3.480000e-02  1.985905e+01
  3.390000e-02  1.281220e+01
  3.300000e-02  1.729665e+01
  3.220000e-02  2.114040e+01
  3.130000e-02  1.281235e+01
  3.050000e-02  1.345300e+01
  2.970000e-02  1.153100e+01
  2.890000e-02  5.765450e+00
  2.820000e-02  8.968550e+00
  2.750000e-02  6.406050e+00
  2.680000e-02  4.484250e+00
  2.610000e-02  4.484250e+00
  2.540000e-02  3.843600e+00
  2.470000e-02  1.281200e+00
  2.410000e-02  3.203050e+00
  2.350000e-02  1.921850e+00
  2.290000e-02  2.562450e+00
  2.230000e-02  1.921800e+00
  2.170000e-02  6.406000e-01
  2.110000e-02  1.281200e+00
  2.060000e-02  0.000000e+00
  2.000000e-02  0.000000e+00
  1.950000e-02  1.281200e+00
  1.900000e-02  0.000000e+00
  1.850000e-02  1.281200e+00
  1.800000e-02  0.000000e+00
  1.760000e-02  6.406000e-01
  1.710000e-02  0.000000e+00
  1.670000e-02  6.406000e-01
  1.630000e-02  0.000000e+00
  1.580000e-02  6.406000e-01
  1.540000e-02  6.406000e-01
  1.500000e-02  0.000000e+00
  1.460000e-02  0.000000e+00
  1.430000e-02  0.000000e+00
  1.390000e-02  0.000000e+00
  1.350000e-02  0.000000e+00
  1.320000e-02  0.000000e+00
  1.280000e-02  0.000000e+00
  1.250000e-02  0.000000e+00
  1.220000e-02  6.406000e-01
  1.190000e-02  0.000000e+00
  1.160000e-02  0.000000e+00
  1.130000e-02  0.000000e+00
  1.100000e-02  0.000000e+00
  1.070000e-02  1.281200e+00
  1.040000e-02  0.000000e+00
  1.010000e-02  1.377335e+02
