  4.934820e+03  5.787770e+01
  4.806990e+03  0.000000e+00
  4.682470e+03  0.000000e+00
  4.561180e+03  0.000000e+00
  4.443030e+03  0.000000e+00
  4.327940e+03  0.000000e+00
  4.215830e+03  0.000000e+00
  4.106630e+03  0.000000e+00
  4.000250e+03  0.000000e+00
  3.896630e+03  0.000000e+00
  3.795700e+03  0.000000e+00
  3.697380e+03  0.000000e+00
  3.601600e+03  0.000000e+00
  3.508310e+03  0.000000e+00
  3.417430e+03  0.000000e+00
  3.328910e+03  0.000000e+00
  3.242680e+03  0.000000e+00
  3.158680e+03  0.000000e+00
  3.076860e+03  0.000000e+00
  2.997160e+03  0.000000e+00
  2.919530e+03  0.000000e+00
  2.843900e+03  4.134100e-01
  2.770230e+03  0.000000e+00
  2.698480e+03  0.000000e+00
  2.628580e+03  4.134100e-01
  2.560490e+03  0.000000e+00
  2.494160e+03  4.134100e-01
  2.429550e+03  0.000000e+00
  2.366620e+03  0.000000e+00
  2.305320e+03  4.134100e-01
  2.245600e+03  0.000000e+00
  2.187430e+03  0.000000e+00
  2.130770e+03  4.134100e-01
  2.075580e+03  4.134100e-01
  2.021810e+03  4.134100e-01
  1.969440e+03  4.134100e-01
  1.918430e+03  4.134100e-01
  1.868730e+03  4.134100e-01
  1.820330e+03  1.240230e+00
  1.773170e+03  1.240230e+00
  1.727240e+03  4.134100e-01
  1.682500e+03  1.653640e+00
  1.638920e+03  1.240230e+00
  1.596470e+03  1.653640e+00
  1.555110e+03  8.268200e-01
  1.514830e+03  1.240230e+00
  1.475590e+03  1.240230e+00
  1.437370e+03  2.067030e+00
  1.400140e+03  2.067050e+00
  1.363870e+03  8.268200e-01
  1.328540e+03  1.653640e+00
  1.294120e+03  1.653640e+00
  1.260600e+03  1.240230e+00
  1.227950e+03  2.480440e+00
  1.196140e+03  8.268200e-01
  1.165160e+03  1.240230e+00
  1.134980e+03  2.067050e+00
  1.105580e+03  2.480440e+00
  1.076940e+03  5.787680e+00
  1.049040e+03  2.893830e+00
  1.021870e+03  3.720670e+00
  9.953980e+02  4.960820e+00
  9.696140e+02  7.027930e+00
  9.444970e+02  4.547490e+00
  9.200320e+02  6.201090e+00
  8.962000e+02  8.681530e+00
  8.729850e+02  6.201130e+00
  8.503720e+02  1.074860e+01
  8.283450e+02  1.116205e+01
  8.068880e+02  1.281570e+01
  7.859870e+02  1.322900e+01
  7.656270e+02  1.529615e+01
  7.457950e+02  1.612290e+01
  7.264760e+02  2.315090e+01
  7.076580e+02  2.563140e+01
  6.893270e+02  2.645825e+01
  6.714710e+02  2.480460e+01
  6.540780e+02  2.521805e+01
  6.371350e+02  3.555345e+01
  6.206310e+02  4.547530e+01
  6.045550e+02  4.547510e+01
  5.888950e+02  5.498400e+01
  5.736410e+02  7.400065e+01
  5.587810e+02  6.242515e+01
  5.443070e+02  8.226910e+01
  5.302080e+02  8.061536e+01
  5.164740e+02  9.508505e+01
  5.030950e+02  1.062483e+02
  4.900630e+02  1.244365e+02
  4.773690e+02  1.471745e+02
  4.650040e+02  1.583365e+02
  4.529580e+02  1.773550e+02
  4.412250e+02  2.071190e+02
  4.297960e+02  2.273770e+02
  4.186630e+02  2.459800e+02
  4.078180e+02  2.984850e+02
  3.972540e+02  3.232875e+02
  3.869640e+02  3.733110e+02
  3.769400e+02  4.200270e+02
  3.671770e+02  4.613680e+02
  3.576650e+02  5.333020e+02
  3.484010e+02  5.841515e+02
  3.393760e+02  6.536055e+02
  3.305850e+02  7.515845e+02
  3.220220e+02  8.193845e+02
  3.136800e+02  9.132335e+02
  3.055550e+02  1.052555e+03
  2.976400e+02  1.173680e+03
  2.899300e+02  1.324570e+03
  2.824200e+02  1.502340e+03
  2.751040e+02  1.751215e+03
  2.679780e+02  1.867810e+03
  2.610370e+02  2.139405e+03
  2.542750e+02  2.452780e+03
  2.476890e+02  2.671475e+03
  2.412730e+02  3.035690e+03
  2.350230e+02  3.354425e+03
  2.289350e+02  3.833580e+03
  2.230050e+02  4.227560e+03
  2.172280e+02  4.767465e+03
  2.116010e+02  5.374360e+03
  2.061200e+02  5.941570e+03
  2.007810e+02  6.795255e+03
  1.955800e+02  7.526180e+03
  1.905140e+02  8.370380e+03
  1.855790e+02  9.590355e+03
  1.807720e+02  1.086410e+04
  1.760890e+02  1.199060e+04
  1.715280e+02  1.337345e+04
  1.670850e+02  1.479510e+04
  1.627570e+02  1.665100e+04
  1.585410e+02  1.848415e+04
  1.544340e+02  2.025735e+04
  1.504340e+02  2.265285e+04
  1.465370e+02  2.459435e+04
  1.427410e+02  2.746335e+04
  1.390440e+02  3.010350e+04
  1.354420e+02  3.298205e+04
  1.319340e+02  3.611660e+04
  1.285160e+02  3.930150e+04
  1.251870e+02  4.303545e+04
  1.219440e+02  4.665855e+04
  1.187850e+02  5.089405e+04
  1.157090e+02  5.555555e+04
  1.127110e+02  6.051520e+04
  1.097920e+02  6.583716e+04
  1.069480e+02  7.133175e+04
  1.041770e+02  7.783520e+04
  1.014790e+02  8.401116e+04
  9.885030e+01  9.080975e+04
  9.628970e+01  9.837395e+04
  9.379550e+01  1.060705e+05
  9.136590e+01  1.140675e+05
  8.899920e+01  1.218620e+05
  8.669380e+01  1.309990e+05
  8.444820e+01  1.404405e+05
  8.226070e+01  1.492135e+05
  8.012980e+01  1.591045e+05
  7.805420e+01  1.695640e+05
  7.603240e+01  1.796655e+05
  7.406290e+01  1.893125e+05
  7.214440e+01  1.991640e+05
  7.027560e+01  2.095170e+05
  6.845520e+01  2.195270e+05
  6.668200e+01  2.282875e+05
  6.495470e+01  2.361480e+05
  6.327220e+01  2.442010e+05
  6.163320e+01  2.507040e+05
  6.003670e+01  2.561370e+05
  5.848160e+01  2.609380e+05
  5.696670e+01  2.648315e+05
  5.549110e+01  2.695765e+05
  5.405370e+01  2.729455e+05
  5.265350e+01  2.745340e+05
  5.128960e+01  2.762950e+05
  4.996100e+01  2.772580e+05
  4.866690e+01  2.767260e+05
  4.740620e+01  2.746005e+05
  4.617830e+01  2.713265e+05
  4.498210e+01  2.661995e+05
  4.381690e+01  2.649915e+05
  4.268190e+01  2.614635e+05
  4.157630e+01  2.573695e+05
  4.049930e+01  2.531045e+05
  3.945030e+01  2.494720e+05
  3.842840e+01  2.450790e+05
  3.743290e+01  2.404890e+05
  3.646330e+01  2.361165e+05
  3.551880e+01  2.327400e+05
  3.459870e+01  2.274245e+05
  3.370250e+01  2.222870e+05
  3.282950e+01  2.172955e+05
  3.197910e+01  2.123215e+05
  3.115070e+01  2.074425e+05
  3.034380e+01  2.024960e+05
  2.955780e+01  1.975840e+05
  2.879220e+01  1.930965e+05
  2.804640e+01  1.872870e+05
  2.731990e+01  1.828935e+05
  2.661220e+01  1.778955e+05
  2.592290e+01  1.732885e+05
  2.525140e+01  1.687090e+05
  2.459730e+01  1.638695e+05
  2.396010e+01  1.596155e+05
  2.333950e+01  1.554240e+05
  2.273490e+01  1.513440e+05
  2.214600e+01  1.470050e+05
  2.157230e+01  1.429800e+05
  2.101350e+01  1.389285e+05
  2.046920e+01  1.348900e+05
  1.993900e+01  1.313370e+05
  1.942250e+01  1.275925e+05
  1.891940e+01  1.231230e+05
  1.842930e+01  1.208360e+05
  1.795200e+01  1.171015e+05
  1.748690e+01  1.151310e+05
  1.703400e+01  1.114050e+05
  1.659270e+01  1.098730e+05
  1.616290e+01  1.075825e+05
  1.574430e+01  1.051180e+05
  1.533640e+01  1.029425e+05
  1.493920e+01  1.005230e+05
  1.455220e+01  9.798950e+04
  1.417520e+01  9.467270e+04
  1.380800e+01  8.998080e+04
  1.345040e+01  8.569870e+04
  1.310200e+01  8.052765e+04
  1.276260e+01  7.616005e+04
  1.243200e+01  7.219380e+04
  1.211000e+01  6.881741e+04
  1.179630e+01  6.568950e+04
  1.149070e+01  6.244225e+04
  1.119310e+01  5.982815e+04
  1.090310e+01  5.816090e+04
  1.062070e+01  5.559895e+04
  1.034560e+01  5.336340e+04
  1.007760e+01  5.133630e+04
  9.816600e+00  4.912115e+04
  9.562300e+00  4.656545e+04
  9.314600e+00  4.450340e+04
  9.073300e+00  4.241730e+04
  8.838300e+00  3.992770e+04
  8.609300e+00  3.838330e+04
  8.386300e+00  3.686310e+04
  8.169100e+00  3.614760e+04
  7.957500e+00  3.642790e+04
  7.751400e+00  3.560890e+04
  7.550600e+00  3.623150e+04
  7.355000e+00  3.456590e+04
  7.164500e+00  3.259100e+04
  6.978900e+00  3.064470e+04
  6.798100e+00  2.866115e+04
  6.622000e+00  2.667210e+04
  6.450500e+00  2.483905e+04
  6.283400e+00  2.318300e+04
  6.120600e+00  2.154005e+04
  5.962100e+00  2.034280e+04
  5.807600e+00  1.899790e+04
  5.657200e+00  1.796685e+04
  5.510700e+00  1.724335e+04
  5.367900e+00  1.597055e+04
  5.228900e+00  1.506235e+04
  5.093400e+00  1.418830e+04
  4.961500e+00  1.328290e+04
  4.833000e+00  1.250935e+04
  4.707800e+00  1.175445e+04
  4.585800e+00  1.104025e+04
  4.467100e+00  1.046965e+04
  4.351300e+00  1.000251e+04
  4.238600e+00  9.458064e+03
  4.128800e+00  8.993795e+03
  4.021900e+00  8.740790e+03
  3.917700e+00  8.297180e+03
  3.816200e+00  7.899480e+03
  3.717400e+00  7.454665e+03
  3.621100e+00  7.228100e+03
  3.527300e+00  6.945340e+03
  3.435900e+00  6.627825e+03
  3.346900e+00  6.293375e+03
  3.260200e+00  5.768345e+03
  3.175800e+00  5.154005e+03
  3.093500e+00  4.449150e+03
  3.013400e+00  3.780250e+03
  2.935300e+00  4.013420e+03
  2.859300e+00  4.170920e+03
  2.785200e+00  4.446655e+03
  2.713100e+00  4.609965e+03
  2.642800e+00  4.507030e+03
  2.574300e+00  4.486765e+03
  2.507600e+00  4.289150e+03
  2.442700e+00  4.079545e+03
  2.379400e+00  3.977025e+03
  2.317800e+00  3.772800e+03
  2.257700e+00  3.778985e+03
  2.199300e+00  3.608680e+03
  2.142300e+00  3.434215e+03
  2.086800e+00  3.290765e+03
  2.032700e+00  3.208075e+03
  1.980100e+00  3.092740e+03
  1.928800e+00  2.948465e+03
  1.878800e+00  2.717775e+03
  1.830200e+00  2.733065e+03
  1.782800e+00  3.479285e+03
  1.736600e+00  2.713635e+03
  1.691600e+00  2.425895e+03
  1.647800e+00  2.143540e+03
  1.605100e+00  1.980235e+03
  1.563500e+00  1.891360e+03
  1.523000e+00  1.727645e+03
  1.483600e+00  1.568495e+03
  1.445100e+00  1.559800e+03
  1.407700e+00  1.459765e+03
  1.371200e+00  1.276210e+03
  1.335700e+00  1.209650e+03
  1.301100e+00  1.087275e+03
  1.267400e+00  9.611890e+02
  1.234600e+00  9.388665e+02
  1.202600e+00  9.438185e+02
  1.171500e+00  8.578320e+02
  1.141100e+00  8.979330e+02
  1.111600e+00  6.717945e+02
  1.082800e+00  5.969670e+02
  1.054700e+00  7.470370e+02
  1.027400e+00  5.903540e+02
  1.000800e+00  4.555800e+02
  9.749000e-01  5.841515e+02
  9.496000e-01  4.196145e+02
  9.250000e-01  4.187865e+02
  9.010000e-01  4.245745e+02
  8.777000e-01  4.522725e+02
  8.550000e-01  4.621955e+02
  8.328000e-01  4.683950e+02
  8.113000e-01  5.018825e+02
  7.902000e-01  4.841050e+02
  7.698000e-01  5.328890e+02
  7.498000e-01  6.044085e+02
  7.304000e-01  5.911790e+02
  7.115000e-01  5.936605e+02
  6.931000e-01  1.140190e+03
  6.751000e-01  8.895400e+03
  6.576000e-01  6.846115e+03
  6.406000e-01  2.116925e+04
  6.240000e-01  6.295045e+03
  6.078000e-01  9.326605e+02
  5.921000e-01  8.408805e+02
  5.767000e-01  8.355070e+02
  5.618000e-01  8.508015e+02
  5.472000e-01  8.789105e+02
  5.331000e-01  1.060815e+03
  5.193000e-01  9.615980e+02
  5.058000e-01  1.088925e+03
  4.927000e-01  2.152225e+03
  4.799000e-01  2.263850e+03
  4.675000e-01  1.357230e+03
  4.554000e-01  1.110835e+03
  4.436000e-01  2.514775e+03
  4.321000e-01  2.508575e+03
  4.209000e-01  2.213395e+03
  4.100000e-01  1.332840e+03
  3.994000e-01  2.626000e+03
  3.891000e-01  4.119655e+03
  3.790000e-01  4.137010e+03
  3.692000e-01  9.223260e+02
  3.596000e-01  7.511700e+02
  3.503000e-01  7.900315e+02
  3.412000e-01  7.056945e+02
  3.324000e-01  8.164915e+02
  3.238000e-01  6.618740e+02
  3.154000e-01  6.345875e+02
  3.072000e-01  9.996335e+02
  2.992000e-01  1.341940e+03
  2.915000e-01  1.759075e+03
  2.839000e-01  1.723945e+03
  2.766000e-01  7.697740e+02
  2.694000e-01  2.067890e+03
  2.624000e-01  5.889480e+03
  2.556000e-01  5.543030e+03
  2.490000e-01  1.800425e+03
  2.426000e-01  1.739220e+03
  2.363000e-01  1.959980e+03
  2.302000e-01  1.286540e+03
  2.242000e-01  8.268275e+02
  2.184000e-01  7.817630e+02
  2.127000e-01  8.739490e+02
  2.072000e-01  8.131825e+02
  2.019000e-01  7.842440e+02
  1.966000e-01  1.023195e+03
  1.915000e-01  1.885575e+03
  1.866000e-01  2.344465e+03
  1.817000e-01  1.391955e+03
  1.770000e-01  1.005002e+03
  1.725000e-01  1.092245e+03
  1.680000e-01  1.157140e+03
  1.636000e-01  1.145575e+03
  1.594000e-01  1.151775e+03
  1.553000e-01  1.298110e+03
  1.512000e-01  1.353925e+03
  1.473000e-01  1.285305e+03
  1.435000e-01  2.041435e+03
  1.398000e-01  1.446940e+03
  1.362000e-01  1.578815e+03
  1.326000e-01  1.751220e+03
  1.292000e-01  1.535835e+03
  1.259000e-01  1.758245e+03
  1.226000e-01  2.797140e+03
  1.194000e-01  2.550745e+03
  1.163000e-01  1.882690e+03
  1.133000e-01  1.814065e+03
  1.104000e-01  1.871105e+03
  1.075000e-01  1.853740e+03
  1.047000e-01  1.837620e+03
  1.020000e-01  1.888880e+03
  9.940000e-02  1.983130e+03
  9.680000e-02  2.007530e+03
  9.430000e-02  2.043510e+03
  9.190000e-02  1.957515e+03
  8.950000e-02  2.020350e+03
  8.720000e-02  1.998430e+03
  8.490000e-02  1.969920e+03
  8.270000e-02  2.024900e+03
  8.060000e-02  1.985210e+03
  7.850000e-02  2.025310e+03
  7.640000e-02  2.012910e+03
  7.450000e-02  2.087325e+03
  7.250000e-02  2.104685e+03
  7.070000e-02  2.104265e+03
  6.880000e-02  2.112540e+03
  6.700000e-02  2.131130e+03
  6.530000e-02  2.114190e+03
  6.360000e-02  2.061685e+03
  6.200000e-02  2.017870e+03
  6.040000e-02  2.014555e+03
  5.880000e-02  1.880605e+03
  5.730000e-02  1.827690e+03
  5.580000e-02  1.794220e+03
  5.430000e-02  1.716495e+03
  5.290000e-02  1.584615e+03
  5.160000e-02  1.514745e+03
  5.020000e-02  1.415940e+03
  4.890000e-02  1.375430e+03
  4.770000e-02  1.251005e+03
  4.640000e-02  1.169135e+03
  4.520000e-02  1.058745e+03
  4.410000e-02  1.041809e+03
  4.290000e-02  9.711030e+02
  4.180000e-02  9.450630e+02
  4.070000e-02  8.338535e+02
  3.970000e-02  7.805220e+02
  3.860000e-02  7.090020e+02
  3.760000e-02  6.436825e+02
  3.670000e-02  5.436365e+02
  3.570000e-02  4.977490e+02
  3.480000e-02  4.564070e+02
  3.390000e-02  3.956340e+02
  3.300000e-02  3.654560e+02
  3.220000e-02  2.980715e+02
  3.130000e-02  2.687185e+02
  3.050000e-02  2.385400e+02
  2.970000e-02  1.976115e+02
  2.890000e-02  1.690850e+02
  2.820000e-02  1.430395e+02
  2.750000e-02  1.306385e+02
  2.680000e-02  1.045935e+02
  2.610000e-02  8.144290e+01
  2.540000e-02  7.978885e+01
  2.470000e-02  5.953150e+01
  2.410000e-02  3.844710e+01
  2.350000e-02  4.175445e+01
  2.290000e-02  3.886070e+01
  2.230000e-02  2.067045e+01
  2.170000e-02  2.273755e+01
  2.110000e-02  2.067055e+01
  2.060000e-02  1.198885e+01
  2.000000e-02  1.116200e+01
  1.950000e-02  9.921829e+00
  1.900000e-02  5.787740e+00
  1.850000e-02  4.960880e+00
  1.800000e-02  4.547510e+00
  1.760000e-02  5.787660e+00
  1.710000e-02  5.374290e+00
  1.670000e-02  5.374250e+00
  1.630000e-02  2.067050e+00
  1.580000e-02  2.067050e+00
  1.540000e-02  2.893870e+00
  1.500000e-02  2.893850e+00
  1.460000e-02  2.067050e+00
  1.430000e-02  4.134090e+00
  1.390000e-02  4.960940e+00
  1.350000e-02  1.240230e+00
  1.320000e-02  2.067030e+00
  1.280000e-02  2.067050e+00
  1.250000e-02  2.480460e+00
  1.220000e-02  8.268200e-01
  1.190000e-02  1.240230e+00
  1.160000e-02  8.268200e-01
  1.130000e-02  8.268200e-01
  1.100000e-02  1.682585e+02
  1.070000e-02  2.463935e+02
  1.040000e-02  2.195210e+02
  1.010000e-02  1.808270e+03
