  4.934820e+03  0.000000e+00
  4.806990e+03  0.000000e+00
  4.682470e+03  0.000000e+00
  4.561180e+03  0.000000e+00
  4.443030e+03  0.000000e+00
  4.327940e+03  9.330000e-01
  4.215830e+03  0.000000e+00
  4.106630e+03  0.000000e+00
  4.000250e+03  0.000000e+00
  3.896630e+03  0.000000e+00
  3.795700e+03  0.000000e+00
  3.697380e+03  0.000000e+00
  3.601600e+03  0.000000e+00
  3.508310e+03  0.000000e+00
  3.417430e+03  0.000000e+00
  3.328910e+03  0.000000e+00
  3.242680e+03  0.000000e+00
  3.158680e+03  0.000000e+00
  3.076860e+03  0.000000e+00
  2.997160e+03  0.000000e+00
  2.919530e+03  0.000000e+00
  2.843900e+03  0.000000e+00
  2.770230e+03  0.000000e+00
  2.698480e+03  0.000000e+00
  2.628580e+03  0.000000e+00
  2.560490e+03  0.000000e+00
  2.494160e+03  0.000000e+00
  2.429550e+03  0.000000e+00
  2.366620e+03  0.000000e+00
  2.305320e+03  0.000000e+00
  2.245600e+03  0.000000e+00
  2.187430e+03  0.000000e+00
  2.130770e+03  0.000000e+00
  2.075580e+03  0.000000e+00
  2.021810e+03  0.000000e+00
  1.969440e+03  0.000000e+00
  1.918430e+03  0.000000e+00
  1.868730e+03  0.000000e+00
  1.820330e+03  0.000000e+00
  1.773170e+03  0.000000e+00
  1.727240e+03  0.000000e+00
  1.682500e+03  0.000000e+00
  1.638920e+03  9.330000e-01
  1.596470e+03  0.000000e+00
  1.555110e+03  9.330000e-01
  1.514830e+03  0.000000e+00
  1.475590e+03  0.000000e+00
  1.437370e+03  9.330000e-01
  1.400140e+03  0.000000e+00
  1.363870e+03  9.330000e-01
  1.328540e+03  1.866000e+00
  1.294120e+03  9.330000e-01
  1.260600e+03  0.000000e+00
  1.227950e+03  0.000000e+00
  1.196140e+03  0.000000e+00
  1.165160e+03  0.000000e+00
  1.134980e+03  0.000000e+00
  1.105580e+03  9.330000e-01
  1.076940e+03  9.330000e-01
  1.049040e+03  9.330000e-01
  1.021870e+03  0.000000e+00
  9.953980e+02  1.866000e+00
  9.696140e+02  1.866000e+00
  9.444970e+02  1.866000e+00
  9.200320e+02  9.330000e-01
  8.962000e+02  3.732000e+00
  8.729850e+02  1.866000e+00
  8.503720e+02  9.330000e-01
  8.283450e+02  2.799000e+00
  8.068880e+02  3.732000e+00
  7.859870e+02  1.866000e+00
  7.656270e+02  4.664950e+00
  7.457950e+02  6.530900e+00
  7.264760e+02  1.866000e+00
  7.076580e+02  2.799000e+00
  6.893270e+02  9.330000e+00
  6.714710e+02  1.586080e+01
  6.540780e+02  3.732000e+00
  6.371350e+02  1.212885e+01
  6.206310e+02  1.399480e+01
  6.045550e+02  1.026285e+01
  5.888950e+02  1.865970e+01
  5.736410e+02  4.664950e+00
  5.587810e+02  1.679375e+01
  5.443070e+02  1.492780e+01
  5.302080e+02  1.679380e+01
  5.164740e+02  2.519070e+01
  5.030950e+02  2.239175e+01
  4.900630e+02  2.519065e+01
  4.773690e+02  3.731945e+01
  4.650040e+02  3.545335e+01
  4.529580e+02  4.664920e+01
  4.412250e+02  4.851540e+01
  4.297960e+02  4.851520e+01
  4.186630e+02  5.318040e+01
  4.078180e+02  7.370634e+01
  3.972540e+02  7.650535e+01
  3.869640e+02  8.956740e+01
  3.769400e+02  1.072947e+02
  3.671770e+02  1.147590e+02
  3.576650e+02  1.222230e+02
  3.484010e+02  1.287540e+02
  3.393760e+02  1.595430e+02
  3.305850e+02  1.670070e+02
  3.220220e+02  1.810020e+02
  3.136800e+02  2.080590e+02
  3.055550e+02  2.351150e+02
  2.976400e+02  2.873620e+02
  2.899300e+02  2.677700e+02
  2.824200e+02  3.769265e+02
  2.751040e+02  3.340100e+02
  2.679780e+02  4.123785e+02
  2.610370e+02  4.991450e+02
  2.542750e+02  5.243360e+02
  2.476890e+02  5.709860e+02
  2.412730e+02  6.474920e+02
  2.350230e+02  7.435910e+02
  2.289350e+02  8.751429e+02
  2.230050e+02  9.068650e+02
  2.172280e+02  9.581735e+02
  2.116010e+02  1.115850e+03
  2.061200e+02  1.198885e+03
  2.007810e+02  1.375220e+03
  1.955800e+02  1.566485e+03
  1.905140e+02  1.773615e+03
  1.855790e+02  1.862250e+03
  1.807720e+02  2.197170e+03
  1.760890e+02  2.397770e+03
  1.715280e+02  2.662745e+03
  1.670850e+02  2.983690e+03
  1.627570e+02  3.232800e+03
  1.585410e+02  3.597595e+03
  1.544340e+02  3.832700e+03
  1.504340e+02  4.377585e+03
  1.465370e+02  4.540855e+03
  1.427410e+02  5.187410e+03
  1.390440e+02  5.590450e+03
  1.354420e+02  6.172635e+03
  1.319340e+02  6.635385e+03
  1.285160e+02  7.318345e+03
  1.251870e+02  7.834300e+03
  1.219440e+02  8.405280e+03
  1.187850e+02  9.099425e+03
  1.157090e+02  9.783295e+03
  1.127110e+02  1.067710e+04
  1.097920e+02  1.147380e+04
  1.069480e+02  1.233505e+04
  1.041770e+02  1.336315e+04
  1.014790e+02  1.451715e+04
  9.885030e+01  1.553515e+04
  9.628970e+01  1.643930e+04
  9.379550e+01  1.786115e+04
  9.136590e+01  1.917285e+04
  8.899920e+01  2.048550e+04
  8.669380e+01  2.208470e+04
  8.444820e+01  2.372490e+04
  8.226070e+01  2.536890e+04
  8.012980e+01  2.741300e+04
  7.805420e+01  2.903925e+04
  7.603240e+01  3.134460e+04
  7.406290e+01  3.336450e+04
  7.214440e+01  3.533215e+04
  7.027560e+01  3.769830e+04
  6.845520e+01  4.021265e+04
  6.668200e+01  4.256570e+04
  6.495470e+01  4.481595e+04
  6.327220e+01  4.672870e+04
  6.163320e+01  4.887085e+04
  6.003670e+01  5.064820e+04
  5.848160e+01  5.178630e+04
  5.696670e+01  5.328285e+04
  5.549110e+01  5.453510e+04
  5.405370e+01  5.656600e+04
  5.265350e+01  5.882115e+04
  5.128960e+01  6.138500e+04
  4.996100e+01  6.437330e+04
  4.866690e+01  6.630180e+04
  4.740620e+01  6.955890e+04
  4.617830e+01  7.151620e+04
  4.498210e+01  7.355105e+04
  4.381690e+01  7.453625e+04
  4.268190e+01  7.422645e+04
  4.157630e+01  7.503175e+04
  4.049930e+01  7.404925e+04
  3.945030e+01  7.378984e+04
  3.842840e+01  7.289425e+04
  3.743290e+01  7.168415e+04
  3.646330e+01  7.125315e+04
  3.551880e+01  7.071200e+04
  3.459870e+01  6.973990e+04
  3.370250e+01  6.888425e+04
  3.282950e+01  6.887130e+04
  3.197910e+01  6.791115e+04
  3.115070e+01  6.732430e+04
  3.034380e+01  6.712745e+04
  2.955780e+01  6.667030e+04
  2.879220e+01  6.570830e+04
  2.804640e+01  6.524195e+04
  2.731990e+01  6.447975e+04
  2.661220e+01  6.375565e+04
  2.592290e+01  6.315205e+04
  2.525140e+01  6.247365e+04
  2.459730e+01  6.169295e+04
  2.396010e+01  6.061990e+04
  2.333950e+01  5.974940e+04
  2.273490e+01  5.891715e+04
  2.214600e+01  5.793570e+04
  2.157230e+01  5.638505e+04
  2.101350e+01  5.501445e+04
  2.046920e+01  5.362990e+04
  1.993900e+01  5.173975e+04
  1.942250e+01  5.011825e+04
  1.891940e+01  4.864305e+04
  1.842930e+01  4.673890e+04
  1.795200e+01  4.534040e+04
  1.748690e+01  4.335855e+04
  1.703400e+01  4.218410e+04
  1.659270e+01  4.101320e+04
  1.616290e+01  3.984495e+04
  1.574430e+01  3.858090e+04
  1.533640e+01  3.667755e+04
  1.493920e+01  3.533675e+04
  1.455220e+01  3.376470e+04
  1.417520e+01  3.283365e+04
  1.380800e+01  3.079315e+04
  1.345040e+01  2.927995e+04
  1.310200e+01  2.729350e+04
  1.276260e+01  2.492005e+04
  1.243200e+01  2.265390e+04
  1.211000e+01  2.031580e+04
  1.179630e+01  1.764555e+04
  1.149070e+01  1.570790e+04
  1.119310e+01  1.401265e+04
  1.090310e+01  1.287805e+04
  1.062070e+01  1.166890e+04
  1.034560e+01  1.051760e+04
  1.007760e+01  9.309359e+03
  9.816600e+00  8.224285e+03
  9.562300e+00  7.305285e+03
  9.314600e+00  7.149475e+03
  9.073300e+00  7.948120e+03
  8.838300e+00  8.760745e+03
  8.609300e+00  9.990470e+03
  8.386300e+00  1.082730e+04
  8.169100e+00  1.123315e+04
  7.957500e+00  1.154665e+04
  7.751400e+00  1.130120e+04
  7.550600e+00  1.092525e+04
  7.355000e+00  1.002870e+04
  7.164500e+00  9.453936e+03
  6.978900e+00  9.224439e+03
  6.798100e+00  8.565744e+03
  6.622000e+00  8.190690e+03
  6.450500e+00  7.989165e+03
  6.283400e+00  7.391125e+03
  6.120600e+00  7.168140e+03
  5.962100e+00  6.695100e+03
  5.807600e+00  6.711905e+03
  5.657200e+00  6.484255e+03
  5.510700e+00  6.285545e+03
  5.367900e+00  6.261270e+03
  5.228900e+00  6.016840e+03
  5.093400e+00  5.889015e+03
  4.961500e+00  5.618455e+03
  4.833000e+00  5.446780e+03
  4.707800e+00  5.215390e+03
  4.585800e+00  4.925235e+03
  4.467100e+00  4.705055e+03
  4.351300e+00  4.760105e+03
  4.238600e+00  4.622945e+03
  4.128800e+00  4.399975e+03
  4.021900e+00  4.804890e+03
  3.917700e+00  4.423295e+03
  3.816200e+00  4.059425e+03
  3.717400e+00  3.792590e+03
  3.621100e+00  3.578010e+03
  3.527300e+00  3.407260e+03
  3.435900e+00  3.061120e+03
  3.346900e+00  2.847485e+03
  3.260200e+00  2.253155e+03
  3.175800e+00  1.565565e+03
  3.093500e+00  9.600465e+02
  3.013400e+00  7.491890e+02
  2.935300e+00  8.546165e+02
  2.859300e+00  1.105590e+03
  2.785200e+00  1.496505e+03
  2.713100e+00  1.953680e+03
  2.642800e+00  1.916360e+03
  2.574300e+00  1.734435e+03
  2.507600e+00  1.605670e+03
  2.442700e+00  1.466665e+03
  2.379400e+00  1.358425e+03
  2.317800e+00  1.265125e+03
  2.257700e+00  1.173690e+03
  2.199300e+00  1.088795e+03
  2.142300e+00  9.479150e+02
  2.086800e+00  8.070350e+02
  2.032700e+00  7.519880e+02
  1.980100e+00  8.816725e+02
  1.928800e+00  6.334970e+02
  1.878800e+00  5.597900e+02
  1.830200e+00  6.167030e+02
  1.782800e+00  9.889655e+02
  1.736600e+00  5.579240e+02
  1.691600e+00  3.797240e+02
  1.647800e+00  2.901605e+02
  1.605100e+00  2.537755e+02
  1.563500e+00  2.435120e+02
  1.523000e+00  1.949970e+02
  1.483600e+00  1.893990e+02
  1.445100e+00  1.576770e+02
  1.407700e+00  1.390170e+02
  1.371200e+00  1.156915e+02
  1.335700e+00  1.138257e+02
  1.301100e+00  1.026292e+02
  1.267400e+00  8.117030e+01
  1.234600e+00  7.930424e+01
  1.202600e+00  6.064425e+01
  1.171500e+00  4.944830e+01
  1.141100e+00  6.437620e+01
  1.111600e+00  4.011845e+01
  1.082800e+00  2.892260e+01
  1.054700e+00  3.918530e+01
  1.027400e+00  2.892255e+01
  1.000800e+00  2.705655e+01
  9.749000e-01  2.612365e+01
  9.496000e-01  2.239160e+01
  9.250000e-01  2.425755e+01
  9.010000e-01  2.425760e+01
  8.777000e-01  1.399485e+01
  8.550000e-01  1.586080e+01
  8.328000e-01  1.865970e+01
  8.113000e-01  1.865965e+01
  7.902000e-01  1.492785e+01
  7.698000e-01  7.463950e+00
  7.498000e-01  1.586075e+01
  7.304000e-01  1.399480e+01
  7.115000e-01  1.399480e+01
  6.931000e-01  3.731930e+01
  6.751000e-01  3.722605e+02
  6.576000e-01  2.677700e+02
  6.406000e-01  8.154300e+02
  6.240000e-01  2.864295e+02
  6.078000e-01  1.865970e+01
  5.921000e-01  1.399485e+01
  5.767000e-01  1.306185e+01
  5.618000e-01  1.212890e+01
  5.472000e-01  5.597950e+00
  5.331000e-01  2.705665e+01
  5.193000e-01  1.492780e+01
  5.058000e-01  2.239170e+01
  4.927000e-01  4.105135e+01
  4.799000e-01  4.198440e+01
  4.675000e-01  2.425770e+01
  4.554000e-01  2.052560e+01
  4.436000e-01  4.291740e+01
  4.321000e-01  4.944820e+01
  4.209000e-01  2.985545e+01
  4.100000e-01  1.492780e+01
  3.994000e-01  4.571650e+01
  3.891000e-01  7.650529e+01
  3.790000e-01  7.370635e+01
  3.692000e-01  2.052575e+01
  3.596000e-01  1.399485e+01
  3.503000e-01  1.119595e+01
  3.412000e-01  1.586080e+01
  3.324000e-01  1.212885e+01
  3.238000e-01  1.772675e+01
  3.154000e-01  1.399480e+01
  3.072000e-01  1.586080e+01
  2.992000e-01  2.425775e+01
  2.915000e-01  3.078850e+01
  2.839000e-01  4.011860e+01
  2.766000e-01  2.519055e+01
  2.694000e-01  4.571640e+01
  2.624000e-01  8.303630e+01
  2.556000e-01  1.016969e+02
  2.490000e-01  5.504620e+01
  2.426000e-01  3.358745e+01
  2.363000e-01  5.877820e+01
  2.302000e-01  3.545340e+01
  2.242000e-01  1.865970e+01
  2.184000e-01  1.586080e+01
  2.127000e-01  1.586075e+01
  2.072000e-01  1.212895e+01
  2.019000e-01  1.679365e+01
  1.966000e-01  1.772680e+01
  1.915000e-01  3.918535e+01
  1.866000e-01  3.452045e+01
  1.817000e-01  1.772670e+01
  1.770000e-01  1.119590e+01
  1.725000e-01  1.399485e+01
  1.680000e-01  1.306185e+01
  1.636000e-01  2.612350e+01
  1.594000e-01  2.612350e+01
  1.553000e-01  3.265435e+01
  1.512000e-01  2.052565e+01
  1.473000e-01  1.959265e+01
  1.435000e-01  2.985545e+01
  1.398000e-01  2.798945e+01
  1.362000e-01  3.078850e+01
  1.326000e-01  3.172150e+01
  1.292000e-01  2.332470e+01
  1.259000e-01  2.798955e+01
  1.226000e-01  4.291720e+01
  1.194000e-01  4.571640e+01
  1.163000e-01  3.078845e+01
  1.133000e-01  2.332460e+01
  1.104000e-01  3.265440e+01
  1.075000e-01  3.172150e+01
  1.047000e-01  2.985550e+01
  1.020000e-01  3.265445e+01
  9.940000e-02  3.731950e+01
  9.680000e-02  3.638645e+01
  9.430000e-02  2.798945e+01
  9.190000e-02  3.825250e+01
  8.950000e-02  4.011825e+01
  8.720000e-02  3.918550e+01
  8.490000e-02  4.571635e+01
  8.270000e-02  4.385025e+01
  8.060000e-02  3.731935e+01
  7.850000e-02  3.638650e+01
  7.640000e-02  4.198435e+01
  7.450000e-02  4.385045e+01
  7.250000e-02  5.038140e+01
  7.070000e-02  4.291725e+01
  6.880000e-02  3.078860e+01
  6.700000e-02  3.452035e+01
  6.530000e-02  3.545345e+01
  6.360000e-02  2.985560e+01
  6.200000e-02  4.758245e+01
  6.040000e-02  4.198435e+01
  5.880000e-02  2.892260e+01
  5.730000e-02  2.519070e+01
  5.580000e-02  3.731935e+01
  5.430000e-02  2.145870e+01
  5.290000e-02  2.705665e+01
  5.160000e-02  1.306185e+01
  5.020000e-02  2.332475e+01
  4.890000e-02  2.612360e+01
  4.770000e-02  1.865970e+01
  4.640000e-02  2.145865e+01
  4.520000e-02  1.959270e+01
  4.410000e-02  1.119585e+01
  4.290000e-02  1.679375e+01
  4.180000e-02  1.026290e+01
  4.070000e-02  1.492790e+01
  3.970000e-02  4.665000e+00
  3.860000e-02  6.531000e+00
  3.760000e-02  1.026295e+01
  3.670000e-02  1.026295e+01
  3.570000e-02  4.665000e+00
  3.480000e-02  4.665000e+00
  3.390000e-02  5.598000e+00
  3.300000e-02  5.597950e+00
  3.220000e-02  4.665000e+00
  3.130000e-02  5.597950e+00
  3.050000e-02  6.530900e+00
  2.970000e-02  2.799000e+00
  2.890000e-02  5.598000e+00
  2.820000e-02  5.597900e+00
  2.750000e-02  3.732000e+00
  2.680000e-02  3.732000e+00
  2.610000e-02  0.000000e+00
  2.540000e-02  0.000000e+00
  2.470000e-02  9.330000e-01
  2.410000e-02  0.000000e+00
  2.350000e-02  9.330000e-01
  2.290000e-02  9.330000e-01
  2.230000e-02  0.000000e+00
  2.170000e-02  0.000000e+00
  2.110000e-02  0.000000e+00
  2.060000e-02  0.000000e+00
  2.000000e-02  0.000000e+00
  1.950000e-02  9.330000e-01
  1.900000e-02  0.000000e+00
  1.850000e-02  0.000000e+00
  1.800000e-02  0.000000e+00
  1.760000e-02  9.330000e-01
  1.710000e-02  0.000000e+00
  1.670000e-02  0.000000e+00
  1.630000e-02  0.000000e+00
  1.580000e-02  0.000000e+00
  1.540000e-02  0.000000e+00
  1.500000e-02  9.330000e-01
  1.460000e-02  0.000000e+00
  1.430000e-02  0.000000e+00
  1.390000e-02  0.000000e+00
  1.350000e-02  0.000000e+00
  1.320000e-02  0.000000e+00
  1.280000e-02  0.000000e+00
  1.250000e-02  0.000000e+00
  1.220000e-02  9.330000e-01
  1.190000e-02  9.330000e-01
  1.160000e-02  0.000000e+00
  1.130000e-02  2.799000e+00
  1.100000e-02  9.330000e-01
  1.070000e-02  0.000000e+00
  1.040000e-02  0.000000e+00
  1.010000e-02  9.330000e-01
