  4.934820e+03  2.828940e+00
  4.806990e+03  0.000000e+00
  4.682470e+03  0.000000e+00
  4.561180e+03  0.000000e+00
  4.443030e+03  0.000000e+00
  4.327940e+03  0.000000e+00
  4.215830e+03  0.000000e+00
  4.106630e+03  3.143300e-01
  4.000250e+03  0.000000e+00
  3.896630e+03  0.000000e+00
  3.795700e+03  0.000000e+00
  3.697380e+03  0.000000e+00
  3.601600e+03  0.000000e+00
  3.508310e+03  0.000000e+00
  3.417430e+03  0.000000e+00
  3.328910e+03  0.000000e+00
  3.242680e+03  0.000000e+00
  3.158680e+03  0.000000e+00
  3.076860e+03  0.000000e+00
  2.997160e+03  0.000000e+00
  2.919530e+03  0.000000e+00
  2.843900e+03  0.000000e+00
  2.770230e+03  3.143300e-01
  2.698480e+03  0.000000e+00
  2.628580e+03  0.000000e+00
  2.560490e+03  3.143300e-01
  2.494160e+03  3.143300e-01
  2.429550e+03  0.000000e+00
  2.366620e+03  0.000000e+00
  2.305320e+03  3.143300e-01
  2.245600e+03  6.286600e-01
  2.187430e+03  3.143300e-01
  2.130770e+03  3.143300e-01
  2.075580e+03  0.000000e+00
  2.021810e+03  6.286600e-01
  1.969440e+03  0.000000e+00
  1.918430e+03  1.257320e+00
  1.868730e+03  3.143300e-01
  1.820330e+03  0.000000e+00
  1.773170e+03  1.257310e+00
  1.727240e+03  3.143300e-01
  1.682500e+03  3.143300e-01
  1.638920e+03  6.286600e-01
  1.596470e+03  9.429801e-01
  1.555110e+03  3.143300e-01
  1.514830e+03  9.429901e-01
  1.475590e+03  9.429901e-01
  1.437370e+03  1.571650e+00
  1.400140e+03  1.885980e+00
  1.363870e+03  6.286600e-01
  1.328540e+03  9.429901e-01
  1.294120e+03  1.571660e+00
  1.260600e+03  1.885980e+00
  1.227950e+03  1.571640e+00
  1.196140e+03  2.514640e+00
  1.165160e+03  1.885980e+00
  1.134980e+03  2.200300e+00
  1.105580e+03  2.828950e+00
  1.076940e+03  3.457610e+00
  1.049040e+03  3.771930e+00
  1.021870e+03  3.771930e+00
  9.953980e+02  2.828970e+00
  9.696140e+02  5.972220e+00
  9.444970e+02  6.286570e+00
  9.200320e+02  7.858210e+00
  8.962000e+02  5.029250e+00
  8.729850e+02  7.229580e+00
  8.503720e+02  9.429900e+00
  8.283450e+02  1.068714e+01
  8.068880e+02  8.801170e+00
  7.859870e+02  1.005854e+01
  7.656270e+02  1.320180e+01
  7.457950e+02  1.288750e+01
  7.264760e+02  1.885970e+01
  7.076580e+02  1.791675e+01
  6.893270e+02  2.074570e+01
  6.714710e+02  2.231735e+01
  6.540780e+02  2.546050e+01
  6.371350e+02  2.860385e+01
  6.206310e+02  2.766090e+01
  6.045550e+02  3.174710e+01
  5.888950e+02  3.960530e+01
  5.736410e+02  4.463495e+01
  5.587810e+02  5.406490e+01
  5.443070e+02  5.500740e+01
  5.302080e+02  5.720780e+01
  5.164740e+02  6.789475e+01
  5.030950e+02  8.046830e+01
  4.900630e+02  8.612655e+01
  4.773690e+02  1.037287e+02
  4.650040e+02  1.081285e+02
  4.529580e+02  1.317030e+02
  4.412250e+02  1.238450e+02
  4.297960e+02  1.533925e+02
  4.186630e+02  1.788515e+02
  4.078180e+02  1.995995e+02
  3.972540e+02  2.043130e+02
  3.869640e+02  2.561785e+02
  3.769400e+02  2.784970e+02
  3.671770e+02  2.992410e+02
  3.576650e+02  3.492195e+02
  3.484010e+02  3.806510e+02
  3.393760e+02  4.463470e+02
  3.305850e+02  4.812385e+02
  3.220220e+02  5.472450e+02
  3.136800e+02  6.041390e+02
  3.055550e+02  6.622910e+02
  2.976400e+02  7.572170e+02
  2.899300e+02  8.153685e+02
  2.824200e+02  9.511535e+02
  2.751040e+02  1.056145e+03
  2.679780e+02  1.211425e+03
  2.610370e+02  1.287180e+03
  2.542750e+02  1.463200e+03
  2.476890e+02  1.660920e+03
  2.412730e+02  1.841025e+03
  2.350230e+02  2.059160e+03
  2.289350e+02  2.284860e+03
  2.230050e+02  2.606430e+03
  2.172280e+02  2.833665e+03
  2.116010e+02  3.242610e+03
  2.061200e+02  3.529600e+03
  2.007810e+02  3.932555e+03
  1.955800e+02  4.432350e+03
  1.905140e+02  4.933365e+03
  1.855790e+02  5.608565e+03
  1.807720e+02  6.234085e+03
  1.760890e+02  6.969290e+03
  1.715280e+02  7.683145e+03
  1.670850e+02  8.524285e+03
  1.627570e+02  9.616885e+03
  1.585410e+02  1.048070e+04
  1.544340e+02  1.144735e+04
  1.504340e+02  1.261930e+04
  1.465370e+02  1.394670e+04
  1.427410e+02  1.523730e+04
  1.390440e+02  1.662495e+04
  1.354420e+02  1.807580e+04
  1.319340e+02  1.985080e+04
  1.285160e+02  2.140285e+04
  1.251870e+02  2.336435e+04
  1.219440e+02  2.515515e+04
  1.187850e+02  2.750310e+04
  1.157090e+02  2.969270e+04
  1.127110e+02  3.209385e+04
  1.097920e+02  3.469255e+04
  1.069480e+02  3.737930e+04
  1.041770e+02  4.068295e+04
  1.014790e+02  4.368000e+04
  9.885030e+01  4.714080e+04
  9.628970e+01  5.060665e+04
  9.379550e+01  5.464600e+04
  9.136590e+01  5.843495e+04
  8.899920e+01  6.272745e+04
  8.669380e+01  6.708241e+04
  8.444820e+01  7.139480e+04
  8.226070e+01  7.633315e+04
  8.012980e+01  8.190865e+04
  7.805420e+01  8.652045e+04
  7.603240e+01  9.222305e+04
  7.406290e+01  9.722180e+04
  7.214440e+01  1.027295e+05
  7.027560e+01  1.086115e+05
  6.845520e+01  1.136585e+05
  6.668200e+01  1.193650e+05
  6.495470e+01  1.243250e+05
  6.327220e+01  1.283860e+05
  6.163320e+01  1.320520e+05
  6.003670e+01  1.344520e+05
  5.848160e+01  1.371350e+05
  5.696670e+01  1.389795e+05
  5.549110e+01  1.406725e+05
  5.405370e+01  1.424090e+05
  5.265350e+01  1.443325e+05
  5.128960e+01  1.455905e+05
  4.996100e+01  1.470950e+05
  4.866690e+01  1.471150e+05
  4.740620e+01  1.464025e+05
  4.617830e+01  1.453600e+05
  4.498210e+01  1.422260e+05
  4.381690e+01  1.399305e+05
  4.268190e+01  1.369910e+05
  4.157630e+01  1.326800e+05
  4.049930e+01  1.283205e+05
  3.945030e+01  1.239475e+05
  3.842840e+01  1.202150e+05
  3.743290e+01  1.162220e+05
  3.646330e+01  1.125105e+05
  3.551880e+01  1.088280e+05
  3.459870e+01  1.046520e+05
  3.370250e+01  1.001260e+05
  3.282950e+01  9.632100e+04
  3.197910e+01  9.218000e+04
  3.115070e+01  8.778420e+04
  3.034380e+01  8.429559e+04
  2.955780e+01  7.978655e+04
  2.879220e+01  7.563125e+04
  2.804640e+01  7.182505e+04
  2.731990e+01  6.734984e+04
  2.661220e+01  6.315210e+04
  2.592290e+01  5.941095e+04
  2.525140e+01  5.523290e+04
  2.459730e+01  5.094790e+04
  2.396010e+01  4.734135e+04
  2.333950e+01  4.341815e+04
  2.273490e+01  3.949890e+04
  2.214600e+01  3.554870e+04
  2.157230e+01  3.187730e+04
  2.101350e+01  2.816230e+04
  2.046920e+01  2.488670e+04
  1.993900e+01  2.196635e+04
  1.942250e+01  1.910105e+04
  1.891940e+01  1.690930e+04
  1.842930e+01  1.590950e+04
  1.795200e+01  1.472655e+04
  1.748690e+01  1.459465e+04
  1.703400e+01  1.430355e+04
  1.659270e+01  1.456945e+04
  1.616290e+01  1.502010e+04
  1.574430e+01  1.542030e+04
  1.533640e+01  1.590025e+04
  1.493920e+01  1.605940e+04
  1.455220e+01  1.551250e+04
  1.417520e+01  1.420615e+04
  1.380800e+01  1.183465e+04
  1.345040e+01  8.984766e+03
  1.310200e+01  6.356040e+03
  1.276260e+01  4.400920e+03
  1.243200e+01  2.967260e+03
  1.211000e+01  1.990640e+03
  1.179630e+01  1.328660e+03
  1.149070e+01  9.429865e+02
  1.119310e+01  7.113255e+02
  1.090310e+01  5.761635e+02
  1.062070e+01  4.868955e+02
  1.034560e+01  3.856815e+02
  1.007760e+01  3.385315e+02
  9.816600e+00  2.778645e+02
  9.562300e+00  2.354315e+02
  9.314600e+00  2.244300e+02
  9.073300e+00  2.605780e+02
  8.838300e+00  3.300455e+02
  8.609300e+00  4.846955e+02
  8.386300e+00  7.216980e+02
  8.169100e+00  1.182170e+03
  7.957500e+00  2.025845e+03
  7.751400e+00  2.609875e+03
  7.550600e+00  3.585550e+03
  7.355000e+00  3.623890e+03
  7.164500e+00  3.225320e+03
  6.978900e+00  2.910045e+03
  6.798100e+00  2.504885e+03
  6.622000e+00  2.116375e+03
  6.450500e+00  1.804245e+03
  6.283400e+00  1.502800e+03
  6.120600e+00  1.281515e+03
  5.962100e+00  1.130960e+03
  5.807600e+00  1.035395e+03
  5.657200e+00  9.794440e+02
  5.510700e+00  9.307275e+02
  5.367900e+00  8.081400e+02
  5.228900e+00  7.122690e+02
  5.093400e+00  6.415450e+02
  4.961500e+00  6.079115e+02
  4.833000e+00  5.277575e+02
  4.707800e+00  4.793510e+02
  4.585800e+00  4.416325e+02
  4.467100e+00  3.731085e+02
  4.351300e+00  3.690210e+02
  4.238600e+00  3.649355e+02
  4.128800e+00  3.375890e+02
  4.021900e+00  3.426185e+02
  3.917700e+00  3.004985e+02
  3.816200e+00  2.762960e+02
  3.717400e+00  2.536630e+02
  3.621100e+00  2.429755e+02
  3.527300e+00  2.175145e+02
  3.435900e+00  1.958265e+02
  3.346900e+00  1.870255e+02
  3.260200e+00  1.518205e+02
  3.175800e+00  1.172435e+02
  3.093500e+00  8.581226e+01
  3.013400e+00  7.103845e+01
  2.935300e+00  7.638185e+01
  2.859300e+00  8.549845e+01
  2.785200e+00  1.175590e+02
  2.713100e+00  1.247875e+02
  2.642800e+00  1.238450e+02
  2.574300e+00  1.291890e+02
  2.507600e+00  1.056145e+02
  2.442700e+00  1.159865e+02
  2.379400e+00  1.062430e+02
  2.317800e+00  1.068710e+02
  2.257700e+00  9.272660e+01
  2.199300e+00  9.649865e+01
  2.142300e+00  8.581170e+01
  2.086800e+00  9.146885e+01
  2.032700e+00  8.329750e+01
  1.980100e+00  9.587060e+01
  1.928800e+00  8.046820e+01
  1.878800e+00  6.946655e+01
  1.830200e+00  7.198165e+01
  1.782800e+00  1.018416e+02
  1.736600e+00  8.109700e+01
  1.691600e+00  6.820970e+01
  1.647800e+00  5.186425e+01
  1.605100e+00  4.777795e+01
  1.563500e+00  4.746365e+01
  1.523000e+00  4.872095e+01
  1.483600e+00  4.243430e+01
  1.445100e+00  4.054830e+01
  1.407700e+00  4.337740e+01
  1.371200e+00  3.489045e+01
  1.335700e+00  3.551910e+01
  1.301100e+00  3.111850e+01
  1.267400e+00  2.608930e+01
  1.234600e+00  2.891820e+01
  1.202600e+00  2.986115e+01
  1.171500e+00  2.860385e+01
  1.141100e+00  3.017550e+01
  1.111600e+00  1.728800e+01
  1.082800e+00  1.728805e+01
  1.054700e+00  3.017545e+01
  1.027400e+00  1.948835e+01
  1.000800e+00  1.571645e+01
  9.749000e-01  1.665940e+01
  9.496000e-01  1.665945e+01
  9.250000e-01  1.320180e+01
  9.010000e-01  1.665925e+01
  8.777000e-01  1.760245e+01
  8.550000e-01  1.980270e+01
  8.328000e-01  1.728810e+01
  8.113000e-01  2.168855e+01
  7.902000e-01  2.137430e+01
  7.698000e-01  1.791670e+01
  7.498000e-01  1.823105e+01
  7.304000e-01  1.885970e+01
  7.115000e-01  2.168855e+01
  6.931000e-01  4.652065e+01
  6.751000e-01  3.309885e+02
  6.576000e-01  2.608940e+02
  6.406000e-01  8.263700e+02
  6.240000e-01  2.480055e+02
  6.078000e-01  3.143285e+01
  5.921000e-01  3.300445e+01
  5.767000e-01  3.237585e+01
  5.618000e-01  3.174715e+01
  5.472000e-01  3.269015e+01
  5.331000e-01  3.834800e+01
  5.193000e-01  3.489035e+01
  5.058000e-01  3.646210e+01
  4.927000e-01  7.072395e+01
  4.799000e-01  7.858255e+01
  4.675000e-01  4.714920e+01
  4.554000e-01  3.677640e+01
  4.436000e-01  7.543925e+01
  4.321000e-01  8.738350e+01
  4.209000e-01  7.481010e+01
  4.100000e-01  4.872090e+01
  3.994000e-01  9.021270e+01
  3.891000e-01  1.307600e+02
  3.790000e-01  1.411325e+02
  3.692000e-01  3.300450e+01
  3.596000e-01  2.357460e+01
  3.503000e-01  2.797530e+01
  3.412000e-01  2.766080e+01
  3.324000e-01  3.237590e+01
  3.238000e-01  2.514630e+01
  3.154000e-01  2.766090e+01
  3.072000e-01  3.048990e+01
  2.992000e-01  4.714920e+01
  2.915000e-01  6.380885e+01
  2.839000e-01  7.009540e+01
  2.766000e-01  3.457600e+01
  2.694000e-01  1.002709e+02
  2.624000e-01  2.480055e+02
  2.556000e-01  2.577500e+02
  2.490000e-01  1.018421e+02
  2.426000e-01  8.455420e+01
  2.363000e-01  9.838395e+01
  2.302000e-01  6.789510e+01
  2.242000e-01  4.526340e+01
  2.184000e-01  3.300455e+01
  2.127000e-01  4.463470e+01
  2.072000e-01  3.646210e+01
  2.019000e-01  3.991965e+01
  1.966000e-01  4.274860e+01
  1.915000e-01  9.869915e+01
  1.866000e-01  1.153580e+02
  1.817000e-01  6.569480e+01
  1.770000e-01  4.054835e+01
  1.725000e-01  4.369170e+01
  1.680000e-01  4.840660e+01
  1.636000e-01  4.903515e+01
  1.594000e-01  3.929100e+01
  1.553000e-01  4.589205e+01
  1.512000e-01  4.369165e+01
  1.473000e-01  4.494900e+01
  1.435000e-01  7.638170e+01
  1.398000e-01  6.066560e+01
  1.362000e-01  6.286570e+01
  1.326000e-01  6.506610e+01
  1.292000e-01  6.098005e+01
  1.259000e-01  6.538055e+01
  1.226000e-01  1.524495e+02
  1.194000e-01  1.112725e+02
  1.163000e-01  7.858175e+01
  1.133000e-01  7.889680e+01
  1.104000e-01  8.864110e+01
  1.075000e-01  9.838535e+01
  1.047000e-01  8.958505e+01
  1.020000e-01  9.681185e+01
  9.940000e-02  1.059293e+02
  9.680000e-02  1.078140e+02
  9.430000e-02  1.068715e+02
  9.190000e-02  9.209800e+01
  8.950000e-02  8.989775e+01
  8.720000e-02  8.518359e+01
  8.490000e-02  1.018421e+02
  8.270000e-02  1.015277e+02
  8.060000e-02  9.744355e+01
  7.850000e-02  1.018429e+02
  7.640000e-02  8.958505e+01
  7.450000e-02  8.989775e+01
  7.250000e-02  1.012128e+02
  7.070000e-02  9.115520e+01
  6.880000e-02  8.455435e+01
  6.700000e-02  9.146941e+01
  6.530000e-02  8.109685e+01
  6.360000e-02  7.826815e+01
  6.200000e-02  7.669625e+01
  6.040000e-02  6.946625e+01
  5.880000e-02  6.443785e+01
  5.730000e-02  6.097955e+01
  5.580000e-02  5.689350e+01
  5.430000e-02  5.406455e+01
  5.290000e-02  4.620630e+01
  5.160000e-02  4.306295e+01
  5.020000e-02  3.363305e+01
  4.890000e-02  3.111865e+01
  4.770000e-02  3.520480e+01
  4.640000e-02  2.891830e+01
  4.520000e-02  2.640360e+01
  4.410000e-02  2.263165e+01
  4.290000e-02  2.608925e+01
  4.180000e-02  2.797525e+01
  4.070000e-02  2.137440e+01
  3.970000e-02  2.074555e+01
  3.860000e-02  1.571645e+01
  3.760000e-02  1.288750e+01
  3.670000e-02  9.744150e+00
  3.570000e-02  8.801140e+00
  3.480000e-02  1.068723e+01
  3.390000e-02  1.068717e+01
  3.300000e-02  7.543920e+00
  3.220000e-02  6.915270e+00
  3.130000e-02  6.915220e+00
  3.050000e-02  4.714960e+00
  2.970000e-02  3.771930e+00
  2.890000e-02  5.343550e+00
  2.820000e-02  2.514630e+00
  2.750000e-02  3.771950e+00
  2.680000e-02  1.885980e+00
  2.610000e-02  2.514620e+00
  2.540000e-02  6.286600e-01
  2.470000e-02  1.571650e+00
  2.410000e-02  1.257310e+00
  2.350000e-02  9.429900e-01
  2.290000e-02  3.143300e-01
  2.230000e-02  3.143300e-01
  2.170000e-02  0.000000e+00
  2.110000e-02  3.143300e-01
  2.060000e-02  3.143300e-01
  2.000000e-02  0.000000e+00
  1.950000e-02  0.000000e+00
  1.900000e-02  3.143300e-01
  1.850000e-02  0.000000e+00
  1.800000e-02  0.000000e+00
  1.760000e-02  0.000000e+00
  1.710000e-02  0.000000e+00
  1.670000e-02  0.000000e+00
  1.630000e-02  0.000000e+00
  1.580000e-02  0.000000e+00
  1.540000e-02  0.000000e+00
  1.500000e-02  6.286600e-01
  1.460000e-02  0.000000e+00
  1.430000e-02  0.000000e+00
  1.390000e-02  0.000000e+00
  1.350000e-02  3.143300e-01
  1.320000e-02  0.000000e+00
  1.280000e-02  0.000000e+00
  1.250000e-02  0.000000e+00
  1.220000e-02  0.000000e+00
  1.190000e-02  0.000000e+00
  1.160000e-02  0.000000e+00
  1.130000e-02  0.000000e+00
  1.100000e-02  5.249285e+01
  1.070000e-02  7.669640e+01
  1.040000e-02  6.600930e+01
  1.010000e-02  4.994685e+02
