  4.934820e+03  4.651300e-01
  4.806990e+03  4.651300e-01
  4.682470e+03  0.000000e+00
  4.561180e+03  0.000000e+00
  4.443030e+03  0.000000e+00
  4.327940e+03  0.000000e+00
  4.215830e+03  0.000000e+00
  4.106630e+03  0.000000e+00
  4.000250e+03  0.000000e+00
  3.896630e+03  0.000000e+00
  3.795700e+03  0.000000e+00
  3.697380e+03  0.000000e+00
  3.601600e+03  0.000000e+00
  3.508310e+03  0.000000e+00
  3.417430e+03  0.000000e+00
  3.328910e+03  0.000000e+00
  3.242680e+03  0.000000e+00
  3.158680e+03  0.000000e+00
  3.076860e+03  0.000000e+00
  2.997160e+03  0.000000e+00
  2.919530e+03  0.000000e+00
  2.843900e+03  0.000000e+00
  2.770230e+03  0.000000e+00
  2.698480e+03  4.651300e-01
  2.628580e+03  0.000000e+00
  2.560490e+03  0.000000e+00
  2.494160e+03  0.000000e+00
  2.429550e+03  0.000000e+00
  2.366620e+03  0.000000e+00
  2.305320e+03  0.000000e+00
  2.245600e+03  0.000000e+00
  2.187430e+03  4.651300e-01
  2.130770e+03  0.000000e+00
  2.075580e+03  0.000000e+00
  2.021810e+03  9.302600e-01
  1.969440e+03  0.000000e+00
  1.918430e+03  0.000000e+00
  1.868730e+03  1.395390e+00
  1.820330e+03  4.651300e-01
  1.773170e+03  9.302600e-01
  1.727240e+03  9.302600e-01
  1.682500e+03  0.000000e+00
  1.638920e+03  4.651300e-01
  1.596470e+03  0.000000e+00
  1.555110e+03  9.302600e-01
  1.514830e+03  4.651300e-01
  1.475590e+03  9.302600e-01
  1.437370e+03  9.302600e-01
  1.400140e+03  1.395390e+00
  1.363870e+03  9.302600e-01
  1.328540e+03  1.860520e+00
  1.294120e+03  4.651300e-01
  1.260600e+03  1.395390e+00
  1.227950e+03  1.860520e+00
  1.196140e+03  1.860520e+00
  1.165160e+03  1.395390e+00
  1.134980e+03  2.790780e+00
  1.105580e+03  3.255900e+00
  1.076940e+03  1.860520e+00
  1.049040e+03  2.325640e+00
  1.021870e+03  2.790770e+00
  9.953980e+02  3.255910e+00
  9.696140e+02  4.651300e+00
  9.444970e+02  5.116420e+00
  9.200320e+02  6.976920e+00
  8.962000e+02  2.790770e+00
  8.729850e+02  6.046710e+00
  8.503720e+02  7.442050e+00
  8.283450e+02  3.721030e+00
  8.068880e+02  8.837430e+00
  7.859870e+02  1.069792e+01
  7.656270e+02  7.907190e+00
  7.457950e+02  1.534925e+01
  7.264760e+02  1.302360e+01
  7.076580e+02  1.488415e+01
  6.893270e+02  1.395385e+01
  6.714710e+02  1.488410e+01
  6.540780e+02  1.720975e+01
  6.371350e+02  1.814000e+01
  6.206310e+02  2.046565e+01
  6.045550e+02  2.418670e+01
  5.888950e+02  2.883790e+01
  5.736410e+02  3.302405e+01
  5.587810e+02  3.069850e+01
  5.443070e+02  3.628000e+01
  5.302080e+02  4.046605e+01
  5.164740e+02  4.976870e+01
  5.030950e+02  5.674550e+01
  4.900630e+02  6.325755e+01
  4.773690e+02  6.604836e+01
  4.650040e+02  8.651380e+01
  4.529580e+02  7.535090e+01
  4.412250e+02  9.860775e+01
  4.297960e+02  1.093055e+02
  4.186630e+02  1.130265e+02
  4.078180e+02  1.427950e+02
  3.972540e+02  1.432595e+02
  3.869640e+02  1.711690e+02
  3.769400e+02  1.897730e+02
  3.671770e+02  2.037265e+02
  3.576650e+02  2.227955e+02
  3.484010e+02  2.651230e+02
  3.393760e+02  2.725645e+02
  3.305850e+02  3.265190e+02
  3.220220e+02  3.488450e+02
  3.136800e+02  4.014055e+02
  3.055550e+02  4.288490e+02
  2.976400e+02  4.828040e+02
  2.899300e+02  5.330370e+02
  2.824200e+02  6.046665e+02
  2.751040e+02  6.981570e+02
  2.679780e+02  7.595545e+02
  2.610370e+02  8.251365e+02
  2.542750e+02  9.172360e+02
  2.476890e+02  1.073050e+03
  2.412730e+02  1.187470e+03
  2.350230e+02  1.290725e+03
  2.289350e+02  1.423760e+03
  2.230050e+02  1.550740e+03
  2.172280e+02  1.800520e+03
  2.116010e+02  1.960980e+03
  2.061200e+02  2.146560e+03
  2.007810e+02  2.420065e+03
  1.955800e+02  2.686095e+03
  1.905140e+02  3.086120e+03
  1.855790e+02  3.300080e+03
  1.807720e+02  3.732185e+03
  1.760890e+02  4.176860e+03
  1.715280e+02  4.550350e+03
  1.670850e+02  5.089430e+03
  1.627570e+02  5.597360e+03
  1.585410e+02  6.102015e+03
  1.544340e+02  6.709475e+03
  1.504340e+02  7.369025e+03
  1.465370e+02  7.964380e+03
  1.427410e+02  8.818365e+03
  1.390440e+02  9.454660e+03
  1.354420e+02  1.037745e+04
  1.319340e+02  1.136640e+04
  1.285160e+02  1.213475e+04
  1.251870e+02  1.335015e+04
  1.219440e+02  1.428925e+04
  1.187850e+02  1.554650e+04
  1.157090e+02  1.677725e+04
  1.127110e+02  1.822730e+04
  1.097920e+02  1.942795e+04
  1.069480e+02  2.096010e+04
  1.041770e+02  2.259125e+04
  1.014790e+02  2.424200e+04
  9.885030e+01  2.588020e+04
  9.628970e+01  2.796685e+04
  9.379550e+01  2.984040e+04
  9.136590e+01  3.220085e+04
  8.899920e+01  3.451155e+04
  8.669380e+01  3.653440e+04
  8.444820e+01  3.914565e+04
  8.226070e+01  4.182480e+04
  8.012980e+01  4.457880e+04
  7.805420e+01  4.796645e+04
  7.603240e+01  5.098090e+04
  7.406290e+01  5.394410e+04
  7.214440e+01  5.734565e+04
  7.027560e+01  6.072475e+04
  6.845520e+01  6.443515e+04
  6.668200e+01  6.830450e+04
  6.495470e+01  7.175635e+04
  6.327220e+01  7.480475e+04
  6.163320e+01  7.733360e+04
  6.003670e+01  8.000475e+04
  5.848160e+01  8.227884e+04
  5.696670e+01  8.399555e+04
  5.549110e+01  8.572680e+04
  5.405370e+01  8.834695e+04
  5.265350e+01  9.149195e+04
  5.128960e+01  9.469350e+04
  4.996100e+01  9.800891e+04
  4.866690e+01  1.012755e+05
  4.740620e+01  1.049340e+05
  4.617830e+01  1.078040e+05
  4.498210e+01  1.095700e+05
  4.381690e+01  1.099510e+05
  4.268190e+01  1.096715e+05
  4.157630e+01  1.088085e+05
  4.049930e+01  1.082355e+05
  3.945030e+01  1.070130e+05
  3.842840e+01  1.057585e+05
  3.743290e+01  1.039065e+05
  3.646330e+01  1.021355e+05
  3.551880e+01  1.006605e+05
  3.459870e+01  9.992870e+04
  3.370250e+01  9.828060e+04
  3.282950e+01  9.773225e+04
  3.197910e+01  9.602655e+04
  3.115070e+01  9.515041e+04
  3.034380e+01  9.359715e+04
  2.955780e+01  9.232465e+04
  2.879220e+01  9.156830e+04
  2.804640e+01  9.003495e+04
  2.731990e+01  8.895716e+04
  2.661220e+01  8.760690e+04
  2.592290e+01  8.619045e+04
  2.525140e+01  8.432215e+04
  2.459730e+01  8.259370e+04
  2.396010e+01  8.126330e+04
  2.333950e+01  7.928145e+04
  2.273490e+01  7.705835e+04
  2.214600e+01  7.508416e+04
  2.157230e+01  7.234234e+04
  2.101350e+01  6.977895e+04
  2.046920e+01  6.702500e+04
  1.993900e+01  6.408900e+04
  1.942250e+01  6.128760e+04
  1.891940e+01  5.858060e+04
  1.842930e+01  5.668190e+04
  1.795200e+01  5.467075e+04
  1.748690e+01  5.335025e+04
  1.703400e+01  5.237340e+04
  1.659270e+01  5.205010e+04
  1.616290e+01  5.150035e+04
  1.574430e+01  5.076875e+04
  1.533640e+01  5.024365e+04
  1.493920e+01  4.953190e+04
  1.455220e+01  4.800530e+04
  1.417520e+01  4.628035e+04
  1.380800e+01  4.326795e+04
  1.345040e+01  3.898620e+04
  1.310200e+01  3.465715e+04
  1.276260e+01  2.983800e+04
  1.243200e+01  2.546850e+04
  1.211000e+01  2.125130e+04
  1.179630e+01  1.749525e+04
  1.149070e+01  1.449680e+04
  1.119310e+01  1.238355e+04
  1.090310e+01  1.077475e+04
  1.062070e+01  9.472811e+03
  1.034560e+01  8.038340e+03
  1.007760e+01  6.925290e+03
  9.816600e+00  5.742470e+03
  9.562300e+00  4.990825e+03
  9.314600e+00  4.952680e+03
  9.073300e+00  6.064805e+03
  8.838300e+00  7.592745e+03
  8.609300e+00  9.588141e+03
  8.386300e+00  1.233290e+04
  8.169100e+00  1.506920e+04
  7.957500e+00  1.843070e+04
  7.751400e+00  2.001210e+04
  7.550600e+00  2.227405e+04
  7.355000e+00  2.169505e+04
  7.164500e+00  2.089120e+04
  6.978900e+00  1.994010e+04
  6.798100e+00  1.841350e+04
  6.622000e+00  1.723015e+04
  6.450500e+00  1.596130e+04
  6.283400e+00  1.474365e+04
  6.120600e+00  1.353515e+04
  5.962100e+00  1.255945e+04
  5.807600e+00  1.201980e+04
  5.657200e+00  1.141610e+04
  5.510700e+00  1.094870e+04
  5.367900e+00  1.020855e+04
  5.228900e+00  9.458850e+03
  5.093400e+00  8.724865e+03
  4.961500e+00  7.968095e+03
  4.833000e+00  7.195065e+03
  4.707800e+00  6.537845e+03
  4.585800e+00  5.799680e+03
  4.467100e+00  5.289905e+03
  4.351300e+00  4.933145e+03
  4.238600e+00  4.600115e+03
  4.128800e+00  4.161970e+03
  4.021900e+00  4.266155e+03
  3.917700e+00  3.660090e+03
  3.816200e+00  3.164715e+03
  3.717400e+00  2.880545e+03
  3.621100e+00  2.567965e+03
  3.527300e+00  2.314945e+03
  3.435900e+00  1.946100e+03
  3.346900e+00  1.643305e+03
  3.260200e+00  1.194440e+03
  3.175800e+00  7.172270e+02
  3.093500e+00  4.307085e+02
  3.013400e+00  3.274490e+02
  2.935300e+00  3.776845e+02
  2.859300e+00  4.930375e+02
  2.785200e+00  6.818770e+02
  2.713100e+00  8.637415e+02
  2.642800e+00  9.014185e+02
  2.574300e+00  8.051360e+02
  2.507600e+00  6.925755e+02
  2.442700e+00  6.897835e+02
  2.379400e+00  5.837345e+02
  2.317800e+00  5.562930e+02
  2.257700e+00  4.911755e+02
  2.199300e+00  4.502445e+02
  2.142300e+00  3.655905e+02
  2.086800e+00  3.483805e+02
  2.032700e+00  3.367530e+02
  1.980100e+00  3.321005e+02
  1.928800e+00  2.637275e+02
  1.878800e+00  2.079115e+02
  1.830200e+00  2.460525e+02
  1.782800e+00  3.348920e+02
  1.736600e+00  2.120985e+02
  1.691600e+00  1.716315e+02
  1.647800e+00  1.441895e+02
  1.605100e+00  1.283760e+02
  1.563500e+00  1.079099e+02
  1.523000e+00  9.674651e+01
  1.483600e+00  8.697916e+01
  1.445100e+00  7.162975e+01
  1.407700e+00  6.744335e+01
  1.371200e+00  6.465265e+01
  1.335700e+00  5.767565e+01
  1.301100e+00  4.930350e+01
  1.267400e+00  4.697800e+01
  1.234600e+00  3.721035e+01
  1.202600e+00  4.046615e+01
  1.171500e+00  4.279175e+01
  1.141100e+00  4.697795e+01
  1.111600e+00  2.465175e+01
  1.082800e+00  2.046565e+01
  1.054700e+00  3.348915e+01
  1.027400e+00  2.325640e+01
  1.000800e+00  1.488410e+01
  9.749000e-01  2.139595e+01
  9.496000e-01  1.860510e+01
  9.250000e-01  1.953535e+01
  9.010000e-01  1.534925e+01
  8.777000e-01  1.488405e+01
  8.550000e-01  1.767490e+01
  8.328000e-01  1.627955e+01
  8.113000e-01  1.581435e+01
  7.902000e-01  1.488409e+01
  7.698000e-01  1.348875e+01
  7.498000e-01  1.488415e+01
  7.304000e-01  1.488410e+01
  7.115000e-01  1.302355e+01
  6.931000e-01  2.837275e+01
  6.751000e-01  2.432615e+02
  6.576000e-01  1.925625e+02
  6.406000e-01  7.228080e+02
  6.240000e-01  2.139585e+02
  6.078000e-01  2.186105e+01
  5.921000e-01  1.907025e+01
  5.767000e-01  1.581440e+01
  5.618000e-01  1.953540e+01
  5.472000e-01  1.953535e+01
  5.331000e-01  1.674465e+01
  5.193000e-01  1.255850e+01
  5.058000e-01  1.907030e+01
  4.927000e-01  5.535015e+01
  4.799000e-01  3.860550e+01
  4.675000e-01  2.372150e+01
  4.554000e-01  1.720975e+01
  4.436000e-01  3.348930e+01
  4.321000e-01  3.814050e+01
  4.209000e-01  3.628005e+01
  4.100000e-01  1.814005e+01
  3.994000e-01  4.837330e+01
  3.891000e-01  7.674625e+01
  3.790000e-01  5.814090e+01
  3.692000e-01  1.534920e+01
  3.596000e-01  9.767670e+00
  3.503000e-01  8.837490e+00
  3.412000e-01  9.767690e+00
  3.324000e-01  1.162820e+01
  3.238000e-01  1.348870e+01
  3.154000e-01  9.767670e+00
  3.072000e-01  1.348875e+01
  2.992000e-01  2.000050e+01
  2.915000e-01  2.930305e+01
  2.839000e-01  3.023330e+01
  2.766000e-01  1.627950e+01
  2.694000e-01  4.465225e+01
  2.624000e-01  9.488651e+01
  2.556000e-01  1.083745e+02
  2.490000e-01  5.581525e+01
  2.426000e-01  2.837280e+01
  2.363000e-01  3.767540e+01
  2.302000e-01  2.558215e+01
  2.242000e-01  1.627955e+01
  2.184000e-01  1.302360e+01
  2.127000e-01  1.162820e+01
  2.072000e-01  1.534920e+01
  2.019000e-01  2.139595e+01
  1.966000e-01  1.209332e+01
  1.915000e-01  2.883795e+01
  1.866000e-01  3.627995e+01
  1.817000e-01  2.000045e+01
  1.770000e-01  1.302365e+01
  1.725000e-01  1.116303e+01
  1.680000e-01  1.814005e+01
  1.636000e-01  1.581435e+01
  1.594000e-01  1.767490e+01
  1.553000e-01  1.814000e+01
  1.512000e-01  1.814000e+01
  1.473000e-01  1.302365e+01
  1.435000e-01  2.186095e+01
  1.398000e-01  2.558210e+01
  1.362000e-01  1.395385e+01
  1.326000e-01  1.814005e+01
  1.292000e-01  1.953545e+01
  1.259000e-01  1.953540e+01
  1.226000e-01  3.441950e+01
  1.194000e-01  4.093115e+01
  1.163000e-01  2.372155e+01
  1.133000e-01  2.930320e+01
  1.104000e-01  2.465185e+01
  1.075000e-01  2.325640e+01
  1.047000e-01  2.093080e+01
  1.020000e-01  2.604725e+01
  9.940000e-02  3.395445e+01
  9.680000e-02  2.837280e+01
  9.430000e-02  2.883790e+01
  9.190000e-02  2.837285e+01
  8.950000e-02  2.558210e+01
  8.720000e-02  2.465180e+01
  8.490000e-02  2.418660e+01
  8.270000e-02  2.232620e+01
  8.060000e-02  2.837295e+01
  7.850000e-02  2.837280e+01
  7.640000e-02  2.558200e+01
  7.450000e-02  3.116365e+01
  7.250000e-02  3.162870e+01
  7.070000e-02  2.558210e+01
  6.880000e-02  2.883800e+01
  6.700000e-02  2.232615e+01
  6.530000e-02  2.325635e+01
  6.360000e-02  2.325640e+01
  6.200000e-02  2.697755e+01
  6.040000e-02  2.232610e+01
  5.880000e-02  2.000050e+01
  5.730000e-02  2.093080e+01
  5.580000e-02  1.348870e+01
  5.430000e-02  1.581440e+01
  5.290000e-02  1.395385e+01
  5.160000e-02  1.907025e+01
  5.020000e-02  1.767485e+01
  4.890000e-02  1.162825e+01
  4.770000e-02  1.302360e+01
  4.640000e-02  9.302530e+00
  4.520000e-02  9.302530e+00
  4.410000e-02  1.116310e+01
  4.290000e-02  1.162815e+01
  4.180000e-02  6.511800e+00
  4.070000e-02  9.302540e+00
  3.970000e-02  3.721030e+00
  3.860000e-02  6.511810e+00
  3.760000e-02  9.302560e+00
  3.670000e-02  4.186160e+00
  3.570000e-02  2.790780e+00
  3.480000e-02  3.721040e+00
  3.390000e-02  2.790780e+00
  3.300000e-02  2.790770e+00
  3.220000e-02  3.255920e+00
  3.130000e-02  9.302600e-01
  3.050000e-02  2.790790e+00
  2.970000e-02  1.395390e+00
  2.890000e-02  2.325650e+00
  2.820000e-02  9.302600e-01
  2.750000e-02  9.302600e-01
  2.680000e-02  9.302600e-01
  2.610000e-02  4.651300e-01
  2.540000e-02  4.651300e-01
  2.470000e-02  4.651300e-01
  2.410000e-02  0.000000e+00
  2.350000e-02  1.395390e+00
  2.290000e-02  4.651300e-01
  2.230000e-02  1.395390e+00
  2.170000e-02  4.651300e-01
  2.110000e-02  0.000000e+00
  2.060000e-02  0.000000e+00
  2.000000e-02  0.000000e+00
  1.950000e-02  0.000000e+00
  1.900000e-02  4.651300e-01
  1.850000e-02  0.000000e+00
  1.800000e-02  0.000000e+00
  1.760000e-02  4.651300e-01
  1.710000e-02  0.000000e+00
  1.670000e-02  9.302600e-01
  1.630000e-02  4.651300e-01
  1.580000e-02  0.000000e+00
  1.540000e-02  0.000000e+00
  1.500000e-02  0.000000e+00
  1.460000e-02  0.000000e+00
  1.430000e-02  0.000000e+00
  1.390000e-02  4.651300e-01
  1.350000e-02  0.000000e+00
  1.320000e-02  0.000000e+00
  1.280000e-02  0.000000e+00
  1.250000e-02  0.000000e+00
  1.220000e-02  0.000000e+00
  1.190000e-02  0.000000e+00
  1.160000e-02  0.000000e+00
  1.130000e-02  1.860520e+00
  1.100000e-02  8.418805e+01
  1.070000e-02  1.134915e+02
  1.040000e-02  1.060485e+02
  1.010000e-02  8.176945e+02
