  4.934820e+03  3.907415e+00
  4.806990e+03  0.000000e+00
  4.682470e+03  0.000000e+00
  4.561180e+03  0.000000e+00
  4.443030e+03  0.000000e+00
  4.327940e+03  0.000000e+00
  4.215830e+03  0.000000e+00
  4.106630e+03  0.000000e+00
  4.000250e+03  0.000000e+00
  3.896630e+03  0.000000e+00
  3.795700e+03  9.087000e-02
  3.697380e+03  9.087000e-02
  3.601600e+03  0.000000e+00
  3.508310e+03  0.000000e+00
  3.417430e+03  0.000000e+00
  3.328910e+03  0.000000e+00
  3.242680e+03  0.000000e+00
  3.158680e+03  9.087000e-02
  3.076860e+03  0.000000e+00
  2.997160e+03  0.000000e+00
  2.919530e+03  0.000000e+00
  2.843900e+03  0.000000e+00
  2.770230e+03  0.000000e+00
  2.698480e+03  9.087000e-02
  2.628580e+03  3.634800e-01
  2.560490e+03  1.817400e-01
  2.494160e+03  2.726100e-01
  2.429550e+03  9.087000e-02
  2.366620e+03  9.087000e-02
  2.305320e+03  9.087000e-02
  2.245600e+03  0.000000e+00
  2.187430e+03  2.726100e-01
  2.130770e+03  9.087000e-02
  2.075580e+03  9.087000e-02
  2.021810e+03  3.634800e-01
  1.969440e+03  2.726100e-01
  1.918430e+03  3.634800e-01
  1.868730e+03  4.543500e-01
  1.820330e+03  6.360900e-01
  1.773170e+03  7.269600e-01
  1.727240e+03  4.543500e-01
  1.682500e+03  3.634800e-01
  1.638920e+03  5.452200e-01
  1.596470e+03  6.360900e-01
  1.555110e+03  8.178300e-01
  1.514830e+03  5.452200e-01
  1.475590e+03  9.995700e-01
  1.437370e+03  6.360900e-01
  1.400140e+03  5.452200e-01
  1.363870e+03  1.090440e+00
  1.328540e+03  1.363050e+00
  1.294120e+03  1.363050e+00
  1.260600e+03  1.635665e+00
  1.227950e+03  1.544790e+00
  1.196140e+03  2.271755e+00
  1.165160e+03  9.995700e-01
  1.134980e+03  2.362625e+00
  1.105580e+03  2.635235e+00
  1.076940e+03  2.816975e+00
  1.049040e+03  3.089590e+00
  1.021870e+03  3.453080e+00
  9.953980e+02  4.179985e+00
  9.696140e+02  3.180460e+00
  9.444970e+02  4.543500e+00
  9.200320e+02  4.906980e+00
  8.962000e+02  6.542640e+00
  8.729850e+02  7.087850e+00
  8.503720e+02  6.088285e+00
  8.283450e+02  7.905700e+00
  8.068880e+02  8.632669e+00
  7.859870e+02  9.177860e+00
  7.656270e+02  9.359570e+00
  7.457950e+02  1.144970e+01
  7.264760e+02  1.272185e+01
  7.076580e+02  1.535710e+01
  6.893270e+02  1.853765e+01
  6.714710e+02  2.017330e+01
  6.540780e+02  2.317210e+01
  6.371350e+02  2.607985e+01
  6.206310e+02  2.598905e+01
  6.045550e+02  2.935120e+01
  5.888950e+02  3.861995e+01
  5.736410e+02  4.034655e+01
  5.587810e+02  4.416320e+01
  5.443070e+02  5.043320e+01
  5.302080e+02  5.497670e+01
  5.164740e+02  6.333685e+01
  5.030950e+02  7.669475e+01
  4.900630e+02  7.596774e+01
  4.773690e+02  9.123475e+01
  4.650040e+02  1.047740e+02
  4.529580e+02  1.226755e+02
  4.412250e+02  1.281270e+02
  4.297960e+02  1.441215e+02
  4.186630e+02  1.553885e+02
  4.078180e+02  1.767430e+02
  3.972540e+02  1.970985e+02
  3.869640e+02  2.221785e+02
  3.769400e+02  2.595265e+02
  3.671770e+02  2.860605e+02
  3.576650e+02  3.206820e+02
  3.484010e+02  3.636650e+02
  3.393760e+02  4.000125e+02
  3.305850e+02  4.482650e+02
  3.220220e+02  4.915200e+02
  3.136800e+02  5.567655e+02
  3.055550e+02  6.148311e+02
  2.976400e+02  6.907985e+02
  2.899300e+02  7.631320e+02
  2.824200e+02  8.680875e+02
  2.751040e+02  9.539600e+02
  2.679780e+02  1.063015e+03
  2.610370e+02  1.189950e+03
  2.542750e+02  1.334250e+03
  2.476890e+02  1.507640e+03
  2.412730e+02  1.646580e+03
  2.350230e+02  1.847035e+03
  2.289350e+02  2.056410e+03
  2.230050e+02  2.294840e+03
  2.172280e+02  2.542740e+03
  2.116010e+02  2.824260e+03
  2.061200e+02  3.127055e+03
  2.007810e+02  3.464810e+03
  1.955800e+02  3.855555e+03
  1.905140e+02  4.308905e+03
  1.855790e+02  4.818775e+03
  1.807720e+02  5.331390e+03
  1.760890e+02  5.889060e+03
  1.715280e+02  6.538230e+03
  1.670850e+02  7.203775e+03
  1.627570e+02  7.963540e+03
  1.585410e+02  8.682140e+03
  1.544340e+02  9.492715e+03
  1.504340e+02  1.038400e+04
  1.465370e+02  1.125365e+04
  1.427410e+02  1.231045e+04
  1.390440e+02  1.337435e+04
  1.354420e+02  1.447735e+04
  1.319340e+02  1.562500e+04
  1.285160e+02  1.682800e+04
  1.251870e+02  1.813695e+04
  1.219440e+02  1.956795e+04
  1.187850e+02  2.100395e+04
  1.157090e+02  2.250040e+04
  1.127110e+02  2.409095e+04
  1.097920e+02  2.588125e+04
  1.069480e+02  2.783115e+04
  1.041770e+02  2.967175e+04
  1.014790e+02  3.166405e+04
  9.885030e+01  3.388145e+04
  9.628970e+01  3.596100e+04
  9.379550e+01  3.821990e+04
  9.136590e+01  4.056185e+04
  8.899920e+01  4.289985e+04
  8.669380e+01  4.540195e+04
  8.444820e+01  4.791660e+04
  8.226070e+01  5.027260e+04
  8.012980e+01  5.297310e+04
  7.805420e+01  5.565385e+04
  7.603240e+01  5.814905e+04
  7.406290e+01  6.062245e+04
  7.214440e+01  6.299220e+04
  7.027560e+01  6.525880e+04
  6.845520e+01  6.743830e+04
  6.668200e+01  6.936655e+04
  6.495470e+01  7.092605e+04
  6.327220e+01  7.198385e+04
  6.163320e+01  7.265425e+04
  6.003670e+01  7.285320e+04
  5.848160e+01  7.292900e+04
  5.696670e+01  7.257195e+04
  5.549110e+01  7.226765e+04
  5.405370e+01  7.173905e+04
  5.265350e+01  7.083875e+04
  5.128960e+01  6.988941e+04
  4.996100e+01  6.861955e+04
  4.866690e+01  6.669700e+04
  4.740620e+01  6.454005e+04
  4.617830e+01  6.188800e+04
  4.498210e+01  5.874790e+04
  4.381690e+01  5.627040e+04
  4.268190e+01  5.365355e+04
  4.157630e+01  5.119340e+04
  4.049930e+01  4.850055e+04
  3.945030e+01  4.614845e+04
  3.842840e+01  4.411340e+04
  3.743290e+01  4.202615e+04
  3.646330e+01  3.986930e+04
  3.551880e+01  3.805690e+04
  3.459870e+01  3.599195e+04
  3.370250e+01  3.382500e+04
  3.282950e+01  3.177910e+04
  3.197910e+01  2.972225e+04
  3.115070e+01  2.777895e+04
  3.034380e+01  2.598240e+04
  2.955780e+01  2.414330e+04
  2.879220e+01  2.224815e+04
  2.804640e+01  2.051915e+04
  2.731990e+01  1.880370e+04
  2.661220e+01  1.702440e+04
  2.592290e+01  1.533130e+04
  2.525140e+01  1.374930e+04
  2.459730e+01  1.230815e+04
  2.396010e+01  1.083530e+04
  2.333950e+01  9.507970e+03
  2.273490e+01  8.260510e+03
  2.214600e+01  7.106000e+03
  2.157230e+01  5.916590e+03
  2.101350e+01  4.907565e+03
  2.046920e+01  4.072815e+03
  1.993900e+01  3.330955e+03
  1.942250e+01  2.721760e+03
  1.891940e+01  2.273860e+03
  1.842930e+01  2.065480e+03
  1.795200e+01  1.843940e+03
  1.748690e+01  1.821590e+03
  1.703400e+01  1.858315e+03
  1.659270e+01  1.968345e+03
  1.616290e+01  2.113290e+03
  1.574430e+01  2.246055e+03
  1.533640e+01  2.389705e+03
  1.493920e+01  2.485855e+03
  1.455220e+01  2.446325e+03
  1.417520e+01  2.084305e+03
  1.380800e+01  1.598685e+03
  1.345040e+01  1.036285e+03
  1.310200e+01  6.039250e+02
  1.276260e+01  3.273165e+02
  1.243200e+01  1.646570e+02
  1.211000e+01  8.378275e+01
  1.179630e+01  4.543535e+01
  1.149070e+01  2.071860e+01
  1.119310e+01  1.508455e+01
  1.090310e+01  8.450905e+00
  1.062070e+01  6.724380e+00
  1.034560e+01  4.634400e+00
  1.007760e+01  3.907425e+00
  9.816600e+00  2.998710e+00
  9.562300e+00  1.908275e+00
  9.314600e+00  3.089590e+00
  9.073300e+00  3.543950e+00
  8.838300e+00  6.360925e+00
  8.609300e+00  1.017749e+01
  8.386300e+00  2.217240e+01
  8.169100e+00  5.116020e+01
  7.957500e+00  1.203115e+02
  7.751400e+00  1.986435e+02
  7.550600e+00  3.233170e+02
  7.355000e+00  3.451270e+02
  7.164500e+00  2.986000e+02
  6.978900e+00  2.553465e+02
  6.798100e+00  1.993705e+02
  6.622000e+00  1.636565e+02
  6.450500e+00  1.301260e+02
  6.283400e+00  1.045015e+02
  6.120600e+00  8.941640e+01
  5.962100e+00  7.133334e+01
  5.807600e+00  6.860740e+01
  5.657200e+00  6.206470e+01
  5.510700e+00  5.988375e+01
  5.367900e+00  4.907005e+01
  5.228900e+00  5.197795e+01
  5.093400e+00  4.598055e+01
  4.961500e+00  3.889265e+01
  4.833000e+00  3.044170e+01
  4.707800e+00  3.007815e+01
  4.585800e+00  2.717030e+01
  4.467100e+00  2.726120e+01
  4.351300e+00  2.017330e+01
  4.238600e+00  2.226330e+01
  4.128800e+00  2.226330e+01
  4.021900e+00  2.144545e+01
  3.917700e+00  1.862850e+01
  3.816200e+00  1.999160e+01
  3.717400e+00  1.644760e+01
  3.621100e+00  1.599315e+01
  3.527300e+00  1.553880e+01
  3.435900e+00  1.235835e+01
  3.346900e+00  1.072255e+01
  3.260200e+00  9.814014e+00
  3.175800e+00  6.997010e+00
  3.093500e+00  5.997450e+00
  3.013400e+00  5.361340e+00
  2.935300e+00  4.270915e+00
  2.859300e+00  6.542645e+00
  2.785200e+00  8.632650e+00
  2.713100e+00  8.814425e+00
  2.642800e+00  8.632645e+00
  2.574300e+00  9.723140e+00
  2.507600e+00  8.632685e+00
  2.442700e+00  8.905270e+00
  2.379400e+00  7.724000e+00
  2.317800e+00  7.360470e+00
  2.257700e+00  6.270060e+00
  2.199300e+00  6.906105e+00
  2.142300e+00  6.088295e+00
  2.086800e+00  5.179600e+00
  2.032700e+00  5.270450e+00
  1.980100e+00  5.179595e+00
  1.928800e+00  4.634400e+00
  1.878800e+00  4.725260e+00
  1.830200e+00  4.361770e+00
  1.782800e+00  5.270475e+00
  1.736600e+00  5.906600e+00
  1.691600e+00  4.543515e+00
  1.647800e+00  3.816535e+00
  1.605100e+00  1.999140e+00
  1.563500e+00  2.453470e+00
  1.523000e+00  2.726105e+00
  1.483600e+00  3.089580e+00
  1.445100e+00  2.180880e+00
  1.407700e+00  1.817400e+00
  1.371200e+00  1.908270e+00
  1.335700e+00  1.453925e+00
  1.301100e+00  1.363050e+00
  1.267400e+00  1.453920e+00
  1.234600e+00  1.363050e+00
  1.202600e+00  1.726530e+00
  1.171500e+00  1.453925e+00
  1.141100e+00  1.635665e+00
  1.111600e+00  8.178300e-01
  1.082800e+00  9.087000e-01
  1.054700e+00  1.272180e+00
  1.027400e+00  7.269600e-01
  1.000800e+00  4.543500e-01
  9.749000e-01  9.995700e-01
  9.496000e-01  2.726100e-01
  9.250000e-01  1.817400e-01
  9.010000e-01  9.995700e-01
  8.777000e-01  6.360900e-01
  8.550000e-01  8.178300e-01
  8.328000e-01  1.181310e+00
  8.113000e-01  9.995700e-01
  7.902000e-01  8.178300e-01
  7.698000e-01  8.178300e-01
  7.498000e-01  5.452200e-01
  7.304000e-01  1.272180e+00
  7.115000e-01  7.269600e-01
  6.931000e-01  1.363050e+00
  6.751000e-01  1.063188e+01
  6.576000e-01  1.054088e+01
  6.406000e-01  2.935125e+01
  6.240000e-01  7.542280e+00
  6.078000e-01  1.544790e+00
  5.921000e-01  1.363050e+00
  5.767000e-01  2.271750e+00
  5.618000e-01  1.181310e+00
  5.472000e-01  2.544360e+00
  5.331000e-01  2.271755e+00
  5.193000e-01  1.544790e+00
  5.058000e-01  1.363055e+00
  4.927000e-01  3.453075e+00
  4.799000e-01  2.907850e+00
  4.675000e-01  2.180880e+00
  4.554000e-01  1.908275e+00
  4.436000e-01  3.453045e+00
  4.321000e-01  4.089135e+00
  4.209000e-01  3.543940e+00
  4.100000e-01  2.453490e+00
  3.994000e-01  3.816560e+00
  3.891000e-01  7.905645e+00
  3.790000e-01  6.633530e+00
  3.692000e-01  1.817400e+00
  3.596000e-01  1.908270e+00
  3.503000e-01  1.363050e+00
  3.412000e-01  1.272180e+00
  3.324000e-01  1.635660e+00
  3.238000e-01  1.363050e+00
  3.154000e-01  1.817400e+00
  3.072000e-01  1.817405e+00
  2.992000e-01  2.362625e+00
  2.915000e-01  3.998295e+00
  2.839000e-01  3.180460e+00
  2.766000e-01  3.089585e+00
  2.694000e-01  5.815685e+00
  2.624000e-01  1.126785e+01
  2.556000e-01  1.144967e+01
  2.490000e-01  3.907430e+00
  2.426000e-01  5.270475e+00
  2.363000e-01  4.634365e+00
  2.302000e-01  2.271755e+00
  2.242000e-01  1.999140e+00
  2.184000e-01  1.363050e+00
  2.127000e-01  1.817400e+00
  2.072000e-01  1.181310e+00
  2.019000e-01  1.544790e+00
  1.966000e-01  1.817400e+00
  1.915000e-01  2.635230e+00
  1.866000e-01  2.635230e+00
  1.817000e-01  2.271750e+00
  1.770000e-01  2.362630e+00
  1.725000e-01  2.998715e+00
  1.680000e-01  2.090010e+00
  1.636000e-01  2.090015e+00
  1.594000e-01  2.544360e+00
  1.553000e-01  1.453920e+00
  1.512000e-01  2.090010e+00
  1.473000e-01  1.453920e+00
  1.435000e-01  2.998695e+00
  1.398000e-01  1.999140e+00
  1.362000e-01  2.635230e+00
  1.326000e-01  1.999140e+00
  1.292000e-01  3.362200e+00
  1.259000e-01  2.544365e+00
  1.226000e-01  3.180460e+00
  1.194000e-01  3.543945e+00
  1.163000e-01  2.544375e+00
  1.133000e-01  3.634815e+00
  1.104000e-01  3.998310e+00
  1.075000e-01  3.362205e+00
  1.047000e-01  2.907850e+00
  1.020000e-01  4.634405e+00
  9.940000e-02  4.452645e+00
  9.680000e-02  3.543945e+00
  9.430000e-02  3.271325e+00
  9.190000e-02  3.453070e+00
  8.950000e-02  3.998300e+00
  8.720000e-02  3.634815e+00
  8.490000e-02  4.270910e+00
  8.270000e-02  3.634780e+00
  8.060000e-02  3.634795e+00
  7.850000e-02  3.089585e+00
  7.640000e-02  3.998275e+00
  7.450000e-02  2.544360e+00
  7.250000e-02  3.543935e+00
  7.070000e-02  1.726530e+00
  6.880000e-02  1.908280e+00
  6.700000e-02  3.271330e+00
  6.530000e-02  2.362620e+00
  6.360000e-02  1.726535e+00
  6.200000e-02  2.271760e+00
  6.040000e-02  1.817400e+00
  5.880000e-02  2.362635e+00
  5.730000e-02  1.726530e+00
  5.580000e-02  1.272180e+00
  5.430000e-02  1.272180e+00
  5.290000e-02  1.181310e+00
  5.160000e-02  8.178300e-01
  5.020000e-02  1.363050e+00
  4.890000e-02  7.269600e-01
  4.770000e-02  8.178300e-01
  4.640000e-02  5.452200e-01
  4.520000e-02  3.634800e-01
  4.410000e-02  3.634800e-01
  4.290000e-02  4.543500e-01
  4.180000e-02  5.452200e-01
  4.070000e-02  3.634800e-01
  3.970000e-02  3.634800e-01
  3.860000e-02  5.452200e-01
  3.760000e-02  2.726100e-01
  3.670000e-02  3.634800e-01
  3.570000e-02  9.087000e-02
  3.480000e-02  9.087000e-02
  3.390000e-02  2.726100e-01
  3.300000e-02  9.087000e-02
  3.220000e-02  9.087000e-02
  3.130000e-02  9.087000e-02
  3.050000e-02  0.000000e+00
  2.970000e-02  0.000000e+00
  2.890000e-02  0.000000e+00
  2.820000e-02  0.000000e+00
  2.750000e-02  9.087000e-02
  2.680000e-02  9.087000e-02
  2.610000e-02  0.000000e+00
  2.540000e-02  0.000000e+00
  2.470000e-02  0.000000e+00
  2.410000e-02  0.000000e+00
  2.350000e-02  0.000000e+00
  2.290000e-02  0.000000e+00
  2.230000e-02  0.000000e+00
  2.170000e-02  9.087000e-02
  2.110000e-02  0.000000e+00
  2.060000e-02  0.000000e+00
  2.000000e-02  0.000000e+00
  1.950000e-02  0.000000e+00
  1.900000e-02  0.000000e+00
  1.850000e-02  0.000000e+00
  1.800000e-02  0.000000e+00
  1.760000e-02  0.000000e+00
  1.710000e-02  0.000000e+00
  1.670000e-02  0.000000e+00
  1.630000e-02  0.000000e+00
  1.580000e-02  0.000000e+00
  1.540000e-02  0.000000e+00
  1.500000e-02  0.000000e+00
  1.460000e-02  0.000000e+00
  1.430000e-02  0.000000e+00
  1.390000e-02  0.000000e+00
  1.350000e-02  0.000000e+00
  1.320000e-02  0.000000e+00
  1.280000e-02  0.000000e+00
  1.250000e-02  0.000000e+00
  1.220000e-02  0.000000e+00
  1.190000e-02  0.000000e+00
  1.160000e-02  0.000000e+00
  1.130000e-02  0.000000e+00
  1.100000e-02  1.099524e+01
  1.070000e-02  1.517535e+01
  1.040000e-02  1.490280e+01
  1.010000e-02  1.166785e+02
