  4.934820e+03  1.793730e+02
  4.806990e+03  0.000000e+00
  4.682470e+03  0.000000e+00
  4.561180e+03  0.000000e+00
  4.443030e+03  0.000000e+00
  4.327940e+03  0.000000e+00
  4.215830e+03  0.000000e+00
  4.106630e+03  0.000000e+00
  4.000250e+03  0.000000e+00
  3.896630e+03  0.000000e+00
  3.795700e+03  0.000000e+00
  3.697380e+03  0.000000e+00
  3.601600e+03  0.000000e+00
  3.508310e+03  0.000000e+00
  3.417430e+03  0.000000e+00
  3.328910e+03  0.000000e+00
  3.242680e+03  0.000000e+00
  3.158680e+03  0.000000e+00
  3.076860e+03  0.000000e+00
  2.997160e+03  0.000000e+00
  2.919530e+03  6.406000e-01
  2.843900e+03  0.000000e+00
  2.770230e+03  6.406000e-01
  2.698480e+03  6.406000e-01
  2.628580e+03  6.406000e-01
  2.560490e+03  0.000000e+00
  2.494160e+03  0.000000e+00
  2.429550e+03  6.406000e-01
  2.366620e+03  0.000000e+00
  2.305320e+03  0.000000e+00
  2.245600e+03  6.406000e-01
  2.187430e+03  0.000000e+00
  2.130770e+03  6.406000e-01
  2.075580e+03  0.000000e+00
  2.021810e+03  0.000000e+00
  1.969440e+03  1.281200e+00
  1.918430e+03  6.406000e-01
  1.868730e+03  0.000000e+00
  1.820330e+03  0.000000e+00
  1.773170e+03  0.000000e+00
  1.727240e+03  1.281200e+00
  1.682500e+03  6.406000e-01
  1.638920e+03  0.000000e+00
  1.596470e+03  6.406000e-01
  1.555110e+03  6.406000e-01
  1.514830e+03  1.281200e+00
  1.475590e+03  0.000000e+00
  1.437370e+03  3.203000e+00
  1.400140e+03  1.281200e+00
  1.363870e+03  6.406000e-01
  1.328540e+03  6.406000e-01
  1.294120e+03  1.921800e+00
  1.260600e+03  3.203050e+00
  1.227950e+03  2.562450e+00
  1.196140e+03  2.562400e+00
  1.165160e+03  3.843600e+00
  1.134980e+03  6.406000e-01
  1.105580e+03  1.281200e+00
  1.076940e+03  3.843650e+00
  1.049040e+03  3.843700e+00
  1.021870e+03  7.687300e+00
  9.953980e+02  8.327950e+00
  9.696140e+02  5.765550e+00
  9.444970e+02  5.765450e+00
  9.200320e+02  4.484250e+00
  8.962000e+02  7.687400e+00
  8.729850e+02  8.968599e+00
  8.503720e+02  8.968599e+00
  8.283450e+02  6.406150e+00
  8.068880e+02  1.345300e+01
  7.859870e+02  1.729660e+01
  7.656270e+02  1.985910e+01
  7.457950e+02  1.601535e+01
  7.264760e+02  1.345300e+01
  7.076580e+02  1.921850e+01
  6.893270e+02  2.690590e+01
  6.714710e+02  2.049980e+01
  6.540780e+02  2.178105e+01
  6.371350e+02  3.074975e+01
  6.206310e+02  4.356225e+01
  6.045550e+02  4.420285e+01
  5.888950e+02  4.676535e+01
  5.736410e+02  6.406210e+01
  5.587810e+02  5.957765e+01
  5.443070e+02  6.726490e+01
  5.302080e+02  1.031391e+02
  5.164740e+02  9.865550e+01
  5.030950e+02  1.165925e+02
  4.900630e+02  1.146716e+02
  4.773690e+02  1.351705e+02
  4.650040e+02  1.441400e+02
  4.529580e+02  1.607950e+02
  4.412250e+02  1.736080e+02
  4.297960e+02  2.075615e+02
  4.186630e+02  2.235765e+02
  4.078180e+02  2.921235e+02
  3.972540e+02  3.004515e+02
  3.869640e+02  3.497800e+02
  3.769400e+02  3.786080e+02
  3.671770e+02  4.324205e+02
  3.576650e+02  5.028880e+02
  3.484010e+02  5.490125e+02
  3.393760e+02  5.919340e+02
  3.305850e+02  6.656055e+02
  3.220220e+02  7.905280e+02
  3.136800e+02  8.622745e+02
  3.055550e+02  9.795100e+02
  2.976400e+02  1.082000e+03
  2.899300e+02  1.253710e+03
  2.824200e+02  1.383105e+03
  2.751040e+02  1.569525e+03
  2.679780e+02  1.747620e+03
  2.610370e+02  1.922525e+03
  2.542750e+02  2.197975e+03
  2.476890e+02  2.502900e+03
  2.412730e+02  2.711740e+03
  2.350230e+02  3.100610e+03
  2.289350e+02  3.520225e+03
  2.230050e+02  3.897545e+03
  2.172280e+02  4.469620e+03
  2.116010e+02  4.943030e+03
  2.061200e+02  5.527270e+03
  2.007810e+02  6.171765e+03
  1.955800e+02  7.116010e+03
  1.905140e+02  7.998810e+03
  1.855790e+02  8.811105e+03
  1.807720e+02  9.846955e+03
  1.760890e+02  1.122440e+04
  1.715280e+02  1.250360e+04
  1.670850e+02  1.385530e+04
  1.627570e+02  1.544215e+04
  1.585410e+02  1.715390e+04
  1.544340e+02  1.914190e+04
  1.504340e+02  2.118350e+04
  1.465370e+02  2.344160e+04
  1.427410e+02  2.589775e+04
  1.390440e+02  2.870825e+04
  1.354420e+02  3.133350e+04
  1.319340e+02  3.423480e+04
  1.285160e+02  3.771585e+04
  1.251870e+02  4.134440e+04
  1.219440e+02  4.502800e+04
  1.187850e+02  4.943155e+04
  1.157090e+02  5.397565e+04
  1.127110e+02  5.921840e+04
  1.097920e+02  6.430120e+04
  1.069480e+02  7.026725e+04
  1.041770e+02  7.659775e+04
  1.014790e+02  8.321480e+04
  9.885030e+01  9.046920e+04
  9.628970e+01  9.819055e+04
  9.379550e+01  1.065050e+05
  9.136590e+01  1.158850e+05
  8.899920e+01  1.246685e+05
  8.669380e+01  1.348810e+05
  8.444820e+01  1.457885e+05
  8.226070e+01  1.568625e+05
  8.012980e+01  1.681950e+05
  7.805420e+01  1.812180e+05
  7.603240e+01  1.939085e+05
  7.406290e+01  2.069380e+05
  7.214440e+01  2.200305e+05
  7.027560e+01  2.343995e+05
  6.845520e+01  2.479115e+05
  6.668200e+01  2.622625e+05
  6.495470e+01  2.755065e+05
  6.327220e+01  2.880800e+05
  6.163320e+01  3.003485e+05
  6.003670e+01  3.105430e+05
  5.848160e+01  3.215635e+05
  5.696670e+01  3.312095e+05
  5.549110e+01  3.420320e+05
  5.405370e+01  3.516325e+05
  5.265350e+01  3.615100e+05
  5.128960e+01  3.714535e+05
  4.996100e+01  3.819130e+05
  4.866690e+01  3.888165e+05
  4.740620e+01  3.973350e+05
  4.617830e+01  4.024640e+05
  4.498210e+01  4.057160e+05
  4.381690e+01  4.124195e+05
  4.268190e+01  4.157445e+05
  4.157630e+01  4.175770e+05
  4.049930e+01  4.209460e+05
  3.945030e+01  4.225400e+05
  3.842840e+01  4.240300e+05
  3.743290e+01  4.270420e+05
  3.646330e+01  4.291560e+05
  3.551880e+01  4.311835e+05
  3.459870e+01  4.317190e+05
  3.370250e+01  4.334425e+05
  3.282950e+01  4.362215e+05
  3.197910e+01  4.370420e+05
  3.115070e+01  4.390765e+05
  3.034380e+01  4.408965e+05
  2.955780e+01  4.431250e+05
  2.879220e+01  4.457500e+05
  2.804640e+01  4.484125e+05
  2.731990e+01  4.510770e+05
  2.661220e+01  4.517725e+05
  2.592290e+01  4.562250e+05
  2.525140e+01  4.592765e+05
  2.459730e+01  4.613040e+05
  2.396010e+01  4.659845e+05
  2.333950e+01  4.690630e+05
  2.273490e+01  4.738820e+05
  2.214600e+01  4.783425e+05
  2.157230e+01  4.825895e+05
  2.101350e+01  4.877735e+05
  2.046920e+01  4.940375e+05
  1.993900e+01  4.989335e+05
  1.942250e+01  5.043045e+05
  1.891940e+01  5.097300e+05
  1.842930e+01  5.157245e+05
  1.795200e+01  5.190325e+05
  1.748690e+01  5.266890e+05
  1.703400e+01  5.310330e+05
  1.659270e+01  5.348730e+05
  1.616290e+01  5.405460e+05
  1.574430e+01  5.443325e+05
  1.533640e+01  5.495780e+05
  1.493920e+01  5.550790e+05
  1.455220e+01  5.617750e+05
  1.417520e+01  5.691700e+05
  1.380800e+01  5.764000e+05
  1.345040e+01  5.864710e+05
  1.310200e+01  5.960340e+05
  1.276260e+01  6.089065e+05
  1.243200e+01  6.236035e+05
  1.211000e+01  6.420020e+05
  1.179630e+01  6.578465e+05
  1.149070e+01  6.747920e+05
  1.119310e+01  6.925640e+05
  1.090310e+01  7.118810e+05
  1.062070e+01  7.276170e+05
  1.034560e+01  7.489240e+05
  1.007760e+01  7.656145e+05
  9.816600e+00  7.821125e+05
  9.562300e+00  7.901565e+05
  9.314600e+00  7.922710e+05
  9.073300e+00  7.933450e+05
  8.838300e+00  7.814305e+05
  8.609300e+00  7.665040e+05
  8.386300e+00  7.523265e+05
  8.169100e+00  7.363740e+05
  7.957500e+00  7.290605e+05
  7.751400e+00  7.093465e+05
  7.550600e+00  7.131310e+05
  7.355000e+00  7.058465e+05
  7.164500e+00  7.055295e+05
  6.978900e+00  7.122485e+05
  6.798100e+00  7.153330e+05
  6.622000e+00  7.200585e+05
  6.450500e+00  7.284210e+05
  6.283400e+00  7.348380e+05
  6.120600e+00  7.406755e+05
  5.962100e+00  7.448045e+05
  5.807600e+00  7.494805e+05
  5.657200e+00  7.518635e+05
  5.510700e+00  7.580885e+05
  5.367900e+00  7.665170e+05
  5.228900e+00  7.691725e+05
  5.093400e+00  7.715620e+05
  4.961500e+00  7.758875e+05
  4.833000e+00  7.916125e+05
  4.707800e+00  8.166265e+05
  4.585800e+00  7.993295e+05
  4.467100e+00  7.962435e+05
  4.351300e+00  8.036150e+05
  4.238600e+00  8.086670e+05
  4.128800e+00  8.091245e+05
  4.021900e+00  9.005750e+05
  3.917700e+00  8.249990e+05
  3.816200e+00  7.801330e+05
  3.717400e+00  7.767905e+05
  3.621100e+00  7.712120e+05
  3.527300e+00  7.673445e+05
  3.435900e+00  7.613625e+05
  3.346900e+00  7.597035e+05
  3.260200e+00  7.575220e+05
  3.175800e+00  7.589045e+05
  3.093500e+00  7.496085e+05
  3.013400e+00  7.364500e+05
  2.935300e+00  7.269405e+05
  2.859300e+00  7.091305e+05
  2.785200e+00  6.945325e+05
  2.713100e+00  6.800240e+05
  2.642800e+00  6.603705e+05
  2.574300e+00  6.543055e+05
  2.507600e+00  6.337520e+05
  2.442700e+00  6.271625e+05
  2.379400e+00  6.180100e+05
  2.317800e+00  5.959470e+05
  2.257700e+00  5.741185e+05
  2.199300e+00  5.724645e+05
  2.142300e+00  5.401615e+05
  2.086800e+00  5.209985e+05
  2.032700e+00  5.150105e+05
  1.980100e+00  5.414480e+05
  1.928800e+00  4.730795e+05
  1.878800e+00  4.380500e+05
  1.830200e+00  5.061260e+05
  1.782800e+00  7.964860e+05
  1.736600e+00  5.269985e+05
  1.691600e+00  4.240095e+05
  1.647800e+00  3.727335e+05
  1.605100e+00  3.550130e+05
  1.563500e+00  3.379260e+05
  1.523000e+00  3.210570e+05
  1.483600e+00  3.084895e+05
  1.445100e+00  2.920625e+05
  1.407700e+00  2.763435e+05
  1.371200e+00  2.528335e+05
  1.335700e+00  2.506415e+05
  1.301100e+00  2.194405e+05
  1.267400e+00  1.875125e+05
  1.234600e+00  2.087150e+05
  1.202600e+00  2.130900e+05
  1.171500e+00  2.016020e+05
  1.141100e+00  2.224585e+05
  1.111600e+00  1.531380e+05
  1.082800e+00  1.353425e+05
  1.054700e+00  1.923365e+05
  1.027400e+00  1.418755e+05
  1.000800e+00  1.060150e+05
  9.749000e-01  1.499620e+05
  9.496000e-01  1.097245e+05
  9.250000e-01  1.038785e+05
  9.010000e-01  1.118345e+05
  8.777000e-01  1.195350e+05
  8.550000e-01  1.243355e+05
  8.328000e-01  1.229055e+05
  8.113000e-01  1.330985e+05
  7.902000e-01  1.357620e+05
  7.698000e-01  1.383905e+05
  7.498000e-01  1.489305e+05
  7.304000e-01  1.504335e+05
  7.115000e-01  1.606175e+05
  6.931000e-01  3.642830e+05
  6.751000e-01  2.774125e+06
  6.576000e-01  1.985275e+06
  6.406000e-01  6.667180e+06
  6.240000e-01  2.146700e+06
  6.078000e-01  2.608165e+05
  5.921000e-01  2.162885e+05
  5.767000e-01  2.199020e+05
  5.618000e-01  2.299520e+05
  5.472000e-01  2.294725e+05
  5.331000e-01  2.697285e+05
  5.193000e-01  2.459985e+05
  5.058000e-01  2.910945e+05
  4.927000e-01  5.732125e+05
  4.799000e-01  6.080690e+05
  4.675000e-01  3.748440e+05
  4.554000e-01  2.936690e+05
  4.436000e-01  6.558805e+05
  4.321000e-01  6.326965e+05
  4.209000e-01  5.857280e+05
  4.100000e-01  3.653845e+05
  3.994000e-01  7.398765e+05
  3.891000e-01  1.387210e+06
  3.790000e-01  1.158200e+06
  3.692000e-01  2.587050e+05
  3.596000e-01  1.867940e+05
  3.503000e-01  1.910850e+05
  3.412000e-01  1.763160e+05
  3.324000e-01  1.969820e+05
  3.238000e-01  1.709635e+05
  3.154000e-01  1.645895e+05
  3.072000e-01  2.464550e+05
  2.992000e-01  3.360095e+05
  2.915000e-01  4.394135e+05
  2.839000e-01  4.684370e+05
  2.766000e-01  2.111970e+05
  2.694000e-01  5.917940e+05
  2.624000e-01  1.609245e+06
  2.556000e-01  1.558475e+06
  2.490000e-01  5.311415e+05
  2.426000e-01  5.209320e+05
  2.363000e-01  6.068880e+05
  2.302000e-01  3.658215e+05
  2.242000e-01  2.381460e+05
  2.184000e-01  2.254060e+05
  2.127000e-01  2.408590e+05
  2.072000e-01  2.234845e+05
  2.019000e-01  2.329020e+05
  1.966000e-01  2.852975e+05
  1.915000e-01  6.765725e+05
  1.866000e-01  8.730260e+05
  1.817000e-01  4.751715e+05
  1.770000e-01  3.339075e+05
  1.725000e-01  3.448445e+05
  1.680000e-01  3.600975e+05
  1.636000e-01  3.426800e+05
  1.594000e-01  3.502325e+05
  1.553000e-01  3.858340e+05
  1.512000e-01  4.097365e+05
  1.473000e-01  4.143920e+05
  1.435000e-01  7.040110e+05
  1.398000e-01  5.469325e+05
  1.362000e-01  4.796415e+05
  1.326000e-01  5.060265e+05
  1.292000e-01  4.794925e+05
  1.259000e-01  5.639880e+05
  1.226000e-01  9.107840e+05
  1.194000e-01  9.297230e+05
  1.163000e-01  5.878285e+05
  1.133000e-01  5.468575e+05
  1.104000e-01  5.569510e+05
  1.075000e-01  5.533885e+05
  1.047000e-01  5.523455e+05
  1.020000e-01  5.613105e+05
  9.940000e-02  5.901100e+05
  9.680000e-02  6.152245e+05
  9.430000e-02  6.258675e+05
  9.190000e-02  6.029460e+05
  8.950000e-02  6.017665e+05
  8.720000e-02  5.966375e+05
  8.490000e-02  5.997100e+05
  8.270000e-02  6.013900e+05
  8.060000e-02  6.035005e+05
  7.850000e-02  6.093305e+05
  7.640000e-02  6.168610e+05
  7.450000e-02  6.223915e+05
  7.250000e-02  6.318815e+05
  7.070000e-02  6.397330e+05
  6.880000e-02  6.391955e+05
  6.700000e-02  6.383150e+05
  6.530000e-02  6.351585e+05
  6.360000e-02  6.314480e+05
  6.200000e-02  6.258150e+05
  6.040000e-02  6.186775e+05
  5.880000e-02  6.069290e+05
  5.730000e-02  5.955090e+05
  5.580000e-02  5.823210e+05
  5.430000e-02  5.654290e+05
  5.290000e-02  5.487045e+05
  5.160000e-02  5.300635e+05
  5.020000e-02  5.076430e+05
  4.890000e-02  4.823765e+05
  4.770000e-02  4.584540e+05
  4.640000e-02  4.320195e+05
  4.520000e-02  4.053195e+05
  4.410000e-02  3.800515e+05
  4.290000e-02  3.545445e+05
  4.180000e-02  3.289550e+05
  4.070000e-02  3.042555e+05
  3.970000e-02  2.800245e+05
  3.860000e-02  2.562295e+05
  3.760000e-02  2.326895e+05
  3.670000e-02  2.118350e+05
  3.570000e-02  1.940285e+05
  3.480000e-02  1.749135e+05
  3.390000e-02  1.554795e+05
  3.300000e-02  1.378590e+05
  3.220000e-02  1.216920e+05
  3.130000e-02  1.067840e+05
  3.050000e-02  9.293495e+04
  2.970000e-02  8.047680e+04
  2.890000e-02  6.959900e+04
  2.820000e-02  5.937080e+04
  2.750000e-02  5.078780e+04
  2.680000e-02  4.308435e+04
  2.610000e-02  3.605990e+04
  2.540000e-02  3.054555e+04
  2.470000e-02  2.520515e+04
  2.410000e-02  2.133335e+04
  2.350000e-02  1.764080e+04
  2.290000e-02  1.463880e+04
  2.230000e-02  1.208795e+04
  2.170000e-02  1.005399e+04
  2.110000e-02  8.305025e+03
  2.060000e-02  7.078220e+03
  2.000000e-02  5.910365e+03
  1.950000e-02  4.924450e+03
  1.900000e-02  4.400440e+03
  1.850000e-02  3.793760e+03
  1.800000e-02  3.338915e+03
  1.760000e-02  3.042305e+03
  1.710000e-02  2.755945e+03
  1.670000e-02  2.611800e+03
  1.630000e-02  2.434360e+03
  1.580000e-02  2.315200e+03
  1.540000e-02  2.141600e+03
  1.500000e-02  2.030775e+03
  1.460000e-02  1.971830e+03
  1.430000e-02  1.914180e+03
  1.390000e-02  1.777100e+03
  1.350000e-02  1.721350e+03
  1.320000e-02  1.703405e+03
  1.280000e-02  1.598995e+03
  1.250000e-02  1.451640e+03
  1.220000e-02  1.420265e+03
  1.190000e-02  1.349795e+03
  1.160000e-02  1.287645e+03
  1.130000e-02  1.162090e+03
  1.100000e-02  1.091610e+03
  1.070000e-02  1.010271e+03
  1.040000e-02  9.634885e+02
  1.010000e-02  7.362655e+03
