  4.934820e+03  3.520040e-02
  4.806990e+03  5.557950e-03
  4.682470e+03  3.705300e-03
  4.561180e+03  1.852650e-03
  4.443030e+03  0.000000e+00
  4.327940e+03  3.705300e-03
  4.215830e+03  1.852650e-03
  4.106630e+03  7.410600e-03
  4.000250e+03  1.111590e-02
  3.896630e+03  3.705300e-03
  3.795700e+03  5.558000e-03
  3.697380e+03  1.111595e-02
  3.601600e+03  3.705300e-03
  3.508310e+03  1.482130e-02
  3.417430e+03  3.705300e-03
  3.328910e+03  1.111595e-02
  3.242680e+03  1.296860e-02
  3.158680e+03  3.334790e-02
  3.076860e+03  2.778975e-02
  2.997160e+03  2.593725e-02
  2.919530e+03  3.520070e-02
  2.843900e+03  2.037920e-02
  2.770230e+03  1.667395e-02
  2.698480e+03  3.149525e-02
  2.628580e+03  4.631665e-02
  2.560490e+03  4.261145e-02
  2.494160e+03  3.705305e-02
  2.429550e+03  5.557975e-02
  2.366620e+03  4.631660e-02
  2.305320e+03  6.854845e-02
  2.245600e+03  6.299025e-02
  2.187430e+03  4.631640e-02
  2.130770e+03  7.595910e-02
  2.075580e+03  8.892700e-02
  2.021810e+03  1.000437e-01
  1.969440e+03  9.078050e-02
  1.918430e+03  9.633800e-02
  1.868730e+03  9.819065e-02
  1.820330e+03  1.500665e-01
  1.773170e+03  1.630335e-01
  1.727240e+03  1.815615e-01
  1.682500e+03  1.741500e-01
  1.638920e+03  2.315835e-01
  1.596470e+03  2.186145e-01
  1.555110e+03  2.352895e-01
  1.514830e+03  2.686365e-01
  1.475590e+03  3.056905e-01
  1.437370e+03  3.649760e-01
  1.400140e+03  3.464485e-01
  1.363870e+03  4.372290e-01
  1.328540e+03  4.650195e-01
  1.294120e+03  5.002195e-01
  1.260600e+03  5.428320e-01
  1.227950e+03  6.021165e-01
  1.196140e+03  6.817800e-01
  1.165160e+03  7.336570e-01
  1.134980e+03  7.929435e-01
  1.105580e+03  8.596416e-01
  1.076940e+03  9.763575e-01
  1.049040e+03  1.080110e+00
  1.021870e+03  1.189415e+00
  9.953980e+02  1.270930e+00
  9.696140e+02  1.489545e+00
  9.444970e+02  1.615530e+00
  9.200320e+02  1.845255e+00
  8.962000e+02  2.089805e+00
  8.729850e+02  2.486280e+00
  8.503720e+02  2.571505e+00
  8.283450e+02  2.945735e+00
  8.068880e+02  3.329240e+00
  7.859870e+02  3.757210e+00
  7.656270e+02  4.183315e+00
  7.457950e+02  4.702065e+00
  7.264760e+02  5.233785e+00
  7.076580e+02  5.606170e+00
  6.893270e+02  6.567695e+00
  6.714710e+02  7.240225e+00
  6.540780e+02  8.246225e+00
  6.371350e+02  9.328156e+00
  6.206310e+02  1.023790e+01
  6.045550e+02  1.156065e+01
  5.888950e+02  1.267785e+01
  5.736410e+02  1.426170e+01
  5.587810e+02  1.586435e+01
  5.443070e+02  1.728180e+01
  5.302080e+02  1.925300e+01
  5.164740e+02  2.113530e+01
  5.030950e+02  2.371415e+01
  4.900630e+02  2.611330e+01
  4.773690e+02  2.939075e+01
  4.650040e+02  3.276075e+01
  4.529580e+02  3.589550e+01
  4.412250e+02  3.954140e+01
  4.297960e+02  4.437500e+01
  4.186630e+02  4.848255e+01
  4.078180e+02  5.412565e+01
  3.972540e+02  5.930020e+01
  3.869640e+02  6.547330e+01
  3.769400e+02  7.205400e+01
  3.671770e+02  8.054650e+01
  3.576650e+02  8.784230e+01
  3.484010e+02  9.648870e+01
  3.393760e+02  1.064035e+02
  3.305850e+02  1.153210e+02
  3.220220e+02  1.276765e+02
  3.136800e+02  1.388255e+02
  3.055550e+02  1.513450e+02
  2.976400e+02  1.654545e+02
  2.899300e+02  1.809135e+02
  2.824200e+02  1.980550e+02
  2.751040e+02  2.154480e+02
  2.679780e+02  2.345325e+02
  2.610370e+02  2.532850e+02
  2.542750e+02  2.745200e+02
  2.476890e+02  3.000020e+02
  2.412730e+02  3.256165e+02
  2.350230e+02  3.530295e+02
  2.289350e+02  3.838065e+02
  2.230050e+02  4.159675e+02
  2.172280e+02  4.485300e+02
  2.116010e+02  4.812405e+02
  2.061200e+02  5.183055e+02
  2.007810e+02  5.567800e+02
  1.955800e+02  6.024255e+02
  1.905140e+02  6.509425e+02
  1.855790e+02  7.005975e+02
  1.807720e+02  7.531050e+02
  1.760890e+02  8.070355e+02
  1.715280e+02  8.621575e+02
  1.670850e+02  9.173790e+02
  1.627570e+02  9.712315e+02
  1.585410e+02  1.027595e+03
  1.544340e+02  1.082255e+03
  1.504340e+02  1.137240e+03
  1.465370e+02  1.196215e+03
  1.427410e+02  1.254555e+03
  1.390440e+02  1.312815e+03
  1.354420e+02  1.367775e+03
  1.319340e+02  1.423810e+03
  1.285160e+02  1.473705e+03
  1.251870e+02  1.527365e+03
  1.219440e+02  1.582700e+03
  1.187850e+02  1.636395e+03
  1.157090e+02  1.690980e+03
  1.127110e+02  1.742455e+03
  1.097920e+02  1.796995e+03
  1.069480e+02  1.841025e+03
  1.041770e+02  1.893345e+03
  1.014790e+02  1.938110e+03
  9.885030e+01  1.984810e+03
  9.628970e+01  2.021180e+03
  9.379550e+01  2.061780e+03
  9.136590e+01  2.089230e+03
  8.899920e+01  2.117515e+03
  8.669380e+01  2.145140e+03
  8.444820e+01  2.158070e+03
  8.226070e+01  2.164025e+03
  8.012980e+01  2.164880e+03
  7.805420e+01  2.161685e+03
  7.603240e+01  2.141345e+03
  7.406290e+01  2.118620e+03
  7.214440e+01  2.077150e+03
  7.027560e+01  2.036390e+03
  6.845520e+01  1.972815e+03
  6.668200e+01  1.905035e+03
  6.495470e+01  1.824105e+03
  6.327220e+01  1.746135e+03
  6.163320e+01  1.667200e+03
  6.003670e+01  1.577915e+03
  5.848160e+01  1.498965e+03
  5.696670e+01  1.421705e+03
  5.549110e+01  1.341475e+03
  5.405370e+01  1.243480e+03
  5.265350e+01  1.132195e+03
  5.128960e+01  1.030295e+03
  4.996100e+01  9.304780e+02
  4.866690e+01  8.148840e+02
  4.740620e+01  7.080100e+02
  4.617830e+01  6.083810e+02
  4.498210e+01  5.233665e+02
  4.381690e+01  4.771600e+02
  4.268190e+01  4.343725e+02
  4.157630e+01  3.966540e+02
  4.049930e+01  3.606495e+02
  3.945030e+01  3.333390e+02
  3.842840e+01  3.144020e+02
  3.743290e+01  2.941720e+02
  3.646330e+01  2.771065e+02
  3.551880e+01  2.613845e+02
  3.459870e+01  2.438790e+02
  3.370250e+01  2.239515e+02
  3.282950e+01  2.062910e+02
  3.197910e+01  1.906190e+02
  3.115070e+01  1.755950e+02
  3.034380e+01  1.628345e+02
  2.955780e+01  1.489675e+02
  2.879220e+01  1.364280e+02
  2.804640e+01  1.253380e+02
  2.731990e+01  1.148810e+02
  2.661220e+01  1.048650e+02
  2.592290e+01  9.705020e+01
  2.525140e+01  8.901130e+01
  2.459730e+01  8.242330e+01
  2.396010e+01  7.684496e+01
  2.333950e+01  7.132955e+01
  2.273490e+01  6.624575e+01
  2.214600e+01  6.231255e+01
  2.157230e+01  5.874620e+01
  2.101350e+01  5.547800e+01
  2.046920e+01  5.257685e+01
  1.993900e+01  5.124480e+01
  1.942250e+01  4.893090e+01
  1.891940e+01  4.843240e+01
  1.842930e+01  4.930870e+01
  1.795200e+01  5.024060e+01
  1.748690e+01  5.306045e+01
  1.703400e+01  5.505755e+01
  1.659270e+01  5.888325e+01
  1.616290e+01  6.298885e+01
  1.574430e+01  6.743905e+01
  1.533640e+01  7.188530e+01
  1.493920e+01  7.653191e+01
  1.455220e+01  7.943125e+01
  1.417520e+01  7.907000e+01
  1.380800e+01  7.703195e+01
  1.345040e+01  7.260056e+01
  1.310200e+01  6.781310e+01
  1.276260e+01  6.493781e+01
  1.243200e+01  6.233675e+01
  1.211000e+01  6.160110e+01
  1.179630e+01  6.204950e+01
  1.149070e+01  6.176790e+01
  1.119310e+01  6.363550e+01
  1.090310e+01  6.461909e+01
  1.062070e+01  6.709070e+01
  1.034560e+01  6.871355e+01
  1.007760e+01  7.089230e+01
  9.816600e+00  7.361195e+01
  9.562300e+00  7.650400e+01
  9.314600e+00  7.814915e+01
  9.073300e+00  8.191580e+01
  8.838300e+00  8.642500e+01
  8.609300e+00  9.324660e+01
  8.386300e+00  1.007905e+02
  8.169100e+00  1.112310e+02
  7.957500e+00  1.231850e+02
  7.751400e+00  1.318140e+02
  7.550600e+00  1.479265e+02
  7.355000e+00  1.563445e+02
  7.164500e+00  1.575165e+02
  6.978900e+00  1.560895e+02
  6.798100e+00  1.537805e+02
  6.622000e+00  1.526365e+02
  6.450500e+00  1.580165e+02
  6.283400e+00  1.618230e+02
  6.120600e+00  1.621800e+02
  5.962100e+00  1.635380e+02
  5.807600e+00  1.658490e+02
  5.657200e+00  1.686385e+02
  5.510700e+00  1.760060e+02
  5.367900e+00  1.926115e+02
  5.228900e+00  1.883265e+02
  5.093400e+00  1.834870e+02
  4.961500e+00  1.806765e+02
  4.833000e+00  2.160745e+02
  4.707800e+00  2.681465e+02
  4.585800e+00  2.002145e+02
  4.467100e+00  1.909725e+02
  4.351300e+00  2.027425e+02
  4.238600e+00  2.171615e+02
  4.128800e+00  2.303050e+02
  4.021900e+00  5.545925e+02
  3.917700e+00  3.472100e+02
  3.816200e+00  2.102605e+02
  3.717400e+00  2.106725e+02
  3.621100e+00  2.125990e+02
  3.527300e+00  2.147535e+02
  3.435900e+00  2.166665e+02
  3.346900e+00  2.174065e+02
  3.260200e+00  2.238785e+02
  3.175800e+00  2.344865e+02
  3.093500e+00  2.304625e+02
  3.013400e+00  2.366565e+02
  2.935300e+00  2.444930e+02
  2.859300e+00  2.435015e+02
  2.785200e+00  2.522880e+02
  2.713100e+00  2.522910e+02
  2.642800e+00  2.430195e+02
  2.574300e+00  2.692525e+02
  2.507600e+00  2.517940e+02
  2.442700e+00  2.720155e+02
  2.379400e+00  2.859645e+02
  2.317800e+00  2.690480e+02
  2.257700e+00  2.565735e+02
  2.199300e+00  3.171275e+02
  2.142300e+00  2.691510e+02
  2.086800e+00  2.666775e+02
  2.032700e+00  2.743505e+02
  1.980100e+00  2.889070e+02
  1.928800e+00  2.124510e+02
  1.878800e+00  2.041325e+02
  1.830200e+00  2.424170e+02
  1.782800e+00  4.485445e+02
  1.736600e+00  2.974780e+02
  1.691600e+00  2.645380e+02
  1.647800e+00  2.555270e+02
  1.605100e+00  2.580490e+02
  1.563500e+00  2.500965e+02
  1.523000e+00  2.453680e+02
  1.483600e+00  2.456020e+02
  1.445100e+00  2.318710e+02
  1.407700e+00  2.257350e+02
  1.371200e+00  2.100885e+02
  1.335700e+00  2.253085e+02
  1.301100e+00  1.950335e+02
  1.267400e+00  1.473350e+02
  1.234600e+00  2.046750e+02
  1.202600e+00  2.274555e+02
  1.171500e+00  2.009615e+02
  1.141100e+00  2.329740e+02
  1.111600e+00  1.757425e+02
  1.082800e+00  1.521125e+02
  1.054700e+00  2.126835e+02
  1.027400e+00  1.906175e+02
  1.000800e+00  1.623650e+02
  9.749000e-01  1.750820e+02
  9.496000e-01  1.699955e+02
  9.250000e-01  1.819370e+02
  9.010000e-01  1.802840e+02
  8.777000e-01  1.901195e+02
  8.550000e-01  1.976985e+02
  8.328000e-01  1.871890e+02
  8.113000e-01  2.121320e+02
  7.902000e-01  2.077920e+02
  7.698000e-01  1.961810e+02
  7.498000e-01  2.208095e+02
  7.304000e-01  2.103430e+02
  7.115000e-01  2.036335e+02
  6.931000e-01  2.338460e+02
  6.751000e-01  4.115420e+02
  6.576000e-01  5.701895e+02
  6.406000e-01  8.077520e+02
  6.240000e-01  2.889155e+02
  6.078000e-01  2.270190e+02
  5.921000e-01  2.253425e+02
  5.767000e-01  2.225205e+02
  5.618000e-01  2.243980e+02
  5.472000e-01  2.160260e+02
  5.331000e-01  2.594245e+02
  5.193000e-01  2.462465e+02
  5.058000e-01  2.682805e+02
  4.927000e-01  2.694785e+02
  4.799000e-01  2.396265e+02
  4.675000e-01  2.324715e+02
  4.554000e-01  2.266690e+02
  4.436000e-01  2.448720e+02
  4.321000e-01  2.164100e+02
  4.209000e-01  2.419635e+02
  4.100000e-01  2.284850e+02
  3.994000e-01  3.573190e+02
  3.891000e-01  3.080465e+02
  3.790000e-01  2.832270e+02
  3.692000e-01  2.457325e+02
  3.596000e-01  2.340125e+02
  3.503000e-01  2.259455e+02
  3.412000e-01  2.231750e+02
  3.324000e-01  2.254215e+02
  3.238000e-01  2.108860e+02
  3.154000e-01  2.118540e+02
  3.072000e-01  2.147295e+02
  2.992000e-01  2.640700e+02
  2.915000e-01  3.135505e+02
  2.839000e-01  3.328520e+02
  2.766000e-01  2.869000e+02
  2.694000e-01  2.994025e+02
  2.624000e-01  2.730325e+02
  2.556000e-01  2.512045e+02
  2.490000e-01  2.363760e+02
  2.426000e-01  2.206440e+02
  2.363000e-01  2.111835e+02
  2.302000e-01  1.972995e+02
  2.242000e-01  1.846700e+02
  2.184000e-01  1.760250e+02
  2.127000e-01  1.647235e+02
  2.072000e-01  1.539135e+02
  2.019000e-01  1.467635e+02
  1.966000e-01  1.395780e+02
  1.915000e-01  1.309755e+02
  1.866000e-01  1.237065e+02
  1.817000e-01  1.165060e+02
  1.770000e-01  1.104290e+02
  1.725000e-01  1.031705e+02
  1.680000e-01  9.648485e+01
  1.636000e-01  8.983590e+01
  1.594000e-01  8.374420e+01
  1.553000e-01  7.791570e+01
  1.512000e-01  7.184825e+01
  1.473000e-01  6.632920e+01
  1.435000e-01  6.162520e+01
  1.398000e-01  5.502425e+01
  1.362000e-01  5.047420e+01
  1.326000e-01  4.565155e+01
  1.292000e-01  4.065680e+01
  1.259000e-01  3.623990e+01
  1.226000e-01  3.233640e+01
  1.194000e-01  2.839410e+01
  1.163000e-01  2.540005e+01
  1.133000e-01  2.252655e+01
  1.104000e-01  1.931400e+01
  1.075000e-01  1.671655e+01
  1.047000e-01  1.430995e+01
  1.020000e-01  1.250725e+01
  9.940000e-02  1.082705e+01
  9.680000e-02  9.185495e+00
  9.430000e-02  7.690420e+00
  9.190000e-02  6.363900e+00
  8.950000e-02  5.483895e+00
  8.720000e-02  4.765065e+00
  8.490000e-02  4.029545e+00
  8.270000e-02  3.475595e+00
  8.060000e-02  2.984660e+00
  7.850000e-02  2.484430e+00
  7.640000e-02  2.275070e+00
  7.450000e-02  1.963825e+00
  7.250000e-02  1.802645e+00
  7.070000e-02  1.669260e+00
  6.880000e-02  1.522890e+00
  6.700000e-02  1.446940e+00
  6.530000e-02  1.485840e+00
  6.360000e-02  1.382095e+00
  6.200000e-02  1.372825e+00
  6.040000e-02  1.346875e+00
  5.880000e-02  1.343180e+00
  5.730000e-02  1.333925e+00
  5.580000e-02  1.289465e+00
  5.430000e-02  1.345035e+00
  5.290000e-02  1.446925e+00
  5.160000e-02  1.411740e+00
  5.020000e-02  1.369120e+00
  4.890000e-02  1.369115e+00
  4.770000e-02  1.402465e+00
  4.640000e-02  1.358000e+00
  4.520000e-02  1.445080e+00
  4.410000e-02  1.454335e+00
  4.290000e-02  1.459890e+00
  4.180000e-02  1.417300e+00
  4.070000e-02  1.469160e+00
  3.970000e-02  1.393200e+00
  3.860000e-02  1.378395e+00
  3.760000e-02  1.391350e+00
  3.670000e-02  1.535860e+00
  3.570000e-02  1.489540e+00
  3.480000e-02  1.504365e+00
  3.390000e-02  1.526595e+00
  3.300000e-02  1.458040e+00
  3.220000e-02  1.322800e+00
  3.130000e-02  1.369120e+00
  3.050000e-02  1.428395e+00
  2.970000e-02  1.313535e+00
  2.890000e-02  1.370980e+00
  2.820000e-02  1.257970e+00
  2.750000e-02  1.302425e+00
  2.680000e-02  1.252410e+00
  2.610000e-02  1.102325e+00
  2.540000e-02  1.219060e+00
  2.470000e-02  1.119010e+00
  2.410000e-02  1.104195e+00
  2.350000e-02  1.080100e+00
  2.290000e-02  9.948735e-01
  2.230000e-02  9.281840e-01
  2.170000e-02  9.448600e-01
  2.110000e-02  8.837165e-01
  2.060000e-02  8.874255e-01
  2.000000e-02  7.336545e-01
  1.950000e-02  7.077200e-01
  1.900000e-02  6.854855e-01
  1.850000e-02  6.299061e-01
  1.800000e-02  5.187450e-01
  1.760000e-02  5.150405e-01
  1.710000e-02  4.872505e-01
  1.670000e-02  4.390835e-01
  1.630000e-02  3.964700e-01
  1.580000e-02  3.334805e-01
  1.540000e-02  3.168060e-01
  1.500000e-02  3.168070e-01
  1.460000e-02  2.186150e-01
  1.430000e-02  2.519625e-01
  1.390000e-02  2.315825e-01
  1.350000e-02  1.408025e-01
  1.320000e-02  1.667395e-01
  1.280000e-02  1.482130e-01
  1.250000e-02  9.448565e-02
  1.220000e-02  9.448550e-02
  1.190000e-02  8.522260e-02
  1.160000e-02  9.448605e-02
  1.130000e-02  7.966450e-02
  1.100000e-02  2.834585e-01
  1.070000e-02  3.464485e-01
  1.040000e-02  3.001330e-01
  1.010000e-02  1.161625e+00
