  4.934820e+03  0.000000e+00
  4.806990e+03  0.000000e+00
  4.682470e+03  0.000000e+00
  4.561180e+03  0.000000e+00
  4.443030e+03  0.000000e+00
  4.327940e+03  0.000000e+00
  4.215830e+03  0.000000e+00
  4.106630e+03  0.000000e+00
  4.000250e+03  2.240250e-01
  3.896630e+03  0.000000e+00
  3.795700e+03  0.000000e+00
  3.697380e+03  0.000000e+00
  3.601600e+03  0.000000e+00
  3.508310e+03  2.240250e-01
  3.417430e+03  0.000000e+00
  3.328910e+03  0.000000e+00
  3.242680e+03  0.000000e+00
  3.158680e+03  0.000000e+00
  3.076860e+03  2.240250e-01
  2.997160e+03  0.000000e+00
  2.919530e+03  0.000000e+00
  2.843900e+03  0.000000e+00
  2.770230e+03  0.000000e+00
  2.698480e+03  2.240250e-01
  2.628580e+03  0.000000e+00
  2.560490e+03  4.480500e-01
  2.494160e+03  0.000000e+00
  2.429550e+03  0.000000e+00
  2.366620e+03  4.480500e-01
  2.305320e+03  0.000000e+00
  2.245600e+03  4.480500e-01
  2.187430e+03  2.240250e-01
  2.130770e+03  0.000000e+00
  2.075580e+03  4.480500e-01
  2.021810e+03  2.240250e-01
  1.969440e+03  2.240250e-01
  1.918430e+03  4.480500e-01
  1.868730e+03  6.720750e-01
  1.820330e+03  0.000000e+00
  1.773170e+03  1.120125e+00
  1.727240e+03  1.344155e+00
  1.682500e+03  4.480500e-01
  1.638920e+03  1.120130e+00
  1.596470e+03  2.912350e+00
  1.555110e+03  4.704595e+00
  1.514830e+03  6.272795e+00
  1.475590e+03  3.808460e+00
  1.437370e+03  2.240250e-01
  1.400140e+03  1.792205e+00
  1.363870e+03  2.240260e+00
  1.328540e+03  5.824715e+00
  1.294120e+03  5.152690e+00
  1.260600e+03  2.464290e+00
  1.227950e+03  2.240265e+00
  1.196140e+03  4.032475e+00
  1.165160e+03  4.704600e+00
  1.134980e+03  5.152620e+00
  1.105580e+03  5.824705e+00
  1.076940e+03  5.824715e+00
  1.049040e+03  8.737085e+00
  1.021870e+03  8.513025e+00
  9.953980e+02  8.961149e+00
  9.696140e+02  1.030521e+01
  9.444970e+02  1.276965e+01
  9.200320e+02  1.478580e+01
  8.962000e+02  1.276955e+01
  8.729850e+02  1.725015e+01
  8.503720e+02  1.859430e+01
  8.283450e+02  2.061045e+01
  8.068880e+02  1.949040e+01
  7.859870e+02  2.934745e+01
  7.656270e+02  3.158775e+01
  7.457950e+02  3.674040e+01
  7.264760e+02  3.674025e+01
  7.076580e+02  3.853250e+01
  6.893270e+02  4.726960e+01
  6.714710e+02  5.847090e+01
  6.540780e+02  6.227920e+01
  6.371350e+02  7.168850e+01
  6.206310e+02  8.311300e+01
  6.045550e+02  9.072980e+01
  5.888950e+02  1.057398e+02
  5.736410e+02  1.200780e+02
  5.587810e+02  1.180615e+02
  5.443070e+02  1.458420e+02
  5.302080e+02  1.626435e+02
  5.164740e+02  1.783240e+02
  5.030950e+02  2.222345e+02
  4.900630e+02  2.417235e+02
  4.773690e+02  2.672625e+02
  4.650040e+02  3.183410e+02
  4.529580e+02  3.579940e+02
  4.412250e+02  3.967510e+02
  4.297960e+02  4.520850e+02
  4.186630e+02  4.933070e+02
  4.078180e+02  5.607380e+02
  3.972540e+02  6.328745e+02
  3.869640e+02  7.307740e+02
  3.769400e+02  8.183675e+02
  3.671770e+02  9.021530e+02
  3.576650e+02  1.021110e+03
  3.484010e+02  1.171220e+03
  3.393760e+02  1.318165e+03
  3.305850e+02  1.450340e+03
  3.220220e+02  1.621950e+03
  3.136800e+02  1.814170e+03
  3.055550e+02  2.018025e+03
  2.976400e+02  2.306585e+03
  2.899300e+02  2.617300e+03
  2.824200e+02  2.932505e+03
  2.751040e+02  3.262725e+03
  2.679780e+02  3.680750e+03
  2.610370e+02  4.099015e+03
  2.542750e+02  4.639810e+03
  2.476890e+02  5.194280e+03
  2.412730e+02  5.831405e+03
  2.350230e+02  6.430010e+03
  2.289350e+02  7.286235e+03
  2.230050e+02  8.117815e+03
  2.172280e+02  9.109814e+03
  2.116010e+02  1.006935e+04
  2.061200e+02  1.131500e+04
  2.007810e+02  1.258225e+04
  1.955800e+02  1.401355e+04
  1.905140e+02  1.566225e+04
  1.855790e+02  1.735255e+04
  1.807720e+02  1.937565e+04
  1.760890e+02  2.139905e+04
  1.715280e+02  2.383510e+04
  1.670850e+02  2.620305e+04
  1.627570e+02  2.892200e+04
  1.585410e+02  3.164775e+04
  1.544340e+02  3.479025e+04
  1.504340e+02  3.818060e+04
  1.465370e+02  4.172700e+04
  1.427410e+02  4.525965e+04
  1.390440e+02  4.931800e+04
  1.354420e+02  5.363505e+04
  1.319340e+02  5.812155e+04
  1.285160e+02  6.284390e+04
  1.251870e+02  6.763750e+04
  1.219440e+02  7.359540e+04
  1.187850e+02  7.897295e+04
  1.157090e+02  8.469120e+04
  1.127110e+02  9.097805e+04
  1.097920e+02  9.767150e+04
  1.069480e+02  1.040830e+05
  1.041770e+02  1.112185e+05
  1.014790e+02  1.182000e+05
  9.885030e+01  1.253780e+05
  9.628970e+01  1.327405e+05
  9.379550e+01  1.404000e+05
  9.136590e+01  1.479065e+05
  8.899920e+01  1.554175e+05
  8.669380e+01  1.625200e+05
  8.444820e+01  1.699645e+05
  8.226070e+01  1.765000e+05
  8.012980e+01  1.833025e+05
  7.805420e+01  1.893175e+05
  7.603240e+01  1.949090e+05
  7.406290e+01  1.994865e+05
  7.214440e+01  2.041780e+05
  7.027560e+01  2.077765e+05
  6.845520e+01  2.103185e+05
  6.668200e+01  2.116045e+05
  6.495470e+01  2.128135e+05
  6.327220e+01  2.143290e+05
  6.163320e+01  2.150850e+05
  6.003670e+01  2.143810e+05
  5.848160e+01  2.148180e+05
  5.696670e+01  2.146205e+05
  5.549110e+01  2.137335e+05
  5.405370e+01  2.100825e+05
  5.265350e+01  2.036305e+05
  5.128960e+01  1.984555e+05
  4.996100e+01  1.920300e+05
  4.866690e+01  1.829760e+05
  4.740620e+01  1.740760e+05
  4.617830e+01  1.650180e+05
  4.498210e+01  1.558070e+05
  4.381690e+01  1.501680e+05
  4.268190e+01  1.444875e+05
  4.157630e+01  1.379220e+05
  4.049930e+01  1.315515e+05
  3.945030e+01  1.252280e+05
  3.842840e+01  1.199390e+05
  3.743290e+01  1.142960e+05
  3.646330e+01  1.082690e+05
  3.551880e+01  1.023720e+05
  3.459870e+01  9.588234e+04
  3.370250e+01  8.877809e+04
  3.282950e+01  8.221100e+04
  3.197910e+01  7.532300e+04
  3.115070e+01  6.913925e+04
  3.034380e+01  6.293720e+04
  2.955780e+01  5.670715e+04
  2.879220e+01  5.060630e+04
  2.804640e+01  4.504555e+04
  2.731990e+01  3.965555e+04
  2.661220e+01  3.497805e+04
  2.592290e+01  3.016925e+04
  2.525140e+01  2.588610e+04
  2.459730e+01  2.214720e+04
  2.396010e+01  1.855585e+04
  2.333950e+01  1.557580e+04
  2.273490e+01  1.301275e+04
  2.214600e+01  1.064335e+04
  2.157230e+01  8.526215e+03
  2.101350e+01  6.818700e+03
  2.046920e+01  5.439145e+03
  1.993900e+01  4.274420e+03
  1.942250e+01  3.338230e+03
  1.891940e+01  2.626480e+03
  1.842930e+01  2.142140e+03
  1.795200e+01  1.714685e+03
  1.748690e+01  1.435105e+03
  1.703400e+01  1.187785e+03
  1.659270e+01  1.004981e+03
  1.616290e+01  8.681030e+02
  1.574430e+01  7.529540e+02
  1.533640e+01  6.353390e+02
  1.493920e+01  5.481925e+02
  1.455220e+01  4.520855e+02
  1.417520e+01  3.337990e+02
  1.380800e+01  2.166330e+02
  1.345040e+01  1.250065e+02
  1.310200e+01  7.460080e+01
  1.276260e+01  3.696445e+01
  1.243200e+01  2.374695e+01
  1.211000e+01  1.500980e+01
  1.179630e+01  8.961060e+00
  1.149070e+01  4.256560e+00
  1.119310e+01  4.704585e+00
  1.090310e+01  2.912335e+00
  1.062070e+01  3.136360e+00
  1.034560e+01  2.016240e+00
  1.007760e+01  1.568175e+00
  9.816600e+00  1.344150e+00
  9.562300e+00  1.120130e+00
  9.314600e+00  1.568205e+00
  9.073300e+00  3.584445e+00
  8.838300e+00  2.688310e+00
  8.609300e+00  2.464285e+00
  8.386300e+00  2.688330e+00
  8.169100e+00  2.912385e+00
  7.957500e+00  4.704570e+00
  7.751400e+00  7.840995e+00
  7.550600e+00  8.289040e+00
  7.355000e+00  9.409200e+00
  7.164500e+00  8.961100e+00
  6.978900e+00  8.737095e+00
  6.798100e+00  1.075340e+01
  6.622000e+00  1.052934e+01
  6.450500e+00  9.857244e+00
  6.283400e+00  1.120140e+01
  6.120600e+00  1.366580e+01
  5.962100e+00  6.720845e+00
  5.807600e+00  7.840975e+00
  5.657200e+00  1.075328e+01
  5.510700e+00  9.633235e+00
  5.367900e+00  8.961155e+00
  5.228900e+00  9.633165e+00
  5.093400e+00  1.052935e+01
  4.961500e+00  9.409266e+00
  4.833000e+00  1.008125e+01
  4.707800e+00  9.185175e+00
  4.585800e+00  7.168810e+00
  4.467100e+00  6.272790e+00
  4.351300e+00  6.720855e+00
  4.238600e+00  7.392945e+00
  4.128800e+00  9.409204e+00
  4.021900e+00  1.097740e+01
  3.917700e+00  6.272780e+00
  3.816200e+00  7.616925e+00
  3.717400e+00  7.616945e+00
  3.621100e+00  6.048740e+00
  3.527300e+00  6.944920e+00
  3.435900e+00  5.152610e+00
  3.346900e+00  5.600730e+00
  3.260200e+00  5.152670e+00
  3.175800e+00  4.704605e+00
  3.093500e+00  3.584440e+00
  3.013400e+00  1.568180e+00
  2.935300e+00  2.912385e+00
  2.859300e+00  2.016235e+00
  2.785200e+00  5.152675e+00
  2.713100e+00  4.928615e+00
  2.642800e+00  2.912355e+00
  2.574300e+00  4.704580e+00
  2.507600e+00  3.584445e+00
  2.442700e+00  4.032480e+00
  2.379400e+00  3.808470e+00
  2.317800e+00  3.136380e+00
  2.257700e+00  3.136385e+00
  2.199300e+00  4.256540e+00
  2.142300e+00  3.584415e+00
  2.086800e+00  2.912360e+00
  2.032700e+00  3.360415e+00
  1.980100e+00  3.808460e+00
  1.928800e+00  4.256500e+00
  1.878800e+00  3.808450e+00
  1.830200e+00  1.568180e+00
  1.782800e+00  1.792205e+00
  1.736600e+00  2.016230e+00
  1.691600e+00  1.568180e+00
  1.647800e+00  2.016225e+00
  1.605100e+00  1.792215e+00
  1.563500e+00  1.792210e+00
  1.523000e+00  8.961000e-01
  1.483600e+00  1.568175e+00
  1.445100e+00  1.344150e+00
  1.407700e+00  6.720750e-01
  1.371200e+00  6.720750e-01
  1.335700e+00  1.120125e+00
  1.301100e+00  6.720750e-01
  1.267400e+00  4.480500e-01
  1.234600e+00  4.480500e-01
  1.202600e+00  6.720750e-01
  1.171500e+00  2.240250e-01
  1.141100e+00  4.480500e-01
  1.111600e+00  6.720750e-01
  1.082800e+00  0.000000e+00
  1.054700e+00  4.480500e-01
  1.027400e+00  4.480500e-01
  1.000800e+00  2.240250e-01
  9.749000e-01  0.000000e+00
  9.496000e-01  6.720750e-01
  9.250000e-01  2.240250e-01
  9.010000e-01  0.000000e+00
  8.777000e-01  8.961050e-01
  8.550000e-01  4.480500e-01
  8.328000e-01  6.720800e-01
  8.113000e-01  0.000000e+00
  7.902000e-01  2.240250e-01
  7.698000e-01  8.961000e-01
  7.498000e-01  4.480500e-01
  7.304000e-01  2.240250e-01
  7.115000e-01  4.480500e-01
  6.931000e-01  2.240250e-01
  6.751000e-01  2.240250e-01
  6.576000e-01  6.720750e-01
  6.406000e-01  1.792200e+00
  6.240000e-01  6.720750e-01
  6.078000e-01  0.000000e+00
  5.921000e-01  0.000000e+00
  5.767000e-01  0.000000e+00
  5.618000e-01  6.720750e-01
  5.472000e-01  0.000000e+00
  5.331000e-01  0.000000e+00
  5.193000e-01  2.240250e-01
  5.058000e-01  0.000000e+00
  4.927000e-01  4.480500e-01
  4.799000e-01  0.000000e+00
  4.675000e-01  2.240250e-01
  4.554000e-01  4.480500e-01
  4.436000e-01  2.240250e-01
  4.321000e-01  2.240250e-01
  4.209000e-01  2.240250e-01
  4.100000e-01  4.480500e-01
  3.994000e-01  2.240250e-01
  3.891000e-01  8.961050e-01
  3.790000e-01  4.480500e-01
  3.692000e-01  0.000000e+00
  3.596000e-01  2.240250e-01
  3.503000e-01  0.000000e+00
  3.412000e-01  0.000000e+00
  3.324000e-01  4.480500e-01
  3.238000e-01  4.480500e-01
  3.154000e-01  0.000000e+00
  3.072000e-01  4.480500e-01
  2.992000e-01  2.240250e-01
  2.915000e-01  4.480500e-01
  2.839000e-01  1.344150e+00
  2.766000e-01  2.240250e-01
  2.694000e-01  8.961000e-01
  2.624000e-01  4.480500e-01
  2.556000e-01  6.720750e-01
  2.490000e-01  4.480500e-01
  2.426000e-01  4.480500e-01
  2.363000e-01  4.480500e-01
  2.302000e-01  4.480500e-01
  2.242000e-01  0.000000e+00
  2.184000e-01  6.720750e-01
  2.127000e-01  2.240250e-01
  2.072000e-01  0.000000e+00
  2.019000e-01  6.720750e-01
  1.966000e-01  2.240250e-01
  1.915000e-01  6.720750e-01
  1.866000e-01  0.000000e+00
  1.817000e-01  0.000000e+00
  1.770000e-01  0.000000e+00
  1.725000e-01  2.240250e-01
  1.680000e-01  2.240250e-01
  1.636000e-01  0.000000e+00
  1.594000e-01  2.240250e-01
  1.553000e-01  2.240250e-01
  1.512000e-01  2.240250e-01
  1.473000e-01  4.480500e-01
  1.435000e-01  0.000000e+00
  1.398000e-01  0.000000e+00
  1.362000e-01  0.000000e+00
  1.326000e-01  0.000000e+00
  1.292000e-01  2.240250e-01
  1.259000e-01  0.000000e+00
  1.226000e-01  0.000000e+00
  1.194000e-01  0.000000e+00
  1.163000e-01  2.240250e-01
  1.133000e-01  0.000000e+00
  1.104000e-01  2.240250e-01
  1.075000e-01  0.000000e+00
  1.047000e-01  0.000000e+00
  1.020000e-01  0.000000e+00
  9.940000e-02  0.000000e+00
  9.680000e-02  0.000000e+00
  9.430000e-02  0.000000e+00
  9.190000e-02  0.000000e+00
  8.950000e-02  0.000000e+00
  8.720000e-02  2.240250e-01
  8.490000e-02  0.000000e+00
  8.270000e-02  0.000000e+00
  8.060000e-02  0.000000e+00
  7.850000e-02  0.000000e+00
  7.640000e-02  0.000000e+00
  7.450000e-02  0.000000e+00
  7.250000e-02  0.000000e+00
  7.070000e-02  0.000000e+00
  6.880000e-02  0.000000e+00
  6.700000e-02  0.000000e+00
  6.530000e-02  0.000000e+00
  6.360000e-02  0.000000e+00
  6.200000e-02  0.000000e+00
  6.040000e-02  0.000000e+00
  5.880000e-02  0.000000e+00
  5.730000e-02  0.000000e+00
  5.580000e-02  0.000000e+00
  5.430000e-02  0.000000e+00
  5.290000e-02  0.000000e+00
  5.160000e-02  0.000000e+00
  5.020000e-02  0.000000e+00
  4.890000e-02  0.000000e+00
  4.770000e-02  0.000000e+00
  4.640000e-02  0.000000e+00
  4.520000e-02  0.000000e+00
  4.410000e-02  0.000000e+00
  4.290000e-02  0.000000e+00
  4.180000e-02  0.000000e+00
  4.070000e-02  0.000000e+00
  3.970000e-02  0.000000e+00
  3.860000e-02  0.000000e+00
  3.760000e-02  0.000000e+00
  3.670000e-02  0.000000e+00
  3.570000e-02  0.000000e+00
  3.480000e-02  0.000000e+00
  3.390000e-02  0.000000e+00
  3.300000e-02  0.000000e+00
  3.220000e-02  0.000000e+00
  3.130000e-02  0.000000e+00
  3.050000e-02  0.000000e+00
  2.970000e-02  0.000000e+00
  2.890000e-02  0.000000e+00
  2.820000e-02  0.000000e+00
  2.750000e-02  0.000000e+00
  2.680000e-02  0.000000e+00
  2.610000e-02  0.000000e+00
  2.540000e-02  0.000000e+00
  2.470000e-02  0.000000e+00
  2.410000e-02  0.000000e+00
  2.350000e-02  0.000000e+00
  2.290000e-02  0.000000e+00
  2.230000e-02  0.000000e+00
  2.170000e-02  0.000000e+00
  2.110000e-02  0.000000e+00
  2.060000e-02  0.000000e+00
  2.000000e-02  0.000000e+00
  1.950000e-02  0.000000e+00
  1.900000e-02  0.000000e+00
  1.850000e-02  0.000000e+00
  1.800000e-02  0.000000e+00
  1.760000e-02  0.000000e+00
  1.710000e-02  0.000000e+00
  1.670000e-02  0.000000e+00
  1.630000e-02  0.000000e+00
  1.580000e-02  0.000000e+00
  1.540000e-02  0.000000e+00
  1.500000e-02  0.000000e+00
  1.460000e-02  0.000000e+00
  1.430000e-02  0.000000e+00
  1.390000e-02  0.000000e+00
  1.350000e-02  0.000000e+00
  1.320000e-02  0.000000e+00
  1.280000e-02  0.000000e+00
  1.250000e-02  0.000000e+00
  1.220000e-02  0.000000e+00
  1.190000e-02  0.000000e+00
  1.160000e-02  0.000000e+00
  1.130000e-02  0.000000e+00
  1.100000e-02  6.720800e-01
  1.070000e-02  1.120130e+00
  1.040000e-02  1.792205e+00
  1.010000e-02  9.857220e+00
