  4.934820e+03  9.921830e+00
  4.806990e+03  0.000000e+00
  4.682470e+03  0.000000e+00
  4.561180e+03  0.000000e+00
  4.443030e+03  0.000000e+00
  4.327940e+03  0.000000e+00
  4.215830e+03  0.000000e+00
  4.106630e+03  0.000000e+00
  4.000250e+03  0.000000e+00
  3.896630e+03  0.000000e+00
  3.795700e+03  0.000000e+00
  3.697380e+03  0.000000e+00
  3.601600e+03  0.000000e+00
  3.508310e+03  0.000000e+00
  3.417430e+03  0.000000e+00
  3.328910e+03  0.000000e+00
  3.242680e+03  0.000000e+00
  3.158680e+03  0.000000e+00
  3.076860e+03  4.134100e-01
  2.997160e+03  0.000000e+00
  2.919530e+03  0.000000e+00
  2.843900e+03  0.000000e+00
  2.770230e+03  0.000000e+00
  2.698480e+03  4.134100e-01
  2.628580e+03  4.134100e-01
  2.560490e+03  0.000000e+00
  2.494160e+03  0.000000e+00
  2.429550e+03  4.134100e-01
  2.366620e+03  0.000000e+00
  2.305320e+03  0.000000e+00
  2.245600e+03  0.000000e+00
  2.187430e+03  0.000000e+00
  2.130770e+03  0.000000e+00
  2.075580e+03  8.268200e-01
  2.021810e+03  0.000000e+00
  1.969440e+03  4.134100e-01
  1.918430e+03  4.134100e-01
  1.868730e+03  4.134100e-01
  1.820330e+03  0.000000e+00
  1.773170e+03  0.000000e+00
  1.727240e+03  0.000000e+00
  1.682500e+03  4.134100e-01
  1.638920e+03  1.653620e+00
  1.596470e+03  4.134100e-01
  1.555110e+03  8.268200e-01
  1.514830e+03  8.268200e-01
  1.475590e+03  4.134100e-01
  1.437370e+03  2.067030e+00
  1.400140e+03  1.653620e+00
  1.363870e+03  2.480440e+00
  1.328540e+03  2.893850e+00
  1.294120e+03  4.134100e-01
  1.260600e+03  1.240210e+00
  1.227950e+03  2.067050e+00
  1.196140e+03  1.653640e+00
  1.165160e+03  1.653640e+00
  1.134980e+03  3.307240e+00
  1.105580e+03  1.653640e+00
  1.076940e+03  2.893850e+00
  1.049040e+03  3.307260e+00
  1.021870e+03  3.307280e+00
  9.953980e+02  3.720650e+00
  9.696140e+02  5.374250e+00
  9.444970e+02  6.201110e+00
  9.200320e+02  7.441280e+00
  8.962000e+02  9.921841e+00
  8.729850e+02  5.787720e+00
  8.503720e+02  1.033526e+01
  8.283450e+02  1.240234e+01
  8.068880e+02  1.198880e+01
  7.859870e+02  1.240230e+01
  7.656270e+02  1.529615e+01
  7.457950e+02  1.446930e+01
  7.264760e+02  1.736315e+01
  7.076580e+02  2.521810e+01
  6.893270e+02  2.852525e+01
  6.714710e+02  2.976545e+01
  6.540780e+02  3.844725e+01
  6.371350e+02  3.348625e+01
  6.206310e+02  5.043630e+01
  6.045550e+02  3.886070e+01
  5.888950e+02  5.829105e+01
  5.736410e+02  5.911790e+01
  5.587810e+02  7.234745e+01
  5.443070e+02  8.061625e+01
  5.302080e+02  8.722990e+01
  5.164740e+02  8.764365e+01
  5.030950e+02  1.087280e+02
  4.900630e+02  1.372525e+02
  4.773690e+02  1.455205e+02
  4.650040e+02  1.566820e+02
  4.529580e+02  1.736330e+02
  4.412250e+02  2.174550e+02
  4.297960e+02  2.244825e+02
  4.186630e+02  2.542490e+02
  4.078180e+02  2.571420e+02
  3.972540e+02  3.042725e+02
  3.869640e+02  3.683500e+02
  3.769400e+02  4.113435e+02
  3.671770e+02  4.526870e+02
  3.576650e+02  5.184190e+02
  3.484010e+02  5.849785e+02
  3.393760e+02  6.465770e+02
  3.305850e+02  7.408350e+02
  3.220220e+02  8.065685e+02
  3.136800e+02  9.355560e+02
  3.055550e+02  1.033120e+03
  2.976400e+02  1.176155e+03
  2.899300e+02  1.352275e+03
  2.824200e+02  1.472575e+03
  2.751040e+02  1.715245e+03
  2.679780e+02  1.881030e+03
  2.610370e+02  2.042260e+03
  2.542750e+02  2.363470e+03
  2.476890e+02  2.650395e+03
  2.412730e+02  2.927370e+03
  2.350230e+02  3.311030e+03
  2.289350e+02  3.765365e+03
  2.230050e+02  4.202345e+03
  2.172280e+02  4.664940e+03
  2.116010e+02  5.259855e+03
  2.061200e+02  5.891545e+03
  2.007810e+02  6.605500e+03
  1.955800e+02  7.389330e+03
  1.905140e+02  8.293880e+03
  1.855790e+02  9.272020e+03
  1.807720e+02  1.041360e+04
  1.760890e+02  1.174095e+04
  1.715280e+02  1.306340e+04
  1.670850e+02  1.463190e+04
  1.627570e+02  1.615335e+04
  1.585410e+02  1.784615e+04
  1.544340e+02  1.980245e+04
  1.504340e+02  2.174840e+04
  1.465370e+02  2.410310e+04
  1.427410e+02  2.655755e+04
  1.390440e+02  2.899790e+04
  1.354420e+02  3.192525e+04
  1.319340e+02  3.456670e+04
  1.285160e+02  3.802270e+04
  1.251870e+02  4.137560e+04
  1.219440e+02  4.516240e+04
  1.187850e+02  4.918365e+04
  1.157090e+02  5.347365e+04
  1.127110e+02  5.823455e+04
  1.097920e+02  6.300075e+04
  1.069480e+02  6.791040e+04
  1.041770e+02  7.382715e+04
  1.014790e+02  7.958475e+04
  9.885030e+01  8.614200e+04
  9.628970e+01  9.228810e+04
  9.379550e+01  9.894590e+04
  9.136590e+01  1.064640e+05
  8.899920e+01  1.136830e+05
  8.669380e+01  1.217440e+05
  8.444820e+01  1.292565e+05
  8.226070e+01  1.369910e+05
  8.012980e+01  1.459020e+05
  7.805420e+01  1.540340e+05
  7.603240e+01  1.620495e+05
  7.406290e+01  1.695300e+05
  7.214440e+01  1.775320e+05
  7.027560e+01  1.853295e+05
  6.845520e+01  1.913750e+05
  6.668200e+01  1.973005e+05
  6.495470e+01  2.024735e+05
  6.327220e+01  2.066890e+05
  6.163320e+01  2.098060e+05
  6.003670e+01  2.115915e+05
  5.848160e+01  2.137365e+05
  5.696670e+01  2.139480e+05
  5.549110e+01  2.148280e+05
  5.405370e+01  2.128025e+05
  5.265350e+01  2.105155e+05
  5.128960e+01  2.072550e+05
  4.996100e+01  2.024455e+05
  4.866690e+01  1.958275e+05
  4.740620e+01  1.873120e+05
  4.617830e+01  1.782030e+05
  4.498210e+01  1.683650e+05
  4.381690e+01  1.622995e+05
  4.268190e+01  1.555585e+05
  4.157630e+01  1.479740e+05
  4.049930e+01  1.400175e+05
  3.945030e+01  1.335165e+05
  3.842840e+01  1.274370e+05
  3.743290e+01  1.203950e+05
  3.646330e+01  1.139625e+05
  3.551880e+01  1.070955e+05
  3.459870e+01  1.003325e+05
  3.370250e+01  9.308810e+04
  3.282950e+01  8.626095e+04
  3.197910e+01  7.947605e+04
  3.115070e+01  7.256180e+04
  3.034380e+01  6.684584e+04
  2.955780e+01  6.016930e+04
  2.879220e+01  5.415335e+04
  2.804640e+01  4.847795e+04
  2.731990e+01  4.277915e+04
  2.661220e+01  3.780900e+04
  2.592290e+01  3.287780e+04
  2.525140e+01  2.843415e+04
  2.459730e+01  2.450825e+04
  2.396010e+01  2.101415e+04
  2.333950e+01  1.781105e+04
  2.273490e+01  1.495900e+04
  2.214600e+01  1.224115e+04
  2.157230e+01  9.938900e+03
  2.101350e+01  8.054100e+03
  2.046920e+01  6.491815e+03
  1.993900e+01  5.229660e+03
  1.942250e+01  4.183325e+03
  1.891940e+01  3.542520e+03
  1.842930e+01  3.101420e+03
  1.795200e+01  2.686345e+03
  1.748690e+01  2.382485e+03
  1.703400e+01  2.218380e+03
  1.659270e+01  2.155955e+03
  1.616290e+01  2.081535e+03
  1.574430e+01  1.998435e+03
  1.533640e+01  1.944695e+03
  1.493920e+01  1.948830e+03
  1.455220e+01  1.778500e+03
  1.417520e+01  1.483740e+03
  1.380800e+01  1.102985e+03
  1.345040e+01  7.333940e+02
  1.310200e+01  5.167660e+02
  1.276260e+01  3.542960e+02
  1.243200e+01  2.943500e+02
  1.211000e+01  2.728525e+02
  1.179630e+01  2.633445e+02
  1.149070e+01  2.211750e+02
  1.119310e+01  2.265495e+02
  1.090310e+01  2.244820e+02
  1.062070e+01  2.182820e+02
  1.034560e+01  2.087740e+02
  1.007760e+01  2.046385e+02
  9.816600e+00  1.620570e+02
  9.562300e+00  1.579230e+02
  9.314600e+00  1.401465e+02
  9.073300e+00  1.136890e+02
  8.838300e+00  9.549850e+01
  8.609300e+00  8.681685e+01
  8.386300e+00  8.309615e+01
  8.169100e+00  7.978890e+01
  7.957500e+00  1.107955e+02
  7.751400e+00  1.277445e+02
  7.550600e+00  1.856225e+02
  7.355000e+00  1.839685e+02
  7.164500e+00  1.802480e+02
  6.978900e+00  1.711515e+02
  6.798100e+00  1.587495e+02
  6.622000e+00  1.355990e+02
  6.450500e+00  1.442815e+02
  6.283400e+00  1.351855e+02
  6.120600e+00  1.194765e+02
  5.962100e+00  1.194765e+02
  5.807600e+00  1.252640e+02
  5.657200e+00  1.066595e+02
  5.510700e+00  1.285715e+02
  5.367900e+00  1.207170e+02
  5.228900e+00  1.227840e+02
  5.093400e+00  1.136870e+02
  4.961500e+00  1.132755e+02
  4.833000e+00  1.016996e+02
  4.707800e+00  1.074865e+02
  4.585800e+00  1.016994e+02
  4.467100e+00  9.715230e+01
  4.351300e+00  1.021135e+02
  4.238600e+00  9.963340e+01
  4.128800e+00  8.557645e+01
  4.021900e+00  1.008734e+02
  3.917700e+00  9.549885e+01
  3.816200e+00  6.821325e+01
  3.717400e+00  8.061535e+01
  3.621100e+00  8.723005e+01
  3.527300e+00  8.474940e+01
  3.435900e+00  7.193390e+01
  3.346900e+00  6.449265e+01
  3.260200e+00  5.539715e+01
  3.175800e+00  4.878255e+01
  3.093500e+00  3.803390e+01
  3.013400e+00  3.059245e+01
  2.935300e+00  4.630200e+01
  2.859300e+00  4.423505e+01
  2.785200e+00  5.994465e+01
  2.713100e+00  6.407875e+01
  2.642800e+00  5.829105e+01
  2.574300e+00  5.539720e+01
  2.507600e+00  5.250330e+01
  2.442700e+00  4.919595e+01
  2.379400e+00  4.795575e+01
  2.317800e+00  5.581075e+01
  2.257700e+00  3.968745e+01
  2.199300e+00  4.216800e+01
  2.142300e+00  4.258150e+01
  2.086800e+00  3.720695e+01
  2.032700e+00  3.968735e+01
  1.980100e+00  5.043610e+01
  1.928800e+00  3.513990e+01
  1.878800e+00  3.389965e+01
  1.830200e+00  3.431310e+01
  1.782800e+00  5.043635e+01
  1.736600e+00  4.051435e+01
  1.691600e+00  2.728505e+01
  1.647800e+00  3.307290e+01
  1.605100e+00  2.769850e+01
  1.563500e+00  2.025700e+01
  1.523000e+00  2.397775e+01
  1.483600e+00  2.273775e+01
  1.445100e+00  1.984370e+01
  1.407700e+00  1.488275e+01
  1.371200e+00  1.901680e+01
  1.335700e+00  1.570955e+01
  1.301100e+00  1.281575e+01
  1.267400e+00  1.157537e+01
  1.234600e+00  1.570958e+01
  1.202600e+00  1.281565e+01
  1.171500e+00  1.446925e+01
  1.141100e+00  1.198875e+01
  1.111600e+00  8.681570e+00
  1.082800e+00  7.441330e+00
  1.054700e+00  1.488275e+01
  1.027400e+00  7.854730e+00
  1.000800e+00  8.681610e+00
  9.749000e-01  9.921800e+00
  9.496000e-01  8.268230e+00
  9.250000e-01  6.614500e+00
  9.010000e-01  6.614520e+00
  8.777000e-01  8.268170e+00
  8.550000e-01  9.094880e+00
  8.328000e-01  9.094999e+00
  8.113000e-01  1.446936e+01
  7.902000e-01  1.198890e+01
  7.698000e-01  9.508329e+00
  7.498000e-01  1.446925e+01
  7.304000e-01  1.240218e+01
  7.115000e-01  1.033514e+01
  6.931000e-01  2.108390e+01
  6.751000e-01  1.905830e+02
  6.576000e-01  1.550295e+02
  6.406000e-01  4.452455e+02
  6.240000e-01  1.517210e+02
  6.078000e-01  2.067055e+01
  5.921000e-01  1.653640e+01
  5.767000e-01  2.315100e+01
  5.618000e-01  2.645830e+01
  5.472000e-01  1.694985e+01
  5.331000e-01  2.108395e+01
  5.193000e-01  2.067050e+01
  5.058000e-01  2.521800e+01
  4.927000e-01  6.821275e+01
  4.799000e-01  5.953170e+01
  4.675000e-01  3.513995e+01
  4.554000e-01  2.563135e+01
  4.436000e-01  5.622400e+01
  4.321000e-01  6.779970e+01
  4.209000e-01  5.787765e+01
  4.100000e-01  3.059240e+01
  3.994000e-01  6.986670e+01
  3.891000e-01  1.054210e+02
  3.790000e-01  1.157565e+02
  3.692000e-01  2.232425e+01
  3.596000e-01  1.529595e+01
  3.503000e-01  2.397790e+01
  3.412000e-01  1.694980e+01
  3.324000e-01  2.232420e+01
  3.238000e-01  1.694985e+01
  3.154000e-01  1.529625e+01
  3.072000e-01  2.976560e+01
  2.992000e-01  4.382160e+01
  2.915000e-01  4.464850e+01
  2.839000e-01  6.035810e+01
  2.766000e-01  3.100580e+01
  2.694000e-01  7.400145e+01
  2.624000e-01  1.926510e+02
  2.556000e-01  2.029850e+02
  2.490000e-01  6.614600e+01
  2.426000e-01  6.573250e+01
  2.363000e-01  6.779915e+01
  2.302000e-01  5.333010e+01
  2.242000e-01  2.480470e+01
  2.184000e-01  2.935230e+01
  2.127000e-01  3.224610e+01
  2.072000e-01  2.645835e+01
  2.019000e-01  2.521810e+01
  1.966000e-01  3.638010e+01
  1.915000e-01  5.911785e+01
  1.866000e-01  7.482755e+01
  1.817000e-01  4.010090e+01
  1.770000e-01  2.976565e+01
  1.725000e-01  2.935225e+01
  1.680000e-01  3.348640e+01
  1.636000e-01  3.059250e+01
  1.594000e-01  2.728520e+01
  1.553000e-01  2.852535e+01
  1.512000e-01  3.265940e+01
  1.473000e-01  3.472655e+01
  1.435000e-01  6.449215e+01
  1.398000e-01  4.010075e+01
  1.362000e-01  3.762030e+01
  1.326000e-01  4.795580e+01
  1.292000e-01  4.712890e+01
  1.259000e-01  4.836920e+01
  1.226000e-01  8.020230e+01
  1.194000e-01  6.366515e+01
  1.163000e-01  5.787780e+01
  1.133000e-01  5.043635e+01
  1.104000e-01  6.986639e+01
  1.075000e-01  6.407935e+01
  1.047000e-01  7.896235e+01
  1.020000e-01  6.904010e+01
  9.940000e-02  8.557610e+01
  9.680000e-02  6.077145e+01
  9.430000e-02  7.854850e+01
  9.190000e-02  7.937525e+01
  8.950000e-02  8.847060e+01
  8.720000e-02  7.978840e+01
  8.490000e-02  8.268270e+01
  8.270000e-02  8.268245e+01
  8.060000e-02  7.813530e+01
  7.850000e-02  7.813510e+01
  7.640000e-02  8.805655e+01
  7.450000e-02  7.854840e+01
  7.250000e-02  8.144240e+01
  7.070000e-02  6.862656e+01
  6.880000e-02  7.482765e+01
  6.700000e-02  5.953145e+01
  6.530000e-02  6.366545e+01
  6.360000e-02  6.325235e+01
  6.200000e-02  5.374375e+01
  6.040000e-02  5.415665e+01
  5.880000e-02  4.795580e+01
  5.730000e-02  4.630225e+01
  5.580000e-02  3.844720e+01
  5.430000e-02  3.844725e+01
  5.290000e-02  2.563150e+01
  5.160000e-02  2.521805e+01
  5.020000e-02  2.315100e+01
  4.890000e-02  2.687165e+01
  4.770000e-02  1.736325e+01
  4.640000e-02  1.570955e+01
  4.520000e-02  1.570950e+01
  4.410000e-02  1.860345e+01
  4.290000e-02  1.901680e+01
  4.180000e-02  1.446930e+01
  4.070000e-02  1.901680e+01
  3.970000e-02  1.116200e+01
  3.860000e-02  1.446935e+01
  3.760000e-02  1.033519e+01
  3.670000e-02  9.094970e+00
  3.570000e-02  9.921820e+00
  3.480000e-02  7.441280e+00
  3.390000e-02  9.508380e+00
  3.300000e-02  3.307280e+00
  3.220000e-02  6.201130e+00
  3.130000e-02  3.307260e+00
  3.050000e-02  4.134120e+00
  2.970000e-02  1.653620e+00
  2.890000e-02  4.960880e+00
  2.820000e-02  4.134100e+00
  2.750000e-02  2.067050e+00
  2.680000e-02  2.067050e+00
  2.610000e-02  2.067050e+00
  2.540000e-02  4.134100e-01
  2.470000e-02  2.067050e+00
  2.410000e-02  4.134100e-01
  2.350000e-02  0.000000e+00
  2.290000e-02  1.240230e+00
  2.230000e-02  0.000000e+00
  2.170000e-02  0.000000e+00
  2.110000e-02  0.000000e+00
  2.060000e-02  8.268200e-01
  2.000000e-02  8.268200e-01
  1.950000e-02  4.134100e-01
  1.900000e-02  4.134100e-01
  1.850000e-02  4.134100e-01
  1.800000e-02  0.000000e+00
  1.760000e-02  0.000000e+00
  1.710000e-02  0.000000e+00
  1.670000e-02  0.000000e+00
  1.630000e-02  4.134100e-01
  1.580000e-02  0.000000e+00
  1.540000e-02  4.134100e-01
  1.500000e-02  0.000000e+00
  1.460000e-02  0.000000e+00
  1.430000e-02  0.000000e+00
  1.390000e-02  0.000000e+00
  1.350000e-02  0.000000e+00
  1.320000e-02  0.000000e+00
  1.280000e-02  0.000000e+00
  1.250000e-02  0.000000e+00
  1.220000e-02  0.000000e+00
  1.190000e-02  0.000000e+00
  1.160000e-02  0.000000e+00
  1.130000e-02  0.000000e+00
  1.100000e-02  8.268200e-01
  1.070000e-02  4.134080e+00
  1.040000e-02  5.374310e+00
  1.010000e-02  1.839685e+02
