  4.934820e+03  9.429901e-01
  4.806990e+03  0.000000e+00
  4.682470e+03  0.000000e+00
  4.561180e+03  0.000000e+00
  4.443030e+03  0.000000e+00
  4.327940e+03  0.000000e+00
  4.215830e+03  0.000000e+00
  4.106630e+03  0.000000e+00
  4.000250e+03  3.143300e-01
  3.896630e+03  0.000000e+00
  3.795700e+03  0.000000e+00
  3.697380e+03  0.000000e+00
  3.601600e+03  0.000000e+00
  3.508310e+03  3.143300e-01
  3.417430e+03  0.000000e+00
  3.328910e+03  0.000000e+00
  3.242680e+03  0.000000e+00
  3.158680e+03  0.000000e+00
  3.076860e+03  0.000000e+00
  2.997160e+03  0.000000e+00
  2.919530e+03  0.000000e+00
  2.843900e+03  3.143300e-01
  2.770230e+03  0.000000e+00
  2.698480e+03  0.000000e+00
  2.628580e+03  0.000000e+00
  2.560490e+03  0.000000e+00
  2.494160e+03  0.000000e+00
  2.429550e+03  3.143300e-01
  2.366620e+03  3.143300e-01
  2.305320e+03  3.143300e-01
  2.245600e+03  0.000000e+00
  2.187430e+03  0.000000e+00
  2.130770e+03  3.143300e-01
  2.075580e+03  0.000000e+00
  2.021810e+03  3.143300e-01
  1.969440e+03  0.000000e+00
  1.918430e+03  0.000000e+00
  1.868730e+03  0.000000e+00
  1.820330e+03  6.286600e-01
  1.773170e+03  6.286600e-01
  1.727240e+03  9.429901e-01
  1.682500e+03  3.143300e-01
  1.638920e+03  6.286600e-01
  1.596470e+03  0.000000e+00
  1.555110e+03  6.286600e-01
  1.514830e+03  9.429900e-01
  1.475590e+03  3.143300e-01
  1.437370e+03  6.286500e-01
  1.400140e+03  1.257320e+00
  1.363870e+03  1.257310e+00
  1.328540e+03  2.200300e+00
  1.294120e+03  6.286600e-01
  1.260600e+03  2.200320e+00
  1.227950e+03  9.429900e-01
  1.196140e+03  2.200300e+00
  1.165160e+03  2.514640e+00
  1.134980e+03  2.828960e+00
  1.105580e+03  9.429800e-01
  1.076940e+03  3.143290e+00
  1.049040e+03  3.457620e+00
  1.021870e+03  2.828950e+00
  9.953980e+02  2.200310e+00
  9.696140e+02  4.086260e+00
  9.444970e+02  5.029240e+00
  9.200320e+02  5.657920e+00
  8.962000e+02  4.086260e+00
  8.729850e+02  5.657910e+00
  8.503720e+02  6.600870e+00
  8.283450e+02  9.744090e+00
  8.068880e+02  7.543900e+00
  7.859870e+02  9.429820e+00
  7.656270e+02  1.257315e+01
  7.457950e+02  1.163014e+01
  7.264760e+02  1.414475e+01
  7.076580e+02  1.540205e+01
  6.893270e+02  1.885970e+01
  6.714710e+02  1.885975e+01
  6.540780e+02  2.294595e+01
  6.371350e+02  2.577495e+01
  6.206310e+02  2.514620e+01
  6.045550e+02  3.111855e+01
  5.888950e+02  3.771935e+01
  5.736410e+02  4.023410e+01
  5.587810e+02  4.652065e+01
  5.443070e+02  4.809215e+01
  5.302080e+02  5.060710e+01
  5.164740e+02  7.009530e+01
  5.030950e+02  7.606775e+01
  4.900630e+02  7.449585e+01
  4.773690e+02  9.304180e+01
  4.650040e+02  1.043562e+02
  4.529580e+02  1.141015e+02
  4.412250e+02  1.326460e+02
  4.297960e+02  1.480465e+02
  4.186630e+02  1.615635e+02
  4.078180e+02  1.816805e+02
  3.972540e+02  2.046270e+02
  3.869640e+02  2.332320e+02
  3.769400e+02  2.687510e+02
  3.671770e+02  2.844680e+02
  3.576650e+02  3.357025e+02
  3.484010e+02  3.859955e+02
  3.393760e+02  4.249730e+02
  3.305850e+02  4.758930e+02
  3.220220e+02  5.098415e+02
  3.136800e+02  5.620195e+02
  3.055550e+02  6.365155e+02
  2.976400e+02  7.213840e+02
  2.899300e+02  8.461725e+02
  2.824200e+02  8.876640e+02
  2.751040e+02  1.034775e+03
  2.679780e+02  1.168680e+03
  2.610370e+02  1.314205e+03
  2.542750e+02  1.416055e+03
  2.476890e+02  1.641740e+03
  2.412730e+02  1.797645e+03
  2.350230e+02  2.018615e+03
  2.289350e+02  2.258455e+03
  2.230050e+02  2.563030e+03
  2.172280e+02  2.800975e+03
  2.116010e+02  3.171260e+03
  2.061200e+02  3.466730e+03
  2.007810e+02  3.911190e+03
  1.955800e+02  4.398400e+03
  1.905140e+02  4.910445e+03
  1.855790e+02  5.523700e+03
  1.807720e+02  6.045785e+03
  1.760890e+02  6.817155e+03
  1.715280e+02  7.620280e+03
  1.670850e+02  8.403570e+03
  1.627570e+02  9.362915e+03
  1.585410e+02  1.030715e+04
  1.544340e+02  1.134850e+04
  1.504340e+02  1.254920e+04
  1.465370e+02  1.360990e+04
  1.427410e+02  1.514055e+04
  1.390440e+02  1.638975e+04
  1.354420e+02  1.784000e+04
  1.319340e+02  1.938780e+04
  1.285160e+02  2.105250e+04
  1.251870e+02  2.290855e+04
  1.219440e+02  2.476910e+04
  1.187850e+02  2.721240e+04
  1.157090e+02  2.939385e+04
  1.127110e+02  3.147685e+04
  1.097920e+02  3.427370e+04
  1.069480e+02  3.706845e+04
  1.041770e+02  3.993895e+04
  1.014790e+02  4.317510e+04
  9.885030e+01  4.644525e+04
  9.628970e+01  5.008675e+04
  9.379550e+01  5.371340e+04
  9.136590e+01  5.751050e+04
  8.899920e+01  6.176650e+04
  8.669380e+01  6.586255e+04
  8.444820e+01  7.046505e+04
  8.226070e+01  7.521230e+04
  8.012980e+01  8.026130e+04
  7.805420e+01  8.510415e+04
  7.603240e+01  9.057955e+04
  7.406290e+01  9.552066e+04
  7.214440e+01  1.010720e+05
  7.027560e+01  1.062200e+05
  6.845520e+01  1.110880e+05
  6.668200e+01  1.167890e+05
  6.495470e+01  1.213995e+05
  6.327220e+01  1.249880e+05
  6.163320e+01  1.287150e+05
  6.003670e+01  1.309725e+05
  5.848160e+01  1.329645e+05
  5.696670e+01  1.347740e+05
  5.549110e+01  1.361545e+05
  5.405370e+01  1.379065e+05
  5.265350e+01  1.391975e+05
  5.128960e+01  1.403435e+05
  4.996100e+01  1.410465e+05
  4.866690e+01  1.409105e+05
  4.740620e+01  1.404520e+05
  4.617830e+01  1.381040e+05
  4.498210e+01  1.345420e+05
  4.381690e+01  1.320155e+05
  4.268190e+01  1.284165e+05
  4.157630e+01  1.245070e+05
  4.049930e+01  1.202145e+05
  3.945030e+01  1.161055e+05
  3.842840e+01  1.121755e+05
  3.743290e+01  1.081890e+05
  3.646330e+01  1.039975e+05
  3.551880e+01  1.005845e+05
  3.459870e+01  9.628605e+04
  3.370250e+01  9.231455e+04
  3.282950e+01  8.781266e+04
  3.197910e+01  8.393095e+04
  3.115070e+01  8.007185e+04
  3.034380e+01  7.534550e+04
  2.955780e+01  7.180809e+04
  2.879220e+01  6.752320e+04
  2.804640e+01  6.337340e+04
  2.731990e+01  5.931880e+04
  2.661220e+01  5.550915e+04
  2.592290e+01  5.138210e+04
  2.525140e+01  4.734510e+04
  2.459730e+01  4.354795e+04
  2.396010e+01  3.981550e+04
  2.333950e+01  3.596665e+04
  2.273490e+01  3.237450e+04
  2.214600e+01  2.875485e+04
  2.157230e+01  2.524475e+04
  2.101350e+01  2.213890e+04
  2.046920e+01  1.922180e+04
  1.993900e+01  1.659810e+04
  1.942250e+01  1.423940e+04
  1.891940e+01  1.249270e+04
  1.842930e+01  1.137000e+04
  1.795200e+01  1.056300e+04
  1.748690e+01  1.032575e+04
  1.703400e+01  1.026745e+04
  1.659270e+01  1.043125e+04
  1.616290e+01  1.071665e+04
  1.574430e+01  1.096295e+04
  1.533640e+01  1.128850e+04
  1.493920e+01  1.150540e+04
  1.455220e+01  1.110940e+04
  1.417520e+01  9.945365e+03
  1.380800e+01  8.049010e+03
  1.345040e+01  5.816330e+03
  1.310200e+01  3.952365e+03
  1.276260e+01  2.499850e+03
  1.243200e+01  1.555615e+03
  1.211000e+01  9.445525e+02
  1.179630e+01  6.267710e+02
  1.149070e+01  3.784520e+02
  1.119310e+01  2.806955e+02
  1.090310e+01  2.354315e+02
  1.062070e+01  1.801100e+02
  1.034560e+01  1.515055e+02
  1.007760e+01  1.100145e+02
  9.816600e+00  8.266949e+01
  9.562300e+00  7.606760e+01
  9.314600e+00  7.575310e+01
  9.073300e+00  8.644060e+01
  8.838300e+00  1.081295e+02
  8.609300e+00  1.760240e+02
  8.386300e+00  3.127565e+02
  8.169100e+00  5.353015e+02
  7.957500e+00  9.357600e+02
  7.751400e+00  1.345645e+03
  7.550600e+00  1.835685e+03
  7.355000e+00  1.885670e+03
  7.164500e+00  1.691090e+03
  6.978900e+00  1.530470e+03
  6.798100e+00  1.295345e+03
  6.622000e+00  1.080980e+03
  6.450500e+00  9.464425e+02
  6.283400e+00  8.386290e+02
  6.120600e+00  7.059820e+02
  5.962100e+00  5.962810e+02
  5.807600e+00  5.811935e+02
  5.657200e+00  5.324725e+02
  5.510700e+00  5.104705e+02
  5.367900e+00  4.818660e+02
  5.228900e+00  4.626915e+02
  5.093400e+00  3.932240e+02
  4.961500e+00  3.375905e+02
  4.833000e+00  3.011265e+02
  4.707800e+00  2.759815e+02
  4.585800e+00  2.288320e+02
  4.467100e+00  2.385745e+02
  4.351300e+00  1.989700e+02
  4.238600e+00  1.854530e+02
  4.128800e+00  1.577920e+02
  4.021900e+00  1.716225e+02
  3.917700e+00  1.442755e+02
  3.816200e+00  1.266735e+02
  3.717400e+00  1.137870e+02
  3.621100e+00  1.150440e+02
  3.527300e+00  8.801135e+01
  3.435900e+00  8.612621e+01
  3.346900e+00  7.166714e+01
  3.260200e+00  5.657915e+01
  3.175800e+00  4.117710e+01
  3.093500e+00  2.891820e+01
  3.013400e+00  2.168870e+01
  2.935300e+00  1.791675e+01
  2.859300e+00  3.174710e+01
  2.785200e+00  2.860400e+01
  2.713100e+00  5.092125e+01
  2.642800e+00  4.306305e+01
  2.574300e+00  3.929100e+01
  2.507600e+00  4.054840e+01
  2.442700e+00  3.991975e+01
  2.379400e+00  3.269020e+01
  2.317800e+00  2.891820e+01
  2.257700e+00  2.891825e+01
  2.199300e+00  2.766090e+01
  2.142300e+00  2.388890e+01
  2.086800e+00  2.891810e+01
  2.032700e+00  2.200295e+01
  1.980100e+00  2.200305e+01
  1.928800e+00  1.697380e+01
  1.878800e+00  2.074575e+01
  1.830200e+00  1.603065e+01
  1.782800e+00  2.451765e+01
  1.736600e+00  1.823105e+01
  1.691600e+00  1.885970e+01
  1.647800e+00  1.257320e+01
  1.605100e+00  1.477335e+01
  1.563500e+00  1.194445e+01
  1.523000e+00  1.037284e+01
  1.483600e+00  9.744181e+00
  1.445100e+00  1.100150e+01
  1.407700e+00  1.194455e+01
  1.371200e+00  5.343630e+00
  1.335700e+00  7.543860e+00
  1.301100e+00  8.172550e+00
  1.267400e+00  8.172580e+00
  1.234600e+00  5.343600e+00
  1.202600e+00  5.657920e+00
  1.171500e+00  5.343560e+00
  1.141100e+00  6.600880e+00
  1.111600e+00  7.229530e+00
  1.082800e+00  7.543900e+00
  1.054700e+00  5.343580e+00
  1.027400e+00  3.143290e+00
  1.000800e+00  4.086260e+00
  9.749000e-01  4.086290e+00
  9.496000e-01  2.828980e+00
  9.250000e-01  2.514650e+00
  9.010000e-01  4.714910e+00
  8.777000e-01  3.457620e+00
  8.550000e-01  2.828950e+00
  8.328000e-01  6.600900e+00
  8.113000e-01  4.400590e+00
  7.902000e-01  2.200290e+00
  7.698000e-01  6.286560e+00
  7.498000e-01  3.143290e+00
  7.304000e-01  4.400580e+00
  7.115000e-01  5.972220e+00
  6.931000e-01  8.172530e+00
  6.751000e-01  7.198150e+01
  6.576000e-01  6.098010e+01
  6.406000e-01  1.741370e+02
  6.240000e-01  6.066540e+01
  6.078000e-01  5.657910e+00
  5.921000e-01  6.915210e+00
  5.767000e-01  5.343600e+00
  5.618000e-01  5.029230e+00
  5.472000e-01  6.600880e+00
  5.331000e-01  8.486860e+00
  5.193000e-01  6.915210e+00
  5.058000e-01  6.600900e+00
  4.927000e-01  1.257315e+01
  4.799000e-01  1.634520e+01
  4.675000e-01  9.115530e+00
  4.554000e-01  8.486870e+00
  4.436000e-01  1.571645e+01
  4.321000e-01  2.231735e+01
  4.209000e-01  2.011705e+01
  4.100000e-01  9.744141e+00
  3.994000e-01  1.948840e+01
  3.891000e-01  2.986120e+01
  3.790000e-01  3.363310e+01
  3.692000e-01  6.286560e+00
  3.596000e-01  5.343580e+00
  3.503000e-01  4.086280e+00
  3.412000e-01  6.915180e+00
  3.324000e-01  5.343630e+00
  3.238000e-01  8.486870e+00
  3.154000e-01  3.771940e+00
  3.072000e-01  6.600850e+00
  2.992000e-01  9.744240e+00
  2.915000e-01  1.445910e+01
  2.839000e-01  1.665935e+01
  2.766000e-01  9.429840e+00
  2.694000e-01  2.420320e+01
  2.624000e-01  5.909400e+01
  2.556000e-01  6.852385e+01
  2.490000e-01  2.105995e+01
  2.426000e-01  2.483190e+01
  2.363000e-01  2.923250e+01
  2.302000e-01  1.823100e+01
  2.242000e-01  1.131575e+01
  2.184000e-01  7.858200e+00
  2.127000e-01  9.115550e+00
  2.072000e-01  1.100147e+01
  2.019000e-01  7.229550e+00
  1.966000e-01  1.037285e+01
  1.915000e-01  1.351610e+01
  1.866000e-01  3.048980e+01
  1.817000e-01  1.351610e+01
  1.770000e-01  4.400590e+00
  1.725000e-01  9.115530e+00
  1.680000e-01  1.068715e+01
  1.636000e-01  9.115510e+00
  1.594000e-01  1.100147e+01
  1.553000e-01  9.429860e+00
  1.512000e-01  9.115550e+00
  1.473000e-01  1.225879e+01
  1.435000e-01  1.194445e+01
  1.398000e-01  1.351615e+01
  1.362000e-01  1.445918e+01
  1.326000e-01  1.571635e+01
  1.292000e-01  1.288750e+01
  1.259000e-01  1.854535e+01
  1.226000e-01  3.206145e+01
  1.194000e-01  2.703220e+01
  1.163000e-01  1.791675e+01
  1.133000e-01  1.791675e+01
  1.104000e-01  2.074575e+01
  1.075000e-01  2.168870e+01
  1.047000e-01  2.294600e+01
  1.020000e-01  2.106000e+01
  9.940000e-02  2.671795e+01
  9.680000e-02  3.206140e+01
  9.430000e-02  2.734655e+01
  9.190000e-02  2.986125e+01
  8.950000e-02  2.640355e+01
  8.720000e-02  2.703240e+01
  8.490000e-02  2.263160e+01
  8.270000e-02  2.326025e+01
  8.060000e-02  2.734650e+01
  7.850000e-02  2.357460e+01
  7.640000e-02  2.043130e+01
  7.450000e-02  2.326020e+01
  7.250000e-02  2.074565e+01
  7.070000e-02  1.854535e+01
  6.880000e-02  2.106000e+01
  6.700000e-02  1.760245e+01
  6.530000e-02  1.603075e+01
  6.360000e-02  1.728815e+01
  6.200000e-02  1.414480e+01
  6.040000e-02  1.383045e+01
  5.880000e-02  1.414480e+01
  5.730000e-02  1.068720e+01
  5.580000e-02  1.100154e+01
  5.430000e-02  1.005854e+01
  5.290000e-02  7.229520e+00
  5.160000e-02  6.600850e+00
  5.020000e-02  8.801200e+00
  4.890000e-02  8.486930e+00
  4.770000e-02  6.600890e+00
  4.640000e-02  5.972230e+00
  4.520000e-02  5.657920e+00
  4.410000e-02  5.972210e+00
  4.290000e-02  4.400590e+00
  4.180000e-02  5.657910e+00
  4.070000e-02  2.514620e+00
  3.970000e-02  2.200300e+00
  3.860000e-02  2.828960e+00
  3.760000e-02  2.828950e+00
  3.670000e-02  3.457620e+00
  3.570000e-02  1.257320e+00
  3.480000e-02  1.571650e+00
  3.390000e-02  6.286600e-01
  3.300000e-02  1.257320e+00
  3.220000e-02  6.286600e-01
  3.130000e-02  1.257320e+00
  3.050000e-02  9.429901e-01
  2.970000e-02  6.286600e-01
  2.890000e-02  3.143300e-01
  2.820000e-02  9.429901e-01
  2.750000e-02  3.143300e-01
  2.680000e-02  9.429901e-01
  2.610000e-02  9.429800e-01
  2.540000e-02  3.143300e-01
  2.470000e-02  0.000000e+00
  2.410000e-02  3.143300e-01
  2.350000e-02  0.000000e+00
  2.290000e-02  0.000000e+00
  2.230000e-02  0.000000e+00
  2.170000e-02  0.000000e+00
  2.110000e-02  0.000000e+00
  2.060000e-02  0.000000e+00
  2.000000e-02  0.000000e+00
  1.950000e-02  3.143300e-01
  1.900000e-02  0.000000e+00
  1.850000e-02  0.000000e+00
  1.800000e-02  0.000000e+00
  1.760000e-02  0.000000e+00
  1.710000e-02  0.000000e+00
  1.670000e-02  0.000000e+00
  1.630000e-02  0.000000e+00
  1.580000e-02  0.000000e+00
  1.540000e-02  0.000000e+00
  1.500000e-02  0.000000e+00
  1.460000e-02  0.000000e+00
  1.430000e-02  0.000000e+00
  1.390000e-02  0.000000e+00
  1.350000e-02  0.000000e+00
  1.320000e-02  0.000000e+00
  1.280000e-02  0.000000e+00
  1.250000e-02  0.000000e+00
  1.220000e-02  0.000000e+00
  1.190000e-02  0.000000e+00
  1.160000e-02  0.000000e+00
  1.130000e-02  0.000000e+00
  1.100000e-02  3.143300e-01
  1.070000e-02  0.000000e+00
  1.040000e-02  0.000000e+00
  1.010000e-02  9.744205e+01
