  4.934820e+03  0.000000e+00
  4.806990e+03  0.000000e+00
  4.682470e+03  0.000000e+00
  4.561180e+03  0.000000e+00
  4.443030e+03  0.000000e+00
  4.327940e+03  0.000000e+00
  4.215830e+03  0.000000e+00
  4.106630e+03  0.000000e+00
  4.000250e+03  0.000000e+00
  3.896630e+03  0.000000e+00
  3.795700e+03  0.000000e+00
  3.697380e+03  0.000000e+00
  3.601600e+03  1.189750e+00
  3.508310e+03  0.000000e+00
  3.417430e+03  0.000000e+00
  3.328910e+03  0.000000e+00
  3.242680e+03  0.000000e+00
  3.158680e+03  0.000000e+00
  3.076860e+03  0.000000e+00
  2.997160e+03  0.000000e+00
  2.919530e+03  0.000000e+00
  2.843900e+03  0.000000e+00
  2.770230e+03  0.000000e+00
  2.698480e+03  0.000000e+00
  2.628580e+03  0.000000e+00
  2.560490e+03  0.000000e+00
  2.494160e+03  0.000000e+00
  2.429550e+03  2.379500e+00
  2.366620e+03  0.000000e+00
  2.305320e+03  0.000000e+00
  2.245600e+03  1.189750e+00
  2.187430e+03  0.000000e+00
  2.130770e+03  0.000000e+00
  2.075580e+03  0.000000e+00
  2.021810e+03  0.000000e+00
  1.969440e+03  0.000000e+00
  1.918430e+03  0.000000e+00
  1.868730e+03  0.000000e+00
  1.820330e+03  0.000000e+00
  1.773170e+03  0.000000e+00
  1.727240e+03  2.379500e+00
  1.682500e+03  1.189750e+00
  1.638920e+03  0.000000e+00
  1.596470e+03  0.000000e+00
  1.555110e+03  0.000000e+00
  1.514830e+03  0.000000e+00
  1.475590e+03  0.000000e+00
  1.437370e+03  3.569250e+00
  1.400140e+03  0.000000e+00
  1.363870e+03  2.379500e+00
  1.328540e+03  2.379500e+00
  1.294120e+03  0.000000e+00
  1.260600e+03  0.000000e+00
  1.227950e+03  3.569250e+00
  1.196140e+03  1.189750e+00
  1.165160e+03  3.569250e+00
  1.134980e+03  2.379500e+00
  1.105580e+03  1.189750e+00
  1.076940e+03  7.138500e+00
  1.049040e+03  3.569250e+00
  1.021870e+03  4.759000e+00
  9.953980e+02  2.379500e+00
  9.696140e+02  0.000000e+00
  9.444970e+02  2.379500e+00
  9.200320e+02  3.569250e+00
  8.962000e+02  8.328250e+00
  8.729850e+02  4.759000e+00
  8.503720e+02  1.070775e+01
  8.283450e+02  8.328250e+00
  8.068880e+02  5.948750e+00
  7.859870e+02  7.138500e+00
  7.656270e+02  1.189750e+01
  7.457950e+02  1.665650e+01
  7.264760e+02  1.546675e+01
  7.076580e+02  1.070775e+01
  6.893270e+02  1.784625e+01
  6.714710e+02  1.665650e+01
  6.540780e+02  2.498475e+01
  6.371350e+02  2.498475e+01
  6.206310e+02  2.736425e+01
  6.045550e+02  3.569250e+01
  5.888950e+02  3.569250e+01
  5.736410e+02  3.807200e+01
  5.587810e+02  5.353900e+01
  5.443070e+02  4.640050e+01
  5.302080e+02  4.759025e+01
  5.164740e+02  7.019600e+01
  5.030950e+02  8.685250e+01
  4.900630e+02  7.614450e+01
  4.773690e+02  1.094580e+02
  4.650040e+02  1.130275e+02
  4.529580e+02  1.070788e+02
  4.412250e+02  1.273055e+02
  4.297960e+02  1.618085e+02
  4.186630e+02  1.844140e+02
  4.078180e+02  1.784645e+02
  3.972540e+02  2.248645e+02
  3.869640e+02  2.129680e+02
  3.769400e+02  2.986300e+02
  3.671770e+02  3.117170e+02
  3.576650e+02  3.569270e+02
  3.484010e+02  3.854820e+02
  3.393760e+02  4.283125e+02
  3.305850e+02  4.794720e+02
  3.220220e+02  5.484765e+02
  3.136800e+02  6.543655e+02
  3.055550e+02  6.983860e+02
  2.976400e+02  8.090335e+02
  2.899300e+02  8.661450e+02
  2.824200e+02  9.173045e+02
  2.751040e+02  1.073165e+03
  2.679780e+02  1.190940e+03
  2.610370e+02  1.428890e+03
  2.542750e+02  1.619260e+03
  2.476890e+02  1.695410e+03
  2.412730e+02  2.013070e+03
  2.350230e+02  2.222465e+03
  2.289350e+02  2.559150e+03
  2.230050e+02  2.845880e+03
  2.172280e+02  3.117150e+03
  2.116010e+02  3.468130e+03
  2.061200e+02  3.921425e+03
  2.007810e+02  4.409230e+03
  1.955800e+02  4.986250e+03
  1.905140e+02  5.725095e+03
  1.855790e+02  6.265240e+03
  1.807720e+02  7.125440e+03
  1.760890e+02  7.894005e+03
  1.715280e+02  8.789891e+03
  1.670850e+02  9.813165e+03
  1.627570e+02  1.093150e+04
  1.585410e+02  1.204260e+04
  1.544340e+02  1.329075e+04
  1.504340e+02  1.497430e+04
  1.465370e+02  1.637340e+04
  1.427410e+02  1.814140e+04
  1.390440e+02  1.978205e+04
  1.354420e+02  2.162015e+04
  1.319340e+02  2.401765e+04
  1.285160e+02  2.603885e+04
  1.251870e+02  2.840545e+04
  1.219440e+02  3.159750e+04
  1.187850e+02  3.404370e+04
  1.157090e+02  3.751645e+04
  1.127110e+02  4.053850e+04
  1.097920e+02  4.444695e+04
  1.069480e+02  4.839925e+04
  1.041770e+02  5.267160e+04
  1.014790e+02  5.713080e+04
  9.885030e+01  6.131760e+04
  9.628970e+01  6.701416e+04
  9.379550e+01  7.234770e+04
  9.136590e+01  7.805734e+04
  8.899920e+01  8.354575e+04
  8.669380e+01  8.937545e+04
  8.444820e+01  9.677565e+04
  8.226070e+01  1.028945e+05
  8.012980e+01  1.101840e+05
  7.805420e+01  1.172380e+05
  7.603240e+01  1.246035e+05
  7.406290e+01  1.325005e+05
  7.214440e+01  1.397750e+05
  7.027560e+01  1.465530e+05
  6.845520e+01  1.540420e+05
  6.668200e+01  1.619195e+05
  6.495470e+01  1.668900e+05
  6.327220e+01  1.731570e+05
  6.163320e+01  1.776800e+05
  6.003670e+01  1.820070e+05
  5.848160e+01  1.851645e+05
  5.696670e+01  1.869485e+05
  5.549110e+01  1.909130e+05
  5.405370e+01  1.924180e+05
  5.265350e+01  1.931480e+05
  5.128960e+01  1.931145e+05
  4.996100e+01  1.936680e+05
  4.866690e+01  1.905975e+05
  4.740620e+01  1.874845e+05
  4.617830e+01  1.830040e+05
  4.498210e+01  1.775375e+05
  4.381690e+01  1.733320e+05
  4.268190e+01  1.683115e+05
  4.157630e+01  1.625625e+05
  4.049930e+01  1.571265e+05
  3.945030e+01  1.515505e+05
  3.842840e+01  1.462090e+05
  3.743290e+01  1.402930e+05
  3.646330e+01  1.349035e+05
  3.551880e+01  1.296490e+05
  3.459870e+01  1.235340e+05
  3.370250e+01  1.167965e+05
  3.282950e+01  1.107575e+05
  3.197910e+01  1.045340e+05
  3.115070e+01  9.758935e+04
  3.034380e+01  9.206680e+04
  2.955780e+01  8.513400e+04
  2.879220e+01  7.917090e+04
  2.804640e+01  7.339720e+04
  2.731990e+01  6.738050e+04
  2.661220e+01  6.138775e+04
  2.592290e+01  5.619795e+04
  2.525140e+01  5.068480e+04
  2.459730e+01  4.634095e+04
  2.396010e+01  4.152600e+04
  2.333950e+01  3.693340e+04
  2.273490e+01  3.302165e+04
  2.214600e+01  2.899425e+04
  2.157230e+01  2.560475e+04
  2.101350e+01  2.269215e+04
  2.046920e+01  2.006640e+04
  1.993900e+01  1.804395e+04
  1.942250e+01  1.603905e+04
  1.891940e+01  1.427110e+04
  1.842930e+01  1.358100e+04
  1.795200e+01  1.216035e+04
  1.748690e+01  1.184170e+04
  1.703400e+01  1.091245e+04
  1.659270e+01  1.054600e+04
  1.616290e+01  1.010932e+04
  1.574430e+01  9.715635e+03
  1.533640e+01  9.375266e+03
  1.493920e+01  8.912436e+03
  1.455220e+01  8.418700e+03
  1.417520e+01  7.444295e+03
  1.380800e+01  6.430625e+03
  1.345040e+01  5.472860e+03
  1.310200e+01  4.567460e+03
  1.276260e+01  4.284310e+03
  1.243200e+01  3.909535e+03
  1.211000e+01  3.750105e+03
  1.179630e+01  3.757245e+03
  1.149070e+01  3.827440e+03
  1.119310e+01  3.698940e+03
  1.090310e+01  3.904765e+03
  1.062070e+01  3.878590e+03
  1.034560e+01  3.878595e+03
  1.007760e+01  3.748915e+03
  9.816600e+00  3.753660e+03
  9.562300e+00  3.494305e+03
  9.314600e+00  3.088615e+03
  9.073300e+00  2.653150e+03
  8.838300e+00  2.268865e+03
  8.609300e+00  1.916690e+03
  8.386300e+00  1.639480e+03
  8.169100e+00  1.540725e+03
  7.957500e+00  1.474110e+03
  7.751400e+00  1.378925e+03
  7.550600e+00  1.440790e+03
  7.355000e+00  1.312285e+03
  7.164500e+00  1.270650e+03
  6.978900e+00  1.175490e+03
  6.798100e+00  1.105285e+03
  6.622000e+00  1.033900e+03
  6.450500e+00  8.911250e+02
  6.283400e+00  9.196870e+02
  6.120600e+00  8.328305e+02
  5.962100e+00  7.245615e+02
  5.807600e+00  7.959490e+02
  5.657200e+00  7.483560e+02
  5.510700e+00  7.138525e+02
  5.367900e+00  6.793500e+02
  5.228900e+00  6.115335e+02
  5.093400e+00  6.115350e+02
  4.961500e+00  5.449080e+02
  4.833000e+00  5.068355e+02
  4.707800e+00  4.806615e+02
  4.585800e+00  4.259325e+02
  4.467100e+00  4.544870e+02
  4.351300e+00  4.306930e+02
  4.238600e+00  3.842920e+02
  4.128800e+00  4.425890e+02
  4.021900e+00  5.115950e+02
  3.917700e+00  4.152250e+02
  3.816200e+00  3.557380e+02
  3.717400e+00  3.783430e+02
  3.621100e+00  3.224260e+02
  3.527300e+00  3.533575e+02
  3.435900e+00  3.367020e+02
  3.346900e+00  2.831640e+02
  3.260200e+00  2.581775e+02
  3.175800e+00  2.379530e+02
  3.093500e+00  1.499105e+02
  3.013400e+00  1.403925e+02
  2.935300e+00  1.534800e+02
  2.859300e+00  1.772750e+02
  2.785200e+00  1.808440e+02
  2.713100e+00  2.450920e+02
  2.642800e+00  2.807830e+02
  2.574300e+00  2.629375e+02
  2.507600e+00  2.284335e+02
  2.442700e+00  2.058290e+02
  2.379400e+00  2.343825e+02
  2.317800e+00  2.129670e+02
  2.257700e+00  2.165380e+02
  2.199300e+00  2.153470e+02
  2.142300e+00  2.058300e+02
  2.086800e+00  2.058290e+02
  2.032700e+00  1.927415e+02
  1.980100e+00  1.606180e+02
  1.928800e+00  1.499110e+02
  1.878800e+00  1.772755e+02
  1.830200e+00  1.641890e+02
  1.782800e+00  2.700765e+02
  1.736600e+00  1.903620e+02
  1.691600e+00  1.273060e+02
  1.647800e+00  1.475315e+02
  1.605100e+00  1.142180e+02
  1.563500e+00  1.154075e+02
  1.523000e+00  1.094580e+02
  1.483600e+00  1.142175e+02
  1.445100e+00  9.399150e+01
  1.407700e+00  8.328300e+01
  1.371200e+00  9.280075e+01
  1.335700e+00  8.328325e+01
  1.301100e+00  8.447350e+01
  1.267400e+00  5.829800e+01
  1.234600e+00  7.852400e+01
  1.202600e+00  7.733500e+01
  1.171500e+00  7.733450e+01
  1.141100e+00  8.804200e+01
  1.111600e+00  6.186725e+01
  1.082800e+00  5.710825e+01
  1.054700e+00  7.019575e+01
  1.027400e+00  6.186750e+01
  1.000800e+00  4.997000e+01
  9.749000e-01  5.948825e+01
  9.496000e-01  5.472900e+01
  9.250000e-01  4.402100e+01
  9.010000e-01  6.424700e+01
  8.777000e-01  7.019575e+01
  8.550000e-01  5.115925e+01
  8.328000e-01  5.115950e+01
  8.113000e-01  6.186725e+01
  7.902000e-01  5.829825e+01
  7.698000e-01  6.305800e+01
  7.498000e-01  6.543650e+01
  7.304000e-01  8.685300e+01
  7.115000e-01  9.042274e+01
  6.931000e-01  2.272455e+02
  6.751000e-01  1.607355e+03
  6.576000e-01  1.296825e+03
  6.406000e-01  3.942845e+03
  6.240000e-01  1.309920e+03
  6.078000e-01  1.594285e+02
  5.921000e-01  1.403940e+02
  5.767000e-01  1.320645e+02
  5.618000e-01  1.320640e+02
  5.472000e-01  1.308740e+02
  5.331000e-01  1.689460e+02
  5.193000e-01  1.451525e+02
  5.058000e-01  1.641875e+02
  4.927000e-01  4.259325e+02
  4.799000e-01  4.818515e+02
  4.675000e-01  2.605580e+02
  4.554000e-01  1.832245e+02
  4.436000e-01  4.663850e+02
  4.321000e-01  3.854820e+02
  4.209000e-01  3.783435e+02
  4.100000e-01  2.581795e+02
  3.994000e-01  5.258720e+02
  3.891000e-01  9.970190e+02
  3.790000e-01  7.935655e+02
  3.692000e-01  1.915520e+02
  3.596000e-01  1.499105e+02
  3.503000e-01  1.392030e+02
  3.412000e-01  1.546695e+02
  3.324000e-01  1.951215e+02
  3.238000e-01  1.296850e+02
  3.154000e-01  1.451515e+02
  3.072000e-01  2.129680e+02
  2.992000e-01  2.926820e+02
  2.915000e-01  3.926205e+02
  2.839000e-01  4.628155e+02
  2.766000e-01  1.963110e+02
  2.694000e-01  5.853595e+02
  2.624000e-01  1.506235e+03
  2.556000e-01  1.619255e+03
  2.490000e-01  5.782215e+02
  2.426000e-01  4.354515e+02
  2.363000e-01  5.579965e+02
  2.302000e-01  3.569275e+02
  2.242000e-01  2.284350e+02
  2.184000e-01  2.070195e+02
  2.127000e-01  2.248650e+02
  2.072000e-01  1.772750e+02
  2.019000e-01  2.058295e+02
  1.966000e-01  2.593690e+02
  1.915000e-01  4.009480e+02
  1.866000e-01  4.818510e+02
  1.817000e-01  2.510400e+02
  1.770000e-01  1.475315e+02
  1.725000e-01  1.606185e+02
  1.680000e-01  2.070190e+02
  1.636000e-01  2.593685e+02
  1.594000e-01  2.569885e+02
  1.553000e-01  2.498500e+02
  1.512000e-01  2.891115e+02
  1.473000e-01  2.784045e+02
  1.435000e-01  4.354520e+02
  1.398000e-01  3.616865e+02
  1.362000e-01  3.390805e+02
  1.326000e-01  3.914305e+02
  1.292000e-01  3.664450e+02
  1.259000e-01  4.485380e+02
  1.226000e-01  8.530550e+02
  1.194000e-01  8.316420e+02
  1.163000e-01  5.389600e+02
  1.133000e-01  5.199235e+02
  1.104000e-01  6.305705e+02
  1.075000e-01  5.496680e+02
  1.047000e-01  5.948781e+02
  1.020000e-01  6.519875e+02
  9.940000e-02  7.114725e+02
  9.680000e-02  7.102830e+02
  9.430000e-02  7.305085e+02
  9.190000e-02  7.697720e+02
  8.950000e-02  7.554945e+02
  8.720000e-02  7.721500e+02
  8.490000e-02  7.745300e+02
  8.270000e-02  8.030840e+02
  8.060000e-02  7.935665e+02
  7.850000e-02  8.149805e+02
  7.640000e-02  7.650120e+02
  7.450000e-02  7.519250e+02
  7.250000e-02  7.424075e+02
  7.070000e-02  7.447860e+02
  6.880000e-02  6.626920e+02
  6.700000e-02  6.864875e+02
  6.530000e-02  6.151040e+02
  6.360000e-02  6.222420e+02
  6.200000e-02  5.496665e+02
  6.040000e-02  4.889895e+02
  5.880000e-02  4.818510e+02
  5.730000e-02  4.556780e+02
  5.580000e-02  4.413995e+02
  5.430000e-02  3.688245e+02
  5.290000e-02  3.236140e+02
  5.160000e-02  2.843530e+02
  5.020000e-02  2.581785e+02
  4.890000e-02  2.105875e+02
  4.770000e-02  2.165370e+02
  4.640000e-02  2.022600e+02
  4.520000e-02  2.058295e+02
  4.410000e-02  1.963115e+02
  4.290000e-02  1.867935e+02
  4.180000e-02  1.689470e+02
  4.070000e-02  1.546695e+02
  3.970000e-02  1.665670e+02
  3.860000e-02  1.344430e+02
  3.760000e-02  1.237350e+02
  3.670000e-02  1.225460e+02
  3.570000e-02  1.035095e+02
  3.480000e-02  9.280175e+01
  3.390000e-02  7.495551e+01
  3.300000e-02  7.019600e+01
  3.220000e-02  6.186775e+01
  3.130000e-02  5.353875e+01
  3.050000e-02  4.640025e+01
  2.970000e-02  3.807250e+01
  2.890000e-02  3.093350e+01
  2.820000e-02  2.617450e+01
  2.750000e-02  3.807200e+01
  2.680000e-02  1.665650e+01
  2.610000e-02  2.498475e+01
  2.540000e-02  1.427700e+01
  2.470000e-02  1.427700e+01
  2.410000e-02  1.189750e+01
  2.350000e-02  9.518000e+00
  2.290000e-02  7.138500e+00
  2.230000e-02  5.948750e+00
  2.170000e-02  2.379500e+00
  2.110000e-02  1.189750e+00
  2.060000e-02  2.379500e+00
  2.000000e-02  3.569250e+00
  1.950000e-02  3.569250e+00
  1.900000e-02  0.000000e+00
  1.850000e-02  3.569250e+00
  1.800000e-02  1.189750e+00
  1.760000e-02  1.189750e+00
  1.710000e-02  2.379500e+00
  1.670000e-02  1.189750e+00
  1.630000e-02  1.189750e+00
  1.580000e-02  0.000000e+00
  1.540000e-02  0.000000e+00
  1.500000e-02  1.189750e+00
  1.460000e-02  1.189750e+00
  1.430000e-02  0.000000e+00
  1.390000e-02  1.189750e+00
  1.350000e-02  0.000000e+00
  1.320000e-02  0.000000e+00
  1.280000e-02  1.189750e+00
  1.250000e-02  0.000000e+00
  1.220000e-02  0.000000e+00
  1.190000e-02  0.000000e+00
  1.160000e-02  0.000000e+00
  1.130000e-02  0.000000e+00
  1.100000e-02  2.379500e+00
  1.070000e-02  0.000000e+00
  1.040000e-02  0.000000e+00
  1.010000e-02  4.080865e+02
