  4.934820e+03  4.122400e+00
  4.806990e+03  0.000000e+00
  4.682470e+03  0.000000e+00
  4.561180e+03  0.000000e+00
  4.443030e+03  0.000000e+00
  4.327940e+03  0.000000e+00
  4.215830e+03  0.000000e+00
  4.106630e+03  0.000000e+00
  4.000250e+03  0.000000e+00
  3.896630e+03  0.000000e+00
  3.795700e+03  0.000000e+00
  3.697380e+03  0.000000e+00
  3.601600e+03  0.000000e+00
  3.508310e+03  0.000000e+00
  3.417430e+03  0.000000e+00
  3.328910e+03  5.153000e-01
  3.242680e+03  5.153000e-01
  3.158680e+03  0.000000e+00
  3.076860e+03  0.000000e+00
  2.997160e+03  5.153000e-01
  2.919530e+03  0.000000e+00
  2.843900e+03  0.000000e+00
  2.770230e+03  0.000000e+00
  2.698480e+03  0.000000e+00
  2.628580e+03  0.000000e+00
  2.560490e+03  0.000000e+00
  2.494160e+03  5.153000e-01
  2.429550e+03  5.153000e-01
  2.366620e+03  0.000000e+00
  2.305320e+03  0.000000e+00
  2.245600e+03  0.000000e+00
  2.187430e+03  1.030600e+00
  2.130770e+03  5.153000e-01
  2.075580e+03  5.153000e-01
  2.021810e+03  0.000000e+00
  1.969440e+03  0.000000e+00
  1.918430e+03  0.000000e+00
  1.868730e+03  1.545900e+00
  1.820330e+03  0.000000e+00
  1.773170e+03  0.000000e+00
  1.727240e+03  1.030600e+00
  1.682500e+03  5.153000e-01
  1.638920e+03  1.030600e+00
  1.596470e+03  0.000000e+00
  1.555110e+03  5.153000e-01
  1.514830e+03  0.000000e+00
  1.475590e+03  5.153000e-01
  1.437370e+03  5.153000e-01
  1.400140e+03  5.153000e-01
  1.363870e+03  5.153000e-01
  1.328540e+03  0.000000e+00
  1.294120e+03  1.545900e+00
  1.260600e+03  4.637700e+00
  1.227950e+03  3.091800e+00
  1.196140e+03  1.545900e+00
  1.165160e+03  2.576500e+00
  1.134980e+03  3.091800e+00
  1.105580e+03  2.061200e+00
  1.076940e+03  5.668300e+00
  1.049040e+03  4.637700e+00
  1.021870e+03  2.576500e+00
  9.953980e+02  4.637700e+00
  9.696140e+02  4.122450e+00
  9.444970e+02  3.091800e+00
  9.200320e+02  7.729650e+00
  8.962000e+02  3.607100e+00
  8.729850e+02  7.729600e+00
  8.503720e+02  6.183650e+00
  8.283450e+02  7.729550e+00
  8.068880e+02  1.391320e+01
  7.859870e+02  9.790800e+00
  7.656270e+02  1.494380e+01
  7.457950e+02  1.648980e+01
  7.264760e+02  1.906645e+01
  7.076580e+02  2.061235e+01
  6.893270e+02  1.752045e+01
  6.714710e+02  2.937265e+01
  6.540780e+02  2.628080e+01
  6.371350e+02  2.937265e+01
  6.206310e+02  3.710235e+01
  6.045550e+02  3.143385e+01
  5.888950e+02  5.256155e+01
  5.736410e+02  5.101570e+01
  5.587810e+02  5.153100e+01
  5.443070e+02  5.256160e+01
  5.302080e+02  6.492890e+01
  5.164740e+02  6.441370e+01
  5.030950e+02  7.111255e+01
  4.900630e+02  1.015170e+02
  4.773690e+02  9.790836e+01
  4.650040e+02  9.790875e+01
  4.529580e+02  1.293420e+02
  4.412250e+02  1.515010e+02
  4.297960e+02  1.494400e+02
  4.186630e+02  1.808735e+02
  4.078180e+02  1.927265e+02
  3.972540e+02  2.293135e+02
  3.869640e+02  2.324045e+02
  3.769400e+02  2.777520e+02
  3.671770e+02  3.019715e+02
  3.576650e+02  3.457740e+02
  3.484010e+02  3.869970e+02
  3.393760e+02  4.070950e+02
  3.305850e+02  4.890295e+02
  3.220220e+02  5.318005e+02
  3.136800e+02  5.683880e+02
  3.055550e+02  6.668105e+02
  2.976400e+02  7.157660e+02
  2.899300e+02  8.605670e+02
  2.824200e+02  9.033430e+02
  2.751040e+02  1.053810e+03
  2.679780e+02  1.163070e+03
  2.610370e+02  1.275910e+03
  2.542750e+02  1.409895e+03
  2.476890e+02  1.621165e+03
  2.412730e+02  1.795860e+03
  2.350230e+02  1.996305e+03
  2.289350e+02  2.292610e+03
  2.230050e+02  2.472975e+03
  2.172280e+02  2.733200e+03
  2.116010e+02  3.105275e+03
  2.061200e+02  3.531935e+03
  2.007810e+02  3.884925e+03
  1.955800e+02  4.398170e+03
  1.905140e+02  4.841335e+03
  1.855790e+02  5.413850e+03
  1.807720e+02  6.085300e+03
  1.760890e+02  6.928350e+03
  1.715280e+02  7.611140e+03
  1.670850e+02  8.591766e+03
  1.627570e+02  9.269420e+03
  1.585410e+02  1.026500e+04
  1.544340e+02  1.131310e+04
  1.504340e+02  1.249155e+04
  1.465370e+02  1.358725e+04
  1.427410e+02  1.496975e+04
  1.390440e+02  1.645165e+04
  1.354420e+02  1.811675e+04
  1.319340e+02  1.972700e+04
  1.285160e+02  2.144860e+04
  1.251870e+02  2.336265e+04
  1.219440e+02  2.555630e+04
  1.187850e+02  2.772685e+04
  1.157090e+02  3.017965e+04
  1.127110e+02  3.299895e+04
  1.097920e+02  3.522305e+04
  1.069480e+02  3.856400e+04
  1.041770e+02  4.196590e+04
  1.014790e+02  4.528350e+04
  9.885030e+01  4.894270e+04
  9.628970e+01  5.339540e+04
  9.379550e+01  5.772455e+04
  9.136590e+01  6.233925e+04
  8.899920e+01  6.715895e+04
  8.669380e+01  7.249030e+04
  8.444820e+01  7.781700e+04
  8.226070e+01  8.387295e+04
  8.012980e+01  9.041945e+04
  7.805420e+01  9.683465e+04
  7.603240e+01  1.040900e+05
  7.406290e+01  1.118910e+05
  7.214440e+01  1.195045e+05
  7.027560e+01  1.279430e+05
  6.845520e+01  1.359890e+05
  6.668200e+01  1.454975e+05
  6.495470e+01  1.536360e+05
  6.327220e+01  1.616770e+05
  6.163320e+01  1.689055e+05
  6.003670e+01  1.755905e+05
  5.848160e+01  1.819475e+05
  5.696670e+01  1.875205e+05
  5.549110e+01  1.939635e+05
  5.405370e+01  2.008105e+05
  5.265350e+01  2.104535e+05
  5.128960e+01  2.187710e+05
  4.996100e+01  2.280785e+05
  4.866690e+01  2.364465e+05
  4.740620e+01  2.460580e+05
  4.617830e+01  2.553560e+05
  4.498210e+01  2.616935e+05
  4.381690e+01  2.653305e+05
  4.268190e+01  2.687175e+05
  4.157630e+01  2.704750e+05
  4.049930e+01  2.712490e+05
  3.945030e+01  2.724175e+05
  3.842840e+01  2.725990e+05
  3.743290e+01  2.723840e+05
  3.646330e+01  2.727850e+05
  3.551880e+01  2.737305e+05
  3.459870e+01  2.735975e+05
  3.370250e+01  2.747430e+05
  3.282950e+01  2.764165e+05
  3.197910e+01  2.776545e+05
  3.115070e+01  2.782570e+05
  3.034380e+01  2.805395e+05
  2.955780e+01  2.829080e+05
  2.879220e+01  2.841250e+05
  2.804640e+01  2.858140e+05
  2.731990e+01  2.880855e+05
  2.661220e+01  2.908990e+05
  2.592290e+01  2.931935e+05
  2.525140e+01  2.958055e+05
  2.459730e+01  2.993795e+05
  2.396010e+01  3.015245e+05
  2.333950e+01  3.045260e+05
  2.273490e+01  3.078145e+05
  2.214600e+01  3.116985e+05
  2.157230e+01  3.148250e+05
  2.101350e+01  3.191340e+05
  2.046920e+01  3.219620e+05
  1.993900e+01  3.259370e+05
  1.942250e+01  3.290105e+05
  1.891940e+01  3.317425e+05
  1.842930e+01  3.338220e+05
  1.795200e+01  3.340065e+05
  1.748690e+01  3.361175e+05
  1.703400e+01  3.346715e+05
  1.659270e+01  3.342395e+05
  1.616290e+01  3.324830e+05
  1.574430e+01  3.317620e+05
  1.533640e+01  3.301620e+05
  1.493920e+01  3.287555e+05
  1.455220e+01  3.305165e+05
  1.417520e+01  3.341275e+05
  1.380800e+01  3.389345e+05
  1.345040e+01  3.456230e+05
  1.310200e+01  3.537760e+05
  1.276260e+01  3.648335e+05
  1.243200e+01  3.757970e+05
  1.211000e+01  3.889265e+05
  1.179630e+01  3.989515e+05
  1.149070e+01  4.119130e+05
  1.119310e+01  4.244015e+05
  1.090310e+01  4.346270e+05
  1.062070e+01  4.453260e+05
  1.034560e+01  4.569955e+05
  1.007760e+01  4.679980e+05
  9.816600e+00  4.787280e+05
  9.562300e+00  4.824050e+05
  9.314600e+00  4.795620e+05
  9.073300e+00  4.693845e+05
  8.838300e+00  4.514285e+05
  8.609300e+00  4.317005e+05
  8.386300e+00  4.110410e+05
  8.169100e+00  3.894690e+05
  7.957500e+00  3.729340e+05
  7.751400e+00  3.563505e+05
  7.550600e+00  3.491420e+05
  7.355000e+00  3.427330e+05
  7.164500e+00  3.404360e+05
  6.978900e+00  3.398625e+05
  6.798100e+00  3.403415e+05
  6.622000e+00  3.408715e+05
  6.450500e+00  3.423050e+05
  6.283400e+00  3.436065e+05
  6.120600e+00  3.435790e+05
  5.962100e+00  3.432880e+05
  5.807600e+00  3.424860e+05
  5.657200e+00  3.430155e+05
  5.510700e+00  3.432510e+05
  5.367900e+00  3.441900e+05
  5.228900e+00  3.452045e+05
  5.093400e+00  3.449865e+05
  4.961500e+00  3.439105e+05
  4.833000e+00  3.513235e+05
  4.707800e+00  3.628170e+05
  4.585800e+00  3.520250e+05
  4.467100e+00  3.491515e+05
  4.351300e+00  3.512425e+05
  4.238600e+00  3.527875e+05
  4.128800e+00  3.526170e+05
  4.021900e+00  3.930530e+05
  3.917700e+00  3.594985e+05
  3.816200e+00  3.369505e+05
  3.717400e+00  3.331155e+05
  3.621100e+00  3.322585e+05
  3.527300e+00  3.301740e+05
  3.435900e+00  3.274570e+05
  3.346900e+00  3.255750e+05
  3.260200e+00  3.239350e+05
  3.175800e+00  3.220805e+05
  3.093500e+00  3.181970e+05
  3.013400e+00  3.137775e+05
  2.935300e+00  3.113375e+05
  2.859300e+00  3.085615e+05
  2.785200e+00  3.077920e+05
  2.713100e+00  3.050590e+05
  2.642800e+00  3.004185e+05
  2.574300e+00  3.015800e+05
  2.507600e+00  2.951110e+05
  2.442700e+00  2.951210e+05
  2.379400e+00  2.923430e+05
  2.317800e+00  2.847440e+05
  2.257700e+00  2.765800e+05
  2.199300e+00  2.798630e+05
  2.142300e+00  2.655505e+05
  2.086800e+00  2.596165e+05
  2.032700e+00  2.588805e+05
  1.980100e+00  2.741160e+05
  1.928800e+00  2.423730e+05
  1.878800e+00  2.255860e+05
  1.830200e+00  2.619640e+05
  1.782800e+00  4.195675e+05
  1.736600e+00  2.764780e+05
  1.691600e+00  2.234025e+05
  1.647800e+00  2.005940e+05
  1.605100e+00  1.918305e+05
  1.563500e+00  1.839560e+05
  1.523000e+00  1.766280e+05
  1.483600e+00  1.703160e+05
  1.445100e+00  1.623465e+05
  1.407700e+00  1.545065e+05
  1.371200e+00  1.424885e+05
  1.335700e+00  1.404555e+05
  1.301100e+00  1.235935e+05
  1.267400e+00  1.062705e+05
  1.234600e+00  1.188395e+05
  1.202600e+00  1.225480e+05
  1.171500e+00  1.152005e+05
  1.141100e+00  1.291125e+05
  1.111600e+00  8.865825e+04
  1.082800e+00  7.969840e+04
  1.054700e+00  1.115010e+05
  1.027400e+00  8.348550e+04
  1.000800e+00  6.403240e+04
  9.749000e-01  8.750125e+04
  9.496000e-01  6.582466e+04
  9.250000e-01  6.317140e+04
  9.010000e-01  6.842045e+04
  8.777000e-01  7.251234e+04
  8.550000e-01  7.568405e+04
  8.328000e-01  7.409300e+04
  8.113000e-01  8.034459e+04
  7.902000e-01  8.163025e+04
  7.698000e-01  8.014780e+04
  7.498000e-01  8.940115e+04
  7.304000e-01  8.761830e+04
  7.115000e-01  8.932859e+04
  6.931000e-01  1.832480e+05
  6.751000e-01  1.558965e+06
  6.576000e-01  1.280615e+06
  6.406000e-01  3.924865e+06
  6.240000e-01  1.251985e+06
  6.078000e-01  1.621610e+05
  5.921000e-01  1.190495e+05
  5.767000e-01  1.228860e+05
  5.618000e-01  1.272770e+05
  5.472000e-01  1.257540e+05
  5.331000e-01  1.447740e+05
  5.193000e-01  1.293005e+05
  5.058000e-01  1.598175e+05
  4.927000e-01  3.076585e+05
  4.799000e-01  3.556130e+05
  4.675000e-01  2.077545e+05
  4.554000e-01  1.576750e+05
  4.436000e-01  3.824995e+05
  4.321000e-01  4.014550e+05
  4.209000e-01  3.209760e+05
  4.100000e-01  2.087145e+05
  3.994000e-01  3.664855e+05
  3.891000e-01  7.086300e+05
  3.790000e-01  6.558705e+05
  3.692000e-01  1.453740e+05
  3.596000e-01  1.051245e+05
  3.503000e-01  1.081900e+05
  3.412000e-01  1.039750e+05
  3.324000e-01  1.164720e+05
  3.238000e-01  1.076180e+05
  3.154000e-01  1.018045e+05
  3.072000e-01  1.383975e+05
  2.992000e-01  1.941240e+05
  2.915000e-01  2.551990e+05
  2.839000e-01  2.899280e+05
  2.766000e-01  1.490155e+05
  2.694000e-01  4.028430e+05
  2.624000e-01  1.065335e+06
  2.556000e-01  1.158275e+06
  2.490000e-01  3.984010e+05
  2.426000e-01  2.478390e+05
  2.363000e-01  3.738590e+05
  2.302000e-01  2.658840e+05
  2.242000e-01  1.716240e+05
  2.184000e-01  1.605615e+05
  2.127000e-01  1.682490e+05
  2.072000e-01  1.597430e+05
  2.019000e-01  1.684145e+05
  1.966000e-01  1.966445e+05
  1.915000e-01  3.921975e+05
  1.866000e-01  4.475055e+05
  1.817000e-01  2.496055e+05
  1.770000e-01  1.583150e+05
  1.725000e-01  1.928645e+05
  1.680000e-01  2.378985e+05
  1.636000e-01  2.431420e+05
  1.594000e-01  2.503460e+05
  1.553000e-01  2.722910e+05
  1.512000e-01  2.911015e+05
  1.473000e-01  2.888485e+05
  1.435000e-01  4.313365e+05
  1.398000e-01  3.301710e+05
  1.362000e-01  3.217815e+05
  1.326000e-01  3.414965e+05
  1.292000e-01  3.300940e+05
  1.259000e-01  3.585675e+05
  1.226000e-01  5.325700e+05
  1.194000e-01  5.945065e+05
  1.163000e-01  3.873725e+05
  1.133000e-01  3.963010e+05
  1.104000e-01  4.015000e+05
  1.075000e-01  3.835780e+05
  1.047000e-01  3.645180e+05
  1.020000e-01  3.719740e+05
  9.940000e-02  4.131140e+05
  9.680000e-02  4.161085e+05
  9.430000e-02  4.156605e+05
  9.190000e-02  3.994525e+05
  8.950000e-02  3.838785e+05
  8.720000e-02  3.695025e+05
  8.490000e-02  3.688370e+05
  8.270000e-02  3.674935e+05
  8.060000e-02  3.656875e+05
  7.850000e-02  3.697345e+05
  7.640000e-02  3.765255e+05
  7.450000e-02  3.812105e+05
  7.250000e-02  3.859060e+05
  7.070000e-02  3.928355e+05
  6.880000e-02  3.941745e+05
  6.700000e-02  3.947530e+05
  6.530000e-02  3.953265e+05
  6.360000e-02  3.958425e+05
  6.200000e-02  3.941865e+05
  6.040000e-02  3.921105e+05
  5.880000e-02  3.879725e+05
  5.730000e-02  3.805415e+05
  5.580000e-02  3.731130e+05
  5.430000e-02  3.635100e+05
  5.290000e-02  3.524365e+05
  5.160000e-02  3.428655e+05
  5.020000e-02  3.286255e+05
  4.890000e-02  3.114550e+05
  4.770000e-02  2.941400e+05
  4.640000e-02  2.764935e+05
  4.520000e-02  2.592020e+05
  4.410000e-02  2.420725e+05
  4.290000e-02  2.245950e+05
  4.180000e-02  2.072790e+05
  4.070000e-02  1.902305e+05
  3.970000e-02  1.744780e+05
  3.860000e-02  1.592620e+05
  3.760000e-02  1.440455e+05
  3.670000e-02  1.300865e+05
  3.570000e-02  1.169585e+05
  3.480000e-02  1.039240e+05
  3.390000e-02  9.218495e+04
  3.300000e-02  8.124484e+04
  3.220000e-02  7.180955e+04
  3.130000e-02  6.262725e+04
  3.050000e-02  5.433230e+04
  2.970000e-02  4.673860e+04
  2.890000e-02  4.024310e+04
  2.820000e-02  3.439660e+04
  2.750000e-02  2.930055e+04
  2.680000e-02  2.466170e+04
  2.610000e-02  2.078040e+04
  2.540000e-02  1.749685e+04
  2.470000e-02  1.450125e+04
  2.410000e-02  1.197835e+04
  2.350000e-02  1.003370e+04
  2.290000e-02  8.171271e+03
  2.230000e-02  6.937625e+03
  2.170000e-02  5.721495e+03
  2.110000e-02  4.767645e+03
  2.060000e-02  4.078675e+03
  2.000000e-02  3.470620e+03
  1.950000e-02  3.052185e+03
  1.900000e-02  2.768255e+03
  1.850000e-02  2.400315e+03
  1.800000e-02  2.190075e+03
  1.760000e-02  1.988575e+03
  1.710000e-02  1.824195e+03
  1.670000e-02  1.702590e+03
  1.630000e-02  1.669090e+03
  1.580000e-02  1.602610e+03
  1.540000e-02  1.550055e+03
  1.500000e-02  1.446480e+03
  1.460000e-02  1.430505e+03
  1.430000e-02  1.383090e+03
  1.390000e-02  1.250150e+03
  1.350000e-02  1.293950e+03
  1.320000e-02  1.213040e+03
  1.280000e-02  1.117715e+03
  1.250000e-02  1.130080e+03
  1.220000e-02  1.039895e+03
  1.190000e-02  1.006906e+03
  1.160000e-02  9.605330e+02
  1.130000e-02  9.285925e+02
  1.100000e-02  8.533535e+02
  1.070000e-02  7.791495e+02
  1.040000e-02  7.090665e+02
  1.010000e-02  5.761170e+03
