  4.934820e+03  1.217700e+04
  4.806990e+03  0.000000e+00
  4.682470e+03  0.000000e+00
  4.561180e+03  1.818300e-02
  4.443030e+03  0.000000e+00
  4.327940e+03  1.818300e-02
  4.215830e+03  1.818300e-02
  4.106630e+03  5.454900e-02
  4.000250e+03  0.000000e+00
  3.896630e+03  1.818300e-02
  3.795700e+03  0.000000e+00
  3.697380e+03  3.636600e-02
  3.601600e+03  1.818300e-02
  3.508310e+03  0.000000e+00
  3.417430e+03  5.454900e-02
  3.328910e+03  0.000000e+00
  3.242680e+03  1.818300e-02
  3.158680e+03  1.818300e-02
  3.076860e+03  0.000000e+00
  2.997160e+03  1.818300e-02
  2.919530e+03  3.636600e-02
  2.843900e+03  5.454900e-02
  2.770230e+03  1.818300e-02
  2.698480e+03  3.636600e-02
  2.628580e+03  5.454900e-02
  2.560490e+03  9.091550e-02
  2.494160e+03  1.818300e-02
  2.429550e+03  7.273250e-02
  2.366620e+03  7.273200e-02
  2.305320e+03  1.454645e-01
  2.245600e+03  5.454900e-02
  2.187430e+03  5.454900e-02
  2.130770e+03  1.454650e-01
  2.075580e+03  1.090990e-01
  2.021810e+03  1.636475e-01
  1.969440e+03  1.454655e-01
  1.918430e+03  2.363805e-01
  1.868730e+03  1.090985e-01
  1.820330e+03  1.636475e-01
  1.773170e+03  2.363805e-01
  1.727240e+03  2.727470e-01
  1.682500e+03  2.909305e-01
  1.638920e+03  5.273150e-01
  1.596470e+03  3.091140e-01
  1.555110e+03  4.000295e-01
  1.514830e+03  3.272970e-01
  1.475590e+03  4.727655e-01
  1.437370e+03  5.454965e-01
  1.400140e+03  7.091470e-01
  1.363870e+03  7.636940e-01
  1.328540e+03  5.818645e-01
  1.294120e+03  8.546185e-01
  1.260600e+03  7.818790e-01
  1.227950e+03  1.000075e+00
  1.196140e+03  1.109180e+00
  1.165160e+03  1.090999e+00
  1.134980e+03  1.472840e+00
  1.105580e+03  1.472850e+00
  1.076940e+03  1.563765e+00
  1.049040e+03  1.963780e+00
  1.021870e+03  2.163790e+00
  9.953980e+02  2.036510e+00
  9.696140e+02  2.472910e+00
  9.444970e+02  2.872940e+00
  9.200320e+02  2.927490e+00
  8.962000e+02  2.945670e+00
  8.729850e+02  3.272970e+00
  8.503720e+02  4.527610e+00
  8.283450e+02  4.654895e+00
  8.068880e+02  5.345850e+00
  7.859870e+02  5.509490e+00
  7.656270e+02  6.727765e+00
  7.457950e+02  7.618725e+00
  7.264760e+02  8.036990e+00
  7.076580e+02  8.618864e+00
  6.893270e+02  9.946210e+00
  6.714710e+02  1.112825e+01
  6.540780e+02  1.354660e+01
  6.371350e+02  1.438285e+01
  6.206310e+02  1.667395e+01
  6.045550e+02  1.805580e+01
  5.888950e+02  1.967405e+01
  5.736410e+02  2.287430e+01
  5.587810e+02  2.622010e+01
  5.443070e+02  2.842015e+01
  5.302080e+02  3.276600e+01
  5.164740e+02  3.518440e+01
  5.030950e+02  3.922115e+01
  4.900630e+02  4.334865e+01
  4.773690e+02  4.813080e+01
  4.650040e+02  5.413100e+01
  4.529580e+02  6.169540e+01
  4.412250e+02  6.818680e+01
  4.297960e+02  7.595105e+01
  4.186630e+02  8.169690e+01
  4.078180e+02  9.284320e+01
  3.972540e+02  1.058255e+02
  3.869640e+02  1.170990e+02
  3.769400e+02  1.305550e+02
  3.671770e+02  1.441735e+02
  3.576650e+02  1.616850e+02
  3.484010e+02  1.816130e+02
  3.393760e+02  2.011065e+02
  3.305850e+02  2.218885e+02
  3.220220e+02  2.383810e+02
  3.136800e+02  2.660005e+02
  3.055550e+02  2.930220e+02
  2.976400e+02  3.255875e+02
  2.899300e+02  3.546805e+02
  2.824200e+02  3.972835e+02
  2.751040e+02  4.321770e+02
  2.679780e+02  4.803085e+02
  2.610370e+02  5.270750e+02
  2.542750e+02  5.760785e+02
  2.476890e+02  6.336470e+02
  2.412730e+02  7.050885e+02
  2.350230e+02  7.837660e+02
  2.289350e+02  8.526080e+02
  2.230050e+02  9.431960e+02
  2.172280e+02  1.022070e+03
  2.116010e+02  1.122565e+03
  2.061200e+02  1.211920e+03
  2.007810e+02  1.333620e+03
  1.955800e+02  1.451210e+03
  1.905140e+02  1.604280e+03
  1.855790e+02  1.765635e+03
  1.807720e+02  1.915300e+03
  1.760890e+02  2.093640e+03
  1.715280e+02  2.268430e+03
  1.670850e+02  2.457300e+03
  1.627570e+02  2.644110e+03
  1.585410e+02  2.848925e+03
  1.544340e+02  3.044740e+03
  1.504340e+02  3.259985e+03
  1.465370e+02  3.488175e+03
  1.427410e+02  3.726485e+03
  1.390440e+02  3.980850e+03
  1.354420e+02  4.224885e+03
  1.319340e+02  4.476040e+03
  1.285160e+02  4.737550e+03
  1.251870e+02  4.999660e+03
  1.219440e+02  5.247680e+03
  1.187850e+02  5.513495e+03
  1.157090e+02  5.804840e+03
  1.127110e+02  6.091685e+03
  1.097920e+02  6.371565e+03
  1.069480e+02  6.707870e+03
  1.041770e+02  7.025600e+03
  1.014790e+02  7.345575e+03
  9.885030e+01  7.689420e+03
  9.628970e+01  8.019320e+03
  9.379550e+01  8.387300e+03
  9.136590e+01  8.721720e+03
  8.899920e+01  9.066015e+03
  8.669380e+01  9.456930e+03
  8.444820e+01  9.781830e+03
  8.226070e+01  1.016080e+04
  8.012980e+01  1.054570e+04
  7.805420e+01  1.092415e+04
  7.603240e+01  1.129195e+04
  7.406290e+01  1.166900e+04
  7.214440e+01  1.202050e+04
  7.027560e+01  1.239090e+04
  6.845520e+01  1.273770e+04
  6.668200e+01  1.304245e+04
  6.495470e+01  1.329000e+04
  6.327220e+01  1.347645e+04
  6.163320e+01  1.358005e+04
  6.003670e+01  1.362390e+04
  5.848160e+01  1.361190e+04
  5.696670e+01  1.357880e+04
  5.549110e+01  1.356055e+04
  5.405370e+01  1.355880e+04
  5.265350e+01  1.357385e+04
  5.128960e+01  1.358135e+04
  4.996100e+01  1.356700e+04
  4.866690e+01  1.350665e+04
  4.740620e+01  1.339905e+04
  4.617830e+01  1.319720e+04
  4.498210e+01  1.287495e+04
  4.381690e+01  1.260255e+04
  4.268190e+01  1.224025e+04
  4.157630e+01  1.188255e+04
  4.049930e+01  1.149405e+04
  3.945030e+01  1.116945e+04
  3.842840e+01  1.083815e+04
  3.743290e+01  1.052335e+04
  3.646330e+01  1.018020e+04
  3.551880e+01  9.892875e+03
  3.459870e+01  9.625875e+03
  3.370250e+01  9.275620e+03
  3.282950e+01  8.991750e+03
  3.197910e+01  8.663766e+03
  3.115070e+01  8.354415e+03
  3.034380e+01  8.073110e+03
  2.955780e+01  7.759185e+03
  2.879220e+01  7.429835e+03
  2.804640e+01  7.103660e+03
  2.731990e+01  6.763750e+03
  2.661220e+01  6.444235e+03
  2.592290e+01  6.101765e+03
  2.525140e+01  5.729905e+03
  2.459730e+01  5.383380e+03
  2.396010e+01  5.059920e+03
  2.333950e+01  4.698220e+03
  2.273490e+01  4.350800e+03
  2.214600e+01  3.954110e+03
  2.157230e+01  3.576350e+03
  2.101350e+01  3.205215e+03
  2.046920e+01  2.854140e+03
  1.993900e+01  2.538355e+03
  1.942250e+01  2.242565e+03
  1.891940e+01  2.008065e+03
  1.842930e+01  1.906150e+03
  1.795200e+01  1.800085e+03
  1.748690e+01  1.791710e+03
  1.703400e+01  1.795670e+03
  1.659270e+01  1.860845e+03
  1.616290e+01  1.952625e+03
  1.574430e+01  2.026475e+03
  1.533640e+01  2.092035e+03
  1.493920e+01  2.145385e+03
  1.455220e+01  2.107225e+03
  1.417520e+01  1.934495e+03
  1.380800e+01  1.620760e+03
  1.345040e+01  1.252730e+03
  1.310200e+01  9.077025e+02
  1.276260e+01  6.187550e+02
  1.243200e+01  4.006110e+02
  1.211000e+01  2.516915e+02
  1.179630e+01  1.525025e+02
  1.149070e+01  9.162476e+01
  1.119310e+01  6.091350e+01
  1.090310e+01  4.296685e+01
  1.062070e+01  3.078395e+01
  1.034560e+01  2.020140e+01
  1.007760e+01  1.412835e+01
  9.816600e+00  8.382484e+00
  9.562300e+00  6.255000e+00
  9.314600e+00  6.200450e+00
  9.073300e+00  1.274640e+01
  8.838300e+00  2.465625e+01
  8.609300e+00  4.902175e+01
  8.386300e+00  9.324326e+01
  8.169100e+00  1.842320e+02
  7.957500e+00  3.328250e+02
  7.751400e+00  4.554335e+02
  7.550600e+00  6.335195e+02
  7.355000e+00  6.492840e+02
  7.164500e+00  5.975525e+02
  6.978900e+00  5.415850e+02
  6.798100e+00  4.675800e+02
  6.622000e+00  3.987570e+02
  6.450500e+00  3.362250e+02
  6.283400e+00  2.786555e+02
  6.120600e+00  2.332535e+02
  5.962100e+00  2.025055e+02
  5.807600e+00  1.793955e+02
  5.657200e+00  1.651760e+02
  5.510700e+00  1.513750e+02
  5.367900e+00  1.286995e+02
  5.228900e+00  1.084620e+02
  5.093400e+00  9.269735e+01
  4.961500e+00  7.700570e+01
  4.833000e+00  5.958610e+01
  4.707800e+00  4.911265e+01
  4.585800e+00  3.916660e+01
  4.467100e+00  3.207510e+01
  4.351300e+00  2.756560e+01
  4.238600e+00  2.425625e+01
  4.128800e+00  2.094685e+01
  4.021900e+00  1.849220e+01
  3.917700e+00  1.514670e+01
  3.816200e+00  1.367380e+01
  3.717400e+00  1.132820e+01
  3.621100e+00  9.637135e+00
  3.527300e+00  8.946150e+00
  3.435900e+00  6.891395e+00
  3.346900e+00  4.745795e+00
  3.260200e+00  3.309335e+00
  3.175800e+00  2.291085e+00
  3.093500e+00  1.181915e+00
  3.013400e+00  8.000680e-01
  2.935300e+00  1.054635e+00
  2.859300e+00  1.545575e+00
  2.785200e+00  1.672860e+00
  2.713100e+00  2.454720e+00
  2.642800e+00  2.127430e+00
  2.574300e+00  1.981960e+00
  2.507600e+00  1.963795e+00
  2.442700e+00  1.363755e+00
  2.379400e+00  1.454660e+00
  2.317800e+00  1.745580e+00
  2.257700e+00  1.127370e+00
  2.199300e+00  1.036458e+00
  2.142300e+00  1.109175e+00
  2.086800e+00  9.455305e-01
  2.032700e+00  7.273315e-01
  1.980100e+00  1.000089e+00
  1.928800e+00  5.273120e-01
  1.878800e+00  5.091315e-01
  1.830200e+00  5.818620e-01
  1.782800e+00  8.364305e-01
  1.736600e+00  3.818465e-01
  1.691600e+00  3.636640e-01
  1.647800e+00  3.454805e-01
  1.605100e+00  3.091155e-01
  1.563500e+00  3.091125e-01
  1.523000e+00  1.454645e-01
  1.483600e+00  2.000140e-01
  1.445100e+00  4.545805e-01
  1.407700e+00  1.090980e-01
  1.371200e+00  2.000140e-01
  1.335700e+00  1.454645e-01
  1.301100e+00  1.272815e-01
  1.267400e+00  1.090985e-01
  1.234600e+00  1.272815e-01
  1.202600e+00  1.454645e-01
  1.171500e+00  5.454900e-02
  1.141100e+00  1.636475e-01
  1.111600e+00  7.273200e-02
  1.082800e+00  7.273250e-02
  1.054700e+00  7.273200e-02
  1.027400e+00  7.273200e-02
  1.000800e+00  7.273200e-02
  9.749000e-01  1.818300e-02
  9.496000e-01  7.273200e-02
  9.250000e-01  7.273200e-02
  9.010000e-01  7.273200e-02
  8.777000e-01  1.272810e-01
  8.550000e-01  9.091550e-02
  8.328000e-01  7.273200e-02
  8.113000e-01  5.454900e-02
  7.902000e-01  1.090980e-01
  7.698000e-01  9.091500e-02
  7.498000e-01  7.273200e-02
  7.304000e-01  1.272815e-01
  7.115000e-01  5.454900e-02
  6.931000e-01  1.090980e-01
  6.751000e-01  5.818670e-01
  6.576000e-01  3.636650e-01
  6.406000e-01  1.291010e+00
  6.240000e-01  1.636470e-01
  6.078000e-01  1.090980e-01
  5.921000e-01  3.636600e-02
  5.767000e-01  1.090980e-01
  5.618000e-01  9.091500e-02
  5.472000e-01  5.454900e-02
  5.331000e-01  1.090990e-01
  5.193000e-01  3.636600e-02
  5.058000e-01  7.273200e-02
  4.927000e-01  9.091600e-02
  4.799000e-01  1.818320e-01
  4.675000e-01  9.091500e-02
  4.554000e-01  1.090980e-01
  4.436000e-01  2.000140e-01
  4.321000e-01  3.636600e-02
  4.209000e-01  9.091500e-02
  4.100000e-01  1.090980e-01
  3.994000e-01  7.273200e-02
  3.891000e-01  2.181975e-01
  3.790000e-01  2.909300e-01
  3.692000e-01  1.272810e-01
  3.596000e-01  1.636485e-01
  3.503000e-01  7.273200e-02
  3.412000e-01  9.091550e-02
  3.324000e-01  9.091500e-02
  3.238000e-01  9.091550e-02
  3.154000e-01  9.091550e-02
  3.072000e-01  5.454900e-02
  2.992000e-01  3.636600e-02
  2.915000e-01  3.636600e-02
  2.839000e-01  1.636480e-01
  2.766000e-01  7.273250e-02
  2.694000e-01  9.091500e-02
  2.624000e-01  3.636630e-01
  2.556000e-01  2.000140e-01
  2.490000e-01  1.454655e-01
  2.426000e-01  7.273250e-02
  2.363000e-01  1.454650e-01
  2.302000e-01  1.090985e-01
  2.242000e-01  3.636600e-02
  2.184000e-01  7.273200e-02
  2.127000e-01  7.273250e-02
  2.072000e-01  7.273200e-02
  2.019000e-01  7.273200e-02
  1.966000e-01  5.454900e-02
  1.915000e-01  9.091500e-02
  1.866000e-01  7.273200e-02
  1.817000e-01  9.091600e-02
  1.770000e-01  5.454900e-02
  1.725000e-01  1.272825e-01
  1.680000e-01  1.818300e-02
  1.636000e-01  7.273200e-02
  1.594000e-01  1.090985e-01
  1.553000e-01  0.000000e+00
  1.512000e-01  7.273250e-02
  1.473000e-01  1.090985e-01
  1.435000e-01  3.636600e-02
  1.398000e-01  5.454900e-02
  1.362000e-01  7.273250e-02
  1.326000e-01  1.090985e-01
  1.292000e-01  1.818300e-02
  1.259000e-01  1.090985e-01
  1.226000e-01  5.454900e-02
  1.194000e-01  7.273200e-02
  1.163000e-01  3.636600e-02
  1.133000e-01  9.091500e-02
  1.104000e-01  1.090985e-01
  1.075000e-01  3.636600e-02
  1.047000e-01  1.818300e-02
  1.020000e-01  9.091550e-02
  9.940000e-02  5.454900e-02
  9.680000e-02  3.636600e-02
  9.430000e-02  1.272810e-01
  9.190000e-02  7.273200e-02
  8.950000e-02  7.273200e-02
  8.720000e-02  1.818300e-02
  8.490000e-02  1.818300e-02
  8.270000e-02  5.454900e-02
  8.060000e-02  7.273250e-02
  7.850000e-02  3.636600e-02
  7.640000e-02  7.273200e-02
  7.450000e-02  3.636600e-02
  7.250000e-02  5.454900e-02
  7.070000e-02  1.818300e-02
  6.880000e-02  3.636600e-02
  6.700000e-02  0.000000e+00
  6.530000e-02  3.636600e-02
  6.360000e-02  1.818300e-02
  6.200000e-02  0.000000e+00
  6.040000e-02  0.000000e+00
  5.880000e-02  0.000000e+00
  5.730000e-02  0.000000e+00
  5.580000e-02  0.000000e+00
  5.430000e-02  0.000000e+00
  5.290000e-02  1.818300e-02
  5.160000e-02  0.000000e+00
  5.020000e-02  0.000000e+00
  4.890000e-02  0.000000e+00
  4.770000e-02  0.000000e+00
  4.640000e-02  0.000000e+00
  4.520000e-02  0.000000e+00
  4.410000e-02  0.000000e+00
  4.290000e-02  0.000000e+00
  4.180000e-02  0.000000e+00
  4.070000e-02  0.000000e+00
  3.970000e-02  0.000000e+00
  3.860000e-02  0.000000e+00
  3.760000e-02  0.000000e+00
  3.670000e-02  1.818300e-02
  3.570000e-02  0.000000e+00
  3.480000e-02  0.000000e+00
  3.390000e-02  0.000000e+00
  3.300000e-02  0.000000e+00
  3.220000e-02  0.000000e+00
  3.130000e-02  0.000000e+00
  3.050000e-02  0.000000e+00
  2.970000e-02  0.000000e+00
  2.890000e-02  0.000000e+00
  2.820000e-02  0.000000e+00
  2.750000e-02  0.000000e+00
  2.680000e-02  0.000000e+00
  2.610000e-02  0.000000e+00
  2.540000e-02  0.000000e+00
  2.470000e-02  0.000000e+00
  2.410000e-02  0.000000e+00
  2.350000e-02  0.000000e+00
  2.290000e-02  0.000000e+00
  2.230000e-02  0.000000e+00
  2.170000e-02  0.000000e+00
  2.110000e-02  0.000000e+00
  2.060000e-02  0.000000e+00
  2.000000e-02  0.000000e+00
  1.950000e-02  0.000000e+00
  1.900000e-02  0.000000e+00
  1.850000e-02  0.000000e+00
  1.800000e-02  0.000000e+00
  1.760000e-02  0.000000e+00
  1.710000e-02  0.000000e+00
  1.670000e-02  0.000000e+00
  1.630000e-02  0.000000e+00
  1.580000e-02  0.000000e+00
  1.540000e-02  0.000000e+00
  1.500000e-02  0.000000e+00
  1.460000e-02  0.000000e+00
  1.430000e-02  0.000000e+00
  1.390000e-02  0.000000e+00
  1.350000e-02  0.000000e+00
  1.320000e-02  0.000000e+00
  1.280000e-02  0.000000e+00
  1.250000e-02  0.000000e+00
  1.220000e-02  0.000000e+00
  1.190000e-02  0.000000e+00
  1.160000e-02  0.000000e+00
  1.130000e-02  0.000000e+00
  1.100000e-02  3.636630e+00
  1.070000e-02  4.891260e+00
  1.040000e-02  4.673070e+00
  1.010000e-02  3.685735e+01
