  4.934820e+03  3.432040e-02
  4.806990e+03  0.000000e+00
  4.682470e+03  1.144020e-02
  4.561180e+03  1.525360e-02
  4.443030e+03  1.144020e-02
  4.327940e+03  0.000000e+00
  4.215830e+03  7.626800e-03
  4.106630e+03  1.144020e-02
  4.000250e+03  1.144020e-02
  3.896630e+03  2.288040e-02
  3.795700e+03  7.626800e-03
  3.697380e+03  1.525360e-02
  3.601600e+03  7.626800e-03
  3.508310e+03  1.906720e-02
  3.417430e+03  1.144020e-02
  3.328910e+03  1.906700e-02
  3.242680e+03  1.144020e-02
  3.158680e+03  1.906720e-02
  3.076860e+03  3.813400e-03
  2.997160e+03  1.906720e-02
  2.919530e+03  4.194800e-02
  2.843900e+03  3.813400e-02
  2.770230e+03  2.669380e-02
  2.698480e+03  4.194740e-02
  2.628580e+03  3.813400e-02
  2.560490e+03  4.194820e-02
  2.494160e+03  4.957460e-02
  2.429550e+03  8.389570e-02
  2.366620e+03  7.626830e-02
  2.305320e+03  6.482840e-02
  2.245600e+03  9.914980e-02
  2.187430e+03  9.533500e-02
  2.130770e+03  1.144025e-01
  2.075580e+03  1.296550e-01
  2.021810e+03  1.487220e-01
  1.969440e+03  1.258420e-01
  1.918430e+03  1.639775e-01
  1.868730e+03  1.792285e-01
  1.820330e+03  1.944825e-01
  1.773170e+03  2.516845e-01
  1.727240e+03  2.516840e-01
  1.682500e+03  2.173640e-01
  1.638920e+03  3.050710e-01
  1.596470e+03  3.698995e-01
  1.555110e+03  3.813395e-01
  1.514830e+03  3.622725e-01
  1.475590e+03  4.347270e-01
  1.437370e+03  4.766755e-01
  1.400140e+03  4.652340e-01
  1.363870e+03  5.720095e-01
  1.328540e+03  5.872670e-01
  1.294120e+03  7.588715e-01
  1.260600e+03  8.542055e-01
  1.227950e+03  8.503890e-01
  1.196140e+03  9.609815e-01
  1.165160e+03  1.033440e+00
  1.134980e+03  1.136400e+00
  1.105580e+03  1.353765e+00
  1.076940e+03  1.513920e+00
  1.049040e+03  1.563500e+00
  1.021870e+03  1.712220e+00
  9.953980e+02  2.101180e+00
  9.696140e+02  2.448195e+00
  9.444970e+02  2.425320e+00
  9.200320e+02  2.898185e+00
  8.962000e+02  3.149870e+00
  8.729850e+02  3.462580e+00
  8.503720e+02  4.004070e+00
  8.283450e+02  4.576080e+00
  8.068880e+02  5.251055e+00
  7.859870e+02  6.086195e+00
  7.656270e+02  6.444645e+00
  7.457950e+02  7.466635e+00
  7.264760e+02  7.680200e+00
  7.076580e+02  9.312290e+00
  6.893270e+02  1.049070e+01
  6.714710e+02  1.167290e+01
  6.540780e+02  1.275205e+01
  6.371350e+02  1.487615e+01
  6.206310e+02  1.627945e+01
  6.045550e+02  1.890300e+01
  5.888950e+02  2.058465e+01
  5.736410e+02  2.337625e+01
  5.587810e+02  2.620575e+01
  5.443070e+02  2.926405e+01
  5.302080e+02  3.249020e+01
  5.164740e+02  3.640265e+01
  5.030950e+02  4.039935e+01
  4.900630e+02  4.559305e+01
  4.773690e+02  5.085545e+01
  4.650040e+02  5.725830e+01
  4.529580e+02  6.284860e+01
  4.412250e+02  7.079585e+01
  4.297960e+02  7.788879e+01
  4.186630e+02  8.807430e+01
  4.078180e+02  9.689070e+01
  3.972540e+02  1.083535e+02
  3.869640e+02  1.223260e+02
  3.769400e+02  1.355015e+02
  3.671770e+02  1.500460e+02
  3.576650e+02  1.667835e+02
  3.484010e+02  1.853115e+02
  3.393760e+02  2.069345e+02
  3.305850e+02  2.278470e+02
  3.220220e+02  2.501970e+02
  3.136800e+02  2.736415e+02
  3.055550e+02  3.043055e+02
  2.976400e+02  3.353005e+02
  2.899300e+02  3.703350e+02
  2.824200e+02  4.089685e+02
  2.751040e+02  4.507480e+02
  2.679780e+02  4.932710e+02
  2.610370e+02  5.447110e+02
  2.542750e+02  5.944025e+02
  2.476890e+02  6.542760e+02
  2.412730e+02  7.179260e+02
  2.350230e+02  7.895385e+02
  2.289350e+02  8.677125e+02
  2.230050e+02  9.481415e+02
  2.172280e+02  1.031715e+03
  2.116010e+02  1.124890e+03
  2.061200e+02  1.225390e+03
  2.007810e+02  1.329000e+03
  1.955800e+02  1.449340e+03
  1.905140e+02  1.578660e+03
  1.855790e+02  1.720075e+03
  1.807720e+02  1.860355e+03
  1.760890e+02  2.016180e+03
  1.715280e+02  2.169400e+03
  1.670850e+02  2.327680e+03
  1.627570e+02  2.480975e+03
  1.585410e+02  2.649445e+03
  1.544340e+02  2.809575e+03
  1.504340e+02  2.981590e+03
  1.465370e+02  3.145245e+03
  1.427410e+02  3.321580e+03
  1.390440e+02  3.488245e+03
  1.354420e+02  3.652665e+03
  1.319340e+02  3.816410e+03
  1.285160e+02  3.974940e+03
  1.251870e+02  4.129030e+03
  1.219440e+02  4.280255e+03
  1.187850e+02  4.418000e+03
  1.157090e+02  4.551565e+03
  1.127110e+02  4.683360e+03
  1.097920e+02  4.800625e+03
  1.069480e+02  4.897210e+03
  1.041770e+02  4.991220e+03
  1.014790e+02  5.049250e+03
  9.885030e+01  5.110920e+03
  9.628970e+01  5.135090e+03
  9.379550e+01  5.134590e+03
  9.136590e+01  5.128550e+03
  8.899920e+01  5.084425e+03
  8.669380e+01  5.001945e+03
  8.444820e+01  4.903850e+03
  8.226070e+01  4.775485e+03
  8.012980e+01  4.620225e+03
  7.805420e+01  4.441005e+03
  7.603240e+01  4.218315e+03
  7.406290e+01  3.986230e+03
  7.214440e+01  3.731590e+03
  7.027560e+01  3.475645e+03
  6.845520e+01  3.178455e+03
  6.668200e+01  2.891485e+03
  6.495470e+01  2.614810e+03
  6.327220e+01  2.367475e+03
  6.163320e+01  2.138410e+03
  6.003670e+01  1.914435e+03
  5.848160e+01  1.722480e+03
  5.696670e+01  1.546625e+03
  5.549110e+01  1.381450e+03
  5.405370e+01  1.186720e+03
  5.265350e+01  9.945720e+02
  5.128960e+01  8.331435e+02
  4.996100e+01  6.896380e+02
  4.866690e+01  5.476840e+02
  4.740620e+01  4.280015e+02
  4.617830e+01  3.365860e+02
  4.498210e+01  2.647385e+02
  4.381690e+01  2.221955e+02
  4.268190e+01  1.921580e+02
  4.157630e+01  1.655370e+02
  4.049930e+01  1.398000e+02
  3.945030e+01  1.217425e+02
  3.842840e+01  1.104630e+02
  3.743290e+01  9.924380e+01
  3.646330e+01  9.004590e+01
  3.551880e+01  8.189290e+01
  3.459870e+01  7.553200e+01
  3.370250e+01  6.627310e+01
  3.282950e+01  6.115175e+01
  3.197910e+01  5.485575e+01
  3.115070e+01  5.083270e+01
  3.034380e+01  4.873145e+01
  2.955780e+01  4.505535e+01
  2.879220e+01  4.179115e+01
  2.804640e+01  3.983105e+01
  2.731990e+01  3.819125e+01
  2.661220e+01  3.779455e+01
  2.592290e+01  3.697475e+01
  2.525140e+01  3.537690e+01
  2.459730e+01  3.508330e+01
  2.396010e+01  3.467150e+01
  2.333950e+01  3.522830e+01
  2.273490e+01  3.488495e+01
  2.214600e+01  3.508340e+01
  2.157230e+01  3.526635e+01
  2.101350e+01  3.478210e+01
  2.046920e+01  3.563620e+01
  1.993900e+01  3.588420e+01
  1.942250e+01  3.603295e+01
  1.891940e+01  3.642955e+01
  1.842930e+01  3.733700e+01
  1.795200e+01  3.857635e+01
  1.748690e+01  3.938100e+01
  1.703400e+01  4.131070e+01
  1.659270e+01  4.311050e+01
  1.616290e+01  4.519645e+01
  1.574430e+01  4.659600e+01
  1.533640e+01  4.912800e+01
  1.493920e+01  5.167545e+01
  1.455220e+01  5.335320e+01
  1.417520e+01  5.354395e+01
  1.380800e+01  5.386425e+01
  1.345040e+01  5.478345e+01
  1.310200e+01  5.374995e+01
  1.276260e+01  5.402065e+01
  1.243200e+01  5.429520e+01
  1.211000e+01  5.566805e+01
  1.179630e+01  5.657555e+01
  1.149070e+01  5.822690e+01
  1.119310e+01  5.836025e+01
  1.090310e+01  6.156735e+01
  1.062070e+01  6.332155e+01
  1.034560e+01  6.566670e+01
  1.007760e+01  6.727600e+01
  9.816600e+00  6.973955e+01
  9.562300e+00  7.256525e+01
  9.314600e+00  7.396865e+01
  9.073300e+00  7.878110e+01
  8.838300e+00  8.114915e+01
  8.609300e+00  8.648421e+01
  8.386300e+00  9.061031e+01
  8.169100e+00  9.593765e+01
  7.957500e+00  1.023585e+02
  7.751400e+00  1.049710e+02
  7.550600e+00  1.125565e+02
  7.355000e+00  1.184520e+02
  7.164500e+00  1.204550e+02
  6.978900e+00  1.209310e+02
  6.798100e+00  1.232225e+02
  6.622000e+00  1.241445e+02
  6.450500e+00  1.281910e+02
  6.283400e+00  1.339795e+02
  6.120600e+00  1.368790e+02
  5.962100e+00  1.377895e+02
  5.807600e+00  1.410340e+02
  5.657200e+00  1.448595e+02
  5.510700e+00  1.514375e+02
  5.367900e+00  1.650595e+02
  5.228900e+00  1.674825e+02
  5.093400e+00  1.645220e+02
  4.961500e+00  1.666770e+02
  4.833000e+00  1.996125e+02
  4.707800e+00  2.499005e+02
  4.585800e+00  1.904795e+02
  4.467100e+00  1.790560e+02
  4.351300e+00  1.916960e+02
  4.238600e+00  2.088980e+02
  4.128800e+00  2.229725e+02
  4.021900e+00  4.634190e+02
  3.917700e+00  2.983345e+02
  3.816200e+00  2.026360e+02
  3.717400e+00  2.012030e+02
  3.621100e+00  2.017445e+02
  3.527300e+00  1.973660e+02
  3.435900e+00  1.961120e+02
  3.346900e+00  1.987335e+02
  3.260200e+00  2.030665e+02
  3.175800e+00  2.158965e+02
  3.093500e+00  2.188710e+02
  3.013400e+00  2.255360e+02
  2.935300e+00  2.355615e+02
  2.859300e+00  2.354135e+02
  2.785200e+00  2.422925e+02
  2.713100e+00  2.391270e+02
  2.642800e+00  2.332160e+02
  2.574300e+00  2.532445e+02
  2.507600e+00  2.545520e+02
  2.442700e+00  2.996155e+02
  2.379400e+00  3.158375e+02
  2.317800e+00  3.013625e+02
  2.257700e+00  2.947960e+02
  2.199300e+00  3.204405e+02
  2.142300e+00  2.960190e+02
  2.086800e+00  2.998405e+02
  2.032700e+00  3.307590e+02
  1.980100e+00  3.627760e+02
  1.928800e+00  2.242205e+02
  1.878800e+00  1.911350e+02
  1.830200e+00  3.816390e+02
  1.782800e+00  1.090250e+03
  1.736600e+00  5.073795e+02
  1.691600e+00  3.240825e+02
  1.647800e+00  2.964545e+02
  1.605100e+00  3.049125e+02
  1.563500e+00  3.062965e+02
  1.523000e+00  3.098165e+02
  1.483600e+00  3.156655e+02
  1.445100e+00  3.173930e+02
  1.407700e+00  3.074945e+02
  1.371200e+00  2.722125e+02
  1.335700e+00  3.178050e+02
  1.301100e+00  2.464455e+02
  1.267400e+00  1.769655e+02
  1.234600e+00  2.889385e+02
  1.202600e+00  3.251685e+02
  1.171500e+00  3.055040e+02
  1.141100e+00  3.478440e+02
  1.111600e+00  2.668510e+02
  1.082800e+00  2.068430e+02
  1.054700e+00  3.292945e+02
  1.027400e+00  3.023840e+02
  1.000800e+00  2.374070e+02
  9.749000e-01  2.982990e+02
  9.496000e-01  2.403020e+02
  9.250000e-01  2.665150e+02
  9.010000e-01  2.858155e+02
  8.777000e-01  3.053045e+02
  8.550000e-01  3.165345e+02
  8.328000e-01  3.259510e+02
  8.113000e-01  3.496350e+02
  7.902000e-01  3.486435e+02
  7.698000e-01  3.415010e+02
  7.498000e-01  3.634165e+02
  7.304000e-01  3.516035e+02
  7.115000e-01  3.535720e+02
  6.931000e-01  4.139220e+02
  6.751000e-01  1.119685e+03
  6.576000e-01  1.838615e+03
  6.406000e-01  2.124350e+03
  6.240000e-01  4.964775e+02
  6.078000e-01  4.276935e+02
  5.921000e-01  4.121175e+02
  5.767000e-01  3.793185e+02
  5.618000e-01  3.828470e+02
  5.472000e-01  3.594515e+02
  5.331000e-01  5.493505e+02
  5.193000e-01  5.434720e+02
  5.058000e-01  5.420605e+02
  4.927000e-01  4.267420e+02
  4.799000e-01  4.021495e+02
  4.675000e-01  3.748200e+02
  4.554000e-01  3.576170e+02
  4.436000e-01  4.263085e+02
  4.321000e-01  3.611290e+02
  4.209000e-01  3.952285e+02
  4.100000e-01  4.081175e+02
  3.994000e-01  1.072295e+03
  3.891000e-01  6.059344e+02
  3.790000e-01  6.115295e+02
  3.692000e-01  4.780055e+02
  3.596000e-01  4.405615e+02
  3.503000e-01  4.167335e+02
  3.412000e-01  4.138025e+02
  3.324000e-01  4.279590e+02
  3.238000e-01  3.659110e+02
  3.154000e-01  3.757645e+02
  3.072000e-01  3.925860e+02
  2.992000e-01  5.873630e+02
  2.915000e-01  5.902840e+02
  2.839000e-01  6.502795e+02
  2.766000e-01  5.087360e+02
  2.694000e-01  5.669380e+02
  2.624000e-01  5.432610e+02
  2.556000e-01  4.760870e+02
  2.490000e-01  4.445500e+02
  2.426000e-01  4.054850e+02
  2.363000e-01  3.940880e+02
  2.302000e-01  3.650955e+02
  2.242000e-01  3.450510e+02
  2.184000e-01  3.330130e+02
  2.127000e-01  3.191130e+02
  2.072000e-01  3.064750e+02
  2.019000e-01  2.922065e+02
  1.966000e-01  2.828445e+02
  1.915000e-01  2.685965e+02
  1.866000e-01  2.543460e+02
  1.817000e-01  2.495720e+02
  1.770000e-01  2.364840e+02
  1.725000e-01  2.261580e+02
  1.680000e-01  2.182755e+02
  1.636000e-01  2.095970e+02
  1.594000e-01  1.979045e+02
  1.553000e-01  1.882175e+02
  1.512000e-01  1.787225e+02
  1.473000e-01  1.683925e+02
  1.435000e-01  1.694520e+02
  1.398000e-01  1.466135e+02
  1.362000e-01  1.366655e+02
  1.326000e-01  1.270595e+02
  1.292000e-01  1.170590e+02
  1.259000e-01  1.068045e+02
  1.226000e-01  9.922835e+01
  1.194000e-01  8.922980e+01
  1.163000e-01  8.006235e+01
  1.133000e-01  7.365965e+01
  1.104000e-01  6.693660e+01
  1.075000e-01  5.923355e+01
  1.047000e-01  5.288425e+01
  1.020000e-01  4.714125e+01
  9.940000e-02  4.083395e+01
  9.680000e-02  3.655910e+01
  9.430000e-02  3.120120e+01
  9.190000e-02  2.733065e+01
  8.950000e-02  2.379175e+01
  8.720000e-02  2.058470e+01
  8.490000e-02  1.769420e+01
  8.270000e-02  1.534505e+01
  8.060000e-02  1.349555e+01
  7.850000e-02  1.135645e+01
  7.640000e-02  9.384765e+00
  7.450000e-02  8.477190e+00
  7.250000e-02  7.291225e+00
  7.070000e-02  6.105255e+00
  6.880000e-02  5.685785e+00
  6.700000e-02  5.087080e+00
  6.530000e-02  4.705750e+00
  6.360000e-02  3.950685e+00
  6.200000e-02  3.584600e+00
  6.040000e-02  3.462575e+00
  5.880000e-02  3.298600e+00
  5.730000e-02  3.008780e+00
  5.580000e-02  2.863855e+00
  5.430000e-02  3.050710e+00
  5.290000e-02  2.749470e+00
  5.160000e-02  2.959195e+00
  5.020000e-02  2.657920e+00
  4.890000e-02  2.985880e+00
  4.770000e-02  2.833355e+00
  4.640000e-02  2.577850e+00
  4.520000e-02  2.879115e+00
  4.410000e-02  2.696065e+00
  4.290000e-02  2.871490e+00
  4.180000e-02  2.879120e+00
  4.070000e-02  2.665565e+00
  3.970000e-02  2.711320e+00
  3.860000e-02  2.539725e+00
  3.760000e-02  2.863850e+00
  3.670000e-02  2.848605e+00
  3.570000e-02  2.699895e+00
  3.480000e-02  2.669375e+00
  3.390000e-02  2.795210e+00
  3.300000e-02  2.715130e+00
  3.220000e-02  2.596915e+00
  3.130000e-02  2.322350e+00
  3.050000e-02  2.455840e+00
  2.970000e-02  2.577860e+00
  2.890000e-02  2.314730e+00
  2.820000e-02  2.276585e+00
  2.750000e-02  2.299480e+00
  2.680000e-02  2.333800e+00
  2.610000e-02  2.150760e+00
  2.540000e-02  2.097375e+00
  2.470000e-02  1.952450e+00
  2.410000e-02  1.994400e+00
  2.350000e-02  2.036355e+00
  2.290000e-02  1.902890e+00
  2.230000e-02  1.746540e+00
  2.170000e-02  1.742730e+00
  2.110000e-02  1.807550e+00
  2.060000e-02  1.651205e+00
  2.000000e-02  1.494870e+00
  1.950000e-02  1.479590e+00
  1.900000e-02  1.277495e+00
  1.850000e-02  1.338500e+00
  1.800000e-02  1.258425e+00
  1.760000e-02  1.071576e+00
  1.710000e-02  1.063945e+00
  1.670000e-02  1.025814e+00
  1.630000e-02  8.732705e-01
  1.580000e-02  8.999635e-01
  1.540000e-02  8.427635e-01
  1.500000e-02  7.321745e-01
  1.460000e-02  6.597205e-01
  1.430000e-02  5.948920e-01
  1.390000e-02  5.415030e-01
  1.350000e-02  4.728625e-01
  1.320000e-02  4.156605e-01
  1.280000e-02  2.974445e-01
  1.250000e-02  3.584590e-01
  1.220000e-02  3.279515e-01
  1.190000e-02  2.288035e-01
  1.160000e-02  2.173625e-01
  1.130000e-02  2.097375e-01
  1.100000e-02  1.071580e+00
  1.070000e-02  1.201225e+00
  1.040000e-02  1.018183e+00
  1.010000e-02  4.930735e+00
